Uniprot_position	aminoacid	Position_in_structure	x	y	z	paraz	mtr	paraz3dscore	mtr3dscore	PER3D_OR	PER3D_pvalue	PER3D	Essential3D
73	G	73	25.959	26.252	59.178	-1.3	0.519157648435215	-3.037493015237517	0.5916839060911803	0	1	No-PER3D	No-Essential3D
74	P	74	23.058	24.073	58.722	-1.3	0.561868686868687	-3.037493015237517	0.5903344492422726	0	1	No-PER3D	No-Essential3D
75	P	75	22.714	20.763	60.464	-1.3	0.561868686868687	-3.037493015237517	0.5093313237560039	0	0.5482635342185903	No-PER3D	No-Essential3D
76	G	76	23.318	17.964	57.903	-1.3	0.487135506003431	-3.037493015237517	0.45147194840866994	0	0.30076041311996377	No-PER3D	No-Essential3D
77	S	77	20.784	15.975	55.768	-1.3	0.531835205992509	-3.037493015237517	0.36079166648264455	0.512298267308104	1	No-PER3D	No-Essential3D
78	G	78	21.214	12.277	56.031	-1.3	0.483937115516063	-3.037493015237517	0.14940114758719664	0.512298267308104	1	No-PER3D	No-Essential3D
79	Q	79	20.199	9.122	54.452	-1.3	0.483937115516063	-3.037493015237517	0.044129915698099216	0.512298267308104	1	No-PER3D	No-Essential3D
80	S	80	16.925	8.947	52.587	-1.3	0.528358208955224	-2.9631243797342868	0.046040906109645736	1.0529547584608274	1	No-PER3D	No-Essential3D
81	Q	81	13.634	7.897	53.771	-1.3	0.437037037037037	-2.5593302328908223	-0.1399864247206055	0.693137028351412	1	No-PER3D	No-Essential3D
82	Q	82	11.866	4.869	55.014	-1.3	0.393333333333333	-1.6738176315654931	-0.42311125668810207	0.693137028351412	1	No-PER3D	No-Essential3D
83	H	83	10.189	2.117	53.207	-1.03	0.488468634686347	0.1540394077311679	-1.8355349013773394	9.341986936449393	0.03566762477136135	PER3D	Essential3D
84	I	84	6.638	1.769	51.998	-1.03	0.554621848739496	0.5441371958501445	-1.9617435581615055	15.141548297631948	0.0040871991716609655	PER3D	Essential3D
85	E	85	3.751	2.791	54.194	-0.75	0.485294117647059	0.7652655887852	-2.013776421265927	22.016506823091188	3.8489894050689095e-4	PER3D	Essential3D
86	C	86	0.328	1.265	54.599	1.77	0.482142857142857	1.1777625609941775	-1.9388272694455644	52.981415099941024	1.0500212582812241e-7	PER3D	Essential3D
87	V	87	-2.227	2.911	52.421	-0.47	0.479014598540146	1.2621158744121932	-2.0346613086014593	52.981415099941024	1.0500212582812241e-7	PER3D	Essential3D
88	V	88	-4.809	1.985	55.004	1.21	0.47554347826087	1.196279141988376	-1.1434096330333	69.26999405508305	4.485705462578908e-9	PER3D	Essential3D
89	C	89	-3.221	2.86	58.388	1.77	0.472122302158273	1.2775404802943446	-0.6937693570728174	46.2890448430819	4.665820268652838e-7	PER3D	Essential3D
90	G	90	0.056	4.265	57.149	1.77	0.472122302158273	0.822228965921208	-1.0751464939609463	22.016506823091188	3.8489894050689095e-4	PER3D	Essential3D
91	D	91	2.009	1.656	59.086	1.77	0.472122302158273	0.7022323435937159	-1.3530617674743841	12.127989618990172	0.0123978374873716	PER3D	Essential3D
92	K	92	5.177	0.587	57.305	0.09	0.209080047789725	0.5783905559822117	-1.720578933091886	15.141548297631948	0.0040871991716609655	PER3D	Essential3D
93	S	93	3.834	-1.699	54.64	0.93	0.208928571428571	0.9306351614640351	-2.4243399822363982	22.016506823091188	3.8489894050689095e-4	PER3D	Essential3D
94	S	94	5.113	-5.26	54.701	1.21	0.208928571428571	1.0039213846457453	-2.901919935147278	22.016506823091188	3.8489894050689095e-4	PER3D	Essential3D
95	G	95	5.33	-5.23	50.94	1.77	0	0.9022084038286597	-3.0369163910988837	15.141548297631948	0.0040871991716609655	PER3D	Essential3D
96	K	96	2.84	-5.319	48.12	1.21	0	0.8260741312052202	-2.4988613954602594	22.016506823091188	3.8489894050689095e-4	PER3D	Essential3D
97	H	97	-0.082	-7.31	49.388	1.77	0	1.2775404802943446	-2.1034718605453415	40.346921583770616	1.9675943891540176e-6	PER3D	Essential3D
98	Y	98	-3.231	-7.919	47.418	1.77	0	1.3970811758810182	-1.7985751690586838	25.9401287535898	1.1029267885869951e-4	PER3D	Essential3D
99	G	99	-1.771	-5.711	44.739	1.77	0	0.9421981227823859	-1.6750137073404587	70.26999405508305	7.629438453767152e-4	PER3D	Essential3D
100	Q	100	-1.257	-2.767	47.001	0.09	0	0.9381991508870132	-1.716393353707699	30.258756526499713	3.0199185877977252e-5	PER3D	Essential3D
101	F	101	1.219	-2.027	49.743	-0.19	0	1.1102799102597651	-2.2415336195114755	35.03532166214228	7.894668845371065e-6	PER3D	Essential3D
102	T	102	-0.232	-2.694	53.147	0.65	0	1.3174862545019674	-2.1164931796393964	60.576225923761534	2.2355291305342216e-8	PER3D	Essential3D
103	C	103	1.085	-3.432	56.619	1.77	0	1.3317753848477158	-2.140773081188831	40.346921583770616	1.9675943891540176e-6	PER3D	Essential3D
104	E	104	0.825	-6.813	58.318	0.65	0	1.594338154950839	-2.408773495930216	70.26999405508305	1.4180487281832893e-5	PER3D	Essential3D
105	G	105	-1.999	-5.582	60.481	1.77	0	1.6220233449957264	-1.380075812875329	70.26999405508305	8.58081888487885e-9	PER3D	Essential3D
106	C	106	-4.201	-4.6	57.566	1.77	0	1.6764279626420744	-1.5786778381923452	70.26999405508305	9.129420119534387e-12	PER3D	Essential3D
107	K	107	-2.91	-7.395	55.389	0.09	0	1.7735633326098457	-2.1563285897856264	70.26999405508305	9.129420119534387e-12	PER3D	Essential3D
108	S	108	-4.489	-10.085	57.538	0.93	0.179081632653061	2.1209859746683524	-2.2060693568507967	70.26999405508305	1.8947205228890557e-7	PER3D	Essential3D
109	F	109	-7.453	-7.922	58.485	1.77	0.358163265306122	1.9131249756147606	-1.1860023871024865	70.26999405508305	5.5537305727167495e-11	PER3D	Essential3D
110	F	110	-8.358	-7.641	54.833	1.77	0.471428571428571	1.6400187185249033	-1.3572643394442028	70.26999405508305	3.161354326007992e-10	PER3D	Essential3D
111	K	111	-8.045	-11.365	54.103	1.21	0.468085106382979	1.5680372244081964	-1.1024980212551643	35.03532166214228	7.894668845371065e-6	PER3D	Essential3D
112	R	112	-9.804	-12.67	57.163	1.77	0.468416370106762	1.5860325979373733	-0.5889096651235565	70.26999405508305	2.0890129099600488e-4	PER3D	Essential3D
113	S	113	-12.728	-10.629	56.027	1.21	0.534954407294833	1.5860325979373733	-0.558269110926442	70.26999405508305	3.501354884403156e-6	PER3D	Essential3D
114	V	114	-12.337	-11.151	52.28	1.21	0.530827067669173	1.589888749407911	-0.5622351460332684	70.26999405508305	5.5371426529061774e-5	PER3D	Essential3D
115	R	115	-11.706	-14.842	52.215	1.77	0.534578495709238	1.1884984372473795	-0.032694384041725144	9.341986936449393	0.03566762477136135	PER3D	Essential3D
116	R	116	-14.408	-15.136	54.85	1.21	0.619298245614035	1.7007531041858743	0.3557973761923255	70.26999405508305	0.00929519918283963	PER3D	No-Essential3D
117	N	117	-16.68	-12.86	52.82	0.09	0.619298245614035	1.44206960970396	0.4943470816900178	70.26999405508305	0.031103166496424924	PER3D	No-Essential3D
118	L	118	-17.599	-10.887	55.907	-0.19	0.619718309859155	1.2021312959816042	0.18304035272216393	70.26999405508305	0.00929519918283963	PER3D	No-Essential3D
119	T	119	-19.355	-7.539	55.906	0.09	0.619298245614035	1.4120773204886656	-0.11318481034257867	70.26999405508305	5.5371426529061774e-5	PER3D	Essential3D
120	Y	120	-19.26	-4.88	58.574	1.77	0.615789473684211	1.0191783317683083	0.08325389044290905	9.120405803724545	0.004429100248416624	PER3D	No-Essential3D
121	T	121	-21.695	-2.033	58.848	-0.47	0.615789473684211	0.823478644638512	-0.11548948568020262	4.940281057532865	0.02863569648271691	PER3D	Essential3D
122	C	122	-20.1	1.19	59.935	1.77	0.620141342756184	0.9621929822592489	0.2435995002444115	6.008778849078241	0.011302578191489535	PER3D	No-Essential3D
123	R	123	-22.457	2.62	62.49	0.65	0.620141342756184	0.929893593873547	0.4284390728371728	3.0500917574720323	0.2059765176628331	No-PER3D	No-Essential3D
124	A	124	-20.879	5.947	61.697	-0.75	0.531549722362443	0.8662176567703066	0.7894916807131067	3.0500917574720323	0.2059765176628331	No-PER3D	No-Essential3D
125	N	125	-20.958	8.148	58.625	0.65	0.531549722362443	0.63227780089101	0.4386271929847965	2.2090595925280265	0.3826062310806927	No-PER3D	No-Essential3D
126	R	126	-18.206	5.934	57.292	-0.19	0.528169014084507	1.0461713920620732	0.2749897529525515	6.008778849078241	0.011302578191489535	PER3D	No-Essential3D
127	N	127	-15.82	8.779	57.771	-0.19	0.620141342756184	1.112154428335721	0.35364667095676544	6.008778849078241	0.011302578191489535	PER3D	No-Essential3D
128	C	128	-13.863	7.118	60.559	1.77	0.620141342756184	1.2386436480697889	0.5152371657529757	7.175144290015427	0.004183618893306876	PER3D	No-Essential3D
129	P	129	-10.215	8.01	60.476	0.09	0.624555160142349	1.2151714217273846	0.8196434628730268	12.8318741768202	4.707133972719523e-4	PER3D	No-Essential3D
130	I	130	-8.321	4.833	59.742	1.21	0.629032258064516	1.454923447939086	0.3551030540087487	70.26999405508305	4.1295190883479334e-8	PER3D	No-Essential3D
131	D	131	-4.854	5.655	60.981	0.93	0.626785714285714	1.5112825848161777	0.08722496217079585	70.26999405508305	1.8947205228890557e-7	PER3D	No-Essential3D
132	Q	132	-2.002	3.634	62.458	0.65	0.628571428571429	1.3520927420580764	-0.38521779761076713	70.26999405508305	3.501354884403156e-6	PER3D	Essential3D
133	H	133	-1.714	5.681	65.623	-0.75	0.759712230215827	1.3392389038229502	1.547181799632053	70.26999405508305	0.031103166496424924	PER3D	No-Essential3D
134	H	134	-5.152	4.724	66.788	0.37	0.76028880866426	1.7299955861707865	1.5117144937905138	70.26999405508305	2.0890129099600488e-4	PER3D	No-Essential3D
135	R	135	-6.379	1.638	68.599	1.77	0.76028880866426	1.4282270146815161	1.66363910864908	70.26999405508305	0.0027020927857091957	PER3D	No-Essential3D
136	N	136	-8.747	-0.825	66.957	1.77	0.950361010830325	1.7451495849321983	0.2894542185387379	70.26999405508305	3.501354884403156e-6	PER3D	No-Essential3D
137	Q	137	-10.53	1.492	64.592	0.93	0.947653429602888	1.391682563822265	0.29636505725838824	40.346921583770616	1.9675943891540176e-6	PER3D	No-Essential3D
138	C	138	-13.73	1.049	62.635	1.77	0.639194139194139	1.322100452842782	0.6083232644410071	9.862546307584697	4.791490799958214e-4	PER3D	No-Essential3D
139	Q	139	-14.045	-2.303	60.909	0.93	0.512820512820513	1.4240742361747831	0.32321003576954166	26.227162926447697	6.83529967487584e-7	PER3D	No-Essential3D
140	Y	140	-16.132	-1.386	57.865	0.37	0.255677655677656	1.1361482597079566	0.39417020854311124	8.453775552518678	0.0014576882759647803	PER3D	No-Essential3D
141	C	141	-14.12	1.686	57.024	1.77	0	1.2283745490449869	0.1730020609342043	9.862546307584697	4.791490799958214e-4	PER3D	No-Essential3D
142	R	142	-10.806	-0.059	57.534	1.77	0	1.3565915854403705	-0.2551405450405695	70.26999405508305	5.5537305727167495e-11	PER3D	Essential3D
143	L	143	-11.88	-3.055	55.497	0.65	0.256	1.2756124045590758	-0.5901489720400801	70.26999405508305	3.161354326007992e-10	PER3D	Essential3D
144	K	144	-13.426	-0.95	52.769	0.65	0.426666666666667	1.1803187220068447	-0.3357467228086933	70.26999405508305	4.1295190883479334e-8	PER3D	Essential3D
145	K	145	-10.411	1.306	52.514	1.21	0.423913043478261	1.24524521172859	-0.9102297994730796	70.26999405508305	4.1295190883479334e-8	PER3D	Essential3D
146	C	146	-8.68	-1.741	51.12	1.77	0.427007299270073	1.457065754311607	-1.7742482128484127	70.26999405508305	1.6935826746471548e-9	PER3D	Essential3D
147	L	147	-10.948	-1.883	48.094	0.93	0.425454545454545	1.1901343802954867	-1.385446667554802	12.8318741768202	4.707133972719523e-4	PER3D	Essential3D
148	K	148	-10.628	1.863	47.749	-0.75	0.428571428571429	0.5680086097153791	-1.1338319363315659	6.008778849078241	0.011302578191489535	PER3D	Essential3D
149	V	149	-6.866	2.153	47.966	-0.19	0.431372549019608	1.075956837903469	-1.5032427848463248	11.421597223674574	1.4873324759071888e-4	PER3D	Essential3D
150	G	150	-6.509	-0.597	45.443	0.65	0.428571428571429	0.8016460223420844	-1.1389691031417835	8.453775552518678	0.0014576882759647803	PER3D	Essential3D
151	M	151	-6.292	-3.856	47.397	1.77	0.366596638655462	1.2763227482510169	-1.5650808166928283	46.2890448430819	4.665820268652838e-7	PER3D	Essential3D
152	R	152	-8.076	-6.452	45.337	0.37	0.369312169312169	0.8272276807904237	-0.9439839056959738	9.120405803724545	0.004429100248416624	PER3D	Essential3D
153	R	153	-10.11	-9.347	46.678	0.37	0.325278810408922	0.8651591053862373	-0.2241833552173867	22.016506823091188	3.8489894050689095e-4	PER3D	Essential3D
154	E	154	-9.265	-11.827	43.946	1.21	0.436953807740325	1.046171392062073	0.17726689112868388	12.127989618990172	0.0123978374873716	PER3D	No-Essential3D
155	A	155	-5.727	-11.916	45.21	0.93	0.582605076987099	1.2205880893448624	-0.6292689436943073	15.141548297631948	0.0040871991716609655	PER3D	Essential3D
156	V	156	-7.007	-12.9	48.644	1.77	0.52434456928839	1.4934849626444646	-0.5386497290578828	25.9401287535898	1.1029267885869951e-4	PER3D	Essential3D
157	Q	157	-7.885	-16.25	47.202	1.77	0.655430711610487	1.2621158744121932	0.6255855415466631	6.761491127785823	0.09652706843718081	No-PER3D	No-Essential3D
158	R	158	-5.292	-17.758	44.923	-0.75	0.710526315789474	1.0307467861799218	0.6048680303887579	2.123107732057008	0.5430711610486891	No-PER3D	No-Essential3D
159	G	159	-6.294	-19.787	41.926	-0.19	0.715239477503629	0.7222546685368932	1.6884021988959363	0	1	No-PER3D	No-Essential3D
160	R	160	-9.143	-19.083	39.589	1.77	0.714574898785425	0.04742816119276833	1.673452871931588	0	1	No-PER3D	No-Essential3D
161	M	161	-11.401	-16.332	40.804	-0.75	0.718623481781377	0.5063101861867734	1.159810441948937	2.123107732057008	0.5430711610486891	No-PER3D	No-Essential3D
162	P	162	-14.927	-16.576	39.661	0.09	0.717948717948718	-0.16466016968681374	1.5791922357017603	0	1	No-PER3D	No-Essential3D
163	P	163	-17.092	-13.576	39.349	-1.03	0.713260619977038	-0.4556243261001247	1.531898885131658	0	1	No-PER3D	No-Essential3D
164	T	164	-18.13	-11.412	41.386	-1.03	0.752665245202559	-0.6723867799742982	1.529263351420386	0	1	No-PER3D	No-Essential3D
165	Q	165	-20.894	-8.903	41.708	-0.75	0.709774436090226	-1.6396381071675437	2.030073949506984	0	1	No-PER3D	No-Essential3D
166	P	166	-23.998	-9.644	39.821	-0.75	0.714465408805031	-1.774603408636369	2.7063431319103852	0	1	No-PER3D	No-Essential3D
167	N	167	-24.834	-7.487	36.867	-0.47	0.719191919191919	-1.7071207579019563	2.677433694482582	0.693137028351412	1	No-PER3D	No-Essential3D
168	P	168	-27.798	-5.332	37.349	-1.03	0.754261363636364	-1.9170667824090175	3.4952338275408903	0	0.17138816188755468	No-PER3D	No-Essential3D
169	G	169	-30.227	-4.881	34.526	-0.19	0.864448051948052	-1.9095687101051937	3.635835365304569	0	0.17138816188755468	No-PER3D	No-Essential3D
170	Q	170	-29.578	-1.899	32.368	-0.75	0.897338403041825	-1.3292179137892464	2.7547894476195314	0	0.17138816188755468	No-PER3D	No-Essential3D
171	Y	171	-30.823	1.072	34.287	-1.03	0.900763358778626	-1.4971747333948953	3.4627048309333337	0	0.17138816188755468	No-PER3D	No-Essential3D
172	A	172	-30.158	4.728	33.847	-0.47	0.914728682170543	-1.3863590673981256	3.49239548156147	0	0.17138816188755468	No-PER3D	No-Essential3D
173	L	173	-26.865	5.546	35.444	-1.03	0.921875	-1.219960288790674	3.0073113876477273	0	0.09156673018321676	No-PER3D	No-Essential3D
174	T	174	-25.592	8.931	36.386	-0.19	0.885491939966648	-1.5157963195560396	3.0854343555828425	0	0.17103158578204306	No-PER3D	No-Essential3D
175	N	175	-22.054	9.482	35.259	0.37	0.853365384615385	-1.1636444100230272	2.3728255247958874	0	0.17103158578204306	No-PER3D	No-Essential3D
176	G	176	-20.213	12.054	33.275	0.09	0.847650404070638	-1.2974046641573092	2.488031362174646	0	0.5482635342185903	No-PER3D	No-Essential3D
177	D	177	-21.68	11.353	29.903	-1.3	0.847650404070638	-1.2217486488929523	2.3159912328621255	0	0.050488134731593484	No-PER3D	No-Essential3D
178	P	178	-22.009	12.885	26.552	-1.3	0.848557692307692	-1.4018420998177092	2.3815160765671677	0	0.5482635342185903	No-PER3D	No-Essential3D
179	L	179	-24.486	15.725	26.595	-1.3	0.731782945736434	-1.6388965395770558	2.9753539573507433	0	1	No-PER3D	No-Essential3D
180	N	180	-26.046	14.169	23.56	-1.3	0.645014762661822	-1.8865801148000643	2.5650376633393783	0	1	No-PER3D	No-Essential3D
181	G	181	-25.047	10.934	25.219	0.09	0.687984496124031	-1.4325994984517614	2.4759024753895753	0	0.17138816188755468	No-PER3D	No-Essential3D
182	H	182	-26.179	8.656	22.461	-1.03	0.737024221453287	-1.2601577465441594	1.516905843729047	0	0.30076041311996377	No-PER3D	No-Essential3D
183	C	183	-24.642	10.811	19.809	-0.47	0.732871972318339	-1.684437513957616	1.878968869767276	0	0.30076041311996377	No-PER3D	No-Essential3D
184	Y	184	-21.381	11.301	21.587	-0.19	0.778676470588235	-1.2601577465441594	1.755071272801001	0	0.17103158578204306	No-PER3D	No-Essential3D
185	L	185	-21.048	7.627	22.455	0.09	0.732555123216602	-0.7716930463392248	1.3211085008496077	0	0.17138816188755468	No-PER3D	No-Essential3D
186	S	186	-21.304	7.221	18.72	-0.19	0.640985732814527	-0.7593510292838237	1.1096061561067616	0	0.17138816188755468	No-PER3D	No-Essential3D
187	G	187	-18.692	9.93	18.295	-1.03	0.682170542635659	-1.0088819023438516	1.1603421724888234	0	0.17103158578204306	No-PER3D	No-Essential3D
188	Y	188	-16.443	8.014	20.642	-1.3	0.566280566280566	-0.7659153660798873	0.9232409852673066	0	0.17103158578204306	No-PER3D	No-Essential3D
189	I	189	-16.63	4.906	18.498	-1.3	0.5625	-0.2507181842122318	0.7094258578359511	0	0.050488134731593484	No-PER3D	No-Essential3D
190	S	190	-15.852	6.967	15.434	-0.19	0.5625	-0.7681478748259882	0.7096530378498856	0	0.17138816188755468	No-PER3D	No-Essential3D
191	L	191	-12.714	8.271	17.146	0.37	0.561941251596424	-0.8769140295391002	0.27656146024542966	0	0.30076041311996377	No-PER3D	No-Essential3D
192	L	192	-11.711	4.785	18.128	-0.75	0.51769523252413	-0.3912090685809128	0.16627319783120434	0	0.09156673018321676	No-PER3D	No-Essential3D
193	L	193	-12.041	3.908	14.45	-0.19	0.574675324675325	-0.4964026123727911	0.33668477120252627	0	0.5482635342185903	No-PER3D	No-Essential3D
194	R	194	-10.077	6.913	13.279	-0.47	0.568218298555377	-1.1712486742375576	0.09701606643963893	0	1	No-PER3D	No-Essential3D
195	A	195	-7.236	5.884	15.544	-0.19	0.509939498703544	-0.8380406202294869	-0.2590411928266765	0	0.17138816188755468	No-PER3D	No-Essential3D
196	E	196	-6.444	2.746	13.633	-0.47	0.614227877385772	-0.5062756397049751	-0.3040288120111736	0	0.17138816188755468	No-PER3D	No-Essential3D
197	P	197	-3.478	2.961	11.394	-1.3	0.610198789974071	-0.856839358648359	-0.5613847588193587	0	0.17103158578204306	No-PER3D	No-Essential3D
198	Y	198	-4.74	0.822	8.572	-1.3	0.610198789974071	-0.8664797373247036	-0.35820784679780043	0	0.30076041311996377	No-PER3D	No-Essential3D
199	P	199	-8.277	0.351	7.605	-1.03	0.548818407960199	-0.8394866770309387	0.13508178584738123	0	0.30076041311996377	No-PER3D	No-Essential3D
200	T	200	-8.694	-1.211	11.294	-1.3	0.545229244114003	-0.3861134398519878	0.019335558888166775	0	0.17138816188755468	No-PER3D	No-Essential3D
201	S	201	-10.126	0.295	15.208	-1.3	0.476255088195387	-0.20046729048466527	0.01721971109413041	0	0.17103158578204306	No-PER3D	No-Essential3D
202	R	202	-10.745	0.249	19.618	-0.75	0.597548518896834	0.12309603910520929	0.0607129283230159	0	0.014232825088820218	No-PER3D	No-Essential3D
203	Y	203	-13.606	0.415	23.309	0.09	0.55188679245283	0.1936708867735437	0.366925811095736	0	0.027066038890333946	No-PER3D	No-Essential3D
204	G	204	-14.855	-2.084	27.082	0.09	0.555555555555556	0.5151101215938981	0.29602750297546393	0.23950269768884436	0.26185915769214596	No-PER3D	No-Essential3D
205	S	205	-12.187	-5.418	28.396	-0.47	0.558712121212121	0.6405210232374495	0.25383599793074846	0.20905602375783805	0.15831044236195785	No-PER3D	No-Essential3D
206	Q	206	-9.432	-8.807	27.217	-0.19	0.515734265734266	0.5758961922687519	0.19376727398350976	0.57468087553061	0.7127235640747812	No-PER3D	No-Essential3D
207	C	207	-5.876	-11.152	25.578	-1.3	0.478896103896104	0.34181240760212184	0.184867113319831	0.23950269768884436	0.26185915769214596	No-PER3D	No-Essential3D
208	M	208	-2.62	-12.954	22.89	-1.3	0.475295381310419	0.1519298660443443	0.09815358396460343	0.16471471492345252	0.09416379093546735	No-PER3D	No-Essential3D
209	Q	209	0.544	-13.527	19.527	-1.3	0.474413646055437	-0.11927005341902441	0.1613441832592914	0	0.027066038890333946	No-PER3D	No-Essential3D
210	P	210	5.315	-14.329	18.561	-0.47	0.555555555555556	-0.3166109002520555	0.09126646335513333	0	0.053190317955916944	No-PER3D	No-Essential3D
211	N	211	8.472	-16.219	15.55	-0.75	0.666044776119403	-0.6162973040392021	0.04301477055446466	0	0.09156673018321676	No-PER3D	No-Essential3D
212	N	212	9.784	-15.585	11.201	-1.3	0.527407407407408	-0.4160241173959481	-5.328183784785666e-4	0	0.30076041311996377	No-PER3D	No-Essential3D
213	I	213	10	-14.031	6.943	-1.3	0.520588235294118	-0.5520281128635711	-0.003080638821020991	0	0.30076041311996377	No-PER3D	No-Essential3D
214	M	214	10.903	-13.578	2.453	-0.47	0.589410589410589	-0.6484318996270175	-0.0021829766400471495	0	1	No-PER3D	No-Essential3D
215	G	215	9.81	-10.553	0.079	0.37	0.498732037193576	-0.3550576485446204	0.16856748291936566	0	1	No-PER3D	No-Essential3D
216	I	216	6.085	-9.905	0.82	0.37	0.495104895104895	-0.4095257880659676	-0.05645197721241127	0	1	No-PER3D	No-Essential3D
217	E	217	5.184	-9.344	4.41	-0.19	0.496503496503497	-0.5457386679517313	-0.36943975729903006	0	1	No-PER3D	No-Essential3D
218	N	218	5.895	-12.675	5.939	0.65	0.496503496503497	-0.4841698629599504	-0.1443147558284903	0	0.5482635342185903	No-PER3D	No-Essential3D
219	I	219	3.967	-14.031	8.856	1.21	0.46028880866426	-0.5463057490503398	-0.12737492955983132	0	0.09156673018321676	No-PER3D	No-Essential3D
220	C	220	6.342	-12.595	11.402	-0.19	0.393713813068652	-0.3398882291568428	-0.15704263358498888	0	0.17138816188755468	No-PER3D	No-Essential3D
221	E	221	6.407	-9.214	9.716	0.09	0.365591397849462	-0.2106373602970728	-0.28566541472405077	0	0.17103158578204306	No-PER3D	No-Essential3D
222	L	222	2.666	-9.315	9.71	0.09	0.362715298885512	-0.28817752147747944	-0.34503249186442236	0	0.17138816188755468	No-PER3D	No-Essential3D
223	A	223	2.675	-10.164	13.445	0.37	0.364006100660905	-0.29136228943305764	-0.21685336920559578	0	0.027066038890333946	No-PER3D	No-Essential3D
224	A	224	4.95	-7.255	14.213	-0.47	0.293780687397709	0.038048333291460026	-0.2948597958455421	0.2786049412328616	0.42874042062489537	No-PER3D	No-Essential3D
225	R	225	2.593	-5.019	12.286	0.37	0.362443210499748	-0.17517694642464426	-0.48230521348655875	0	0.17103158578204306	No-PER3D	No-Essential3D
226	L	226	-0.35	-6.245	14.289	0.65	0.340688018979834	-0.19261726784821323	-0.35180250827302084	0	0.09156673018321676	No-PER3D	No-Essential3D
227	L	227	1.471	-5.482	17.534	1.77	0.27355623100304	0.28417792589555774	-0.35980644965922387	0.6817604758756965	1	No-PER3D	No-Essential3D
228	F	228	2.742	-2.114	16.421	0.93	0.25531914893617	0.18400019244098414	-0.5254759143446976	0.8313236008067596	1	No-PER3D	No-Essential3D
229	S	229	-0.658	-1.187	15.11	0.09	0.258064516129032	-0.3406588778293108	-0.49043275923733054	0.4034252377582053	0.6597042218554998	No-PER3D	No-Essential3D
230	A	230	-2.135	-1.868	18.533	0.09	0.259712230215827	0.05809411206872415	-0.24438540299176809	0.57468087553061	0.7127235640747812	No-PER3D	No-Essential3D
231	V	231	0.296	0.456	20.219	0.93	0.260649819494585	0.2188592428721144	-0.428679809525448	0.6817604758756965	1	No-PER3D	No-Essential3D
232	E	232	-0.17	3.096	17.55	0.37	0.329379562043796	-0.4954773747908509	-0.578800054820841	0.6817604758756965	1	No-PER3D	No-Essential3D
233	W	233	-3.924	2.808	17.866	1.77	0.265441176470588	-0.34204313733155517	-0.36152118231324704	0.3306686356859032	0.4214971771543498	No-PER3D	No-Essential3D
234	A	234	-3.644	3.246	21.609	1.77	0.266420664206642	0.22898862626392577	-0.3908789055565837	0.57468087553061	0.7127235640747812	No-PER3D	No-Essential3D
235	R	235	-1.598	6.414	21.205	0.09	0.336753731343284	-0.3275825693170382	-0.704738050529088	0.8313236008067596	1	No-PER3D	No-Essential3D
236	N	236	-4.308	7.851	18.914	-0.19	0.33364312267658	-0.8108576736890667	-0.5877911266720287	0	0.17103158578204306	No-PER3D	No-Essential3D
237	I	237	-7.549	7.107	20.831	0.65	0.332407407407407	-0.3675901408238685	-0.20009170608402146	0	0.17138816188755468	No-PER3D	No-Essential3D
238	P	238	-9.299	9.357	23.188	1.77	0.354567901234568	-0.4193998728920419	0.030493609852447617	0	0.17103158578204306	No-PER3D	No-Essential3D
239	F	239	-8.41	9.314	26.905	-0.75	0.358551810237204	-0.09337979401929582	-0.2738923814876729	0	0.17138816188755468	No-PER3D	No-Essential3D
240	F	240	-5.599	6.787	26.756	1.77	0.334888059701493	0.34949335971823375	-0.5366584743607733	0.3306686356859032	0.4214971771543498	No-PER3D	No-Essential3D
241	P	241	-2.847	9.195	25.921	0.09	0.337078651685393	0.29608344567227846	-1.012911051049879	0.693137028351412	1	No-PER3D	No-Essential3D
242	D	242	-3.976	11.532	28.688	-0.19	0.339285714285714	0.13281437232610666	-0.9527214867985739	0	0.30076041311996377	No-PER3D	No-Essential3D
243	L	243	-3.506	8.811	31.246	1.77	0.357868649318463	0.5926879791268213	-0.6920785134581355	0	0.09156673018321676	No-PER3D	No-Essential3D
244	Q	244	-0.297	8.939	33.281	0.09	0.335501858736059	0.2903657038366533	-0.6248483055563364	0	0.17138816188755468	No-PER3D	No-Essential3D
245	I	245	2.478	7.307	31.328	0.09	0.268401486988848	0.3398529810418891	-0.6063684064927832	0.4034252377582053	0.6597042218554998	No-PER3D	No-Essential3D
246	T	246	3.016	4.647	33.953	-0.47	0.307692307692308	0.38484141486483087	-0.5231343642836609	0.4034252377582053	0.6597042218554998	No-PER3D	No-Essential3D
247	D	247	-0.625	3.665	33.788	0.37	0.304581447963801	0.23300545071240267	-0.32546336755283517	0.2786049412328616	0.42874042062489537	No-PER3D	No-Essential3D
248	Q	248	-0.423	3.51	29.998	0.93	0.406108597285068	0.3208194128860292	-0.39300593507631093	0.49421074605322673	0.49080631727540575	No-PER3D	No-Essential3D
249	V	249	2.494	1.138	30.3	0.37	0.404621020005635	0.4673202102068905	-0.3714663292250397	0.8313236008067596	1	No-PER3D	No-Essential3D
250	S	250	0.741	-0.943	32.932	0.09	0.441574415744157	0.4277849198776387	-0.15019873564595626	0.23950269768884436	0.26185915769214596	No-PER3D	No-Essential3D
251	L	251	-2.323	-1.43	30.76	1.77	0.44320987654321	0.4292709861558105	-0.07164550048435177	0.20905602375783805	0.15831044236195785	No-PER3D	No-Essential3D
252	L	252	-0.383	-2.308	27.608	1.21	0.439950980392157	0.4806549743623785	-0.2684354417789966	0.57468087553061	0.7127235640747812	No-PER3D	No-Essential3D
253	R	253	1.931	-4.684	29.438	0.65	0.442804428044281	0.16953962442646717	-0.023837296612453568	0.8313236008067596	1	No-PER3D	No-Essential3D
254	L	254	-1.047	-6.759	30.542	-0.47	0.487542087542088	0.1968540306761103	0.18781774298036985	0.20905602375783805	0.15831044236195785	No-PER3D	No-Essential3D
255	T	255	-3.175	-6.382	27.401	-0.47	0.558641975308642	0.5122620721521686	0.05234854532306999	0.23950269768884436	0.26185915769214596	No-PER3D	No-Essential3D
256	W	256	-0.796	-6.423	24.449	0.37	0.445679012345679	0.3503113312422873	-0.1236111809479904	0.3058448666271128	0.211407568426346	No-PER3D	No-Essential3D
257	S	257	-1.439	-10.001	23.689	-0.19	0.563358302122347	0.2870018270219288	-0.037658368140038034	0.18467658361502304	0.09666676269546486	No-PER3D	No-Essential3D
258	E	258	-5.177	-9.28	23.712	1.77	0.565476190476191	0.43103489602231554	0.04516806220245957	0.23950269768884436	0.26185915769214596	No-PER3D	No-Essential3D
259	L	259	-5.007	-6.568	21.271	0.09	0.616883116883117	0.3641324532637942	-0.2068592460458845	0.20905602375783805	0.15831044236195785	No-PER3D	No-Essential3D
260	F	260	-2.73	-8.786	19.293	0.93	0.621556473829201	0.29996827710642404	-0.18932588825631094	0.23950269768884436	0.26185915769214596	No-PER3D	No-Essential3D
261	V	261	-5.343	-11.511	18.972	0.37	0.626301179736294	0.14118556949604175	0.018416312148274903	0	0.014232825088820218	No-PER3D	No-Essential3D
262	L	262	-8.062	-8.987	18.143	0.65	0.576309067688378	0.20339571620648703	0.06753887447740976	0	0.053190317955916944	No-PER3D	No-Essential3D
263	N	263	-5.978	-7.438	15.39	0.65	0.461047254150702	-0.06223114625065192	-0.08544246081475479	0	0.09156673018321676	No-PER3D	No-Essential3D
264	A	264	-5.056	-10.834	14.015	0.37	0.423957721667645	-0.04180139027665411	-0.1058361932040487	0	0.09156673018321676	No-PER3D	No-Essential3D
265	A	265	-8.714	-11.795	13.687	0.09	0.462820512820513	0.09867438468281098	0.33342707837846614	0	0.17138816188755468	No-PER3D	No-Essential3D
266	Q	266	-9.635	-8.451	12.221	0.37	0.348455598455598	-0.2590864428756254	0.333351549514178	0	0.09156673018321676	No-PER3D	No-Essential3D
267	C	267	-6.83	-8.625	9.665	-0.47	0.344465648854962	-0.2336977202077334	-0.014488551965170486	0	0.17103158578204306	No-PER3D	No-Essential3D
268	S	268	-7.386	-12.277	8.793	0.09	0.378671328671329	-0.2944344980222223	0.11747450868018407	0	0.17138816188755468	No-PER3D	No-Essential3D
269	M	269	-3.772	-13.081	9.581	0.37	0.43005643005643	-0.20011188481917788	-0.14185753024982417	0	0.17103158578204306	No-PER3D	No-Essential3D
270	P	270	-3.073	-16.464	8.018	-0.75	0.426760978485116	0.003153829494000355	-0.13603982260408476	0	0.30076041311996377	No-PER3D	No-Essential3D
271	L	271	-3.564	-18.976	10.881	0.37	0.426760978485116	-0.18614444216552467	0.13431755265031764	0	0.17103158578204306	No-PER3D	No-Essential3D
272	H	272	-2.422	-22.452	9.864	-0.47	0.493456924754635	-0.21690480251345567	0.06587615220861133	0	0.17138816188755468	No-PER3D	No-Essential3D
273	V	273	0.542	-20.923	8.046	-0.47	0.491580662683324	-0.3554019477830613	0.012718840720624154	0	0.30076041311996377	No-PER3D	No-Essential3D
274	A	274	3.203	-23.554	7.831	0.09	0.430133079847909	-0.6824862243018973	-0.14623395448398072	0	0.17103158578204306	No-PER3D	No-Essential3D
275	P	275	1.893	-26.867	6.959	0.09	0.512264150943396	-0.73134677709629	-0.3207381408045595	0	0.30076041311996377	No-PER3D	No-Essential3D
276	L	276	-1.189	-26.454	9.026	1.49	0.476733977172959	-0.7952123453321707	-0.13859828172922548	0	0.17103158578204306	No-PER3D	No-Essential3D
277	L	277	-3.888	-25.775	6.511	1.77	0.477585829870982	-0.5774436566466616	-0.21641494200048506	0	0.30076041311996377	No-PER3D	No-Essential3D
278	A	278	-7.617	-25.971	6.186	1.49	0.477585829870982	-0.4427089862466486	-0.30799985771140914	0	0.30076041311996377	No-PER3D	No-Essential3D
279	A	279	-8.735	-29.126	4.503	0.09	0.399081565711787	-0.5014307314471198	-0.4452182743947417	0	0.5482635342185903	No-PER3D	No-Essential3D
280	A	280	-11.57	-29.636	2.094	-0.47	0.39760348583878	-0.553780908986543	-0.5350618457338031	0	1	No-PER3D	No-Essential3D
281	G	281	-14.253	-32.151	2.841	-1.03	0.399081565711787	-0.8973289490890065	-0.5669336510401884	0	1	No-PER3D	No-Essential3D
282	L	282	-16.585	-32.442	5.761	0.65	0.374128741287413	-0.829846298354594	-0.5075413764976147	0	1	No-PER3D	No-Essential3D
283	H	283	-13.667	-33.309	7.94	-0.75	0.446078431372549	-0.8973289490890065	-0.5669336510401884	0	1	No-PER3D	No-Essential3D
284	A	284	-10.492	-31.456	7.224	-0.47	0.44649446494465	-0.3124793093907649	-0.4878035520126859	0	1	No-PER3D	No-Essential3D
285	S	285	-7.334	-33.463	7.464	-0.75	0.443627450980392	-0.4345907726244637	-0.49129384721000496	0	1	No-PER3D	No-Essential3D
286	P	286	-3.838	-32.332	7.914	-0.47	0.36968954248366	-0.6273983461513565	-0.4163509281782365	0	0.5482635342185903	No-PER3D	No-Essential3D
287	M	287	-1.492	-32.63	4.998	-0.19	0.39143598615917	-0.5786293716710248	-0.4902682226441474	0	0.30076041311996377	No-PER3D	No-Essential3D
288	S	288	1.986	-33.969	5.35	-0.75	0.332720588235294	-0.605151318436715	-0.5801242629952126	0	1	No-PER3D	No-Essential3D
289	A	289	4.755	-31.59	4.508	0.09	0.39143598615917	-0.6466791035040458	-0.5628093366463858	0	1	No-PER3D	No-Essential3D
290	D	290	8.424	-32.055	3.967	-0.19	0.393246187363834	-1.1951095348694298	-0.7033954517358666	0	1	No-PER3D	No-Essential3D
291	R	291	8.916	-29.598	6.747	-1.3	0.393246187363834	-0.8057453516637323	-0.5060497490279249	0	1	No-PER3D	No-Essential3D
292	V	292	6.442	-27.863	8.971	-0.47	0.393246187363834	-0.8352020642858966	-0.30174719352503304	0	0.5482635342185903	No-PER3D	No-Essential3D
293	V	293	7.621	-24.668	10.449	-0.47	0.393246187363834	-0.9698613219872185	0.06828057198776664	0	0.30076041311996377	No-PER3D	No-Essential3D
294	A	294	5.727	-24.631	13.663	-0.47	0.471895424836601	-0.8943626787270542	0.1504432083838981	0	0.17103158578204306	No-PER3D	No-Essential3D
295	F	295	4.712	-26.383	16.842	0.37	0.497702205882353	-0.8009251623255601	0.23275814051911994	0	0.17138816188755468	No-PER3D	No-Essential3D
296	M	296	1.011	-27.168	16.607	-0.19	0.498611111111111	-0.5200967400146509	0.15736928012214282	0	0.30076041311996377	No-PER3D	No-Essential3D
297	D	297	-0.23	-26.896	20.163	-0.47	0.533333333333333	-0.29534085841059665	0.38843237041162176	0	0.17138816188755468	No-PER3D	No-Essential3D
298	H	298	0.796	-23.313	20.036	-1.3	0.577435661764706	-0.5595832685660356	0.2974321591360433	0	0.053190317955916944	No-PER3D	No-Essential3D
299	I	299	-0.746	-22.975	16.624	-1.3	0.57421875	-0.4478118633805935	0.24485576833183506	0	0.053190317955916944	No-PER3D	No-Essential3D
300	R	300	-3.97	-24.572	17.725	0.09	0.558394160583942	-0.09759666585137278	0.40311046097751224	0	0.17103158578204306	No-PER3D	No-Essential3D
301	I	301	-4.557	-22.428	20.804	-0.19	0.554805194805195	-0.39204013570818386	0.3564841123282138	0	0.050488134731593484	No-PER3D	No-Essential3D
302	F	302	-4.128	-19.011	19.16	0.93	0.597482517482518	-0.269389738034376	0.32148637408344005	0	0.00781794536173271	No-PER3D	No-Essential3D
303	Q	303	-6.364	-20.326	16.366	0.65	0.533995186522262	-0.15111152938492395	0.35413688388680103	0	0.053190317955916944	No-PER3D	No-Essential3D
304	E	304	-9.638	-20.959	18.174	1.77	0.496503496503497	-0.33447914790857697	0.4530686214774843	0	0.17103158578204306	No-PER3D	No-Essential3D
305	Q	305	-9.883	-17.438	19.429	0.09	0.584650856389987	0.18447786886188403	0.24761350584417627	0.2786049412328616	0.42874042062489537	No-PER3D	No-Essential3D
306	V	306	-9.314	-15.964	16.054	0.93	0.514079422382672	-0.17074882990345247	0.3539040667546104	0	0.050488134731593484	No-PER3D	No-Essential3D
307	E	307	-11.815	-18.359	14.53	-0.75	0.573268921095008	-0.137524288968214	0.3842110919652166	0	0.17138816188755468	No-PER3D	No-Essential3D
308	K	308	-14.528	-17.65	17.061	-0.47	0.575353535353535	0.5063101861867734	0.3126387119751605	0.693137028351412	1	No-PER3D	No-Essential3D
309	L	309	-14.274	-13.918	16.536	0.93	0.575353535353535	0.7068300626547418	0.12995705566790908	0.512298267308104	1	No-PER3D	No-Essential3D
310	K	310	-14.4	-14.463	12.797	-0.47	0.648351648351648	0.2595164920723505	0.30731455116820583	0	0.30076041311996377	No-PER3D	No-Essential3D
311	A	311	-17.376	-16.754	13.283	-0.47	0.648351648351648	0.2960484533721828	0.3642996489420339	0	0.5482635342185903	No-PER3D	No-Essential3D
312	L	312	-19.236	-13.955	15.034	1.21	0.518681318681319	0.6142824273618332	0.08239796838329763	2.164497051912239	0.5915333106344343	No-PER3D	No-Essential3D
313	H	313	-18.426	-11.756	12.066	-0.75	0.644160583941606	0.3366395214831076	0.30354902996579886	0	0.5482635342185903	No-PER3D	No-Essential3D
314	V	314	-17.305	-9.011	14.36	0.93	0.515328467153285	0.39888882379321877	0.051549526169215265	0	0.17138816188755468	No-PER3D	No-Essential3D
315	D	315	-17.321	-5.753	12.446	1.77	0.517216117216117	0.0965629944463959	0.25095691179700524	0	0.17138816188755468	No-PER3D	No-Essential3D
316	S	316	-14.799	-2.928	12.461	-0.75	0.474074074074074	-0.38784954267855026	0.47342163485444744	0	0.09156673018321676	No-PER3D	No-Essential3D
317	A	317	-16.693	-0.874	15.001	0.09	0.523420074349443	-0.36964506364698396	0.528820855362029	0	0.09156673018321676	No-PER3D	No-Essential3D
318	E	318	-17.081	-3.83	17.305	1.77	0.527340823970038	0.2525426011149948	0.26589082220228777	0	0.053190317955916944	No-PER3D	No-Essential3D
319	Y	319	-13.397	-4.699	16.994	0.65	0.531320754716981	0.19459149282349883	0.3410736867394064	0	0.027066038890333946	No-PER3D	No-Essential3D
320	S	320	-12.683	-1.186	17.944	0.93	0.44110275689223	0.0491809573157401	0.26718859135899287	0	0.050488134731593484	No-PER3D	No-Essential3D
321	C	321	-14.887	-1.296	20.994	0.65	0.395505617977528	0.16311270530890404	0.4631251330608943	0	0.053190317955916944	No-PER3D	No-Essential3D
322	L	322	-13.516	-4.678	21.997	1.21	0.478038815117467	0.486488214592605	0.24127326271222413	0.3812977652982842	0.3241314863807278	No-PER3D	No-Essential3D
323	K	323	-9.957	-3.378	21.901	1.21	0.50561797752809	0.38264273200882243	0.08368420156014171	0.23950269768884436	0.26185915769214596	No-PER3D	No-Essential3D
324	A	324	-10.628	-0.279	24.099	1.21	0.569272237196766	0.26898774129823294	0.14443151954817676	0.18467658361502304	0.09666676269546486	No-PER3D	No-Essential3D
325	I	325	-12.365	-2.77	25.962	1.49	0.51088534107402	0.5614531522154647	0.2602758576660774	0	0.014232825088820218	No-PER3D	No-Essential3D
326	V	326	-9.498	-4.798	26.698	0.65	0.49811320754717	0.5934592094209289	0.17348446591980807	0.20905602375783805	0.15831044236195785	No-PER3D	No-Essential3D
327	L	327	-7.201	-1.853	27.163	0.09	0.494830827067669	0.5596414886000611	-0.05513057715514514	0.16471471492345252	0.09416379093546735	No-PER3D	No-Essential3D
328	F	328	-9.183	-0.062	29.872	1.77	0.547459893048128	0.4357977021540811	0.1101460034321533	0.13397928399770834	0.03145513955078932	No-PER3D	No-Essential3D
329	T	329	-8.934	-2.961	32.356	-0.19	0.498579545454546	0.4036839731867772	0.22957790376886197	0.12189933113972705	0.030979125765844048	No-PER3D	No-Essential3D
330	S	330	-8.58	-2.306	36.065	0.65	0.495283018867925	0.25737418569982945	0.06844262362343213	0.5916889284252186	0.5365680913073451	No-PER3D	No-Essential3D
331	D	331	-6.867	-5.678	36.328	1.21	0.498579545454546	0.5475936901654728	-0.23251371676992452	0.5916889284252186	0.5365680913073451	No-PER3D	No-Essential3D
332	A	332	-3.505	-4.174	35.45	-0.75	0.500475285171103	0.2641906150669418	-0.3008814861847968	0.20905602375783805	0.15831044236195785	No-PER3D	No-Essential3D
333	C	333	-1.099	-3.942	38.322	-0.19	0.486593843098312	0.5602963067743034	-1.0760405194905613	3.65610644193995	0.07039883461840232	No-PER3D	No-Essential3D
334	G	334	0.219	-0.594	39.504	0.93	0.487041467304625	0.4523240655992433	-1.2586376408589763	2.92875961579727	0.14093922930525551	No-PER3D	No-Essential3D
335	L	335	-2.612	1.64	38.319	0.93	0.484250398724083	0.3511000894976246	-0.5104061444458025	0.8912287294275694	1	No-PER3D	No-Essential3D
336	S	336	-2.623	5.143	39.746	-0.19	0.529770992366412	0.05781010745960112	-0.6327055947052155	0	0.17138816188755468	No-PER3D	No-Essential3D
337	D	337	-6.239	5.945	38.994	0.65	0.526792452830189	0.05208213710548649	-0.15512926141138145	0	0.050488134731593484	No-PER3D	No-Essential3D
338	A	338	-8.339	2.821	38.969	-0.19	0.497948992331015	0.3263564508950066	-0.03886446923240597	0.49421074605322673	0.49080631727540575	No-PER3D	No-Essential3D
339	A	339	-11.624	4.681	39.095	-0.47	0.497948992331015	0.020435100899003425	0.3422425136960774	0	0.17138816188755468	No-PER3D	No-Essential3D
340	H	340	-10.813	6.645	35.974	-0.75	0.511480214948706	0.09241659501571008	0.3615459708676325	0	0.050488134731593484	No-PER3D	No-Essential3D
341	I	341	-9.829	3.556	34.048	1.21	0.54874213836478	0.2440918861901991	0.15468223829928995	0	0.00781794536173271	No-PER3D	No-Essential3D
342	E	342	-12.975	1.792	35.145	-0.47	0.548245614035088	0.21962526996333814	0.6527604364640941	0	0.053190317955916944	No-PER3D	No-Essential3D
343	S	343	-15.056	4.704	33.992	-0.47	0.594143684031324	-0.18325232856262128	1.1760301217323392	0	0.053190317955916944	No-PER3D	No-Essential3D
344	L	344	-13.322	4.496	30.653	0.93	0.538277511961723	0.09589060534952792	0.5774571085879711	0	0.00781794536173271	No-PER3D	No-Essential3D
345	Q	345	-14.122	0.799	30.429	0.93	0.559701492537313	0.2314717541048024	0.4258092748706158	0	0.014232825088820218	No-PER3D	No-Essential3D
346	E	346	-17.722	1.586	31.286	-0.47	0.561797752808989	0.00302399274415063	1.1205343037046227	0	0.027066038890333946	No-PER3D	No-Essential3D
347	K	347	-17.907	4.208	28.559	0.37	0.557620817843866	-0.38317541968395896	1.304454788006083	0	0.050488134731593484	No-PER3D	No-Essential3D
348	S	348	-16.457	1.786	26.181	0.37	0.555555555555555	0.11470569748725867	0.5940775571621753	0	0.027066038890333946	No-PER3D	No-Essential3D
349	Q	349	-18.854	-1.053	27.013	0.93	0.530753632984116	0.3993019828793477	0.41822700645650784	0.20905602375783805	0.15831044236195785	No-PER3D	No-Essential3D
350	C	350	-21.81	1.332	27.008	0.65	0.509571706683972	-0.30011984954929743	1.3391054422143027	0	0.014232825088820218	No-PER3D	No-Essential3D
351	A	351	-20.814	2.432	23.539	-0.19	0.510586714077905	-0.32854660718467266	0.9525941542983885	0	0.09156673018321676	No-PER3D	No-Essential3D
352	L	352	-20.604	-1.111	22.284	0.93	0.539815447710185	0.15975953011713204	0.3977325180440472	0.3306686356859032	0.4214971771543498	No-PER3D	No-Essential3D
353	E	353	-23.978	-1.972	23.674	0.37	0.505050505050505	0.16793289464707634	0.27515901903753553	0.2786049412328616	0.42874042062489537	No-PER3D	No-Essential3D
354	E	354	-25.595	0.966	22.002	-0.19	0.493571715548413	-0.33880894577562015	0.7062191858308144	0	0.09156673018321676	No-PER3D	No-Essential3D
355	Y	355	-23.896	0.23	18.71	0.93	0.472833408172429	-0.13403779036195426	0.5214219124540586	0	0.17138816188755468	No-PER3D	No-Essential3D
356	V	356	-24.888	-3.416	18.755	0.09	0.471486304445442	0.4120097547708929	-0.1400307640810854	0.512298267308104	1	No-PER3D	No-Essential3D
357	R	357	-28.476	-2.713	19.68	0.09	0.478462377317339	0.13097810972108856	-0.19761448279039032	0.693137028351412	1	No-PER3D	No-Essential3D
358	S	358	-28.815	-0.233	16.86	-0.75	0.482142857142857	-0.11752942949135108	-0.08270569886432025	0	0.5482635342185903	No-PER3D	No-Essential3D
359	Q	359	-26.989	-2.079	14.086	0.09	0.385714285714286	0.39833794501171327	-0.13031969154089434	0	1	No-PER3D	No-Essential3D
360	Y	360	-27.924	-5.578	15.281	0.37	0.36	0.3173587641304183	-0.19970685043957925	0	0.5482635342185903	No-PER3D	No-Essential3D
361	P	361	-31.547	-5.305	16.478	-0.19	0.340116279069767	0.002439727369826709	-0.5179049219545039	0	1	No-PER3D	No-Essential3D
362	N	362	-32.367	-8.684	14.939	0.37	0.341439688715953	-0.04254870645311492	-0.6898863630585362	0	1	No-PER3D	No-Essential3D
363	Q	363	-29.553	-10.336	16.887	0.37	0.4125	0.3511000894976246	-0.6357938890491378	2.123107732057008	0.5430711610486891	No-PER3D	No-Essential3D
364	P	364	-30.316	-9.858	20.505	0.09	0.407596109309866	0.18239346266159331	-0.5946167937633603	2.123107732057008	0.5430711610486891	No-PER3D	No-Essential3D
365	S	365	-27.759	-11.613	22.627	-0.19	0.381944444444444	0.7540112100589698	-0.6557340981521941	4.363337215030688	0.24191351719441603	No-PER3D	No-Essential3D
366	R	366	-25.005	-10.354	20.301	1.77	0.434210526315789	0.645131639126136	-0.29520566433521284	1.0549156315864454	1	No-PER3D	No-Essential3D
367	F	367	-23.726	-7.917	22.87	0.93	0.361842105263158	0.6885133431696872	-0.3542327652711696	0.8313236008067596	1	No-PER3D	No-Essential3D
368	G	368	-23.33	-10.656	25.414	0.93	0.377540106951872	0.9381991508870132	-0.3099066739034976	4.363337215030688	0.24191351719441603	No-PER3D	No-Essential3D
369	K	369	-21.63	-12.877	22.886	0.65	0.39202657807309	0.9381991508870132	-0.19956592301989132	1.426132763958631	0.6556530816394938	No-PER3D	No-Essential3D
370	L	370	-19.062	-10.206	22.164	1.49	0.417156286721504	0.8572199700057181	0.03838459001785835	0.6817604758756965	1	No-PER3D	No-Essential3D
371	L	371	-18.333	-9.692	25.835	1.77	0.394241417497231	1.1192114375628492	-0.10968587066201271	0.49421074605322673	0.49080631727540575	No-PER3D	No-Essential3D
372	L	372	-17.994	-13.426	26.372	1.21	0.344961240310078	1.0412635629177522	-0.3089603784628236	1.0549156315864454	1	No-PER3D	No-Essential3D
373	R	373	-15.086	-13.393	23.931	0.09	0.342664092664093	0.893244542954164	0.1288358804275439	0.8313236008067596	1	No-PER3D	No-Essential3D
374	L	374	-13.127	-11.479	26.517	1.77	0.344961240310078	0.6357518112248278	0.06104423861625636	0.57468087553061	0.7127235640747812	No-PER3D	No-Essential3D
375	P	375	-12.394	-14.152	29.101	1.77	0.36555396272783103	0.5214134461130464	0.07580026006423793	0.512298267308104	1	No-PER3D	No-Essential3D
376	S	376	-10.924	-16.345	26.408	0.65	0.36515707874337	0.6155678111853459	0.10407546952943748	0.2786049412328616	0.42874042062489537	No-PER3D	No-Essential3D
377	L	377	-8.753	-13.479	25.298	1.77	0.416279069767442	0.4097270435409762	0.19775205240731536	0.20905602375783805	0.15831044236195785	No-PER3D	No-Essential3D
378	R	378	-7.35	-13.169	28.779	0.93	0.439893508089289	0.2817185762966593	0.17065538091059843	0.4034252377582053	0.6597042218554998	No-PER3D	No-Essential3D
379	T	379	-6.574	-16.889	28.788	-0.19	0.441611842105263	0.22540438290990017	0.20229865609070774	0	0.050488134731593484	No-PER3D	No-Essential3D
380	V	380	-4.353	-16.912	25.734	0.93	0.466145833333333	-0.0698631127027581	0.2885911443857215	0	0.053190317955916944	No-PER3D	No-Essential3D
381	S	381	-0.724	-17.216	26.656	0.37	0.496323529411765	-0.511091842120618	0.3460862176926182	0	0.053190317955916944	No-PER3D	No-Essential3D
382	S	382	1.622	-14.353	26.022	-0.47	0.496323529411765	-0.17016895750186783	0.3587278750474194	0	0.053190317955916944	No-PER3D	No-Essential3D
383	S	383	4.446	-16.842	25.938	-0.19	0.498269896193772	-0.4478878466608011	0.3549942243680178	0	0.053190317955916944	No-PER3D	No-Essential3D
384	V	384	2.913	-19.068	23.315	-0.19	0.473753280839895	-0.6336179452973854	0.4101682771836746	0	0.053190317955916944	No-PER3D	No-Essential3D
385	I	385	2.226	-16.054	21.384	0.37	0.470052083333333	-0.26294500594808345	0.2749712501796305	0	0.053190317955916944	No-PER3D	No-Essential3D
386	E	386	5.809	-15	21.988	0.37	0.46822308690013	-0.33979371564040806	0.2290930709047528	0	0.053190317955916944	No-PER3D	No-Essential3D
387	Q	387	7.06	-18.321	20.669	-0.47	0.442845394736842	-0.5999378735581324	0.3142881193254549	0	0.053190317955916944	No-PER3D	No-Essential3D
388	L	388	4.846	-18.323	17.439	1.21	0.472990777338603	-0.6041625616493976	0.18406075135611608	0	0.014232825088820218	No-PER3D	No-Essential3D
389	F	389	5.097	-14.606	15.648	0.65	0.451491196550485	-0.3908877226250347	0.030676215596175723	0	0.053190317955916944	No-PER3D	No-Essential3D
390	F	390	8.249	-12.485	17.387	1.77	0.51948051948052	-0.13704178753296153	-0.05307777679283371	0	0.17138816188755468	No-PER3D	No-Essential3D
391	V	391	11.069	-15.046	18.334	-0.47	0.53781512605042	-0.4132442198411292	0.1056607404901906	0	0.17138816188755468	No-PER3D	No-Essential3D
392	R	392	13.207	-13.923	15.438	-0.19	0.53156146179402	-0.2785084511979314	0.06993710015190376	0	0.5482635342185903	No-PER3D	No-Essential3D
393	L	393	12.471	-10.328	16.195	0.37	0.525451559934319	-0.1898734677634074	0.019080804797106884	0	0.5482635342185903	No-PER3D	No-Essential3D
394	V	394	12.784	-10.273	19.978	0.65	0.480799112097669	-0.02801828062210276	0.259150450726338	0	0.30076041311996377	No-PER3D	No-Essential3D
395	G	395	14.357	-13.547	20.769	1.77	0.474553866490416	-0.10072923741210717	0.39047512315791794	0	0.30076041311996377	No-PER3D	No-Essential3D
396	K	396	13.916	-14.455	24.368	-0.19	0.504213483146067	-0.10174401411488028	0.41268297168439844	0	0.17103158578204306	No-PER3D	No-Essential3D
397	T	397	12.815	-10.996	25.458	0.09	0.534328358208955	0.09715221962865123	0.357716151713446	0	0.30076041311996377	No-PER3D	No-Essential3D
398	P	398	9.287	-10.834	26.626	-0.47	0.526470588235294	-0.1368101868440403	0.2783058736298866	0	0.17138816188755468	No-PER3D	No-Essential3D
399	I	399	7.238	-8.297	24.733	1.21	0.548406862745098	-0.0012811205403413883	0.08132769473495696	0.6817604758756965	1	No-PER3D	No-Essential3D
400	E	400	5.955	-6.921	27.994	0.65	0.546398046398046	0.10595903172771795	0.10828734326646501	0.8313236008067596	1	No-PER3D	No-Essential3D
401	T	401	9.449	-5.696	28.779	0.09	0.47378898473789	0.15540040236782832	0.17052801034215925	2.164497051912239	0.5915333106344343	No-PER3D	No-Essential3D
402	L	402	9.699	-3.931	25.395	0.65	0.470743801652893	0.6358768755968451	-0.14045016716426434	4.363337215030688	0.24191351719441603	No-PER3D	No-Essential3D
403	I	403	6.233	-2.312	25.435	1.49	0.539393939393939	0.2805500455480115	-0.43536549526638235	2.164497051912239	0.5915333106344343	No-PER3D	No-Essential3D
404	R	404	7.324	0.82	27.197	-0.47	0.537484510532838	0.18239346266159331	-0.345341877591435	1.426132763958631	0.6556530816394938	No-PER3D	No-Essential3D
405	D	405	9.93	1.505	24.534	-0.19	0.535487959442332	0.3812896964051249	-0.3805577390520586	4.363337215030688	0.24191351719441603	No-PER3D	No-Essential3D
406	M	406	7.387	0.817	21.824	1.21	0.494290865384615	0.30307672164694477	-0.7113073372498869	2.164497051912239	0.5915333106344343	No-PER3D	No-Essential3D
407	L	407	4.932	3.262	23.281	0.65	0.460413080895009	0.42973803555752155	-0.8484883413634223	0.8313236008067596	1	No-PER3D	No-Essential3D
408	L	408	7.593	5.947	23.385	-0.19	0.397965670692943	-0.12426239237641716	-0.8330447170519104	1.0529547584608274	1	No-PER3D	No-Essential3D
409	S	409	8.625	5.519	19.743	-0.19	0.396349413298566	-0.48881790267890235	-0.6080697718305198	1.0529547584608274	1	No-PER3D	No-Essential3D
410	G	410	6.306	5.223	16.823	-1.03	0.398110661268556	-0.28677163292051255	-0.9211202853045147	0.512298267308104	1	No-PER3D	No-Essential3D
411	S	411	5.73	8.334	14.754	-1.3	0.4	-0.8619808939424095	-0.9529887177948112	0.693137028351412	1	No-PER3D	No-Essential3D
412	S	412	2.657	10.22	13.527	-1.3	0.398274622573688	-1.5256548063472337	-0.6834670758022034	0	0.30076041311996377	No-PER3D	No-Essential3D
413	F	413	1.735	13.704	14.621	-1.3	0.396449704142012	-2.0096803348210805	-0.759077318861604	0	1	No-PER3D	No-Essential3D
414	N	414	-1.854	12.699	14.023	-1.03	0.396039603960396	-1.619790268716246	-0.5214580093957168	0	0.5482635342185903	No-PER3D	No-Essential3D
415	W	415	-3.467	12.618	17.421	-1.3	0.42687074829932	-1.1301262415696252	-0.5908758960212104	0	0.17103158578204306	No-PER3D	No-Essential3D
416	P	416	-6.737	13.688	18.814	-1.3	0.424561403508772	-1.1501211010464882	-0.5493278000412171	0	0.5482635342185903	No-PER3D	No-Essential3D
417	Y	417	-7.463	17.366	18.594	-1.3	0.426229508196721	-1.6974803792256117	-0.6268921591401484	0	1	No-PER3D	No-Essential3D
418	M	418	-9.418	19.651	20.842	-1.3	0.462249614791988	-2.2975939518280657	-0.5485301807250961	0	1	No-PER3D	No-Essential3D
419	S	419	-11.742	20.49	18.019	-1.3	0.421052631578947	-3.037493015237517	-0.4563479177208104	0	1	No-PER3D	No-Essential3D
420	I	420	-12.524	18.696	14.824	-1.3	0.473323170731707	-2.621885578968437	-0.02377445356662207	0	1	No-PER3D	No-Essential3D
421	Q	421	-12.993	20.575	11.613	-1.3	0.362147406733394	-3.037493015237517	-0.4543555845895323	0	1	No-PER3D	No-Essential3D
