Uniprot_position	aminoacid	Position_in_structure	x	y	z	paraz	mtr	paraz3dscore	mtr3dscore	PER3D_OR	PER3D_pvalue	PER3D	Essential3D
1	M	1	0.449	-6.568	31.993	-0.94	0.7	-0.41238696829086197	0.5164400021941873	0.5637170526197267	1	No-PER3D	No-Essential3D
2	A	2	3.773	-8.037	31.064	-0.94	0.702290076335878	-0.19779487338112445	0.5138526112365323	0.631313931336206	1	No-PER3D	No-Essential3D
3	A	3	5.663	-6.909	28.013	-0.94	0.704379562043796	-0.4302722439829754	0.6060709283923933	0.631313931336206	1	No-PER3D	No-Essential3D
4	G	4	5.497	-9.539	25.335	-0.94	0.696551724137931	-0.9784523023834284	0.571242666362978	0.7157286430717292	1	No-PER3D	No-Essential3D
5	V	5	1.822	-10.052	26.099	-0.94	0.690789473684211	-1.28723602081888	0.4573897990952467	0.8241338276615967	1	No-PER3D	No-Essential3D
6	A	6	1.31	-7.914	23.058	-0.94	0.57753164556962	-1.58536452643508	0.4768908267150862	0.7157286430717292	1	No-PER3D	No-Essential3D
7	A	7	2.293	-10.946	21.012	-0.94	0.568862275449102	-1.657776482941422	0.3663928933716686	1.1700994384380623	0.9999999999999999	No-PER3D	No-Essential3D
8	W	8	-0.79	-12.83	22.292	-0.94	0.570809248554913	-1.639510403822705	0.35031622999513917	1.1700994384380623	0.9999999999999999	No-PER3D	No-Essential3D
9	L	9	-3.264	-10.158	21.221	-0.94	0.575842696629214	-1.6488298319444994	0.39740999245243375	0	1	No-PER3D	No-Essential3D
10	P	10	-3.563	-11.292	17.631	-0.7	0.577445652173913	-1.6418128507704426	0.32993812206967005	0	1	No-PER3D	No-Essential3D
11	F	11	-5.192	-14.495	18.765	-0.94	0.578947368421053	-1.6369009639486027	0.27077666298442793	0	1	No-PER3D	No-Essential3D
12	A	12	-7.958	-12.36	20.203	-0.94	0.580357142857143	-1.6456906561561055	0.3545717243031644	0	1	No-PER3D	No-Essential3D
13	R	13	-7.966	-9.985	17.25	-0.94	0.575980392156863	-1.6488298319444994	0.3810243520918944	0	1	No-PER3D	No-Essential3D
14	A	14	-8.637	-12.855	14.908	-0.94	0.572669826224329	-1.639510403822705	0.36403888157755504	0	1	No-PER3D	No-Essential3D
15	A	15	-11.844	-13.782	16.706	-0.94	0.585127201565558	-1.6339187469496286	0.35363801385264493	0	1	No-PER3D	No-Essential3D
16	A	16	-13.379	-10.334	16.288	-0.94	0.639250390421656	-1.6456906561561055	0.4602406452864533	0	1	No-PER3D	No-Essential3D
17	I	17	-13.604	-10.569	12.494	-0.94	0.607984607984608	-1.6369009639486027	0.42496714974782934	0	1	No-PER3D	No-Essential3D
18	G	18	-17.173	-10.568	11.304	-0.94	0.64484741264927	-1.6786520019342412	0.4051993948594582	0	1	No-PER3D	No-Essential3D
19	W	19	-18.55	-8.02	13.707	-0.94	0.716642754662841	-1.6786520019342412	0.49399324468033795	0	1	No-PER3D	No-Essential3D
20	M	20	-16.992	-5.726	16.206	-0.94	0.758152173913044	-1.6590812028784732	0.5155174221503238	0	1	No-PER3D	No-Essential3D
21	P	21	-17.773	-2.691	18.156	-0.94	0.763081395348837	-1.6525576031932172	0.639013518972136	0	1	No-PER3D	No-Essential3D
22	V	22	-15.696	0.414	17.735	-0.94	0.846698113207547	-1.6501853851258512	0.7084508387008523	0	1	No-PER3D	No-Essential3D
23	A	23	-15.766	0.351	21.49	-0.94	0.729462989840348	-1.6438594702795426	0.7417024422243303	0	1	No-PER3D	No-Essential3D
24	N	24	-13.683	-2.816	21.746	-0.94	0.677358490566038	-1.6545648646348343	0.6215704943538727	0	1	No-PER3D	No-Essential3D
25	C	25	-10.23	-2.664	23.361	-0.94	0.716417910447761	-1.657776482941422	0.5988388816593078	0	1	No-PER3D	No-Essential3D
26	P	26	-8.543	-5.189	21.077	-0.7	0.755597014925373	-1.6501853851258512	0.457811559795292	0	1	No-PER3D	No-Essential3D
27	M	27	-7.333	-2.463	18.711	-0.94	0.75	-1.6010211656796944	0.5116820423677941	0	1	No-PER3D	No-Essential3D
28	P	28	-4.849	-4.34	16.709	-0.94	0.75	-1.597532458021927	0.43821687699978523	0	0.5943029605835971	No-PER3D	No-Essential3D
29	L	29	-2.013	-1.898	16.478	-0.94	0.759794776119403	-1.540206719724919	0.5697652359544777	0	0.35903723448510855	No-PER3D	No-Essential3D
30	A	30	-0.915	0.975	18.599	-0.94	0.709803921568628	-1.533393182275874	0.6578758307302564	0	0.5943029605835971	No-PER3D	No-Essential3D
31	P	31	-1.686	4.155	16.834	-0.23	0.704584775086505	-1.5090384101175847	0.7435094628345701	0	0.5943029605835971	No-PER3D	No-Essential3D
32	A	32	1.412	5.85	15.549	-0.94	0.705231169958758	-1.4294504939574613	0.7793182246015464	0	0.5943029605835971	No-PER3D	No-Essential3D
33	D	33	2.75	7.888	12.706	-0.94	0.705231169958758	-1.4713465008249944	0.7406908721590497	0	0.5943029605835971	No-PER3D	No-Essential3D
34	K	34	4.919	4.916	12.008	-0.94	0.76132639290534	-1.4294504939574613	0.7793182246015464	0	0.5943029605835971	No-PER3D	No-Essential3D
35	N	35	4.8	1.334	13.074	-0.94	0.758547829427584	-1.452105176500805	0.777215942444534	0	0.5943029605835971	No-PER3D	No-Essential3D
36	K	36	5.393	0.278	16.655	-0.7	0.758547829427584	-1.4387842596609814	0.7537076196889915	0	0.5943029605835971	No-PER3D	No-Essential3D
37	R	37	8.063	1.934	18.765	-0.46	0.847788750536711	-1.2350472233368317	0.8885880927273178	0	0.35903723448510855	No-PER3D	No-Essential3D
38	Q	38	11.643	0.697	19.102	-0.46	0.854022491349481	-0.9806268356118469	1.017835345194359	0	1	No-PER3D	No-Essential3D
39	D	39	13.103	-1.437	21.851	-0.46	0.848524024994613	-0.28749436905339476	1.0352611015594582	0	0.592889382049045	No-PER3D	No-Essential3D
40	E	40	16.473	-0.731	23.427	0.01	0.882352941176471	0.03140092889420378	1.1378627515765014	0	0.592889382049045	No-PER3D	No-Essential3D
41	L	41	18.385	-2.235	26.293	0.01	0.910585012717668	0.3525909316433704	1.0961027973488988	0	1	No-PER3D	No-Essential3D
42	I	42	19.073	0.412	28.87	1.19	0.88723667905824	0.395330810002353	1.0030537566508528	0	0.5943029605835971	No-PER3D	No-Essential3D
43	V	43	22.038	0.408	31.189	0.01	0.880688806888069	0.437790124525248	0.9770839574661134	0	0.5943029605835971	No-PER3D	No-Essential3D
44	L	44	21.593	1.095	34.84	1.19	0.840657497484066	0.4991119615666545	0.8783765860365315	0	0.6044352542753155	No-PER3D	No-Essential3D
45	N	45	24.893	1.825	36.495	1.66	0.871187540558079	0.5156936403433581	0.9021084708578403	0	1	No-PER3D	No-Essential3D
46	V	46	24.422	1.287	40.187	1.19	0.899749373433584	0.6231750562403257	0.8316677354726199	0	0.592889382049045	No-PER3D	No-Essential3D
47	S	47	27.49	2.067	42.131	0.95	0.899749373433584	0.9090425398839803	0.910960875506164	0	1	No-PER3D	No-Essential3D
48	G	48	29.744	0.131	39.846	1.66	0.948301886792453	0.8868394111306528	0.9317879225475302	0	1	No-PER3D	No-Essential3D
49	R	49	27.517	-2.693	38.766	0.01	0.956270810210877	0.7611742803515106	0.9002000365531011	0	1	No-PER3D	No-Essential3D
50	R	50	26.153	-2.097	35.338	1.66	0.893882646691635	0.7196604641726088	0.9914029210107329	0	1	No-PER3D	No-Essential3D
51	F	51	22.681	-3.534	35.234	0.71	0.888059701492537	0.742105296656147	0.8875801563200323	0	0.5943029605835971	No-PER3D	No-Essential3D
52	Q	52	21.076	-4.047	31.857	0.95	0.882280049566295	0.7032447151464372	0.9360562272245824	0	0.6044352542753155	No-PER3D	No-Essential3D
53	T	53	17.413	-4.45	31.072	1.66	0.850010853049707	0.572714733888559	0.886906636987746	0	0.6044352542753155	No-PER3D	No-Essential3D
54	W	54	14.992	-3.977	28.223	0.48	0.829675665177704	0.23765540560971496	0.9350471299321726	0	0.5943029605835971	No-PER3D	No-Essential3D
55	R	55	13.368	-0.586	28.09	-0.23	0.875	0.3160640556728883	0.9404983404834395	0	0.35903723448510855	No-PER3D	No-Essential3D
56	T	56	9.958	-2.195	28.054	-0.23	0.849264705882353	-0.09108742138657955	0.8687498861940376	0.4622091517076809	0.6928802859489825	No-PER3D	No-Essential3D
57	T	57	10.809	-4.047	31.226	1.66	0.8203125	0.27211474265683355	0.7506143005378102	0.4622091517076809	0.6928802859489825	No-PER3D	No-Essential3D
58	L	58	10.993	-0.752	33.071	1.66	0.84	0.42158467451346116	0.7818272589141451	0.38959191555948486	0.6988472962799438	No-PER3D	No-Essential3D
59	E	59	7.976	0.668	31.281	-0.23	0.798459042984591	0.195019021952506	0.8489493949318293	0.4231064619793162	0.694001160817782	No-PER3D	No-Essential3D
60	R	60	5.875	-2.013	32.896	0.01	0.799145299145299	0.3040563309774995	0.6968894133824445	0.5637170526197267	1	No-PER3D	No-Essential3D
61	Y	61	5.297	-0.045	36.038	0.71	0.799145299145299	0.3639095546907475	0.6552291213746918	0.4231064619793162	0.694001160817782	No-PER3D	No-Essential3D
62	P	62	5.173	3.554	35.12	1.66	0.791768045417681	0.29859175721517467	0.7885350723845314	0	0.6044352542753155	No-PER3D	No-Essential3D
63	D	63	4.916	6.098	37.943	0.01	0.788888888888889	0.25813226017732416	0.7754146861697646	0	0.592889382049045	No-PER3D	No-Essential3D
64	T	64	7.748	4.344	39.726	1.66	0.783192940232652	0.5059710606642951	0.6122021357420525	0	0.5943029605835971	No-PER3D	No-Essential3D
65	L	65	11.15	6.011	39.493	0.24	0.77757865392274	0.419772563489779	0.6150424371509244	0	0.6044352542753155	No-PER3D	No-Essential3D
66	L	66	12.591	3.822	36.743	1.66	0.786030595813205	0.505248446545313	0.7261349025379843	0	0.35903723448510855	No-PER3D	No-Essential3D
67	G	67	9.242	3.132	35.126	0.71	0.780375699440448	0.5024798100741167	0.7334945497616514	0	0.35903723448510855	No-PER3D	No-Essential3D
68	S	68	8.532	6.837	34.979	0.48	0.786030595813205	0.13263963241553928	0.7882960494925825	0	0.35755549660031416	No-PER3D	No-Essential3D
69	T	69	10.133	10.011	33.651	0.01	0.739882196465894	-0.027030058090599163	0.7808662634226555	0	1	No-PER3D	No-Essential3D
70	E	70	11.854	10.709	36.974	-0.23	0.737220749716017	0.08779382395119471	0.673345028380306	0	1	No-PER3D	No-Essential3D
71	K	71	14.89	8.606	36.101	-0.23	0.697849462365591	0.2532999641141716	0.7569710577194213	0	1	No-PER3D	No-Essential3D
72	E	72	15.761	11.183	33.473	-0.7	0.672620178605358	-0.10268765691712876	0.6965000010234782	0	1	No-PER3D	No-Essential3D
73	F	73	17.288	13.197	36.281	0.01	0.63898916967509	-0.15457602546630328	0.6753591439558596	0	1	No-PER3D	No-Essential3D
74	F	74	19.755	10.337	36.885	-0.94	0.702888086642599	0.12240514450352526	0.7493655914230998	0	1	No-PER3D	No-Essential3D
75	F	75	20.914	10.025	33.265	-0.94	0.746758199847445	-0.021657681879211885	0.7698162512589243	0	1	No-PER3D	No-Essential3D
76	N	76	24.49	10.982	32.487	-0.94	0.713999197753711	-0.18820134443221853	0.7108979042582301	0	1	No-PER3D	No-Essential3D
77	E	77	25.037	12.618	29.136	-0.23	0.708880923934687	-0.5446329233139029	0.5969306506391349	0	1	No-PER3D	No-Essential3D
78	D	78	28.683	11.637	28.902	-0.46	0.713709677419355	-0.33913953322833823	0.6371110099285584	0	1	No-PER3D	No-Essential3D
79	T	79	28.52	8.224	30.481	0.01	0.743697478991597	-0.04588819499587711	0.7914853224109155	0	1	No-PER3D	No-Essential3D
80	K	80	25.426	7.757	28.419	-0.46	0.673624288425048	-0.17474482115988652	0.7691660904399088	0	1	No-PER3D	No-Essential3D
81	E	81	23.906	5.751	31.237	0.95	0.715725806451613	0.11246752764965193	0.9059426336408352	0	0.5943029605835971	No-PER3D	No-Essential3D
82	Y	82	21.627	6.049	34.251	1.19	0.715178571428571	0.29881415265899014	0.896338600158084	0	0.6044352542753155	No-PER3D	No-Essential3D
83	F	83	23.682	6.156	37.413	1.66	0.717741935483871	0.3327210881198571	0.8533284887380422	0	0.5943029605835971	No-PER3D	No-Essential3D
84	F	84	22.472	5.552	40.945	1.66	0.779769016328156	0.5324133847218662	0.7999429529302209	0	1	No-PER3D	No-Essential3D
85	D	85	24.648	6.12	44.032	1.66	0.704898446833931	0.8923711184661038	0.8131867191502463	0	1	No-PER3D	No-Essential3D
86	R	86	22.521	3.489	45.726	1.66	0.702380952380952	0.8133630778335588	0.6560537946939807	0	0.5943029605835971	No-PER3D	No-Essential3D
87	D	87	23.385	-0.003	46.952	0.01	0.729350065555348	0.7898781189666371	0.6119405658452196	0	0.6044352542753155	No-PER3D	No-Essential3D
88	P	88	23.709	-2.342	44.045	0.24	0.725229443716052	0.8564755627100333	0.7634350191667713	0	0.5943029605835971	No-PER3D	No-Essential3D
89	E	89	22.47	-5.399	45.875	-0.23	0.659774436090226	0.6166113113262373	0.5882910871914075	0	0.6044352542753155	No-PER3D	No-Essential3D
90	V	90	18.983	-4.271	46.832	0.24	0.691973111901938	0.4905380876946038	0.40397424088138506	0	0.21532768773289898	No-PER3D	No-Essential3D
91	F	91	18.68	-2.923	43.322	1.66	0.657426484360367	0.8996753198231001	0.5956514846960269	0	0.35903723448510855	No-PER3D	No-Essential3D
92	R	92	18.585	-6.526	42.206	-0.23	0.628571428571429	0.7998659750364775	0.5738040618666824	0	0.6044352542753155	No-PER3D	No-Essential3D
93	C	93	15.201	-7.003	43.813	0.01	0.632616487455197	0.5528539970690017	0.34288810484457494	0	0.6044352542753155	No-PER3D	No-Essential3D
94	V	94	13.883	-3.754	42.477	1.19	0.60602731125412	0.597069506046848	0.5180702357514818	0	0.21532768773289898	No-PER3D	No-Essential3D
95	L	95	14.91	-4.696	38.973	1.66	0.60602731125412	0.7481270809809986	0.639229523111029	0	0.35903723448510855	No-PER3D	No-Essential3D
96	N	96	13.597	-8.222	39.422	0.71	0.575976370200197	0.7272515619881793	0.4817070564557218	0	0.6044352542753155	No-PER3D	No-Essential3D
97	F	97	10.268	-6.778	40.483	1.19	0.576416337285902	0.4708740943576178	0.48201799301518516	0.5083661522940401	1	No-PER3D	No-Essential3D
98	Y	98	10.026	-5.261	37.039	1.66	0.556966042526182	0.5255572093663815	0.6015195593737672	0.4231064619793162	0.694001160817782	No-PER3D	No-Essential3D
99	R	99	10.904	-8.614	35.467	0.95	0.537683823529412	0.33714030080986934	0.5997075837846546	0.5637170526197267	1	No-PER3D	No-Essential3D
100	T	100	8.539	-11.003	37.228	1.19	0.614890510948905	0.3629240519468336	0.46700313005919847	0.631313931336206	1	No-PER3D	No-Essential3D
101	G	101	5.534	-9.372	38.75	1.66	0.617283950617284	0.2701251404067847	0.4730430611010838	0.631313931336206	1	No-PER3D	No-Essential3D
102	K	102	6.751	-10.419	42.188	1.19	0.619411764705882	-0.06930832305847325	0.46543788955205734	0.631313931336206	1	No-PER3D	No-Essential3D
103	L	103	8.705	-8.268	44.607	1.42	0.620659340659341	-0.0069269729125047376	0.4662134597430014	0	0.6044352542753155	No-PER3D	No-Essential3D
104	H	104	10.652	-10.596	46.855	0.95	0.651291512915129	-0.10068643235202766	0.4846540885743193	0	0.35903723448510855	No-PER3D	No-Essential3D
105	Y	105	12.148	-9.978	50.241	0.01	0.59648529908753	-0.4683525866433215	0.5383196606309807	0	0.21532768773289898	No-PER3D	No-Essential3D
106	P	106	15.67	-11.26	50.439	1.66	0.597014925373134	-0.3415556812599145	0.48864733851378145	0	0.35903723448510855	No-PER3D	No-Essential3D
107	R	107	15.64	-13.293	53.655	-0.23	0.592592592592593	-0.6783667168616513	0.6451068902961923	0	1	No-PER3D	No-Essential3D
108	Y	108	19.16	-12.136	54.512	0.01	0.594795539033457	-0.3347904667715008	0.45033871585998525	0	1	No-PER3D	No-Essential3D
109	E	109	19.075	-8.324	54.129	0.01	0.594795539033457	-0.14857134848328352	0.4395436320589886	0	0.35755549660031416	No-PER3D	No-Essential3D
110	C	110	18.063	-5.985	56.941	0.48	0.534848484848485	-0.20804624431509816	0.5098292436866592	0	0.35755549660031416	No-PER3D	No-Essential3D
111	I	111	14.509	-4.784	56.78	0.48	0.590405904059041	-0.32267521021316825	0.6513288970096167	0	0.6044352542753155	No-PER3D	No-Essential3D
112	S	112	15.383	-1.164	57.336	0.01	0.590909090909091	-0.16177325772775422	0.5872321607974368	0	0.5943029605835971	No-PER3D	No-Essential3D
113	A	113	18.106	-1.301	54.746	0.71	0.587542087542088	0.29487872024016726	0.4082831870639116	0	0.35755549660031416	No-PER3D	No-Essential3D
114	Y	114	15.646	-2.582	52.131	1.19	0.618196457326892	0.16462733135532118	0.4558707006224802	0	0.21532768773289898	No-PER3D	No-Essential3D
115	D	115	12.689	-0.362	52.991	-0.23	0.58369674605837	0.009329416625754282	0.5086984531578181	0	0.35903723448510855	No-PER3D	No-Essential3D
116	D	116	14.767	2.753	52.604	1.19	0.638376383763838	0.2632061710436345	0.4651974725415725	0	0.5943029605835971	No-PER3D	No-Essential3D
117	E	117	15.63	1.618	49.116	1.66	0.638888888888889	0.3684535792990983	0.40082835187150395	0	0.35903723448510855	No-PER3D	No-Essential3D
118	L	118	12.048	0.798	48.218	1.19	0.575	0.3037315630278006	0.4229007817384249	0	0.35903723448510855	No-PER3D	No-Essential3D
119	A	119	10.976	4.268	49.231	0.01	0.584175084175084	0.24612055282034478	0.5022437223478858	0	0.5943029605835971	No-PER3D	No-Essential3D
120	F	120	13.576	5.765	46.915	1.66	0.638376383763838	0.5550285302974204	0.49957692533022513	0	0.5943029605835971	No-PER3D	No-Essential3D
121	Y	121	12.554	3.719	43.865	1.19	0.636029411764706	0.6026310395158947	0.5472913098872403	0	0.35903723448510855	No-PER3D	No-Essential3D
122	G	122	8.877	4.448	44.353	0.01	0.661957090528519	0.24659273717851574	0.5698816459914573	0	0.35755549660031416	No-PER3D	No-Essential3D
123	I	123	7.846	0.913	45.206	1.42	0.694525547445256	0.4712818193379462	0.4965779658241719	0	0.36889820010841445	No-PER3D	No-Essential3D
124	L	124	5.304	0.451	47.97	-0.94	0.698989898989899	0.13382144395272333	0.5266465753175514	0	0.6044352542753155	No-PER3D	No-Essential3D
125	P	125	6.328	-1.661	50.906	-0.94	0.740661227994848	-0.23504252319694105	0.6162098628242624	0	0.35903723448510855	No-PER3D	No-Essential3D
126	E	126	3.382	-4.066	50.609	-0.94	0.735878156930789	-0.6728831113291173	0.68375378863659	0	0.35755549660031416	No-PER3D	No-Essential3D
127	I	127	3.434	-5.005	46.926	-0.94	0.706145706145706	-0.3773356821101271	0.5335376357582355	0	0.6044352542753155	No-PER3D	No-Essential3D
128	I	128	5.436	-7.979	48.209	-0.94	0.698470209339775	-0.43357640486252064	0.582619966710728	0	0.36889820010841445	No-PER3D	No-Essential3D
129	G	129	3.948	-11.297	47.168	-0.94	0.767186250999201	-0.797034101612499	0.6919708600997269	0	0.5943029605835971	No-PER3D	No-Essential3D
130	D	130	2.477	-13.792	49.587	-0.94	0.811722538477757	-1.0809271807726584	0.7836786012848006	0	0.592889382049045	No-PER3D	No-Essential3D
131	C	131	5.638	-15.83	49.718	-0.94	0.783482142857143	-0.8620508178033698	0.719943656901791	0	1	No-PER3D	No-Essential3D
132	C	132	7.813	-13.055	51.162	-0.94	0.802999491611591	-0.9913018169149932	0.7235340397658339	0	0.5943029605835971	No-PER3D	No-Essential3D
133	Y	133	5.219	-10.926	52.908	-0.94	0.859375	-0.8274527150020355	0.7815486824742481	0	0.6044352542753155	No-PER3D	No-Essential3D
134	E	134	5.111	-13.572	55.561	-0.94	0.876700858279255	-1.1640124712084885	0.8257252539738122	0	1	No-PER3D	No-Essential3D
135	E	135	8.846	-13.193	56.179	-0.94	0.895759717314488	-0.8731292581895848	0.7521469600003714	0	0.6044352542753155	No-PER3D	No-Essential3D
136	Y	136	8.552	-9.446	55.893	-0.94	0.848614469034778	-0.7429231720803308	0.7107333386309098	0	0.36889820010841445	No-PER3D	No-Essential3D
137	K	137	6.067	-9.453	58.756	-0.94	0.849197461739455	-1.0257902180482348	0.962112147685863	0	0.36889820010841445	No-PER3D	No-Essential3D
138	D	138	7.929	-11.489	61.325	-0.94	0.806737588652482	-0.9341941554991424	0.9908587865705668	0	1	No-PER3D	No-Essential3D
139	R	139	11.307	-9.79	61.117	-0.94	0.843238034050755	-0.6959606675279479	0.8018157271807628	0	0.592889382049045	No-PER3D	No-Essential3D
140	K	140	9.881	-6.311	60.873	0.01	0.834392879847425	-0.6338724215724693	0.8127183686528562	0	0.35903723448510855	No-PER3D	No-Essential3D
141	R	141	10.314	-3.211	60.78	-0.23	0.880281690140845	-0.49759682413397727	0.8564654925604206	0	0.36889820010841445	No-PER3D	No-Essential3D
142	E	142	9.327	0.377	60.314	0.01	0.885916203937405	-0.443706218038384	0.8081788482504794	0	0.35903723448510855	No-PER3D	No-Essential3D
143	N	143	6.082	-0.761	58.81	0.71	0.885916203937405	-0.597741715623359	0.8951072083004179	0	0.21683233531542423	No-PER3D	No-Essential3D
144	A	144	5.763	-3.234	61.62	0.71	0.913502755664421	-0.78883300486532	1.0182663374739733	0	0.22472821574712765	No-PER3D	No-Essential3D
145	E	145	6.302	-0.427	64.089	-0.23	0.907114624505929	-0.5826872548112297	1.0899496923037013	0	0.21532768773289898	No-PER3D	No-Essential3D
146	R	146	3.599	1.59	62.438	-0.23	0.853754940711463	-0.4620006606339933	1.1957579022713865	0	0.35903723448510855	No-PER3D	No-Essential3D
147	L	147	1.311	-1.387	62.539	0.95	0.869318181818182	-0.4620006606339933	1.1957579022713865	0	0.35903723448510855	No-PER3D	No-Essential3D
148	M	148	1.779	-2.088	66.204	-0.23	0.872368421052632	-0.4790771421630458	1.2002022371529133	0	0.36889820010841445	No-PER3D	No-Essential3D
149	D	149	1.41	1.527	67.196	-0.46	0.866289198606272	-0.4424298615782252	1.2117933589396617	0	0.36889820010841445	No-PER3D	No-Essential3D
150	D	150	-1.779	1.802	65.199	1.19	0.881313131313131	-0.34022679984254756	1.208679736559039	0	0.35755549660031416	No-PER3D	No-Essential3D
151	N	151	-2.795	-1.46	66.734	-0.23	0.87468671679198	-0.34022679984254756	1.208679736559039	0	0.35755549660031416	No-PER3D	No-Essential3D
152	D	152	-2.192	0.266	70.085	0.01	0.880281690140845	-0.3990945208118817	1.5584025292895476	0	0.35755549660031416	No-PER3D	No-Essential3D
153	S	153	1.114	-1.092	71.199	-0.46	0.839712918660287	-0.40176609020679604	1.428879244901046	0	0.35903723448510855	No-PER3D	No-Essential3D
154	E	154	3.942	1.18	72.151	-0.7	0.879120879120879	-0.4857652023445688	1.2124348146260082	0	0.36889820010841445	No-PER3D	No-Essential3D
155	N	155	6.606	0.233	74.624	-0.23	0.894520114032309	-0.8710303608995459	1.2070009765072456	0	0.6044352542753155	No-PER3D	No-Essential3D
156	N	156	10.351	0.291	74.459	-0.46	0.861051991486774	-0.9523579036424042	1.2089513689753895	0	0.592889382049045	No-PER3D	No-Essential3D
157	Q	157	12.557	1.021	77.397	0.01	0.898989898989899	-0.7485730753791685	1.2121367264483387	0	0.592889382049045	No-PER3D	No-Essential3D
158	E	158	14.649	-0.627	80.044	-0.46	0.865323435843054	-0.1628046568874785	0.6450743323965674	0	1	No-PER3D	No-Essential3D
159	S	159	17.465	0.723	82.119	-0.46	0.88109756097561	0.06005898786241618	0.4046925684113865	0	0.35755549660031416	No-PER3D	No-Essential3D
160	M	160	19.928	-1.788	83.485	0.71	0.865323435843054	-0.06266316561510686	0.6066500106574328	0	0.5943029605835971	No-PER3D	No-Essential3D
161	P	161	22.724	-1.507	85.971	0.71	0.837426900584795	0.045950533040714156	0.49189691138785846	0	0.6044352542753155	No-PER3D	No-Essential3D
162	S	162	26.309	-2.848	84.855	-0.7	0.822106552357624	-0.06463669157031032	0.6031848320830928	0	1	No-PER3D	No-Essential3D
163	L	163	28.42	-2.529	88.053	-0.7	0.830249768732655	-0.013829362256904652	0.5883753978720505	0	1	No-PER3D	No-Essential3D
164	S	164	27.881	-6.139	89.105	-0.94	0.793707482993197	-0.2083329959496149	0.7619359928391034	0	1	No-PER3D	No-Essential3D
165	F	165	27.291	-4.482	92.484	0.24	0.752256608639588	-0.028565022722424088	0.556666102453443	0	1	No-PER3D	No-Essential3D
166	R	166	24.628	-1.94	91.625	-0.23	0.72801220132181	0.27786063410471673	0.3834602903815112	0	0.592889382049045	No-PER3D	No-Essential3D
167	Q	167	22.928	-4.317	89.277	0.01	0.757446808510638	0.21047374025448162	0.4145633901832913	0	0.6044352542753155	No-PER3D	No-Essential3D
168	T	168	22.723	-6.749	92.134	0.71	0.757446808510638	0.36871452328650844	0.30146061302322963	0	0.5943029605835971	No-PER3D	No-Essential3D
169	M	169	21.131	-4.316	94.584	0.71	0.765591397849462	0.45982606263258735	0.20682908590008828	0	0.6044352542753155	No-PER3D	No-Essential3D
170	W	170	18.77	-2.815	92.033	1.66	0.706859205776173	0.4515998225602705	0.23641753254305076	0	0.35755549660031416	No-PER3D	No-Essential3D
171	R	171	17.388	-6.212	91.108	-0.23	0.642599277978339	0.36049899645707645	0.17183838379158428	0	0.35903723448510855	No-PER3D	No-Essential3D
172	A	172	16.197	-6.96	94.64	0.71	0.611999312360323	0.5330732430808346	-0.05367962578850814	0	0.5943029605835971	No-PER3D	No-Essential3D
173	F	173	14.756	-3.485	95.128	1.66	0.580434782608696	0.6295839552717749	-0.1792398290030207	0	0.592889382049045	No-PER3D	No-Essential3D
174	E	174	12.72	-3.168	91.924	1.66	0.579963898916968	0.6910921808756175	-0.02457588998392097	0	0.6044352542753155	No-PER3D	No-Essential3D
175	N	175	12.228	-6.723	90.658	0.01	0.504428341384863	0.6595148519229377	-0.11377068118055604	0	0.5943029605835971	No-PER3D	No-Essential3D
176	P	176	10.875	-8.95	93.329	1.66	0.461538461538462	0.6811892755148934	-0.32723422781648315	0	0.592889382049045	No-PER3D	No-Essential3D
177	H	177	10.947	-11.862	90.875	0.24	0.464944649446495	0.4802757527275456	-0.2580286258336824	0	1	No-PER3D	No-Essential3D
178	T	178	14.702	-11.671	90.528	1.19	0.388539179509442	0.5106680524376795	-0.04250698679724655	0	0.592889382049045	No-PER3D	No-Essential3D
179	S	179	15.279	-13.913	93.512	1.66	0.391067538126362	0.560659426867852	-0.08594083138367282	0	0.592889382049045	No-PER3D	No-Essential3D
180	T	180	13.798	-15.379	96.643	0.01	0.412454044117647	0.31582987517136635	-0.31256127581449683	0	1	No-PER3D	No-Essential3D
181	L	181	15.497	-12.645	98.633	-0.23	0.417053903345725	0.495011413193065	-0.1841040240796956	0	1	No-PER3D	No-Essential3D
182	A	182	14.01	-10.078	96.333	1.66	0.417053903345725	0.5779204346475006	-0.17685247773903853	0	0.592889382049045	No-PER3D	No-Essential3D
183	L	183	10.586	-11.327	97.308	0.24	0.413976014760148	0.5828625556211795	-0.41072518092857363	0	1	No-PER3D	No-Essential3D
184	V	184	11.419	-11.082	100.983	0.24	0.441574415744157	0.5448654486824953	-0.4676206043031678	0	1	No-PER3D	No-Essential3D
185	F	185	12.224	-7.425	100.643	0.71	0.444857496902107	0.6815413738487303	-0.3290511953230991	0	0.592889382049045	No-PER3D	No-Essential3D
186	Y	186	8.95	-6.888	98.807	0.48	0.358551810237204	0.6955033768532667	-0.5838105257033244	0	1	No-PER3D	No-Essential3D
187	Y	187	6.854	-8.633	101.403	0.48	0.381663113006397	0.36819263531168805	-0.47084469008040813	0	1	No-PER3D	No-Essential3D
188	V	188	8.595	-6.816	104.21	0.95	0.288121990369181	0.8411592851881281	-0.5870048982579177	0	1	No-PER3D	No-Essential3D
189	T	189	7.92	-3.538	102.497	1.19	0.31028522039758	1.0362527337464729	-0.5863733103866724	0	1	No-PER3D	No-Essential3D
190	G	190	4.226	-4.349	102.302	0.71	0.226641414141414	0.608816661895854	-0.6569847426090984	0	1	No-PER3D	No-Essential3D
191	F	191	4.202	-5.304	105.964	0.95	0.21117285756069	0.5032411851036958	-0.49594263578486186	0	1	No-PER3D	No-Essential3D
192	F	192	5.847	-2.078	106.967	0.71	0.22790404040404	0.8835480123783823	-0.5666591118623865	0	1	No-PER3D	No-Essential3D
193	I	193	3.51	0.023	104.913	1.19	0.290816326530612	0.9345646930385785	-0.70303558827249	0	1	No-PER3D	No-Essential3D
194	A	194	0.505	-1.731	106.423	0.71	0.339622641509434	0.4289056030491374	-0.43772225974594897	0	0.5943029605835971	No-PER3D	No-Essential3D
195	V	195	1.95	-1.316	109.888	1.19	0.319644839067703	0.4902274400905439	-0.31545619306382405	0	0.5943029605835971	No-PER3D	No-Essential3D
196	S	196	2.526	2.355	109.243	1.66	0.361591000401768	0.9551191358591221	-0.5520860953949048	0	0.592889382049045	No-PER3D	No-Essential3D
197	V	197	-1.093	2.816	108.317	1.19	0.343511450381679	0.8583969595317777	-0.5809199412015122	0	1	No-PER3D	No-Essential3D
198	I	198	-2.515	0.942	111.274	0.48	0.437652385928248	0.37069024204832884	-0.20074962807347543	0	0.5943029605835971	No-PER3D	No-Essential3D
199	T	199	-0.252	2.82	113.625	0.24	0.478427452940197	0.6456133716412612	-0.26570586135610424	0	0.592889382049045	No-PER3D	No-Essential3D
200	N	200	-1.164	6.181	112.134	0.48	0.500699300699301	0.905593280280282	-0.5296518185526689	0	1	No-PER3D	No-Essential3D
201	V	201	-4.87	5.479	112.562	1.19	0.481923076923077	0.6490869766684754	-0.4881068496889865	0	0.592889382049045	No-PER3D	No-Essential3D
202	V	202	-4.562	4.15	116.109	1.19	0.49599442702891	0.15789663326735864	0.009421320441740192	0	1	No-PER3D	No-Essential3D
203	E	203	-3.002	7.432	117.105	1.66	0.52014652014652	0.2665152433477498	-0.02545352481537512	0	1	No-PER3D	No-Essential3D
204	T	204	-6.438	9.012	116.788	1.66	0.518153621601897	0.1211366667869477	-0.1713527074873585	0	1	No-PER3D	No-Essential3D
205	V	205	-8.407	6.576	118.919	0.01	0.518153621601897	-0.11198444675198753	-0.018847029594926453	0	1	No-PER3D	No-Essential3D
206	P	206	-9.701	7.949	122.105	0.24	0.566730523627075	-0.3039516318957451	0.0785288882364502	0	1	No-PER3D	No-Essential3D
207	C	207	-8.093	5.708	124.649	-0.94	0.597262357414449	-0.797034101612499	0.3111436386493214	0	0.592889382049045	No-PER3D	No-Essential3D
208	G	208	-4.543	6.322	123.679	-0.94	0.602693602693603	-0.2810667046576278	0.19550538358356384	0	0.592889382049045	No-PER3D	No-Essential3D
209	T	209	-5.166	10.035	123.343	-0.94	0.604985213350232	-0.36225825491994723	0.2421635509031593	0	0.35755549660031416	No-PER3D	No-Essential3D
210	V	210	-7.019	11.519	126.325	-0.94	0.60041928721174	-0.8680947410411806	0.2588659370260691	0	0.35755549660031416	No-PER3D	No-Essential3D
211	P	211	-7.958	14.559	128.541	-0.94	0.652179570592062	-1.457781555447716	0.32916499703590024	0	0.35755549660031416	No-PER3D	No-Essential3D
212	G	212	-8.396	15.715	132.152	-0.94	0.657139111052839	-1.586016886403606	0.3601024844807416	0	0.592889382049045	No-PER3D	No-Essential3D
213	S	213	-9.665	19.145	131.152	-0.94	0.657804685443538	-1.6786520019342412	0.3630956272082539	0	1	No-PER3D	No-Essential3D
214	K	214	-7.032	20.949	133.113	-0.94	0.660325009908839	-1.5757240957890906	0.37352370872434787	0	1	No-PER3D	No-Essential3D
215	E	215	-3.892	22.801	132.093	-0.94	0.65282131661442	-1.4532912855344877	0.39964988955489544	0	0.5943029605835971	No-PER3D	No-Essential3D
216	L	216	-2.282	22.196	128.761	-0.94	0.608399269628728	-1.392617246503785	0.39635834828277494	0	0.6044352542753155	No-PER3D	No-Essential3D
217	P	217	1.313	21.257	129.006	-0.94	0.628621597892889	-1.1483765418041447	0.27426169056878363	0	0.35755549660031416	No-PER3D	No-Essential3D
218	C	218	3.628	22.063	126.138	-0.94	0.628621597892889	-0.8938127782619014	-0.22628297240568168	0	1	No-PER3D	No-Essential3D
219	G	219	4.873	18.486	125.915	-0.23	0.670411985018727	-0.8697256409624946	-0.04071640606650991	0	1	No-PER3D	No-Essential3D
220	E	220	1.387	17.051	126.121	-0.23	0.666044776119403	-1.1371932280579915	0.27310871851276197	0	0.6044352542753155	No-PER3D	No-Essential3D
221	R	221	0.609	19.389	123.368	-0.46	0.667293233082707	-0.8813994509255844	-0.2495067457392863	0	0.5943029605835971	No-PER3D	No-Essential3D
222	Y	222	3.461	17.488	121.603	0.01	0.687514240145819	-0.6044325870954164	-0.46151182463292134	0	0.592889382049045	No-PER3D	No-Essential3D
223	S	223	3.142	13.451	121.702	0.48	0.669811320754717	-0.40944944094720864	0.23335126871209658	0	0.35755549660031416	No-PER3D	No-Essential3D
224	V	224	4.795	9.702	122.597	0.01	0.67680608365019	-0.05835293010877695	0.3337555049865311	0	0.6044352542753155	No-PER3D	No-Essential3D
225	A	225	5.499	5.81	121.703	0.71	0.654973629338894	0.15409576846474446	0.20451879783643548	0	0.6044352542753155	No-PER3D	No-Essential3D
226	F	226	3.797	5.818	118.42	0.48	0.671698113207547	0.5323046580604452	0.014502524328080088	0	0.5943029605835971	No-PER3D	No-Essential3D
227	F	227	7.061	7.642	117.785	0.95	0.646820405310971	0.45176926670793943	-0.06225236691847228	0	0.592889382049045	No-PER3D	No-Essential3D
228	C	228	8.892	4.333	118.05	0.48	0.651094276094276	0.55731179018726	0.13612241573314088	0	1	No-PER3D	No-Essential3D
229	L	229	6.762	2.595	115.456	0.95	0.595	0.6856092506639617	-0.1212287908982058	0	1	No-PER3D	No-Essential3D
230	D	230	6.708	5.638	113.236	1.19	0.55921052631579	0.9121490159245784	-0.33182671477685927	0	1	No-PER3D	No-Essential3D
231	T	231	10.44	6.04	113.482	0.71	0.55921052631579	0.7059745907070367	-0.20620970643145903	0	1	No-PER3D	No-Essential3D
232	A	232	11.098	2.421	112.647	0.24	0.543720412141465	0.816328350417766	-0.1407335852047485	0	1	No-PER3D	No-Essential3D
233	C	233	8.783	2.547	109.674	1.66	0.556077694235589	0.8631796572482411	-0.38507805457533617	0	1	No-PER3D	No-Essential3D
234	V	234	10.331	5.796	108.494	1.19	0.556077694235589	1.0063848802855457	-0.33323290395664495	0	1	No-PER3D	No-Essential3D
235	M	235	13.752	4.264	108.843	0.95	0.535338345864662	0.9365286398911925	-0.21899881600565754	0	1	No-PER3D	No-Essential3D
236	I	236	12.77	1.574	106.372	0.71	0.569956458635704	0.9200705298281038	-0.32816888542550604	0	1	No-PER3D	No-Essential3D
237	F	237	11.051	3.997	104.039	1.66	0.52125243348475	1.0328630201845261	-0.3965881762478465	0	1	No-PER3D	No-Essential3D
238	T	238	14.138	6.147	104.164	1.19	0.484396200814111	1.0416890668175196	-0.22859645229113298	0	1	No-PER3D	No-Essential3D
239	V	239	16.314	3.158	103.468	0.48	0.488499025341131	0.8905590074424217	-0.12594086474426844	0	1	No-PER3D	No-Essential3D
240	E	240	14.447	2.076	100.355	1.66	0.554179566563468	0.9691619879637908	-0.18209681668139568	0	0.592889382049045	No-PER3D	No-Essential3D
241	Y	241	14.438	5.569	98.931	0.71	0.565651260504202	1.0102942433322248	-0.18291636856737178	0	1	No-PER3D	No-Essential3D
242	L	242	18.169	5.861	99.451	1.19	0.484480431848853	0.9422041716173651	-0.061313093687131615	0	1	No-PER3D	No-Essential3D
243	L	243	18.972	2.39	98.216	0.95	0.483636363636364	0.7641851725139365	0.10340571800749213	0	1	No-PER3D	No-Essential3D
244	R	244	16.94	3.067	95.101	1.66	0.483218916857361	0.706683035921725	0.044674114108076125	0	0.5943029605835971	No-PER3D	No-Essential3D
245	L	245	18.55	6.416	94.504	0.71	0.483218916857361	0.7005979975598478	-0.07821418041198111	0	0.592889382049045	No-PER3D	No-Essential3D
246	F	246	22.071	5.029	94.447	0.01	0.483218916857361	0.5064702578576017	0.12969685808448014	0	1	No-PER3D	No-Essential3D
247	A	247	21.3	1.655	92.829	0.48	0.511919191919192	0.3562761932199536	0.30785057386434755	0	0.35755549660031416	No-PER3D	No-Essential3D
248	A	248	19.281	2.959	89.874	0.71	0.43719806763285	0.3263955483870946	0.24188879306093597	0	0.35755549660031416	No-PER3D	No-Essential3D
249	P	249	20.775	3.349	86.494	1.66	0.495	0.14845772529784898	0.32889825788459265	0	0.6044352542753155	No-PER3D	No-Essential3D
250	S	250	19.756	6.935	85.652	0.71	0.435990338164251	0.18771880325710044	0.15929101327429712	0	0.35755549660031416	No-PER3D	No-Essential3D
251	R	251	19.558	9.662	88.275	0.48	0.436739659367397	0.39585269797717343	-0.08891396348179888	0	0.592889382049045	No-PER3D	No-Essential3D
252	Y	252	17.909	11.975	85.74	-0.23	0.435151515151515	0.2616529330233354	-0.156495944480279	0	1	No-PER3D	No-Essential3D
253	R	253	14.708	9.992	85.193	-0.46	0.435151515151515	0.28226531522212744	-0.07682588267235953	0	1	No-PER3D	No-Essential3D
254	F	254	14.311	9.498	88.933	1.66	0.470957613814757	0.5323046580604452	-0.14314495496670154	0	0.5943029605835971	No-PER3D	No-Essential3D
255	I	255	12.124	12.409	90.064	0.01	0.470957613814757	0.6189598072129294	-0.21291089536015467	0	1	No-PER3D	No-Essential3D
256	R	256	9.984	11.906	87.022	0.48	0.507185122569738	0.4580778026673078	-0.2391995702730509	0	1	No-PER3D	No-Essential3D
257	S	257	8.845	8.457	88.123	1.19	0.441176470588235	0.6588567694985478	-0.29224261486370817	0	1	No-PER3D	No-Essential3D
258	V	258	5.661	8.767	90.12	0.24	0.472689075630252	0.8922675692647505	-0.7089055835872532	0	1	No-PER3D	No-Essential3D
259	M	259	6.707	5.876	92.301	1.19	0.505334081976418	1.0441635356636512	-0.6549130982939483	0	1	No-PER3D	No-Essential3D
260	S	260	9.829	7.668	93.441	1.19	0.502097902097902	0.9282626077738746	-0.3581618023875341	0	0.592889382049045	No-PER3D	No-Essential3D
261	I	261	7.77	10.733	94.177	0.95	0.501672240802676	0.9615792626825755	-0.5357568678502937	0	1	No-PER3D	No-Essential3D
262	I	262	5.524	8.697	96.406	1.66	0.504459308807135	1.1073599703157635	-0.6876290981703543	0	1	No-PER3D	No-Essential3D
263	D	263	8.557	7.225	98.117	1.66	0.52463768115942	1.1138012903653496	-0.5559870769122548	0	1	No-PER3D	No-Essential3D
264	V	264	9.744	10.724	98.98	0.71	0.475221529373154	1.0782607620227425	-0.5437966130853202	0	1	No-PER3D	No-Essential3D
265	V	265	6.372	12.057	100.044	1.19	0.47351209941138	1.086933387215263	-0.7887044755187437	0	1	No-PER3D	No-Essential3D
266	A	266	6.178	9.113	102.391	0.95	0.47012987012987	1.152255717893269	-0.7068084174478875	0	1	No-PER3D	No-Essential3D
267	I	267	9.161	10.443	104.4	1.66	0.390647482014388	0.991560353446605	-0.6258180795676382	0	1	No-PER3D	No-Essential3D
268	M	268	8.824	14.186	104.066	0.95	0.355134074558535	0.8298895303695406	-0.9493551766598551	0	1	No-PER3D	No-Essential3D
269	P	269	6.366	14.713	106.876	1.66	0.325539568345324	0.6698438847579266	-1.0609398229418583	0	1	No-PER3D	No-Essential3D
270	Y	270	8.534	13.037	109.513	1.19	0.301582893640655	0.695542913821056	-0.8872835922413138	0	1	No-PER3D	No-Essential3D
271	Y	271	11.666	15.041	108.869	1.19	0.202517482517483	0.6687093456822297	-0.880545637959485	0	1	No-PER3D	No-Essential3D
272	I	272	9.757	18.251	108.315	0.71	0.118805382343288	0.442605162388175	-1.2393690095096956	0	1	No-PER3D	No-Essential3D
273	G	273	8.018	17.842	111.641	-0.23	0.101083032490975	0.37845643214982405	-1.273979518258112	0	1	No-PER3D	No-Essential3D
274	L	274	11.287	17.396	113.441	-0.46	0.101083032490975	0.3676982151250159	-1.060592143143681	0	1	No-PER3D	No-Essential3D
275	V	275	12.788	20.461	111.88	0.01	0.0938628158844765	0.1928056577735798	-1.389966776250307	0	1	No-PER3D	No-Essential3D
276	M	276	9.654	22.468	112.546	-0.23	0.0938628158844765	0.13135038346588393	-1.472311246103249	0	1	No-PER3D	No-Essential3D
277	T	277	9.507	21.473	116.239	-0.23	0.0935251798561151	-0.18786765646877832	-1.0781262556841835	0	1	No-PER3D	No-Essential3D
278	N	278	8.273	24.838	117.289	-0.23	0.0935251798561151	-0.34577758203087944	-1.1815716157002176	0	1	No-PER3D	No-Essential3D
279	N	279	5.021	25.834	118.821	0.48	0.100082712985939	-0.47209670776593715	-1.0370893373401215	0	1	No-PER3D	No-Essential3D
280	E	280	1.706	27.599	118.456	-0.23	0	-0.29912812182543463	-1.2223910128974274	0	1	No-PER3D	No-Essential3D
281	D	281	3.032	29.784	115.717	0.24	0	-0.10972627763016818	-1.6378579812449452	0	1	No-PER3D	No-Essential3D
282	V	282	3.206	27.018	113.198	0.48	0.0942857142857143	-0.04468215135658607	-1.6111044523611189	0	1	No-PER3D	No-Essential3D
283	S	283	0.859	24.426	114.587	0.01	0.093944099378882	-0.031805503611832354	-1.3814386226271727	0	1	No-PER3D	No-Essential3D
284	G	284	-1.122	24.748	111.397	1.42	0.0946298227320125	0.13409326060627563	-1.613944529105958	0	1	No-PER3D	No-Essential3D
285	A	285	1.882	23.744	109.354	0.48	0.094025974025974	0.17218642305410992	-1.562485469432635	0	1	No-PER3D	No-Essential3D
286	F	286	2.54	20.837	111.65	0.95	0.094025974025974	0.2062023356986591	-1.3440690891118452	0	1	No-PER3D	No-Essential3D
287	V	287	-1.053	19.751	111.274	0.01	0.0880778588807786	0.32646531950672314	-1.432995407637235	0	1	No-PER3D	No-Essential3D
288	T	288	-0.876	19.927	107.496	0.48	0.10237556561086	0.577826794460631	-1.4381877887070922	0	1	No-PER3D	No-Essential3D
289	L	289	2.099	17.599	107.476	1.19	0.103133903133903	0.5760044123623205	-1.3164951892326022	0	1	No-PER3D	No-Essential3D
290	R	290	0.32	15.179	109.771	1.66	0.103517300543323	0.8106636572741425	-1.084405071517353	0	1	No-PER3D	No-Essential3D
291	V	291	-2.465	14.756	107.229	0.71	0.104089219330855	0.8961844303594179	-1.1589762674068171	0	1	No-PER3D	No-Essential3D
292	F	292	0.144	14.358	104.498	0.71	0.0966542750929368	0.8994745936789383	-1.149683483942226	0	1	No-PER3D	No-Essential3D
293	R	293	1.346	11.22	106.269	1.66	0.0970149253731343	1.0180177193881619	-0.9244043033603995	0	1	No-PER3D	No-Essential3D
294	V	294	-1.69	9.312	104.962	1.19	0.0908863920099875	1.064055694309826	-0.9798919572055569	0	1	No-PER3D	No-Essential3D
295	F	295	-0.198	9.471	101.467	0.95	0.096388741370154	1.191731859578408	-0.9784578180930247	0	1	No-PER3D	No-Essential3D
296	R	296	2.04	6.609	102.567	1.66	0.095677385345282	1.1047505304416612	-0.8001094911104297	0	1	No-PER3D	No-Essential3D
297	I	297	-0.942	4.486	101.553	1.66	0.103517300543323	1.0768323296380924	-1.0321695558627024	0	1	No-PER3D	No-Essential3D
298	F	298	0.082	5.13	97.934	1.66	0.0961232076473712	1.1462771004811403	-1.0052243509338608	0	1	No-PER3D	No-Essential3D
299	K	299	3.302	3.25	98.59	1.66	0.104292711034284	1.1051129526463974	-0.8549448870152571	0	1	No-PER3D	No-Essential3D
300	F	300	1.265	0.09	98.034	0.95	0.113095238095238	0.9621826956534617	-1.003266704262755	1.972967191266029	0.4734523593583996	No-PER3D	No-Essential3D
301	S	301	0.962	1.074	94.395	1.19	0.12465564738292	1.1202138778437494	-1.1232917837549166	5.931820498312486	0.272662192393736	No-PER3D	No-Essential3D
302	R	302	4.436	-0.266	93.758	1.66	0.138167938931298	1.0877751420133603	-0.8847128051856618	2.9694933518639397	0.38077997460547797	No-PER3D	No-Essential3D
303	H	303	3.106	-3.649	94.859	1.66	0.137121212121212	0.7782706105611471	-0.8516571853715483	1.4718480598650527	0.5527951545235722	No-PER3D	No-Essential3D
304	S	304	-0.316	-3.505	93.253	0.24	0.137121212121212	0.349685684819977	-0.6601155718167352	1.4718480598650527	0.5527951545235722	No-PER3D	No-Essential3D
305	Q	305	-1.032	-4.017	89.597	0.01	0.12465564738292	0.21754097324684227	0.20607524210462427	1.972967191266029	0.4734523593583996	No-PER3D	No-Essential3D
306	G	306	-4.558	-2.737	90.038	1.66	0.13609022556391	0.39495289112403476	0.2524515385804768	1.972967191266029	0.4734523593583996	No-PER3D	No-Essential3D
307	L	307	-3.387	0.461	91.632	1.66	0.137121212121212	0.8874711702580672	-0.7258343665560422	1.972967191266029	0.4734523593583996	No-PER3D	No-Essential3D
308	R	308	-1.029	0.87	88.732	0.95	0.12465564738292	1.0585416993377643	-0.7631018362336641	168.66725658376984	0.14666666666666664	No-PER3D	No-Essential3D
309	I	309	-3.876	0.309	86.3	1.19	0.137121212121212	0.8212845917370839	-0.06280408233469116	2.9694933518639397	0.38077997460547797	No-PER3D	No-Essential3D
310	L	310	-6.004	2.79	88.156	1.66	0.123255022131427	1.0135874066348785	-0.4427691865398273	168.66725658376984	0.020671140939597318	PER3D	Essential3D
311	G	311	-3.173	5.262	87.873	1.66	0.122795115332429	1.0596942019488262	-0.9255412741610815	168.66725658376984	0.020671140939597318	PER3D	Essential3D
312	Y	312	-2.846	4.774	84.156	0.48	0.122338627914836	0.8744239708875551	-0.2839215922797117	168.66725658376984	0.020671140939597318	PER3D	Essential3D
313	T	313	-6.597	5.071	83.845	1.66	0	1.0432637288105122	-0.4888731757258063	168.66725658376984	0.002793397424269906	PER3D	Essential3D
314	L	314	-6.794	8.379	85.673	1.66	0	1.1207550950028227	-1.0467386502346598	168.66725658376984	0.020671140939597318	PER3D	Essential3D
315	K	315	-3.907	9.781	83.705	0.71	0	0.9725389101538056	-1.1655408216520204	168.66725658376984	0.14666666666666664	No-PER3D	No-Essential3D
316	S	316	-5.701	9.019	80.465	0.95	0	1.0541432116711902	-0.9690529510858561	168.66725658376984	0.14666666666666664	No-PER3D	No-Essential3D
317	C	317	-9.054	10.224	81.866	0.71	0	1.1435575849795943	-1.1336981341804573	168.66725658376984	0.020671140939597318	PER3D	Essential3D
318	A	318	-8.016	13.76	82.842	0.48	0	1.1252532723096085	-1.7248624278143492	168.66725658376984	0.020671140939597318	PER3D	Essential3D
319	S	319	-10.158	15.452	80.223	0.48	0	1.1127238189458628	-1.9170600686493018	168.66725658376984	0.020671140939597318	PER3D	Essential3D
320	E	320	-13.309	13.547	81.128	1.66	0	1.1187641890248037	-1.6828073988068457	168.66725658376984	0.020671140939597318	PER3D	Essential3D
321	L	321	-12.514	13.723	84.802	0.95	0	1.1671429069185968	-1.7954288746926421	168.66725658376984	0.020671140939597318	PER3D	Essential3D
322	G	322	-12.326	17.478	84.339	0.71	0	0.9875431894298945	-1.9170600686493018	168.66725658376984	0.020671140939597318	PER3D	Essential3D
323	F	323	-15.692	17.587	82.627	0.95	0	0.9978030325712518	-1.8954981751751667	168.66725658376984	0.020671140939597318	PER3D	Essential3D
324	L	324	-17.2	15.737	85.522	1.66	0	1.1578091412150768	-1.839770412884649	168.66725658376984	3.610513677627778e-4	PER3D	Essential3D
325	L	325	-15.993	18.311	87.988	1.42	0	1.083548831464579	-1.8040391414547323	168.66725658376984	0.002793397424269906	PER3D	Essential3D
326	F	326	-16.948	21.125	85.646	0.95	0	0.9500153238720798	-1.8244164427358343	0	1	No-PER3D	No-Essential3D
327	S	327	-20.488	19.964	85.032	0.24	0	1.1435575849795943	-1.8009784028368425	168.66725658376984	3.610513677627778e-4	PER3D	Essential3D
328	L	328	-20.975	19.268	88.705	1.66	0	1.1842763170809725	-1.708824497861425	168.66725658376984	5.218786893500677e-6	PER3D	Essential3D
329	T	329	-19.768	22.73	89.59	0.24	0	1.1471539283958252	-1.6427343163915622	168.66725658376984	3.610513677627778e-4	PER3D	Essential3D
330	M	330	-22.192	24.29	87.159	1.19	0.133085501858736	1.1094777765903974	-1.6749556097674672	168.66725658376984	3.610513677627778e-4	PER3D	Essential3D
331	A	331	-25.059	22.255	88.556	1.42	0.131617647058824	1.1931052489858303	-1.6542085848422126	82.40610718579374	5.499223601483003e-8	PER3D	Essential3D
332	I	332	-24.006	23.01	92.097	1.19	0.119652406417112	1.1203156103924474	-1.5900214191252946	68.43763455040643	4.994505333252746e-7	PER3D	Essential3D
333	I	333	-24.078	26.756	91.598	1.19	0.109489051094891	1.062226325085918	-1.4811671205231982	45.35064510473931	3.3052316992171046e-5	PER3D	Essential3D
334	I	334	-27.288	26.672	89.634	1.42	0.109090909090909	1.1292916911623863	-1.5866998452230932	56.20206981802447	4.21314652863033e-6	PER3D	Essential3D
335	F	335	-29.18	24.524	92.112	1.66	0.130434782608696	1.1693652320861019	-1.5866441845314951	118.21117569297233	5.274422676746606e-10	PER3D	Essential3D
336	A	336	-27.714	26.168	95.168	0.95	0.131272727272727	1.0218000433868608	-1.4883209354154876	118.21117569297233	5.274422676746606e-10	PER3D	Essential3D
337	T	337	-28.794	29.543	93.903	1.19	0.120320855614973	1.0760466918265346	-1.4158815758671315	56.20206981802447	4.21314652863033e-6	PER3D	Essential3D
338	V	338	-32.336	28.471	93.125	0.71	0.12021312021312	1.163191110955413	-1.5315209809330768	56.20206981802447	4.21314652863033e-6	PER3D	Essential3D
339	M	339	-32.88	26.656	96.397	0.95	0.109184914841849	0.863812248732872	-1.516821832412664	70.58134025562813	2.970217227691376e-10	PER3D	Essential3D
340	F	340	-31.507	29.559	98.355	1.19	0.108576642335766	0.8373973924634494	-1.4678640378131487	59.192318691946625	3.1781580018168256e-9	PER3D	Essential3D
341	Y	341	-33.918	32.059	96.877	1.19	0.119214119214119	0.850417124045813	-1.430410644142604	28.118191810147675	1.7211082512197987e-5	PER3D	Essential3D
342	A	342	-36.808	29.635	97.099	1.66	0.20027972027972	0.706810949641044	-1.5244801091459566	34.282339409487534	2.2772837225670524e-6	PER3D	Essential3D
343	E	343	-36.19	29.205	100.845	1.66	0.20027972027972	0.5870757137512406	-1.518683525581289	41.34385596050598	2.77221384670053e-7	PER3D	Essential3D
344	K	344	-35.17	32.793	101.522	-0.23	0.20174697097774	0.5800791530888036	-1.4071380935222453	28.118191810147675	1.7211082512197987e-5	PER3D	Essential3D
345	G	345	-38.537	34.032	102.737	0.01	0.199554069119287	0.44941488486664405	-1.4262901507181014	35.71091207599703	2.4098515949400287e-4	PER3D	Essential3D
346	S	346	-38.866	31.407	105.466	0.24	0.199554069119287	0.4049857375365319	-1.4508286466146614	35.71091207599703	2.4098515949400287e-4	PER3D	Essential3D
347	S	347	-37.643	32.044	108.996	-0.7	0.201010668163953	-0.031443081407095924	-1.2995876655627667	27.085448253956976	0.0016272041095062146	PER3D	No-Essential3D
348	A	348	-37.038	28.284	109.114	-0.46	0.20174697097774	0.13316908398419774	-1.423082146180074	45.35064510473931	3.3052316992171046e-5	PER3D	Essential3D
349	S	349	-34.766	28.392	106.043	1.19	0.21875	0.4692431944363037	-1.413268411879384	28.118191810147675	1.7211082512197987e-5	PER3D	Essential3D
350	K	350	-32.004	25.801	106.106	-0.7	0.217524509803922	0.6410500654574861	-1.3974762592995271	41.34385596050598	2.77221384670053e-7	PER3D	Essential3D
351	F	351	-29.925	27.742	103.62	1.66	0.220149253731343	0.7078342593955939	-1.3942752440197839	49.53622842357502	3.101067321030938e-8	PER3D	Essential3D
352	T	352	-28.055	30.681	105.15	-0.23	0.218518518518519	0.6302190570400751	-1.32689808552571	28.118191810147675	1.7211082512197987e-5	PER3D	Essential3D
353	S	353	-26.489	31.663	101.855	1.19	0.200226244343891	0.8732615840345459	-1.285469646019563	35.71091207599703	2.4098515949400287e-4	PER3D	Essential3D
354	I	354	-25.84	30.386	98.375	1.66	0.200965086573943	0.9192461188788681	-1.3152564904278032	45.35064510473931	3.3052316992171046e-5	PER3D	Essential3D
355	P	355	-22.385	29.223	99.245	1.66	0.187301587301587	0.9705225247965447	-1.3755176489439802	56.20206981802447	4.21314652863033e-6	PER3D	Essential3D
356	A	356	-23.769	27.261	102.162	-0.23	0.187466808284652	0.9375724158408334	-1.3749276495653913	56.20206981802447	4.21314652863033e-6	PER3D	Essential3D
357	S	357	-26.256	25.593	99.849	0.95	0.187466808284652	1.0203061567380691	-1.4202922449520845	99.130311067069	5.607980758113775e-9	PER3D	Essential3D
358	F	358	-23.369	24.251	97.804	1.66	0.201139601139601	1.1173628231664892	-1.4426857043306742	82.40610718579374	5.499223601483003e-8	PER3D	Essential3D
359	W	359	-23.106	21.448	100.309	1.66	0.217901234567901	1.0612598658732875	-1.4314921803598826	82.40610718579374	5.499223601483003e-8	PER3D	Essential3D
360	Y	360	-26.724	20.477	99.897	1.42	0.220349563046192	1.1347696964730019	-1.4935134225793152	140.84194191583182	4.549395237608631e-11	PER3D	Essential3D
361	T	361	-26.51	20.551	96.127	0.71	0.132330827067669	1.2104517543274036	-1.5700876232261298	167.66725658376984	3.572657310577891e-12	PER3D	Essential3D
362	I	362	-23.455	18.307	96.007	1.19	0.110486891385768	1.2334104131230992	-1.5870805624905768	82.40610718579374	5.499223601483003e-8	PER3D	Essential3D
363	V	363	-25.011	15.923	98.49	1.66	0.11963501182832	1.288461096290825	-1.5410201268258783	82.40610718579374	5.499223601483003e-8	PER3D	Essential3D
364	T	364	-28.145	15.792	96.359	1.19	0.132462686567164	1.2583412458383905	-1.6374249313394234	140.84194191583182	4.549395237608631e-11	PER3D	Essential3D
365	M	365	-26.495	15.456	92.954	1.66	0.133333333333333	1.2539569642685424	-1.6638481160245087	168.66725658376984	6.082502206877278e-8	PER3D	Essential3D
366	T	366	-24.32	12.597	94.195	1.66	0.132835820895522	1.3816410948603055	-1.658835314060634	168.66725658376984	5.218786893500677e-6	PER3D	Essential3D
367	T	367	-27.531	11.238	95.713	1.66	0.119972963839135	1.365694517851902	-1.6765811057766449	168.66725658376984	6.082502206877278e-8	PER3D	Essential3D
368	L	368	-25.818	10.893	99.078	1.19	0.11986531986532	1.4736963348633625	-1.5268704197144292	168.66725658376984	5.798652103889655e-7	PER3D	Essential3D
369	G	369	-28.702	12.757	100.756	1.66	0.11952861952862	1.3172334916185715	-1.5826117981336967	168.66725658376984	6.082502206877278e-8	PER3D	Essential3D
370	Y	370	-27.517	13.154	104.358	1.66	0.146090534979424	1.3287274529687845	-1.47809671359757	168.66725658376984	5.218786893500677e-6	PER3D	Essential3D
371	G	371	-30.623	15.127	105.253	1.66	0.132342007434944	1.0204873678404374	-1.5135466207358836	168.66725658376984	4.45131823269178e-5	PER3D	Essential3D
372	D	372	-28.787	17.728	107.301	1.66	0.133333333333333	1.006768621443502	-1.437667876666277	56.20206981802447	4.21314652863033e-6	PER3D	Essential3D
373	M	373	-30.083	20.427	104.981	1.66	0	0.9064930871334205	-1.4516801802119357	99.130311067069	5.607980758113775e-9	PER3D	Essential3D
374	V	374	-33.39	20.165	103.185	-0.46	0	0.8521209347871388	-1.5443571623426111	118.21117569297233	5.274422676746606e-10	PER3D	Essential3D
375	P	375	-35.816	22.499	101.527	1.66	0	0.7372544148389052	-1.5472317932551003	70.58134025562813	2.970217227691376e-10	PER3D	Essential3D
376	K	376	-39.034	23.232	103.406	-0.23	0	0.567553841693112	-1.5733581927571414	56.20206981802447	4.21314652863033e-6	PER3D	Essential3D
377	T	377	-41.03	25.022	100.728	1.66	0	0.49425032656311846	-1.560986957320414	35.71091207599703	2.4098515949400287e-4	PER3D	Essential3D
378	I	378	-42.815	23.854	97.637	0.01	0	0.7685133299974236	-1.7590488790098207	168.66725658376984	3.610513677627778e-4	PER3D	Essential3D
379	A	379	-40.521	25.841	95.408	0.95	0	0.7345126120726381	-1.6708049239191307	45.35064510473931	3.3052316992171046e-5	PER3D	Essential3D
380	G	380	-37.496	24.489	97.175	1.66	0	0.7975482907177869	-1.58901110965962	49.53622842357502	3.101067321030938e-8	PER3D	Essential3D
381	K	381	-38.79	20.977	96.711	0.71	0	0.9420559079881549	-1.7548127847478188	168.66725658376984	4.45131823269178e-5	PER3D	Essential3D
382	I	382	-39.244	21.376	92.992	1.42	0	0.9488054332036362	-1.7879984159772981	168.66725658376984	4.45131823269178e-5	PER3D	Essential3D
383	F	383	-35.722	22.667	92.75	0.71	0	1.0118386561364996	-1.6774270631690078	168.66725658376984	6.082502206877278e-8	PER3D	Essential3D
384	G	384	-34.493	19.771	94.834	1.66	0	1.0960523975279863	-1.6651354160760092	118.21117569297233	5.274422676746606e-10	PER3D	Essential3D
385	S	385	-36.318	17.279	92.677	0.71	0	1.0586504259991851	-1.7748485239751046	168.66725658376984	6.082502206877278e-8	PER3D	Essential3D
386	I	386	-34.69	18.598	89.551	1.42	0	1.1632213128058075	-1.7362601906894057	168.66725658376984	5.798652103889655e-7	PER3D	Essential3D
387	C	387	-31.369	18.76	91.33	1.66	0	1.2622572615811758	-1.6630829786799575	168.66725658376984	5.99683316170998e-9	PER3D	Essential3D
388	S	388	-31.463	15.055	92.043	0.95	0	1.2974591648222127	-1.705349984964185	168.66725658376984	5.798652103889655e-7	PER3D	Essential3D
389	L	389	-32.397	14.077	88.52	1.42	0	1.2771317100035777	-1.7691419930701902	168.66725658376984	5.218786893500677e-6	PER3D	Essential3D
390	S	390	-29.812	16.429	87.112	0.95	0	1.2168943155072525	-1.7407139866521502	168.66725658376984	5.798652103889655e-7	PER3D	Essential3D
391	G	391	-27.189	14.87	89.328	1.66	0	1.250060515587756	-1.7110956300944065	168.66725658376984	5.798652103889655e-7	PER3D	Essential3D
392	V	392	-27.765	11.392	88.056	1.66	0	1.3096584692734208	-1.7799414171990233	168.66725658376984	5.218786893500677e-6	PER3D	Essential3D
393	L	393	-27.429	12.517	84.469	1.66	0	1.376171814316101	-1.833175041768556	168.66725658376984	3.610513677627778e-4	PER3D	Essential3D
394	V	394	-24.472	14.763	85.156	0.71	0	1.2653854044119437	-1.800535290279393	168.66725658376984	4.45131823269178e-5	PER3D	Essential3D
395	I	395	-22.405	12.021	86.731	1.66	0	1.2451832892576025	-1.8295947491788322	168.66725658376984	4.45131823269178e-5	PER3D	Essential3D
396	A	396	-23.592	9.451	84.244	0.95	0	1.3777962679926667	-1.8758115155771213	168.66725658376984	3.610513677627778e-4	PER3D	Essential3D
397	L	397	-22.315	11.195	81.163	1.19	0	1.3458130711920742	-1.9170600686493018	168.66725658376984	0.002793397424269906	PER3D	Essential3D
398	P	398	-18.565	11.313	81.743	1.66	0	1.1791864755683004	-1.673797680735982	168.66725658376984	0.002793397424269906	PER3D	Essential3D
399	V	399	-18.15	8.21	83.857	1.66	0	1.286073147334418	-1.5521664867793223	168.66725658376984	0.002793397424269906	PER3D	Essential3D
400	P	400	-18.589	5.531	81.173	1.66	0	1.3558518937653752	-1.1671363973473894	168.66725658376984	0.020671140939597318	PER3D	Essential3D
401	V	401	-15.622	6.9	79.286	1.66	0	1.1993427258778735	-1.1236830433840164	168.66725658376984	0.020671140939597318	PER3D	Essential3D
402	I	402	-13.464	6.516	82.363	1.66	0	1.1269307693715316	-1.079435837905741	168.66725658376984	0.020671140939597318	PER3D	Essential3D
403	V	403	-14.783	3.065	83.044	1.66	0	1.2705823253393285	-0.6338491550250052	168.66725658376984	0.020671140939597318	PER3D	Essential3D
404	S	404	-13.97	2.212	79.462	1.19	0.88723667905824	1.2504442567457121	-0.22551241096143235	168.66725658376984	0.020671140939597318	PER3D	Essential3D
405	N	405	-10.386	3.383	79.833	1.66	0.88723667905824	1.0849381165827354	-0.4356049838630607	168.66725658376984	0.020671140939597318	PER3D	Essential3D
406	F	406	-10.042	1.349	82.974	1.66	0.88723667905824	1.0412230954114299	-0.138812979620121	168.66725658376984	0.002793397424269906	PER3D	Essential3D
407	S	407	-11.401	-1.66	81.204	0.71	1.33582089552239	1.0233608581779907	0.38866250984463613	168.66725658376984	0.14666666666666664	No-PER3D	No-Essential3D
408	R	408	-8.883	-1.163	78.431	0.24	1.34456928838951	0.8177121442903963	0.5149743959587071	5.931820498312486	0.272662192393736	No-PER3D	No-Essential3D
409	I	409	-5.891	-0.843	80.721	0.71	1.33955223880597	0.735529785037056	0.14961320381442228	6.175964344589261	0.10276282034671293	No-PER3D	No-Essential3D
410	Y	410	-7.107	-3.663	82.866	1.66	1.33828996282528	0.634507719796123	0.606049821937764	1.972967191266029	0.4734523593583996	No-PER3D	No-Essential3D
411	H	411	-7.517	-6.122	80.008	0.01	1.34831460674157	0.41179927498557706	1.322301839789289	1.972967191266029	0.4734523593583996	No-PER3D	No-Essential3D
412	Q	412	-4.272	-5.177	78.359	0.24	1.34831460674157	0.35121754223594803	1.176663095596142	2.9694933518639397	0.38077997460547797	No-PER3D	No-Essential3D
413	N	413	-2.478	-6.344	81.428	0.01	1.34831460674157	0.3253978213764085	1.0650570949632172	1.972967191266029	0.4734523593583996	No-PER3D	No-Essential3D
414	Q	414	-5.474	-8.754	82.353	0.71	1.00092936802974	0.11968697796800191	1.4859794077507982	1.972967191266029	0.4734523593583996	No-PER3D	No-Essential3D
415	R	415	-3.864	-11.696	84.113	-0.23	1.00092936802974	-0.2720008198009117	1.391456544145692	1.972967191266029	0.4734523593583996	No-PER3D	No-Essential3D
416	A	416	-7.042	-12.198	86.036	-0.23	1.07164179104478	-0.4629600135288839	1.2436940659547318	1.972967191266029	0.4734523593583996	No-PER3D	No-Essential3D
417	D	417	-5.898	-15.493	87.485	0.71	0.94973544973545	-0.8566784415919826	1.284741589367842	0	1	No-PER3D	No-Essential3D
418	K	418	-2.888	-13.745	88.901	0.71	0.828703703703704	-0.6764640002867851	0.7577955436744249	1.972967191266029	0.4734523593583996	No-PER3D	No-Essential3D
419	R	419	-5.157	-10.912	89.898	-0.94	0.822610294117647	-0.40064775883218073	0.7558977747652427	1.4718480598650527	0.5527951545235722	No-PER3D	No-Essential3D
420	R	420	-7.342	-13.137	91.989	-0.94	0.822610294117647	-0.8566784415919826	0.6647173723388298	1.4718480598650527	0.5527951545235722	No-PER3D	No-Essential3D
421	A	421	-4.356	-14.389	93.897	-0.94	0.654411764705882	-1.1345070399522978	0.7552564032557528	0	1	No-PER3D	No-Essential3D
422	Q	422	-3.447	-10.802	94.534	-0.94	0.716538074471654	-0.7072880087996196	0.4275371367940277	1.1700994384380623	0.9999999999999999	No-PER3D	No-Essential3D
423	K	423	-6.982	-10.191	95.707	-0.94	0.763480392156863	-0.8834595350367177	0.49645376387863194	1.1700994384380623	0.9999999999999999	No-PER3D	No-Essential3D
424	K	424	-7.22	-13.219	97.918	-0.7	0.799550814149354	-1.3524720176714402	1.0133369631393097	0	0.6044352542753155	No-PER3D	No-Essential3D
425	A	425	-3.935	-12.604	99.643	-0.94	0.82987012987013	-1.257021453855589	0.6165332391738307	0	0.6044352542753155	No-PER3D	No-Essential3D
426	R	426	-4.803	-9.015	100.37	-0.94	0.78021978021978	-0.9684305405481075	0.29777192899539795	0	0.6044352542753155	No-PER3D	No-Essential3D
427	L	427	-8.212	-9.734	101.727	-0.94	0.78021978021978	-1.6590812028784732	0.9038672014735126	0	0.592889382049045	No-PER3D	No-Essential3D
428	A	428	-7.298	-12.618	103.935	-0.94	0.818726937269373	-1.6602324263523418	0.8941116520106224	0	0.592889382049045	No-PER3D	No-Essential3D
429	R	429	-4.104	-11.151	105.288	-0.94	0.844506920415225	-1.2530647843723008	0.547518890653242	0	0.5943029605835971	No-PER3D	No-Essential3D
430	I	430	-5.476	-7.772	106.123	-0.94	0.847623182114174	-0.9275871338230262	0.39847180974206026	0	0.6044352542753155	No-PER3D	No-Essential3D
431	R	431	-8.696	-9.056	107.591	-0.94	0.846153846153846	-1.5151782686448847	0.8288822647016514	0	0.35755549660031416	No-PER3D	No-Essential3D
432	V	432	-7.313	-11.924	109.519	-0.94	0.79983660130719	-1.6418128507704426	0.9205976263824791	0	0.35903723448510855	No-PER3D	No-Essential3D
433	A	433	-4.451	-9.95	110.901	-0.94	0.805043050430504	-1.223242614382559	0.591950758939997	0	0.35903723448510855	No-PER3D	No-Essential3D
434	K	434	-6.543	-6.837	111.357	-0.94	0.814054726368159	-1.159729299697967	0.5657721693475413	0	0.35903723448510855	No-PER3D	No-Essential3D
435	T	435	-9.369	-8.565	113.145	-0.94	0.740049751243781	-1.5583278299617414	0.8204880280131681	0	0.35903723448510855	No-PER3D	No-Essential3D
436	G	436	-7.227	-10.756	115.32	-0.94	0.744902205576363	-1.6590812028784732	0.8913748190470291	0	0.35903723448510855	No-PER3D	No-Essential3D
437	S	437	-5.084	-7.935	116.513	-0.94	0.776266508969052	-1.4039359707440155	0.7177963403320291	0	0.36889820010841445	No-PER3D	No-Essential3D
438	S	438	-7.995	-5.712	117.25	-0.94	0.782125124131083	-1.4183947092277114	0.7409705375412222	0	0.21532768773289898	No-PER3D	No-Essential3D
439	N	439	-9.973	-8.268	119.11	-0.7	0.747916666666667	-1.6418128507704426	0.8336765803911222	0	0.36889820010841445	No-PER3D	No-Essential3D
440	A	440	-7.072	-9.494	121.19	-0.94	0.777056277056277	-1.639510403822705	0.8170989986179382	0	0.35755549660031416	No-PER3D	No-Essential3D
441	Y	441	-5.783	-6.099	122.172	-0.94	0.739669421487603	-1.4783391174810858	0.7475806095861	0	0.35755549660031416	No-PER3D	No-Essential3D
442	L	442	-9.218	-4.801	122.773	-0.94	0.761443806398687	-1.6438594702795426	0.7710971876449156	0.5083661522940401	1	No-PER3D	No-Essential3D
443	H	443	-9.925	-7.951	124.681	-0.94	0.761443806398687	-1.6418128507704426	0.7990033157291795	0.5083661522940401	1	No-PER3D	No-Essential3D
444	S	444	-6.964	-7.471	126.971	-0.94	0.760706113108859	-1.6369009639486027	0.8082870954366281	0.5083661522940401	1	No-PER3D	No-Essential3D
445	K	445	-7.541	-3.823	127.544	-0.94	0.76545842217484	-1.6438594702795426	0.7838930039017966	0.4231064619793162	0.694001160817782	No-PER3D	No-Essential3D
446	R	446	-11.25	-4.189	127.907	-0.94	0.76545842217484	-1.6438594702795426	0.8253642847046591	0.4231064619793162	0.694001160817782	No-PER3D	No-Essential3D
447	N	447	-10.959	-7.043	130.331	-0.7	0.731970260223048	-1.6418128507704426	0.8588785964632552	0.4231064619793162	0.694001160817782	No-PER3D	No-Essential3D
448	G	448	-8.543	-5.143	132.493	-0.94	0.7393638992152	-1.6590812028784732	0.8518304566864991	0.5083661522940401	1	No-PER3D	No-Essential3D
449	L	449	-10.675	-2.041	132.604	-0.94	0.782855893286683	-1.6418128507704426	0.8226827691379422	0.4231064619793162	0.694001160817782	No-PER3D	No-Essential3D
450	L	450	-13.809	-4.087	132.945	-0.94	0.787262273330385	-1.639510403822705	0.8608639046712596	0.4231064619793162	0.694001160817782	No-PER3D	No-Essential3D
451	N	451	-12.427	-5.662	136.078	-0.94	0.79023307436182	-1.6418128507704426	0.8532887591232218	0.3605332015054993	0.46886648373887785	No-PER3D	No-Essential3D
452	E	452	-11.063	-2.394	137.341	-0.94	0.892230576441103	-1.6369009639486027	0.8609715248478418	0.4231064619793162	0.694001160817782	No-PER3D	No-Essential3D
453	A	453	-14.418	-0.808	136.828	-0.94	0.854735152487961	-1.6418128507704426	0.8095776318716834	0.4231064619793162	0.694001160817782	No-PER3D	No-Essential3D
454	L	454	-16.075	-3.531	138.857	-0.94	0.812124678295682	-1.6418128507704426	0.7861762316913198	0.38959191555948486	0.6988472962799438	No-PER3D	No-Essential3D
455	E	455	-13.37	-3.465	141.461	-0.94	0.769826517967782	-1.639510403822705	0.7846064864187187	0.4622091517076809	0.6928802859489825	No-PER3D	No-Essential3D
456	L	456	-13.622	0.271	141.792	-0.94	0.714525327071453	-1.6590812028784732	0.7880109828517184	0.4622091517076809	0.6928802859489825	No-PER3D	No-Essential3D
457	T	457	-17.365	0.237	141.861	-0.7	0.78021978021978	-1.6602324263523418	0.7876249604666434	0.4622091517076809	0.6928802859489825	No-PER3D	No-Essential3D
458	G	458	-17.326	-2.346	144.586	-0.94	0.78021978021978	-1.6590812028784732	0.7831275168036587	0	0.36889820010841445	No-PER3D	No-Essential3D
459	T	459	-14.817	-0.464	146.625	-0.94	0.724460724460724	-1.6590812028784732	0.7831275168036587	0	0.36889820010841445	No-PER3D	No-Essential3D
460	P	460	-16.786	2.708	147.079	-0.94	0.659259259259259	-1.6590812028784732	0.7325198409485406	0	0.35903723448510855	No-PER3D	No-Essential3D
461	E	461	-20.167	1.042	146.985	-0.94	0.654411764705882	-1.6590812028784732	0.7325198409485406	0	0.35903723448510855	No-PER3D	No-Essential3D
462	E	462	-19.341	-1.199	149.901	-0.94	0.653846153846154	-1.6590812028784732	0.6896538429657305	0	0.35755549660031416	No-PER3D	No-Essential3D
463	E	463	-17.477	1.547	151.661	-0.94	0.747252747252747	-1.657776482941422	0.6973683331896822	0	0.5943029605835971	No-PER3D	No-Essential3D
464	H	464	-20.559	3.729	151.525	-0.94	0.747899159663866	-1.6590812028784732	0.8660406968263611	0	0.5943029605835971	No-PER3D	No-Essential3D
465	M	465	-22.75	0.804	152.433	-0.94	0.748550342646284	-1.6418128507704426	0.982412240134716	0	0.35755549660031416	No-PER3D	No-Essential3D
466	G	466	-20.831	0.012	155.541	-0.94	0.791111111111111	-1.6590812028784732	0.9898188414335487	0	0.5943029605835971	No-PER3D	No-Essential3D
467	K	467	-20.647	3.597	156.634	-0.94	0.791111111111111	-1.657776482941422	1.1411148807030231	0	1	No-PER3D	No-Essential3D
468	T	468	-24.287	4.398	156.187	-0.94	0.664179104477612	-1.657776482941422	1.1411148807030231	0	1	No-PER3D	No-Essential3D
469	T	469	-25.511	1.253	157.829	-0.94	0.662313432835821	-1.6590812028784732	1.53739187020757	0	0.592889382049045	No-PER3D	No-Essential3D
470	S	470	-23.751	1.83	161.094	-0.94	0.883084577114428	-1.657776482941422	1.612320104688958	0	1	No-PER3D	No-Essential3D
471	L	471	-24.59	5.489	161.099	-0.94	0.878109452736318	-1.656285374441935	1.6741714704060942	0	1	No-PER3D	No-Essential3D
472	I	472	-28.218	4.986	160.205	-0.94	1.32706766917293	-1.657776482941422	1.6694969239968966	0	1	No-PER3D	No-Essential3D
473	E	473	-28.862	2.192	162.615	-0.7	1.33584905660377	-1.657776482941422	1.7421695338031538	0	1	No-PER3D	No-Essential3D
474	S	474	-28.279	4.241	165.717	-0.94	1.32584269662921	-1.6525576031932172	1.8866663159298673	0	1	No-PER3D	No-Essential3D
475	Q	475	-29.937	2.377	168.537	-0.94	1.31111111111111	-1.6501853851258512	2.102342225295093	0	1	No-PER3D	No-Essential3D
476	H	476	-30.198	-1.35	167.796	-0.94	1.31970260223048	-1.6545648646348343	2.041139085742518	0	1	No-PER3D	No-Essential3D
477	H	477	-32.048	-1.681	164.552	-0.94	1.31970260223048	-1.6545648646348343	2.041139085742518	0	1	No-PER3D	No-Essential3D
478	H	478	-34.513	-4.435	163.822	-0.94	0.987873134328358	-1.657776482941422	2.081175228246347	0	1	No-PER3D	No-Essential3D
479	L	479	-32.56	-7.571	164.417	-0.94	1.05373134328358	-1.6545648646348343	1.968913879368643	0	1	No-PER3D	No-Essential3D
480	L	480	-33.387	-10.778	162.623	-0.94	1.0976368159204	-1.6786520019342412	1.8409901355064033	0	1	No-PER3D	No-Essential3D
481	H	481	-33.502	-14.01	164.705	-0.94	0.992481203007519	-1.6786520019342412	1.6317906815823013	0	1	No-PER3D	No-Essential3D
482	C	482	-36.934	-14.287	163.099	-0.94	0.999056603773585	-1.6786520019342412	1.6079548079885009	0	1	No-PER3D	No-Essential3D
483	L	483	-38.882	-11.729	165.002	-0.94	0.893939393939394	-1.6786520019342412	1.5907027929824824	0	1	No-PER3D	No-Essential3D
484	E	484	-42.55	-12.377	164.799	-0.94	0.944866920152091	-1.6786520019342412	1.5907027929824824	0	1	No-PER3D	No-Essential3D
485	K	485	-45.859	-10.71	165.564	-0.94	0.948473282442748	-1.6786520019342412	1.491302458276445	0	1	No-PER3D	No-Essential3D
486	T	486	-46.676	-7.124	165.087	-0.94	0.99020979020979	-1.6786520019342412	1.465867045530188	0	1	No-PER3D	No-Essential3D
487	T	487	-43.872	-5.651	167.172	-0.94	0.98265093684941	-1.6786520019342412	1.5424405162221315	0	1	No-PER3D	No-Essential3D
488	G	488	-41.32	-3.08	166.131	-0.94	0.934483767183387	-1.6786520019342412	1.8006317126474642	0	1	No-PER3D	No-Essential3D
