Uniprot_position	aminoacid	Position_in_structure	x	y	z	paraz	mtr	paraz3dscore	mtr3dscore	PER3D_OR	PER3D_pvalue	PER3D	Essential3D
208	P	208	-22.668	32.896	63.904	NA	0.680170575692964	Inf	0.666612804816164	0	1	No-PER3D	No-Essential3D
209	N	209	-23.409	29.486	62.53	NA	0.709479553903346	Inf	0.6542805292470967	0	0.9999999999999999	No-PER3D	No-Essential3D
210	T	210	-20.691	28.575	60.075	NA	0.709479553903346	Inf	0.6813390419436178	0	0.9999999999999999	No-PER3D	No-Essential3D
211	G	211	-20.069	25.736	57.682	NA	0.67949725058916	Inf	0.6996474767344071	0	0.9999999999999999	No-PER3D	No-Essential3D
212	R	212	-17.042	23.6	57.177	NA	0.68401340429726	Inf	0.7765584657331578	0	1	No-PER3D	No-Essential3D
213	D	213	-16.117	22.837	53.622	NA	0.720551378446115	Inf	0.713392695227365	0	1	No-PER3D	No-Essential3D
214	K	214	-14.007	19.738	53.474	NA	0.719320066334992	Inf	0.7718250116121231	0	1	No-PER3D	No-Essential3D
215	D	215	-12.671	18.594	50.153	NA	0.717852684144819	Inf	0.7520920913504017	0	1	No-PER3D	No-Essential3D
216	H	216	-11.51	15.042	50.024	NA	0.703917910447761	Inf	0.7751652989140009	0	1	No-PER3D	No-Essential3D
217	L	217	-8.596	16.199	47.943	NA	0.73015873015873	Inf	0.798253639916067	0	0.9999999999999999	No-PER3D	No-Essential3D
218	L	218	-4.776	16.249	48.181	NA	0.730748805098247	Inf	0.689105952641714	0	1	No-PER3D	No-Essential3D
219	K	219	-2.129	13.682	48.829	NA	0.727464417501318	Inf	0.8732823187364784	0	1	No-PER3D	No-Essential3D
220	Y	220	-3.887	12.231	51.818	NA	0.768888888888889	Inf	0.9355934937216336	0	1	No-PER3D	No-Essential3D
221	N	221	-7.29	12.262	53.434	NA	0.771747211895911	Inf	0.9113076403047121	0	1	No-PER3D	No-Essential3D
222	V	222	-8.798	11.383	56.844	NA	0.744668362355704	Inf	0.9373924001324887	0	1	No-PER3D	No-Essential3D
223	G	223	-8.633	7.574	56.733	NA	0.739172654884444	Inf	0.9490783882883791	0	1	No-PER3D	No-Essential3D
224	D	224	-5.286	7.128	55.095	NA	0.713991769547325	Inf	1.0034523115712788	0	0.9999999999999999	No-PER3D	No-Essential3D
225	L	225	-2.702	4.999	56.826	NA	0.718711276332094	Inf	0.9587444322435135	0	0.9999999999999999	No-PER3D	No-Essential3D
226	V	226	0.748	6.503	56.815	NA	0.732509328358209	Inf	1.0608306149209592	0	1	No-PER3D	No-Essential3D
227	W	227	4.164	6.06	58.337	NA	0.689382716049383	Inf	1.1358546122627806	0	1	No-PER3D	No-Essential3D
228	S	228	5.001	9.224	60.159	NA	0.596082883905762	Inf	1.0208360850687164	0	0.9999999999999999	No-PER3D	No-Essential3D
229	K	229	8.325	10.515	61.384	NA	0.642066420664207	Inf	1.0043553948796167	0	1	No-PER3D	No-Essential3D
230	V	230	8.814	12.633	64.481	NA	0.689962825278811	Inf	0.9159034525073935	0	0.9999999999999999	No-PER3D	No-Essential3D
231	S	231	12.245	13.674	65.686	NA	0.642592592592593	Inf	0.954547811967875	0	0.9999999999999999	No-PER3D	No-Essential3D
232	G	232	12.681	11.612	68.895	NA	0.642066420664207	Inf	0.6928706477079953	0	0.9999999999999999	No-PER3D	No-Essential3D
233	Y	233	10.531	8.708	67.711	NA	0.814171122994652	Inf	0.6685177146203674	1	0.03831417624521073	No-PER3D	No-Essential3D
234	P	234	11.078	5.85	65.361	NA	0.902222222222222	Inf	0.8076897675394242	1	0.0421455938697318	No-PER3D	No-Essential3D
235	W	235	9.032	5.834	62.195	NA	0.902222222222222	Inf	0.9337133587013811	1	0.0613026819923372	No-PER3D	No-Essential3D
236	W	236	5.58	5.055	63.472	NA	0.938154782020953	Inf	0.8914766046886239	1	0.057471264367816105	No-PER3D	No-Essential3D
237	P	237	2.372	3.737	62.012	NA	1.00414593698176	Inf	0.9831736837515777	0	1	No-PER3D	No-Essential3D
238	C	238	-0.353	6.369	62.052	NA	0.957564575645756	Inf	0.8959420756152985	0	1	No-PER3D	No-Essential3D
239	M	239	-3.672	7.347	60.535	NA	0.960332103321033	Inf	0.8713391121244133	0	0.9999999999999999	No-PER3D	No-Essential3D
240	V	240	-4.56	10.784	59.203	NA	0.966666666666667	Inf	0.9118055629721341	0	1	No-PER3D	No-Essential3D
241	S	241	-7.131	12.247	61.542	NA	0.858548585485855	Inf	0.8531928752917765	0	0.9999999999999999	No-PER3D	No-Essential3D
242	A	242	-8.902	15.484	62.299	NA	0.85997521685254	Inf	0.9067999361044224	0	1	No-PER3D	No-Essential3D
243	D	243	-7.241	17.635	64.91	NA	0.853628536285363	Inf	0.8782706707108467	0	1	No-PER3D	No-Essential3D
244	P	244	-9.284	17.532	68.028	NA	0.768265682656827	Inf	0.82493687475877	0	1	No-PER3D	No-Essential3D
245	L	245	-9.33	21.272	68.555	NA	0.768888888888889	Inf	1.0026269564367192	0	1	No-PER3D	No-Essential3D
246	L	246	-9.386	22.626	64.996	NA	0.765441176470588	Inf	0.893150443093354	0	1	No-PER3D	No-Essential3D
247	H	247	-11.179	19.719	63.396	NA	0.791514598540146	Inf	0.926035280212784	0	1	No-PER3D	No-Essential3D
248	S	248	-8.946	20.149	60.348	NA	0.639194139194139	Inf	0.8433176241126609	0	1	No-PER3D	No-Essential3D
249	Y	249	-6.907	17.284	58.922	NA	0.634545454545455	Inf	0.8374262205307511	0	1	No-PER3D	No-Essential3D
250	T	250	-4.548	19.433	56.85	NA	0.638686131386861	Inf	0.7545767565639262	0	0.9999999999999999	No-PER3D	No-Essential3D
251	K	251	-3.107	22.926	57.262	NA	0.638686131386861	Inf	0.5427262349218691	0	1	No-PER3D	No-Essential3D
252	L	252	-0.483	24.976	55.498	NA	0.563607085346216	Inf	0.32193837176619067	0	1	No-PER3D	No-Essential3D
253	K	253	2.537	26.073	57.426	NA	0.561996779388084	Inf	0.30488371106611123	0	1	No-PER3D	No-Essential3D
254	G	254	2.631	29.013	55.084	NA	0.508695652173913	Inf	0.18234222003555667	0	1	No-PER3D	No-Essential3D
255	Q	255	5.117	31.834	54.717	NA	0.629963898916968	Inf	0.10467345986014172	0	1	No-PER3D	No-Essential3D
256	K	256	7.124	32.905	51.751	NA	0.633574007220217	Inf	0.07901380539874378	0	1	No-PER3D	No-Essential3D
257	K	257	7.117	29.251	50.86	NA	0.634892086330935	Inf	0.10467345986014172	0	1	No-PER3D	No-Essential3D
258	S	258	4.152	27.247	52.015	NA	0.582299421009099	Inf	0.2159635771844925	0	1	No-PER3D	No-Essential3D
259	A	259	4.521	23.749	53.345	NA	0.630824372759857	Inf	0.388660514134704	0	1	No-PER3D	No-Essential3D
260	R	260	1.62	21.389	53.8	NA	0.633093525179856	Inf	0.5011980191647192	0	1	No-PER3D	No-Essential3D
261	Q	261	1.042	19.489	57.012	NA	0.633093525179856	Inf	0.6710330258618289	0	1	No-PER3D	No-Essential3D
262	Y	262	-1.273	16.66	57.968	NA	0.681793027116768	Inf	0.813197464700206	0	0.9999999999999999	No-PER3D	No-Essential3D
263	H	263	-2.662	15.767	61.377	NA	0.681793027116768	Inf	0.8408122543636013	0	1	No-PER3D	No-Essential3D
264	V	264	-2.125	12.192	62.444	NA	0.633093525179856	Inf	0.8335436377085456	0	1	No-PER3D	No-Essential3D
265	Q	265	-3.097	9.793	65.209	NA	0.629032258064516	Inf	0.8515903464063914	0	0.9999999999999999	No-PER3D	No-Essential3D
266	F	266	-0.503	7.26	66.336	NA	0.587529976019185	Inf	0.815873730566679	0	1	No-PER3D	No-Essential3D
267	F	267	-1.53	3.65	66.436	NA	0.547267025089606	Inf	0.7703902158349584	0	1	No-PER3D	No-Essential3D
268	G	268	-0.733	1.815	69.634	NA	0.593350383631714	Inf	0.6244439323872564	1	0.026819923371647503	No-PER3D	No-Essential3D
269	D	269	-0.971	4.89	71.827	NA	0.59379679144385	Inf	0.6134662405955923	1	0.022988505747126443	No-PER3D	No-Essential3D
270	A	270	-4.314	6.64	71.649	NA	0.592907198980675	Inf	0.6732922041035914	0	1	No-PER3D	No-Essential3D
271	P	271	-3.313	9.832	73.417	NA	0.589081675835802	Inf	0.37140737181222405	0	1	No-PER3D	No-Essential3D
272	E	272	-0.545	10.604	70.94	NA	0.662716885315277	Inf	0.8136970015282743	0	1	No-PER3D	No-Essential3D
273	R	273	-1.228	12.833	67.946	NA	0.657419722591678	Inf	0.8444123486050286	0	1	No-PER3D	No-Essential3D
274	A	274	0.783	15.318	65.924	NA	0.657419722591678	Inf	0.8141360647391243	0	1	No-PER3D	No-Essential3D
275	W	275	0.938	17.614	62.929	NA	0.689448441247003	Inf	0.7453227371515112	0	1	No-PER3D	No-Essential3D
276	I	276	3.434	16.267	60.44	NA	0.718477849299508	Inf	0.7929424666045093	0	1	No-PER3D	No-Essential3D
277	F	277	4.889	17.785	57.298	NA	0.682078853046595	Inf	0.5629782218768441	0	1	No-PER3D	No-Essential3D
278	E	278	4.162	15.905	54.11	NA	0.686510791366907	Inf	0.6697208175826457	0	0.9999999999999999	No-PER3D	No-Essential3D
279	K	279	7.866	15.282	53.773	NA	0.749458483754513	Inf	0.7699521027891971	0	1	No-PER3D	No-Essential3D
280	S	280	7.746	13.116	56.907	NA	0.78973185088293	Inf	0.9932226979007828	0	0.9999999999999999	No-PER3D	No-Essential3D
281	L	281	4.833	10.967	55.689	NA	0.78973185088293	Inf	1.0532850318340985	0	0.9999999999999999	No-PER3D	No-Essential3D
282	V	282	4.871	7.779	53.621	NA	0.794880210042665	Inf	1.2625204281900908	0	0.9999999999999999	No-PER3D	No-Essential3D
283	A	283	1.869	5.698	52.618	NA	0.83754512635379	Inf	1.3023530367000897	0	0.9999999999999999	No-PER3D	No-Essential3D
284	F	284	1.687	2.674	54.885	NA	0.838164251207729	Inf	1.3168514611651678	0	0.9999999999999999	No-PER3D	No-Essential3D
285	E	285	2.015	-0.579	52.965	NA	0.880072463768116	Inf	1.2204678155956468	0	0.9999999999999999	No-PER3D	No-Essential3D
286	G	286	3.5	-2.8	55.656	NA	0.838164251207729	Inf	1.2371762230914303	0	1	No-PER3D	No-Essential3D
287	E	287	6.144	-3.372	58.319	NA	0.860861244019139	Inf	1.2364691464514075	0	1	No-PER3D	No-Essential3D
288	G	288	8.629	-4.349	55.641	NA	0.820802919708029	Inf	1.3638639109462583	0	0.9999999999999999	No-PER3D	No-Essential3D
289	Q	289	8.999	-0.66	54.8	NA	0.858373205741627	Inf	1.3862525503375511	0	1	No-PER3D	No-Essential3D
290	F	290	10.505	0.192	58.202	NA	0.867840557275542	Inf	1.1772114223745285	0	0.9999999999999999	No-PER3D	No-Essential3D
291	E	291	14.116	-0.767	57.54	NA	0.865325077399381	Inf	1.1933502772517584	0	1	No-PER3D	No-Essential3D
292	K	292	14.301	1.285	54.373	NA	0.837606837606838	Inf	1.2631066352114928	0	1	No-PER3D	No-Essential3D
293	L	293	12.678	4.272	56.014	NA	0.843137254901961	Inf	1.2933347383604081	0	0.9999999999999999	No-PER3D	No-Essential3D
294	C	294	15.257	4.243	58.77	NA	0.842490842490843	Inf	1.0884189206406318	0	0.9999999999999999	No-PER3D	No-Essential3D
295	Q	295	18.072	4.06	56.264	NA	0.759409594095941	Inf	1.1283144240188336	0	0.9999999999999999	No-PER3D	No-Essential3D
296	E	296	16.678	6.891	54.188	NA	0.73015873015873	Inf	1.1816275107223506	0	0.9999999999999999	No-PER3D	No-Essential3D
297	S	297	16.233	9.088	57.225	NA	0.778600823045268	Inf	1.0901465152789875	0	0.9999999999999999	No-PER3D	No-Essential3D
298	A	298	19.827	8.432	58.192	NA	0.79990671641791	Inf	1.081695600348394	0	0.9999999999999999	No-PER3D	No-Essential3D
299	K	299	20.997	9.193	54.683	NA	0.802238805970149	Inf	1.066967476483325	0	0.9999999999999999	No-PER3D	No-Essential3D
300	Q	300	19.359	12.589	54.831	NA	0.789637952559301	Inf	1.1067711231002815	0	1	No-PER3D	No-Essential3D
301	A	301	20.447	13.518	58.351	NA	0.79030910609858	Inf	0.9771362664835453	0	1	No-PER3D	No-Essential3D
302	P	302	23.415	15.799	58.378	NA	0.782771535580524	Inf	1.0397849100170462	0	0.9999999999999999	No-PER3D	No-Essential3D
303	T	303	25.012	15.157	61.719	NA	0.74846356453029	Inf	1.0517487521212887	0	1	No-PER3D	No-Essential3D
304	K	304	26.735	12.005	62.851	NA	0.754981549815498	Inf	0.972181775740042	0	0.9999999999999999	No-PER3D	No-Essential3D
305	A	305	24.763	12.187	66.065	NA	0.745681172097092	Inf	0.858873087531287	0	0.9999999999999999	No-PER3D	No-Essential3D
306	E	306	21.447	12.281	64.257	NA	0.747867920402362	Inf	0.9274195483883836	0	1	No-PER3D	No-Essential3D
307	K	307	22.477	9.445	62.038	NA	0.714583333333333	Inf	0.9313578052627212	0	1	No-PER3D	No-Essential3D
308	I	308	23.42	7.277	64.975	NA	0.762222222222222	Inf	0.9053084139831952	0	0.9999999999999999	No-PER3D	No-Essential3D
309	K	309	20.216	8.054	66.781	NA	0.761623616236162	Inf	0.8233834564568403	0	0.9999999999999999	No-PER3D	No-Essential3D
310	L	310	18.217	7.171	63.696	NA	0.6769987699877	Inf	0.9555840013760925	0	1	No-PER3D	No-Essential3D
311	L	311	19.933	3.794	63.334	NA	0.586324786324786	Inf	1.0166801051391656	0	0.9999999999999999	No-PER3D	No-Essential3D
312	K	312	19.399	2.707	66.941	NA	0.5902201887332	Inf	0.8130052402060154	0	0.9999999999999999	No-PER3D	No-Essential3D
313	P	313	16.94	-0.068	67.456	NA	0.600746268656716	Inf	0.663162145937351	1	0.03831417624521073	No-PER3D	No-Essential3D
314	I	314	13.592	0.769	68.974	NA	0.597539975399754	Inf	0.6691898548960685	1	0.034482758620689655	No-PER3D	No-Essential3D
315	S	315	13.951	1.159	72.717	NA	0.557692307692308	Inf	0.36647489035831743	1	0.022988505747126443	No-PER3D	No-Essential3D
316	G	316	12.371	-1.263	75.139	NA	0.529193899782135	Inf	0.11238174977731111	1	0.01532567049808429	No-PER3D	No-Essential3D
317	K	317	10.243	1.517	76.466	NA	0.532691887163788	Inf	0.3473195223276064	1	0.01532567049808429	No-PER3D	No-Essential3D
318	L	318	8.696	2.109	73.049	NA	0.485541044776119	Inf	0.46632729217991736	1	0.019157088122605352	No-PER3D	No-Essential3D
319	R	319	8.709	-1.383	71.535	NA	0.562732342007435	Inf	0.4767018946619936	1	0.01532567049808429	No-PER3D	No-Essential3D
320	A	320	5.533	-2.725	73.077	NA	0.68401340429726	Inf	0.17012022256017298	1	0.019157088122605352	No-PER3D	No-Essential3D
321	Q	321	3.524	0.209	71.793	NA	0.68401340429726	Inf	0.489529607709956	1	0.030651340996168584	No-PER3D	No-Essential3D
322	W	322	5.202	0.171	68.406	NA	0.68401340429726	Inf	0.6708932813576134	1	0.034482758620689655	No-PER3D	No-Essential3D
323	E	323	4.425	-3.483	67.923	NA	0.67949725058916	Inf	0.5916537173789592	1	0.026819923371647503	No-PER3D	No-Essential3D
324	M	324	0.839	-2.915	68.964	NA	0.607017543859649	Inf	0.6575151759601289	1	0.026819923371647503	No-PER3D	No-Essential3D
325	G	325	0.7	0.014	66.577	NA	0.611035022500489	Inf	0.7881393113003415	1	0.030651340996168584	No-PER3D	No-Essential3D
326	I	326	1.887	-2.149	63.717	NA	0.6778814846972	Inf	0.9569279671307725	1	0.022988505747126443	No-PER3D	No-Essential3D
327	V	327	-0.78	-4.721	64.496	NA	0.725	Inf	0.8580736870300173	0	0.9999999999999999	No-PER3D	No-Essential3D
328	Q	328	-3.488	-2.103	64.665	NA	0.725604089219331	Inf	0.7960354764213298	0	1	No-PER3D	No-Essential3D
329	A	329	-2.388	-0.58	61.392	NA	0.761633011413521	Inf	0.909649943135173	0	0.9999999999999999	No-PER3D	No-Essential3D
330	E	330	-2.635	-3.92	59.644	NA	0.690019828155982	Inf	0.9589590079730126	0	1	No-PER3D	No-Essential3D
331	E	331	-6.075	-4.488	61.091	NA	0.687407407407407	Inf	0.7101027650809332	0	1	No-PER3D	No-Essential3D
332	A	332	-7.081	-1.012	59.982	NA	0.642066420664207	Inf	0.8906104623922458	0	1	No-PER3D	No-Essential3D
333	A	333	-5.928	-1.711	56.439	NA	0.710925925925926	Inf	1.0162318899099407	0	0.9999999999999999	No-PER3D	No-Essential3D
334	S	334	-8.383	-4.562	56.18	NA	0.699866310160428	Inf	0.7813062800521862	0	1	No-PER3D	No-Essential3D
335	M	335	-11.312	-2.339	57.058	NA	0.702448842670245	Inf	0.7229608002866071	0	1	No-PER3D	No-Essential3D
336	S	336	-13.128	0.282	55.04	NA	0.696198347107438	Inf	0.7011133826531424	0	1	No-PER3D	No-Essential3D
337	V	337	-12.023	3.871	55.45	NA	0.696198347107438	Inf	0.9138918299041286	0	1	No-PER3D	No-Essential3D
338	E	338	-15.203	4.783	57.25	NA	0.696198347107438	Inf	0.8299350205881297	0	0.9999999999999999	No-PER3D	No-Essential3D
339	E	339	-14.941	1.675	59.391	NA	0.698181818181818	Inf	0.9111022417577421	0	0.9999999999999999	No-PER3D	No-Essential3D
340	R	340	-11.384	2.359	60.493	NA	0.700729927007299	Inf	0.9762084580561842	0	0.9999999999999999	No-PER3D	No-Essential3D
341	K	341	-12.332	5.921	61.158	NA	0.696198347107438	Inf	1.01854618623479	0	1	No-PER3D	No-Essential3D
342	A	342	-15.119	4.955	63.478	NA	0.696198347107438	Inf	0.9855277798773676	0	1	No-PER3D	No-Essential3D
343	K	343	-13.037	2.434	65.331	NA	0.702720637027206	Inf	0.9066203404341447	0	0.9999999999999999	No-PER3D	No-Essential3D
344	F	344	-9.83	4.442	65.671	NA	0.713186813186813	Inf	0.8295321446694414	0	0.9999999999999999	No-PER3D	No-Essential3D
345	T	345	-11.1	7.982	66.019	NA	0.746441750131787	Inf	0.9234580983505427	0	1	No-PER3D	No-Essential3D
346	F	346	-14.26	7.215	67.884	NA	0.831264676283127	Inf	1.0064560515834933	0	1	No-PER3D	No-Essential3D
347	L	347	-15.45	4.607	70.321	NA	0.874074074074074	Inf	1.0137910847430573	0	0.9999999999999999	No-PER3D	No-Essential3D
348	Y	348	-17.55	1.515	69.657	NA	0.868388683886839	Inf	1.079901583520031	0	1	No-PER3D	No-Essential3D
349	V	349	-20.94	0.442	68.76	NA	0.874074074074074	Inf	1.200068954659219	0	1	No-PER3D	No-Essential3D
350	G	350	-21.677	-3.104	67.861	NA	0.81712962962963	Inf	1.1644066158792314	0	0.9999999999999999	No-PER3D	No-Essential3D
351	D	351	-22.018	-4.801	71.086	NA	0.752665245202559	Inf	1.3504749187144272	0	0.9999999999999999	No-PER3D	No-Essential3D
352	Q	352	-20.806	-8.515	72.128	NA	0.752665245202559	Inf	1.318289199094948	0	0.9999999999999999	No-PER3D	No-Essential3D
353	L	353	-22.699	-10.876	74.529	NA	0.769708151626971	Inf	1.2385308175014942	0	1	No-PER3D	No-Essential3D
354	H	354	-22.313	-14.718	75.234	NA	0.792876624418418	Inf	1.2565911564265497	0	1	No-PER3D	No-Essential3D
355	L	355	-23.029	-17.446	77.766	NA	0.82962962962963	Inf	1.1466439263497086	0	1	No-PER3D	No-Essential3D
356	N	356	-21.443	-20.732	78.466	NA	0.838951310861423	Inf	0.9907799767544185	0	1	No-PER3D	No-Essential3D
357	P	357	-23.736	-23.229	79.893	NA	0.838951310861423	Inf	0.8239592886729228	0	1	No-PER3D	No-Essential3D
657	K	657	-22.17	-25.474	82.473	NA	0.61981981981982	Inf	0.6760816349063632	0	1	No-PER3D	No-Essential3D
658	S	658	-23.852	-28.292	84.289	NA	0.564340239912759	Inf	0.5034341337680237	0	1	No-PER3D	No-Essential3D
659	E	659	-22.717	-30.977	86.61	NA	0.568144499178982	Inf	0.2904889982964442	0	1	No-PER3D	No-Essential3D
660	R	660	-24.203	-33.942	88.376	NA	0.614201183431953	Inf	0.0775438628248647	0	1	No-PER3D	No-Essential3D
661	G	661	-23.051	-36.697	90.701	NA	0.621025641025641	Inf	0.08687884180719069	0	1	No-PER3D	No-Essential3D
662	V	662	-24.513	-39.648	92.482	NA	0.581657088122605	Inf	0.20742031354427623	0	1	No-PER3D	No-Essential3D
663	T	663	-23.39	-41.004	95.813	NA	0.581657088122605	Inf	0.32539477083525475	0	1	No-PER3D	No-Essential3D
664	A	664	-23.872	-44.268	97.612	NA	0.63109895120839	Inf	0.4096081650994554	0	1	No-PER3D	No-Essential3D
665	K	665	-24.479	-44.929	101.244	NA	0.709986320109439	Inf	0.5678085740193602	0	1	No-PER3D	No-Essential3D
666	K	666	-24.537	-47.89	103.544	NA	0.710688944838636	Inf	0.6189484990131777	0	1	No-PER3D	No-Essential3D
667	E	667	-27.412	-49.867	103.66	NA	0.715953307392996	Inf	0.5898825905060372	0	0.9999999999999999	No-PER3D	No-Essential3D
668	Y	668	-27.374	-53.417	104.819	NA	0.716666666666667	Inf	0.2963958116461663	0	1	No-PER3D	No-Essential3D
669	V	669	-25.07	-53.693	107.746	NA	0.773109243697479	Inf	0.3668532884011378	0	1	No-PER3D	No-Essential3D
670	C	670	-24.36	-56.496	110.146	NA	0.715953307392996	Inf	0.5177860175084512	0	1	No-PER3D	No-Essential3D
671	Q	671	-25.969	-56.072	113.511	NA	0.715245478036176	Inf	0.6602350283155931	0	1	No-PER3D	No-Essential3D
672	L	672	-22.847	-57.244	115.275	NA	0.715245478036176	Inf	0.792810453272096	0	0.9999999999999999	No-PER3D	No-Essential3D
673	C	673	-20.393	-54.968	113.578	NA	0.715245478036176	Inf	0.7533893836075597	0	0.9999999999999999	No-PER3D	No-Essential3D
674	E	674	-20.24	-51.899	111.438	NA	0.71042471042471	Inf	0.5849425106369661	0	0.9999999999999999	No-PER3D	No-Essential3D
675	K	675	-18.639	-53.502	108.401	NA	0.664750957854406	Inf	0.4001119251526945	0	1	No-PER3D	No-Essential3D
676	P	676	-19.433	-55.847	105.579	NA	0.620434227330779	Inf	0.37086323451560815	0	0.9999999999999999	No-PER3D	No-Essential3D
677	G	677	-18.722	-59.676	105.163	NA	0.535384615384615	Inf	0.21770902522699095	0	0.9999999999999999	No-PER3D	No-Essential3D
678	S	678	-20.881	-62.386	103.684	NA	0.589527027027027	Inf	0.05823028557677808	0	1	No-PER3D	No-Essential3D
679	L	679	-24.04	-61.11	105.255	NA	0.591812015503876	Inf	0.14730473413404954	0	1	No-PER3D	No-Essential3D
680	L	680	-26.598	-63.71	106.014	NA	0.542635658914729	Inf	0.05250938897747073	0	1	No-PER3D	No-Essential3D
681	L	681	-30.151	-62.594	106.406	NA	0.482142857142857	Inf	0.1474525522300046	0	1	No-PER3D	No-Essential3D
682	C	682	-32.387	-64.545	108.686	NA	0.515267175572519	Inf	0.24032144286281415	0	0.9999999999999999	No-PER3D	No-Essential3D
683	E	683	-34.898	-66.208	106.432	NA	0.515267175572519	Inf	0.02476379215811889	0	0.9999999999999999	No-PER3D	No-Essential3D
684	G	684	-37.138	-66.573	109.422	NA	0.513307984790874	Inf	0.1612231529890701	0	1	No-PER3D	No-Essential3D
685	P	685	-39.162	-63.621	110.353	NA	0.473045822102426	Inf	0.32850519806758016	0	0.9999999999999999	No-PER3D	No-Essential3D
686	C	686	-36.466	-61.24	111.312	NA	0.444444444444444	Inf	0.37916826478459464	0	1	No-PER3D	No-Essential3D
687	C	687	-34.173	-58.826	109.655	NA	0.444444444444444	Inf	0.37663563595643446	0	1	No-PER3D	No-Essential3D
688	G	688	-31.187	-60.078	111.506	NA	0.582783018867925	Inf	0.4484183177127965	0	1	No-PER3D	No-Essential3D
689	A	689	-28.249	-59.779	109.226	NA	0.582236842105263	Inf	0.30640640336056635	0	1	No-PER3D	No-Essential3D
690	F	690	-24.863	-60.909	110.32	NA	0.578417602996255	Inf	0.37876907612090366	0	1	No-PER3D	No-Essential3D
691	H	691	-21.455	-61.645	108.946	NA	0.547987616099071	Inf	0.26371766056490953	0	0.9999999999999999	No-PER3D	No-Essential3D
692	L	692	-20.757	-65.3	108.73	NA	0.575230852797393	Inf	0.10843329979627617	0	1	No-PER3D	No-Essential3D
693	A	693	-17.741	-64.603	110.89	NA	0.573051948051948	Inf	0.176214903673808	0	1	No-PER3D	No-Essential3D
694	C	694	-19.597	-62.459	113.38	NA	0.625757575757576	Inf	0.6818432326195271	0	1	No-PER3D	No-Essential3D
695	L	695	-22.261	-65.033	114.186	NA	0.574123989218329	Inf	0.5910602695657422	0	0.9999999999999999	No-PER3D	No-Essential3D
696	G	696	-19.914	-67.984	113.961	NA	0.51967116852613	Inf	0.4487460040119885	0	1	No-PER3D	No-Essential3D
697	L	697	-21.451	-69.762	110.994	NA	0.516232816613045	Inf	0.13465563602101918	0	1	No-PER3D	No-Essential3D
698	S	698	-18.901	-72.016	109.419	NA	0.51233671988389	Inf	-0.038170887575664496	0	1	No-PER3D	No-Essential3D
699	R	699	-20.819	-73.185	106.36	NA	0.575230852797393	Inf	-0.10100853814896481	0	0.9999999999999999	No-PER3D	No-Essential3D
700	R	700	-22.863	-70.542	104.568	NA	0.533333333333333	Inf	-0.10488974813241396	0	1	No-PER3D	No-Essential3D
701	P	701	-25.638	-72.913	103.791	NA	0.615789473684211	Inf	-0.11801643549556878	0	1	No-PER3D	No-Essential3D
702	E	702	-27.28	-73.571	100.471	NA	0.611735330836454	Inf	0.01623162244204471	0	1	No-PER3D	No-Essential3D
703	G	703	-30.836	-72.603	101.121	NA	0.572994402985075	Inf	-0.0969852230152738	0	1	No-PER3D	No-Essential3D
704	R	704	-32.612	-70.709	103.869	NA	0.611194029850746	Inf	-0.08738917597615946	0	1	No-PER3D	No-Essential3D
705	F	705	-30.596	-69.848	106.95	NA	0.572490706319703	Inf	-0.05210722071496867	0	1	No-PER3D	No-Essential3D
706	T	706	-32.026	-69.135	110.352	NA	0.606150061500615	Inf	0.17714482970915002	0	1	No-PER3D	No-Essential3D
707	C	707	-30.541	-67.497	113.396	NA	0.610123456790124	Inf	0.49184640954964426	0	1	No-PER3D	No-Essential3D
708	S	708	-30.472	-69.338	116.672	NA	0.697283950617284	Inf	0.8388563277873026	0	1	No-PER3D	No-Essential3D
709	E	709	-33.297	-67.16	117.945	NA	0.653136531365314	Inf	0.9638814979559229	0	1	No-PER3D	No-Essential3D
710	C	710	-35.624	-67.922	115.084	NA	0.692156862745098	Inf	0.5599300311501116	0	1	No-PER3D	No-Essential3D
711	A	711	-35.271	-71.507	116.008	NA	0.697283950617284	Inf	0.5213991989136452	0	1	No-PER3D	No-Essential3D
712	S	712	-36.617	-70.586	119.456	NA	0.740904850746269	Inf	1.0275039084229387	0	0.9999999999999999	No-PER3D	No-Essential3D
713	G	713	-39.473	-68.492	120.953	NA	0.740904850746269	Inf	0.8638884176398557	0	1	No-PER3D	No-Essential3D
714	I	714	-39.014	-64.921	122.135	NA	0.769735403455062	Inf	1.0949599299485853	0	1	No-PER3D	No-Essential3D
715	H	715	-35.861	-64.542	124.127	NA	0.736059479553903	Inf	1.488162371452877	0	1	No-PER3D	No-Essential3D
716	S	716	-34.075	-61.675	125.763	NA	0.818563432835821	Inf	1.5269956198495194	0	0.9999999999999999	No-PER3D	No-Essential3D
717	C	717	-30.455	-60.788	126.243	NA	0.867410161090458	Inf	1.4171485331382503	0	0.9999999999999999	No-PER3D	No-Essential3D
718	F	718	-29.537	-61.229	129.779	NA	0.861008610086101	Inf	1.3195967041040548	0	0.9999999999999999	No-PER3D	No-Essential3D
719	V	719	-27.012	-58.39	129.584	NA	0.790235594663639	Inf	1.131243619304948	0	0.9999999999999999	No-PER3D	No-Essential3D
720	C	720	-29.023	-55.635	127.995	NA	0.781583380123526	Inf	1.051801086510121	0	1	No-PER3D	No-Essential3D
721	K	721	-32.472	-54.113	127.667	NA	0.779337450870298	Inf	0.8466342530909614	0	1	No-PER3D	No-Essential3D
722	E	722	-32.589	-54.689	123.932	NA	0.844282238442822	Inf	1.2402460972406582	0	1	No-PER3D	No-Essential3D
723	S	723	-35.316	-57.204	123.32	NA	0.779337450870298	Inf	1.3221144320779399	0	0.9999999999999999	No-PER3D	No-Essential3D
724	K	724	-37.14	-59.648	121.056	NA	0.844282238442822	Inf	1.1484369287225646	0	1	No-PER3D	No-Essential3D
725	T	725	-36.193	-62.051	118.35	NA	0.803583278035833	Inf	0.9674986910599571	0	0.9999999999999999	No-PER3D	No-Essential3D
726	D	726	-35.797	-59.35	115.806	NA	0.842490842490843	Inf	0.7092617767721751	0	1	No-PER3D	No-Essential3D
727	V	727	-33.219	-57.09	117.23	NA	0.897435897435897	Inf	0.9824754150366444	0	1	No-PER3D	No-Essential3D
728	K	728	-29.647	-58.173	117.249	NA	0.843137254901961	Inf	0.9862568961378702	0	0.9999999999999999	No-PER3D	No-Essential3D
729	R	729	-28.35	-61.697	117.116	NA	0.852540272614622	Inf	0.9147197735236176	0	0.9999999999999999	No-PER3D	No-Essential3D
730	C	730	-28.311	-63.937	120.111	NA	0.827558635394456	Inf	1.2192922733499263	0	0.9999999999999999	No-PER3D	No-Essential3D
731	V	731	-26.53	-67.082	121.203	NA	0.925628678437667	Inf	1.293896282278445	0	0.9999999999999999	No-PER3D	No-Essential3D
732	V	732	-27.261	-69.455	124.068	NA	0.857496902106568	Inf	1.378417336790811	0	0.9999999999999999	No-PER3D	No-Essential3D
733	T	733	-25.407	-68.931	127.287	NA	0.850490196078431	Inf	1.5173585857216263	0	1	No-PER3D	No-Essential3D
734	Q	734	-24.044	-71.64	129.555	NA	0.90458811261731	Inf	1.459647132119338	0	0.9999999999999999	No-PER3D	No-Essential3D
735	C	735	-26.655	-70.652	132.148	NA	0.911966262519768	Inf	1.6496426178641492	0	1	No-PER3D	No-Essential3D
736	G	736	-29.659	-71.557	130.067	NA	0.989419502430655	Inf	1.6764107859314192	0	1	No-PER3D	No-Essential3D
737	K	737	-30.238	-67.97	129.005	NA	1.01978021978022	Inf	1.543362148919671	0	1	No-PER3D	No-Essential3D
738	F	738	-29.625	-66.053	125.795	NA	1.02647058823529	Inf	1.505505486663538	0	1	No-PER3D	No-Essential3D
739	Y	739	-27.215	-63.264	125.139	NA	1.02730627306273	Inf	1.4161145471025327	0	1	No-PER3D	No-Essential3D
740	H	740	-26.305	-60.873	122.312	NA	1.02730627306273	Inf	1.2308600998139934	0	1	No-PER3D	No-Essential3D
741	E	741	-23.097	-61.685	120.548	NA	1.01560846560847	Inf	1.1277583678782934	0	1	No-PER3D	No-Essential3D
742	A	742	-22.263	-57.974	120.515	NA	1.01476014760148	Inf	1.1698709209840936	0	0.9999999999999999	No-PER3D	No-Essential3D
743	C	743	-22.727	-57.707	124.243	NA	0.946323529411765	Inf	1.201197553572077	0	0.9999999999999999	No-PER3D	No-Essential3D
744	V	744	-20.443	-60.719	124.572	NA	0.887915129151292	Inf	1.1949199360616307	0	0.9999999999999999	No-PER3D	No-Essential3D
745	K	745	-17.791	-59.117	122.451	NA	0.8125	Inf	1.2139580949946336	0	1	No-PER3D	No-Essential3D
746	K	746	-17.788	-55.783	124.26	NA	0.806525735294118	Inf	1.0327918439776562	0	0.9999999999999999	No-PER3D	No-Essential3D
747	Y	747	-17.759	-56.929	127.84	NA	0.774907749077491	Inf	1.0652760742734204	0	0.9999999999999999	No-PER3D	No-Essential3D
748	P	748	-14.255	-58.009	128.561	NA	0.769230769230769	Inf	1.0572923829574947	0	0.9999999999999999	No-PER3D	No-Essential3D
749	L	749	-14.984	-60.716	131.08	NA	0.774264705882353	Inf	1.0342465435492922	0	0.9999999999999999	No-PER3D	No-Essential3D
750	T	750	-17.27	-62.749	128.944	NA	0.774264705882353	Inf	1.27978741020163	0	0.9999999999999999	No-PER3D	No-Essential3D
751	V	751	-15.862	-65.333	126.624	NA	0.773626373626374	Inf	1.3220633693314803	0	0.9999999999999999	No-PER3D	No-Essential3D
752	F	752	-17.186	-67.827	124.115	NA	0.725274725274725	Inf	1.307840469984912	0	0.9999999999999999	No-PER3D	No-Essential3D
753	E	753	-16.462	-71.463	124.401	NA	0.683742131538963	Inf	1.06713279638415	0	0.9999999999999999	No-PER3D	No-Essential3D
754	S	754	-16.673	-71.83	120.652	NA	0.721153846153846	Inf	0.7923936290634102	0	1	No-PER3D	No-Essential3D
755	R	755	-20.158	-70.359	121.256	NA	0.725873161764706	Inf	1.1858393219589964	0	1	No-PER3D	No-Essential3D
756	G	756	-21.817	-70.231	124.605	NA	0.727941176470588	Inf	1.3926233577809264	0	1	No-PER3D	No-Essential3D
757	F	757	-21.746	-67.084	126.745	NA	0.727335164835165	Inf	1.5362130183652027	0	1	No-PER3D	No-Essential3D
758	R	758	-21.233	-66.457	130.585	NA	0.651851851851852	Inf	1.4772835116089478	0	1	No-PER3D	No-Essential3D
759	C	759	-21.46	-63.104	132.707	NA	0.745618693574084	Inf	1.3408083120720737	0	1	No-PER3D	No-Essential3D
760	P	760	-21.769	-60.52	135.821	NA	0.738150557620818	Inf	1.0021335316042859	0	1	No-PER3D	No-Essential3D
761	L	761	-23.445	-56.974	137.261	NA	0.738805970149254	Inf	0.7191515979824993	0	1	No-PER3D	No-Essential3D
762	H	762	-23.371	-52.898	137.13	NA	0.735416666666667	Inf	0.6044965215081001	0	1	No-PER3D	No-Essential3D
763	S	763	-25.302	-49.491	136.426	NA	0.727335164835165	Inf	0.5097776970336259	0	1	No-PER3D	No-Essential3D
764	C	764	-26.329	-47.778	133.084	NA	0.734778597785978	Inf	0.467516643048349	0	1	No-PER3D	No-Essential3D
765	V	765	-26.311	-44.011	132.508	NA	0.687067474048443	Inf	0.41204177121363345	0	0.9999999999999999	No-PER3D	No-Essential3D
766	S	766	-27.667	-44.084	128.959	NA	0.691556327327979	Inf	0.44726667383430385	0	1	No-PER3D	No-Essential3D
767	C	767	-30.863	-45.856	129.78	NA	0.696078431372549	Inf	0.44041185522937276	0	1	No-PER3D	No-Essential3D
768	H	768	-31.214	-43.444	132.617	NA	0.613038130381304	Inf	0.3871192744820564	0	1	No-PER3D	No-Essential3D
769	A	769	-30.996	-40.483	130.267	NA	0.618189711308878	Inf	0.4258312916815462	0	1	No-PER3D	No-Essential3D
770	S	770	-33.21	-42.119	127.713	NA	0.572610294117647	Inf	0.4152146514060097	0	1	No-PER3D	No-Essential3D
771	N	771	-36.686	-43.2	128.546	NA	0.615916955017301	Inf	0.361849952787252	0	1	No-PER3D	No-Essential3D
772	P	772	-35.825	-46.46	130.152	NA	0.612456747404844	Inf	0.45584018562988243	0	1	No-PER3D	No-Essential3D
773	S	773	-35.513	-45.729	133.806	NA	0.57843137254902	Inf	0.38638383999186465	0	0.9999999999999999	No-PER3D	No-Essential3D
774	N	774	-36.514	-49.25	134.59	NA	0.535444947209653	Inf	0.42792908700728843	0	0.9999999999999999	No-PER3D	No-Essential3D
775	P	775	-33.601	-50.475	132.618	NA	0.616453223355763	Inf	0.5572833016420533	0	1	No-PER3D	No-Essential3D
776	R	776	-30.761	-48.747	134.271	NA	0.609197860962567	Inf	0.4565600824420027	0	1	No-PER3D	No-Essential3D
777	P	777	-28.404	-49.607	136.976	NA	0.647272727272727	Inf	0.496902372049689	0	1	No-PER3D	No-Essential3D
778	S	778	-29.051	-53.154	138.058	NA	0.647810218978102	Inf	0.5780605991757581	0	1	No-PER3D	No-Essential3D
779	K	779	-30.406	-54.084	134.694	NA	0.65018315018315	Inf	0.6376366901589007	0	1	No-PER3D	No-Essential3D
780	G	780	-27.929	-55.915	132.5	NA	0.654411764705882	Inf	0.8889989509309233	0	1	No-PER3D	No-Essential3D
781	K	781	-24.15	-55.586	132.436	NA	0.654411764705882	Inf	0.8920315770330312	0	1	No-PER3D	No-Essential3D
782	M	782	-22.385	-52.383	131.562	NA	0.654981549815498	Inf	0.7371929823329346	0	1	No-PER3D	No-Essential3D
783	M	783	-19.182	-51.267	129.902	NA	0.690058479532164	Inf	0.8030174748533415	0	1	No-PER3D	No-Essential3D
784	R	784	-17.322	-48.248	131.177	NA	0.696478037198259	Inf	0.610433287095669	0	1	No-PER3D	No-Essential3D
785	C	785	-16.097	-45.172	129.363	NA	0.701092353525323	Inf	0.5700018066100629	0	1	No-PER3D	No-Essential3D
786	V	786	-12.375	-45.136	129.152	NA	0.698456667985754	Inf	0.49600527811620604	0	1	No-PER3D	No-Essential3D
787	R	787	-11.608	-41.796	130.85	NA	0.703748006379585	Inf	0.5000795315960528	0	0.9999999999999999	No-PER3D	No-Essential3D
788	C	788	-14.93	-41.346	132.548	NA	0.673003802281369	Inf	0.5287986449529091	0	1	No-PER3D	No-Essential3D
789	P	789	-16.443	-43.611	135.084	NA	0.637582549529718	Inf	0.5647817701336986	0	1	No-PER3D	No-Essential3D
790	V	790	-19.963	-43.639	133.711	NA	0.632770605759682	Inf	0.5145703230257208	0	1	No-PER3D	No-Essential3D
791	A	791	-21.127	-47.032	132.553	NA	0.591478696741855	Inf	0.5216631366844846	0	1	No-PER3D	No-Essential3D
792	Y	792	-23.469	-48.045	129.742	NA	0.632770605759682	Inf	0.5886755239098946	0	1	No-PER3D	No-Essential3D
793	H	793	-24.953	-51.075	127.995	NA	0.628611001187179	Inf	0.8123619765403809	0	0.9999999999999999	No-PER3D	No-Essential3D
794	S	794	-23.134	-52.355	124.965	NA	0.623353819139596	Inf	1.0325126227008503	0	0.9999999999999999	No-PER3D	No-Essential3D
795	G	795	-26.222	-52.173	122.836	NA	0.628040689960195	Inf	1.1109460912038411	0	1	No-PER3D	No-Essential3D
796	D	796	-27.157	-48.829	124.254	NA	0.623353819139596	Inf	0.6589968273439742	0	0.9999999999999999	No-PER3D	No-Essential3D
797	A	797	-23.769	-47.489	123.349	NA	0.659851301115242	Inf	0.6942315752476856	0	1	No-PER3D	No-Essential3D
798	C	798	-22.117	-45.742	122.366	NA	0.659851301115242	Inf	0.5466999585802936	0	1	No-PER3D	No-Essential3D
799	L	799	-23.73	-42.443	123.087	NA	0.658671586715867	Inf	0.5113967871624305	0	0.9999999999999999	No-PER3D	No-Essential3D
800	A	800	-27.291	-42.152	122.019	NA	0.66542750929368	Inf	0.5088015132231857	0	1	No-PER3D	No-Essential3D
801	A	801	-27.514	-40.297	118.769	NA	0.661111111111111	Inf	0.6573491627553346	0	1	No-PER3D	No-Essential3D
802	G	802	-31.154	-40.263	119.604	NA	0.621065675340768	Inf	0.6551604907347243	0	1	No-PER3D	No-Essential3D
803	C	803	-33.996	-40.694	117.225	NA	0.668539325842697	Inf	0.7119790802979802	0	1	No-PER3D	No-Essential3D
804	S	804	-33.387	-38.825	114.06	NA	0.724681933842239	Inf	0.8946093745501995	0	1	No-PER3D	No-Essential3D
805	V	805	-35.508	-35.757	113.611	NA	0.839622641509434	Inf	0.9264774007725751	0	1	No-PER3D	No-Essential3D
806	I	806	-35.147	-33.377	110.777	NA	0.754934210526316	Inf	0.9579284508139341	0	1	No-PER3D	No-Essential3D
807	A	807	-35.522	-29.636	110.63	NA	0.805263157894737	Inf	1.0739569770794868	0	1	No-PER3D	No-Essential3D
808	S	808	-33.356	-26.58	110.478	NA	0.761194029850746	Inf	1.0998897870839128	0	1	No-PER3D	No-Essential3D
809	N	809	-32.767	-27.282	114.12	NA	0.766185125735688	Inf	1.067531215141521	0	1	No-PER3D	No-Essential3D
810	S	810	-34.713	-29.67	116.248	NA	0.76048858204992	Inf	0.9644063286636388	0	1	No-PER3D	No-Essential3D
811	I	811	-37.4	-28.438	118.529	NA	0.74860594795539	Inf	1.067531215141521	0	1	No-PER3D	No-Essential3D
812	I	812	-35.595	-30.552	121.047	NA	0.764808700718586	Inf	0.9644063286636388	0	1	No-PER3D	No-Essential3D
813	C	813	-31.943	-31.332	120.783	NA	0.72389705882353	Inf	0.9156483760346568	0	0.9999999999999999	No-PER3D	No-Essential3D
814	T	814	-31.627	-34.59	122.609	NA	0.752767527675277	Inf	0.7346355828427643	0	1	No-PER3D	No-Essential3D
815	A	815	-28.176	-35.729	123.565	NA	0.752767527675277	Inf	0.6834326769843417	0	1	No-PER3D	No-Essential3D
816	H	816	-26	-35.388	126.581	NA	0.752767527675277	Inf	0.6180497733569581	0	1	No-PER3D	No-Essential3D
817	F	817	-24.494	-31.965	126.857	NA	0.753439153439154	Inf	0.7594655765441987	0	1	No-PER3D	No-Essential3D
818	T	818	-20.79	-31.37	126.672	NA	0.753439153439154	Inf	0.8630855838408372	0	0.9999999999999999	No-PER3D	No-Essential3D
819	A	819	-18.953	-31.162	129.925	NA	0.719191919191919	Inf	0.8005499878129553	0	1	No-PER3D	No-Essential3D
820	R	820	-17.524	-27.739	130.567	NA	0.716538074471654	Inf	0.8341870554997904	0	0.9999999999999999	No-PER3D	No-Essential3D
821	K	821	-14.592	-26.639	132.638	NA	0.742499598909033	Inf	0.6869548698755471	0	1	No-PER3D	No-Essential3D
822	G	822	-14.792	-27.077	136.36	NA	0.737060041407867	Inf	0.574068187640766	0	1	No-PER3D	No-Essential3D
823	K	823	-15.962	-30.543	135.559	NA	0.679784195493494	Inf	0.6048525192205146	0	0.9999999999999999	No-PER3D	No-Essential3D
824	R	824	-13.939	-33.654	136.226	NA	0.686700767263427	Inf	0.556203479121192	0	1	No-PER3D	No-Essential3D
825	H	825	-14.555	-36.769	138.187	NA	0.681106719367589	Inf	0.5103275814068108	0	1	No-PER3D	No-Essential3D
826	H	826	-11.358	-36.153	140.064	NA	0.622608695652174	Inf	0.03630845016927295	0	1	No-PER3D	No-Essential3D
827	A	827	-11.104	-33.019	142.017	NA	0.646739130434783	Inf	-0.23986798047845195	0	1	No-PER3D	No-Essential3D
828	H	828	-9.397	-30.734	139.594	NA	0.618620037807183	Inf	0.006018129839887137	0	1	No-PER3D	No-Essential3D
829	V	829	-7.205	-29.181	142.152	NA	0.614660178935803	Inf	-0.23302540177836478	0	1	No-PER3D	No-Essential3D
830	N	830	-5.938	-31.851	144.475	NA	0.619130434782609	Inf	-0.424271116920285	0	0.9999999999999999	No-PER3D	No-Essential3D
831	V	831	-2.599	-33.226	145.357	NA	0.62366618888358	Inf	-0.45845723754102885	0	1	No-PER3D	No-Essential3D
832	S	832	-2.349	-36.781	144.163	NA	0.625959079283888	Inf	-0.465956410538484	0	0.9999999999999999	No-PER3D	No-Essential3D
833	W	833	-0.502	-37.953	147.201	NA	0.597680097680098	Inf	-0.6054900910846159	0	1	No-PER3D	No-Essential3D
834	C	834	-0.927	-37.951	150.945	NA	0.566486829577912	Inf	-0.5444706603773033	0	1	No-PER3D	No-Essential3D
835	F	835	0.693	-35.076	152.693	NA	0.566486829577912	Inf	-0.303909430678344	0	1	No-PER3D	No-Essential3D
836	V	836	1.942	-37.111	155.572	NA	0.449905482041588	Inf	-0.23577489080527525	0	1	No-PER3D	No-Essential3D
837	C	837	2.833	-40.404	153.824	NA	0.470743801652893	Inf	-0.5402699910821234	0	1	No-PER3D	No-Essential3D
838	S	838	3.672	-38.898	150.446	NA	0.475935828877005	Inf	-0.5045864624841847	0	1	No-PER3D	No-Essential3D
839	K	839	2.156	-41.976	148.826	NA	0.472461844724619	Inf	-0.5253005483240463	0	1	No-PER3D	No-Essential3D
840	G	840	-0.979	-42.413	146.73	NA	0.470743801652893	Inf	-0.5343441757519952	0	1	No-PER3D	No-Essential3D
841	G	841	-4.069	-44.468	147.421	NA	0.4485559566787	Inf	-0.5737425095768859	0	1	No-PER3D	No-Essential3D
842	S	842	-7.519	-43.635	148.658	NA	0.425328554360812	Inf	-0.6753477066063168	0	1	No-PER3D	No-Essential3D
843	L	843	-7.339	-40.086	149.86	NA	0.34026284348865	Inf	-0.47016749787893997	0	1	No-PER3D	No-Essential3D
844	L	844	-9.516	-37.586	151.677	NA	0.364285714285714	Inf	-0.2657808544662246	0	0.9999999999999999	No-PER3D	No-Essential3D
845	C	845	-9.776	-34.201	150.107	NA	0.253900709219858	Inf	-0.17920234517943212	0	1	No-PER3D	No-Essential3D
846	C	846	-9.719	-30.868	151.909	NA	0.338534278959811	Inf	-0.0927406958533076	0	1	No-PER3D	No-Essential3D
847	E	847	-12.429	-28.46	150.85	NA	0.395907473309609	Inf	0.039752244958091175	0	1	No-PER3D	No-Essential3D
848	S	848	-10.279	-25.413	151.531	NA	0.393109540636042	Inf	0.18801316650810335	0	0.9999999999999999	No-PER3D	No-Essential3D
849	C	849	-7.039	-26.587	150.028	NA	0.419621749408983	Inf	0.18517948218117372	0	1	No-PER3D	No-Essential3D
850	P	850	-5.568	-28.992	147.549	NA	0.416666666666667	Inf	-0.010688454144690556	0	1	No-PER3D	No-Essential3D
851	A	851	-4.106	-31.133	150.347	NA	0.486111111111111	Inf	0.026475849959007373	0	1	No-PER3D	No-Essential3D
852	A	852	-5.083	-34.79	150.58	NA	0.388157894736842	Inf	-0.28588107108524313	0	1	No-PER3D	No-Essential3D
853	F	853	-4.544	-37.376	153.311	NA	0.415492957746479	Inf	-0.3083345754095788	0	1	No-PER3D	No-Essential3D
854	H	854	-4.972	-41.078	153.953	NA	0.449268046441191	Inf	-0.4987641176713933	0	0.9999999999999999	No-PER3D	No-Essential3D
855	P	855	-7.522	-41.716	156.574	NA	0.452127659574468	Inf	-0.54053621000210506	0	1	No-PER3D	No-Essential3D
856	D	856	-4.982	-43.677	158.593	NA	0.45246568378241	Inf	-0.5682307423598765	0	1	No-PER3D	No-Essential3D
857	C	857	-2.419	-40.932	158.36	NA	0.524527186761229	Inf	-0.398359908141411	0	1	No-PER3D	No-Essential3D
858	L	858	-4.674	-38.426	160.057	NA	0.586813186813187	Inf	-0.26107570029832716	0	0.9999999999999999	No-PER3D	No-Essential3D
859	N	859	-4.628	-38.672	163.787	NA	0.582651391162029	Inf	-0.16357459430008414	0	0.9999999999999999	No-PER3D	No-Essential3D
860	I	860	-8.29	-38.78	164.498	NA	0.540636042402827	Inf	-0.11836215360126129	0	1	No-PER3D	No-Essential3D
861	E	861	-9.797	-40.655	161.516	NA	0.537223340040241	Inf	-0.18529668281796627	0	0.9999999999999999	No-PER3D	No-Essential3D
862	M	862	-12.75	-40.322	159.126	NA	0.533466533466534	Inf	-0.21505805769580041	0	1	No-PER3D	No-Essential3D
863	P	863	-14.806	-37.209	158.959	NA	0.535338345864662	Inf	-0.1272839674096904	0	1	No-PER3D	No-Essential3D
864	D	864	-18.469	-36.673	158.202	NA	0.574502420656267	Inf	0.13203964912690525	0	0.9999999999999999	No-PER3D	No-Essential3D
865	G	865	-19.574	-33.595	156.292	NA	0.655555555555556	Inf	-0.26488912511727897	0	1	No-PER3D	No-Essential3D
866	S	866	-17.447	-30.786	154.943	NA	0.659698025551684	Inf	-0.19572237053894292	0	1	No-PER3D	No-Essential3D
867	W	867	-13.955	-31.534	156.125	NA	0.761190029482712	Inf	-0.04446127077352673	0	1	No-PER3D	No-Essential3D
868	F	868	-11.133	-29.097	156.514	NA	0.8001998001998	Inf	0.023699209043774504	0	1	No-PER3D	No-Essential3D
869	C	869	-7.64	-30.499	156.82	NA	0.82983682983683	Inf	-0.12794433788084073	0	1	No-PER3D	No-Essential3D
870	N	870	-5.491	-30.091	159.881	NA	0.829268292682927	Inf	0.06029809061728546	0	1	No-PER3D	No-Essential3D
871	D	871	-3.16	-27.678	158.211	NA	0.824622531939605	Inf	0.3382873959239437	0	1	No-PER3D	No-Essential3D
872	C	872	-6.129	-25.645	157.094	NA	0.822299651567944	Inf	0.40897273589241356	0	0.9999999999999999	No-PER3D	No-Essential3D
873	R	873	-7.621	-25.853	160.526	NA	0.763888888888889	Inf	0.5601379191240585	0	0.9999999999999999	No-PER3D	No-Essential3D
874	A	874	-4.49	-24.536	162.058	NA	0.677506775067751	Inf	0.9673214586050499	0	1	No-PER3D	No-Essential3D
875	G	875	-4.522	-21.027	160.874	NA	0.682261208576998	Inf	0.7355162507858258	0	1	No-PER3D	No-Essential3D
876	K	876	-7.531	-19.306	159.467	NA	0.767543859649123	Inf	0.8243561078259423	0	0.9999999999999999	No-PER3D	No-Essential3D
877	K	877	-9.353	-16.931	160.782	NA	0.737323943661972	Inf	0.8838202320916932	0	1	No-PER3D	No-Essential3D
878	L	878	-6.541	-15.117	162.524	NA	0.706713780918728	Inf	0.33118315431894013	0	1	No-PER3D	No-Essential3D
879	H	879	-5.536	-16.175	165.989	NA	0.699749373433584	Inf	0.02071849554707917	0	1	No-PER3D	No-Essential3D
880	F	880	-2.773	-15.732	168.49	NA	0.659379217273954	Inf	-0.6855488992207907	0	1	No-PER3D	No-Essential3D
881	Q	881	0.423	-17.662	167.87	NA	0.716842723004695	Inf	-0.5681198737365677	0	1	No-PER3D	No-Essential3D
882	D	882	-0.461	-17.902	164.202	NA	0.670294494238156	Inf	0.2228390613669506	0	1	No-PER3D	No-Essential3D
883	I	883	2.298	-17.474	161.647	NA	0.672663026019916	Inf	0.23119027178188517	0	1	No-PER3D	No-Essential3D
884	I	884	1.343	-14.704	159.283	NA	0.672663026019916	Inf	0.3012799552157737	0	0.9999999999999999	No-PER3D	No-Essential3D
885	W	885	2.523	-12.426	156.501	NA	0.677450663215788	Inf	0.38363332228774016	0	0.9999999999999999	No-PER3D	No-Essential3D
886	V	886	2.349	-8.73	157.229	NA	0.620996441281139	Inf	0.17454790091125308	0	0.9999999999999999	No-PER3D	No-Essential3D
887	K	887	2.191	-6.075	154.583	NA	0.620996441281139	Inf	0.3215844657438124	0	1	No-PER3D	No-Essential3D
888	L	888	4.631	-3.386	155.6	NA	0.624555160142349	Inf	0.42986072031887823	0	0.9999999999999999	No-PER3D	No-Essential3D
889	G	889	4.035	-1.584	152.319	NA	0.555555555555555	Inf	0.5581241351841238	0	0.9999999999999999	No-PER3D	No-Essential3D
890	N	890	3.058	-2.446	148.788	NA	0.5	Inf	0.4053493456373792	0	0.9999999999999999	No-PER3D	No-Essential3D
891	Y	891	6.659	-3.445	148.182	NA	0.55357848952155	Inf	0.9462416124866603	0	1	No-PER3D	No-Essential3D
892	R	892	7.361	-5.308	151.353	NA	0.553968253968254	Inf	0.7877636004210635	0	1	No-PER3D	No-Essential3D
893	W	893	5.879	-8.285	153.134	NA	0.55357848952155	Inf	0.44920919297839906	0	1	No-PER3D	No-Essential3D
894	W	894	7.312	-9.825	156.258	NA	0.551996836694346	Inf	0.2069855850068459	0	1	No-PER3D	No-Essential3D
895	P	895	6.706	-12.997	158.219	NA	0.550039401103231	Inf	0.21667195377735285	0	0.9999999999999999	No-PER3D	No-Essential3D
896	A	896	5.654	-12.699	161.84	NA	0.353838332486019	Inf	0.02334254877858603	0	1	No-PER3D	No-Essential3D
897	E	897	3.744	-14.39	164.617	NA	0.353838332486019	Inf	-0.1768385049566942	0	1	No-PER3D	No-Essential3D
898	V	898	0.628	-12.91	166.167	NA	0.353596757852077	Inf	-0.3871097898231759	0	1	No-PER3D	No-Essential3D
899	C	899	0.971	-12.218	169.851	NA	0.176173649671883	Inf	-1.0740436241866151	0	1	No-PER3D	No-Essential3D
900	H	900	-1.579	-12.097	172.595	NA	0	Inf	-1.3176835272743739	0	1	No-PER3D	No-Essential3D
901	P	901	-1.464	-8.565	173.869	NA	0	Inf	-1.7844807174886685	0	0.9999999999999999	No-PER3D	No-Essential3D
902	K	902	-1.566	-9.882	177.412	NA	0	Inf	-2.6057915608139264	0	1	No-PER3D	No-Essential3D
903	N	903	1.659	-11.783	176.757	NA	0	Inf	-2.045173909127708	0	1	No-PER3D	No-Essential3D
904	V	904	3.838	-9.044	175.28	NA	0	Inf	-1.843440494504925	0	1	No-PER3D	No-Essential3D
905	P	905	6.101	-7.047	177.43	NA	0	Inf	-2.4278222778073055	0	1	No-PER3D	No-Essential3D
906	P	906	5.242	-3.827	179.092	NA	0	Inf	-3.0791021002202665	0	1	No-PER3D	No-Essential3D
907	N	907	6.21	-0.91	176.858	NA	0	Inf	-2.6781994351780503	0	1	No-PER3D	No-Essential3D
908	I	908	5.008	-3.027	173.959	NA	0	Inf	-2.2366029773246443	0	1	No-PER3D	No-Essential3D
909	Q	909	1.662	-2.961	175.669	NA	0	Inf	-2.350809802184896	0	1	No-PER3D	No-Essential3D
910	K	910	2.058	0.721	176.36	NA	0	Inf	-2.5084700543721987	0	1	No-PER3D	No-Essential3D
911	M	911	2.837	1.719	172.793	NA	0	Inf	-2.0184657449825143	0	1	No-PER3D	No-Essential3D
912	K	912	0.095	3.817	171.284	NA	0	Inf	-1.7070699107562377	0	1	No-PER3D	No-Essential3D
913	H	913	-1.62	2.07	168.425	NA	0	Inf	-1.5088975623588923	0	1	No-PER3D	No-Essential3D
914	E	914	-4.836	2.269	166.462	NA	0	Inf	-0.6133072029745249	0	1	No-PER3D	No-Essential3D
915	I	915	-7.877	0.688	168.024	NA	0	Inf	-1.0828739084804424	0	1	No-PER3D	No-Essential3D
916	G	916	-8.392	-2.803	166.684	NA	0.251612903225807	Inf	-1.0821120572354352	0	1	No-PER3D	No-Essential3D
917	E	917	-4.733	-3.496	166.054	NA	0.416370106761566	Inf	-1.1502553257773689	0	1	No-PER3D	No-Essential3D
918	F	918	-3.01	-6.521	167.489	NA	0.419047619047619	Inf	-1.1867207558272823	0	1	No-PER3D	No-Essential3D
919	P	919	0.651	-7.081	168.153	NA	0.46875	Inf	-1.2753823551074233	0	1	No-PER3D	No-Essential3D
920	V	920	2.935	-9.239	166.046	NA	0.466755319148936	Inf	-0.4872554311695608	0	1	No-PER3D	No-Essential3D
921	F	921	6.478	-10.474	166.507	NA	0.467081850533808	Inf	-0.8192912786984626	0	0.9999999999999999	No-PER3D	No-Essential3D
922	F	922	8.601	-10.05	163.416	NA	0.467081850533808	Inf	-0.2843356227257391	0	1	No-PER3D	No-Essential3D
923	F	923	11.077	-12.778	162.654	NA	0.497872340425532	Inf	-0.2887216920167027	0	1	No-PER3D	No-Essential3D
924	G	924	14.627	-11.886	161.721	NA	0.457478005865103	Inf	-0.48343063270346737	0	1	No-PER3D	No-Essential3D
925	S	925	14.324	-8.48	163.333	NA	0.524193548387097	Inf	-0.3762858790145743	0	1	No-PER3D	No-Essential3D
926	K	926	12.84	-10.018	166.471	NA	0.576512455516014	Inf	-0.44282935798693807	0	1	No-PER3D	No-Essential3D
927	D	927	10.777	-6.935	167.251	NA	0.576512455516014	Inf	-0.9525391349093663	0	1	No-PER3D	No-Essential3D
928	Y	928	7.161	-6.399	168.211	NA	0.577336641852771	Inf	-1.5777977703961925	0	1	No-PER3D	No-Essential3D
929	Y	929	4.798	-3.998	166.507	NA	0.623655913978495	Inf	-1.4989506502975767	0	1	No-PER3D	No-Essential3D
930	W	930	1.085	-3.313	166.503	NA	0.675982291090205	Inf	-1.3840384997567343	0	1	No-PER3D	No-Essential3D
931	T	931	-0.521	-3.903	163.142	NA	0.631768953068592	Inf	-0.6416701066914107	0	1	No-PER3D	No-Essential3D
932	H	932	-3.799	-3.45	161.341	NA	0.71646897810219	Inf	-0.26367917220567105	0	1	No-PER3D	No-Essential3D
933	Q	933	-5.881	-6.556	160.876	NA	0.721153846153846	Inf	0.0027937511251889665	0	1	No-PER3D	No-Essential3D
934	A	934	-6.251	-5.74	157.193	NA	0.772058823529412	Inf	0.38214498788344053	0	0.9999999999999999	No-PER3D	No-Essential3D
935	R	935	-2.488	-6.08	156.617	NA	0.810185185185185	Inf	0.2182055260850756	0	0.9999999999999999	No-PER3D	No-Essential3D
936	V	936	-2.232	-9.589	158.098	NA	0.810873605947955	Inf	0.2792626859416142	0	1	No-PER3D	No-Essential3D
937	F	937	-2.678	-12.826	156.151	NA	0.810185185185185	Inf	0.44802763838992704	0	1	No-PER3D	No-Essential3D
938	P	938	-2.112	-16.421	157.087	NA	0.80950184501845	Inf	0.6538471622917359	0	1	No-PER3D	No-Essential3D
939	Y	939	1.175	-18.18	156.439	NA	0.762527233115469	Inf	0.6404469741178245	0	1	No-PER3D	No-Essential3D
940	M	940	0.361	-21.345	154.561	NA	0.786356209150327	Inf	0.7048224831250217	0	0.9999999999999999	No-PER3D	No-Essential3D
941	E	941	2.759	-24.204	154.16	NA	0.786356209150327	Inf	0.7438556539091365	0	1	No-PER3D	No-Essential3D
942	G	942	3.824	-24.835	150.596	NA	0.795125980999587	Inf	0.6766935031930418	0	1	No-PER3D	No-Essential3D
943	D	943	2.645	-21.531	149.255	NA	0.795812603648425	Inf	0.6898015456736512	0	1	No-PER3D	No-Essential3D
944	R	944	5.974	-19.872	148.574	NA	0.823181549379066	Inf	0.9347119106397218	0	1	No-PER3D	No-Essential3D
945	G	945	4.003	-17.021	146.97	NA	0.782022471910112	Inf	0.9558493010087323	0	0.9999999999999999	No-PER3D	No-Essential3D
946	S	946	5.002	-14.152	149.231	NA	0.739872068230277	Inf	0.7011940568233044	0	1	No-PER3D	No-Essential3D
947	R	947	8.466	-15.57	149.957	NA	0.71685393258427	Inf	0.7946475146094347	0	1	No-PER3D	No-Essential3D
948	Y	948	9.435	-16.15	146.326	NA	0.69116186693148	Inf	0.948994393108257	0	1	No-PER3D	No-Essential3D
949	Q	949	8.119	-12.795	145.501	NA	0.689927064853144	Inf	0.7734632078587428	0	1	No-PER3D	No-Essential3D
950	G	950	9.268	-10.154	147.781	NA	0.732417811069496	Inf	0.6382143173187542	0	1	No-PER3D	No-Essential3D
951	V	951	12.64	-9.915	149.256	NA	0.734498543487308	Inf	0.9414598570379226	0	0.9999999999999999	No-PER3D	No-Essential3D
952	R	952	13.479	-12.966	147.377	NA	0.762568735271013	Inf	0.8730118453838985	0	1	No-PER3D	No-Essential3D
953	G	953	12.98	-11.927	143.749	NA	0.763256455746107	Inf	0.9838535009695288	0	1	No-PER3D	No-Essential3D
954	I	954	12.331	-8.264	144.35	NA	0.78062804068996	Inf	0.8964300868785092	0	1	No-PER3D	No-Essential3D
955	G	955	15.114	-8.119	146.838	NA	0.878901373283396	Inf	1.165171078180205	0	1	No-PER3D	No-Essential3D
956	R	956	17.417	-9.613	144.214	NA	0.845969498910676	Inf	1.2414097685808554	0	1	No-PER3D	No-Essential3D
957	V	957	16.469	-7.027	141.593	NA	0.811808118081181	Inf	0.7767855867830693	0	1	No-PER3D	No-Essential3D
958	F	958	17.439	-4.439	144.126	NA	0.817843866171004	Inf	1.407274834305799	0	1	No-PER3D	No-Essential3D
959	K	959	21.096	-5.332	143.741	NA	0.821629213483146	Inf	1.443399243571101	0	1	No-PER3D	No-Essential3D
960	N	960	20.902	-4.714	140.019	NA	0.738805970149254	Inf	0.9280443027373264	0	1	No-PER3D	No-Essential3D
961	A	961	19.162	-1.455	140.75	NA	0.747169811320755	Inf	0.7808999698140922	0	1	No-PER3D	No-Essential3D
962	L	962	22.014	-0.247	142.852	NA	0.796981132075472	Inf	1.3636247602338731	0	0.9999999999999999	No-PER3D	No-Essential3D
963	Q	963	24.424	-0.996	140.029	NA	0.710526315789474	Inf	1.132197513416873	0	1	No-PER3D	No-Essential3D
964	E	964	22.319	0.82	137.472	NA	0.659774436090226	Inf	0.37238083271805433	0	1	No-PER3D	No-Essential3D
965	A	965	22.142	3.83	139.744	NA	0.652985074626866	Inf	0.6303351711496991	0	1	No-PER3D	No-Essential3D
966	E	966	25.877	3.559	140.236	NA	0.602755453501722	Inf	0.8363247343306972	0	1	No-PER3D	No-Essential3D
967	A	967	26.277	3.622	136.485	NA	0.653558052434457	Inf	0.3713177155588727	0	1	No-PER3D	No-Essential3D
968	R	968	24.361	6.847	136.443	NA	0.653558052434457	Inf	0.34070268330743375	0	1	No-PER3D	No-Essential3D
969	F	969	26.58	7.947	139.29	NA	0.613483146067416	Inf	0.3012158508437596	0	1	No-PER3D	No-Essential3D
970	R	970	29.609	7.441	137.077	NA	0.661654135338346	Inf	0.2438989176138081	0	1	No-PER3D	No-Essential3D
971	E	971	27.894	9.384	134.353	NA	0.614035087719298	Inf	0.22858896365895204	0	1	No-PER3D	No-Essential3D
972	I	972	27.911	12.332	136.634	NA	0.609987515605493	Inf	0.19137899269270983	0	1	No-PER3D	No-Essential3D
973	K	973	28.485	11.631	133.763	NA	0.607187112763321	Inf	0.21384298184095224	0	1	No-PER3D	No-Essential3D
974	L	974	29.694	8.318	132.443	NA	0.604938271604938	Inf	0.21915099313447045	0	1	No-PER3D	No-Essential3D
975	Q	975	26.307	7.622	130.91	NA	0.517037037037037	Inf	0.11623754828526145	0	0.9999999999999999	No-PER3D	No-Essential3D
976	R	976	26.401	10.863	128.987	NA	0.553505535055351	Inf	0.18481946288342282	0	1	No-PER3D	No-Essential3D
977	E	977	29.969	10.078	128.037	NA	0.593406593406593	Inf	0.1514760368726662	0	1	No-PER3D	No-Essential3D
978	A	978	28.811	6.765	126.613	NA	0.638686131386861	Inf	0.14867208004737761	0	1	No-PER3D	No-Essential3D
979	R	979	26.339	8.522	124.329	NA	0.643382352941177	Inf	0.07251917177965414	0	1	No-PER3D	No-Essential3D
980	E	980	28.866	11.119	123.275	NA	0.643911439114391	Inf	0.07251917177965414	0	1	No-PER3D	No-Essential3D
981	T	981	31.302	8.638	121.795	NA	0.58972625887124	Inf	-0.04299690580451314	0	1	No-PER3D	No-Essential3D
982	Q	982	28.591	7.529	119.33	NA	0.585858585858586	Inf	0.1069990310497293	0	1	No-PER3D	No-Essential3D
983	E	983	30.957	5.572	117.06	NA	0.513653136531365	Inf	-0.06409555659589236	0	1	No-PER3D	No-Essential3D
984	S	984	30.335	4.093	113.634	NA	0.513653136531365	Inf	-0.40865022748954655	0	1	No-PER3D	No-Essential3D
985	E	985	29.029	0.564	113.24	NA	0.46829922844683	Inf	-0.5552860535407605	0	1	No-PER3D	No-Essential3D
986	R	986	29.131	-0.9	109.739	NA	0.256088560885609	Inf	-0.7813206787755	0	1	No-PER3D	No-Essential3D
987	K	987	26.118	-3.147	110.086	NA	0.257777777777778	Inf	-0.7447299802838876	0	1	No-PER3D	No-Essential3D
988	P	988	22.916	-3.354	112.083	NA	0.257777777777778	Inf	-0.9180716419624756	0	1	No-PER3D	No-Essential3D
989	P	989	22.947	-5.684	115.053	NA	0.255882352941176	Inf	-1.3714451896885762	0	1	No-PER3D	No-Essential3D
990	P	990	21.849	-9.221	114.373	NA	0.233478698423348	Inf	-1.7257480528457372	0	1	No-PER3D	No-Essential3D
991	Y	991	18.289	-10.289	113.621	NA	0.350794187225414	Inf	-1.5978334689349232	0	1	No-PER3D	No-Essential3D
992	K	992	17.011	-13.292	111.718	NA	0.296825850729197	Inf	-1.424710716890595	0	1	No-PER3D	No-Essential3D
993	H	993	15.846	-12.435	108.234	NA	0.401951672862454	Inf	-1.3623638469915058	0	1	No-PER3D	No-Essential3D
994	I	994	12.558	-14.222	107.698	NA	0.404617537313433	Inf	-1.1937012764134989	0	1	No-PER3D	No-Essential3D
995	K	995	10.135	-14.577	104.797	NA	0.428748451053284	Inf	-0.916717329976287	0	1	No-PER3D	No-Essential3D
996	V	996	6.897	-15.078	106.721	NA	0.401951672862454	Inf	-1.0380467639685378	0	1	No-PER3D	No-Essential3D
997	N	997	5.402	-14.49	110.178	NA	0.400462962962963	Inf	-1.2358886553286264	0	1	No-PER3D	No-Essential3D
998	K	998	6.421	-17.073	112.759	NA	0.341728395061728	Inf	-1.3407934180833077	0	1	No-PER3D	No-Essential3D
999	P	999	4.184	-17.777	115.694	NA	0.339483394833948	Inf	-1.3864977896056065	0	1	No-PER3D	No-Essential3D
1000	Y	1000	5.347	-17.859	119.288	NA	0.362114076399791	Inf	-1.4349102259745636	0	1	No-PER3D	No-Essential3D
1001	G	1001	3.675	-19.38	122.327	NA	0.294400452488688	Inf	-1.4200559372228823	0	1	No-PER3D	No-Essential3D
1002	K	1002	-0.099	-19.226	122.779	NA	0.292251544076362	Inf	-1.4861543603360694	0	1	No-PER3D	No-Essential3D
1003	V	1003	-0.845	-16.876	119.854	NA	0.292251544076362	Inf	-1.4469302481284014	0	1	No-PER3D	No-Essential3D
1004	Q	1004	-3.643	-17.836	117.486	NA	0.292027972027972	Inf	-1.4557957440193527	0	1	No-PER3D	No-Essential3D
1005	I	1005	-2.969	-18.665	113.885	NA	0.294167371090448	Inf	-1.422274132938044	0	1	No-PER3D	No-Essential3D
1006	Y	1006	-5.416	-19.1	111.032	NA	0.318681318681319	Inf	-1.5673104147751242	0	1	No-PER3D	No-Essential3D
1007	T	1007	-5.207	-20.87	107.705	NA	0.318681318681319	Inf	-1.6243605542936228	0	1	No-PER3D	No-Essential3D
1008	A	1008	-7.515	-21.445	104.764	NA	0.318430656934307	Inf	-1.611560137454847	0	1	No-PER3D	No-Essential3D
1009	D	1009	-7.704	-24.263	102.296	NA	0.316123188405797	Inf	-1.5280090925185963	0	1	No-PER3D	No-Essential3D
1010	I	1010	-7.798	-23.295	98.632	NA	0.316363636363636	Inf	-1.4725033127427303	0	1	No-PER3D	No-Essential3D
1011	S	1011	-11.556	-23.805	98.671	NA	0.314311594202899	Inf	-1.4060038206650476	0	1	No-PER3D	No-Essential3D
1012	E	1012	-12.121	-21.033	101.232	NA	0.314079422382671	Inf	-1.526951599275589	0	1	No-PER3D	No-Essential3D
1013	I	1013	-10.186	-18.315	99.33	NA	0.317272727272727	Inf	-1.4471578192695078	0	1	No-PER3D	No-Essential3D
1014	P	1014	-12.323	-15.772	97.518	NA	0.346115702479339	Inf	-1.3834330639391592	0	1	No-PER3D	No-Essential3D
1015	K	1015	-12.472	-15.744	93.719	NA	0.362597402597403	Inf	-1.1704316701362427	0	1	No-PER3D	No-Essential3D
1016	C	1016	-12.695	-12.575	91.612	NA	0.388780894196057	Inf	-1.2139780161688598	0	1	No-PER3D	No-Essential3D
1017	N	1017	-14.266	-12.278	88.172	NA	0.390189520624303	Inf	-1.318642597415018	0	1	No-PER3D	No-Essential3D
1018	C	1018	-11.198	-11.1	86.26	NA	0.336943441636582	Inf	-1.260056272318129	0	1	No-PER3D	No-Essential3D
1019	K	1019	-10.244	-12.847	83.019	NA	0.336690647482014	Inf	-1.2833858607545368	0	0.9999999999999999	No-PER3D	No-Essential3D
1020	P	1020	-6.769	-13.884	82.018	NA	0.33452807646356	Inf	-1.2322749154199537	0	1	No-PER3D	No-Essential3D
1021	T	1021	-7.398	-11.888	78.833	NA	0.358163265306122	Inf	-1.222206991015811	0	1	No-PER3D	No-Essential3D
1022	D	1022	-7.715	-8.624	80.773	NA	0.287234042553192	Inf	-1.3895576661759719	0	1	No-PER3D	No-Essential3D
1023	E	1023	-5.311	-5.733	80.289	NA	0.341637010676157	Inf	-1.508930373277451	0	1	No-PER3D	No-Essential3D
1024	N	1024	-3.906	-6.047	83.774	NA	0.155585106382979	Inf	-1.382957209735742	0	0.9999999999999999	No-PER3D	No-Essential3D
1025	P	1025	-5.647	-8.901	85.466	NA	0.156583629893238	Inf	-1.2335220424440088	0	0.9999999999999999	No-PER3D	No-Essential3D
1026	C	1026	-6.086	-8.383	89.203	NA	0.156138790035587	Inf	-1.175601594575814	0	1	No-PER3D	No-Essential3D
1027	G	1027	-3.762	-5.438	88.697	NA	0.179461108286731	Inf	-1.2085431238009658	0	1	No-PER3D	No-Essential3D
1028	F	1028	-3.497	-2.177	90.607	NA	0.251245551601424	Inf	-1.1862530987386666	0	1	No-PER3D	No-Essential3D
1029	D	1029	-5.566	-0.328	88	NA	0.251245551601424	Inf	-1.4061696124726515	0	1	No-PER3D	No-Essential3D
1030	S	1030	-8.066	-3.182	87.656	NA	0.251428571428571	Inf	-1.4445746194280578	0	1	No-PER3D	No-Essential3D
1031	E	1031	-11.658	-3.712	88.793	NA	0.250533807829182	Inf	-1.488319320785238	0	1	No-PER3D	No-Essential3D
1032	C	1032	-10.579	-6.836	90.736	NA	0.248591549295775	Inf	-1.3266634613660093	0	1	No-PER3D	No-Essential3D
1033	L	1033	-13.151	-7.822	93.35	NA	0.382448537378115	Inf	-1.384589130304297	0	1	No-PER3D	No-Essential3D
1034	N	1034	-10.47	-9.368	95.554	NA	0.353884711779449	Inf	-1.35331770626081	0	1	No-PER3D	No-Essential3D
1035	R	1035	-8.193	-6.384	95.266	NA	0.41025641025641	Inf	-1.3401808030526152	0	1	No-PER3D	No-Essential3D
1036	M	1036	-10.848	-3.821	96.18	NA	0.41025641025641	Inf	-1.51959986326851	0	1	No-PER3D	No-Essential3D
1037	L	1037	-11.679	-5.869	99.308	NA	0.409988385598142	Inf	-1.568000052435529	0	1	No-PER3D	No-Essential3D
1038	M	1038	-7.945	-6.202	100.106	NA	0.412865497076023	Inf	-1.3331425204368061	0	1	No-PER3D	No-Essential3D
1039	F	1039	-8.036	-9.959	99.642	NA	0.412865497076023	Inf	-1.324538641460521	0	1	No-PER3D	No-Essential3D
1040	E	1040	-5.085	-11.579	97.9	NA	0.389524647887324	Inf	-1.2032348798109134	0	1	No-PER3D	No-Essential3D
1041	C	1041	-5.869	-14.003	95.042	NA	0.364293085655315	Inf	-1.1443451778319904	0	1	No-PER3D	No-Essential3D
1042	H	1042	-4.681	-17.602	95.324	NA	0.362229102167183	Inf	-1.0432485494146753	0	0.9999999999999999	No-PER3D	No-Essential3D
1043	P	1043	-2.864	-19.09	92.349	NA	0.364789025150696	Inf	-0.9457884805979514	0	1	No-PER3D	No-Essential3D
1044	Q	1044	-5.045	-22.195	92.139	NA	0.364789025150696	Inf	-1.0460064289437225	0	1	No-PER3D	No-Essential3D
1045	V	1045	-8.253	-20.218	92.635	NA	0.367385388319029	Inf	-1.0759226442136516	0	1	No-PER3D	No-Essential3D
1046	C	1046	-7.792	-17.179	90.396	NA	0.41371158392435	Inf	-1.0828299758142845	0	1	No-PER3D	No-Essential3D
1047	P	1047	-9.498	-17.238	87.027	NA	0.414893617021277	Inf	-1.108609849183758	0	0.9999999999999999	No-PER3D	No-Essential3D
1048	A	1048	-6.648	-15.083	85.69	NA	0.442958101968703	Inf	-1.152793946909461	0	0.9999999999999999	No-PER3D	No-Essential3D
1049	G	1049	-4.345	-17.99	86.407	NA	0.517139479905437	Inf	-1.0144084218726641	0	0.9999999999999999	No-PER3D	No-Essential3D
1050	E	1050	-0.665	-17.052	86.289	NA	0.520833333333333	Inf	-0.9665224218473828	0	0.9999999999999999	No-PER3D	No-Essential3D
1051	F	1051	-1.62	-13.688	84.807	NA	0.57243816254417	Inf	-1.1176698333320207	0	0.9999999999999999	No-PER3D	No-Essential3D
1052	C	1052	-2.979	-12.648	88.203	NA	0.576104746317512	Inf	-1.1293866875741811	0	1	No-PER3D	No-Essential3D
1053	Q	1053	-1.437	-9.366	89.366	NA	0.576104746317512	Inf	-1.0789792488915055	0	1	No-PER3D	No-Essential3D
1054	N	1054	-2.772	-9.678	92.927	NA	0.574069040500136	Inf	-1.115284170647242	0	1	No-PER3D	No-Essential3D
1055	Q	1055	-0.073	-12.024	94.415	NA	0.572831423895254	Inf	-1.0130507835958111	0	0.9999999999999999	No-PER3D	No-Essential3D
1056	C	1056	2.152	-9.419	96.079	NA	0.574869969887764	Inf	-1.0063686659760902	0	1	No-PER3D	No-Essential3D
1057	F	1057	2.302	-10.782	99.636	NA	0.541516245487365	Inf	-1.0348521114448068	0	1	No-PER3D	No-Essential3D
1058	T	1058	2.82	-14.435	98.673	NA	0.539568345323741	Inf	-0.9420707066892624	0	1	No-PER3D	No-Essential3D
1059	K	1059	5.328	-13.625	95.911	NA	0.578512396694215	Inf	-0.6210445297728039	0	1	No-PER3D	No-Essential3D
1060	R	1060	7.039	-11.093	98.173	NA	0.578964830789648	Inf	-0.6647919809134288	0	1	No-PER3D	No-Essential3D
1061	Q	1061	7.117	-8.609	95.334	NA	0.49129702414374	Inf	-0.5259705230805042	0	1	No-PER3D	No-Essential3D
1062	Y	1062	8.894	-5.749	97.032	NA	0.455844155844156	Inf	-0.6766695766266325	0	1	No-PER3D	No-Essential3D
1063	P	1063	10.606	-2.837	95.393	NA	0.457507820646507	Inf	-0.7511127328514517	0	1	No-PER3D	No-Essential3D
1064	E	1064	14.338	-3.212	95.856	NA	0.425790754257908	Inf	-0.6384982367237281	0	1	No-PER3D	No-Essential3D
1065	T	1065	15.515	-1.287	98.906	NA	0.532238442822385	Inf	-0.8021675953287839	0	0.9999999999999999	No-PER3D	No-Essential3D
1066	K	1066	18.75	-0.559	100.768	NA	0.532661782661783	Inf	-0.739464772405613	0	1	No-PER3D	No-Essential3D
1067	I	1067	19.517	-0.218	104.445	NA	0.532661782661783	Inf	-0.8632211355863187	0	1	No-PER3D	No-Essential3D
1068	I	1068	21.112	3.146	105.196	NA	0.528787878787879	Inf	-0.6492721171227467	0	1	No-PER3D	No-Essential3D
1069	K	1069	22.46	4.793	108.315	NA	0.528787878787879	Inf	-0.48888210741863847	0	1	No-PER3D	No-Essential3D
1070	T	1070	20.665	7.952	109.409	NA	0.581505137461816	Inf	-0.5470009569303319	0	1	No-PER3D	No-Essential3D
1071	D	1071	22.171	10.412	111.865	NA	0.629963898916968	Inf	-0.13050282869974403	0	1	No-PER3D	No-Essential3D
1072	G	1072	19.483	10.525	114.608	NA	0.736060606060606	Inf	-0.5929599897670406	0	1	No-PER3D	No-Essential3D
1073	K	1073	17.163	7.607	113.809	NA	0.740875912408759	Inf	-0.9689250617128853	0	1	No-PER3D	No-Essential3D
1074	G	1074	19.572	4.7	113.618	NA	0.745726495726496	Inf	-0.8442156099130845	0	1	No-PER3D	No-Essential3D
1075	W	1075	19.295	2.466	110.566	NA	0.688914027149321	Inf	-0.7950638781023098	0	1	No-PER3D	No-Essential3D
1076	G	1076	16.646	3.249	107.933	NA	0.696011396011396	Inf	-0.7968619403974927	0	0.9999999999999999	No-PER3D	No-Essential3D
1077	L	1077	15.303	1.935	104.607	NA	0.598290598290598	Inf	-0.8807001181000087	0	1	No-PER3D	No-Essential3D
1078	V	1078	15.396	3.585	101.144	NA	0.598290598290598	Inf	-0.9232126637297182	0	1	No-PER3D	No-Essential3D
1079	A	1079	14.223	2.243	97.756	NA	0.551924090669478	Inf	-0.906338741225777	0	1	No-PER3D	No-Essential3D
1080	K	1080	16.206	1.578	94.538	NA	0.551924090669478	Inf	-0.7499042846806425	0	1	No-PER3D	No-Essential3D
1081	R	1081	13.402	2.594	92.199	NA	0.548319327731092	Inf	-0.8654036767789278	0	1	No-PER3D	No-Essential3D
1082	D	1082	10.603	5.113	92.144	NA	0.456932773109244	Inf	-0.9348919426575851	0	1	No-PER3D	No-Essential3D
1083	I	1083	7.399	3.925	93.795	NA	0.424242424242424	Inf	-1.080138620536157	0	0.9999999999999999	No-PER3D	No-Essential3D
1084	R	1084	3.979	5.117	92.707	NA	0.477272727272727	Inf	-1.244005638190517	0	1	No-PER3D	No-Essential3D
1085	K	1085	1.186	6.043	95.078	NA	0.479014598540146	Inf	-1.4657107490611267	0	1	No-PER3D	No-Essential3D
1086	G	1086	-0.767	3.075	96.403	NA	0.449197860962567	Inf	-1.6228644448333807	0	1	No-PER3D	No-Essential3D
1087	E	1087	1.95	0.58	95.464	NA	0.449197860962567	Inf	-1.3686685347338565	0	1	No-PER3D	No-Essential3D
1088	F	1088	2.904	-2.354	97.692	NA	0.47554347826087	Inf	-1.226397361953785	0	1	No-PER3D	No-Essential3D
1089	V	1089	6.228	-1.581	99.373	NA	0.449197860962567	Inf	-1.081513609071441	0	1	No-PER3D	No-Essential3D
1090	N	1090	6.757	-4.468	101.782	NA	0.448849104859335	Inf	-1.0964162634197367	0	1	No-PER3D	No-Essential3D
1091	E	1091	5.139	-6.796	104.319	NA	0.445954555107241	Inf	-1.3362171172567125	0	1	No-PER3D	No-Essential3D
1092	Y	1092	5.665	-6.234	108.007	NA	0.505415162454874	Inf	-1.3837155392437819	0	1	No-PER3D	No-Essential3D
1093	V	1093	6.824	-9.652	109.139	NA	0.501792114695341	Inf	-1.3308536287591686	0	1	No-PER3D	No-Essential3D
1094	G	1094	8.119	-10.888	112.5	NA	0.503225806451613	Inf	-1.343138620865903	0	1	No-PER3D	No-Essential3D
1095	E	1095	7.488	-13.136	115.475	NA	0.471774193548387	Inf	-1.4040085683291788	0	1	No-PER3D	No-Essential3D
1096	L	1096	3.768	-13.437	116.188	NA	0.420238095238095	Inf	-1.4093498739143882	0	0.9999999999999999	No-PER3D	No-Essential3D
1097	I	1097	2.975	-12.982	119.831	NA	0.333806146572104	Inf	-1.4995362757771518	0	1	No-PER3D	No-Essential3D
1098	D	1098	-0.079	-12.495	122.006	NA	0.387588339222615	Inf	-1.558110298962377	0	1	No-PER3D	No-Essential3D
1099	E	1099	-0.707	-9.457	124.215	NA	0.36096256684492	Inf	-1.5917310002398657	0	1	No-PER3D	No-Essential3D
1100	E	1100	0.49	-11.003	127.456	NA	0.340909090909091	Inf	-1.6095651278808623	0	1	No-PER3D	No-Essential3D
1101	E	1101	3.771	-11.841	125.802	NA	0.290608875128999	Inf	-1.58021110130049	0	1	No-PER3D	No-Essential3D
1102	C	1102	4.082	-8.392	124.216	NA	0.290608875128999	Inf	-1.541888507389567	0	1	No-PER3D	No-Essential3D
1103	M	1103	3.531	-6.64	127.517	NA	0.231578947368421	Inf	-1.6148249831235837	0	1	No-PER3D	No-Essential3D
1104	A	1104	6.105	-8.829	129.192	NA	0.230921052631579	Inf	-1.6470812798704595	0	1	No-PER3D	No-Essential3D
1105	R	1105	8.658	-8.012	126.51	NA	0.204413472706156	Inf	-1.6543746498075027	0	1	No-PER3D	No-Essential3D
1106	I	1106	8.056	-4.269	126.753	NA	0.217811600164541	Inf	-1.6240831095475037	0	1	No-PER3D	No-Essential3D
1107	K	1107	8.269	-4.349	130.545	NA	0.273148148148148	Inf	-1.69182660854749	0	1	No-PER3D	No-Essential3D
1108	H	1108	11.541	-6.241	130.31	NA	0.290032679738562	Inf	-1.7532528459123098	0	1	No-PER3D	No-Essential3D
1109	A	1109	12.868	-3.86	127.683	NA	0.290032679738562	Inf	-1.7117355412104596	0	1	No-PER3D	No-Essential3D
1110	H	1110	12.09	-0.786	129.75	NA	0.290032679738562	Inf	-1.7302877607984282	0	1	No-PER3D	No-Essential3D
1111	E	1111	13.761	-2.271	132.813	NA	0.275835275835276	Inf	-1.1391061327443464	0	1	No-PER3D	No-Essential3D
1112	N	1112	16.823	-3.035	130.677	NA	0.277582846003899	Inf	-1.1384489545750136	0	1	No-PER3D	No-Essential3D
1113	D	1113	17.011	0.439	129.107	NA	0.293706293706294	Inf	-1.4159498623704596	0	1	No-PER3D	No-Essential3D
1114	I	1114	16.248	-1.026	125.685	NA	0.29391124871001	Inf	-1.7114029514704572	0	1	No-PER3D	No-Essential3D
1115	T	1115	15.169	1.844	123.418	NA	0.232578397212544	Inf	-1.3873800414119977	0	1	No-PER3D	No-Essential3D
1116	H	1116	14.342	0.017	120.166	NA	0.232736013986014	Inf	-1.4581899145663326	0	0.9999999999999999	No-PER3D	No-Essential3D
1117	F	1117	10.859	-1.415	119.607	NA	0.309233449477352	Inf	-1.6096611974462571	0	0.9999999999999999	No-PER3D	No-Essential3D
1118	Y	1118	9.601	-3.588	116.714	NA	0.311619718309859	Inf	-1.485478665605409	0	1	No-PER3D	No-Essential3D
1119	M	1119	6.008	-4.275	117.967	NA	0.311619718309859	Inf	-1.3354039711135497	0	1	No-PER3D	No-Essential3D
1120	L	1120	3.085	-3.758	115.578	NA	0.310314685314685	Inf	-1.3155605624579423	0	1	No-PER3D	No-Essential3D
1121	T	1121	-0.51	-4.79	116.4	NA	0.310104529616725	Inf	-1.3596835075975298	0	1	No-PER3D	No-Essential3D
1122	I	1122	-2.448	-6.909	113.906	NA	0.309895833333333	Inf	-1.4497092464821237	0	1	No-PER3D	No-Essential3D
1123	D	1123	-5.52	-7.341	116.078	NA	0.291471605943415	Inf	-1.4364409443370714	0	1	No-PER3D	No-Essential3D
1124	K	1124	-6.336	-7.556	119.785	NA	0.310975609756098	Inf	-1.48932330962467	0	1	No-PER3D	No-Essential3D
1125	D	1125	-4.188	-10.478	120.924	NA	0.32962962962963	Inf	-1.5503502704199095	0	1	No-PER3D	No-Essential3D
1126	R	1126	-1.971	-10.616	117.865	NA	0.286057692307692	Inf	-1.4135488389180388	0	1	No-PER3D	No-Essential3D
1127	I	1127	1.197	-8.515	117.704	NA	0.285067873303167	Inf	-1.381010553328847	0	1	No-PER3D	No-Essential3D
1128	I	1128	4.063	-8.686	115.201	NA	0.308823529411765	Inf	-1.3605242207320545	0	1	No-PER3D	No-Essential3D
1129	D	1129	7.436	-8.495	116.937	NA	0.224747474747475	Inf	-1.436572658804457	0	1	No-PER3D	No-Essential3D
1130	A	1130	9.994	-7.706	114.219	NA	0.247222222222222	Inf	-1.4004542010145842	0	1	No-PER3D	No-Essential3D
1131	G	1131	12.795	-7.36	116.778	NA	0.276612276612277	Inf	-1.552642668659228	0	1	No-PER3D	No-Essential3D
1132	P	1132	14.172	-10.882	116.942	NA	0.276612276612277	Inf	-1.490587057568149	0	1	No-PER3D	No-Essential3D
1133	K	1133	13.219	-11.722	113.396	NA	0.276023391812866	Inf	-1.3871090794696221	0	1	No-PER3D	No-Essential3D
1134	G	1134	11.689	-9.872	110.487	NA	0.277974087161366	Inf	-1.3653588021237475	0	1	No-PER3D	No-Essential3D
1135	N	1135	12.451	-8.503	107.064	NA	0.278959810874705	Inf	-1.1738891545283057	0	1	No-PER3D	No-Essential3D
1136	Y	1136	13.564	-5.099	105.743	NA	0.356136820925553	Inf	-0.9712587465143705	0	1	No-PER3D	No-Essential3D
1137	S	1137	10.365	-3.384	106.909	NA	0.358662613981763	Inf	-1.213505307682919	0	1	No-PER3D	No-Essential3D
1138	R	1138	11.83	-3.548	110.446	NA	0.209219858156028	Inf	-1.1915819016261706	0	1	No-PER3D	No-Essential3D
1139	F	1139	14.214	-0.788	109.308	NA	0.210401891252955	Inf	-0.9603270173295059	0	1	No-PER3D	No-Essential3D
1140	M	1140	11.419	1.612	108.305	NA	0.212664277180406	Inf	-1.1396080123397967	0	1	No-PER3D	No-Essential3D
1141	N	1141	11.421	4.612	110.639	NA	0.212664277180406	Inf	-1.166544526703313	0	1	No-PER3D	No-Essential3D
1142	H	1142	8.564	6.676	112.04	NA	0.212664277180406	Inf	-1.2428881642262752	0	1	No-PER3D	No-Essential3D
1143	S	1143	7.584	9.895	110.416	NA	0.183599793708097	Inf	-1.3026915913189214	0	1	No-PER3D	No-Essential3D
1144	C	1144	4.976	12.467	111.325	NA	0.183599793708097	Inf	-1.3890096015863076	0	1	No-PER3D	No-Essential3D
1145	Q	1145	4.703	12.985	107.593	NA	0.184782608695652	Inf	-1.54054902432387	0	1	No-PER3D	No-Essential3D
1146	P	1146	4.919	9.456	106.281	NA	0.186131386861314	Inf	-1.5946647341106015	0	1	No-PER3D	No-Essential3D
1147	N	1147	5.22	8.286	102.677	NA	0.161818181818182	Inf	-1.5119409578917582	0	0.9999999999999999	No-PER3D	No-Essential3D
1148	C	1148	3.884	4.798	103.525	NA	0	Inf	-1.473876951139757	0	1	No-PER3D	No-Essential3D
1149	E	1149	1.002	3.336	105.515	NA	0	Inf	-1.5224239884444835	0	1	No-PER3D	No-Essential3D
1150	T	1150	0.07	-0.052	106.915	NA	0	Inf	-1.4523359410079437	0	1	No-PER3D	No-Essential3D
1151	L	1151	-2.962	-1.841	105.469	NA	0.118115461181155	Inf	-1.424858069043975	0	1	No-PER3D	No-Essential3D
1152	K	1152	-4.369	-5.127	106.74	NA	0.118115461181155	Inf	-1.5614938061799348	0	1	No-PER3D	No-Essential3D
1153	W	1153	-5.013	-7.647	103.949	NA	0.118115461181155	Inf	-1.2968740601350202	0	1	No-PER3D	No-Essential3D
1154	T	1154	-6.463	-11.153	103.95	NA	0.12992700729927	Inf	-1.3218436089470504	0	1	No-PER3D	No-Essential3D
1155	V	1155	-4.033	-13.651	102.522	NA	0.13029197080292	Inf	-1.2363688032019402	0	1	No-PER3D	No-Essential3D
1156	N	1156	-4.453	-17.427	102.62	NA	0.238636363636364	Inf	-1.3842129488766886	0	1	No-PER3D	No-Essential3D
1157	G	1157	-6.974	-17.327	105.432	NA	0.327554744525547	Inf	-1.5703634842944523	0	1	No-PER3D	No-Essential3D
1158	D	1158	-5.137	-14.919	107.71	NA	0.382566069906223	Inf	-1.5532993149321441	0	1	No-PER3D	No-Essential3D
1159	T	1159	-4.477	-11.195	108.3	NA	0.378755818874312	Inf	-1.4769447019520092	0	1	No-PER3D	No-Essential3D
1160	R	1160	-1.225	-9.776	106.905	NA	0.378755818874312	Inf	-1.3936872263652351	0	1	No-PER3D	No-Essential3D
1161	V	1161	0.216	-6.282	107.342	NA	0.361616161616162	Inf	-1.398801957064608	0	1	No-PER3D	No-Essential3D
1162	G	1162	1.316	-4.594	104.143	NA	0.342583732057416	Inf	-1.3314225113165241	0	1	No-PER3D	No-Essential3D
1163	L	1163	3.16	-1.322	103.698	NA	0.325729927007299	Inf	-1.3410868750580944	0	0.9999999999999999	No-PER3D	No-Essential3D
1164	F	1164	1.817	0.778	100.832	NA	0.329335793357934	Inf	-1.3999166640705532	0	1	No-PER3D	No-Essential3D
1165	A	1165	2.849	4.164	99.459	NA	0.331481481481482	Inf	-1.4025682847648409	0	1	No-PER3D	No-Essential3D
1166	V	1166	0.628	7.143	100.311	NA	0.315410296960112	Inf	-1.5714160437454907	0	1	No-PER3D	No-Essential3D
1167	C	1167	2.259	9.298	97.636	NA	0.313375350140056	Inf	-1.4516011632804573	0	1	No-PER3D	No-Essential3D
1168	D	1168	4.754	9.014	94.806	NA	0.313653136531365	Inf	-1.3170435384079944	0	1	No-PER3D	No-Essential3D
1169	I	1169	8.196	8.189	96.205	NA	0.301346801346801	Inf	-1.1677802105603556	0	0.9999999999999999	No-PER3D	No-Essential3D
1170	P	1170	11.284	9.114	94.276	NA	0.303311929705982	Inf	-1.0810163472599355	0	1	No-PER3D	No-Essential3D
1171	A	1171	14.191	6.615	94.402	NA	0.301346801346801	Inf	-0.8296393954894569	0	1	No-PER3D	No-Essential3D
1172	G	1172	16.594	7.243	97.316	NA	0.302467049678946	Inf	-0.6833841145260834	0	1	No-PER3D	No-Essential3D
1173	T	1173	13.949	8.783	99.617	NA	0.3168702425208	Inf	-1.0051976358814945	0	1	No-PER3D	No-Essential3D
1174	E	1174	13.679	7.14	103.063	NA	0.366700715015322	Inf	-1.0554152013247933	0	1	No-PER3D	No-Essential3D
1175	L	1175	10.568	4.976	103.459	NA	0.366700715015322	Inf	-1.2324075396183434	0	0.9999999999999999	No-PER3D	No-Essential3D
1176	T	1176	8.581	5.776	106.555	NA	0.384162653825575	Inf	-1.3962637565620146	0	1	No-PER3D	No-Essential3D
1177	F	1177	5.236	5.249	108.25	NA	0.427817500851209	Inf	-1.489130091786341	0	1	No-PER3D	No-Essential3D
1178	N	1178	3.261	6.602	111.22	NA	0.445273631840796	Inf	-1.4791751933098447	0	1	No-PER3D	No-Essential3D
1179	Y	1179	3.961	4.443	114.299	NA	0.492144540455617	Inf	-1.4724229422106916	0	1	No-PER3D	No-Essential3D
1180	N	1180	1.179	6.07	116.295	NA	0.492607924305145	Inf	-1.2456947939114342	0	1	No-PER3D	No-Essential3D
1181	L	1181	-1.467	4.047	114.573	NA	0.516109045848823	Inf	-1.2500389784242791	0	1	No-PER3D	No-Essential3D
1182	D	1182	-0.315	0.454	115.355	NA	0.442379182156134	Inf	-1.3255130135261788	0	1	No-PER3D	No-Essential3D
1183	C	1183	3.01	0.389	117.208	NA	0.442379182156134	Inf	-1.2969294953113581	0	1	No-PER3D	No-Essential3D
1184	L	1184	3.643	-0.142	120.942	NA	0.414473684210526	Inf	-1.2190782856788762	0	0.9999999999999999	No-PER3D	No-Essential3D
1185	G	1185	6.291	0.825	123.496	NA	0.416374269005848	Inf	-1.281251957646255	0	1	No-PER3D	No-Essential3D
1186	N	1186	7.314	4.164	122.006	NA	0.416374269005848	Inf	-1.1816277565984405	0	1	No-PER3D	No-Essential3D
1187	E	1187	5.541	6.503	124.434	NA	0.344727131481841	Inf	-1.048711695493349	0	1	No-PER3D	No-Essential3D
1188	K	1188	8.862	7.668	125.897	NA	0.293004115226337	Inf	-1.2388001208548542	0	1	No-PER3D	No-Essential3D
1189	T	1189	10.749	8.002	122.605	NA	0.204552002304811	Inf	-1.178415533326469	0	0.9999999999999999	No-PER3D	No-Essential3D
1190	V	1190	11.415	11.53	121.378	NA	0.205320994794679	Inf	-1.2137408222737114	0	1	No-PER3D	No-Essential3D
1191	C	1191	10.771	12.037	117.672	NA	0.205320994794679	Inf	-1.1094481807730006	0	1	No-PER3D	No-Essential3D
1192	R	1192	13.65	13.031	115.356	NA	0.222431077694236	Inf	-1.025189121023135	0	1	No-PER3D	No-Essential3D
1193	C	1193	11.612	12.786	112.1	NA	0.286525974025974	Inf	-1.033285278284217	0	1	No-PER3D	No-Essential3D
1194	G	1194	12.234	16.442	111.28	NA	0.357251908396947	Inf	-1.205691387604115	0	1	No-PER3D	No-Essential3D
1195	A	1195	8.871	17.032	109.621	NA	0.418654580152672	Inf	-1.4467810258992528	0	1	No-PER3D	No-Essential3D
1196	S	1196	7.354	20.46	110.013	NA	0.467914438502674	Inf	-1.4776521740687754	0	1	No-PER3D	No-Essential3D
1197	N	1197	4.331	18.996	111.723	NA	0.493867924528302	Inf	-1.4021553188824871	0	1	No-PER3D	No-Essential3D
1198	C	1198	6.298	16.904	114.189	NA	0.44233206590621	Inf	-1.2866010821462357	0	1	No-PER3D	No-Essential3D
1199	S	1199	4.33	16.176	117.357	NA	0.442748091603053	Inf	-1.2006181616198002	0	1	No-PER3D	No-Essential3D
1200	G	1200	7.499	15.199	119.185	NA	0.468351599194811	Inf	-1.188139589710787	0	1	No-PER3D	No-Essential3D
1201	F	1201	6.865	11.548	120.012	NA	0.520008514261388	Inf	-1.1199307895127357	0	1	No-PER3D	No-Essential3D
1202	L	1202	6.514	8.196	118.245	NA	0.516539440203562	Inf	-1.1244924034896377	0	1	No-PER3D	No-Essential3D
1203	G	1203	3.664	6.995	120.414	NA	0.547441965291864	Inf	-1.025159108047362	0	1	No-PER3D	No-Essential3D
1204	D	1204	0.438	8.883	120.059	NA	0.517028522775649	Inf	-0.9187752606496499	0	1	No-PER3D	No-Essential3D
1205	R	1205	-0.709	10.514	123.244	NA	0.545352492141895	Inf	-0.6355303549868386	0	0.9999999999999999	No-PER3D	No-Essential3D
1206	P	1206	-3.914	8.615	123.392	NA	0.555533319991995	Inf	-0.40556686394913327	0	1	No-PER3D	No-Essential3D
1207	K	1207	-2.794	5.62	125.295	NA	0.561943319838057	Inf	-0.5818968329819024	0	1	No-PER3D	No-Essential3D
1208	T	1208	-2.987	3.652	128.485	NA	0.522522522522523	Inf	-0.4012881851971668	0	0.9999999999999999	No-PER3D	No-Essential3D
1209	S	1209	-4.619	5.314	131.413	NA	0.524547803617571	Inf	-0.3424490994239133	0	0.9999999999999999	No-PER3D	No-Essential3D
1210	T	1210	-2.167	6.235	134.062	NA	0.555403556771546	Inf	-0.3752969607195563	0	0.9999999999999999	No-PER3D	No-Essential3D
1211	T	1211	-2.954	4.687	137.36	NA	0.551669316375199	Inf	-0.5743158293941047	0	1	No-PER3D	No-Essential3D
1212	L	1212	-1.823	6.63	140.359	NA	0.555403556771546	Inf	0.13769804288111007	0	1	No-PER3D	No-Essential3D
1213	S	1213	-2.128	5.889	144.008	NA	0.549547511312217	Inf	0.01867243533356056	0	1	No-PER3D	No-Essential3D
1214	S	1214	-5.61	7.265	144.198	NA	0.553259141494436	Inf	-0.0323399911427468	0	1	No-PER3D	No-Essential3D
1215	E	1215	-8.88	6.393	142.639	NA	0.583333333333333	Inf	-0.2124534548171907	0	1	No-PER3D	No-Essential3D
1216	E	1216	-10.131	7.584	139.308	NA	0.581106870229008	Inf	-0.28640174049216804	0	0.9999999999999999	No-PER3D	No-Essential3D
1217	K	1217	-7.99	9.513	136.916	NA	0.577233840304183	Inf	-0.40117209866988945	0	1	No-PER3D	No-Essential3D
1218	G	1218	-8.676	12.566	134.871	NA	0.666023166023166	Inf	-0.4214034990068481	0	1	No-PER3D	No-Essential3D
1219	K	1219	-8.823	14.217	138.217	NA	0.705200999318647	Inf	-0.4797403474200448	0	0.9999999999999999	No-PER3D	No-Essential3D
1220	K	1220	-8.89	17.91	137.781	NA	0.705200999318647	Inf	-0.6738230419302906	0	1	No-PER3D	No-Essential3D
1221	T	1221	-7.661	18.055	141.305	NA	0.699797160243408	Inf	-0.3475279584561578	0	1	No-PER3D	No-Essential3D
1222	K	1222	-6.99	16.087	144.444	NA	0.735042735042735	Inf	-0.3369664935064075	0	0.9999999999999999	No-PER3D	No-Essential3D
1223	K	1223	-5.843	17.52	147.696	NA	0.729431721798134	Inf	-0.3791319881225529	0	0.9999999999999999	No-PER3D	No-Essential3D
1224	K	1224	-3.632	15.873	150.217	NA	0.738549618320611	Inf	-0.26359127266239857	0	0.9999999999999999	No-PER3D	No-Essential3D
1225	T	1225	-5.579	14.081	152.87	NA	0.700893997445722	Inf	-0.11195240337752825	0	1	No-PER3D	No-Essential3D
1226	R	1226	-5.409	14.495	156.594	NA	0.697768762677485	Inf	0.044716472950311545	0	1	No-PER3D	No-Essential3D
1227	R	1227	-1.85	14.418	157.756	NA	0.615522254529188	Inf	-0.04885059188881488	0	0.9999999999999999	No-PER3D	No-Essential3D
1228	R	1228	-1.403	11.872	160.465	NA	0.61966771441401	Inf	-0.07301725365931382	0	0.9999999999999999	No-PER3D	No-Essential3D
1229	R	1229	-2.434	13.312	163.766	NA	0.697126178715761	Inf	-0.1197651232729231	0	1	No-PER3D	No-Essential3D
1230	A	1230	0.23	13.472	166.372	NA	0.653409090909091	Inf	-0.1822730352288541	0	1	No-PER3D	No-Essential3D
1231	K	1231	-0.272	10.778	168.906	NA	0.655893536121673	Inf	-0.7691372566709749	0	1	No-PER3D	No-Essential3D
1232	G	1232	-2.27	12.249	171.715	NA	0.617311563408634	Inf	-0.75506072407298	0	1	No-PER3D	No-Essential3D
1233	E	1233	-4.624	15.145	171.336	NA	0.61966771441401	Inf	0.2689906430442415	0	1	No-PER3D	No-Essential3D
1234	G	1234	-5.261	19.163	170.478	NA	0.614428412874584	Inf	0.2476789668052971	0	1	No-PER3D	No-Essential3D
1235	K	1235	-7.888	20.522	168.174	NA	0.646840148698885	Inf	0.057372773169313884	0	1	No-PER3D	No-Essential3D
1236	R	1236	-7.489	19.902	164.514	NA	0.60771144278607	Inf	-0.215073856847914	0	1	No-PER3D	No-Essential3D
1237	Q	1237	-9.958	20.656	161.75	NA	0.601033295063146	Inf	-0.35868146644317495	0	1	No-PER3D	No-Essential3D
1238	S	1238	-9.524	17.318	160.081	NA	0.600514726908779	Inf	-0.32591206301762504	0	0.9999999999999999	No-PER3D	No-Essential3D
1239	E	1239	-9.782	13.742	161.255	NA	0.596581196581197	Inf	-0.11465336492290126	0	1	No-PER3D	No-Essential3D
1240	D	1240	-6.71	11.5	161.517	NA	0.557620817843866	Inf	-0.12210357476082737	0	1	No-PER3D	No-Essential3D
1241	E	1241	-8.071	8.567	159.55	NA	0.557620817843866	Inf	-0.03232620760393822	0	1	No-PER3D	No-Essential3D
1242	C	1242	-9.204	8.595	156.135	NA	0.557620817843866	Inf	-0.03166957368944313	0	0.9999999999999999	No-PER3D	No-Essential3D
1243	F	1243	-12.957	8.49	155.222	NA	0.558102345415778	Inf	-0.07709504632383915	0	0.9999999999999999	No-PER3D	No-Essential3D
1244	R	1244	-12.945	5.556	152.513	NA	0.600514726908779	Inf	-0.053939763782416335	0	0.9999999999999999	No-PER3D	No-Essential3D
1245	C	1245	-10.381	2.748	153.614	NA	0.606741573033708	Inf	0.12222267868711827	0	0.9999999999999999	No-PER3D	No-Essential3D
1246	G	1246	-10.459	2.692	157.523	NA	0.606741573033708	Inf	-0.017279185535230182	0	0.9999999999999999	No-PER3D	No-Essential3D
1247	D	1247	-6.766	3.457	158.256	NA	0.605012964563526	Inf	-0.14256024374860052	0	0.9999999999999999	No-PER3D	No-Essential3D
1248	G	1248	-4.467	6.406	158.922	NA	0.605012964563526	Inf	-0.12068741951588897	0	1	No-PER3D	No-Essential3D
1249	G	1249	-1.312	7.375	157.105	NA	0.504177470469605	Inf	0.12492055363227415	0	0.9999999999999999	No-PER3D	No-Essential3D
1250	Q	1250	-0.444	9.936	154.5	NA	0.438202247191011	Inf	0.3404688769515658	0	1	No-PER3D	No-Essential3D
1251	L	1251	-3.637	11.795	154.003	NA	0.50561797752809	Inf	0.05769122029907352	0	0.9999999999999999	No-PER3D	No-Essential3D
1252	V	1252	-4.764	14.692	151.87	NA	0.50561797752809	Inf	-0.17327401184246674	0	1	No-PER3D	No-Essential3D
1253	L	1253	-7.261	16.992	153.504	NA	0.43984962406015	Inf	-0.2723833773149628	0	0.9999999999999999	No-PER3D	No-Essential3D
1254	C	1254	-10.338	18.447	151.851	NA	0.442767295597484	Inf	-0.2987506865533771	0	0.9999999999999999	No-PER3D	No-Essential3D
1255	D	1255	-10.18	22.213	151.308	NA	0.47940074906367	Inf	-0.5234366842547175	0	1	No-PER3D	No-Essential3D
1256	R	1256	-13.966	22.658	151.279	NA	0.530827067669173	Inf	-0.8353363566450391	0	1	No-PER3D	No-Essential3D
1257	K	1257	-15.472	24.682	154.084	NA	0.378088077336198	Inf	-0.9096920487081477	0	1	No-PER3D	No-Essential3D
1258	F	1258	-16.301	22.637	157.133	NA	0.43984962406015	Inf	-0.7740336082013586	0	1	No-PER3D	No-Essential3D
1259	C	1259	-15.19	19.392	155.592	NA	0.436183395291202	Inf	-0.6909726839930398	0	1	No-PER3D	No-Essential3D
1260	T	1260	-13.229	17.489	158.239	NA	0.261710037174721	Inf	-0.5347953939976686	0	1	No-PER3D	No-Essential3D
1261	K	1261	-12.511	14.536	156.01	NA	0.263670411985019	Inf	-0.12366356224403739	0	0.9999999999999999	No-PER3D	No-Essential3D
1262	A	1262	-9.052	13.344	154.968	NA	0.262921348314607	Inf	-0.07330255718738977	0	0.9999999999999999	No-PER3D	No-Essential3D
1263	Y	1263	-8.074	10.695	152.476	NA	0.262686567164179	Inf	-0.15597557602632578	0	0.9999999999999999	No-PER3D	No-Essential3D
1264	H	1264	-5.257	8.481	151.127	NA	0.375266524520256	Inf	-0.02877124230518039	0	1	No-PER3D	No-Essential3D
1265	L	1265	-4.433	9.523	147.587	NA	0.372809346787042	Inf	-0.08878703532005791	0	1	No-PER3D	No-Essential3D
1266	S	1266	-4.065	6.014	146.334	NA	0.372486772486772	Inf	-0.015436432281508431	0	1	No-PER3D	No-Essential3D
1267	C	1267	-7.517	5.289	147.667	NA	0.372486772486772	Inf	-0.022543188059999816	0	0.9999999999999999	No-PER3D	No-Essential3D
1268	L	1268	-8.943	8.206	145.718	NA	0.372809346787042	Inf	-0.11494236307648192	0	1	No-PER3D	No-Essential3D
1269	G	1269	-7.051	7.137	142.65	NA	0.326208178438662	Inf	-0.0904466025152537	0	1	No-PER3D	No-Essential3D
1270	L	1270	-5.567	10.538	142.438	NA	0.288065843621399	Inf	-0.13240188104613498	0	1	No-PER3D	No-Essential3D
1271	G	1271	-2.552	10.01	140.303	NA	0.28996282527881	Inf	0.043041061926938844	0	1	No-PER3D	No-Essential3D
1272	K	1272	-2.487	13.702	139.597	NA	0.289136720363486	Inf	-0.0453108450464115	0	1	No-PER3D	No-Essential3D
1273	R	1273	-1.703	15.692	142.643	NA	0.289136720363486	Inf	-0.13150068888732014	0	0.9999999999999999	No-PER3D	No-Essential3D
1274	P	1274	-4.354	18.219	143.192	NA	0.288557213930348	Inf	-0.24866012300273224	0	0.9999999999999999	No-PER3D	No-Essential3D
1275	F	1275	-3.067	21.77	143.297	NA	0.288310615448162	Inf	-0.1861556704693104	0	1	No-PER3D	No-Essential3D
1276	G	1276	-4.658	24.541	145.253	NA	0.38955223880597	Inf	-0.3763483346204234	0	1	No-PER3D	No-Essential3D
1277	K	1277	-8.168	24.09	146.527	NA	0.322222222222222	Inf	-0.5763919957138456	0	0.9999999999999999	No-PER3D	No-Essential3D
1278	W	1278	-9.11	20.453	146.408	NA	0.324349442379182	Inf	-0.5191072545368445	0	1	No-PER3D	No-Essential3D
1279	E	1279	-12.564	19.251	147.291	NA	0.399540757749713	Inf	-0.4707125243381537	0	0.9999999999999999	No-PER3D	No-Essential3D
1280	C	1280	-13.151	15.59	148.165	NA	0.435705368289638	Inf	-0.38839668391006793	0	0.9999999999999999	No-PER3D	No-Essential3D
1281	P	1281	-15.362	13.183	146.266	NA	0.399199313697455	Inf	-0.40543603339859663	0	0.9999999999999999	No-PER3D	No-Essential3D
1282	W	1282	-17.738	13.211	149.183	NA	0.301642178046672	Inf	-0.46728559673833037	0	1	No-PER3D	No-Essential3D
1283	H	1283	-19.03	16.341	147.472	NA	0.405436802973978	Inf	-0.6768979423500557	0	0.9999999999999999	No-PER3D	No-Essential3D
1284	H	1284	-19.702	14.571	144.177	NA	0.405092592592593	Inf	-0.48643788568867674	0	1	No-PER3D	No-Essential3D
1285	C	1285	-22.472	12.112	143.336	NA	0.381587579269626	Inf	-0.374281964101427	0	1	No-PER3D	No-Essential3D
1286	D	1286	-21.159	8.632	142.841	NA	0.428044280442804	Inf	-0.23636282625499147	0	1	No-PER3D	No-Essential3D
1287	V	1287	-23.68	7.797	140.158	NA	0.402544823597455	Inf	-0.24511304372978135	0	1	No-PER3D	No-Essential3D
1288	C	1288	-23.299	10.96	138.115	NA	0.382417582417582	Inf	-0.3733610012880081	0	1	No-PER3D	No-Essential3D
1289	G	1289	-20.33	13.379	138.407	NA	0.378260869565217	Inf	-0.4634711607300729	0	0.9999999999999999	No-PER3D	No-Essential3D
1290	K	1290	-22.616	16.113	139.728	NA	0.378260869565217	Inf	-0.4777173807471046	0	1	No-PER3D	No-Essential3D
1291	P	1291	-22.613	17.764	143.071	NA	0.420289855072464	Inf	-0.47937838526626514	0	1	No-PER3D	No-Essential3D
1292	S	1292	-23.971	15.743	145.969	NA	0.441304347826087	Inf	-0.4217329580873698	0	1	No-PER3D	No-Essential3D
1293	T	1293	-26.873	16.802	148.141	NA	0.479972494412928	Inf	-0.14900426652531834	0	1	No-PER3D	No-Essential3D
1294	S	1294	-26.915	13.848	150.516	NA	0.509902597402598	Inf	0.0906509541183587	0	1	No-PER3D	No-Essential3D
1295	F	1295	-23.976	12.073	151.996	NA	0.506632157877709	Inf	0.09770113208605857	0	1	No-PER3D	No-Essential3D
1296	C	1296	-23.399	8.684	153.386	NA	0.519713261648746	Inf	0.40761842750744576	0	1	No-PER3D	No-Essential3D
1297	H	1297	-21.879	9.144	156.788	NA	0.575682382133995	Inf	0.6808616797790562	0	1	No-PER3D	No-Essential3D
1298	L	1298	-19.698	6.121	156.44	NA	0.600132275132275	Inf	0.7460558828934597	0	1	No-PER3D	No-Essential3D
1299	C	1299	-18.002	6.581	153.108	NA	0.60573476702509	Inf	0.23128617846538532	0	1	No-PER3D	No-Essential3D
1300	P	1300	-17.43	8.942	150.266	NA	0.635379061371841	Inf	-0.08293696321333188	0	0.9999999999999999	No-PER3D	No-Essential3D
1301	N	1301	-20.382	7.768	148.239	NA	0.639492753623188	Inf	0.094443258988305	0	1	No-PER3D	No-Essential3D
1302	S	1302	-22.719	10.689	148.099	NA	0.678260869565217	Inf	-0.03790901850314355	0	1	No-PER3D	No-Essential3D
1303	F	1303	-25.609	11.36	145.805	NA	0.680193236714976	Inf	-0.08170113292331825	0	0.9999999999999999	No-PER3D	No-Essential3D
1304	C	1304	-27.14	14.256	143.877	NA	0.638181818181818	Inf	-0.2600593131497506	0	1	No-PER3D	No-Essential3D
1305	K	1305	-30.792	15.207	144.079	NA	0.676255903821383	Inf	-0.16431062173014505	0	0.9999999999999999	No-PER3D	No-Essential3D
1306	E	1306	-31.755	12.699	141.426	NA	0.68992628992629	Inf	-0.1591638214264715	0	0.9999999999999999	No-PER3D	No-Essential3D
1307	H	1307	-29.747	9.762	142.824	NA	0.655429975429975	Inf	-0.07241326875640926	0	0.9999999999999999	No-PER3D	No-Essential3D
1308	Q	1308	-30.623	10.461	146.458	NA	0.707623682076237	Inf	0.14280575333892273	0	1	No-PER3D	No-Essential3D
1309	D	1309	-33.917	8.61	146.716	NA	0.693000693000693	Inf	0.5693199560297103	0	0.9999999999999999	No-PER3D	No-Essential3D
1310	G	1310	-33.697	5.146	148.204	NA	0.693000693000693	Inf	0.8374610488474189	0	1	No-PER3D	No-Essential3D
1311	T	1311	-29.95	5.584	148.333	NA	0.727941176470588	Inf	0.4802161209229311	0	1	No-PER3D	No-Essential3D
1312	A	1312	-29.404	6.284	151.993	NA	0.774907749077491	Inf	0.7108205934657125	0	1	No-PER3D	No-Essential3D
1313	F	1313	-31.041	4.754	155.03	NA	0.794117647058824	Inf	0.9188256971194492	0	1	No-PER3D	No-Essential3D
1314	S	1314	-30.42	5.039	158.733	NA	0.765103338632751	Inf	1.001811049156888	0	1	No-PER3D	No-Essential3D
1315	C	1315	-28.063	2.537	160.231	NA	0.733333333333333	Inf	1.123985214933511	0	1	No-PER3D	No-Essential3D
1316	T	1316	-27.991	0.924	163.628	NA	0.770802919708029	Inf	1.302621904175286	0	1	No-PER3D	No-Essential3D
1317	P	1317	-25.248	3.163	164.854	NA	0.738686131386861	Inf	1.1569476636181473	0	1	No-PER3D	No-Essential3D
1318	D	1318	-26.781	6.407	166.103	NA	0.776470588235294	Inf	1.102444051669568	0	0.9999999999999999	No-PER3D	No-Essential3D
1319	G	1319	-29.072	6.562	163.105	NA	0.791208791208791	Inf	1.0235409090833798	0	1	No-PER3D	No-Essential3D
1320	R	1320	-26.23	7.649	160.835	NA	0.791208791208791	Inf	0.9839301155081479	0	1	No-PER3D	No-Essential3D
1321	S	1321	-27.211	7.529	157.201	NA	0.803571428571429	Inf	0.9211718863579322	0	1	No-PER3D	No-Essential3D
1322	Y	1322	-25.611	4.808	155.271	NA	0.797047970479705	Inf	0.9153824794171004	0	0.9999999999999999	No-PER3D	No-Essential3D
1323	C	1323	-25.711	3.839	151.596	NA	0.808823529411765	Inf	0.7688308659537065	0	1	No-PER3D	No-Essential3D
1324	C	1324	-26.295	0.423	150.09	NA	0.80950184501845	Inf	0.9033787331680916	0	1	No-PER3D	No-Essential3D
1325	E	1325	-22.567	-0.201	150.334	NA	0.802279202279202	Inf	0.8765336859003363	0	1	No-PER3D	No-Essential3D
1326	H	1326	-22.741	-1.247	153.92	NA	0.823982017809285	Inf	1.0680067188191966	0	1	No-PER3D	No-Essential3D
1327	D	1327	-25.026	-3.32	156.112	NA	0.830210150974888	Inf	1.2501397602528481	0	1	No-PER3D	No-Essential3D
1328	L	1328	-27.215	-0.991	158.146	NA	0.832431682618948	Inf	1.123985214933511	0	1	No-PER3D	No-Essential3D
1329	G	1329	-26.892	-3.248	161.179	NA	0.84133469526728	Inf	1.305503280417249	0	1	No-PER3D	No-Essential3D
1330	A	1330	-23.155	-2.71	161.362	NA	0.85633423180593	Inf	1.2613538344518933	0	1	No-PER3D	No-Essential3D
1331	A	1331	-21.296	0.024	159.325	NA	0.850698174006445	Inf	1.0695273460947279	0	1	No-PER3D	No-Essential3D
1332	S	1332	-17.552	1.689	159.328	NA	0.878901373283396	Inf	0.8681714355149636	0	1	No-PER3D	No-Essential3D
1333	V	1333	-14.216	3.232	157.462	NA	0.86524002313476	Inf	0.42121627124008687	0	1	No-PER3D	No-Essential3D
1334	R	1334	-10.933	5.624	156.736	NA	0.892268694550063	Inf	-0.05081069569767966	0	1	No-PER3D	No-Essential3D
1335	S	1335	-10.378	6.919	152.835	NA	0.937278106508876	Inf	-0.07025489288931021	0	0.9999999999999999	No-PER3D	No-Essential3D
1336	T	1336	-9.161	8.083	149.411	NA	0.939940828402367	Inf	-0.11604026197757605	0	0.9999999999999999	No-PER3D	No-Essential3D
1337	K	1337	-6.853	11.153	148.425	NA	0.942072213500785	Inf	-0.16628771191417174	0	1	No-PER3D	No-Essential3D
1338	T	1338	-3.455	12.495	149.674	NA	0.952586206896552	Inf	-0.18190299845667343	0	1	No-PER3D	No-Essential3D
1339	E	1339	-0.209	13.826	148.239	NA	0.95522018802573	Inf	-0.20053871889951683	0	1	No-PER3D	No-Essential3D
1340	K	1340	1.803	11.943	145.68	NA	0.968992248062016	Inf	0.09829420510864528	0	1	No-PER3D	No-Essential3D
1341	P	1341	4.051	9.551	147.43	NA	0.965250965250965	Inf	0.4006635931670572	0	1	No-PER3D	No-Essential3D
1342	P	1342	7.732	9.495	146.899	NA	0.95389507154213	Inf	1.5982966935369962	0	1	No-PER3D	No-Essential3D
1343	P	1343	9.071	7.284	144.2	NA	0.936734693877551	Inf	1.5553821177868827	0	0.9999999999999999	No-PER3D	No-Essential3D
1344	E	1344	11.377	5.694	146.698	NA	0.940896940896941	Inf	1.6659495084559655	0	1	No-PER3D	No-Essential3D
1345	P	1345	9.735	4.508	149.788	NA	0.940896940896941	Inf	1.4512914601296918	0	1	No-PER3D	No-Essential3D
1346	G	1346	12.032	4.476	152.775	NA	0.982857142857143	Inf	1.5974130682253151	0	1	No-PER3D	No-Essential3D
1347	K	1347	15.637	3.908	151.894	NA	0.980679156908665	Inf	2.1259680304525395	0	0.9999999999999999	No-PER3D	No-Essential3D
1348	P	1348	17.403	0.952	150.52	NA	1.00723870056497	Inf	1.6953017143092384	0	1	No-PER3D	No-Essential3D
1349	K	1349	17.368	-2.058	152.744	NA	0.986394557823129	Inf	1.697500073683021	0	1	No-PER3D	No-Essential3D
1350	G	1350	20.525	-1.549	154.698	NA	0.992	Inf	2.136411416006456	0	1	No-PER3D	No-Essential3D
1351	K	1351	23.439	-0.079	152.883	NA	0.98958904109589	Inf	2.1117700755654836	0	1	No-PER3D	No-Essential3D
1352	R	1352	24.591	-2.137	149.99	NA	0.979208584842388	Inf	1.7446926633375288	0	0.9999999999999999	No-PER3D	No-Essential3D
1353	R	1353	27.462	-0.522	148.194	NA	0.995592948717949	Inf	1.705713608661772	0	1	No-PER3D	No-Essential3D
1354	R	1354	30.233	-2.352	146.506	NA	0.984832525805772	Inf	1.8768440971527436	0	0.9999999999999999	No-PER3D	No-Essential3D
1355	R	1355	33.639	-0.814	146.671	NA	0.97726264418811	Inf	2.0628898315413493	0	0.9999999999999999	No-PER3D	No-Essential3D
1356	R	1356	37.124	-2.051	146.079	NA	0.984505087881591	Inf	2.444088653086902	0	1	No-PER3D	No-Essential3D
1357	G	1357	38.811	-3.753	148.981	NA	0.991895604395604	Inf	2.458964632451978	0	1	No-PER3D	No-Essential3D
1358	W	1358	38.19	-6.939	150.901	NA	1.03285714285714	Inf	2.474565424588993	0	1	No-PER3D	No-Essential3D
1359	R	1359	35.83	-6.522	153.778	NA	1.04331360946746	Inf	2.468115438233189	0	1	No-PER3D	No-Essential3D
1360	R	1360	34.34	-9.139	156.027	NA	1.02200751476114	Inf	2.520799628480528	0	0.9999999999999999	No-PER3D	No-Essential3D
1361	V	1361	33.612	-9.734	159.653	NA	1.01348973607038	Inf	2.5428253570196593	0	1	No-PER3D	No-Essential3D
1362	T	1362	36.574	-11.268	161.34	NA	1.01037217815741	Inf	2.5428253570196593	0	1	No-PER3D	No-Essential3D
1363	E	1363	36.083	-14.391	163.343	NA	0.989010989010989	Inf	2.4861168130032616	0	1	No-PER3D	No-Essential3D
