Uniprot_position	aminoacid	Position_in_structure	x	y	z	paraz	mtr	paraz3dscore	mtr3dscore	PER3D_OR	PER3D_pvalue	PER3D	Essential3D
1	M	1	12.34	31.239	15.157	-0.86	0.416666666666667	-1.9028356674192706	-1.200164263096649	0.39717322988263554	0.48979790128254974	No-PER3D	No-Essential3D
2	T	2	12.656	30.317	18.789	-0.86	0.414351851851852	-1.9028356674192706	-1.2004145033334737	0.39717322988263554	0.48979790128254974	No-PER3D	No-Essential3D
3	A	3	15.909	29.881	20.638	-0.86	0.416107382550336	-1.9028356674192706	-1.1964404556989983	1.1991456855561706	1	No-PER3D	No-Essential3D
4	I	4	17.713	26.696	19.872	-0.86	0.414012738853503	-1.9028356674192706	-1.1947834910774138	1.1991456855561706	1	No-PER3D	No-Essential3D
5	I	5	18.866	24.106	22.323	-0.86	0.415132924335378	-1.9028356674192706	-1.1937047459361947	0.7961952305693155	1	No-PER3D	No-Essential3D
6	K	6	20.802	21.352	20.683	-0.86	0.418145956607495	-1.9028356674192706	-1.1909779179403357	26.66488510780435	1	No-PER3D	No-Essential3D
7	E	7	20.642	17.684	21.415	-0.86	0.417142857142857	-1.9028356674192706	-1.187283031102248	26.66488510780435	1	No-PER3D	No-Essential3D
8	I	8	23.419	15.526	22.72	-0.86	0.417582417582418	-1.9028356674192706	-1.1826497918967225	26.66488510780435	0.5802978555298864	No-PER3D	No-Essential3D
9	V	9	24.489	13.173	20.023	-0.86	0.416666666666667	-1.9028356674192706	-1.1799689815561438	26.66488510780435	0.5802978555298864	No-PER3D	No-Essential3D
10	S	10	25.543	9.663	20.826	-0.86	0.419243986254295	-1.9028356674192706	-0.671105355159646	1.6064656769326309	1	No-PER3D	No-Essential3D
11	R	11	25.979	6.527	18.825	-0.86	0.417491749174917	-1.9028356674192706	-0.001966317545974222	2.8560741305028627	0.44600301142674287	No-PER3D	No-Essential3D
12	N	12	22.659	4.929	18.114	-0.86	0.41786283891547	-1.6748456833473964	0.42638577553700585	2.935129064362078	0.24969195701126373	No-PER3D	No-Essential3D
13	K	13	22.526	1.205	18.51	-0.86	0.627314814814815	-1.4566864600566027	0.7173275318433183	1.7650214113873295	0.4496856994075629	No-PER3D	No-Essential3D
14	R	14	20.901	-1.195	16.111	-0.86	0.840840840840841	-1.396201362965975	1.0351607668931404	1.857407551127611	0.265517475365151	No-PER3D	No-Essential3D
15	R	15	21.135	-4.954	16.269	-0.86	0.834054834054834	-0.845954181623439	1.0960182296340202	2.993177386134908	0.030337767926415696	PER3D	No-Essential3D
16	Y	16	18.801	-7.565	14.817	-0.86	0.838983050847457	-0.27362950934769514	1.0505650634330537	4.831622076051216	0.0014603247737151248	PER3D	No-Essential3D
17	Q	17	20.933	-10.689	14.823	-0.86	0.836065573770492	-0.21696477602541114	1.0734793552875468	7.522491913362989	8.851696258786718e-4	PER3D	No-Essential3D
18	E	18	23.746	-12.57	16.51	-0.13	0.945	-0.3591970596665804	0.7236460347452546	4.212773667086312	0.010957359289808852	PER3D	No-Essential3D
19	D	19	26.484	-13.675	14.14	-0.13	0.94921875	-1.0194118300555794	1.8215537688709023	3.1635170007749793	0.16373721016027581	No-PER3D	No-Essential3D
20	G	20	29.163	-16.359	14.048	-0.86	0.946768060836502	-0.8400866924587156	1.4133662745759887	3.7131916837304852	0.2896586126287289	No-PER3D	No-Essential3D
21	F	21	25.967	-18.315	14.132	-0.5	0.947955390334572	-0.9221500478597798	-0.4824063871037466	1.930501363173145	0.409415942283256	No-PER3D	No-Essential3D
22	D	22	23.163	-16.694	12.251	-0.86	0.951818181818182	-0.9866924286717391	-0.040010280131560105	2.5421383294308986	0.2047862996152164	No-PER3D	No-Essential3D
23	L	23	20.331	-16.273	14.704	-0.13	0.756521739130435	0.02751937203174163	-0.3280463488934925	3.7960473232868686	0.009656003662847893	PER3D	Essential3D
24	D	24	17.53	-13.844	15.391	0.61	0.630434782608696	0.4328951715160852	0.25310450591449524	7.400594067251404	6.410499248746996e-5	PER3D	No-Essential3D
25	L	25	18.783	-13.358	18.888	-0.13	0.723116883116883	0.5125732922727292	0.44901563778526654	4.577681595662755	7.840856692045979e-4	PER3D	No-Essential3D
26	T	26	20.01	-10.396	20.877	-0.5	0.721584984358707	0.4032098136746872	1.1145394389008294	4.314038041724671	0.0012765231952355	PER3D	No-Essential3D
27	Y	27	21.407	-9.929	24.341	0.24	0.723670490093848	0.6736603177159106	0.8667633853388298	3.3332517051517	0.012994150224553544	PER3D	No-Essential3D
28	I	28	19.461	-7.06	25.816	-0.13	0.632727272727273	0.11424819624781175	0.7439697031276208	2.901394897125156	0.013422386892022317	PER3D	No-Essential3D
29	Y	29	21.679	-7.538	28.829	1.34	0.504347826086957	0.7695102353314486	0.1929929226011293	1.6850795590060164	0.38820017726938066	No-PER3D	No-Essential3D
30	P	30	24.371	-10.121	29.155	0.61	0.456842796192977	1.3764551310016881	0.026870595266762113	0.9033800235192168	0.8118073917469063	No-PER3D	No-Essential3D
31	N	31	22.007	-12.363	31.162	1.71	0.456842796192977	1.3696538908731162	-0.2524416750108207	1.2855416584030808	0.6805521357480969	No-PER3D	No-Essential3D
32	I	32	18.819	-11.585	29.22	2.44	0.500358422939068	0.9838081603647234	0.004000243576684561	2.9907352153062754	0.008788146537423361	PER3D	No-Essential3D
33	I	33	18.202	-12.692	25.642	2.44	0.458155562848704	0.7730494622602887	0.13102473056502775	5.272863717959658	1.640429870115079e-4	PER3D	No-Essential3D
34	A	34	15.476	-11.5	23.353	2.08	0.461133069828722	1.0444316438768337	0.564951790041648	7.363526976784368	1.4291802358054023e-6	PER3D	No-Essential3D
35	M	35	15.101	-13.993	20.533	0.97	0.461133069828722	0.9331705764105657	0.15389822389631239	8.04509385547871	3.0532967289369447e-6	PER3D	No-Essential3D
36	G	36	12.637	-15.131	17.876	1.34	0.459123610202747	1.0764462924731166	0.02914911653464928	12.30065636043038	5.0422274832553555e-6	PER3D	No-Essential3D
37	F	37	10.825	-18.496	17.643	2.08	0.460431654676259	1.0046145857580524	-0.8145303359113327	8.698581806834712	3.0396435192769504e-4	PER3D	Essential3D
38	P	38	12.734	-21.758	17.895	1.34	0.421744324970131	0.7429537348931945	-1.2483170490978932	2.6426759720853177	0.0367400026411028	PER3D	Essential3D
39	A	39	11.204	-23.35	14.888	2.08	0.490523968784838	0.39756235535364076	-1.3081855464937986	2.9843402829274517	0.0538348583210755	No-PER3D	No-Essential3D
40	E	40	10.96	-26.658	13.146	0.24	0.490909090909091	-0.005289671547670952	-1.9601873495885498	1.8333619207295115	0.733396102708022	No-PER3D	No-Essential3D
41	R	41	10.868	-26.92	9.363	0.24	0.48699501936912	-0.4368496115809688	-1.765044305353462	1.6206915291160344	0.7290023117372344	No-PER3D	No-Essential3D
42	L	42	10.144	-23.268	8.804	-0.86	0.487364620938628	-0.10819891206451696	-1.4479091548621272	1.6206915291160344	0.7290023117372344	No-PER3D	No-Essential3D
43	E	43	11.617	-21.339	5.898	-0.5	0.452552862300155	-0.8366639904459602	-1.672894070619368	0.9971214122237774	1	No-PER3D	No-Essential3D
44	G	44	11.563	-18.186	3.815	-0.86	0.387912087912088	-1.387505095623784	-1.8117108509095852	1.6064656769326309	1	No-PER3D	No-Essential3D
45	V	45	14.564	-16.888	5.721	-0.86	0.229561805101373	-0.8414031163097754	-0.9548931893688825	4.591829181137496	0.1877485359958728	No-PER3D	No-Essential3D
46	Y	46	11.908	-16.577	8.361	-0.13	0.228739002932551	0.2412169302551977	-0.72287548763494	3.628736918265964	0.10950648883090096	No-PER3D	No-Essential3D
47	R	47	13.496	-17.55	11.644	-0.86	0.227922077922078	0.23930369573627083	-0.4209254738519423	7.810469099776718	9.114407767917947e-4	PER3D	Essential3D
48	N	48	15.756	-19.755	13.768	-0.86	0.227922077922078	0.06436231441190166	-0.5789837553737804	3.656161408684164	0.015344770595921351	PER3D	Essential3D
49	N	49	16.327	-23.481	13.683	-0.86	0.227110967324491	-0.3208501204495985	-1.2209987472939345	2.2342632451588975	0.1675619574965339	No-PER3D	No-Essential3D
50	I	50	15.675	-24.886	17.135	-0.13	0.228405046910385	0.11747531528840968	-1.869366950623648	1.1566493809235991	0.8253887820993553	No-PER3D	No-Essential3D
51	D	51	18.68	-27.169	16.812	-0.5	0.226950354609929	0.049459299398029115	-1.9745771896844875	1.1028635820318702	1	No-PER3D	No-Essential3D
52	D	52	20.96	-24.18	16.298	0.24	0.228571428571429	-0.16746236358167085	-1.2618630538818703	2.232578794815874	0.29126379033532573	No-PER3D	No-Essential3D
53	V	53	19.41	-22.325	19.22	-0.13	0.208928571428571	0.35667057380680467	-1.3667265705043323	4.392083915077386	0.010750301189841537	PER3D	Essential3D
54	V	54	19.931	-25.316	21.47	-0.5	0.228087324861518	0.20919229393551164	-2.138153682588675	1.0696707535025354	1	No-PER3D	No-Essential3D
55	R	55	23.494	-25.566	20.231	-0.5	0.249110320284698	-0.3477384485803992	-2.142933256071267	2.709486398629435	0.24399571822026564	No-PER3D	No-Essential3D
56	F	56	23.978	-21.843	20.79	-0.5	0.139088729016787	-0.05921378970992075	-1.1726943370749892	4.348244128049031	0.045352508134889793	PER3D	No-Essential3D
57	L	57	22.633	-21.978	24.329	-0.13	0.124199288256228	0.703819313888721	-1.5425105650595214	4.348244128049031	0.045352508134889793	PER3D	Essential3D
58	D	58	24.468	-25.137	25.301	-0.5	0.125089605734767	0.3937973831396098	-2.5728873088331734	1.6206915291160344	0.7290023117372344	No-PER3D	No-Essential3D
59	S	59	27.755	-23.914	23.941	-0.5	0.125089605734767	-0.28611230492362666	-2.526844252037053	1.410515017082031	1	No-PER3D	No-Essential3D
60	K	60	27.498	-20.504	25.533	0.61	0.155357142857143	0.09448209212414925	-1.7581063645342458	0.8924374954166534	1	No-PER3D	No-Essential3D
61	H	61	25.206	-21.157	28.538	0.97	0.177427554651754	0.9987894699459627	-1.462500026231385	1.1262957519863201	0.9999999999999999	No-PER3D	No-Essential3D
62	K	62	25.694	-24.923	29.024	-0.86	0.154593639575972	0.3712075498554242	-2.168688468318237	0.7889991316563024	0.7460915263885923	No-PER3D	No-Essential3D
63	N	63	23.339	-25.581	31.916	-0.5	0.245774647887324	0.6753518269714897	-1.8160597821871551	1.1028635820318702	1	No-PER3D	No-Essential3D
64	H	64	22.78	-21.917	32.685	0.97	0.369964664310954	1.0948611747177872	-1.113058091832358	1.5389550551838178	0.6002812445919049	No-PER3D	No-Essential3D
65	Y	65	19.712	-20.975	30.696	1.34	0.369964664310954	1.0623343411445654	-1.254663479937973	1.857407551127611	0.265517475365151	No-PER3D	No-Essential3D
66	K	66	15.955	-20.916	31.102	0.61	0.369964664310954	1.1849369391669033	-1.0113465523300031	1.8489561731777535	0.21515239690656335	No-PER3D	No-Essential3D
67	I	67	13.484	-20.183	28.328	0.97	0.369718309859155	1.3647418841135919	-1.1239042558290708	3.6879047166276244	0.0053135269359198154	PER3D	Essential3D
68	Y	68	10.34	-18.095	28.734	1.71	0.368904593639576	1.5327014778839727	-0.7583388382236943	9.624783610268343	9.798823026392849e-5	PER3D	Essential3D
69	N	69	7.682	-18.66	26.067	1.71	0.412811387900356	1.2037893219637688	-0.9694765565035464	6.1394709324461045	0.004219413004396755	PER3D	Essential3D
70	L	70	5.205	-15.789	25.537	1.34	0.309608540925267	1.1949484472880565	-0.9159047206573296	24.939971825205603	5.357646489970066e-7	PER3D	Essential3D
71	C	71	3.252	-17.373	22.661	-0.86	0.274416765519968	1.4376662921588366	-1.0676314021679083	14.674009090754613	2.349952853792031e-4	PER3D	Essential3D
72	A	72	-0.434	-18.056	23.256	0.97	0.246975088967972	1.3068031450421156	-1.5562922797624335	7.835669272233994	0.017086559102997802	PER3D	Essential3D
73	E	73	-0.489	-20.277	20.173	3.18	0.246975088967972	1.02055452229888	-1.743133507513178	3.7131916837304852	0.2896586126287289	No-PER3D	No-Essential3D
74	R	74	2.515	-22.408	19.391	0.61	0.272477424420887	1.079193461193881	-1.4951813251943356	1.318357630648522	0.7847213297865511	No-PER3D	No-Essential3D
75	H	75	4.687	-24.814	21.264	0.24	0.272477424420887	0.9427303319453227	-1.6246565667753101	0.9250938307137274	1	No-PER3D	No-Essential3D
76	Y	76	7.69	-27.067	20.718	-0.86	0.27344365642238	0.8897915487271657	-1.8516187524475312	0.5783365426329088	0.37614293947898414	No-PER3D	No-Essential3D
77	D	77	9.222	-30.053	22.432	0.61	0.273625939106366	0.6280623209015358	-2.2287718022506517	0.37961087765954515	0.1063372499114562	No-PER3D	No-Essential3D
78	T	78	9.974	-28.811	25.92	-0.86	0.275396825396825	0.660931125944663	-2.251717238282165	0.5783365426329088	0.37614293947898414	No-PER3D	No-Essential3D
79	A	79	12.347	-31.738	26.273	0.61	0.275587415372362	0.5121250812948683	-2.4471200294432593	0.30516264468415355	0.12376328791167696	No-PER3D	No-Essential3D
80	K	80	14.31	-30.595	23.25	0.97	0.275207591933571	0.41690062172570885	-2.323687205566953	0.5783365426329088	0.37614293947898414	No-PER3D	No-Essential3D
81	F	81	15.957	-28.055	25.482	2.08	0.248398576512456	0.32602788328705273	-2.376163324366605	0.9969448109477435	1	No-PER3D	No-Essential3D
82	N	82	18.08	-29.25	28.368	0.97	0.248571428571429	0.28412210560044737	-2.5919053763396804	0.6224661854468931	0.5278588003352432	No-PER3D	No-Essential3D
83	C	83	16.481	-26.574	30.467	1.34	0.227435646790486	1.0439791231780318	-1.7837280799476112	1.1262957519863201	0.9999999999999999	No-PER3D	No-Essential3D
84	R	84	13.179	-25.468	31.872	0.61	0.250179211469534	1.455690682596976	-1.5963040300028548	0.7864860641935327	0.7685997344284239	No-PER3D	No-Essential3D
85	V	85	10.701	-23.765	29.596	-0.13	0.250359712230216	1.1405168722557486	-1.4624406740987763	1.5747116673210297	0.47987746899156686	No-PER3D	No-Essential3D
86	A	86	8.252	-21.493	31.374	-0.86	0.250179211469534	1.0982816070342476	-1.1958076756956317	3.628736918265964	0.10950648883090096	No-PER3D	No-Essential3D
87	Q	87	5.11	-20.187	29.792	-0.5	0.25	0.636503627651248	-1.4053623005884914	3.628736918265964	0.10950648883090096	No-PER3D	No-Essential3D
88	Y	88	3.513	-16.774	30.152	-0.5	0.278773397052967	0.9233225074355761	-1.2052113978844425	6.1394709324461045	0.004219413004396755	PER3D	Essential3D
89	P	89	1.41	-16.482	27.057	-0.86	0.278370897587979	1.0721415148055313	-1.4533854153795747	5.871612846351011	0.0068083348288766115	PER3D	Essential3D
90	F	90	-0.469	-13.486	25.761	-0.5	0.313392857142857	0.6402854077769488	-1.2438342423037556	4.75797393783142	0.006873781269624096	PER3D	Essential3D
91	E	91	-1.96	-12.67	22.39	0.97	0.310498220640569	1.0299208134685895	-1.1030978861380667	3.1848696269812207	0.06228685385902169	No-PER3D	No-Essential3D
92	D	92	-0.068	-11.297	19.448	1.34	0.278773397052967	1.1504119915362145	-0.32869473754906053	26.66488510780435	2.1581591689944435e-5	PER3D	Essential3D
93	H	93	-0.145	-7.496	19.196	-0.13	0.311387900355872	1.0303129980742176	0.3873250323771376	8.102420768525421	5.140046100141321e-4	PER3D	No-Essential3D
94	N	94	-1.745	-7.041	22.603	0.61	0.207591933570581	0.6756749081111376	0.058803552049276626	3.4498037372029087	0.008380937895611942	PER3D	No-Essential3D
95	P	95	-0.508	-6.23	26.047	0.61	0.177183240787481	0.34213846206337123	0.1198470921456862	3.229287743522014	0.0070906643023829884	PER3D	No-Essential3D
96	P	96	-0.41	-8.964	28.598	3.18	0.177183240787481	0.5264678325864148	-0.41126248767079154	6.534810365647688	3.1838178251760737e-4	PER3D	Essential3D
97	Q	97	-2.833	-9.101	31.455	0.97	0.176942355889724	0.4075344439205336	-0.2779567204183518	3.5181660172734923	0.015179564007209207	PER3D	Essential3D
98	L	98	-1.822	-6.639	34.103	1.71	0.176942355889724	0.30013222074176665	0.08624432486974629	2.560923488097731	0.06572408226050289	No-PER3D	No-Essential3D
99	E	99	-1.509	-9.487	36.619	-0.13	0.176942355889724	0.24110684334835464	-0.4929913642078773	8.814929337739255	0.010203410086787107	PER3D	Essential3D
100	L	100	0.779	-11.474	34.306	-0.86	0.176942355889724	0.4106052948093909	-0.8720168706179782	10.849268523130089	0.0022062987764155037	PER3D	Essential3D
101	I	101	3.67	-9.068	34.708	-0.5	0.311619718309859	0.02877873555977983	-0.16360103883010413	6.120348148882222	5.486447871459471e-4	PER3D	Essential3D
102	K	102	4.566	-9.369	38.37	0.97	0.555948174322733	-0.004376951010936191	-0.22759186049108518	3.115145838313162	0.03548522899007862	PER3D	No-Essential3D
103	P	103	4.799	-13.146	38.587	0.97	0.625441696113074	0.16362067278180853	-1.0571670218867444	3.1635170007749793	0.16373721016027581	No-PER3D	No-Essential3D
104	F	104	6.866	-13.129	35.422	1.71	0.625441696113074	0.7374855609632924	-1.0142751559100471	3.382022935367384	0.02334094423441832	PER3D	Essential3D
105	C	105	9.199	-10.568	36.857	1.34	0.553990610328638	0.09624312751458305	-0.4367804394991458	3.5181660172734923	0.015179564007209207	PER3D	Essential3D
106	E	106	9.487	-12.518	40.089	0.97	0.553990610328638	0.2620233556485265	-0.5318408142550703	1.7650214113873295	0.4496856994075629	No-PER3D	No-Essential3D
107	D	107	10.085	-15.783	38.312	0.61	0.554377699254024	0.5371559405200192	-0.6775652946530698	9.313856482413675	0.006226135598533003	PER3D	Essential3D
108	L	108	12.761	-14.193	36.196	-0.86	0.554377699254024	1.0011468481924977	-0.404549014280495	3.7960473232868686	0.009656003662847893	PER3D	Essential3D
109	D	109	14.283	-12.414	39.164	1.71	0.557919621749409	0.7872369795058441	-0.035613180156466646	1.954049669433166	0.26604529216283734	No-PER3D	No-Essential3D
110	Q	110	14.509	-15.716	40.996	0.61	0.56031746031746	1.1345556662501997	0.38705467259188625	1.6512979763234947	0.44986234263173713	No-PER3D	No-Essential3D
111	W	111	16.205	-17.562	38.168	3.18	0.564348521183054	1.430463008278822	-0.23550122903104045	2.1147449526324005	0.23598424565449963	No-PER3D	No-Essential3D
112	L	112	18.879	-14.982	37.497	-0.5	0.63898916967509	1.3183072268072102	0.07517867061817972	0.9968481272744407	1	No-PER3D	No-Essential3D
113	S	113	19.538	-14.359	41.179	-0.5	0.643636363636364	1.1854323302476968	0.43252918400377444	1.0696707535025354	1	No-PER3D	No-Essential3D
114	E	114	20.115	-18.04	41.803	0.61	0.732919254658385	1.1844415480861097	0.37307708323427236	1.318357630648522	0.7847213297865511	No-PER3D	No-Essential3D
115	D	115	23.403	-18.23	39.941	0.97	0.735584415584416	1.1854323302476968	-0.011652828853628122	1.2099292180257755	0.9999999999999999	No-PER3D	No-Essential3D
116	D	116	25.689	-15.528	38.57	0.24	0.730848861283644	1.5088935653540712	0.18506657350680375	1.2099292180257755	0.9999999999999999	No-PER3D	No-Essential3D
117	N	117	26.134	-17.446	35.276	-0.13	0.730848861283644	1.2380924021360507	-0.40946960951159195	1.7821807662767084	0.5677891335933751	No-PER3D	No-Essential3D
118	H	118	22.406	-17.959	34.779	0.24	0.731428571428571	1.302096929774577	-0.5602734165804022	1.6512979763234947	0.44986234263173713	No-PER3D	No-Essential3D
119	V	119	20.783	-16.606	31.644	2.08	0.727272727272727	1.3570027745625284	-0.6147509891290451	1.3551058795628894	0.6667853205287738	No-PER3D	No-Essential3D
120	A	120	17.203	-16.139	30.448	2.08	0.730507587650445	1.1729829369999285	-0.3149706005500778	1.9281954765294989	0.11067860064502445	No-PER3D	No-Essential3D
121	A	121	16.012	-16.404	26.86	1.34	0.725194805194805	1.2985923013838567	-0.7112364991866108	3.173448460318522	0.005678649443183089	PER3D	Essential3D
122	I	122	12.645	-14.864	26.073	2.44	0.639194139194139	1.2248949729389955	-0.1521981111274446	5.566398296064913	5.575092682009296e-5	PER3D	Essential3D
123	H	123	10.743	-15.122	22.819	0.24	0.735294117647059	1.0927204164889726	-0.5490519004753449	15.322166253562413	2.0061745849847486e-7	PER3D	Essential3D
124	C	124	7.517	-15.516	20.955	2.08	0.730507587650445	1.1610252574866489	-0.6574078350361399	25.66488510780435	2.8532755127573774e-7	PER3D	Essential3D
125	K	125	7.538	-15.199	17.138	1.34	0.730507587650445	1.3261816784966867	-0.6682636153052441	18.25256079730876	2.3029699411177705e-5	PER3D	Essential3D
126	A	126	9.377	-12.046	16.012	2.81	0.642066420664207	0.7974245513791046	0.3003874847491444	13.764148913064489	7.877981221559678e-7	PER3D	No-Essential3D
127	G	127	10.893	-11.268	19.398	1.34	0.802583025830258	0.7159592100902128	0.30971814584690777	7.011615645941959	2.6940066832139666e-6	PER3D	No-Essential3D
128	K	128	9.799	-7.603	19.376	0.61	0.808550185873606	0.3494543770632453	0.6711442224574525	5.341457777288029	2.6888800317596117e-5	PER3D	No-Essential3D
129	G	129	6.667	-6.286	21.18	0.97	0.803240740740741	0.4951949302674889	0.5114363775952631	8.676072229898232	8.388338764189957e-7	PER3D	No-Essential3D
130	R	130	5.551	-8.92	23.629	2.44	0.803903345724907	0.5392978718276811	-0.04780819186126099	8.893595989850473	4.5065422217182645e-7	PER3D	Essential3D
131	T	131	9.068	-9.871	24.534	-0.86	0.809235074626866	0.8818230267319238	-0.06148123643587629	9.569087741215583	1.2346481648586146e-7	PER3D	Essential3D
132	G	132	9.786	-6.159	24.896	0.24	0.820018796992481	0.275577255619038	0.39750620925840874	4.086336201696823	1.5559222579990376e-4	PER3D	No-Essential3D
133	V	133	6.915	-5.515	27.291	-0.5	0.556027615507169	0.09024649838336442	0.3392305312067743	4.860211225112597	3.7115908300281986e-5	PER3D	No-Essential3D
134	M	134	8.069	-8.297	29.569	-0.5	0.486524163568773	0.515987844994978	-0.040378591351732544	6.505765530270328	9.262517635201525e-6	PER3D	Essential3D
135	I	135	11.752	-7.434	29.342	-0.13	0.43283582089552203	0.42111188743748146	0.3371095876549901	3.324830695409892	0.001843048574131727	PER3D	No-Essential3D
136	C	136	11.085	-3.757	29.956	-0.5	0.490601503759399	-0.3618325402164021	0.5718172835363429	1.9520995474828993	0.06993364447384877	No-PER3D	No-Essential3D
137	A	137	8.811	-4.483	32.895	-0.13	0.436477987421384	-0.3299993159659322	0.26172397202765624	2.4243255823835366	0.03478763208494895	PER3D	No-Essential3D
138	Y	138	11.519	-6.657	34.426	-0.5	0.43979721166033	-0.0557035677794513	0.00876058651509765	2.0753508005314276	0.12526484446587643	No-PER3D	No-Essential3D
139	L	139	14.238	-4.037	34.048	-0.5	0.44147582697201	-0.31015334266801936	-0.0880428106352963	1.3455054941668536	0.5463293756344207	No-PER3D	No-Essential3D
140	L	140	11.97	-1.539	35.762	-0.5	0.44147582697201	-0.8448784752765731	0.21024978974542566	1.422955227140518	0.5270113954680289	No-PER3D	No-Essential3D
141	H	141	11.208	-4.222	38.343	-0.5	0.440203562340967	-0.547445670368128	0.2563678233037445	1.7664867150400954	0.289900613493504	No-PER3D	No-Essential3D
142	R	142	14.919	-4.594	38.973	-0.5	0.524242424242424	-0.6114501980066541	-0.1611268574494424	1.302431514581432	0.801719943566903	No-PER3D	No-Essential3D
143	G	143	15.358	-0.841	39.154	-0.86	0.522727272727273	-0.7705202740494619	-0.2627275342041866	1.1028635820318702	1	No-PER3D	No-Essential3D
144	K	144	17.742	-0.798	36.225	-0.5	0.52319391634981	-1.0012239003750165	-0.45861329925430866	0.5457160784603656	0.26719356731711164	No-PER3D	No-Essential3D
145	F	145	15.491	1.8	34.685	-0.86	0.479275513758272	-1.1664939863289863	0.07448881980279608	1.0696707535025354	1	No-PER3D	No-Essential3D
146	L	146	13.716	4.648	36.439	-0.86	0.482517482517483	-1.192008913410227	0.20794363837847296	0.662108215943931	0.43158882079641453	No-PER3D	No-Essential3D
147	K	147	11.186	5.515	33.734	-0.86	0.482517482517483	-1.1679688686065626	0.452248692792542	0.7812758110895385	0.6180855731203415	No-PER3D	No-Essential3D
148	A	148	9.128	3.442	31.319	0.24	0.480222068008328	-1.0699627600721533	0.6958952301855144	1.7757432698484328	0.23382414830954634	No-PER3D	No-Essential3D
149	Q	149	10.252	5.513	28.363	-0.5	0.511346890657236	-1.1492137292440752	0.9001632654383828	0.8725119427099506	0.8271426528788066	No-PER3D	No-Essential3D
150	E	150	13.912	4.995	29.142	-0.5	0.506993006993007	-1.2488763632865032	0.3206058133073285	0.8699740056505213	0.7798071546982722	No-PER3D	No-Essential3D
151	A	151	13.369	1.255	29.196	-0.13	0.558587479935795	-1.161868219185679	0.36102547985621575	1.2846371806369963	0.6934856556939311	No-PER3D	No-Essential3D
152	L	152	11.436	1.204	25.93	-0.13	0.605970149253731	-0.8567723647708982	0.8867140535131125	1.6525901779818164	0.21638520203110204	No-PER3D	No-Essential3D
153	D	153	13.989	3.34	24.138	-0.86	0.649253731343284	-1.240200557749823	0.6635449792745024	1.4916834948428364	0.529254721900423	No-PER3D	No-Essential3D
154	F	154	16.741	1.11	25.43	-0.86	0.645522388059702	-1.1359994150026722	0.33902593544731546	1.3392518306816148	0.5609358611891417	No-PER3D	No-Essential3D
155	Y	155	14.949	-2.01	24.241	-0.5	0.652830188679245	-0.48351957965072745	0.6938814601489687	1.997872956720592	0.08773537088901859	No-PER3D	No-Essential3D
156	G	156	14.271	-0.545	20.81	-0.5	0.651515151515152	-0.9098242459686071	0.9435362616584602	2.4737554781673925	0.04369397747512145	PER3D	No-Essential3D
157	E	157	17.793	0.735	20.374	-0.86	0.702252120503071	-1.193138405074436	0.813185174888325	2.1898900588948274	0.1105675199639313	No-PER3D	No-Essential3D
158	V	158	19.362	-2.537	21.443	-0.86	0.64828897338403	-0.5641191187445508	0.7415163028534625	2.131674269329166	0.07179493087092206	No-PER3D	No-Essential3D
159	R	159	16.916	-4.936	19.781	0.24	0.647169811320755	-0.19604826372523917	0.8506816386156139	3.2365104535171785	0.0028812962750608424	PER3D	No-Essential3D
160	T	160	16.495	-3.256	16.398	-0.86	0.644736842105263	-0.54421855132753	1.1461020832367472	2.901394897125156	0.013422386892022317	PER3D	No-Essential3D
161	R	161	18.18	-1.026	13.79	-0.86	0.698380566801619	-1.4788280823629276	0.9546674088853186	2.355301266045593	0.1673429406453793	No-PER3D	No-Essential3D
162	D	162	15.104	1.182	13.265	-0.5	0.702252120503071	-1.3531497241707515	1.1638505110954465	2.355301266045593	0.1673429406453793	No-PER3D	No-Essential3D
163	K	163	14.615	1.889	16.979	-0.5	0.645283018867925	-1.3406568618241945	1.1067083718355142	1.954049669433166	0.26604529216283734	No-PER3D	No-Essential3D
164	K	164	11.251	0.232	16.858	0.61	0.640449438202247	-1.011095026355273	1.4870000931734446	2.251543169180824	0.13628227809096327	No-PER3D	No-Essential3D
165	G	165	10.954	-2.139	19.769	-0.5	0.74657960199005	-0.5806368727812956	1.1650200828811417	3.229287743522014	0.0070906643023829884	PER3D	No-Essential3D
166	V	166	7.541	-1.758	21.329	-0.86	0.823670668953688	-0.3780219207367352	0.9006854239413624	3.9816604890186262	0.001082175771262475	PER3D	No-Essential3D
167	T	167	5.532	0.259	18.86	-0.86	0.819199457259159	-0.28223659823271247	0.9292720575565663	2.7741210073899643	0.04476480885862808	PER3D	No-Essential3D
168	I	168	1.997	-0.665	19.818	-0.86	0.90187265917603	0.5117296010202853	0.8629011855959734	3.104971692833543	0.019814264162515947	PER3D	No-Essential3D
169	P	169	0.642	1.922	22.162	-0.13	0.899250936329588	0.5209923903703852	0.9360182087452918	1.703319472576079	0.31259481622944196	No-PER3D	No-Essential3D
170	S	170	-1.308	-0.573	24.235	0.24	0.905263157894737	0.7538228511063196	0.48721095530540476	2.311050837305344	0.06275793955012736	No-PER3D	No-Essential3D
171	Q	171	1.823	-2.624	24.762	-0.5	0.911320754716981	0.2965356009438103	0.47602772817116507	3.266882624737534	0.0036868873448483125	PER3D	No-Essential3D
172	R	172	3.694	0.508	25.751	-0.5	0.911320754716981	0.05745986535284489	0.8692294446310349	2.9907352153062754	0.008788146537423361	PER3D	No-Essential3D
173	R	173	0.838	1.505	28.044	0.24	0.867924528301887	0.36605548261517123	0.7036064065402241	1.5935032657861121	0.3312787475943056	No-PER3D	No-Essential3D
174	Y	174	1.217	-1.638	30.119	0.24	0.871989860583016	0.27995179476295967	0.40753465043644094	2.3918302788829053	0.0439381856969556	PER3D	No-Essential3D
175	V	175	4.886	-1.011	30.694	-0.13	0.871989860583016	-0.48237712884302786	0.48439198568791414	2.4243255823835366	0.03478763208494895	PER3D	No-Essential3D
176	Y	176	3.912	2.426	31.985	-0.86	0.979245283018868	-0.4882818212904987	0.5798323846103507	2.560923488097731	0.06572408226050289	No-PER3D	No-Essential3D
177	Y	177	1.254	0.833	34.126	-0.13	0.972744360902256	-0.10249440870992463	0.30410806551743386	1.923524052202798	0.17221965035157205	No-PER3D	No-Essential3D
178	Y	178	3.732	-1.534	35.755	-0.5	0.774626865671642	-0.35491868215063616	0.19925993606085463	2.45784121530216	0.053982554592092453	No-PER3D	No-Essential3D
179	S	179	6.191	1.292	36.224	-0.13	0.766051660516605	-0.8392310169555267	0.5302569771574074	1.4916834948428364	0.529254721900423	No-PER3D	No-Essential3D
180	Y	180	3.435	3.296	37.91	-0.86	0.795036764705882	-0.7975473960144698	0.808033479405749	1.2099292180257755	0.9999999999999999	No-PER3D	No-Essential3D
181	L	181	2.809	0.43	40.284	-0.13	0.789835164835165	-0.6548171001756773	0.6777491356243368	1.4908107778207036	0.7626310767847126	No-PER3D	No-Essential3D
182	L	182	6.507	0.205	41.148	-0.13	0.724228152799581	-1.0214287794559531	0.6615607404329245	0.8541091969290384	0.7932489196165025	No-PER3D	No-Essential3D
183	K	183	7.079	3.91	41.539	-0.5	0.726890756302521	-1.28726271042521	0.9635910234770946	0.5418606265617378	0.33100636952820384	No-PER3D	No-Essential3D
184	N	184	4.075	4.336	43.847	-0.5	0.800276752767528	-1.2714787884510033	1.716455219692349	1.6064656769326309	1	No-PER3D	No-Essential3D
185	H	185	4.632	1.09	45.733	-0.5	0.796703296703297	-1.2769090368366247	1.541599625840169	2.0182833287712905	0.677482983245302	No-PER3D	No-Essential3D
186	L	186	1.08	0.095	44.908	-0.86	0.790307971014493	-0.8950781047969858	1.4972298320473654	1.6064656769326309	1	No-PER3D	No-Essential3D
187	D	187	-0.399	-3.367	44.835	-0.86	0.784622302158273	-0.8902562982772619	0.9761599306443671	2.434813441153836	0.6766866449323274	No-PER3D	No-Essential3D
188	Y	188	-2.719	-4.094	41.951	-0.86	0.784622302158273	-0.33284225416836377	0.3053242508802175	2.048527066076972	0.5175739001383253	No-PER3D	No-Essential3D
189	R	189	-6.311	-4.955	42.736	-0.86	0.630434782608696	-0.07682414361425907	0.022834145244078154	26.66488510780435	0.19665390987126088	No-PER3D	No-Essential3D
190	P	190	-9.256	-4.954	40.423	-0.86	0.70048309178744	0.23154500915399034	-0.3555716672377477	1.410515017082031	1	No-PER3D	No-Essential3D
191	V	191	-11.188	-1.714	40.395	-0.86	0.701010101010101	-0.06505860544541234	0.42835710463603033	1.410515017082031	1	No-PER3D	No-Essential3D
192	A	192	-14.787	-1.963	39.294	-0.86	0.630434782608696	-0.04786281889094403	0.34624359036907115	1.410515017082031	1	No-PER3D	No-Essential3D
193	L	193	-16.114	1.026	37.418	-0.13	0.506181818181818	0.057302991510593565	0.47180229026647563	2.2662369199370485	0.3598935239943297	No-PER3D	No-Essential3D
194	L	194	-19.144	2.002	35.361	-0.5	0.502898550724638	-0.03177894033924591	0.5119120270343511	1.8333619207295115	0.733396102708022	No-PER3D	No-Essential3D
195	F	195	-18.479	3.021	31.793	-0.5	0.557953637090328	0.12711185131241745	0.14101164836622507	1.318357630648522	0.7847213297865511	No-PER3D	No-Essential3D
196	H	196	-20.873	5.773	30.723	0.61	0.470773381294964	0.06705158027906655	0.16191056410982682	0.8924374954166534	1	No-PER3D	No-Essential3D
197	K	197	-19.745	7.059	27.358	-0.86	0.473471223021583	0.3495035923863046	-0.0411079361624862	1.2137872195991908	0.8022380970244807	No-PER3D	No-Essential3D
198	M	198	-17.03	8.025	24.909	-0.5	0.473118279569893	0.3500572647707209	0.09730785541399008	1.3920547098786276	0.6274328920828296	No-PER3D	No-Essential3D
199	M	199	-16.451	11.077	22.746	-0.5	0.472767857142857	0.6438150692276027	0.02956580568789147	0.8541091969290384	0.7932489196165025	No-PER3D	No-Essential3D
200	F	200	-14.36	11.765	19.637	2.08	0.477888086642599	1.0505758693650091	-0.1856043742846683	0.7812758110895385	0.6180855731203415	No-PER3D	No-Essential3D
201	E	201	-12.739	15.192	19.253	-0.13	0.477517985611511	1.2778935369700921	-0.2547529863615097	1.1262957519863201	0.9999999999999999	No-PER3D	No-Essential3D
202	T	202	-12.581	15.148	15.451	1.34	0.475806451612903	1.478498860664734	-0.35780688643591624	0.5783365426329088	0.37614293947898414	No-PER3D	No-Essential3D
203	I	203	-14.243	13.082	12.787	0.97	0.473754448398577	0.8576210433959228	-0.40813593366058804	0.662108215943931	0.43158882079641453	No-PER3D	No-Essential3D
204	P	204	-12.398	10.185	11.325	-0.13	0.47508896797153	1.0113574088021866	-0.3041925282048332	0.7145986319777538	0.5795763283202336	No-PER3D	No-Essential3D
205	M	205	-12.429	10.109	7.545	-0.86	0.50752688172043	0.5812929993983512	-0.3949398781604243	0.46207872837129843	0.3024101939914197	No-PER3D	No-Essential3D
206	F	206	-13.017	6.58	6.298	-0.5	0.580899245159173	0.4725829128035909	-0.2486413099999001	0.44510820316006866	0.2035975950136986	No-PER3D	No-Essential3D
207	S	207	-15.517	7.339	3.582	-0.86	0.578809679529104	0.29608738996594947	-0.21961740105014071	0.37597452631850437	0.12253326870877781	No-PER3D	No-Essential3D
208	G	208	-15.669	10.824	2.152	-0.5	0.578809679529104	0.11142446708728854	-0.2630135180817822	0.3902693312097385	0.35680892087205934	No-PER3D	No-Essential3D
209	G	209	-14.42	12.823	5.102	-0.5	0.71256038647343	0.45027196635007416	-0.6394779253987816	0.6563073878392045	0.6918280417261303	No-PER3D	No-Essential3D
210	T	210	-16.642	11.097	7.643	1.34	0.715151515151515	0.6008708549113122	-0.5717720433700528	0.5783365426329088	0.37614293947898414	No-PER3D	No-Essential3D
211	C	211	-17.367	7.663	9.103	0.61	0.715151515151515	0.6785993135235642	-0.1413483055466713	0.4553786292706154	0.11903660024241713	No-PER3D	No-Essential3D
212	N	212	-20.145	5.442	10.385	-0.5	0.585123966942149	0.22836678585643175	0.018905888019093244	0.2583630348534835	0.00638276214330988	No-PER3D	No-Essential3D
213	P	213	-18.605	4.149	13.579	-0.86	0.646520146520147	0.3843849526045324	-0.12007397503549161	0.32640629942858435	0.020339866608440397	No-PER3D	No-Essential3D
214	Q	214	-19.463	0.959	15.428	-0.86	0.646520146520147	0.4593991717174219	-0.14454046603601173	0.4210456146477796	0.09613005220535509	No-PER3D	No-Essential3D
215	F	215	-17.655	-0.368	18.45	-0.5	0.585600530856005	0.1475478491408287	-0.16884233406533258	0.5457160784603656	0.26719356731711164	No-PER3D	No-Essential3D
216	V	216	-17.219	-3.412	20.611	-0.86	0.536800486618005	0.05494988387682422	-0.11868528948091701	0.8924374954166534	1	No-PER3D	No-Essential3D
217	V	217	-16.011	-3.655	24.152	-0.13	0.537240537240537	0.14451058654392418	-0.29627490183397476	0.7864860641935327	0.7685997344284239	No-PER3D	No-Essential3D
218	C	218	-14.312	-6.704	25.491	-0.86	0.594609769792252	0.37951645405190626	-0.3063122494564941	0.9970357395988366	0.9999999999999999	No-PER3D	No-Essential3D
219	Q	219	-13.381	-7.467	29.015	-0.86	0.594609769792252	0.33212973480634433	-0.38822068375156926	0.7864860641935327	0.7685997344284239	No-PER3D	No-Essential3D
220	L	220	-10.393	-9.564	28.271	-0.86	0.64760147601476	0.7549558288559122	-0.9495147314968863	1.7821807662767084	0.5677891335933751	No-PER3D	No-Essential3D
221	K	221	-11.857	-12.642	26.623	-0.5	0.539667896678967	-0.3880618466408177	-0.6848485216850977	0.9971214122237774	1	No-PER3D	No-Essential3D
222	V	222	-15.566	-11.853	26.648	-0.86	0.498154981549816	-0.48432701854466786	-0.36031482675781246	1.2026152683257505	1	No-PER3D	No-Essential3D
223	K	223	-17.404	-9.333	24.562	-0.86	0.494505494505495	-0.41666242503863177	-0.3079535615613357	1.2026152683257505	1	No-PER3D	No-Essential3D
224	I	224	-19.488	-7.364	27.027	-0.13	0.645220588235294	-0.40584997623174657	-0.4564196471168334	0.9281608028544392	1	No-PER3D	No-Essential3D
225	Y	225	-20.898	-4.757	24.694	-0.13	0.591715976331361	-0.16676514650499843	-0.5782358863209467	0.7914536839196591	0.7172198035518967	No-PER3D	No-Essential3D
226	S	226	-21.466	-4.232	20.99	-0.13	0.555555555555555	-0.12533436252581168	-0.3650014104515706	0.5856964511187557	0.47715119927564226	No-PER3D	No-Essential3D
227	S	227	-23.033	-1.088	19.645	-0.13	0.558587479935795	-0.04826228543885184	-0.3620690954754231	0.46207872837129843	0.3024101939914197	No-PER3D	No-Essential3D
228	N	228	-25.388	-0.663	16.744	-0.86	0.562803234501348	0.03433217889522618	-0.312066738616234	0.1513719065277387	0.02144538086161737	No-PER3D	No-Essential3D
229	S	229	-23.863	1.436	14.013	0.61	0.562803234501348	0.13597863370053384	-0.04513209670548131	0.18720603230656285	0.017725319516602736	No-PER3D	No-Essential3D
230	G	230	-23.395	5.183	14.283	1.34	0.558587479935795	0.4984636106896704	-0.22446023365866713	0.21175905681188775	0.014198924062336743	No-PER3D	No-Essential3D
231	P	231	-22.84	7.591	17.09	0.24	0.521348314606742	0.4120149906268564	-0.40581378001182966	0.32408513140801615	0.0384497601190266	No-PER3D	No-Essential3D
232	T	232	-25.539	8.434	19.578	1.71	0.52089552238806	0.25417966353596205	-0.5785115913484091	0.32065189885411477	0.05501308572018636	No-PER3D	No-Essential3D
233	R	233	-25.055	12.119	18.988	0.24	0.522846441947566	0.5300535204093014	-0.7192132906120355	0.37961087765954515	0.1063372499114562	No-PER3D	No-Essential3D
234	R	234	-23.088	14.378	16.715	0.61	0.519402985074627	0.8584291813711568	-0.5495868857441367	0.5856964511187557	0.47715119927564226	No-PER3D	No-Essential3D
235	E	235	-22.14	17.954	17.36	0.24	0.490168539325843	1.0314895518911023	-0.868790141075622	0.7914536839196591	0.7172198035518967	No-PER3D	No-Essential3D
236	D	236	-20.363	18.858	14.157	0.97	0.467239527389903	1.2046110420898468	-0.7108081607968713	0.9971214122237774	1	No-PER3D	No-Essential3D
237	K	237	-16.768	18.172	15.28	0.24	0.399540757749713	0.8581439562034272	-0.5396568229824382	0.37597452631850437	0.12253326870877781	No-PER3D	No-Essential3D
238	F	238	-17.606	15.856	18.119	0.61	0.368253968253968	1.1460074567345437	-0.38199320609710463	0.7040179311779273	0.5493798516501229	No-PER3D	No-Essential3D
239	M	239	-19.189	12.436	18.168	1.71	0.367949393779652	0.7200949750222922	-0.29004041328909036	0.7040179311779273	0.5493798516501229	No-PER3D	No-Essential3D
240	Y	240	-20.615	10.866	21.298	0.61	0.367949393779652	0.7631541399988533	-0.34135193192158153	0.8699740056505213	0.7798071546982722	No-PER3D	No-Essential3D
241	F	241	-21.15	7.213	22.043	0.24	0.364207221350079	0.45497818161761283	-0.3442347679033965	0.6035584372217775	0.41540431984664294	No-PER3D	No-Essential3D
242	E	242	-23.371	6.831	25.068	0.24	0.363920750782065	0.6504429890627197	-0.3485877498092656	0.7839123642244539	0.5991335297701897	No-PER3D	No-Essential3D
243	F	243	-24.314	3.515	26.621	0.61	0.421818181818182	0.09389787229783408	-0.3956244841676753	0.6460662126172113	0.4023954126880051	No-PER3D	No-Essential3D
244	P	244	-28.014	2.967	27.11	1.34	0.343616672136528	0.30469304074087733	-0.8487945259114152	0.5927982643884103	0.6252659424373987	No-PER3D	No-Essential3D
245	Q	245	-27.181	2.027	30.656	0.61	0.346115702479339	0.11287253332345425	-1.0785298575530764	0.5927982643884103	0.6252659424373987	No-PER3D	No-Essential3D
246	P	246	-23.792	2.351	32.192	0.97	0.317028985507246	0.19613634190298493	-0.2036233059716428	0.7914536839196591	0.7172198035518967	No-PER3D	No-Essential3D
247	L	247	-21.563	-0.563	31.389	0.97	0.419975932611312	-0.12479717666400829	-0.14795268105755383	0.9281608028544392	1	No-PER3D	No-Essential3D
248	P	248	-19.94	-2.4	34.193	-0.86	0.416965352449223	-0.11656551698458577	0.04884889635403253	1.6206915291160344	0.7290023117372344	No-PER3D	No-Essential3D
249	V	249	-16.251	-2.85	33.499	0.97	0.341399607586658	0.0269815188583086	0.026805339451333662	1.318357630648522	0.7847213297865511	No-PER3D	No-Essential3D
250	C	250	-13.44	-4.318	35.513	0.97	0.412249705535925	0.057302991510593565	0.010160223010223048	1.6356265053409766	0.5655735490400291	No-PER3D	No-Essential3D
251	G	251	-9.778	-5.046	34.932	0.97	0.409090909090909	0.4522193657711246	-0.5143846165618673	0.9543958891451287	0.9999999999999999	No-PER3D	No-Essential3D
252	D	252	-8.381	-5.134	31.415	0.24	0.443181818181818	0.5591508925396179	-0.39637288176567387	2.0519364756841068	0.19147777421406859	No-PER3D	No-Essential3D
253	I	253	-10.706	-3.58	28.873	0.97	0.484137931034483	0.604543998534757	-0.44334049052426355	1.6850795590060164	0.38820017726938066	No-PER3D	No-Essential3D
254	K	254	-10.381	-3.532	25.098	0.61	0.477815699658703	0.7977251163877878	-0.400398777407721	1.8801521260638299	0.32858735069475464	No-PER3D	No-Essential3D
255	V	255	-12.368	-1.133	22.974	0.61	0.396825396825397	0.383889561523739	0.164877841365612	2.8594639563789346	0.09453245460058408	No-PER3D	No-Essential3D
256	E	256	-12.385	-1.548	19.218	1.34	0.446186440677966	0.5767515016651764	0.17213814986868722	0.9970357395988366	0.9999999999999999	No-PER3D	No-Essential3D
257	F	257	-13.912	0.828	16.694	0.97	0.513408093612872	0.4945103898649379	0.08001301733624339	0.8419869794830921	0.8050898348768952	No-PER3D	No-Essential3D
258	F	258	-14.992	-0.17	13.214	1.34	0.513119533527697	0.14300165339851584	0.09871828988013176	0.5418606265617378	0.33100636952820384	No-PER3D	No-Essential3D
259	H	259	-16.221	1.698	10.178	-0.13	0.513119533527697	0.3039759031763	0.03519605706381477	0.2419591477833941	0.014136074120076175	No-PER3D	No-Essential3D
260	K	260	-19.209	0.023	8.622	-0.13	0.516634050880626	0.1658073990677356	0.23377715251168682	0.21175905681188775	0.014198924062336743	No-PER3D	No-Essential3D
261	Q	261	-20.158	0.413	4.997	1.34	0.519569471624266	0.16618769929137509	0.298843108303373	0.18720603230656285	0.017725319516602736	No-PER3D	No-Essential3D
262	N	262	-23.788	-0.564	4.826	1.34	0.523479980227385	0.04498378095733055	0.25079976972655704	0.18720603230656285	0.017725319516602736	No-PER3D	No-Essential3D
263	K	263	-23.975	-4.269	4.046	0.24	0.526785714285714	0.41775629722889773	0.11343963862687044	0.1513719065277387	0.02144538086161737	No-PER3D	No-Essential3D
264	M	264	-20.549	-3.913	2.539	0.61	0.527127924340468	0.37309003596243967	0.12315727645611506	0.1918365912366991	0.057030327189966375	No-PER3D	No-Essential3D
265	L	265	-19.639	-7.135	4.272	0.61	0.611111111111111	0.37309003596243967	0.12315727645611506	0.1918365912366991	0.057030327189966375	No-PER3D	No-Essential3D
266	K	266	-16.389	-6.467	6.053	-0.5	0.702837232453957	0.5694960864610543	0.16302299664247072	0.1918365912366991	0.057030327189966375	No-PER3D	No-Essential3D
267	K	267	-16.434	-3.366	8.194	-0.13	0.703759398496241	0.2518265559021928	0.20169641872865876	0.25069226618875806	0.0342509766454178	No-PER3D	No-Essential3D
268	D	268	-13.089	-1.681	8.241	0.24	0.613240418118467	0.3191951559356632	0.09375387900663316	0.32065189885411477	0.05501308572018636	No-PER3D	No-Essential3D
269	K	269	-11.138	-1.477	11.459	0.61	0.696428571428571	0.4725829128035909	0.06783870192495582	0.7914536839196591	0.7172198035518967	No-PER3D	No-Essential3D
270	M	270	-10.656	2.105	12.595	0.97	0.609375	0.6458413563566818	-0.1526362884263968	0.7864860641935327	0.7685997344284239	No-PER3D	No-Essential3D
271	F	271	-8.626	1.654	15.741	0.97	0.609375	0.8926562014987109	0.2833543245609657	1.930501363173145	0.409415942283256	No-PER3D	No-Essential3D
272	H	272	-8.6	-0.014	19.117	1.34	0.605172413793104	0.8387961823257681	0.30858541294239344	2.0806224933144395	0.2928134013347811	No-PER3D	No-Essential3D
273	F	273	-7.08	0.321	22.543	2.44	0.609756097560976	0.6166312037142325	0.5260167496045491	3.382022935367384	0.02334094423441832	PER3D	No-Essential3D
274	W	274	-6.553	-1.501	25.807	3.18	0.675154320987654	0.8576612674580387	0.21312660814936332	3.656161408684164	0.015344770595921351	PER3D	No-Essential3D
275	V	275	-6.968	0.205	29.147	1.34	0.613636363636364	0.6932023163506428	0.21347610250628762	1.923524052202798	0.17221965035157205	No-PER3D	No-Essential3D
276	N	276	-7.034	-0.985	32.744	0.97	0.542005420054201	0.4943617725406998	0.051764709278404576	2.251543169180824	0.13628227809096327	No-PER3D	No-Essential3D
277	T	277	-9.669	0.356	35.146	1.34	0.609375	0.14698253799758082	0.4185596431568326	1.7821807662767084	0.5677891335933751	No-PER3D	No-Essential3D
278	F	278	-7.169	0.67	38.004	-0.13	0.457317073170732	-0.07152965143827802	0.41718548630298835	1.6356265053409766	0.5655735490400291	No-PER3D	No-Essential3D
279	F	279	-5.327	3.427	36.13	2.08	0.542346542346542	-0.1488964688542801	0.6739406276412538	1.3920547098786276	0.6274328920828296	No-PER3D	No-Essential3D
280	I	280	-8.302	5.664	35.336	0.97	0.489824561403509	-0.27665728420513264	0.6833422868886718	0.9970357395988366	0.9999999999999999	No-PER3D	No-Essential3D
281	P	281	-7.093	8.409	34.84	-0.86	0.407925407925408	-0.4586158571933352	1.008923889540915	0.7889991316563024	0.7460915263885923	No-PER3D	No-Essential3D
282	G	282	-4.712	10.67	36.375	-0.86	0.407665505226481	-1.2416124223300846	0.9131367434718635	0.06192674002961367	0.0024802219661677095	No-PER3D	No-Essential3D
283	P	283	-1.364	11.846	37.287	-0.86	0.490909090909091	-1.3222373207292344	0.9097677268154097	0	0.006214859341806656	No-PER3D	No-Essential3D
284	E	284	-3.907	14.623	37.634	-0.86	0.490909090909091	-1.475242394540041	0.9134967480365378	0	0.0016995737791879442	No-PER3D	No-Essential3D
285	E	285	-6.028	16.605	35.179	-0.86	0.447846889952153	-1.7387904495222075	0.933086373744299	0.06192674002961367	0.0024802219661677095	No-PER3D	No-Essential3D
286	T	286	-8.958	19.013	35.223	-0.86	0.509581881533101	-1.9028356674192706	1.0418022306586385	0.06192674002961367	0.0024802219661677095	No-PER3D	No-Essential3D
287	S	287	-10.886	16.95	32.704	-0.86	0.564459930313589	-1.135896883079632	1.0295394382073828	0.314815748398165	0.08105509008325013	No-PER3D	No-Essential3D
288	E	288	-14.322	16.735	34.176	-0.86	0.574358974358974	-1.2128321058862905	1.1630980847311623	0.485677037791236	0.27982648142124655	No-PER3D	No-Essential3D
289	K	289	-15.241	19.953	35.891	-0.86	0.578403755868545	-1.9028356674192706	1.1871923672215672	0.12928440732821989	0.07128809245013513	No-PER3D	No-Essential3D
290	V	290	-17.508	22.885	35.35	-0.86	0.619298245614035	-1.9028356674192706	1.116092682732602	0.09564381329252047	0.0242760015922815	No-PER3D	No-Essential3D
291	E	291	-16.417	24.798	32.335	-0.86	0.621478873239437	-1.9028356674192706	0.8121888728804939	0.12928440732821989	0.07128809245013513	No-PER3D	No-Essential3D
292	N	292	-15.272	28.215	33.327	-0.86	0.658036454018227	-1.9028356674192706	0.7063256888439542	0.1964143174088217	0.19648333440854976	No-PER3D	No-Essential3D
293	G	293	-12.734	30.735	32.243	-0.86	0.731656620245271	-1.9028356674192706	0.9859978521701348	0.1964143174088217	0.19648333440854976	No-PER3D	No-Essential3D
294	S	294	-9.894	31.664	34.5	-0.86	0.732165206508135	-1.9028356674192706	1.2130644446080683	0	0.08048322321544246	No-PER3D	No-Essential3D
295	L	295	-7.421	34.422	33.941	-0.86	0.734770776638058	-1.9028356674192706	1.3935536319016542	0	0.08048322321544246	No-PER3D	No-Essential3D
296	C	296	-4.62	32.148	34.99	-0.86	0.705133928571429	-1.9028356674192706	1.5239338810474552	0	0.022483167618888772	No-PER3D	No-Essential3D
297	D	297	-3.512	29.8	37.693	-0.86	0.742699957680914	-1.9028356674192706	1.70686417852625	0	4.597207763377215e-4	No-PER3D	No-Essential3D
298	Q	298	-3.283	32.555	40.182	-0.86	0.730973116243847	-1.9028356674192706	1.694353934765073	0	4.597207763377215e-4	No-PER3D	No-Essential3D
299	E	299	-2.341	30.211	42.967	-0.86	0.803203661327231	-1.9028356674192706	1.7646563193211686	0	3.2521144603695563e-5	No-PER3D	No-Essential3D
300	I	300	0.193	28.067	41.233	-0.86	0.807403123192597	-1.9028356674192706	1.8421256794641745	0	3.2521144603695563e-5	No-PER3D	No-Essential3D
301	D	301	3.613	29.612	41.518	-0.86	0.810371517027864	-1.9028356674192706	1.7962568132460488	0	4.597207763377215e-4	No-PER3D	No-Essential3D
302	S	302	6.574	28.438	39.529	-0.86	0.80508964719491	-1.9028356674192706	1.856891304988092	0	4.597207763377215e-4	No-PER3D	No-Essential3D
303	I	303	6.43	25.916	42.297	-0.86	0.758695652173913	-1.9028356674192706	1.8789246821876584	0	1.2297057803272414e-4	No-PER3D	No-Essential3D
304	C	304	3.046	24.524	43.12	-0.86	0.798888162197515	-1.9028356674192706	1.8964768281007212	0	3.2521144603695563e-5	No-PER3D	No-Essential3D
305	S	305	2.02	23.931	46.686	-0.86	0.782190132370638	-1.9028356674192706	2.0266303137333304	0	1.2297057803272414e-4	No-PER3D	No-Essential3D
306	I	306	-0.753	21.552	45.936	-0.86	0.82068345323741	-1.9028356674192706	1.8194873821724882	0	1.2297057803272414e-4	No-PER3D	No-Essential3D
307	E	307	-0.678	18.518	43.735	-0.86	0.815412186379928	-1.9028356674192706	1.207359480330442	0	0.006214859341806656	No-PER3D	No-Essential3D
308	R	308	-3.942	17.906	41.977	-0.86	0.81423487544484	-1.9028356674192706	1.1203644850343646	0	0.006214859341806656	No-PER3D	No-Essential3D
309	A	309	-5.147	14.873	43.818	-0.86	0.856476297125793	-1.9028356674192706	0.9027743244052643	0	0.006214859341806656	No-PER3D	No-Essential3D
310	D	310	-7.993	14.347	41.435	-0.86	0.83451536643026	-1.7462470503357106	0.977127222197864	0.06192674002961367	0.0024802219661677095	No-PER3D	No-Essential3D
311	N	311	-10.294	16.5	39.429	-0.86	0.877381938690969	-1.7530552510784738	0.9500852115891607	0.06192674002961367	0.0024802219661677095	No-PER3D	No-Essential3D
312	D	312	-13.241	14.698	37.933	-0.86	0.828638497652582	-1.2664105566244233	1.157272821026488	0.1513719065277387	0.02144538086161737	No-PER3D	No-Essential3D
313	K	313	-16.406	16.645	38.018	-0.86	0.83451536643026	-1.3663271269198598	1.3701625301865907	0.2592278401617116	0.14180622873691565	No-PER3D	No-Essential3D
314	E	314	-19.087	14.04	37.802	-0.86	0.803715170278638	-1.0212046739670229	1.4955988557926077	0.2592278401617116	0.14180622873691565	No-PER3D	No-Essential3D
315	Y	315	-17.043	11.623	35.77	-0.86	0.812853255181076	-0.8337133852625503	1.0626955348435292	0.5418606265617378	0.33100636952820384	No-PER3D	No-Essential3D
316	L	316	-13.621	10.047	35.835	-0.86	0.855718085106383	-0.7012716779699639	0.8361448289896106	0.5113226164031918	0.23213772869395022	No-PER3D	No-Essential3D
317	V	317	-12.144	10.818	32.447	-0.86	0.829210836277974	-0.6731143375121341	0.7987139511179989	0.5457160784603656	0.26719356731711164	No-PER3D	No-Essential3D
318	L	318	-9.377	9.314	30.344	-0.86	0.805287239450941	-0.3656512977477763	0.6598890988883701	0.5457160784603656	0.26719356731711164	No-PER3D	No-Essential3D
319	T	319	-8.157	11.011	27.216	-0.86	0.84047619047619	0.3907611152250688	0.5809791568695798	0.6460662126172113	0.4023954126880051	No-PER3D	No-Essential3D
320	L	320	-6.411	9.068	24.475	-0.86	0.775253216534355	1.0615262787456874	0.7450910590824963	0.9412710259005683	1	No-PER3D	No-Essential3D
321	T	321	-4.777	10.988	21.657	2.08	0.675941080196399	1.3110225104543916	0.4252771175281694	1.2099292180257755	0.9999999999999999	No-PER3D	No-Essential3D
322	K	322	-4.256	9.652	18.158	2.44	0.676430331234602	1.3870856407824816	0.06633656357294226	1.3477350652180438	0.7632330267167887	No-PER3D	No-Essential3D
323	N	323	-0.782	8.467	19.149	1.71	0.632616487455197	0.9257515217672088	0.6391233884777626	0.9543958891451287	0.9999999999999999	No-PER3D	No-Essential3D
324	D	324	-2.233	6.442	22.031	-0.86	0.573476702508961	0.9214639434394022	1.111106743914378	1.0696707535025354	1	No-PER3D	No-Essential3D
325	L	325	-4.562	4.533	19.695	1.34	0.637184115523466	1.1462689131382957	0.7280715913650804	1.4828132339599798	0.6284274692427895	No-PER3D	No-Essential3D
326	D	326	-3.398	1.228	18.297	0.61	0.638181818181818	0.8179104296025083	0.49930778923530744	1.6677617852733087	0.3621862534185818	No-PER3D	No-Essential3D
327	K	327	-4.009	1.389	14.541	0.24	0.635869565217391	1.2961357237690279	0.10631906806726987	1.3477350652180438	0.7632330267167887	No-PER3D	No-Essential3D
328	A	328	-4.671	5.116	14.288	0.61	0.533333333333333	1.2220912702264193	0.06399278100627184	1.2099292180257755	0.9999999999999999	No-PER3D	No-Essential3D
329	N	329	-1.164	6.152	15.351	-0.5	0.508695652173913	1.260348245949637	0.14895758886276533	1.3477350652180438	0.7632330267167887	No-PER3D	No-Essential3D
330	K	330	0.325	4.693	12.176	0.24	0.423913043478261	1.1099977793086795	-0.028335160082523528	0.7938517408815888	0.9999999999999999	No-PER3D	No-Essential3D
331	D	331	-1.603	7.214	10.08	0.61	0.427007299270073	1.3096677978136608	-0.4899279757380807	0.6563073878392045	0.6918280417261303	No-PER3D	No-Essential3D
332	K	332	1.217	9.757	9.841	0.24	0.480769230769231	1.6889478247662573	-0.8923391023118817	26.66488510780435	1	No-PER3D	No-Essential3D
333	A	333	-0.321	10.926	6.558	2.44	0.481158088235294	1.4934830173211502	-1.295750991479983	26.66488510780435	1	No-PER3D	No-Essential3D
334	N	334	-3.459	11.961	8.435	0.61	0.553505535055351	1.3290507081250258	-0.6365946375659174	0.3867575586355042	0.22965371827120992	No-PER3D	No-Essential3D
335	R	335	-5.643	10.453	5.774	0.61	0.217039800995025	0.8259135122499803	-0.5880292715822728	0.6563073878392045	0.6918280417261303	No-PER3D	No-Essential3D
336	Y	336	-7.889	8.571	8.204	1.71	0.216666666666667	0.9688665261536924	-0.29610559045823437	0.46207872837129843	0.3024101939914197	No-PER3D	No-Essential3D
337	F	337	-7.579	10.747	11.264	2.44	0.215867158671587	1.3256280061122703	-0.22130749996079746	0.9970357395988366	0.9999999999999999	No-PER3D	No-Essential3D
338	S	338	-6.819	14.35	12.059	0.61	0.214460784313725	1.4506788689354413	-0.39982648219852496	0.7889991316563024	0.7460915263885923	No-PER3D	No-Essential3D
339	P	339	-3.702	14.807	14.143	1.71	0.571895424836601	1.4118458698135792	-0.5521120407287512	0.485677037791236	0.27982648142124655	No-PER3D	No-Essential3D
340	N	340	-5.921	16.499	16.744	1.34	0.56772100567721	1.460266686374899	-0.34368695877386035	1.410515017082031	1	No-PER3D	No-Essential3D
341	F	341	-8.02	13.362	17.085	1.71	0.693140794223827	1.2479754541978818	-0.3025290425833827	0.5457160784603656	0.26719356731711164	No-PER3D	No-Essential3D
342	K	342	-8.715	12.284	20.636	0.24	0.636363636363636	1.157459247218888	0.028667181190897558	0.7839123642244539	0.5991335297701897	No-PER3D	No-Essential3D
343	V	343	-11.06	9.841	22.274	1.34	0.747262773722628	1.1946171486645716	0.03125622202733891	0.9969448109477435	1	No-PER3D	No-Essential3D
344	K	344	-12.378	10.627	25.722	1.71	0.752757352941177	0.3915826936019446	0.3426388607648454	0.8541091969290384	0.7932489196165025	No-PER3D	No-Essential3D
345	L	345	-13.585	7.911	28.039	0.97	0.8	0.39125348299499435	0.3633112558583506	1.2137872195991908	0.8022380970244807	No-PER3D	No-Essential3D
346	Y	346	-16.035	8.712	30.816	1.71	0.835714285714286	-0.08309909730431064	0.4671178606192339	0.9250938307137274	1	No-PER3D	No-Essential3D
347	F	347	-16.329	6.509	33.885	1.34	0.785820895522388	-0.258797800625755	0.5584816016320399	0.7145986319777538	0.5795763283202336	No-PER3D	No-Essential3D
348	T	348	-17.936	6.469	37.31	-0.5	0.872366790582404	-0.5025089052329198	0.8334184233268838	0.8924374954166534	1	No-PER3D	No-Essential3D
349	K	349	-16.984	4.469	40.359	0.97	0.872366790582404	-0.3717469670466836	0.7165367653014946	0.5856964511187557	0.47715119927564226	No-PER3D	No-Essential3D
350	T	350	-19.351	1.464	40.23	-0.86	0.872366790582404	-0.4664169205444184	0.8848306984903354	0.6867847599393092	0.514446042130069	No-PER3D	No-Essential3D
351	V	351	-19.697	1.799	44.064	-0.86	0.915185185185185	-1.0691632485981313	1.7274465220001223	0.3867575586355042	0.22965371827120992	No-PER3D	No-Essential3D
352	E	352	-21.828	-0.298	46.372	-0.86	0.963352826510721	-1.2188657152036477	2.085338556278555	0.22788955915104128	0.04443345225004123	No-PER3D	No-Essential3D
353	E	353	-24.149	0.403	49.183	-0.5	0.915185185185185	-1.6123949537654543	2.8915214027653175	0.1513719065277387	0.02144538086161737	No-PER3D	No-Essential3D
354	P	354	-22.587	3.29	51.044	-0.5	0.915185185185185	-1.6487000429721812	2.884190854388974	0.1243293042764405	0.007652538028563081	No-PER3D	No-Essential3D
355	S	355	-20.436	2.275	53.934	-0.86	0.915185185185185	-1.6123949537654543	2.929232117629969	0.1243293042764405	0.007652538028563081	No-PER3D	No-Essential3D
356	N	356	-19.976	5.371	55.956	-0.5	0.883980023050327	-1.5639881681564847	2.930440903125769	0.1243293042764405	0.007652538028563081	No-PER3D	No-Essential3D
357	P	357	-19.544	6.749	59.393	-0.86	0.904379562043795	-1.5639881681564847	2.835374928478186	0.1243293042764405	0.007652538028563081	No-PER3D	No-Essential3D
