Uniprot_position	aminoacid	Position_in_structure	x	y	z	paraz	mtr	paraz3dscore	mtr3dscore	PER3D_OR	PER3D_pvalue	PER3D	Essential3D
119	L	119	18.94	-9.726	221.539	-0.87	1.02247191011236	-1.6032739152395932	1.9422374762922776	0	1	No-PER3D	No-Essential3D
120	V	120	19.675	-13.235	220.109	-0.87	0.869888475836431	-1.6352842979270434	2.3387405659517584	0	1	No-PER3D	No-Essential3D
121	F	121	17.997	-15.914	222.056	-0.87	0.985955056179775	-1.6352842979270434	2.948644795966079	0	1	No-PER3D	No-Essential3D
122	A	122	20.44	-16.829	224.611	-0.87	0.997159090909091	-1.6352842979270434	3.757593753981114	0	1	No-PER3D	No-Essential3D
123	E	123	19.769	-18.602	227.916	-0.87	1.32452830188679	-1.6352842979270434	3.757593753981114	0	1	No-PER3D	No-Essential3D
124	Q	124	20.831	-16.353	230.567	-0.87	1.31954887218045	-1.6352842979270434	3.6367526776071437	0	1	No-PER3D	No-Essential3D
125	P	125	20.226	-17.772	233.956	-0.87	1.31954887218045	-1.6352842979270434	4.171381577903214	0	1	No-PER3D	No-Essential3D
126	S	126	19.679	-14.12	235.176	-0.87	1.31086142322097	-1.6352842979270434	3.4106371729702247	0	1	No-PER3D	No-Essential3D
127	V	127	17.46	-11.475	233.724	-0.87	1.31086142322097	-1.6352842979270434	1.619010412129537	0	1	No-PER3D	No-Essential3D
128	K	128	18.244	-7.916	234.198	-0.87	0.98314606741573	-1.5443074208153424	0.799193498532618	0	1	No-PER3D	No-Essential3D
129	L	129	16.587	-4.539	234.093	-0.87	0.785130111524164	-1.312126849019856	-0.10865284039858013	0	1.0000000000000002	No-PER3D	No-Essential3D
130	C	130	13.335	-6.398	233.829	-0.87	0.647058823529412	-1.5430943957871865	-0.24087211319863533	0	1	No-PER3D	No-Essential3D
131	C	131	10.297	-4.971	235.54	-0.87	0.642857142857143	-1.5955472711426222	-0.670756337438253	0	0.9999999999999999	No-PER3D	No-Essential3D
132	Q	132	8.734	-7.574	237.734	-0.87	0.515750915750916	-1.6352842979270434	-0.7781316273040323	0	1	No-PER3D	No-Essential3D
133	L	133	5.248	-6.504	236.815	-0.87	0.431372549019608	-1.6352842979270434	-1.2082104223428864	0	1	No-PER3D	No-Essential3D
134	C	134	5.615	-6.015	233.061	-0.87	0.323529411764706	-1.6352842979270434	-1.1189238136612782	0	1	No-PER3D	No-Essential3D
135	C	135	8.475	-8.427	232.774	-0.87	0.325645756457565	-1.6352842979270434	-0.4615113258169785	0	1	No-PER3D	No-Essential3D
136	S	136	9.931	-6.104	230.149	-0.87	0.326851851851852	-1.6352842979270434	-0.4189876441251959	0	0.9999999999999999	No-PER3D	No-Essential3D
137	V	137	12.869	-3.726	230.152	-0.87	0.432964329643296	-1.5160732175737803	-0.17513032342425947	0	1	No-PER3D	No-Essential3D
138	F	138	12.197	-0.917	232.577	-0.87	0.436567164179104	-1.2935063001290321	-0.43620491159308783	0	1	No-PER3D	No-Essential3D
139	K	139	10.888	2.224	231.023	-0.87	0.47313281514025	-1.3656705319033051	-0.6386754063611844	0	1	No-PER3D	No-Essential3D
140	D	140	11.282	5.382	233.035	-0.87	0.495316491626455	-1.0977381261756498	-0.7141045774718721	0	0.9999999999999999	No-PER3D	No-Essential3D
141	P	141	12.728	3.215	235.717	-0.87	0.511764705882353	-1.159171974375809	-0.7735949297282292	0	1	No-PER3D	No-Essential3D
142	V	142	11.991	4.095	239.306	-0.87	0.515555555555556	-1.0424672277153153	-0.928807589333865	0	1	No-PER3D	No-Essential3D
143	I	143	13.199	2.512	242.54	-0.87	0.483333333333333	-0.86387619408408	-0.9765102091926146	0	1	No-PER3D	No-Essential3D
144	T	144	11.39	1.801	245.785	-0.87	0.482933579335793	-0.9271809377409719	-1.2183507161727731	0	1	No-PER3D	No-Essential3D
145	T	145	12.62	2.124	249.344	-0.87	0.454152249134948	-0.6696888067642186	-1.161979962614547	0	1	No-PER3D	No-Essential3D
146	C	146	12.477	-1.642	249.507	-0.87	0.454152249134948	-0.9515136421748157	-1.2152496924032152	0	0.9999999999999999	No-PER3D	No-Essential3D
147	G	147	15.006	-1.672	246.706	-0.87	0.336150595466769	-0.9401890350823818	-1.2222581456907984	0	0.9999999999999999	No-PER3D	No-Essential3D
148	H	148	12.968	-2.939	243.81	-0.87	0.366300366300366	-1.1685539648279533	-1.0116897728245973	0	0.9999999999999999	No-PER3D	No-Essential3D
149	T	149	12.975	-1.312	240.393	-0.87	0.368697478991597	-1.2227780303393743	-0.9419805731291941	0	0.9999999999999999	No-PER3D	No-Essential3D
150	F	150	9.889	-0.947	238.269	-0.87	0.350649350649351	-1.3690105112586508	-1.0022000847849242	0	0.9999999999999999	No-PER3D	No-Essential3D
151	C	151	8.605	0.904	235.267	-0.87	0.39386189258312	-1.2904386113512631	-0.9701756565121552	0	1.0000000000000002	No-PER3D	No-Essential3D
152	R	152	7.125	4.141	236.496	-0.87	0.396438312209209	-1.209258169086767	-1.1123802498181423	0	1	No-PER3D	No-Essential3D
153	R	153	3.785	3.353	234.916	-0.87	0.396099744245524	-1.3223789781640725	-1.2232844401930691	0	1	No-PER3D	No-Essential3D
154	C	154	3.628	-0.192	236.18	-0.87	0.376824817518248	-1.6352842979270434	-1.2058963944194876	0	1	No-PER3D	No-Essential3D
155	A	155	4.43	0.793	239.743	-0.87	0.377889294403893	-1.1964546553882511	-1.205662578299105	0	1	No-PER3D	No-Essential3D
156	L	156	1.996	3.662	239.674	-0.87	0.38034188034188	-1.1096401190594387	-1.2401461127823126	0	1	No-PER3D	No-Essential3D
157	K	157	-0.647	1.191	238.664	-0.87	0.383148831488315	-1.4921852516367642	-1.470018050241531	0	0.9999999999999999	No-PER3D	No-Essential3D
158	S	158	0.115	-1.051	241.601	-0.87	0.383148831488315	-1.0861267715933711	-1.3303925855788254	0	1	No-PER3D	No-Essential3D
159	E	159	0.121	1.065	244.726	-0.87	0.400161030595813	-0.9309027190773597	-1.3110482807329875	0	1	No-PER3D	No-Essential3D
160	K	160	1.869	-1.218	247.245	-0.87	0.400161030595813	-0.9309027190773597	-1.2707593839169087	0	1	No-PER3D	No-Essential3D
161	C	161	5.177	-2.819	246.439	-0.87	0.384913258983891	-1.0818416288308634	-1.2742978473758155	0	1	No-PER3D	No-Essential3D
162	P	162	4.158	-5.929	244.646	-0.87	0.384913258983891	-1.359321104021551	-1.2803380553147576	0	1	No-PER3D	No-Essential3D
163	V	163	7.097	-8.018	245.624	-0.87	0.367111111111111	-1.3067566861347906	-1.2168842934239759	0	1	No-PER3D	No-Essential3D
164	D	164	7.165	-7.446	249.378	-0.87	0.421115241635688	-1.2040918074497113	-1.2070425960272948	0	0.9999999999999999	No-PER3D	No-Essential3D
165	N	165	3.807	-5.729	249.757	-0.49	0.454355847906305	-1.0269879235135142	-1.2327962096696297	0	0.9999999999999999	No-PER3D	No-Essential3D
166	V	166	5.662	-3.189	251.819	0.27	0.468529411764706	-1.0269879235135142	-1.2493556243493522	0	1	No-PER3D	No-Essential3D
167	K	167	3.942	0.133	252.201	0.27	0.481617148283815	-0.7237316664745115	-1.1916633450723013	0	0.9999999999999999	No-PER3D	No-Essential3D
168	L	168	4.948	2.444	249.41	1.02	0.44722066254913	-0.9114247974295977	-1.2478393553993412	0	1	No-PER3D	No-Essential3D
169	T	169	4.568	6.147	248.845	1.4	0.452171444791371	-0.710352713958085	-1.1634305687705124	0	0.9999999999999999	No-PER3D	No-Essential3D
170	V	170	5.845	7.793	245.701	0.64	0.432234432234432	-0.831655216773686	-1.2013715581134066	0	1	No-PER3D	No-Essential3D
171	V	171	9.279	6.325	244.775	1.02	0.415632338141563	-0.9338638071090536	-1.2011083532457902	0	1	No-PER3D	No-Essential3D
172	V	172	12.303	7.98	243.166	-0.11	0.435424354243542	-0.6939768760779788	-1.1227441355328347	0	1	No-PER3D	No-Essential3D
173	N	173	13.409	7.808	239.561	0.27	0.438661710037175	-0.9284639449822908	-1.0037936771353069	0	1	No-PER3D	No-Essential3D
174	N	174	16.506	5.786	239.002	1.02	0.479891855356539	-0.9943638623773049	-0.751544723988212	0	1	No-PER3D	No-Essential3D
175	I	175	18.334	7.566	236.254	-0.11	0.462037637897469	-0.945376313163312	-0.5926736355957107	0	1	No-PER3D	No-Essential3D
176	A	176	21.272	5.259	236.567	1.78	0.519792342634653	-0.8787397408928995	-0.322924612915487	0	1	No-PER3D	No-Essential3D
177	V	177	19.333	2.219	235.487	-0.11	0.517391304347826	-1.121914777082446	-0.3139879018438492	0	0.9999999999999999	No-PER3D	No-Essential3D
178	A	178	17.595	4.203	232.783	-0.11	0.66542750929368	-1.1455816013751723	-0.30020635396240153	0	1	No-PER3D	No-Essential3D
179	E	179	20.876	5.327	231.314	-0.87	0.659926470588235	-0.9741856575820174	0.06191172100503361	0	1	No-PER3D	No-Essential3D
180	Q	180	22.039	1.757	231.225	-0.49	0.664206642066421	-1.1128564733007613	0.22990694807062576	0	1	No-PER3D	No-Essential3D
181	I	181	18.894	0.508	229.551	-0.87	0.729292929292929	-1.2248052928635362	0.1691103601681212	0	1	No-PER3D	No-Essential3D
182	G	182	18.966	3.149	226.866	-0.87	0.69951690821256	-1.2901786774166584	0.4003741239263685	0	0.9999999999999999	No-PER3D	No-Essential3D
183	E	183	22.536	2.11	226.123	-0.49	0.720894607843137	-1.2615209611264724	0.7327201571994436	0	1	No-PER3D	No-Essential3D
184	L	184	21.687	-1.535	225.475	-0.87	0.762890955198647	-1.4849746748729291	0.8963437850868525	0	1	No-PER3D	No-Essential3D
185	F	185	21.963	-2.777	221.933	-0.87	0.799261992619926	-1.5746330465192426	1.247517510551537	0	1	No-PER3D	No-Essential3D
186	I	186	18.681	-3.721	220.349	-0.87	0.777060270602706	-1.5661418713221509	1.2331217206468763	0	0.9999999999999999	No-PER3D	No-Essential3D
187	H	187	17.731	-5.184	217.02	-0.87	0.777060270602706	-1.589189346857115	1.462569700971299	0	1	No-PER3D	No-Essential3D
188	C	188	15.316	-3.558	214.64	-0.87	0.785758706467662	-1.5584593794771626	1.417451578017594	0	1	No-PER3D	No-Essential3D
189	R	189	11.976	-5.296	214.651	-0.49	0.751524163568773	-1.5392531498646926	1.4579871501979154	0	1	No-PER3D	No-Essential3D
190	H	190	11.381	-4.806	210.972	-0.49	0.717948717948718	-1.5359417309659906	1.445659766788042	0	1	No-PER3D	No-Essential3D
191	G	191	12.156	-7.896	208.982	-0.87	0.769230769230769	-1.5152453628491047	1.548169386447943	0	1.0000000000000002	No-PER3D	No-Essential3D
192	C	192	11.312	-8.961	205.482	-0.87	0.827205882352941	-1.5152453628491047	1.5922376118769095	0	0.9999999999999999	No-PER3D	No-Essential3D
193	R	193	8.533	-11.108	204.128	-0.87	0.865384615384615	-1.5674976051771485	1.593151684709182	0	1.0000000000000002	No-PER3D	No-Essential3D
194	V	194	8.194	-14.723	205.086	-0.87	0.885608856088561	-1.5829036717112157	1.5823046327889774	0	1	No-PER3D	No-Essential3D
195	A	195	9.323	-16.766	202.148	-0.87	0.869373219373219	-1.6352842979270434	1.7032018379459286	0	1.0000000000000002	No-PER3D	No-Essential3D
196	G	196	7.61	-20	201.347	-0.87	0.840286383037313	-1.6352842979270434	1.7736377997712915	0	1	No-PER3D	No-Essential3D
197	S	197	9.617	-23.164	201.234	-0.87	0.847822878228782	-1.6352842979270434	1.7763101569420356	0	1	No-PER3D	No-Essential3D
198	G	198	11.849	-23.447	198.251	-0.87	0.863949943847265	-1.6352842979270434	1.790688304302358	0	1	No-PER3D	No-Essential3D
199	K	199	15.186	-24.575	196.981	-0.87	0.88641975308642	-1.6352842979270434	1.7673889393585325	0	1	No-PER3D	No-Essential3D
200	P	200	17.661	-21.825	197.058	-0.87	0.88641975308642	-1.6352842979270434	1.815958461175375	0	1	No-PER3D	No-Essential3D
201	P	201	20.574	-21.676	194.735	-0.87	0.885608856088561	-1.6352842979270434	1.8104246103880905	0	1	No-PER3D	No-Essential3D
202	I	202	24.018	-21.876	196.218	-0.87	0.865384615384615	-1.6352842979270434	1.8197345489132777	0	1	No-PER3D	No-Essential3D
203	F	203	25.094	-18.294	196.497	-0.87	0.859819667511975	-1.6352842979270434	1.880284345560923	0	1	No-PER3D	No-Essential3D
204	E	204	25.283	-15.655	199.166	-0.87	0.865384615384615	-1.6352842979270434	1.8841027498323948	0	1	No-PER3D	No-Essential3D
205	V	205	22.359	-13.312	199.147	-0.87	0.875912408759124	-1.6352842979270434	1.8718296062162068	0	1	No-PER3D	No-Essential3D
206	D	206	20.392	-10.99	201.367	-0.87	0.946813186813187	-1.6352842979270434	1.768373415630748	0	0.9999999999999999	No-PER3D	No-Essential3D
207	P	207	18.187	-8.697	199.417	-0.87	0.890948905109489	-1.6352842979270434	1.7804567295070428	0	1	No-PER3D	No-Essential3D
208	R	208	16.342	-7.235	202.337	-0.87	0.8925	-1.5305230454953878	1.6883444270042007	0	1	No-PER3D	No-Essential3D
209	G	209	15.404	-7.253	205.981	-0.87	0.858375959079284	-1.5200469202522224	1.5880115748889216	0	1.0000000000000002	No-PER3D	No-Essential3D
210	C	210	16.747	-4.933	208.61	-0.87	0.855231724796942	-1.5323937821459532	1.518555057872844	0	1.0000000000000002	No-PER3D	No-Essential3D
211	P	211	19.641	-6.491	210.363	-0.87	0.880688806888069	-1.5255344144272136	1.5735268488425365	0	0.9999999999999999	No-PER3D	No-Essential3D
212	F	212	20.573	-3.192	211.974	-0.87	0.861851851851852	-1.5392531498646926	1.431752532143843	0	1	No-PER3D	No-Essential3D
213	T	213	21.265	-3.177	215.678	-0.87	0.883950617283951	-1.5100262787152816	1.3670271342187057	0	1	No-PER3D	No-Essential3D
214	I	214	21.592	-0.004	217.678	-0.87	0.80729807298073	-1.5851810902423387	1.3916303451889174	0	0.9999999999999999	No-PER3D	No-Essential3D
215	K	215	21.251	1.561	221.096	-0.87	0.737637362637363	-1.5829036717112157	1.256095925481576	0	0.9999999999999999	No-PER3D	No-Essential3D
216	L	216	17.718	1.534	222.433	-0.87	0.732272727272727	-1.5323937821459532	0.9744303628909369	0	1	No-PER3D	No-Essential3D
217	S	217	17.684	5.29	222.672	-0.87	0.795555555555556	-1.5305230454953878	1.0378397180009398	0	1	No-PER3D	No-Essential3D
218	A	218	18.37	5.232	218.919	-0.87	0.795555555555556	-1.5601294863999862	1.2280337308359448	0	1	No-PER3D	No-Essential3D
219	R	219	15.473	2.931	218.035	-0.87	0.790458937198068	-1.5152453628491047	1.2148022531386744	0	0.9999999999999999	No-PER3D	No-Essential3D
220	K	220	12.799	5.588	217.79	-0.87	0.84235294117647	-1.5392531498646926	1.201690978947956	0	0.9999999999999999	No-PER3D	No-Essential3D
221	D	221	14.749	7.634	215.309	-0.87	0.895	-1.5529718853021712	1.263484513897673	0	1	No-PER3D	No-Essential3D
222	H	222	15.536	4.519	213.339	-0.87	0.871046228710462	-1.5392531498646926	1.3220484825969665	0	1	No-PER3D	No-Essential3D
223	E	223	11.976	3.314	213.039	-0.87	0.81959706959707	-1.5466401612541043	1.3532883652633332	0	1	No-PER3D	No-Essential3D
224	G	224	10.915	6.494	211.386	-0.87	0.752100840336134	-1.5336042588022014	1.3606406044474204	0	0.9999999999999999	No-PER3D	No-Essential3D
225	S	225	13.575	6.104	208.697	-0.87	0.70550252667041	-1.5200469202522224	1.431061481999726	0	1	No-PER3D	No-Essential3D
226	C	226	13.62	2.325	208.399	-0.11	0.765132139812447	-1.5323937821459532	1.475962381468138	0	1	No-PER3D	No-Essential3D
227	D	227	12.923	1.34	204.816	-0.87	0.821886446886447	-1.5072427671772424	1.5206803860433533	0	1	No-PER3D	No-Essential3D
228	Y	228	11.932	-2.087	206.083	-0.87	0.845427221983684	-1.5359417309659906	1.5396495982325429	0	1.0000000000000002	No-PER3D	No-Essential3D
229	R	229	8.989	-0.831	208.132	-0.87	0.841645353793691	-1.528583022302209	1.4998179907300155	0	1	No-PER3D	No-Essential3D
230	P	230	5.644	-1.707	206.77	-0.87	0.807104316546763	-1.4962047041815698	1.4278153268256046	0	1	No-PER3D	No-Essential3D
231	V	231	3.206	0.964	205.702	-0.87	0.812274368231047	-1.4564676773971488	1.3896995878927034	0	1	No-PER3D	No-Essential3D
232	R	232	-0.286	0.953	204.296	-0.87	0.807104316546763	-1.3995714799558188	1.4269232052516536	0	1	No-PER3D	No-Essential3D
233	C	233	-0.829	2.278	200.808	-0.87	0.830840639504899	-1.060220580875305	1.3986333549400034	0	1	No-PER3D	No-Essential3D
234	P	234	-2.742	5.461	201.017	-0.87	0.790260099612618	-0.981904907761192	1.3560763993754201	0	1	No-PER3D	No-Essential3D
235	N	235	-4.856	4.621	198.028	-0.49	0.788046485888213	-0.6852757542413981	1.363739137489529	0	1	No-PER3D	No-Essential3D
236	N	236	-5.967	1.287	199.306	-0.87	0.787427626137304	-0.9240761712998583	1.3719477110152443	0	1	No-PER3D	No-Essential3D
237	P	237	-4.899	1.404	202.892	-0.87	0.695454545454545	-1.1462835834516514	1.3497343259029448	0	1	No-PER3D	No-Essential3D
238	S	238	-6.093	-1.814	204.394	-0.49	0.765591397849462	-1.3071177054884084	1.3263945872513545	0	1	No-PER3D	No-Essential3D
239	C	239	-4.827	-5.308	204.069	-0.87	0.760714285714286	-1.5023180929176345	1.3016304915137902	0	1	No-PER3D	No-Essential3D
240	P	240	-2.113	-4.341	201.664	-0.49	0.842230130486358	-1.087978957842367	1.362360152186711	0	1	No-PER3D	No-Essential3D
241	P	241	0.99	-3.915	203.703	-0.87	0.84160756501182	-1.4432220018023416	1.4851491347712726	0	0.9999999999999999	No-PER3D	No-Essential3D
242	L	242	3.878	-2.359	201.967	-0.87	0.847619047619047	-1.3476962808350559	1.4452526016570506	0	1	No-PER3D	No-Essential3D
243	L	243	7.511	-2.168	202.853	-0.49	0.848267622461171	-1.4912375758335172	1.507991951018912	0	0.9999999999999999	No-PER3D	No-Essential3D
244	R	244	8.703	1.389	202.769	-0.87	0.848920863309352	-1.5118156789897352	1.4752525883765515	0	1.0000000000000002	No-PER3D	No-Essential3D
245	M	245	11.278	0.563	200.157	-0.87	0.926095487246566	-1.5100262787152816	1.5672468510913	0	1	No-PER3D	No-Essential3D
246	N	246	8.752	-0.136	197.48	-0.87	0.926813258943223	-1.2351178891820986	1.5229896075672074	0	1	No-PER3D	No-Essential3D
247	L	247	5.969	2.115	198.659	-0.87	0.932806324110672	-1.2517212913388234	1.4447868817505054	0	0.9999999999999999	No-PER3D	No-Essential3D
248	E	248	6.704	4.642	195.953	-0.49	0.855072463768116	-0.9107655446969042	1.5070777129674695	0	1	No-PER3D	No-Essential3D
249	A	249	6.702	2.185	193.127	-0.87	0.771119133574007	-0.6587991502614544	1.5823058444003741	0	0.9999999999999999	No-PER3D	No-Essential3D
250	H	250	3.381	0.881	194.259	-0.49	0.773913043478261	-0.8119435600661509	1.488040343603271	0	1	No-PER3D	No-Essential3D
251	L	251	1.716	4.262	194.752	-0.87	0.768345323741007	-0.6536144465120779	1.489952942239904	0	1	No-PER3D	No-Essential3D
252	K	252	3.589	6.443	192.268	0.27	0.742234169653525	-0.3044028607854198	1.4959247189613134	0	1	No-PER3D	No-Essential3D
253	E	253	2.72	4.723	189.038	-0.11	0.734338061465721	-0.17131471707125742	1.5070074639594702	0	1	No-PER3D	No-Essential3D
254	C	254	-0.536	6.659	189.004	1.02	0.844602609727165	-0.22387913495801792	1.2827734900242143	0	0.9999999999999999	No-PER3D	No-Essential3D
255	E	255	-1.432	4.423	186.144	0.64	0.839857651245552	-0.2718947089891933	1.2095808416259948	0	1	No-PER3D	No-Essential3D
256	H	256	-2.457	0.861	185.962	-0.11	0.916883116883117	-0.2782125476775059	1.2016847312699956	0	0.9999999999999999	No-PER3D	No-Essential3D
257	I	257	0.218	-0.46	188.244	0.64	0.906988694758479	0.02335895237794689	1.3737934831125604	0	1	No-PER3D	No-Essential3D
258	K	258	0.318	-2.461	191.411	1.02	0.84047619047619	-0.5387372412246493	1.4992371815677754	0	1	No-PER3D	No-Essential3D
259	C	259	-1.925	0.041	193.103	0.27	0.796480144404332	-0.5690136370166925	1.462093074819336	0	0.9999999999999999	No-PER3D	No-Essential3D
260	P	260	-5.082	-0.309	191.142	-0.11	0.764620938628159	-0.25202223456959205	1.3347271429619108	0	1	No-PER3D	No-Essential3D
261	H	261	-6.547	2.432	193.307	1.02	0.849578820697954	-0.2478869219736056	1.2932444324512176	0	1	No-PER3D	No-Essential3D
262	S	262	-4.012	4.983	192.114	0.27	0.844124700239808	-0.32643029254670736	1.3078609311817544	0	0.9999999999999999	No-PER3D	No-Essential3D
263	K	263	-5.687	7.925	190.449	0.64	0.841099163679809	-0.46550136568214934	1.169664224324283	0	0.9999999999999999	No-PER3D	No-Essential3D
264	Y	264	-5.356	8.726	186.789	1.4	0.835112692763938	-0.6781891715448574	1.1562033642652956	0	0.9999999999999999	No-PER3D	No-Essential3D
265	G	265	-6.35	11.902	184.961	-0.87	0.832740213523132	-0.7981706717256295	1.143183084507511	0	1	No-PER3D	No-Essential3D
266	C	266	-9.297	12.289	182.667	-0.49	0.901849948612539	-0.9832833452931874	1.0294355943905367	0	1	No-PER3D	No-Essential3D
267	T	267	-8.459	11.671	179.056	-0.87	0.911688311688312	-1.2107255380724395	0.9042421726634414	0	1.0000000000000002	No-PER3D	No-Essential3D
268	F	268	-10.932	14.258	177.959	-0.87	0.891909110214483	-1.1702913704672393	0.9459246497651729	0	1	No-PER3D	No-Essential3D
269	I	269	-9.269	16.946	179.981	-0.87	0.864525935778073	-1.0927925492239385	1.029425356503974	0	0.9999999999999999	No-PER3D	No-Essential3D
270	G	270	-5.924	15.352	179.363	-0.87	0.85832861724203	-1.0927925492239385	1.029425356503974	0	0.9999999999999999	No-PER3D	No-Essential3D
271	N	271	-6.077	15.129	183.292	-0.87	0.820545609548167	-0.8892739056110966	1.0867778942372472	0	0.9999999999999999	No-PER3D	No-Essential3D
272	Q	272	-8.037	15.533	186.456	-0.49	0.729431882956489	-0.8063838620204357	1.170736023016227	0	1	No-PER3D	No-Essential3D
273	D	273	-9.719	12.348	187.539	0.64	0.692960288808664	-0.7267790945476975	1.1242689470315292	0	1	No-PER3D	No-Essential3D
274	T	274	-13.182	13.793	187.546	-0.87	0.697463768115942	-1.0008402864901822	1.0535466783455525	0	0.9999999999999999	No-PER3D	No-Essential3D
275	Y	275	-13.216	14.116	183.767	-0.49	0.663744198040227	-1.0325624870620254	1.02625284189985	0	0.9999999999999999	No-PER3D	No-Essential3D
276	E	276	-14.962	10.949	182.624	-0.87	0.663240835902706	-1.147041724094249	0.9735514471809809	0	1	No-PER3D	No-Essential3D
277	T	277	-12.629	8.381	184.066	-0.49	0.668046928916494	-1.0873553789588453	0.9819058483544753	0	1.0000000000000002	No-PER3D	No-Essential3D
278	H	278	-9.507	9.275	182.253	-0.49	0.665635207151453	-0.9552040622340205	1.0255000438536712	0	0.9999999999999999	No-PER3D	No-Essential3D
279	L	279	-8.27	5.822	182.76	-0.11	0.634892086330935	-0.7837211632417146	1.0986847410297937	0	0.9999999999999999	No-PER3D	No-Essential3D
280	E	280	-11.268	4.349	181.032	-0.87	0.665125042822885	-0.9364764012719501	0.90032154224555	0	1.0000000000000002	No-PER3D	No-Essential3D
281	T	281	-11.014	6.788	178.206	-0.87	0.628113879003559	-1.132384338337364	0.8683115824738379	0	1.0000000000000002	No-PER3D	No-Essential3D
282	C	282	-7.353	6.051	177.827	-0.87	0.680456702253855	-0.9943638623773049	0.9394184772427235	0	0.9999999999999999	No-PER3D	No-Essential3D
283	R	283	-7.995	2.37	177.729	-0.87	0.685215140731155	-0.7582352808589802	0.7899218484602251	0	1	No-PER3D	No-Essential3D
284	F	284	-10.723	2.799	175.202	-0.87	0.684821428571429	-0.8687198704117862	0.569548577044263	0	1	No-PER3D	No-Essential3D
285	E	285	-8.621	4.874	172.876	-0.87	0.663512544802868	-0.6889463899318023	0.5550621541240774	0	1	No-PER3D	No-Essential3D
286	G	286	-5.669	2.549	173.214	-0.87	0.663512544802868	-0.5872663508069602	0.4335402040817319	0	1	No-PER3D	No-Essential3D
287	L	287	-7.837	-0.376	172.34	-0.11	0.661622195672375	-0.4137301875418103	0.2594946342759415	0	1	No-PER3D	No-Essential3D
288	K	288	-8.998	1.637	169.402	0.27	0.679209183673469	-0.09057273863462288	0.21046702719187727	0	1	No-PER3D	No-Essential3D
289	E	289	-5.413	2.133	168.325	-0.11	0.682692307692308	0.012408031984871802	0.2141888609365788	0	1	No-PER3D	No-Essential3D
290	F	290	-4.438	-1.477	168.476	1.02	0.655555555555555	0.1276454096596929	0.12285816505133705	0	1	No-PER3D	No-Essential3D
291	L	291	-7.465	-2.721	166.629	2.16	0.628113879003559	0.19752070555242976	-0.04861934922523248	0	0.9999999999999999	No-PER3D	No-Essential3D
292	Q	292	-7.181	-0.031	164.036	1.02	0.605142857142857	0.34061975184270926	-0.16491895367872456	0	0.9999999999999999	No-PER3D	No-Essential3D
293	Q	293	-3.62	-0.925	163.252	0.27	0.58560794044665	0.47234668849402606	-0.20213946402057303	0	0.9999999999999999	No-PER3D	No-Essential3D
294	T	294	-4.167	-4.636	162.894	0.27	0.563918757467144	0.6633981304285979	-0.3155603935017758	0	0.9999999999999999	No-PER3D	No-Essential3D
295	D	295	-7.39	-4.159	161.019	0.27	0.565947242206235	0.627765520226515	-0.3904248648778834	0	1	No-PER3D	No-Essential3D
296	D	296	-5.695	-1.869	158.578	2.54	0.548818088386434	0.8317945461020205	-0.5356009515477786	0	1	No-PER3D	No-Essential3D
297	R	297	-3.082	-4.505	158.055	0.27	0.477336542318492	0.9686760958478607	-0.6751480204899831	0	1	No-PER3D	No-Essential3D
298	F	298	-5.673	-7.172	157.434	0.27	0.472222222222222	0.9686760958478607	-0.7615404300596735	0	1	No-PER3D	No-Essential3D
299	H	299	-7.706	-5.114	155.03	-0.11	0.429602888086643	1.0210509785739719	-0.7513859706195921	0	1	No-PER3D	No-Essential3D
300	E	300	-4.854	-3.607	153.127	0.64	0.408926813258943	0.9994774176412339	-0.80316506778772645	0	1	No-PER3D	No-Essential3D
301	M	301	-3.12	-6.849	152.463	1.02	0.411263537906137	1.0444901601076113	-0.9014313673140322	0	1	No-PER3D	No-Essential3D
302	H	302	-6.079	-8.357	150.762	0.27	0.380799572135312	1.0818917651424218	-0.928606446278162	0	1	No-PER3D	No-Essential3D
303	V	303	-6.728	-5.289	148.702	2.16	0.414254545454545	1.1961182886271127	-0.9483089939576469	0	1	No-PER3D	No-Essential3D
304	A	304	-3.043	-5.033	147.888	0.64	0.428743961352657	1.091178988014241	-0.9238761319803757	0	1	No-PER3D	No-Essential3D
305	L	305	-2.754	-8.604	146.752	1.02	0.463418181818182	0.9656435332774707	-0.9302477000513295	0	0.9999999999999999	No-PER3D	No-Essential3D
306	A	306	-5.658	-8.071	144.437	1.4	0.516363636363637	0.9656435332774707	-0.9209417913499549	0	0.9999999999999999	No-PER3D	No-Essential3D
307	Q	307	-4.074	-4.969	142.961	1.02	0.492918633712858	0.9461845901174679	-0.8973158992934218	0	1	No-PER3D	No-Essential3D
308	K	308	-0.802	-6.669	142.273	1.78	0.498463901689708	0.9461845901174679	-0.8973158992934218	0	1	No-PER3D	No-Essential3D
309	D	309	-2.355	-9.741	140.788	0.64	0.503481175863847	0.8898294690177199	-0.8532163030575365	0	1	No-PER3D	No-Essential3D
310	Q	310	-4.472	-7.857	138.309	1.4	0.522128626821768	0.9656435332774707	-0.8081720821496668	0	1	No-PER3D	No-Essential3D
311	E	311	-1.795	-5.32	137.606	-0.11	0.522544283413849	0.8888186148275898	-0.7952851262623878	0	1	No-PER3D	No-Essential3D
312	I	312	0.77	-7.781	136.41	0.64	0.543778801843318	0.6959981780602905	-0.8354680856031054	0	1	No-PER3D	No-Essential3D
313	A	313	-1.686	-9.403	134.072	0.27	0.492918633712858	0.6603655678582078	-0.8274216910959653	0	1	No-PER3D	No-Essential3D
314	F	314	-2.779	-6.069	132.636	0.64	0.492918633712858	0.6219531086332675	-0.8654117401428929	0	1	No-PER3D	No-Essential3D
315	L	315	0.749	-4.837	132.137	-0.11	0.461371841155235	0.35639576668499556	-0.9081770054424991	0	0.9999999999999999	No-PER3D	No-Essential3D
316	R	316	1.97	-7.913	130.393	0.27	0.446124763705104	0.1630253063142432	-0.9308011994043978	0	1	No-PER3D	No-Essential3D
317	S	317	-0.846	-8.027	127.939	1.02	0.480978260869565	0.12562370127943284	-0.9536954888653025	0	1	No-PER3D	No-Essential3D
318	M	318	-0.879	-4.383	127.137	1.4	0.442915233030967	-0.027015281430198556	-0.97582219696524	0	1	No-PER3D	No-Essential3D
319	L	319	2.811	-4.121	126.538	-0.11	0.408102766798419	0.2024486197293136	-0.9931089864914165	0	1	No-PER3D	No-Essential3D
320	G	320	3.269	-7.383	124.719	-0.49	0.412587412587413	0.19562535394593603	-0.9718792383656808	0	0.9999999999999999	No-PER3D	No-Essential3D
321	K	321	0.808	-6.661	122	1.02	0.431873479318735	0.19562535394593603	-0.9581394726452418	0	0.9999999999999999	No-PER3D	No-Essential3D
322	L	322	2.125	-3.177	121.571	-0.87	0.455514705882353	0.12454966870241974	-0.9405498853984199	0	0.9999999999999999	No-PER3D	No-Essential3D
323	S	323	5.673	-4.378	121.221	-0.87	0.390441176470588	0.12454966870241974	-0.9405498853984199	0	0.9999999999999999	No-PER3D	No-Essential3D
324	E	324	4.963	-6.624	118.298	0.27	0.452564102564103	0.049809637019682156	-0.8972349336870595	0	1	No-PER3D	No-Essential3D
325	K	325	2.296	-4.423	116.815	-0.11	0.472918660287081	-0.1412418049148896	-0.8442679899335698	0	0.9999999999999999	No-PER3D	No-Essential3D
326	I	326	4.541	-1.418	116.636	2.16	0.484098332473784	-0.37070570607440173	-0.7413854619039897	0	0.9999999999999999	No-PER3D	No-Essential3D
327	D	327	7.388	-3.339	115.194	0.27	0.508303249097473	-0.44753062452428244	-0.624999610794094	0	0.9999999999999999	No-PER3D	No-Essential3D
328	Q	328	5.303	-5.051	112.572	0.27	0.534645967436577	-0.44753062452428244	-0.5073940647180915	0	1	No-PER3D	No-Essential3D
329	L	329	3.759	-1.782	111.571	0.64	0.534645967436577	-0.3786661828216756	-0.46240154607534906	0	1	No-PER3D	No-Essential3D
330	E	330	7.114	-0.083	111.45	-0.11	0.534645967436577	-0.5577769096353365	-0.39574547238572994	0	1	No-PER3D	No-Essential3D
331	K	331	8.806	-2.656	109.277	-0.87	0.538096142884287	-0.44753062452428244	-0.24615208506915207	0	1	No-PER3D	No-Essential3D
332	S	332	5.927	-2.965	106.875	-0.87	0.598777145266709	-0.5627680021991035	-0.1402270503338749	0	1	No-PER3D	No-Essential3D
333	L	333	5.589	0.731	106.262	-0.87	0.671726755218216	-0.6395929206489842	-0.029184566164407257	0	1	No-PER3D	No-Essential3D
334	E	334	9.241	1.27	105.552	-0.87	0.666945781871467	-0.9458817402583771	0.07087344775896132	0	1	No-PER3D	No-Essential3D
335	L	335	9.219	-1.189	102.713	-0.49	0.674143038510368	-1.0611191179331982	0.15981818605846304	0	1	No-PER3D	No-Essential3D
336	K	336	5.99	0.156	101.333	0.64	0.636690647482014	-1.0970044416828135	0.30466526037098474	0	1	No-PER3D	No-Essential3D
337	F	337	7.047	3.744	101.164	-0.87	0.59	-1.2137581006428295	0.356693771743055	0	1	No-PER3D	No-Essential3D
338	D	338	10.447	3.39	99.606	-0.49	0.632142857142857	-1.0995315771581384	0.4469129562525652	0	1	No-PER3D	No-Essential3D
339	V	339	9.369	0.93	97.003	-0.87	0.68814218272702	-1.0227066587082578	0.5584786454252186	13.721920176791889	0.1068550342504907	No-PER3D	No-Essential3D
340	L	340	6.237	2.913	96.296	-0.87	0.719877986781901	-0.9458817402583771	0.6415150346081742	13.721920176791889	0.1068550342504907	No-PER3D	No-Essential3D
341	D	341	8.022	6.178	95.805	-0.87	0.706628113879004	-0.830644362583556	0.6722002469322257	10.34887827216269	0.13208511802872538	No-PER3D	No-Essential3D
342	E	342	10.641	4.615	93.635	-0.87	0.706117021276596	-0.715406984908735	0.7255748971118295	10.34887827216269	0.13208511802872538	No-PER3D	No-Essential3D
343	N	343	8.129	2.999	91.365	-0.87	0.779049295774648	-0.700875955925616	0.7672119119155535	10.34887827216269	0.13208511802872538	No-PER3D	No-Essential3D
344	Q	344	6.197	6.22	91.109	0.27	0.728095433977787	-0.700875955925616	0.7672119119155535	10.34887827216269	0.13208511802872538	No-PER3D	No-Essential3D
345	S	345	9.258	8.04	89.879	1.02	0.735294117647059	-0.7912210491684857	0.8580453765086646	10.34887827216269	0.13208511802872538	No-PER3D	No-Essential3D
346	K	346	9.975	5.264	87.434	-0.11	0.786219081272085	-0.8296335083934261	0.8610342055504864	10.34887827216269	0.13208511802872538	No-PER3D	No-Essential3D
347	L	347	6.41	5.42	86.235	-0.11	0.783450704225352	-0.8296335083934261	0.8348123428877987	10.34887827216269	0.13208511802872538	No-PER3D	No-Essential3D
348	S	348	6.719	9.098	85.565	0.27	0.739970900020786	-0.7143961307186049	0.7676113796740412	8.293053008203204	0.1567417908120003	No-PER3D	No-Essential3D
349	E	349	9.49	8.314	83.146	0.27	0.785651408450704	-0.7143961307186049	0.6932974556088956	8.293053008203204	0.1567417908120003	No-PER3D	No-Essential3D
350	D	350	7.554	5.583	81.418	0.27	0.782894736842105	-0.7143961307186049	0.605226860339899	6.906453116008191	0.18083488250308594	No-PER3D	No-Essential3D
351	L	351	4.504	7.775	81.155	-0.87	0.702787593246957	-0.5928409143554714	0.518595826328222	5.155003678616625	0.22736907793593844	No-PER3D	No-Essential3D
352	M	352	6.638	10.461	79.612	-0.87	0.709766706207987	-0.48594308374922285	0.4005656978728395	5.155003678616625	0.22736907793593844	No-PER3D	No-Essential3D
353	E	353	7.532	8.034	76.868	-0.87	0.638790035587189	-0.5243555429741632	0.3215000228448932	5.155003678616625	0.22736907793593844	No-PER3D	No-Essential3D
354	F	354	3.873	7.315	76.457	-0.87	0.629824561403509	-0.6011804614240438	0.24274343358680806	0	1	No-PER3D	No-Essential3D
355	R	355	3.419	10.98	75.812	0.27	0.570422535211268	-0.6780053798739246	0.16719417093687905	0	1	No-PER3D	No-Essential3D
356	R	356	5.932	10.497	73.029	-0.87	0.541353383458647	-0.7932427575487457	0.09870425576444908	0	1	No-PER3D	No-Essential3D
357	D	357	4.023	7.514	71.697	-0.87	0.510247349823322	-0.9084801352235667	0.021380327604993223	0	1	No-PER3D	No-Essential3D
358	A	358	0.831	9.474	71.68	1.02	0.489408574817827	-0.7942536117388758	-0.06546274834526282	0	1	No-PER3D	No-Essential3D
359	S	359	2.552	12.297	69.877	0.64	0.562568178276453	-0.7558411525139352	-0.11628654796050657	0	1	No-PER3D	No-Essential3D
360	M	360	3.922	10.031	67.176	0.64	0.559451457067165	-0.6790162340640545	-0.15771279957691378	0	1	No-PER3D	No-Essential3D
361	L	361	0.653	8.173	67.018	-0.87	0.611063829787234	-0.4495523329045425	-0.17960127959608688	0	1	No-PER3D	No-Essential3D
362	N	362	-1.224	11.35	66.23	-0.87	0.615428571428572	-0.33431495522972143	-0.18577722703438584	0	1	No-PER3D	No-Essential3D
363	D	363	1.321	12.059	63.526	-0.87	0.58764880952381	-0.2969133501949111	-0.18491410448707252	0	1	No-PER3D	No-Essential3D
364	E	364	0.779	8.666	61.958	-0.87	0.613682406108774	-0.22008843174503037	-0.18157764705494703	8.293053008203204	0.1567417908120003	No-PER3D	No-Essential3D
365	L	365	-2.951	9.081	61.933	1.4	0.589755077658303	-0.18167597252009002	-0.16974162913005963	10.34887827216269	0.13208511802872538	No-PER3D	No-Essential3D
366	S	366	-2.721	12.207	59.903	-0.49	0.589755077658303	-0.4156255391483041	-0.19105445168869006	10.34887827216269	0.13208511802872538	No-PER3D	No-Essential3D
367	H	367	-0.365	10.482	57.523	-0.11	0.617634408602151	-0.5587245854385835	-0.21779551064316946	10.34887827216269	0.13208511802872538	No-PER3D	No-Essential3D
368	I	368	-2.456	7.448	56.806	1.4	0.59010989010989	-0.6395929206489843	-0.2117512268202727	10.34887827216269	0.13208511802872538	No-PER3D	No-Essential3D
369	N	369	-5.406	9.656	56.179	0.27	0.616089207487057	-0.5684721079862657	-0.22970803426568284	10.34887827216269	0.13208511802872538	No-PER3D	No-Essential3D
370	A	370	-3.247	11.508	53.711	0.64	0.572342126298961	-0.5684721079862657	-0.29896299340828314	6.906453116008191	0.18083488250308594	No-PER3D	No-Essential3D
371	R	371	-2.121	8.321	52.058	-0.11	0.548773690078038	-0.5273159016738296	-0.35565522058663185	6.906453116008191	0.18083488250308594	No-PER3D	No-Essential3D
372	L	372	-5.613	7.117	51.483	-0.49	0.536570743405276	-0.39067007632946943	-0.3437088962519392	8.293053008203204	0.1567417908120003	No-PER3D	No-Essential3D
373	N	373	-6.818	10.224	49.771	-0.49	0.542424242424242	-0.6294843787476841	-0.4110336526878576	6.906453116008191	0.18083488250308594	No-PER3D	No-Essential3D
374	M	374	-3.39	10.73	48.258	-0.87	0.476443264764433	-0.7068536032999426	-0.4477940528771078	6.906453116008191	0.18083488250308594	No-PER3D	No-Essential3D
375	G	375	-1.373	8.098	46.499	-0.87	0.499131039277025	-0.6507845206111379	-0.6853385475616537	5.907651233788362	0.2043741100173651	No-PER3D	No-Essential3D
376	I	376	-2.119	9.815	43.256	-0.87	0.47167325428195	-1.204407699384127	-0.7320626837826639	5.907651233788362	0.2043741100173651	No-PER3D	No-Essential3D
377	L	377	0.84	11.409	41.572	-0.49	0.469970462750246	-1.108376551321776	-0.9979360696677259	13.446763286664838	0.025227266930805962	PER3D	No-Essential3D
378	G	378	-1.3	13.493	39.32	-0.87	0.473388429752066	-1.571263532552143	-0.9283767442437912	0	1	No-PER3D	No-Essential3D
379	S	379	-0.288	14.683	35.891	-0.87	0.455636363636364	-0.48647824184987987	-0.5450969546632727	5.907651233788362	0.2043741100173651	No-PER3D	No-Essential3D
380	Y	380	1.766	17.737	35.282	-0.87	0.451449275362319	-0.45426965245848255	-0.3363415010743404	6.906453116008191	0.18083488250308594	No-PER3D	No-Essential3D
381	D	381	0.888	21.28	34.282	-0.87	0.431873479318735	-0.4450034890489574	-0.3307414708993992	13.721920176791889	0.1068550342504907	No-PER3D	No-Essential3D
382	P	382	-0.038	21.429	30.696	-0.87	0.478277511961722	-0.26304973482555577	-0.30318024996457565	10.34887827216269	0.13208511802872538	No-PER3D	No-Essential3D
383	Q	383	0.605	25.134	30.603	-0.87	0.478678447944679	-0.27752332891150816	-0.3111720816152232	0	1	No-PER3D	No-Essential3D
384	Q	384	4.244	24.428	30.054	1.02	0.538927335640138	-0.04435531869165952	-0.0827668197312108	0	1	No-PER3D	No-Essential3D
385	I	385	5.848	21.06	29.694	-0.11	0.573108856088561	-0.032814392310418106	-0.07307321549385067	0	1	No-PER3D	No-Essential3D
386	F	386	9.415	20.444	30.653	0.27	0.609068627450981	-0.269683465448284	-0.023950234848142186	0	1	No-PER3D	No-Essential3D
387	K	387	10.978	17.368	29.189	-0.49	0.602424242424242	0.03110883450227698	0.041977866228603916	0	1	No-PER3D	No-Essential3D
388	C	388	14.287	16.018	30.258	-0.49	0.606837606837607	-0.3616080183632317	0.03680651291474496	0	1	No-PER3D	No-Essential3D
389	K	389	16.809	13.371	29.391	0.27	0.690997566909976	-0.8089109974957608	-0.6630769298174816	0	1	No-PER3D	No-Essential3D
390	G	390	17.922	11.246	32.286	0.64	0.604598353675844	-0.36559823227163957	-1.0659546900719137	0	1	No-PER3D	No-Essential3D
391	T	391	16.44	11.752	35.197	-0.87	0.604598353675844	0.020138093438807167	-0.6919520995057642	20.30666234550512	0.08104159593403093	No-PER3D	No-Essential3D
392	F	392	17.169	8.077	34.88	-0.87	0.471134704711347	0.4192768435122005	-1.1324563150365192	13.721920176791889	0.1068550342504907	No-PER3D	No-Essential3D
393	V	393	20.816	7.894	33.983	-0.87	0.42719614921781	0.03035069385967947	-1.182669823432339	0	1	No-PER3D	No-Essential3D
394	G	394	22.192	4.588	32.941	-0.87	0.397202797202797	0.4279814212605424	-1.2775095511835002	0	1	No-PER3D	No-Essential3D
395	H	395	21.974	3.533	29.335	-0.87	0.30118778280543	0.46476528206805096	-1.4172329905495193	0	1	No-PER3D	No-Essential3D
396	Q	396	24.958	4.15	27.133	-0.87	0.326286764705882	-0.00865143030950336	-1.6200245437584258	0	1	No-PER3D	No-Essential3D
397	G	397	22.803	4.484	24.058	-0.87	0.300084530853762	0.06157230395937682	-1.6103387553423514	0	1	No-PER3D	No-Essential3D
398	P	398	19.338	5.398	22.978	-0.87	0.198041958041958	-0.01220407003568491	-1.6859253132904606	0	1	No-PER3D	No-Essential3D
399	V	399	16.265	4.044	24.692	-0.87	0.183896103896104	0.20621318016152188	-1.6406051000340802	0	1	No-PER3D	No-Essential3D
400	W	400	14.213	2.068	22.18	-0.87	0.0916149068322981	0.8239344114986198	-1.4374582817509847	0	1	No-PER3D	No-Essential3D
401	C	401	11.44	0.843	24.423	-0.49	0.091542031975245	1.0291588715573061	-1.4453222343228456	0	1	No-PER3D	No-Essential3D
402	L	402	9.925	1.432	27.814	-0.87	0.172121212121212	1.1567646892941204	-1.8159850738333678	0	1	No-PER3D	No-Essential3D
403	C	403	7.355	-0.216	29.992	-0.11	0.170531400966184	1.0971591491174888	-1.8415153559720294	13.721920176791889	0.1068550342504907	No-PER3D	No-Essential3D
404	V	404	6.061	0.802	33.366	0.64	0.170397111913357	1.0147088405060887	-1.9184858565171292	13.721920176791889	0.1068550342504907	No-PER3D	No-Essential3D
405	Y	405	4.393	-1.709	35.597	0.27	0.171497584541063	0.8601647864381353	-1.6770223677572442	13.721920176791889	0.1068550342504907	No-PER3D	No-Essential3D
406	S	406	2.996	-0.436	38.834	0.64	0.171014492753623	0.7570706187139786	-1.9572069589128829	13.721920176791889	0.1068550342504907	No-PER3D	No-Essential3D
407	M	407	3.928	-3.231	41.145	-0.11	0.184567257559958	0.7187423973382158	-1.5940262287597224	13.721920176791889	0.1068550342504907	No-PER3D	No-Essential3D
408	G	408	6.789	-1.408	42.787	1.02	0.185766614338043	0.8620309787891447	-1.5876507689765316	13.721920176791889	0.1068550342504907	No-PER3D	No-Essential3D
409	D	409	6.178	1.43	40.363	0.64	0.173529411764706	0.6852578522901592	-1.6376520756006043	8.293053008203204	0.1567417908120003	No-PER3D	No-Essential3D
410	L	410	9.177	0.375	38.371	0.27	0.244025735294118	0.8183345090248882	-1.4458911270773442	10.34887827216269	0.13208511802872538	No-PER3D	No-Essential3D
411	L	411	10.256	1.402	34.932	2.92	0.30424477483301	0.901117340807505	-1.5347746450514341	10.34887827216269	0.13208511802872538	No-PER3D	No-Essential3D
412	F	412	11.821	-1.038	32.565	1.4	0.302275654787462	0.9198043902066771	-1.4027742229929792	10.34887827216269	0.13208511802872538	No-PER3D	No-Essential3D
413	S	413	13.823	0.47	29.766	1.78	0.302521008403361	0.7769507511198689	-1.4971968954031707	10.34887827216269	0.13208511802872538	No-PER3D	No-Essential3D
414	G	414	15.343	-1.181	26.718	2.16	0.302521008403361	1.1135170605193463	-1.443680078640216	0	1	No-PER3D	No-Essential3D
415	S	415	18.238	0.301	24.839	1.02	0.358455882352941	1.0069441473313538	-1.392456133124488	0	1	No-PER3D	No-Essential3D
416	S	416	20.442	0.132	21.766	0.27	0.358753587535875	1.1091848282759318	-1.4206733406694942	0	1	No-PER3D	No-Essential3D
417	D	417	23.118	-0.758	24.288	2.16	0.361111111111111	0.892356604493045	-1.3358590743958214	0	1	No-PER3D	No-Essential3D
418	K	418	21.513	-4.232	24.283	0.27	0.37954152249135	1.2681894603450308	-1.073348058978827	0	0.9999999999999999	No-PER3D	No-Essential3D
419	T	419	20.56	-3.923	27.885	1.02	0.400319343065693	1.050428928474625	-1.2162048033902348	0	1	No-PER3D	No-Essential3D
420	I	420	17.314	-3.761	29.759	1.78	0.320255474452555	1.115308271927681	-1.064445797589462	0	1	No-PER3D	No-Essential3D
421	K	421	17.325	-1.702	32.939	2.16	0.322080291970803	0.9049922818696701	-1.295234162018739	8.293053008203204	0.1567417908120003	No-PER3D	No-Essential3D
422	V	422	15.002	-1.794	35.916	2.54	0.381383322559793	0.9492532546232197	-1.158233437837265	8.293053008203204	0.1567417908120003	No-PER3D	No-Essential3D
423	W	423	14.354	1.473	37.655	1.78	0.382785467128028	0.661676946267025	-1.4224255407474302	10.34887827216269	0.13208511802872538	No-PER3D	No-Essential3D
424	D	424	12.335	2.239	40.693	1.4	0.436654366543665	0.8164259032113561	-1.4560551775544948	10.34887827216269	0.13208511802872538	No-PER3D	No-Essential3D
425	T	425	10.419	5.333	39.669	0.27	0.462339917516822	0.7942648690431213	-1.6100060818196542	8.293053008203204	0.1567417908120003	No-PER3D	No-Essential3D
426	C	426	8.783	5.485	43.042	-0.87	0.461937716262976	0.5369534562979875	-1.5020276274808708	5.907651233788362	0.2043741100173651	No-PER3D	No-Essential3D
427	T	427	12.061	6.403	44.574	1.02	0.460245636716225	0.6618818491434028	-1.1806670814286122	13.721920176791889	0.1068550342504907	No-PER3D	No-Essential3D
428	T	428	14.674	8.731	43.32	1.4	0.491236162361624	0.49286108235254683	-1.0156644130380297	13.721920176791889	0.1068550342504907	No-PER3D	No-Essential3D
429	Y	429	15.91	7.196	40.133	-0.11	0.523985239852399	0.6618818491434028	-1.11633415303387	13.721920176791889	0.1068550342504907	No-PER3D	No-Essential3D
430	K	430	17.785	4.146	41.232	0.27	0.524444444444445	0.6371598716673972	-1.0864244391308784	13.721920176791889	0.1068550342504907	No-PER3D	No-Essential3D
431	C	431	18.818	1.442	38.876	2.16	0.556197478991597	0.7726870199845769	-1.09685596802785	13.721920176791889	0.1068550342504907	No-PER3D	No-Essential3D
432	Q	432	17.487	-1.705	40.429	-0.11	0.598981900452489	1.092938957363128	-1.0319006933547568	10.34887827216269	0.13208511802872538	No-PER3D	No-Essential3D
433	K	433	19.162	-4.043	38.013	-0.11	0.541666666666667	1.3012471244006336	-0.7462112005501442	0	1	No-PER3D	No-Essential3D
434	T	434	20.419	-4.425	34.503	0.27	0.541666666666667	1.5958163532432068	-0.7504575748909407	0	1	No-PER3D	No-Essential3D
435	L	435	19.383	-7.385	32.521	2.16	0.541666666666667	1.6442725133934357	-0.5828282016650916	0	1	No-PER3D	No-Essential3D
436	E	436	22.362	-8.124	30.363	0.27	0.541666666666667	1.5775472697028363	-0.6422667622630196	0	0.9999999999999999	No-PER3D	No-Essential3D
437	G	437	22.409	-10.911	27.847	1.78	0.541666666666667	1.9305910003591618	-0.29867742369125194	0	1	No-PER3D	No-Essential3D
438	H	438	21.258	-9.625	24.512	3.3	0.557142857142857	1.7317025336976626	-0.25793860038775296	0	0.9999999999999999	No-PER3D	No-Essential3D
439	D	439	24.005	-9.297	21.949	1.02	0.52	1.6975019669315974	-0.44126142216809733	0	1	No-PER3D	No-Essential3D
440	G	440	22.164	-6.606	20.057	-0.11	0.606666666666667	1.639377850999122	-0.5702462621453575	0	0.9999999999999999	No-PER3D	No-Essential3D
441	I	441	19.889	-3.644	20.629	-0.87	0.557142857142857	1.237226359025733	-0.9260051610698746	0	0.9999999999999999	No-PER3D	No-Essential3D
442	V	442	16.696	-4.246	22.558	2.54	0.501424501424502	1.3025106921382963	-0.8448929055132746	0	1	No-PER3D	No-Essential3D
443	L	443	13.858	-3.265	20.228	-0.11	0.54320987654321	1.3567265636728856	-0.5023194856340565	0	1	No-PER3D	No-Essential3D
444	A	444	10.816	-4.14	22.303	1.78	0.501424501424502	1.1991728262885926	-0.4448243378554195	0	0.9999999999999999	No-PER3D	No-Essential3D
445	L	445	9.884	-5.011	25.875	1.02	0.558730158730159	1.4026694948103449	-0.7512795546122514	0	1	No-PER3D	No-Essential3D
446	C	446	6.947	-6.202	27.889	0.27	0.499574226511496	1.311887694823055	-0.5280982795909139	0	1	No-PER3D	No-Essential3D
447	I	447	6.699	-6.56	31.655	1.4	0.463890353189246	1.2361733859110142	-0.9271726859074444	0	0.9999999999999999	No-PER3D	No-Essential3D
448	Q	448	3.828	-8.336	33.205	0.27	0.460491889063318	0.9766324965701741	-0.4601925294321019	0	1	No-PER3D	No-Essential3D
449	G	449	4.021	-8.973	36.924	0.64	0.46218487394958	0.7332734263213347	-1.039130964626079	0	1	No-PER3D	No-Essential3D
450	C	450	6.941	-11.308	37.524	0.27	0.461800104657248	0.9253357224460365	-0.5227996811396746	0	0.9999999999999999	No-PER3D	No-Essential3D
451	K	451	8.606	-11.359	34.17	-0.11	0.497323189630882	1.07236085420691	-0.11500093531029718	0	0.9999999999999999	No-PER3D	No-Essential3D
452	L	452	10.16	-9.135	31.549	1.78	0.500565610859729	1.3953425942265654	-0.4341568388731608	0	1	No-PER3D	No-Essential3D
453	Y	453	10.148	-10.222	27.928	1.4	0.500140884756269	1.5454072903243437	-0.03293796634184993	0	1	No-PER3D	No-Essential3D
454	S	454	12.592	-8.466	25.658	2.54	0.467436974789916	1.4784126219339457	-0.28604693010636417	0	1	No-PER3D	No-Essential3D
455	G	455	13.128	-8.655	21.919	3.3	0.501549732318963	1.4661174428108383	-0.0029382587802092696	0	1	No-PER3D	No-Essential3D
456	S	456	16.364	-7.767	20.28	3.3	0.558869701726844	1.5106547594696118	-0.10600070103740136	0	1	No-PER3D	No-Essential3D
457	A	457	18.144	-7.182	17.029	1.02	0.605769230769231	1.473538301806616	-0.00865457072341567	0	1	No-PER3D	No-Essential3D
458	D	458	20.085	-10.308	17.866	3.3	0.601347557551937	1.5158239002145948	0.19525004844338079	0	1	No-PER3D	No-Essential3D
459	C	459	17.004	-12.209	16.7	-0.11	0.608029197080292	1.4444514680023852	0.6301599131360701	0	1	No-PER3D	No-Essential3D
460	T	460	16.068	-13.523	20.081	2.54	0.608029197080292	1.4961975753542782	0.5830628803110277	0	1	No-PER3D	No-Essential3D
461	I	461	13.445	-12.893	22.674	2.54	0.744525547445255	1.4379932328987766	0.6057624160419606	0	1	No-PER3D	No-Essential3D
462	I	462	14.431	-13.343	26.279	0.27	0.697435897435898	1.6226793173583203	0.2533920154573474	0	1	No-PER3D	No-Essential3D
463	V	463	12.253	-13.903	29.27	1.02	0.730839416058394	1.6147267931352696	0.34227921734991296	0	1	No-PER3D	No-Essential3D
464	W	464	13.639	-12.778	32.565	2.92	0.728181818181818	1.5901181487339404	-0.12442961068995904	0	1	No-PER3D	No-Essential3D
465	D	465	12.65	-12.922	36.178	1.78	0.730839416058394	1.2806412505249065	0.017516613442895863	0	1	No-PER3D	No-Essential3D
466	I	466	11.998	-9.337	37.043	1.02	0.687848862172606	1.321464208203234	-0.7156083920414221	0	1	No-PER3D	No-Essential3D
467	Q	467	12.898	-9.704	40.652	-0.11	0.692307692307692	1.23666477336455	-0.6559508447887621	0	1	No-PER3D	No-Essential3D
468	N	468	16.041	-11.77	40.086	2.54	0.696078431372549	1.237226359025733	0.04004736480571781	0	1	No-PER3D	No-Essential3D
469	L	469	17.278	-10.292	36.794	0.27	0.656826568265683	1.321464208203234	-0.27527578232070954	0	0.9999999999999999	No-PER3D	No-Essential3D
470	Q	470	17.915	-13.922	35.855	0.27	0.695482295482296	1.1619250468914106	-0.00930727818896041	0	1	No-PER3D	No-Essential3D
471	K	471	17.306	-14.85	32.251	0.64	0.65625	1.6783734953337526	0.11795650535394867	0	1	No-PER3D	No-Essential3D
472	V	472	14.854	-17.719	32.363	1.4	0.660516605166052	1.5124033330055688	0.39008907734379317	0	1	No-PER3D	No-Essential3D
473	N	473	14.42	-18.412	28.69	0.64	0.611965811965812	1.5768628371782691	0.5550789891164736	0	0.9999999999999999	No-PER3D	No-Essential3D
474	T	474	15.901	-17.394	25.404	0.27	0.654545454545455	1.6953358508098901	0.5579481723179068	0	1	No-PER3D	No-Essential3D
475	I	475	13.538	-17.937	22.564	2.16	0.732600732600733	1.6087995117476892	0.8621624631573277	0	1	No-PER3D	No-Essential3D
476	R	476	15.481	-18.565	19.463	-0.87	0.816326530612245	1.542335848746641	0.8739809915873237	0	1	No-PER3D	No-Essential3D
477	A	477	13.965	-19.293	16.09	-0.11	0.819327731092437	1.092126663817488	1.2369344598248768	0	1.0000000000000002	No-PER3D	No-Essential3D
478	H	478	13.82	-15.743	14.823	1.02	0.854761904761905	1.1919971138519672	1.1290739067933775	0	1.0000000000000002	No-PER3D	No-Essential3D
479	D	479	16.22	-15.381	11.921	0.64	0.843005702784301	1.4203257479979488	1.2081630122333993	0	1	No-PER3D	No-Essential3D
480	N	480	16.216	-11.618	12.005	0.64	0.830258302583026	1.3804908725197542	0.9416799135981122	0	0.9999999999999999	No-PER3D	No-Essential3D
481	P	481	15.683	-8.908	14.515	0.27	0.824908088235294	1.6138898846337009	0.6740230671253987	0	1	No-PER3D	No-Essential3D
482	V	482	12.682	-9.091	16.754	2.54	0.827952029520295	1.4367721105889943	0.691930709543341	0	1	No-PER3D	No-Essential3D
483	C	483	10.789	-5.916	16.074	0.27	0.790405904059041	1.3697736351966565	0.40414416519700797	0	0.9999999999999999	No-PER3D	No-Essential3D
484	T	484	7.724	-6.402	18.208	0.27	0.762820512820513	1.3322045339733652	0.3077315336437746	0	1	No-PER3D	No-Essential3D
485	L	485	6.328	-8.646	20.895	2.16	0.800445930880714	1.4859477650102582	0.4944802246380635	0	1	No-PER3D	No-Essential3D
486	V	486	3.231	-9.184	22.995	-0.11	0.806353280924114	1.3541225743458958	0.5309931357351004	0	1	No-PER3D	No-Essential3D
487	S	487	2.751	-11.423	25.988	-0.11	0.785690235690236	1.1758214005463445	0.4736222098258184	0	1	No-PER3D	No-Essential3D
488	S	488	0.078	-13.011	28.175	-0.11	0.790807705305847	0.7721038348748865	0.4455834293907666	0	1.0000000000000002	No-PER3D	No-Essential3D
489	H	489	0.309	-15.478	30.982	0.64	0.791553595658073	0.687382943485319	0.432714862157364	0	1.0000000000000002	No-PER3D	No-Essential3D
490	N	490	1.028	-18.356	28.692	0.27	0.803731343283582	0.399978718064264	0.9469579893940577	0	0.9999999999999999	No-PER3D	No-Essential3D
491	V	491	2.181	-17.065	25.414	0.64	0.829246624022743	0.7999553419316154	0.7564035209357636	0	1	No-PER3D	No-Essential3D
492	L	492	4.511	-14.613	23.827	1.4	0.806741573033708	0.9779800803325267	0.6070861530705713	0	1	No-PER3D	No-Essential3D
493	F	493	4.187	-13.745	20.2	0.64	0.843676355066771	1.0509704575050518	0.676247162903071	0	0.9999999999999999	No-PER3D	No-Essential3D
494	S	494	7.027	-12.021	18.432	1.78	0.817103620474407	1.1049286001069634	0.8362805357332395	0	1	No-PER3D	No-Essential3D
495	G	495	7.456	-10.364	15.042	1.78	0.838963079340141	1.1543638216715384	0.818822721775104	0	0.9999999999999999	No-PER3D	No-Essential3D
496	S	496	10.671	-10.275	12.943	1.02	0.825396825396826	1.1028376042913945	0.9077286284186099	0	1	No-PER3D	No-Essential3D
497	L	497	12.133	-11.831	9.551	0.27	0.885572139303483	0.8059285712369291	1.0741503328401232	0	1	No-PER3D	No-Essential3D
498	K	498	8.685	-11.743	8.072	1.02	0.885572139303483	0.6122777899563088	0.8922046823140658	0	1	No-PER3D	No-Essential3D
499	A	499	7.385	-14.231	10.472	1.4	0.892230576441103	0.7815975459628697	0.829652770893703	0	1	No-PER3D	No-Essential3D
500	I	500	5.461	-14.099	13.645	2.54	0.936842105263158	0.7277817665384169	0.688558433088968	0	0.9999999999999999	No-PER3D	No-Essential3D
501	K	501	6.153	-16.779	16.21	0.27	0.936842105263158	0.837182532421561	0.9478725469440337	0	1	No-PER3D	No-Essential3D
502	V	502	4.002	-17.993	19.062	1.4	0.883895131086142	0.798347164810954	0.7861562422237812	0	1	No-PER3D	No-Essential3D
503	W	503	5.878	-19.231	22.075	1.78	0.843718079673136	0.8710177190892029	1.0619669118593873	0	0.9999999999999999	No-PER3D	No-Essential3D
504	D	504	4.985	-20.846	25.304	1.02	0.893081761006289	0.9154377751676801	1.2056314405665505	0	1	No-PER3D	No-Essential3D
505	I	505	6.455	-18.652	27.988	1.78	0.870754716981132	1.022106960183304	0.9222784086242376	0	1	No-PER3D	No-Essential3D
506	V	506	6.888	-21.571	30.232	-0.11	0.866814650388457	0.9039036696649146	0.9699499678187021	0	1	No-PER3D	No-Essential3D
507	G	507	8.838	-23.939	28.189	1.4	0.72133526850508	0.9757520751787706	1.090020104665439	0	1	No-PER3D	No-Essential3D
508	T	508	10.969	-21.672	26.042	1.4	0.80377358490566	1.0626855355299514	1.0186927709008784	0	1	No-PER3D	No-Essential3D
509	E	509	12.869	-21.451	22.759	0.64	0.752106741573034	0.9666543874676006	1.1023988218996794	0	1	No-PER3D	No-Essential3D
510	L	510	12.047	-25.075	22.65	2.54	0.713784461152882	0.692207474847303	1.1345770697245057	0	1	No-PER3D	No-Essential3D
511	K	511	8.573	-24.008	23.141	-0.87	0.720647773279352	0.5885949203589771	1.2582842884998138	0	0.9999999999999999	No-PER3D	No-Essential3D
512	L	512	7.458	-22.386	19.997	-0.87	0.716599190283401	0.794809175145499	1.2201538878216385	0	1	No-PER3D	No-Essential3D
513	K	513	3.848	-23.178	19.309	-0.87	0.719303338171263	0.8043039841456486	0.970244328025324	0	1	No-PER3D	No-Essential3D
514	K	514	3.971	-21.967	15.766	0.64	0.780735107731306	0.6605747101044416	0.7101845058107055	0	1	No-PER3D	No-Essential3D
515	E	515	5.329	-19.79	13.098	-0.87	0.86040195545899	0.5738915866843587	0.7200194903330869	0	1	No-PER3D	No-Essential3D
516	L	516	2.995	-17.663	11.077	-0.49	0.86040195545899	0.7668244749345314	0.434529124547431	0	1	No-PER3D	No-Essential3D
517	T	517	4.457	-17.085	7.706	-0.87	0.764801738185769	0.6413037459871848	0.6728258201234828	0	1	No-PER3D	No-Essential3D
518	G	518	2.909	-15.196	4.882	0.27	0.707070707070707	0.7217488171278266	0.26370547312242393	0	1	No-PER3D	No-Essential3D
519	L	519	4.387	-11.769	5.288	-0.11	0.707070707070707	0.8295647206826161	0.3047101569389724	0	1	No-PER3D	No-Essential3D
520	N	520	6.729	-10.836	2.494	0.27	0.701871657754011	0.5418429140654641	0.5038318736804752	0	1	No-PER3D	No-Essential3D
521	H	521	8.631	-8.32	4.489	-0.11	0.701871657754011	0.6828765130922568	0.5222058218397617	0	1	No-PER3D	No-Essential3D
522	W	522	9.483	-7.325	8.032	0.27	0.662878787878788	0.7457232849130094	0.6671946251433484	0	1	No-PER3D	No-Essential3D
523	V	523	6.775	-7.506	10.653	1.02	0.660377358490566	0.852861087207251	0.5822556831374124	0	0.9999999999999999	No-PER3D	No-Essential3D
524	R	524	6.723	-4.046	12.186	0.64	0.621531631520533	1.0753329670250664	0.2930367575152683	0	1	No-PER3D	No-Essential3D
525	A	525	3.911	-4.418	14.668	0.64	0.621531631520533	1.1253154802460916	0.1182112357935713	0	0.9999999999999999	No-PER3D	No-Essential3D
526	L	526	1.74	-6.986	16.333	-0.11	0.577830188679245	1.2604760053987232	0.2739595351373056	0	0.9999999999999999	No-PER3D	No-Essential3D
527	V	527	-1.265	-7.373	18.578	0.27	0.568712656165128	1.1897871492257721	-0.029905292851863205	0	1	No-PER3D	No-Essential3D
528	A	528	-2.795	-10.525	20.016	0.27	0.47392721347094	1.0190275626697418	0.017946887038314766	0	1	No-PER3D	No-Essential3D
529	A	529	-5.702	-11.869	21.993	0.64	0.47392721347094	0.6006890687051755	-0.13132898433084486	0	0.9999999999999999	No-PER3D	No-Essential3D
530	Q	530	-7.102	-15.27	22.843	0.27	0.473484848484848	0.5054291892619173	-0.07687497926919684	0	1	No-PER3D	No-Essential3D
531	S	531	-8.277	-15.947	19.343	0.27	0.468582169709989	0.9048858761654457	-1.0144882123580692	0	1	No-PER3D	No-Essential3D
532	Y	532	-6.144	-14.047	16.935	0.64	0.575657894736842	0.7731573305569078	-0.7538945935388008	0	1	No-PER3D	No-Essential3D
533	L	533	-2.894	-12.371	16.082	2.54	0.539288849868306	0.9791717733964446	-0.10755310216813695	0	1	No-PER3D	No-Essential3D
534	Y	534	-2.884	-9.218	14.014	1.4	0.620400969376515	0.9592414567399806	-0.3363015144726933	0	1	No-PER3D	No-Essential3D
535	S	535	0.366	-8.301	12.334	-0.11	0.626859045504994	1.0237942506360023	0.01311331146312492	0	1	No-PER3D	No-Essential3D
536	G	536	1.601	-5.441	10.138	2.16	0.626859045504994	1.0979643467654887	-0.07050593055424674	0	0.9999999999999999	No-PER3D	No-Essential3D
537	S	537	4.372	-5.716	7.492	1.4	0.626859045504994	0.8753954115121426	0.12319274973091837	0	1	No-PER3D	No-Essential3D
538	Y	538	4.892	-5.37	3.559	-0.11	0.592033542976939	0.4642914441664274	0.002136743706614634	0	0.9999999999999999	No-PER3D	No-Essential3D
539	Q	539	2.098	-2.899	3.23	0.27	0.518029350104822	0.4382303595771383	-0.27523609704893737	0	0.9999999999999999	No-PER3D	No-Essential3D
540	T	540	-0.21	-5.572	4.474	0.64	0.518029350104822	0.731593805792003	-0.30341043464776174	0	1	No-PER3D	No-Essential3D
541	I	541	-1.948	-6.378	7.705	0.64	0.518029350104822	0.8136530230671678	-0.5124730330900646	0	1	No-PER3D	No-Essential3D
542	K	542	-2.625	-10.02	8.39	0.64	0.494496698018811	0.8169847889414761	-0.3844001088472817	0	1	No-PER3D	No-Essential3D
543	I	543	-5.039	-11.519	10.864	2.54	0.496384089995982	0.7797382581290153	-0.734228745435913	0	1	No-PER3D	No-Essential3D
544	W	544	-4.088	-14.959	12.066	1.4	0.496384089995982	0.7355575680009554	-0.19959822008293018	0	1	No-PER3D	No-Essential3D
545	D	545	-5.804	-17.635	14.056	-0.49	0.467992424242424	0.8317615116513627	-0.5070854129039051	0	1	No-PER3D	No-Essential3D
546	I	546	-3.489	-18.188	16.956	0.64	0.351874003189793	0.8093524322034986	-0.012204377215289065	0	1	No-PER3D	No-Essential3D
547	R	547	-4.462	-21.774	17.574	0.27	0.350546176762661	0.5863974112499988	-0.1785029514313207	0	0.9999999999999999	No-PER3D	No-Essential3D
548	T	548	-4.373	-22.949	13.943	1.4	0.370020964360587	0.7250602360265284	-0.41874608521386353	0	1	No-PER3D	No-Essential3D
549	L	549	-1.676	-20.624	12.734	0.27	0.367249271743654	0.76368930686363945	0.055672605878048044	0	1	No-PER3D	No-Essential3D
550	D	550	-3.535	-19.926	9.52	-0.11	0.414400313050284	0.8863574046255343	-0.3673965184508053	0	0.9999999999999999	No-PER3D	No-Essential3D
551	C	551	-3.797	-16.424	8.155	0.64	0.38562091503268	0.8317615116513627	-0.3167302991556353	0	1	No-PER3D	No-Essential3D
552	I	552	-7.454	-15.59	8.356	2.54	0.387054450032801	0.7942648690431213	-0.8882213521441954	0	1	No-PER3D	No-Essential3D
553	H	553	-7.258	-12.317	6.513	2.16	0.487575816865584	0.8726449477855097	-0.8355213950017184	0	1	No-PER3D	No-Essential3D
554	V	554	-4.82	-10.248	4.558	0.27	0.482617984074578	0.7470611801646521	-0.6580148050483884	0	1	No-PER3D	No-Essential3D
555	L	555	-5.824	-6.621	4.589	1.78	0.51230012300123	0.7676225177162129	-0.7821034422979316	0	1	No-PER3D	No-Essential3D
556	Q	556	-4.727	-4.92	1.429	0.27	0.516109045848823	0.6413037459871848	-0.6299208919022798	0	1	No-PER3D	No-Essential3D
557	T	557	-4.913	-1.226	0.882	-0.11	0.527881040892193	0.2979743406965995	-0.548251959691546	0	1	No-PER3D	No-Essential3D
558	S	558	-1.841	0.498	2.186	-0.11	0.499470899470899	0.43119048218158995	-0.42238201577922757	10.34887827216269	0.13208511802872538	No-PER3D	No-Essential3D
559	G	559	0.615	1.663	-0.416	0.27	0.523529411764706	0.23037346673165507	-0.3699732020038075	39.21907674478746	0.05463474524248004	No-PER3D	No-Essential3D
560	G	560	3.517	1.395	1.958	0.27	0.501845018450185	0.38473932534942534	-0.33627155227526173	20.30666234550512	0.08104159593403093	No-PER3D	No-Essential3D
561	S	561	4.782	-0.246	5.116	0.64	0.5	0.44808618793090577	-0.2224759940489532	8.293053008203204	0.1567417908120003	No-PER3D	No-Essential3D
562	V	562	2.406	-0.608	8.037	0.64	0.475524475524476	0.5541553531836175	-0.3009053815988903	5.907651233788362	0.2043741100173651	No-PER3D	No-Essential3D
563	Y	563	4.15	1.012	10.995	0.27	0.394852941176471	0.6477528644404493	-0.2835456092658019	4.092266905756296	0.2717640955575984	No-PER3D	No-Essential3D
564	S	564	1.537	0.608	13.705	1.78	0.436274509803922	0.7946371148578173	-0.35084273651044057	3.1038839825368854	0.3345084028234017	No-PER3D	No-Essential3D
565	I	565	-1.667	-1.276	14.345	2.54	0.385692738633915	0.8930340918757916	-0.45526078593355257	0	1	No-PER3D	No-Essential3D
566	A	566	-4.381	-1.785	16.96	0.27	0.387110726643599	0.6898036142732135	-0.6796177585913663	0	0.9999999999999999	No-PER3D	No-Essential3D
567	V	567	-7.547	-3.915	16.979	1.02	0.364583333333333	0.45163650508648434	-0.749230987219714	0	1.0000000000000002	No-PER3D	No-Essential3D
568	T	568	-10.71	-4.929	18.851	0.27	0.362935928629359	0.21457887001087372	-0.9085849391100456	0	1	No-PER3D	No-Essential3D
569	N	569	-13.593	-7.268	18.16	0.27	0.381818181818182	-0.05519284198007258	-1.0970328902369642	0	1	No-PER3D	No-Essential3D
570	H	570	-14.9	-5.308	15.228	-0.11	0.343961352657005	-0.1265844191580045	-1.1050587122277022	0	1	No-PER3D	No-Essential3D
571	H	571	-12.116	-3.446	13.613	-0.11	0.43030303030303	0.27944201387754924	-0.8408761935020861	0	0.9999999999999999	No-PER3D	No-Essential3D
572	I	572	-8.442	-3.099	12.977	1.78	0.464025026068822	0.6160901543305134	-0.7576457696590428	0	1	No-PER3D	No-Essential3D
573	V	573	-6.788	0.249	12.611	1.02	0.503393665158371	0.525288035061852	-0.5760564179149479	0	1	No-PER3D	No-Essential3D
574	C	574	-3.475	0.419	10.803	1.02	0.565079365079365	0.6606412553646068	-0.4770155252515443	3.3791629056187547	0.31409455014927307	No-PER3D	No-Essential3D
575	G	575	-1.079	3.284	10.214	2.16	0.565079365079365	0.6828422080858044	-0.3707724911682146	3.3791629056187547	0.31409455014927307	No-PER3D	No-Essential3D
576	T	576	1.235	3.319	7.268	1.4	0.606301447629861	0.6081227853955796	-0.31501212897098113	5.907651233788362	0.2043741100173651	No-PER3D	No-Essential3D
577	Y	577	4.232	5.003	5.703	0.64	0.661111111111111	0.5423632066633252	-0.2580585299106935	10.34887827216269	0.13208511802872538	No-PER3D	No-Essential3D
578	E	578	1.684	5.833	3.009	-0.87	0.605769230769231	0.2302155207644473	-0.34157684816295975	13.721920176791889	0.1068550342504907	No-PER3D	No-Essential3D
579	N	579	0.599	8.578	5.463	-0.87	0.605769230769231	0.5650083225892769	-0.25406266443276143	8.293053008203204	0.1567417908120003	No-PER3D	No-Essential3D
580	L	580	-2.822	7.102	5.841	-0.87	0.65625	0.5629537409020207	-0.33066068850934	6.906453116008191	0.18083488250308594	No-PER3D	No-Essential3D
581	I	581	-4.611	5.328	8.641	-0.49	0.546875	0.5850664670538063	-0.4132753708932968	3.1038839825368854	0.3345084028234017	No-PER3D	No-Essential3D
582	H	582	-7.025	2.633	7.588	-0.87	0.550925925925926	0.5415270221310486	-0.5797170351363888	0	1	No-PER3D	No-Essential3D
583	V	583	-9.875	1.18	9.59	-0.49	0.505698005698006	0.44437972256709574	-0.6748696186576275	0	1	No-PER3D	No-Essential3D
584	W	584	-10.808	-2.353	8.667	0.27	0.360606060606061	0.4842603271634155	-0.8555451208330073	0	1	No-PER3D	No-Essential3D
585	D	585	-13.544	-4.828	9.411	-0.11	0.3317843866171	0.3959910952038485	-1.0488137084836235	0	1	No-PER3D	No-Essential3D
586	I	586	-11.745	-7.635	11.163	-0.49	0.333022388059701	0.7140327357705647	-1.0193870966790233	0	1	No-PER3D	No-Essential3D
587	E	587	-14.209	-10.309	10.178	-0.11	0.333022388059701	0.8059285712369291	-1.188742033511531	0	1	No-PER3D	No-Essential3D
588	S	588	-14.847	-9.218	6.583	1.02	0.26542750929368	0.7843814161315263	-1.2283859329497364	0	1	No-PER3D	No-Essential3D
589	K	589	-11.454	-7.627	6.042	-0.49	0.398507462686567	0.6618818491434028	-0.9860989582502512	0	0.9999999999999999	No-PER3D	No-Essential3D
590	E	590	-13.165	-4.82	4.139	0.27	0.486671223513329	0.3879623387092601	-0.9916067871282881	0	1	No-PER3D	No-Essential3D
591	Q	591	-11.676	-1.379	4.443	1.4	0.518648018648019	0.3136786825789764	-0.9018886570339133	0	1	No-PER3D	No-Essential3D
592	V	592	-14.161	0.702	6.342	1.4	0.518648018648019	0.28631063850279165	-0.838153111989175	0	1	No-PER3D	No-Essential3D
593	R	593	-12.358	3.996	6.316	0.27	0.560290404040404	0.3094687310843681	-0.5549189868377238	0	0.9999999999999999	No-PER3D	No-Essential3D
594	T	594	-9.226	5.584	5.043	1.02	0.588304924242424	0.3068936423742172	-0.42970168154057375	0	1	No-PER3D	No-Essential3D
595	L	595	-8.143	8.473	7.175	0.64	0.553698752228164	0.4037150092694095	-0.328423263252518	0	1	No-PER3D	No-Essential3D
596	T	596	-6.067	10.71	5.035	0.64	0.553698752228164	0.20516746893035287	-0.2526453762609905	6.906453116008191	0.18083488250308594	No-PER3D	No-Essential3D
597	G	597	-4.737	14.09	5.975	0.27	0.54953560371517	0.2647730091069845	-0.2825946202586119	6.906453116008191	0.18083488250308594	No-PER3D	No-Essential3D
598	H	598	-1.292	13.524	7.356	0.27	0.582789179104478	0.7223281976748256	-0.234364678227612	4.565227252459529	0.24982927915873077	No-PER3D	No-Essential3D
599	V	599	1.336	14.668	4.949	-0.11	0.552103987662481	0.4211721951186944	-0.13322397594785418	10.34887827216269	0.13208511802872538	No-PER3D	No-Essential3D
600	G	600	3.972	12.179	5.999	-0.49	0.556270810210877	0.5589913333623125	-0.2651255614066044	6.906453116008191	0.18083488250308594	No-PER3D	No-Essential3D
601	T	601	4.181	8.688	7.401	0.64	0.59706498951782	0.6450342793079027	-0.37787954196705975	5.907651233788362	0.2043741100173651	No-PER3D	No-Essential3D
602	V	602	2.032	7.845	10.377	1.4	0.551083591331269	0.712884037827235	-0.44037626368375327	3.703489086569847	0.29318279862943375	No-PER3D	No-Essential3D
603	Y	603	4.445	6.673	13.035	-0.49	0.601605407689058	0.8341384556126503	-0.3506617307370303	4.092266905756296	0.2717640955575984	No-PER3D	No-Essential3D
604	A	604	2.101	5.934	15.879	2.16	0.601605407689058	0.9348124804785052	-0.43972410194884776	3.3791629056187547	0.31409455014927307	No-PER3D	No-Essential3D
605	L	605	-1.536	5.502	16.61	1.02	0.531382527565734	0.8433516838076996	-0.5196861103232394	2.662153561021216	0.37387808103455616	No-PER3D	No-Essential3D
606	A	606	-3.774	4.697	19.47	-0.11	0.533418475947212	0.9843832148021886	-0.591059435932447	0	1	No-PER3D	No-Essential3D
607	V	607	-7.28	3.583	19.364	0.64	0.535470085470085	0.6175306215514487	-0.597444293865572	0	1	No-PER3D	No-Essential3D
608	I	608	-9.011	3.881	22.593	-0.11	0.50587044534413	0.3377767244329686	-0.6634738488792268	2.662153561021216	0.37387808103455616	No-PER3D	No-Essential3D
609	S	609	-12.419	2.435	22.838	-0.87	0.502008838891121	0.04312244776189901	-0.7132144628267743	0	1	No-PER3D	No-Essential3D
610	T	610	-12.006	1.18	19.351	-0.87	0.499601275917065	0.18686752238489585	-0.6746850740990218	0	1	No-PER3D	No-Essential3D
611	P	611	-14.802	-1.341	18.952	-0.87	0.499106256206554	-0.1986077802047677	-0.7904789356649808	0	1	No-PER3D	No-Essential3D
612	D	612	-17.466	0.772	20.437	-0.87	0.569845666798575	-0.29506011751300604	-0.5556493422351251	0	1	No-PER3D	No-Essential3D
613	Q	613	-15.79	4.038	20.279	-0.87	0.602230483271376	0.005187644912514577	-0.6037182914471065	0	1	No-PER3D	No-Essential3D
614	T	614	-14.57	6.11	17.549	0.27	0.629248397747135	-0.04672693813773376	-0.5745181987467619	0	1	No-PER3D	No-Essential3D
615	K	615	-11.544	8.122	18.354	-0.11	0.625193498452012	0.15530605613506857	-0.48769413003137835	0	1	No-PER3D	No-Essential3D
616	V	616	-8.217	7.448	16.774	1.4	0.659926470588235	0.48841927011709313	-0.5711522960362507	0	0.9999999999999999	No-PER3D	No-Essential3D
617	F	617	-5.138	9.418	17.663	1.4	0.655677655677656	0.7283306466416549	-0.5382872539019004	2.3232722905816345	0.41136209835621224	No-PER3D	No-Essential3D
618	S	618	-2.386	9.368	15.094	1.78	0.655677655677656	0.7410210916601601	-0.4730021388476521	2.3232722905816345	0.41136209835621224	No-PER3D	No-Essential3D
619	A	619	1.083	10.865	15.075	1.78	0.662962962962963	0.798347164810954	-0.39237850169816013	2.662153561021216	0.37387808103455616	No-PER3D	No-Essential3D
620	S	620	3.006	11.548	11.962	1.02	0.626284714629346	0.7247232846298183	-0.35760348463392583	3.703489086569847	0.29318279862943375	No-PER3D	No-Essential3D
621	Y	621	6.376	12.493	10.632	1.02	0.58224907063197	0.6110418295809816	-0.30501329840613606	5.907651233788362	0.2043741100173651	No-PER3D	No-Essential3D
622	D	622	4.624	15.632	9.549	1.4	0.609707635537894	0.6253963307183978	-0.2621564845483062	8.293053008203204	0.1567417908120003	No-PER3D	No-Essential3D
623	R	623	5.024	16.624	13.238	0.64	0.605769230769231	0.7734969993035913	-0.2749454939675019	5.907651233788362	0.2043741100173651	No-PER3D	No-Essential3D
624	S	624	1.321	16.644	13.788	0.27	0.609162895927602	0.7475517417569211	-0.31534528664569866	4.092266905756296	0.2717640955575984	No-PER3D	No-Essential3D
625	L	625	-1.033	14.575	15.847	2.16	0.582319545823196	0.8163530050726447	-0.38205031337290923	2.867298691807664	0.35443330094246145	No-PER3D	No-Essential3D
626	R	626	-4.527	14.097	14.61	1.4	0.652727272727273	0.6724298928664986	-0.28816051001703463	0	1	No-PER3D	No-Essential3D
627	V	627	-7.691	13.182	16.436	0.64	0.58020202020202	0.6756103418607089	-0.3478974728256446	4.092266905756296	0.2717640955575984	No-PER3D	No-Essential3D
628	W	628	-10.236	11.452	14.298	1.78	0.58020202020202	0.3813698113823253	-0.3236915259933411	0	1	No-PER3D	No-Essential3D
629	S	629	-13.784	10.351	14.761	0.64	0.584452584452584	0.12739269611216034	-0.3291333132914401	0	1	No-PER3D	No-Essential3D
630	M	630	-13.523	6.836	13.549	0.64	0.656934306569343	0.1025425306047976	-0.4230631184327976	0	1	No-PER3D	No-Essential3D
631	D	631	-17.123	6.3	12.618	-0.11	0.656934306569343	-0.17790470881075882	-0.49026170790136	0	1	No-PER3D	No-Essential3D
632	N	632	-17.117	9.371	10.429	1.4	0.492700729927007	0.17707085927183905	-0.35115128059403194	0	1	No-PER3D	No-Essential3D
633	M	633	-13.503	8.881	9.462	-0.11	0.498154981549816	0.2914759923314779	-0.35885645737857574	0	0.9999999999999999	No-PER3D	No-Essential3D
634	I	634	-13.523	12.637	10.065	-0.87	0.382010582010582	0.36093297666882723	-0.31281783566768656	0	0.9999999999999999	No-PER3D	No-Essential3D
635	C	635	-10.523	14.415	11.569	-0.49	0.383795309168443	0.5756784501517603	-0.28847556374268957	0	1	No-PER3D	No-Essential3D
636	T	636	-11.74	16.22	14.684	-0.87	0.450686641697878	0.6605034116114072	-0.29457204201591497	0	0.9999999999999999	No-PER3D	No-Essential3D
637	Q	637	-8.633	18.151	15.537	1.02	0.503252788104089	0.769826635875143	-0.25472298178774283	0	1	No-PER3D	No-Essential3D
638	T	638	-5.092	18.56	14.445	-0.11	0.508018867924528	0.9027372994455339	-0.14938342970160065	0	1	No-PER3D	No-Essential3D
639	L	639	-2.575	19.126	17.2	1.4	0.511882129277567	0.9666543874676006	-0.19477040462320724	5.907651233788362	0.2043741100173651	No-PER3D	No-Essential3D
640	L	640	-0.105	21.633	15.803	0.64	0.58500814774579	0.996095515755137	-0.1924392680592635	0	1	No-PER3D	No-Essential3D
641	R	641	2.859	22.431	17.914	0.27	0.682509505703422	0.8870166573582277	-0.11060946008030278	0	1	No-PER3D	No-Essential3D
642	H	642	5.725	20.014	17.574	0.64	0.681132075471698	0.7958200293356289	-0.18831015361795223	0	1	No-PER3D	No-Essential3D
643	Q	643	8.653	21.134	15.503	0.27	0.454088050314465	0.6622114755097496	-0.21121092089960714	0	1	No-PER3D	No-Essential3D
644	G	644	9.567	17.667	14.375	-0.11	0.339285714285714	0.6621851054004417	-0.26192250305035614	0	1	No-PER3D	No-Essential3D
645	S	645	8.15	14.242	13.666	0.27	0.339285714285714	0.7489531532477831	-0.2722509428567027	5.907651233788362	0.2043741100173651	No-PER3D	No-Essential3D
646	V	646	5.884	12.816	16.301	0.27	0.337078651685393	0.838198147306464	-0.2679662148180513	5.155003678616625	0.22736907793593844	No-PER3D	No-Essential3D
647	T	647	7.469	9.57	17.381	1.02	0.338345864661654	0.7574918079598661	-0.5520281861095134	5.155003678616625	0.22736907793593844	No-PER3D	No-Essential3D
648	A	648	5.097	8.364	20.07	-0.11	0.335205992509363	0.6766456406045122	-0.6302063446378592	0	0.9999999999999999	No-PER3D	No-Essential3D
649	L	649	1.717	8.955	21.645	1.4	0.338345864661654	1.0233952292451614	-0.36761359916811176	2.662153561021216	0.37387808103455616	No-PER3D	No-Essential3D
650	A	650	-0.482	7.904	24.508	0.27	0.338679245283019	0.9689288093953932	-0.49436286234121296	4.092266905756296	0.2717640955575984	No-PER3D	No-Essential3D
651	V	651	-4.01	9.018	25.202	0.64	0.341796875	0.8984740151953834	-0.39020558612993056	2.867298691807664	0.35443330094246145	No-PER3D	No-Essential3D
652	S	652	-6.711	8.778	27.793	-0.11	0.34375	0.517076986407279	-0.5795231159923696	5.155003678616625	0.22736907793593844	No-PER3D	No-Essential3D
653	R	653	-10.143	10.258	27.868	1.02	0.345833333333333	0.24658925269832396	-0.5287491615706926	5.907651233788362	0.2043741100173651	No-PER3D	No-Essential3D
654	G	654	-8.826	13.684	28.737	0.27	0.466089466089466	0.21924435088839678	-0.7697002729723171	10.34887827216269	0.13208511802872538	No-PER3D	No-Essential3D
655	R	655	-5.348	13.898	27.435	-0.11	0.560714285714286	0.3871461210402109	-0.646704385478072	6.906453116008191	0.18083488250308594	No-PER3D	No-Essential3D
656	L	656	-3.139	13.156	24.514	0.64	0.564055299539171	0.7305739861545102	-0.4169596203392279	3.1038839825368854	0.3345084028234017	No-PER3D	No-Essential3D
657	F	657	0.524	12.665	25.333	0.64	0.56303317535545	0.8130640125790234	-0.4463039508540906	4.092266905756296	0.2717640955575984	No-PER3D	No-Essential3D
658	S	658	2.878	13.06	22.382	1.78	0.62962962962963	0.7456471445328345	-0.2884947008585345	4.092266905756296	0.2717640955575984	No-PER3D	No-Essential3D
659	G	659	6.6	12.693	22.051	0.27	0.628507295173962	0.677659370624486	-0.2652843461815539	0	1	No-PER3D	No-Essential3D
660	A	660	8.578	14.146	19.234	1.4	0.624064478986759	0.7359839829198688	-0.22364428276184292	0	0.9999999999999999	No-PER3D	No-Essential3D
661	V	661	11.916	14.271	17.544	-0.11	0.619385342789598	0.5626643128730334	-0.2500114227745247	0	1	No-PER3D	No-Essential3D
662	D	662	12.095	17.771	18.902	0.27	0.617826617826618	0.2979743406965995	-0.26248029519324984	0	1	No-PER3D	No-Essential3D
663	S	663	12.776	16.17	22.297	-0.11	0.701149425287356	0.22009262013885553	-0.26270912713083394	0	1	No-PER3D	No-Essential3D
664	T	664	9.611	17.644	23.619	1.4	0.706586826347305	0.38642408233297526	-0.26207804437916365	0	0.9999999999999999	No-PER3D	No-Essential3D
665	V	665	6.713	15.853	25.166	0.27	0.704968944099379	0.31093610007004074	-0.3337449684080619	0	0.9999999999999999	No-PER3D	No-Essential3D
666	K	666	3.498	17.73	24.939	0.27	0.712418300653595	0.3358813728264748	-0.3606832186264785	5.155003678616625	0.22736907793593844	No-PER3D	No-Essential3D
667	V	667	0.288	17.155	26.771	1.4	0.710884353741497	0.3742938320514151	-0.3485909868142087	8.293053008203204	0.1567417908120003	No-PER3D	No-Essential3D
668	W	668	-2.853	18.165	24.99	1.78	0.709219858156028	0.4633437683631806	-0.4336222139909534	5.907651233788362	0.2043741100173651	No-PER3D	No-Essential3D
