Uniprot_position	aminoacid	Position_in_structure	x	y	z	paraz	mtr	paraz3dscore	mtr3dscore	PER3D_OR	PER3D_pvalue	PER3D	Essential3D
1	M	1	-22.608	-4.607	17.699	0.61	0.562749800159872	-0.9740331263865016	1.6989098280946726	0	1	No-PER3D	No-Essential3D
2	G	2	-20.149	-2.248	19.263	1.57	0.555555555555555	-1.1254711608208197	0.7804139252937771	0	1	No-PER3D	No-Essential3D
3	N	3	-16.424	-1.934	18.782	-1.32	0.55988455988456	-1.1796653060812912	0.12944323330063767	0	1	No-PER3D	No-Essential3D
4	I	4	-14.921	-4.712	20.863	-1.32	0.563888888888889	-0.9242385374182018	0.9652472577708562	0	0.5321637426900586	No-PER3D	No-Essential3D
5	F	5	-11.492	-3.109	20.805	-0.68	0.513939393939394	-0.48782651968932517	0.46455101608653404	0.808303799146772	1	No-PER3D	No-Essential3D
6	A	6	-12.735	0.283	21.924	-0.04	0.510982658959538	-1.170036369767213	0.5352997387000613	0	0.5455304928989139	No-PER3D	No-Essential3D
7	N	7	-14.605	-1.337	24.8	-1	0.513966480446927	-1.496180855400462	1.2445865490572483	0	0.5455304928989139	No-PER3D	No-Essential3D
8	L	8	-11.3	-2.489	26.255	-0.04	0.516756756756757	-1.404515069967776	1.4896296232275115	0	0.28070175438596495	No-PER3D	No-Essential3D
9	F	9	-10.39	1.178	26.78	-1	0.472156116135174	-2.060800703640763	1.2774411619896615	0	0.28070175438596495	No-PER3D	No-Essential3D
10	K	10	-13.803	2.205	28.109	-1.96	0.430976430976431	-2.080169666123171	1.438053310622821	0	0.28070175438596495	No-PER3D	No-Essential3D
11	G	11	-12.707	3.212	31.542	-1.96	0.433006535947712	-2.2697495313951457	1.273576829921487	0	0.5321637426900586	No-PER3D	No-Essential3D
12	L	12	-9.338	4.863	31.486	-1.32	0.434920634920635	-2.1005313835213086	1.2791385663791042	0	0.5321637426900586	No-PER3D	No-Essential3D
13	F	13	-10.564	7.8	33.593	-1.96	0.401276143211627	-2.5248653906956333	1.1270038920398786	0	1	No-PER3D	No-Essential3D
14	G	14	-11.324	10.621	31.188	-1	0.402897550879614	-2.419300207536811	0.6061966432835022	0	1	No-PER3D	No-Essential3D
15	K	15	-7.706	10.73	32.164	-0.68	0.40174672489083	-2.475381711089935	1.0479361862470293	0	1	No-PER3D	No-Essential3D
16	K	16	-6.121	12.584	29.308	-0.04	0.346892655367232	-1.735417428097322	0.873358371148113	0	1	No-PER3D	No-Essential3D
17	E	17	-5.673	11.681	25.714	-0.68	0.326446280991736	-1.2825370323409409	0.4830733169655132	0	1	No-PER3D	No-Essential3D
18	M	18	-3.511	8.626	25.287	-1	0.325301204819277	-1.0671586623111138	0.7043497264810399	0	1	No-PER3D	No-Essential3D
19	R	19	-1.445	8.148	22.208	-0.36	0.327755905511811	-0.27267069530851856	0.4645942476781778	0	1	No-PER3D	No-Essential3D
20	I	20	-0.039	4.901	20.924	0.93	0.309502262443439	-0.011711155225766767	0.4522947138022005	0	1	No-PER3D	No-Essential3D
21	L	21	2.28	4.711	17.976	0.93	0.308437981934347	0.7732562186905294	0.05569952624769789	0	1	No-PER3D	No-Essential3D
22	M	22	2.552	1.677	15.754	-0.04	0.262043795620438	1.309576353323933	-0.3977538083383778	0	1	No-PER3D	No-Essential3D
23	V	23	5.794	0.925	13.972	0.93	0.20157215047726	1.3893406018545398	-0.2798107656936777	0	1	No-PER3D	No-Essential3D
24	G	24	7.174	-1.909	11.906	1.57	0.188550420168067	1.2975812312035944	-0.25110938295281016	1.5203149129264408	0.9999999999999999	No-PER3D	No-Essential3D
25	L	25	9.016	-2.579	8.693	1.57	0.189246178176067	1.1158791544603985	-0.125573558700502	2.3709375397826298	0.48872180451127833	No-PER3D	No-Essential3D
26	D	26	7.102	-2.461	5.473	1.57	0.102279202279202	1.5195599617684301	-0.2188282559058756	4.76101679109206	0.35238095238095246	No-PER3D	No-Essential3D
27	A	27	4.812	-5.46	4.986	0.29	0.110802469135802	2.067016882859685	-0.6076979411302106	13.751449098082416	0.02857142857142857	PER3D	Essential3D
28	A	28	4.779	-6.279	8.707	-0.68	0.111629353233831	1.5405472528357644	-0.384844464157882	4.249443901668949	0.2280701754385966	No-PER3D	No-Essential3D
29	G	29	0.989	-5.935	8.778	1.57	0.102659422362025	1.457463543868173	-0.3968231504255242	3.0442903253333427	0.543859649122807	No-PER3D	No-Essential3D
30	K	30	0.352	-2.478	10.252	1.57	0.103428406799193	1.589957362532383	-0.6027753061689891	4.249443901668949	0.2280701754385966	No-PER3D	No-Essential3D
31	T	31	-2.248	-1.422	7.717	0.93	0	1.3809754418372726	-1.2235146697090349	4.76101679109206	0.35238095238095246	No-PER3D	No-Essential3D
32	T	32	-4.085	-4.699	8.103	0.93	0	1.0522450079436467	-1.0646021997678772	4.249443901668949	0.2280701754385966	No-PER3D	No-Essential3D
33	I	33	-4.244	-4.33	11.861	0.93	0	0.742931845083679	-0.4445315271129046	3.0442903253333427	0.543859649122807	No-PER3D	No-Essential3D
34	L	34	-5.673	-0.846	11.554	1.57	0	0.5269614084207633	-1.0197117944287657	4.76101679109206	0.35238095238095246	No-PER3D	No-Essential3D
35	Y	35	-8.414	-2.087	9.275	0.93	0	0.5259134207281039	-1.257756208056324	2.3709375397826298	0.48872180451127833	No-PER3D	No-Essential3D
36	K	36	-9.418	-4.507	11.982	0.29	0	-0.03148515539128281	-0.5675706512076437	1.5203149129264408	0.9999999999999999	No-PER3D	No-Essential3D
37	L	37	-9.318	-1.767	14.612	0.61	0	-0.25354158768316776	-0.3793086370022507	1.5203149129264408	0.9999999999999999	No-PER3D	No-Essential3D
38	K	38	-11.598	0.398	12.46	-1	0	-0.2598161386208244	-1.113645939310789	4.76101679109206	0.35238095238095246	No-PER3D	No-Essential3D
39	L	39	-13.81	-2.655	11.928	-0.36	0	-0.35002018438914245	-0.6478134458310943	2.3709375397826298	0.48872180451127833	No-PER3D	No-Essential3D
40	G	40	-13.591	-2.203	8.173	-1	0	-0.04930686375502081	-1.8397750049628643	13.751449098082416	0.1904761904761905	No-PER3D	No-Essential3D
41	E	41	-15.506	1.055	8.055	-0.04	0	-0.3148058370240541	-2.210308370199597	13.751449098082416	0.1904761904761905	No-PER3D	No-Essential3D
42	I	42	-14.596	3.175	5.069	-1.32	0	-0.1422473645529022	-2.610814006737464	13.751449098082416	0.1904761904761905	No-PER3D	No-Essential3D
43	V	43	-15.155	6.837	4.408	0.61	0	-0.8189002635485766	-2.6961666093694863	0	1	No-PER3D	No-Essential3D
44	T	44	-14.443	9.16	1.547	-0.36	0	-0.3189143720828911	-2.6961666093694863	0	1	No-PER3D	No-Essential3D
45	T	45	-11.8	11.504	2.801	-0.36	0	0.6013118866161933	-2.472229823762332	13.751449098082416	0.1904761904761905	No-PER3D	No-Essential3D
46	I	46	-10.638	14.594	0.985	-0.36	0	0.5389991048904995	-2.6961666093694863	13.751449098082416	0.1904761904761905	No-PER3D	No-Essential3D
47	P	47	-7.158	14.066	-0.22	1.57	0	0.9107514958676497	-2.3337164801710637	13.751449098082416	0.1904761904761905	No-PER3D	No-Essential3D
48	T	48	-4.182	15.83	1.29	1.57	0	1.0998141404217434	-2.2531720070158587	13.751449098082416	0.1904761904761905	No-PER3D	No-Essential3D
49	I	49	-0.723	16.071	-0.134	-0.36	0	1.3714589232571894	-2.197797681721655	13.751449098082416	0.1904761904761905	No-PER3D	No-Essential3D
50	G	50	1.839	14.554	2.145	1.57	0.101424501424501	1.7207165011884773	-2.1266021206291077	13.751449098082416	0.1904761904761905	No-PER3D	No-Essential3D
51	F	51	2.422	11.481	4.258	-0.36	0.109876543209877	1.994961216365844	-0.8651929853462799	4.76101679109206	0.35238095238095246	No-PER3D	No-Essential3D
52	N	52	-0.225	8.841	4.517	1.57	0.10906862745098	1.4536617223640755	-1.2790729704593524	4.76101679109206	0.35238095238095246	No-PER3D	No-Essential3D
53	V	53	-1.794	9.052	7.901	0.29	0.108363858363858	1.4358580704424488	-1.2958588835515326	4.76101679109206	0.35238095238095246	No-PER3D	No-Essential3D
54	E	54	-3.377	5.976	9.308	1.57	0.108363858363858	0.8867044269198706	-1.3499464146009903	4.76101679109206	0.35238095238095246	No-PER3D	No-Essential3D
55	T	55	-5.009	6.502	12.643	-0.68	0.118649732620321	0.6091009843319051	-1.2508117900500386	4.76101679109206	0.35238095238095246	No-PER3D	No-Essential3D
56	V	56	-7.863	5.121	14.687	0.93	0.119318181818182	-0.36283236500674776	-1.053764120506594	2.3709375397826298	0.48872180451127833	No-PER3D	No-Essential3D
57	E	57	-9.359	7.043	17.561	-1	0.120538720538721	-0.6293655524662582	-0.34038241425826893	0	1	No-PER3D	No-Essential3D
58	Y	58	-11.393	5.486	20.356	-0.04	0.131365313653137	-1.5076534673068553	0.24250844450850767	0	1	No-PER3D	No-Essential3D
59	K	59	-11.429	8.728	22.299	-0.68	0.132222222222222	-1.8503066194040698	0.39375250504312226	0	0.5455304928989139	No-PER3D	No-Essential3D
60	N	60	-9.259	8.814	25.317	-0.68	0.261538461538462	-1.6791628334838484	0.6724010644398605	0	0.5455304928989139	No-PER3D	No-Essential3D
61	I	61	-7.076	6.674	23.04	-0.04	0.26007326007326	-1.2336697169102258	0.8109609497539354	0	0.5455304928989139	No-PER3D	No-Essential3D
62	S	62	-5.631	6.88	19.531	-1	0.236230922362309	-0.19518617011948883	-0.007561862369159063	0	1	No-PER3D	No-Essential3D
63	F	63	-3.407	4.571	17.497	0.29	0.235567352355674	0.435691072029481	-0.27464846581624175	2.3709375397826298	0.48872180451127833	No-PER3D	No-Essential3D
64	T	64	-1.283	6	14.722	-1	0.350790513833992	0.921123075178945	-0.40693484538728386	0	1	No-PER3D	No-Essential3D
65	V	65	1.037	4.255	12.327	0.29	0.350790513833992	1.4159216893843771	-0.578644784690952	4.76101679109206	0.35238095238095246	No-PER3D	No-Essential3D
66	W	66	4.431	5.868	12.293	1.57	0.348539547095504	1.4588207351368196	0.16254323273401564	0	1	No-PER3D	No-Essential3D
67	D	67	6.424	5.271	9.121	1.57	0.427536231884058	1.3415447591852103	-0.05084726949457021	0	1	No-PER3D	No-Essential3D
68	V	68	10.103	4.855	9.952	0.93	0.468099173553719	0.9755001408789843	0.4353618476163651	0	1	No-PER3D	No-Essential3D
69	G	69	11.307	4.899	6.345	0.61	0.427536231884058	1.053079554127473	0.5110521068859447	0	1	No-PER3D	No-Essential3D
70	G	70	13.725	7.501	5.064	-0.68	0.39322410441544	0.996608595688563	0.935588607030995	0	1	No-PER3D	No-Essential3D
71	Q	71	17.147	8.745	6.085	-0.68	0.464719396127338	-0.11316080385227248	1.6284089414104996	0	1	No-PER3D	No-Essential3D
72	D	72	18.392	9.472	9.584	-0.36	0.468099173553719	0.08783059874196696	1.4755625316826917	0	1	No-PER3D	No-Essential3D
73	K	73	18.738	13.196	8.961	-0.68	0.468099173553719	-0.3185805536093606	1.7505180471540085	0	1	No-PER3D	No-Essential3D
74	I	74	14.951	13.672	9.135	0.93	0.464719396127338	0.02851362383000847	1.7692620540916428	0	1	No-PER3D	No-Essential3D
75	R	75	14.542	11.898	12.477	-0.04	0.464355788096795	0.0961888997522884	1.4367076730676513	0	1	No-PER3D	No-Essential3D
76	P	76	15.182	14.914	14.672	-0.68	0.507142857142857	-0.968970212871289	1.519151109864549	0	1	No-PER3D	No-Essential3D
77	L	77	11.929	16.33	13.284	-0.36	0.561904761904762	-0.6077957434073641	2.027809344098978	0	1	No-PER3D	No-Essential3D
78	W	78	9.979	13.468	14.889	1.57	0.561904761904762	-0.3890162515242965	1.3776781376455567	0	1	No-PER3D	No-Essential3D
79	R	79	10.823	14.392	18.458	-0.68	0.565079365079365	-0.7345183716283662	1.3122411168556463	0	1	No-PER3D	No-Essential3D
80	H	80	7.778	16.448	19.418	-1	0.568697729988053	-0.919119987490734	1.5069806590315133	0	1	No-PER3D	No-Essential3D
81	Y	81	5.444	13.728	18.14	1.57	0.479838709677419	-0.31668891559268775	1.2650597423502674	0	0.5455304928989139	No-PER3D	No-Essential3D
82	F	82	7.126	11.188	20.397	-0.36	0.478494623655914	-0.4861466589838168	0.8580991675162589	0	0.5455304928989139	No-PER3D	No-Essential3D
83	Q	83	6.554	13.522	23.323	-1.32	0.550799381124291	-0.5890038643030246	0.9871468492364693	0	1	No-PER3D	No-Essential3D
84	N	84	3.123	12.5	24.423	-0.68	0.554805194805195	-0.43681905693386447	0.834915727852756	0	1	No-PER3D	No-Essential3D
85	T	85	3.279	8.786	23.804	1.57	0.482336956521739	-0.4983670908838338	0.6178672016948121	0	1	No-PER3D	No-Essential3D
86	Q	86	2.131	6.24	26.346	0.29	0.425992779783394	-0.5040908975385613	0.6984806928779081	0	1	No-PER3D	No-Essential3D
87	G	87	2.768	3.167	24.239	0.29	0.429951690821256	-0.2970940425935802	0.6027507793493956	0	1	No-PER3D	No-Essential3D
88	L	88	4.495	1.751	21.213	0.93	0.428399518652226	0.2145123750518728	0.3732150675788491	0	1	No-PER3D	No-Essential3D
89	I	89	3.218	-1.188	19.227	0.93	0.512230215827338	1.2036687766312328	0.07667416510529923	0	1	No-PER3D	No-Essential3D
90	F	90	5.928	-2.895	17.218	-0.04	0.506761565836299	1.0863330097599344	-0.0924928159736028	0	1	No-PER3D	No-Essential3D
91	V	91	4.67	-5.195	14.504	1.57	0.423809523809524	1.5700213045661362	-0.2674711846025472	1.079152299510866	1	No-PER3D	No-Essential3D
92	V	92	6.943	-7.787	12.967	0.93	0.426523297491039	0.9460573515135938	-0.5039584233382045	4.249443901668949	0.2280701754385966	No-PER3D	No-Essential3D
93	D	93	6.497	-10.228	10.115	1.57	0.48021582733813	0.9534903761908731	-0.6247269598299339	4.249443901668949	0.2280701754385966	No-PER3D	No-Essential3D
94	S	94	7.266	-13.443	11.923	0.29	0.479838709677419	0.7020508837393982	-0.6048949876767313	4.249443901668949	0.2280701754385966	No-PER3D	No-Essential3D
95	N	95	7.693	-15.28	8.626	-0.36	0.364567332309268	0.7202970689630999	-0.7454695839237294	6.523964565592764	0.1478696741854637	No-PER3D	No-Essential3D
96	D	96	10.406	-12.939	7.361	-0.36	0.363265306122449	0.7103592546361573	-0.804971371034542	12.751449098082416	0.0796992481203008	No-PER3D	No-Essential3D
97	R	97	13.503	-14.56	8.779	-1	0.283552369573875	0.09502053509493165	-0.629988719966578	12.751449098082416	0.0796992481203008	No-PER3D	No-Essential3D
98	E	98	15.866	-12.561	6.619	0.29	0.157801418439716	-0.03349957721431171	-0.2797155506987387	4.76101679109206	0.35238095238095246	No-PER3D	No-Essential3D
99	R	99	14.603	-9.184	7.853	1.57	0.141557928034796	0.2728151568666121	-0.43834352580480085	4.76101679109206	0.35238095238095246	No-PER3D	No-Essential3D
100	V	100	14.207	-9.977	11.552	0.61	0.159252669039146	0.45985182165020305	-0.5904588195849108	2.3709375397826298	0.48872180451127833	No-PER3D	No-Essential3D
101	N	101	17.551	-8.404	12.401	-1	0.183307731694828	-0.1843710134034235	-0.372836662995804	4.76101679109206	0.35238095238095246	No-PER3D	No-Essential3D
102	E	102	16.522	-5.289	10.53	-0.68	0.287769784172662	0.19698690519152134	-0.4377371168537157	4.76101679109206	0.35238095238095246	No-PER3D	No-Essential3D
103	A	103	13.366	-5.221	12.593	-0.04	0.289855072463768	0.5245663650055044	-0.3771272956023675	2.3709375397826298	0.48872180451127833	No-PER3D	No-Essential3D
104	R	104	15.318	-5.563	15.795	-1	0.289610910549539	0.29966137508044854	-0.3524334824667458	4.76101679109206	0.35238095238095246	No-PER3D	No-Essential3D
105	E	105	17.499	-2.633	14.838	-1.32	0.291717171717172	0.04422207173159433	-0.2735897964291114	4.76101679109206	0.35238095238095246	No-PER3D	No-Essential3D
106	E	106	14.546	-0.406	14.108	0.61	0.325812274368231	0.4360099239827557	-0.016097418780421535	4.76101679109206	0.35238095238095246	No-PER3D	No-Essential3D
107	L	107	12.919	-1.381	17.381	0.61	0.289610910549539	0.32232056843524626	-0.2109334937599378	0	1	No-PER3D	No-Essential3D
108	M	108	16.092	-0.665	19.256	-1.32	0.287769784172662	-0.4349496734820936	-0.37700031754822927	0	1	No-PER3D	No-Essential3D
109	R	109	16.443	2.777	17.686	0.61	0.256227758007117	-0.6569814443674179	0.11621108523745126	0	1	No-PER3D	No-Essential3D
110	M	110	12.882	3.715	18.596	0.61	0.257142857142857	0.10670418166849922	0.3868001902425252	0	0.5321637426900586	No-PER3D	No-Essential3D
111	L	111	13.531	2.553	22.153	-0.36	0.258992805755396	-0.6534866292633008	0.005761476572543283	0	0.5455304928989139	No-PER3D	No-Essential3D
112	A	112	16.615	4.771	22.26	-1	0.257142857142857	-1.1037216033531017	0.0034375604015282005	0	0.5455304928989139	No-PER3D	No-Essential3D
113	E	113	14.438	7.851	21.756	-1.64	0.257142857142857	-0.5660791335261004	0.7146681547581862	0	0.5455304928989139	No-PER3D	No-Essential3D
114	D	114	14.526	9.73	25.049	-1	0.256227758007117	-1.0278393935016155	0.7699380826214718	0	1	No-PER3D	No-Essential3D
115	E	115	10.997	10.917	24.48	-1.32	0.232934325461016	-0.5765351505683873	0.8804323270539257	0	1	No-PER3D	No-Essential3D
116	L	116	9.857	7.272	24.466	-0.04	0.258064516129032	-0.4088367233901701	0.5423595126010099	0	1	No-PER3D	No-Essential3D
117	R	117	11.545	6.354	27.756	0.29	0.259927797833935	-0.8926969713935888	0.16161981048175514	0	1	No-PER3D	No-Essential3D
118	D	118	8.267	5.853	29.656	-1	0.258992805755396	-1.1266215506372943	0.45025552480671904	0	1	No-PER3D	No-Essential3D
119	A	119	6.246	4.17	26.893	-0.04	0.259712230215827	-0.5585763996969958	0.49870713711457704	0	1	No-PER3D	No-Essential3D
120	V	120	5.012	0.624	27.304	-0.68	0.144284572342126	-0.1935971126953593	0.7170423337145956	0	1	No-PER3D	No-Essential3D
121	L	121	5.903	-1.782	24.517	0.93	0.128928571428571	0.3081758433151401	0.4494878981791639	0	1	No-PER3D	No-Essential3D
122	L	122	3.593	-4.278	22.858	0.93	0.117302052785924	0.7846273956464318	0.5166018764658613	0	1	No-PER3D	No-Essential3D
123	V	123	5.058	-6.498	20.207	0.93	0.118477190679357	0.8697761212177237	0.1458033597947325	0	1	No-PER3D	No-Essential3D
124	F	124	2.803	-8.236	17.748	0.29	0.118477190679357	1.0585484950768023	0.12174730869679401	1.5203149129264408	0.9999999999999999	No-PER3D	No-Essential3D
125	A	125	4.485	-11.241	16.239	1.57	0.118906455862978	1.0551114926620062	-0.33932384543213123	2.3709375397826298	0.48872180451127833	No-PER3D	No-Essential3D
126	N	126	2.313	-11.254	13.179	1.57	0.118805382343288	1.1856753571019143	-0.16722402772194175	1.5203149129264408	0.9999999999999999	No-PER3D	No-Essential3D
127	K	127	1.648	-13.741	10.4	1.57	0.119774386197744	0.8101826911506732	-0.3188729053041461	1.5203149129264408	0.9999999999999999	No-PER3D	No-Essential3D
128	Q	128	1.407	-16.698	12.748	1.57	0.146927146927147	0.5028860154812907	-0.28511845760095234	1.5203149129264408	0.9999999999999999	No-PER3D	No-Essential3D
129	D	129	-0.782	-18.41	10.168	1.57	0.148559670781893	0.5318873200196322	-0.044358295457312374	1.5203149129264408	0.9999999999999999	No-PER3D	No-Essential3D
130	L	130	2.198	-19.03	7.887	-0.04	0.166512915129151	0.6967283336336618	-0.3359314779426139	2.3709375397826298	0.48872180451127833	No-PER3D	No-Essential3D
131	P	131	3.668	-22.461	8.144	-1	0.149111937216026	0.24690794055131013	-0.8959717911381051	13.751449098082416	0.1904761904761905	No-PER3D	No-Essential3D
132	N	132	7.256	-21.46	8.777	-1	0.132720588235294	0.38477497011940753	-0.7083271269523286	13.751449098082416	0.1904761904761905	No-PER3D	No-Essential3D
133	A	133	6.57	-18.468	10.941	0.29	0	0.4356437698166325	-0.6479203762290762	2.3709375397826298	0.48872180451127833	No-PER3D	No-Essential3D
134	M	134	8.648	-17.884	14.002	0.93	0.131617647058824	0.3357036545104237	-0.850503597727663	4.76101679109206	0.35238095238095246	No-PER3D	No-Essential3D
135	N	135	6.57	-18.123	17.126	-1	0.120093928212009	0.38477497011940753	-0.6068326721606438	2.3709375397826298	0.48872180451127833	No-PER3D	No-Essential3D
136	A	136	6.394	-15.561	19.894	-0.36	0.110086100861009	1.0176517225818165	-0.49820046065575463	2.3709375397826298	0.48872180451127833	No-PER3D	No-Essential3D
137	A	137	9.092	-17.279	21.9	-1.64	0.110086100861009	0.33885315923895065	-0.8958628432259367	0	1	No-PER3D	No-Essential3D
138	E	138	11.395	-17.263	18.902	0.93	0.119652406417112	-0.03349957721431171	-0.8585146514427093	0	1	No-PER3D	No-Essential3D
139	I	139	10.632	-13.66	18.039	0.61	0.119758470311976	0.475844258546891	-0.5338055256952792	6.523964565592764	0.1478696741854637	No-PER3D	No-Essential3D
140	T	140	11.369	-12.64	21.583	-0.04	0.131734317343173	0.12140296284169715	-0.5322434143597282	0	1	No-PER3D	No-Essential3D
141	D	141	14.872	-14.025	21.216	-0.68	0.131734317343173	-0.3524631286727065	-1.0688551386881027	0	1	No-PER3D	No-Essential3D
142	K	142	15.488	-12.522	17.791	-0.68	0.118881118881119	-0.5737675101506606	-0.732602986885323	2.3709375397826298	0.48872180451127833	No-PER3D	No-Essential3D
143	L	143	14.338	-9.102	18.927	0.61	0.118447246184472	0.038664122210664495	-0.4721167100610319	2.3709375397826298	0.48872180451127833	No-PER3D	No-Essential3D
144	G	144	16.446	-9.294	22.055	-0.68	0.198996655518395	-0.6405412144061924	-0.6922571989472178	0	1	No-PER3D	No-Essential3D
145	L	145	13.494	-8.437	24.256	0.61	0.200449185850646	-0.5737675101506606	-0.5742186823743776	0	1	No-PER3D	No-Essential3D
146	H	146	15.022	-10.177	27.269	-1	0.200449185850646	-0.6305954100003178	-0.6316975330235557	0	1	No-PER3D	No-Essential3D
147	S	147	17.814	-7.608	27.199	-1	0.261029411764706	-1.2166635202309215	-0.615242564932091	0	1	No-PER3D	No-Essential3D
148	L	148	15.405	-4.73	27.733	1.25	0.261029411764706	-0.8609141845605973	-0.4764916802924102	0	1	No-PER3D	No-Essential3D
149	R	149	15.48	-2.988	31.085	-1	0.246527777777778	-1.0660418431533463	-0.45959277469897525	0	1	No-PER3D	No-Essential3D
150	H	150	13.191	-0.461	32.72	-1.32	0.249297752808989	-0.8323689116819948	-0.4237685623707579	0	1	No-PER3D	No-Essential3D
151	R	151	10.574	-1.257	30.14	-0.36	0.247444237918216	-0.5430081647485847	-0.06423398551534144	0	1	No-PER3D	No-Essential3D
152	N	152	7.162	-2.808	30.51	-0.68	0.261481481481482	-0.3143398226308064	0.4313284349395414	0	1	No-PER3D	No-Essential3D
153	W	153	6.834	-5.055	27.489	0.29	0.41315543071161	-0.11528510322928476	0.17503993006284013	0	1	No-PER3D	No-Essential3D
154	Y	154	4.658	-7.845	26.192	0.61	0.41315543071161	0.27629408193331345	0.3610621414522663	0	0.5455304928989139	No-PER3D	No-Essential3D
155	I	155	4.714	-9.993	23.081	0.93	0.414708646616541	0.614020414468144	0.08616150816169954	0	1	No-PER3D	No-Essential3D
156	Q	156	1.564	-11.34	21.488	1.57	0.415094339622642	0.8819299205362938	0.3854964827720461	1.079152299510866	1	No-PER3D	No-Essential3D
157	A	157	1.259	-13.794	18.621	-0.04	0.415094339622642	0.869830781552571	0.1010111287571763	1.5203149129264408	0.9999999999999999	No-PER3D	No-Essential3D
158	T	158	-1.147	-12.522	16.02	0.29	0.392156862745098	0.9739902542448616	-0.024330825294533395	1.079152299510866	1	No-PER3D	No-Essential3D
159	C	159	-2.718	-13.127	12.644	-0.36	0.391786903440622	0.8421062788561956	-0.058375532624417956	1.079152299510866	1	No-PER3D	No-Essential3D
160	A	160	-3.772	-9.693	11.392	1.57	0.419463753723932	1.2720644727634822	-0.3203100960536227	4.249443901668949	0.2280701754385966	No-PER3D	No-Essential3D
161	T	161	-5.922	-11.003	8.6	-0.68	0.416699643846458	1.1276751437894814	-0.9254249948794793	6.523964565592764	0.1478696741854637	No-PER3D	No-Essential3D
162	S	162	-8.067	-12.981	11.016	-1	0.441860465116279	1.0430649999215578	-0.44920026286187703	6.523964565592764	0.1478696741854637	No-PER3D	No-Essential3D
163	G	163	-7.641	-10.504	13.827	-0.68	0.469650808530584	0.5054086209914928	-0.2888860963043559	4.249443901668949	0.2280701754385966	No-PER3D	No-Essential3D
164	D	164	-6.526	-13.263	16.156	-0.68	0.495426829268293	0.8418002785887926	0.22296826409948328	1.079152299510866	1	No-PER3D	No-Essential3D
165	G	165	-4.394	-12.056	19.045	1.57	0.438888888888889	0.7095803448645862	0.34282559882745417	0.808303799146772	1	No-PER3D	No-Essential3D
166	L	166	-5.265	-8.397	18.587	1.57	0.466565349544073	0.8775252748425857	0.325979750191872	1.7789619845123668	0.6177109440267333	No-PER3D	No-Essential3D
167	Y	167	-7.825	-8.401	21.37	-1.32	0.504913588614029	-0.3940810835364835	1.2162202826281274	0	0.28070175438596495	No-PER3D	No-Essential3D
168	E	168	-5.464	-10.075	23.789	-0.68	0.50189720593308	-0.1358483211987637	1.3484436232860408	0	0.5455304928989139	No-PER3D	No-Essential3D
169	G	169	-2.565	-7.743	23.096	-0.68	0.497529992942837	0.5423372896258046	0.9990647117247142	0	0.5321637426900586	No-PER3D	No-Essential3D
170	L	170	-4.725	-4.653	23.39	0.61	0.495283018867925	-0.04578238515062635	1.010528872610305	0	0.5321637426900586	No-PER3D	No-Essential3D
171	D	171	-6.284	-5.949	26.585	-0.04	0.497737556561086	-0.8172775348578033	1.8253581201872497	0	0.28070175438596495	No-PER3D	No-Essential3D
172	W	172	-2.8	-6.243	28.023	-0.04	0.497852401405701	-0.19006044130011723	1.2863780277658194	0	1	No-PER3D	No-Essential3D
173	L	173	-2.059	-2.733	26.868	0.93	0.542328042328042	-0.3151369525139933	1.0764714543903562	0	1	No-PER3D	No-Essential3D
174	S	174	-5.258	-1.365	28.324	-1.32	0.547161172161172	-1.4421092172400527	1.3463994388116893	0	0.28070175438596495	No-PER3D	No-Essential3D
175	N	175	-4.411	-2.787	31.712	-1.32	0.527272727272727	-1.6386100707734765	1.7250246701003624	0	0.5455304928989139	No-PER3D	No-Essential3D
176	Q	176	-0.99	-1.199	31.591	-1	0.527810650887574	-0.9511152042614268	1.1648461749383974	0	1	No-PER3D	No-Essential3D
177	L	177	-2.433	2.203	30.766	-0.36	0.589849108367627	-1.1111441552939563	1.0327785726440317	0	0.5455304928989139	No-PER3D	No-Essential3D
178	R	178	-4.997	2.088	33.543	-1	0.565934065934066	-1.981620647198297	1.4321194639712256	0	0.5455304928989139	No-PER3D	No-Essential3D
179	N	179	-2.453	1.113	36.167	-1	0.656666666666667	-2.117083216167196	1.6172427355840546	0	1	No-PER3D	No-Essential3D
