Uniprot_position	aminoacid	Position_in_structure	x	y	z	paraz	mtr	paraz3dscore	mtr3dscore	PER3D_OR	PER3D_pvalue	PER3D	Essential3D
1	M	1	-39.823	-18.443	87.793	NA	0.897637795275591	Inf	1.963478638854046	0	1	No-PER3D	No-Essential3D
2	A	2	-40.998	-15.36	86.025	NA	0.902255639097744	Inf	2.1340718897866053	0	0.9999999999999999	No-PER3D	No-Essential3D
3	S	3	-41.205	-12.423	88.344	NA	0.679856115107914	Inf	2.2027643732324473	0	1	No-PER3D	No-Essential3D
4	G	4	-42.492	-8.915	88.062	NA	0.808163265306122	Inf	2.098282447510593	0	0.5597072419106317	No-PER3D	No-Essential3D
5	A	5	-45.827	-10.366	87.194	NA	0.907894736842105	Inf	1.703353542527765	0	0.5782636416768503	No-PER3D	No-Essential3D
6	D	6	-48.572	-7.947	87.942	NA	0.97361237488626	Inf	1.7156677427850924	0	0.3235153789903236	No-PER3D	No-Essential3D
7	S	7	-50.205	-9.268	91.043	NA	0.971254355400697	Inf	1.9354949711216936	0	0.5597072419106317	No-PER3D	No-Essential3D
8	K	8	-53.479	-7.868	92.191	NA	0.974789915966387	Inf	2.2532600362348276	0	0.5597072419106317	No-PER3D	No-Essential3D
9	G	9	-52.906	-4.553	93.828	NA	0.967094703049759	Inf	2.281700638318544	0	0.5597072419106317	No-PER3D	No-Essential3D
10	D	10	-54.699	-1.913	95.798	NA	0.961389961389961	Inf	2.4718635603742856	0	0.5782636416768503	No-PER3D	No-Essential3D
11	D	11	-55.976	0.865	93.599	NA	0.964846671652954	Inf	2.482720220347133	0	0.5782636416768503	No-PER3D	No-Essential3D
12	L	12	-54.933	4.319	94.63	NA	1.01136363636364	Inf	2.476089941343102	0	0.3235153789903236	No-PER3D	No-Essential3D
13	S	13	-57.67	6.861	94.924	NA	1.00485436893204	Inf	2.9076727197013312	0	1	No-PER3D	No-Essential3D
14	T	14	-55.33	9.595	93.886	NA	1	Inf	2.744272332935876	0	0.9999999999999999	No-PER3D	No-Essential3D
15	A	15	-51.608	9.858	93.785	NA	0.994343891402715	Inf	2.693664076897167	0	0.5597072419106317	No-PER3D	No-Essential3D
16	I	16	-49.211	12.595	92.907	NA	0.989082969432314	Inf	1.8172426813829132	0	0.5597072419106317	No-PER3D	No-Essential3D
17	L	17	-46.017	10.68	92.532	NA	0.984177215189873	Inf	1.4937546297475326	0	0.5597072419106317	No-PER3D	No-Essential3D
18	K	18	-43.979	8.514	90.223	NA	0.987654320987654	Inf	1.553244134375563	0	0.5782636416768503	No-PER3D	No-Essential3D
19	Q	19	-45.513	6.383	87.508	NA	0.880856760374833	Inf	1.8261183698142833	0.6290286438414635	1	No-PER3D	No-Essential3D
20	K	20	-47.18	3.237	88.731	NA	0.736383442265795	Inf	2.060049029017729	0.499628148901729	0.9999999999999999	No-PER3D	No-Essential3D
21	N	21	-47.053	-0.095	87.013	NA	0.736483610046829	Inf	1.9213991677695015	0.35147385119370106	0.44396917044079115	No-PER3D	No-Essential3D
22	R	22	-50.318	-1.074	85.402	NA	0.73866000832293	Inf	1.5418828138757132	0.3051250124644707	0.448410621226354	No-PER3D	No-Essential3D
23	P	23	-51.119	-3.861	83.022	NA	0.733830845771144	Inf	1.1984548353006779	0.26905362363111485	0.28599443535508295	No-PER3D	No-Essential3D
24	N	24	-52.145	-1.429	80.267	NA	0.733830845771144	Inf	0.9199999676402509	0.3051250124644707	0.448410621226354	No-PER3D	No-Essential3D
25	R	25	-48.895	0.529	80.527	NA	0.582716049382716	Inf	1.2173840553697204	0.7155276901044496	1	No-PER3D	No-Essential3D
26	L	26	-46.312	-0.677	78.037	NA	0.576312576312576	Inf	1.1406816660623054	0.4891978125637744	0.513420433427279	No-PER3D	No-Essential3D
27	I	27	-42.789	0.148	76.872	NA	0.648351648351648	Inf	1.328313381257452	1.4534929570903894	0.5422690431466055	No-PER3D	No-Essential3D
28	V	28	-42.442	1.391	73.31	NA	0.714573268921095	Inf	1.33944546242744	2.1241617370598873	0.15609061984224412	No-PER3D	No-Essential3D
29	D	29	-40.494	-0.97	71.089	NA	0.645454545454546	Inf	1.2108501680640635	1.8971704280217745	0.32341625451142403	No-PER3D	No-Essential3D
30	E	30	-39.565	-0.787	67.425	NA	0.641304347826087	Inf	1.1490997063354367	2.2292214443873095	0.2965749956990928	No-PER3D	No-Essential3D
31	A	31	-41.296	-2.323	64.456	NA	0.644160583941606	Inf	1.2387317504231508	2.621658751027745	0.35281128746773815	No-PER3D	No-Essential3D
32	I	32	-39.478	-1.532	61.269	NA	0.644160583941606	Inf	1.4659753712511083	1.2794008777427712	0.6757465920917792	No-PER3D	No-Essential3D
33	N	33	-41.498	-1.645	58.1	NA	0.644688644688645	Inf	1.5583692863600604	1.2794008777427712	0.6757465920917792	No-PER3D	No-Essential3D
34	E	34	-44.675	-1.943	60.104	NA	0.715151515151515	Inf	1.218255973161728	2.5879796616099093	0.3167870995164975	No-PER3D	No-Essential3D
35	D	35	-47.838	-0.42	58.681	NA	0.709987966305656	Inf	0.7227248346056501	1.2737025938309041	0.9999999999999999	No-PER3D	No-Essential3D
36	N	36	-49.017	2.882	60.153	NA	0.63898916967509	Inf	0.6992137130885345	3.5636798019094016	0.10008355950354926	No-PER3D	No-Essential3D
37	S	37	-52.265	1.389	61.454	NA	0.549689440993789	Inf	0.6784062707227945	3.5636798019094016	0.10008355950354926	No-PER3D	No-Essential3D
38	V	38	-50.873	-1.564	63.377	NA	0.639492753623188	Inf	0.8630128740762512	2.621658751027745	0.35281128746773815	No-PER3D	No-Essential3D
39	V	39	-49.361	-2.172	66.799	NA	0.645985401459854	Inf	0.9978450545040282	1.093653966421185	1	No-PER3D	No-Essential3D
40	S	40	-48.261	-5.501	68.236	NA	0.645985401459854	Inf	0.9311164771418349	0.3051250124644707	0.448410621226354	No-PER3D	No-Essential3D
41	L	41	-48.509	-7.023	71.698	NA	0.650735294117647	Inf	0.8082167147050877	0.26905362363111485	0.28599443535508295	No-PER3D	No-Essential3D
42	S	42	-47.76	-10.478	73.05	NA	0.651291512915129	Inf	0.8042134219288646	0.35147385119370106	0.44396917044079115	No-PER3D	No-Essential3D
43	Q	43	-50.646	-12.922	73.29	NA	0.485294117647059	Inf	0.7967226588633224	0.35147385119370106	0.44396917044079115	No-PER3D	No-Essential3D
44	P	44	-50.616	-13.092	77.037	NA	0.483915441176471	Inf	0.8234250802565045	0.499628148901729	0.9999999999999999	No-PER3D	No-Essential3D
45	K	45	-50.822	-9.337	77.234	NA	0.489738805970149	Inf	0.908188145095766	0.3051250124644707	0.448410621226354	No-PER3D	No-Essential3D
46	M	46	-53.725	-9.379	74.833	NA	0.484722222222222	Inf	0.7877560187974018	0.26905362363111485	0.28599443535508295	No-PER3D	No-Essential3D
47	D	47	-55.333	-12.068	76.943	NA	0.48570110701107	Inf	0.43891896434998823	0	0.5782636416768503	No-PER3D	No-Essential3D
48	E	48	-54.836	-10.059	80.105	NA	0.433333333333333	Inf	0.8725198111270958	0	0.5597072419106317	No-PER3D	No-Essential3D
49	L	49	-56.192	-6.973	78.4	NA	0.43050430504305	Inf	0.6263869166253567	0	0.19339016393904931	No-PER3D	No-Essential3D
50	Q	50	-59.04	-8.848	76.735	NA	0.486111111111111	Inf	0.42513100205249543	0	0.18613500121016857	No-PER3D	No-Essential3D
51	L	51	-57.893	-7.649	73.347	NA	0.652416356877323	Inf	0.49570622622533533	0	0.18613500121016857	No-PER3D	No-Essential3D
52	F	52	-58.579	-9.797	70.315	NA	0.652416356877323	Inf	0.4537960539890443	0	0.3235153789903236	No-PER3D	No-Essential3D
53	R	53	-56.844	-9.771	66.98	NA	0.654850746268657	Inf	0.5460832299778774	0.499628148901729	0.9999999999999999	No-PER3D	No-Essential3D
54	G	54	-57.982	-6.92	64.79	NA	0.654850746268657	Inf	0.5943585195370046	0	0.5597072419106317	No-PER3D	No-Essential3D
55	D	55	-59.512	-4.907	67.567	NA	0.581577860388269	Inf	0.6167505847297186	0	0.3235153789903236	No-PER3D	No-Essential3D
56	T	56	-59.236	-1.152	67.359	NA	0.659176029962547	Inf	0.7300024966554922	0	0.3235153789903236	No-PER3D	No-Essential3D
57	V	57	-57.323	0.372	70.241	NA	0.659774436090226	Inf	0.7269575324223543	0	0.19339016393904931	No-PER3D	No-Essential3D
58	L	58	-56.653	3.818	71.655	NA	0.590909090909091	Inf	0.9286102889109276	0	0.18613500121016857	No-PER3D	No-Essential3D
59	L	59	-53.085	4.74	72.525	NA	0.586466165413534	Inf	1.0769142476888607	2.2292214443873095	0.2965749956990928	No-PER3D	No-Essential3D
60	K	60	-52.141	7.633	74.771	NA	0.655430711610487	Inf	1.2306374886558054	2.693499164670804	0.14796691400079282	No-PER3D	No-Essential3D
61	G	61	-48.67	9.166	74.695	NA	0.651119402985075	Inf	1.280346762699397	3.2397177877142114	0.03472064502766146	PER3D	No-Essential3D
62	K	62	-47.17	12.448	75.888	NA	0.780669144981413	Inf	1.2942478477569554	3.7295321064475906	0.016754281761531188	PER3D	No-Essential3D
63	K	63	-48.658	15.945	75.728	NA	0.712347354138399	Inf	1.2729302088797698	2.693499164670804	0.14796691400079282	No-PER3D	No-Essential3D
64	R	64	-52.176	14.534	75.473	NA	0.758333333333333	Inf	1.2088187738035137	2.6567995090015564	0.22442421882784966	No-PER3D	No-Essential3D
65	R	65	-51.357	12.899	72.153	NA	0.752757352941177	Inf	1.0535903758120062	3.9352477729795687	0.03958132861263079	PER3D	No-Essential3D
66	E	66	-53.466	9.954	71.082	NA	0.706474337470647	Inf	1.008313367910478	2.2292214443873095	0.2965749956990928	No-PER3D	No-Essential3D
67	A	67	-53.457	7.381	68.311	NA	0.71438263229308	Inf	0.9045461396305625	2.0194304548077575	0.2235606224143512	No-PER3D	No-Essential3D
68	V	68	-55.953	4.826	67.067	NA	0.719753930280246	Inf	0.875998317043146	1.0165717742814255	1	No-PER3D	No-Essential3D
69	C	69	-54.535	1.57	65.801	NA	0.666666666666667	Inf	0.9289113571665364	1.2853416510246343	0.7135522968600378	No-PER3D	No-Essential3D
70	I	70	-55.289	-2.065	65.112	NA	0.663533834586466	Inf	0.752779571111687	0	0.5782636416768503	No-PER3D	No-Essential3D
71	V	71	-53.612	-4.567	67.409	NA	0.662921348314607	Inf	0.699198142480148	0.41324023787582415	0.6747984827119305	No-PER3D	No-Essential3D
72	L	72	-52.05	-7.831	66.286	NA	0.664794007490637	Inf	0.7929679965242844	0.499628148901729	0.9999999999999999	No-PER3D	No-Essential3D
73	S	73	-50.3	-10.512	68.317	NA	0.669811320754717	Inf	0.871338998373855	0.41324023787582415	0.6747984827119305	No-PER3D	No-Essential3D
74	D	74	-46.546	-10.94	68.04	NA	0.740740740740741	Inf	0.9585545719969668	0.41324023787582415	0.6747984827119305	No-PER3D	No-Essential3D
75	D	75	-44.65	-13.864	69.559	NA	0.740740740740741	Inf	0.9970012468863428	0.6290286438414635	1	No-PER3D	No-Essential3D
76	T	76	-41.423	-11.887	69.349	NA	0.749158249158249	Inf	1.2470342649423307	0.6290286438414635	1	No-PER3D	No-Essential3D
77	C	77	-42.891	-9.1	71.47	NA	0.749158249158249	Inf	1.005053030983154	0.499628148901729	0.9999999999999999	No-PER3D	No-Essential3D
78	S	78	-42.287	-9.106	75.206	NA	0.803007518796992	Inf	1.0251891128383774	0.499628148901729	0.9999999999999999	No-PER3D	No-Essential3D
79	D	79	-45.32	-8.974	77.458	NA	0.894736842105263	Inf	1.0530513360367957	0.41324023787582415	0.6747984827119305	No-PER3D	No-Essential3D
80	E	80	-44.347	-5.553	78.79	NA	0.968792401628223	Inf	1.109464625705786	0.5479373925693078	0.7304598174046549	No-PER3D	No-Essential3D
81	K	81	-43.684	-3.993	75.417	NA	0.88723667905824	Inf	1.0808145756602228	1.093653966421185	1	No-PER3D	No-Essential3D
82	I	82	-45.64	-2.697	72.444	NA	0.772755227552276	Inf	1.128935762529467	1.291540726779862	0.7423672150293491	No-PER3D	No-Essential3D
83	R	83	-44.219	-2.621	68.932	NA	0.772755227552276	Inf	1.2294343733270665	1.7109517389092321	0.2836497826972461	No-PER3D	No-Essential3D
84	M	84	-44.989	0.407	66.808	NA	0.717948717948718	Inf	1.2138835251520044	2.40775739615439	0.13173013540553913	No-PER3D	No-Essential3D
85	N	85	-43.389	2.155	63.844	NA	0.759093305218766	Inf	1.1474200012035862	4.5454970314018945	0.04160638566313119	PER3D	No-Essential3D
86	R	86	-41.863	5.632	63.675	NA	0.813750352211891	Inf	1.039487113979044	4.598822489224738	0.009707648917461823	PER3D	No-Essential3D
87	V	87	-45.017	7.224	62.295	NA	0.880778588807786	Inf	0.9477756741354942	4.598822489224738	0.009707648917461823	PER3D	No-Essential3D
88	V	88	-47.098	6.146	65.286	NA	0.880778588807786	Inf	0.9475440476091416	3.2397177877142114	0.03472064502766146	PER3D	No-Essential3D
89	R	89	-44.364	7.049	67.737	NA	0.843896103896104	Inf	1.0879997999145223	4.15423829772006	0.005258689960234027	PER3D	No-Essential3D
90	N	90	-44.206	10.555	66.3	NA	0.844629822732013	Inf	0.9954089058771124	4.381778166496716	0.01269783512897965	PER3D	No-Essential3D
91	N	91	-47.979	10.892	66.532	NA	0.847723704866562	Inf	0.9244970573582313	4.381778166496716	0.01269783512897965	PER3D	No-Essential3D
92	L	92	-47.739	9.733	70.149	NA	0.842283628779979	Inf	1.1709186064549932	3.685889366999569	0.011360548967279055	PER3D	No-Essential3D
93	R	93	-44.85	12.112	70.858	NA	0.764294403892944	Inf	1.0249348427976765	4.647632084645692	0.00245102382835714	PER3D	No-Essential3D
94	V	94	-42.892	9.221	72.31	NA	0.830743801652893	Inf	1.0983237483284813	5.350339906460513	8.331670454545375e-4	PER3D	No-Essential3D
95	R	95	-39.516	7.617	71.742	NA	0.712066115702479	Inf	0.8334471486759072	4.986299593731594	0.002900748384889616	PER3D	No-Essential3D
96	L	96	-38.286	4.08	72.134	NA	0.767094017094017	Inf	0.8161489250878042	3.8065114310707475	0.02534517881566207	PER3D	No-Essential3D
97	G	97	-38.215	3.2	75.788	NA	0.754201680672269	Inf	0.6129468841552732	4.152742333718047	0.03148780790731252	PER3D	No-Essential3D
98	D	98	-41.05	5.532	76.707	NA	0.759093305218766	Inf	1.0948049912359983	3.8065114310707475	0.02534517881566207	PER3D	No-Essential3D
99	V	99	-44.24	4.273	78.293	NA	0.794117647058824	Inf	1.3574045040128628	2.1241617370598873	0.15609061984224412	No-PER3D	No-Essential3D
100	I	100	-47.674	4.467	76.699	NA	0.744485294117647	Inf	1.3289988481778232	2.1241617370598873	0.15609061984224412	No-PER3D	No-Essential3D
101	S	101	-51.134	3.316	77.658	NA	0.743818681318681	Inf	1.2047452439560131	0.3051250124644707	0.448410621226354	No-PER3D	No-Essential3D
102	I	102	-53.416	1.151	75.554	NA	0.665441176470588	Inf	0.9195989275368531	0.35147385119370106	0.44396917044079115	No-PER3D	No-Essential3D
103	Q	103	-57.168	0.728	75.889	NA	0.66789667896679	Inf	0.681443529724224	0	0.18613500121016857	No-PER3D	No-Essential3D
104	P	104	-59.853	-0.824	73.794	NA	0.661172161172161	Inf	0.7095416679514095	0	0.3235153789903236	No-PER3D	No-Essential3D
105	C	105	-61.639	1.543	71.439	NA	0.668518518518519	Inf	0.8317957685436378	0	0.18613500121016857	No-PER3D	No-Essential3D
106	P	106	-64.95	-0.093	70.562	NA	0.671003717472119	Inf	0.845394596484123	0	0.9999999999999999	No-PER3D	No-Essential3D
107	D	107	-66.919	3.09	69.827	NA	0.640821384315808	Inf	0.8786967668714765	0	0.5597072419106317	No-PER3D	No-Essential3D
108	V	108	-65.211	3.789	66.491	NA	0.640821384315808	Inf	0.7021611763228128	0	0.5782636416768503	No-PER3D	No-Essential3D
109	K	109	-67.499	4.403	63.533	NA	0.601107011070111	Inf	0.6649104557327856	0	0.5782636416768503	No-PER3D	No-Essential3D
110	Y	110	-67.054	4.648	59.789	NA	0.570378151260504	Inf	0.6881217779825727	0	0.18613500121016857	No-PER3D	No-Essential3D
111	G	111	-66.217	8.193	58.812	NA	0.490325077399381	Inf	0.6687691841835164	0	0.18613500121016857	No-PER3D	No-Essential3D
112	K	112	-68.564	10.289	56.743	NA	0.560885608856089	Inf	0.8584807389823476	0	0.18613500121016857	No-PER3D	No-Essential3D
113	R	113	-65.627	12.353	55.59	NA	0.560885608856089	Inf	0.7725440341909102	0	0.18613500121016857	No-PER3D	No-Essential3D
114	I	114	-62.07	13.224	56.485	NA	0.557778209361041	Inf	0.5554270863030782	0.35147385119370106	0.44396917044079115	No-PER3D	No-Essential3D
115	H	115	-59.91	16.153	55.526	NA	0.588765887658877	Inf	0.5417425523948053	0.7155276901044496	1	No-PER3D	No-Essential3D
116	V	116	-56.15	15.966	55.137	NA	0.511846405228758	Inf	0.34735555920763045	0.949743836984459	0.9999999999999999	No-PER3D	No-Essential3D
117	L	117	-53.521	18.376	53.829	NA	0.50997150997151	Inf	0.38258155362717694	1.7813679029800003	0.36797462828447647	No-PER3D	No-Essential3D
118	P	118	-50.036	17.763	52.517	NA	0.558869701726844	Inf	0.34172689481885604	2.8142986091052506	0.07583139877402668	No-PER3D	No-Essential3D
119	I	119	-46.939	19.225	54.132	NA	0.558869701726844	Inf	0.505768350737928	2.772009155273695	0.06986881309144678	No-PER3D	No-Essential3D
120	D	120	-45.451	21.86	51.85	NA	0.551083591331269	Inf	0.707730079948935	3.2571006265650864	0.05099572649129858	No-PER3D	No-Essential3D
121	D	121	-41.907	20.477	51.729	NA	0.54953560371517	Inf	0.6420000738056059	3.239651036897369	0.02411548081514394	PER3D	No-Essential3D
122	T	122	-43.253	17.197	50.37	NA	0.525925925925926	Inf	0.4799153594583838	5.9507320583575165	4.306180270557088e-5	PER3D	No-Essential3D
123	V	123	-45.343	18.762	47.536	NA	0.524907063197026	Inf	0.40253739236572456	4.958332826480997	4.499984170595827e-4	PER3D	No-Essential3D
124	E	124	-42.895	21.175	45.829	NA	0.530827067669173	Inf	0.35620816331887456	3.7295321064475906	0.016754281761531188	PER3D	No-Essential3D
125	G	125	-43.088	20.842	42.071	NA	0.505549588256355	Inf	0.37843759230774093	6.661679204912959	0.0017315785447269243	PER3D	No-Essential3D
126	I	126	-46.607	19.488	42.371	NA	0.532330827067669	Inf	0.3889422587645651	4.15423829772006	0.005258689960234027	PER3D	No-Essential3D
127	T	127	-46.668	16.322	40.363	NA	0.467547169811321	Inf	0.7253899022236194	6.902864263017352	2.694066433972356e-5	PER3D	No-Essential3D
128	G	128	-49.672	14.053	40.429	NA	0.445707070707071	Inf	0.6233137667755114	10.323103496831123	2.958593434409123e-7	PER3D	No-Essential3D
129	N	129	-53.196	14.224	41.715	NA	0.422653592155293	Inf	0.3111192358665775	7.579408939772696	5.967717843784598e-4	PER3D	No-Essential3D
130	L	130	-52.751	13.73	45.432	NA	0.371422558922559	Inf	0.28707463093716623	6.4923159935019825	1.4533952392110373e-5	PER3D	No-Essential3D
131	F	131	-55.934	11.771	45.911	NA	0.394006659267481	Inf	-0.02513938006535611	8.543104818869411	1.9715271662384864e-4	PER3D	Essential3D
132	E	132	-55.418	9.394	43.037	NA	0.391055298523904	Inf	-0.020558222211818068	10.16586485154373	2.1850286426230642e-4	PER3D	Essential3D
133	V	133	-51.729	8.785	43.358	NA	0.418233082706767	Inf	0.5516506021983488	10.323103496831123	2.958593434409123e-7	PER3D	No-Essential3D
134	Y	134	-51.317	8.772	47.143	NA	0.472357363998231	Inf	0.3476544221470557	10.323103496831123	2.958593434409123e-7	PER3D	No-Essential3D
135	L	135	-54.487	8.664	49.222	NA	0.447798742138365	Inf	0.05057516285434158	11.459322687136039	6.719529621584525e-5	PER3D	No-Essential3D
136	K	136	-56.676	6.343	47.265	NA	0.451204055766793	Inf	0.04802648929975418	8.400100933979367	0.006897353448173435	PER3D	No-Essential3D
137	P	137	-54.128	3.57	47.196	NA	0.451204055766793	Inf	-0.06294465544112186	20.13756104762933	6.497276494810264e-4	PER3D	Essential3D
138	Y	138	-53.17	4.164	50.821	NA	0.476190476190476	Inf	0.06442075489935259	23.53953168886386	1.8498456386401027e-4	PER3D	No-Essential3D
139	F	139	-56.733	3.895	52.127	NA	0.444444444444444	Inf	0.12206231068514659	1.716385075461626	0.6221437252018024	No-PER3D	No-Essential3D
140	L	140	-58.142	1.411	49.588	NA	0.418233082706767	Inf	0.07114628093497605	5.192523734395758	0.1927966101694914	No-PER3D	No-Essential3D
141	E	141	-60.093	-1.345	51.321	NA	0.44949494949495	Inf	0.18153460875384267	24.53953168886386	0.07864663585002567	No-PER3D	No-Essential3D
142	A	142	-57.756	-0.942	54.299	NA	0.449936628643853	Inf	0.2504282111062379	24.53953168886386	0.07864663585002567	No-PER3D	No-Essential3D
143	Y	143	-60.378	0.349	56.738	NA	0.382749326145553	Inf	0.39037228136435187	5.192523734395758	0.1927966101694914	No-PER3D	No-Essential3D
144	R	144	-57.709	2.401	58.512	NA	0.532330827067669	Inf	0.42130226841481877	1.716385075461626	0.6221437252018024	No-PER3D	No-Essential3D
145	P	145	-58.478	4.001	61.815	NA	0.535849056603774	Inf	0.582953488763429	0	0.3235153789903236	No-PER3D	No-Essential3D
146	I	146	-57.347	7.628	61.822	NA	0.535849056603774	Inf	0.52217039821946	0.8410829195133265	1	No-PER3D	No-Essential3D
147	R	147	-57.345	10.493	64.269	NA	0.572506738544474	Inf	0.6220109923220583	0.8410829195133265	1	No-PER3D	No-Essential3D
148	K	148	-57.387	14.245	63.823	NA	0.572506738544474	Inf	0.5006727099431096	0.8410829195133265	1	No-PER3D	No-Essential3D
149	G	149	-53.87	15.533	64.226	NA	0.397752808988764	Inf	0.7233998462897837	1.8971704280217745	0.32341625451142403	No-PER3D	No-Essential3D
150	D	150	-52.176	12.476	62.854	NA	0.400754716981132	Inf	0.6968382722728501	3.8065114310707475	0.02534517881566207	PER3D	No-Essential3D
151	I	151	-49.357	12.865	60.395	NA	0.397752808988764	Inf	0.7364396943932041	4.78323575736746	0.003945139064196326	PER3D	No-Essential3D
152	F	152	-48.624	10.007	58.033	NA	0.400754716981132	Inf	0.4817972577691937	15.339785509964846	6.456712505871072e-5	PER3D	No-Essential3D
153	L	153	-46.381	9.447	55.028	NA	0.445707070707071	Inf	0.8169494616500194	9.337047254167143	1.6953018632085148e-5	PER3D	No-Essential3D
154	V	154	-47.475	7.787	51.795	NA	0.442767295597484	Inf	0.6234080437121299	9.481419811870149	1.0353952108185602e-6	PER3D	No-Essential3D
155	R	155	-45.495	6.702	48.764	NA	0.399248120300752	Inf	0.7717274447640909	12.336673663394054	4.150125758221316e-7	PER3D	No-Essential3D
156	G	156	-46.934	7.262	45.335	NA	0.604921394395079	Inf	0.7401317961378682	9.481419811870149	1.0353952108185602e-6	PER3D	No-Essential3D
157	G	157	-44.978	6.668	42.214	NA	0.608919382504288	Inf	0.8170870422208222	9.481419811870149	1.0353952108185602e-6	PER3D	No-Essential3D
158	M	158	-41.417	7.712	42.878	NA	0.669811320754717	Inf	0.894524960280601	7.946462501391403	1.130553149269212e-5	PER3D	No-Essential3D
159	R	159	-42.162	10.142	45.648	NA	0.668539325842697	Inf	0.7836094336514301	9.481419811870149	1.0353952108185602e-6	PER3D	No-Essential3D
160	A	160	-43.454	10.344	49.178	NA	0.673584905660377	Inf	0.6975653464032343	9.481419811870149	1.0353952108185602e-6	PER3D	No-Essential3D
161	V	161	-45.854	12.898	50.605	NA	0.671052631578947	Inf	0.4007212229577042	6.930718915517125	3.3275261244829577e-6	PER3D	No-Essential3D
162	E	162	-46.614	13.657	54.222	NA	0.672932330827068	Inf	0.481162827628997	5.440189610238012	2.0102301858135565e-4	PER3D	No-Essential3D
163	F	163	-50.194	14.392	55.133	NA	0.616532721010333	Inf	0.2883800769858861	4.15423829772006	0.005258689960234027	PER3D	No-Essential3D
164	K	164	-51.906	15.692	58.236	NA	0.615956534172148	Inf	0.48933696105984636	2.40775739615439	0.13173013540553913	No-PER3D	No-Essential3D
165	V	165	-55.476	14.872	59.185	NA	0.549938725490196	Inf	0.5297150179131691	1.1392189044678775	0.7604795805181948	No-PER3D	No-Essential3D
166	V	166	-57.088	18.236	59.775	NA	0.609162895927602	Inf	0.5267706154591183	0.8377030989925918	1	No-PER3D	No-Essential3D
167	E	167	-60.616	17.049	60.407	NA	0.607466063348416	Inf	0.5111962889290791	0	0.18613500121016857	No-PER3D	No-Essential3D
168	T	168	-62.734	13.922	60.653	NA	0.605240912933221	Inf	0.5699066204895752	0	0.18613500121016857	No-PER3D	No-Essential3D
169	D	169	-66.454	13.251	60.946	NA	0.563579277864992	Inf	0.715337762783466	0	0.18613500121016857	No-PER3D	No-Essential3D
170	P	170	-67.149	11.786	63.349	NA	0.652727272727273	Inf	0.6544411121712597	0	0.3235153789903236	No-PER3D	No-Essential3D
171	S	171	-64.505	13.592	65.379	NA	0.71132557479421	Inf	0.5167709023163768	0	0.3235153789903236	No-PER3D	No-Essential3D
172	P	172	-61.858	13.139	66.52	NA	0.709338631847857	Inf	0.5856763489212776	0	0.3235153789903236	No-PER3D	No-Essential3D
173	Y	173	-61.397	9.674	65.027	NA	0.790405904059041	Inf	0.5919046089135089	0	0.18613500121016857	No-PER3D	No-Essential3D
174	C	174	-63.081	7.256	62.645	NA	0.818014705882353	Inf	0.647933845999992	0	0.3235153789903236	No-PER3D	No-Essential3D
175	I	175	-62.486	4.389	60.244	NA	0.78021978021978	Inf	0.5921860708732869	0	0.18613500121016857	No-PER3D	No-Essential3D
176	V	176	-61.824	5.233	56.628	NA	0.759982825246887	Inf	0.44262013378004755	0	0.3235153789903236	No-PER3D	No-Essential3D
177	A	177	-64.347	3.023	54.858	NA	0.717761557177616	Inf	0.39037545832004106	0	0.5782636416768503	No-PER3D	No-Essential3D
178	P	178	-64.888	2.822	51.141	NA	0.71573398215734	Inf	0.3023818953344929	1.716385075461626	0.6221437252018024	No-PER3D	No-Essential3D
179	D	179	-67.763	5.283	51.543	NA	0.718355718355718	Inf	0.4324662008473303	0	0.5782636416768503	No-PER3D	No-Essential3D
180	T	180	-65.678	7.851	53.409	NA	0.713706407137064	Inf	0.4176340505840917	0	0.5782636416768503	No-PER3D	No-Essential3D
181	V	181	-65.126	11.026	51.424	NA	0.713706407137064	Inf	0.5661906315671051	0.499628148901729	0.9999999999999999	No-PER3D	No-Essential3D
182	I	182	-61.511	12.096	51.439	NA	0.713706407137064	Inf	0.35219216671099546	0.499628148901729	0.9999999999999999	No-PER3D	No-Essential3D
183	H	183	-60.829	15.804	51.042	NA	0.744360902255639	Inf	0.41734749151719464	1.2794008777427712	0.6757465920917792	No-PER3D	No-Essential3D
184	C	184	-57.279	16.822	50.119	NA	0.744360902255639	Inf	0.3840527783358122	0.6213059774270432	0.7271926636762267	No-PER3D	No-Essential3D
185	E	185	-58.063	20.403	48.965	NA	0.743757203227046	Inf	0.5981873586178311	0.8410829195133265	1	No-PER3D	No-Essential3D
186	G	186	-56.597	23.563	50.498	NA	0.808421052631579	Inf	0.6944899191328193	1.0165717742814255	1	No-PER3D	No-Essential3D
187	E	187	-53.255	25.272	51.04	NA	0.752941176470588	Inf	0.7849287604730418	0.8410829195133265	1	No-PER3D	No-Essential3D
188	P	188	-50.54	22.985	52.213	NA	0.757835981107772	Inf	0.6615012022739869	2.3249551840494744	0.19679570781646732	No-PER3D	No-Essential3D
189	I	189	-49.485	22.921	55.845	NA	0.768	Inf	0.74491401223261	2.0194304548077575	0.2235606224143512	No-PER3D	No-Essential3D
190	K	190	-46.147	24.534	56.539	NA	0.722627737226277	Inf	0.7709969413299835	1.747464987211578	0.47143578587268914	No-PER3D	No-Essential3D
191	R	191	-43.531	22.24	57.979	NA	0.765818181818182	Inf	0.7118038208726852	2.0194304548077575	0.2235606224143512	No-PER3D	No-Essential3D
192	E	192	-42.356	24.977	60.289	NA	0.766423357664234	Inf	1.0169984187671912	1.48708311998427	0.5077148053987797	No-PER3D	No-Essential3D
193	D	193	-45.816	25.08	61.768	NA	0.678733031674208	Inf	1.003505631548497	1.48708311998427	0.5077148053987797	No-PER3D	No-Essential3D
194	E	194	-45.796	21.352	62.471	NA	0.725274725274725	Inf	0.7785611454323088	2.40775739615439	0.13173013540553913	No-PER3D	No-Essential3D
195	E	195	-42.284	21.44	63.836	NA	0.725274725274725	Inf	0.9949309055628855	2.40775739615439	0.13173013540553913	No-PER3D	No-Essential3D
196	E	196	-43.39	24.051	66.311	NA	0.725274725274725	Inf	1.1871492138629631	2.6567995090015564	0.22442421882784966	No-PER3D	No-Essential3D
197	S	197	-46.3	21.835	67.255	NA	0.683211678832117	Inf	1.0307146354364771	3.7295321064475906	0.016754281761531188	PER3D	No-Essential3D
198	L	198	-44.166	18.737	67.519	NA	0.678787878787879	Inf	0.9175291707423633	6.024053853603421	0.001396009919887683	PER3D	No-Essential3D
199	N	199	-41.761	20.481	69.835	NA	0.671462829736211	Inf	0.893778397720795	5.570695930245373	0.016139403446239105	PER3D	No-Essential3D
200	E	200	-44.374	22.067	72.03	NA	0.72463768115942	Inf	0.9599901577640264	4.5454970314018945	0.04160638566313119	PER3D	No-Essential3D
201	V	201	-43.241	22.073	75.636	NA	0.719958741619391	Inf	0.849920968030144	4.5454970314018945	0.04160638566313119	PER3D	No-Essential3D
202	G	202	-44.001	19.204	77.953	NA	0.722567287784679	Inf	0.8152295127470678	4.5454970314018945	0.04160638566313119	PER3D	No-Essential3D
203	Y	203	-42.879	18.159	81.416	NA	0.725194805194805	Inf	0.42535175434765976	7.9330532583840485	0.06880612082248545	No-PER3D	No-Essential3D
204	D	204	-39.902	16.494	79.784	NA	0.641544117647059	Inf	0.3322291951976057	5.786639059584475	0.004799297918855725	PER3D	No-Essential3D
205	D	205	-38.771	19.903	78.605	NA	0.585374035558537	Inf	-0.044339737201213814	10.789062973107042	0.02293680684440237	PER3D	Essential3D
206	I	206	-38.466	21.093	82.198	NA	0.514705882352941	Inf	0.0875856387356407	7.9330532583840485	0.06880612082248545	No-PER3D	No-Essential3D
207	G	207	-35.357	20.15	84.116	NA	0.482536764705882	Inf	-0.5186441126917505	7.9330532583840485	0.06880612082248545	No-PER3D	No-Essential3D
208	G	208	-34.312	20.523	87.745	NA	0.431734317343173	Inf	-0.22388809671988497	24.53953168886386	0.07864663585002567	No-PER3D	No-Essential3D
209	C	209	-37.944	21.248	88.663	NA	0.431734317343173	Inf	-0.22388809671988497	24.53953168886386	0.07864663585002567	No-PER3D	No-Essential3D
210	R	210	-38.635	17.633	89.667	NA	0.387132352941177	Inf	0.2545107067348681	24.53953168886386	0.07864663585002567	No-PER3D	No-Essential3D
211	K	211	-39.373	18.512	93.234	NA	0.387132352941177	Inf	0.35242629456543584	24.53953168886386	0.07864663585002567	No-PER3D	No-Essential3D
212	Q	212	-41.745	21.247	92.147	NA	0.385401459854015	Inf	0.2024867980414555	24.53953168886386	0.07864663585002567	No-PER3D	No-Essential3D
213	L	213	-43.304	19.286	89.341	NA	0.429440389294404	Inf	0.4963353169915264	24.53953168886386	0.021571648690292752	PER3D	No-Essential3D
214	A	214	-30.304	-1.233	70.309	NA	0.35394385026738	Inf	-0.4539413835583824	1.2737025938309041	0.9999999999999999	No-PER3D	No-Essential3D
215	Q	215	-26.78	-1.707	71.569	NA	0.356256289835626	Inf	-0.44776033360827217	0	1	No-PER3D	No-Essential3D
216	I	216	-26.031	1.918	70.761	NA	0.326568265682657	Inf	-0.5611320198139133	0	0.5597072419106317	No-PER3D	No-Essential3D
217	K	217	-29.393	2.936	72.184	NA	0.239057239057239	Inf	-0.5871736969632944	2.6567995090015564	0.22442421882784966	No-PER3D	No-Essential3D
218	E	218	-28.873	1.793	75.76	NA	0.328703703703704	Inf	-0.9194814169249105	2.5879796616099093	0.3167870995164975	No-PER3D	No-Essential3D
219	M	219	-25.269	2.945	75.739	NA	0.303418803418803	Inf	-0.656287289660474	0	0.5597072419106317	No-PER3D	No-Essential3D
220	V	220	-26.02	6.622	74.961	NA	0.305963699222126	Inf	-1.0153019827116307	0.844325196583435	1	No-PER3D	No-Essential3D
221	E	221	-29.454	7.007	76.537	NA	0.332397003745318	Inf	-0.8202909673576136	2.1116433060792037	0.2730344764467855	No-PER3D	No-Essential3D
222	L	222	-28.447	6.126	80.078	NA	0.307981492192019	Inf	-0.9516289539856679	1.716385075461626	0.6221437252018024	No-PER3D	No-Essential3D
223	P	223	-26.011	8.941	80.706	NA	0.307981492192019	Inf	-1.0882021363175831	0.844325196583435	1	No-PER3D	No-Essential3D
224	L	224	-28.241	11.447	79.014	NA	0.363978127136022	Inf	-1.1271452519734566	0.6290286438414635	1	No-PER3D	No-Essential3D
225	R	225	-31.614	10.659	80.587	NA	0.367092983062565	Inf	-0.8419840161713675	2.5879796616099093	0.3167870995164975	No-PER3D	No-Essential3D
226	H	226	-30.929	9.125	83.981	NA	0.369905956112853	Inf	-1.076266159958726	2.555672919276566	0.4863251155624036	No-PER3D	No-Essential3D
227	P	227	-27.766	10.051	85.742	NA	0.371328671328671	Inf	-0.9738730275400778	0.844325196583435	1	No-PER3D	No-Essential3D
228	A	228	-29.073	8.431	88.939	NA	0.340733590733591	Inf	-0.9869029416053035	1.2737025938309041	0.9999999999999999	No-PER3D	No-Essential3D
229	L	229	-27.45	5.12	88.048	NA	0.389409817981247	Inf	-1.063588999561785	1.2737025938309041	0.9999999999999999	No-PER3D	No-Essential3D
230	F	230	-24.084	6.818	88.171	NA	0.366277561608301	Inf	-0.9731290856195761	1.2737025938309041	0.9999999999999999	No-PER3D	No-Essential3D
231	K	231	-24.656	7.85	91.753	NA	0.428015564202335	Inf	-0.9966503501528009	1.2737025938309041	0.9999999999999999	No-PER3D	No-Essential3D
232	A	232	-25.776	4.422	92.811	NA	0.367708333333333	Inf	-1.0070936611570769	1.2737025938309041	0.9999999999999999	No-PER3D	No-Essential3D
233	I	233	-23.017	2.335	91.237	NA	0.371653543307087	Inf	-1.0090664712333037	1.2737025938309041	0.9999999999999999	No-PER3D	No-Essential3D
234	G	234	-20.217	4.838	91.611	NA	0.345703125	Inf	-1.0090664712333037	1.2737025938309041	0.9999999999999999	No-PER3D	No-Essential3D
235	V	235	-18.5	4.177	88.28	NA	0.345703125	Inf	-0.9121742331119106	1.2737025938309041	0.9999999999999999	No-PER3D	No-Essential3D
236	K	236	-18.023	6.595	85.402	NA	0.349802371541502	Inf	-0.6372948373328344	1.2737025938309041	0.9999999999999999	No-PER3D	No-Essential3D
237	P	237	-20.139	5.98	82.346	NA	0.351190476190476	Inf	-0.5846325282764759	0.6290286438414635	1	No-PER3D	No-Essential3D
238	P	238	-18.442	6.08	78.956	NA	0.332786501054605	Inf	-0.37091784913837705	0	0.9999999999999999	No-PER3D	No-Essential3D
239	R	239	-18.066	9.347	77.038	NA	0.379733333333333	Inf	-0.5902205740786205	0	0.5597072419106317	No-PER3D	No-Essential3D
240	G	240	-16.822	8.268	73.631	NA	0.381258366800536	Inf	-0.45885741855288575	0	0.5597072419106317	No-PER3D	No-Essential3D
241	I	241	-18.143	5.618	71.289	NA	0.405714285714286	Inf	-0.4681438014833457	0	0.5782636416768503	No-PER3D	No-Essential3D
242	L	242	-16.768	4.682	67.895	NA	0.408491107286288	Inf	-0.4996858583023204	0	0.5782636416768503	No-PER3D	No-Essential3D
243	L	243	-18.664	3.301	64.906	NA	0.475234270414993	Inf	-0.5928408012378815	0	0.5782636416768503	No-PER3D	No-Essential3D
244	Y	244	-16.924	1.609	61.997	NA	0.438677788075379	Inf	-0.4245900993827681	0	0.5597072419106317	No-PER3D	No-Essential3D
245	G	245	-17.529	-0.744	59.089	NA	0.433455433455434	Inf	-0.14100535146730672	0	0.5597072419106317	No-PER3D	No-Essential3D
246	P	246	-17.919	-0.691	55.336	NA	0.431253785584494	Inf	-0.13236451456042306	0	0.5782636416768503	No-PER3D	No-Essential3D
247	P	247	-18.749	2.574	53.663	NA	0.431253785584494	Inf	-0.2605069904704634	0	0.5597072419106317	No-PER3D	No-Essential3D
248	G	248	-22.266	3.524	52.616	NA	0.399325084364454	Inf	-0.3153698632946429	0	0.9999999999999999	No-PER3D	No-Essential3D
249	T	249	-23.954	1.995	55.675	NA	0.321266968325792	Inf	-0.020466521888426983	0	0.5782636416768503	No-PER3D	No-Essential3D
250	G	250	-25.562	5.26	56.795	NA	0.345330739299611	Inf	-0.2816727953619918	0	0.5597072419106317	No-PER3D	No-Essential3D
251	K	251	-23.515	5.851	59.939	NA	0.348039215686275	Inf	-0.5381253977833386	0	0.5782636416768503	No-PER3D	No-Essential3D
252	T	252	-24.046	9.574	59.559	NA	0.350393700787402	Inf	-0.8137003730185991	0	0.5597072419106317	No-PER3D	No-Essential3D
253	L	253	-27.777	8.991	59.292	NA	0.348039215686275	Inf	-0.9986616899809345	0	1	No-PER3D	No-Essential3D
254	I	254	-27.824	7.038	62.545	NA	0.321266968325792	Inf	-0.8784838956254553	0	0.9999999999999999	No-PER3D	No-Essential3D
255	A	255	-26.128	9.86	64.425	NA	0.317531305903399	Inf	-1.058429675490823	0.844325196583435	1	No-PER3D	No-Essential3D
256	R	256	-28.836	12.273	63.344	NA	0.39010989010989	Inf	-1.3174981241491261	2.555672919276566	0.4863251155624036	No-PER3D	No-Essential3D
257	A	257	-31.535	9.782	64.285	NA	0.420118343195266	Inf	-0.8650685198895947	1.954505404716898	0.4049033459150294	No-PER3D	No-Essential3D
258	V	258	-30.335	9.305	67.858	NA	0.418934911242604	Inf	-1.050744852626963	1.5532360213765157	0.6888267834576904	No-PER3D	No-Essential3D
259	A	259	-29.963	13.038	68.444	NA	0.453846153846154	Inf	-1.074120328696633	1.954505404716898	0.4049033459150294	No-PER3D	No-Essential3D
260	N	260	-33.41	14.217	67.378	NA	0.409615384615385	Inf	-0.5267404919131474	2.6567995090015564	0.22442421882784966	No-PER3D	No-Essential3D
261	E	261	-35.401	11.563	69.167	NA	0.451653944020356	Inf	0.02474992046469505	4.598822489224738	0.009707648917461823	PER3D	No-Essential3D
262	T	262	-33.594	12.123	72.438	NA	0.340038314176245	Inf	-0.5823752549111647	4.152742333718047	0.03148780790731252	PER3D	Essential3D
263	G	263	-34.104	15.864	72.19	NA	0.299112801013942	Inf	-0.5075600550469541	3.2571006265650864	0.05099572649129858	No-PER3D	No-Essential3D
264	A	264	-30.536	16.734	73.124	NA	0.29685534591195	Inf	-1.2563198404058746	1.2737025938309041	0.9999999999999999	No-PER3D	No-Essential3D
265	F	265	-28.514	19.617	71.721	NA	0.333333333333333	Inf	-1.573327675948612	1.2737025938309041	0.9999999999999999	No-PER3D	No-Essential3D
266	F	266	-27.041	18.233	68.515	NA	0.333022388059701	Inf	-1.415048591144765	1.2737025938309041	0.9999999999999999	No-PER3D	No-Essential3D
267	F	267	-23.918	19.618	66.888	NA	0.333022388059701	Inf	-1.5419277096961892	0	1	No-PER3D	No-Essential3D
268	L	268	-22.08	18.185	63.895	NA	0.294093349855432	Inf	-1.3580931668164473	0	1	No-PER3D	No-Essential3D
269	I	269	-18.38	18.394	63.105	NA	0.440740740740741	Inf	-1.447681987534419	0	1	No-PER3D	No-Essential3D
270	N	270	-17.551	17.012	59.679	NA	0.4375	Inf	-1.3949373849645856	0	1	No-PER3D	No-Essential3D
271	G	271	-14.169	15.531	58.804	NA	0.434306569343066	Inf	-1.4106838990293977	0	1	No-PER3D	No-Essential3D
272	P	272	-12.832	17.365	55.781	NA	0.434306569343066	Inf	-1.6490153023895233	0	1	No-PER3D	No-Essential3D
273	E	273	-14.084	20.759	56.866	NA	0.434306569343066	Inf	-1.50876976394872	0	1	No-PER3D	No-Essential3D
274	I	274	-11.478	20.88	59.57	NA	0.322463768115942	Inf	-1.4731624969709243	0	0.9999999999999999	No-PER3D	No-Essential3D
275	M	275	-8.639	19.976	57.218	NA	0.321557971014493	Inf	-1.4645405881017661	0	1	No-PER3D	No-Essential3D
276	S	276	-9.743	22.552	54.681	NA	0.319244604316547	Inf	-1.207555280898044	0	1	No-PER3D	No-Essential3D
277	K	277	-8.572	25.309	57.014	NA	0.317857142857143	Inf	-1.13611664648639	0	0.9999999999999999	No-PER3D	No-Essential3D
278	L	278	-5.115	26.01	58.391	NA	0.317857142857143	Inf	-1.223214943204103	0	1	No-PER3D	No-Essential3D
279	A	279	-3.746	24.982	61.766	NA	0.363265306122449	Inf	-1.4065081540464215	0	1	No-PER3D	No-Essential3D
280	G	280	-4.701	28.197	63.531	NA	0.361972547025928	Inf	-1.3467799378413297	0	1	No-PER3D	No-Essential3D
281	E	281	-8.426	28.47	62.8	NA	0.363265306122449	Inf	-1.3402109148447499	0	1	No-PER3D	No-Essential3D
282	S	282	-9.129	24.758	63.029	NA	0.362989323843416	Inf	-1.2681722488251286	0	0.9999999999999999	No-PER3D	No-Essential3D
283	E	283	-8.193	24.591	66.681	NA	0.361702127659574	Inf	-1.3073653384006831	0	1	No-PER3D	No-Essential3D
284	S	284	-10.344	27.596	67.497	NA	0.279142300194932	Inf	-1.4419333341654776	0	1	No-PER3D	No-Essential3D
285	N	285	-13.363	26.046	65.798	NA	0.277389277389277	Inf	-1.3903075840569652	0	1	No-PER3D	No-Essential3D
286	L	286	-12.855	22.851	67.767	NA	0.280329799764429	Inf	-1.3968321323488426	0	0.9999999999999999	No-PER3D	No-Essential3D
287	R	287	-12.769	24.736	71.062	NA	0.157685512367491	Inf	-1.4521460357972746	0	1	No-PER3D	No-Essential3D
288	K	288	-15.95	26.642	70.294	NA	0.158807829181495	Inf	-1.7885754587342597	0	1	No-PER3D	No-Essential3D
289	A	289	-17.989	23.491	69.713	NA	0.158687943262411	Inf	-1.7059276712167124	0	1	No-PER3D	No-Essential3D
290	F	290	-17.263	22.043	73.147	NA	0.159252669039146	Inf	-1.482797861938013	0	0.5597072419106317	No-PER3D	No-Essential3D
291	E	291	-18.073	25.229	75.027	NA	0.160394265232975	Inf	-1.722643461657826	0	0.9999999999999999	No-PER3D	No-Essential3D
292	E	292	-21.614	25.626	73.686	NA	0.159375	Inf	-1.9435968089475715	0	1	No-PER3D	No-Essential3D
293	A	293	-22.445	22.002	74.449	NA	0.141269841269841	Inf	-1.649564094014935	0	0.9999999999999999	No-PER3D	No-Essential3D
294	E	294	-21.476	22.375	78.093	NA	0.141269841269841	Inf	-1.578807370241075	0	0.9999999999999999	No-PER3D	No-Essential3D
295	K	295	-24.114	24.991	78.843	NA	0.140873015873016	Inf	-1.6979472212206375	0	1	No-PER3D	No-Essential3D
296	N	296	-26.677	23.056	76.865	NA	0.142398716405937	Inf	-1.7002380281688527	0	1	No-PER3D	No-Essential3D
297	A	297	-26.407	19.787	78.716	NA	0.142398716405937	Inf	-1.48027334354253	0	0.9999999999999999	No-PER3D	No-Essential3D
298	P	298	-27.379	17.219	77.811	NA	0.128985507246377	Inf	-1.252534195499824	1.2737025938309041	0.9999999999999999	No-PER3D	No-Essential3D
299	A	299	-25.792	17.391	74.37	NA	0.128519855595668	Inf	-1.4124655382297813	0.844325196583435	1	No-PER3D	No-Essential3D
300	I	300	-24.24	15.171	71.725	NA	0.128519855595668	Inf	-1.287057576761233	0.844325196583435	1	No-PER3D	No-Essential3D
301	I	301	-21.087	16.296	69.953	NA	0.127697841726619	Inf	-1.4294183337127984	0	0.9999999999999999	No-PER3D	No-Essential3D
302	F	302	-20.971	14.054	66.91	NA	0.117259552042161	Inf	-1.1964834743079422	0	0.5597072419106317	No-PER3D	No-Essential3D
303	I	303	-17.73	14.141	64.961	NA	0.107487922705314	Inf	-1.2364932423074448	0	0.9999999999999999	No-PER3D	No-Essential3D
304	D	304	-17.291	12.423	61.622	NA	0.107789855072464	Inf	-1.1594360402694017	0	0.9999999999999999	No-PER3D	No-Essential3D
305	E	305	-14.409	11.009	59.561	NA	0.108576642335766	Inf	-1.0937606530872834	0	0.5597072419106317	No-PER3D	No-Essential3D
306	L	306	-11.752	10.621	62.256	NA	0.109567901234568	Inf	-1.0741167799168727	0	0.5597072419106317	No-PER3D	No-Essential3D
307	D	307	-9.438	8.858	59.814	NA	0.108856088560886	Inf	-1.1591218445076026	0	0.5782636416768503	No-PER3D	No-Essential3D
308	A	308	-8.719	12.099	57.976	NA	0.108548585485855	Inf	-1.3770442370056808	0	1	No-PER3D	No-Essential3D
309	I	309	-7.864	13.828	61.244	NA	0.118855218855219	Inf	-1.3496548002815916	0	1	No-PER3D	No-Essential3D
310	A	310	-6.151	10.896	62.927	NA	0.108950617283951	Inf	-1.331746891120424	0	0.5597072419106317	No-PER3D	No-Essential3D
311	P	311	-4.393	8.52	60.6	NA	0.10976368159204	Inf	-1.5183126610711184	0	0.5597072419106317	No-PER3D	No-Essential3D
312	K	312	-1.715	5.982	61.467	NA	0.109259259259259	Inf	-1.5598238144608148	0	0.5597072419106317	No-PER3D	No-Essential3D
313	R	313	1.099	8.227	62.669	NA	0.109163591635916	Inf	-1.7265647592733702	0	0.9999999999999999	No-PER3D	No-Essential3D
314	E	314	4.029	5.833	62.663	NA	0.109163591635916	Inf	-1.6549495535468481	0	0.9999999999999999	No-PER3D	No-Essential3D
315	K	315	4.076	5.21	58.952	NA	0.132342007434944	Inf	-1.500215043913249	0	1	No-PER3D	No-Essential3D
316	T	316	4.449	8.891	58.249	NA	0.132342007434944	Inf	-2.1498460890148987	0	1	No-PER3D	No-Essential3D
317	H	317	6.235	10.677	60.987	NA	0.132462686567164	Inf	-2.2118930917376938	0	1	No-PER3D	No-Essential3D
318	G	318	5.177	14.213	60.291	NA	0.23994592767827	Inf	-2.2118930917376938	0	1	No-PER3D	No-Essential3D
319	E	319	4.425	17.595	61.839	NA	0.23994592767827	Inf	-1.8256572328441203	0	1	No-PER3D	No-Essential3D
320	V	320	0.7	17.88	61.1	NA	0.238175109023818	Inf	-1.7976154539208704	0	1	No-PER3D	No-Essential3D
321	E	321	-0.088	14.323	62.07	NA	0.239057239057239	Inf	-1.8582386916876803	0	1	No-PER3D	No-Essential3D
322	R	322	0.432	15.271	65.736	NA	0.239057239057239	Inf	-1.7149525317876624	0	1	No-PER3D	No-Essential3D
323	R	323	-0.986	18.822	65.662	NA	0.240841248303935	Inf	-1.5107478142692286	0	1	No-PER3D	No-Essential3D
324	I	324	-4.776	18.593	65.557	NA	0.328703703703704	Inf	-1.456851926071689	0	0.9999999999999999	No-PER3D	No-Essential3D
325	V	325	-4.985	15.312	67.44	NA	0.361261872455902	Inf	-1.4182930847188784	0	0.9999999999999999	No-PER3D	No-Essential3D
326	S	326	-2.852	16.564	70.313	NA	0.333333333333333	Inf	-1.2196935244835583	0	1	No-PER3D	No-Essential3D
327	Q	327	-5.09	19.588	70.616	NA	0.408725602755454	Inf	-1.2707655613741573	0	0.9999999999999999	No-PER3D	No-Essential3D
328	L	328	-8.077	17.253	70.75	NA	0.408725602755454	Inf	-1.2774472168417974	0	0.9999999999999999	No-PER3D	No-Essential3D
329	L	329	-6.536	14.886	73.266	NA	0.441542288557214	Inf	-0.7871102846793065	0	1	No-PER3D	No-Essential3D
330	T	330	-5.805	17.569	75.812	NA	0.483486550902281	Inf	-0.8229202249861737	0	1	No-PER3D	No-Essential3D
331	L	331	-9.318	18.91	75.318	NA	0.395910780669145	Inf	-1.096661030524815	0	0.9999999999999999	No-PER3D	No-Essential3D
332	M	332	-11.092	15.544	75.457	NA	0.392988929889299	Inf	-0.6640446955682097	0	0.9999999999999999	No-PER3D	No-Essential3D
333	D	333	-9.249	14.159	78.467	NA	0.437884378843788	Inf	-0.36182731758761727	0	1	No-PER3D	No-Essential3D
334	G	334	-8.929	17.584	80.045	NA	0.490384615384615	Inf	-0.5372041099069259	0	1	No-PER3D	No-Essential3D
335	L	335	-12.601	18.49	80.389	NA	0.438725490196078	Inf	-0.6904619154760584	0	0.9999999999999999	No-PER3D	No-Essential3D
336	K	336	-14.386	17.548	83.612	NA	0.441574415744157	Inf	-0.6240482363068399	0	0.9999999999999999	No-PER3D	No-Essential3D
337	Q	337	-17.648	19.438	84.474	NA	0.44320987654321	Inf	-1.122890882043789	0	0.9999999999999999	No-PER3D	No-Essential3D
338	R	338	-19.985	16.429	84.9	NA	0.448189762796504	Inf	-0.9730803159698799	0	0.9999999999999999	No-PER3D	No-Essential3D
339	A	339	-21.972	17.8	81.943	NA	0.450314465408805	Inf	-1.321643552628844	0	0.9999999999999999	No-PER3D	No-Essential3D
340	H	340	-22.697	14.206	80.798	NA	0.53984962406015	Inf	-1.219591357457906	0	0.5597072419106317	No-PER3D	No-Essential3D
341	V	341	-22.092	14.943	77.139	NA	0.599832915622389	Inf	-1.2768601456069397	0	0.9999999999999999	No-PER3D	No-Essential3D
342	I	342	-21.382	12.155	74.654	NA	0.60377358490566	Inf	-1.0601835308278307	0	0.5782636416768503	No-PER3D	No-Essential3D
343	V	343	-19.007	12.288	71.714	NA	0.597014925373134	Inf	-0.9111582114586703	0	0.9999999999999999	No-PER3D	No-Essential3D
344	M	344	-19.538	9.913	68.792	NA	0.533333333333333	Inf	-0.7797231337278056	0	0.5782636416768503	No-PER3D	No-Essential3D
345	A	345	-16.825	8.991	66.31	NA	0.533333333333333	Inf	-0.7176936020092447	0	0.5782636416768503	No-PER3D	No-Essential3D
346	A	346	-17.101	7.383	62.895	NA	0.588765887658877	Inf	-0.7572313902469309	0	0.5782636416768503	No-PER3D	No-Essential3D
347	T	347	-14.592	5.788	60.519	NA	0.661172161172161	Inf	-0.7648709159721301	0	0.5782636416768503	No-PER3D	No-Essential3D
348	N	348	-14.187	2.949	58.004	NA	0.660583941605839	Inf	-0.627874557701346	0	0.5597072419106317	No-PER3D	No-Essential3D
349	R	349	-11.584	0.867	59.869	NA	0.495	Inf	-0.5700727621360315	0	0.5597072419106317	No-PER3D	No-Essential3D
350	P	350	-10.893	0.515	63.56	NA	0.496806569343066	Inf	-0.5205658146970296	0	0.5782636416768503	No-PER3D	No-Essential3D
351	N	351	-7.129	0.06	63.364	NA	0.495	Inf	-0.6743734950955788	0	0.5597072419106317	No-PER3D	No-Essential3D
352	S	352	-6.554	2.835	60.833	NA	0.495	Inf	-1.094190797830831	0	0.5782636416768503	No-PER3D	No-Essential3D
353	I	353	-6.683	5.527	63.537	NA	0.496806569343066	Inf	-1.1745420544022762	0	0.5782636416768503	No-PER3D	No-Essential3D
354	D	354	-3.894	6.296	65.992	NA	0.444852941176471	Inf	-1.398654279632419	0	0.5597072419106317	No-PER3D	No-Essential3D
355	P	355	-3.86	3.671	68.698	NA	0.381302521008403	Inf	-0.8836995189343982	0	0.9999999999999999	No-PER3D	No-Essential3D
356	A	356	-3.576	6.213	71.526	NA	0.380252100840336	Inf	-0.7871665033523935	0	0.9999999999999999	No-PER3D	No-Essential3D
357	L	357	-7.234	7.204	71.056	NA	0.44649446494465	Inf	-0.7016608212275661	0	0.5597072419106317	No-PER3D	No-Essential3D
358	R	358	-8.433	3.696	71.998	NA	0.269144981412639	Inf	-0.18321037754209485	0	0.9999999999999999	No-PER3D	No-Essential3D
359	R	359	-7.607	4.037	75.716	NA	0.575146043547531	Inf	-0.14806983145631686	0	0.9999999999999999	No-PER3D	No-Essential3D
360	F	360	-9.749	4.171	78.841	NA	0.668518518518519	Inf	-0.24093793726175175	0	0.9999999999999999	No-PER3D	No-Essential3D
361	G	361	-11.735	7.332	79.419	NA	0.673507462686567	Inf	-0.28929823790254217	0	0.9999999999999999	No-PER3D	No-Essential3D
362	R	362	-11.512	8.604	75.844	NA	0.669144981412639	Inf	-0.2485122665828645	0	0.5597072419106317	No-PER3D	No-Essential3D
363	F	363	-12.886	5.876	73.533	NA	0.669144981412639	Inf	-0.11512470774090723	0	0.5782636416768503	No-PER3D	No-Essential3D
364	D	364	-13.628	2.472	75.054	NA	0.60382422006038206	Inf	-0.2826611704783625	0	0.9999999999999999	No-PER3D	No-Essential3D
365	R	365	-16.694	0.978	73.39	NA	0.671641791044776	Inf	-0.36947083827072796	0	0.5597072419106317	No-PER3D	No-Essential3D
366	E	366	-16.221	-0.158	69.831	NA	0.727948631294356	Inf	-0.37783317544883765	0	0.5597072419106317	No-PER3D	No-Essential3D
367	V	367	-19.312	-0.745	67.775	NA	0.722576316672258	Inf	-0.41740700013814325	0	0.5597072419106317	No-PER3D	No-Essential3D
368	D	368	-19.293	-2.552	64.449	NA	0.714664897146649	Inf	-0.5051294486414184	0	0.5782636416768503	No-PER3D	No-Essential3D
369	I	369	-21.851	-1.726	61.778	NA	0.715284715284715	Inf	-0.33424848887907027	0	0.5782636416768503	No-PER3D	No-Essential3D
370	G	370	-22.394	-4.806	59.662	NA	0.719919786096257	Inf	-0.13317541212226036	0	0.5782636416768503	No-PER3D	No-Essential3D
371	I	371	-24.263	-5.34	56.418	NA	0.659926470588235	Inf	0.2274518757187404	0	0.06251665062128055	No-PER3D	No-Essential3D
372	P	372	-27.975	-5.923	56.624	NA	0.719919786096257	Inf	0.5824440164243846	0.3051250124644707	0.448410621226354	No-PER3D	No-Essential3D
373	D	373	-29.59	-9.323	56.128	NA	0.769914215686275	Inf	0.8811357633111386	0.35147385119370106	0.44396917044079115	No-PER3D	No-Essential3D
374	A	374	-32.335	-10.333	53.723	NA	0.772755227552276	Inf	1.3340013429512114	0.26905362363111485	0.28599443535508295	No-PER3D	No-Essential3D
375	T	375	-34.974	-8.867	55.982	NA	0.843005702784301	Inf	1.5226754126700295	0.24018163237588044	0.18419975813992057	No-PER3D	No-Essential3D
376	G	376	-32.732	-5.882	56.645	NA	0.846127946127946	Inf	1.1373742676332355	0.24018163237588044	0.18419975813992057	No-PER3D	No-Essential3D
377	R	377	-32.123	-4.903	53.033	NA	0.840657497484066	Inf	1.096455853114502	0.24018163237588044	0.18419975813992057	No-PER3D	No-Essential3D
378	L	378	-35.842	-5.065	52.362	NA	0.804733727810651	Inf	1.3830033586385104	0.216487786390172	0.18299556179548765	No-PER3D	No-Essential3D
379	E	379	-36.437	-2.311	54.886	NA	0.801796743402583	Inf	1.5153704512461073	0.3051250124644707	0.448410621226354	No-PER3D	No-Essential3D
380	I	380	-34.003	0.081	53.253	NA	0.897993311036789	Inf	0.9616394200827177	0.35147385119370106	0.44396917044079115	No-PER3D	No-Essential3D
381	L	381	-35.748	0.118	49.88	NA	0.897993311036789	Inf	1.1553338925057468	1.9999339429433498	0.18008380216542536	No-PER3D	No-Essential3D
382	Q	382	-39.122	0.703	51.479	NA	0.92057761732852	Inf	1.3738831565257554	3.3035440929688913	0.011392845980562612	PER3D	No-Essential3D
383	I	383	-38.024	4.028	52.874	NA	0.92057761732852	Inf	1.2830479873027565	4.78323575736746	0.003945139064196326	PER3D	No-Essential3D
384	H	384	-36.595	5.239	49.555	NA	0.945126353790614	Inf	0.9645799534951286	6.9881038132296975	1.3501334007568088e-4	PER3D	No-Essential3D
385	T	385	-39.619	3.994	47.591	NA	1.02	Inf	0.9892811407782127	8.443094979504172	5.4235225403746996e-5	PER3D	No-Essential3D
386	K	386	-42.126	6.064	49.54	NA	1.03478260869565	Inf	1.0906529572043346	5.947697919742667	3.029237249136344e-4	PER3D	No-Essential3D
387	N	387	-42.152	8.708	46.794	NA	1.04145454545455	Inf	0.8065370773195399	9.336316231262312	4.326370743582458e-6	PER3D	No-Essential3D
388	M	388	-41.397	6.39	43.869	NA	0.976363636363636	Inf	0.8192864836991572	7.946462501391403	1.130553149269212e-5	PER3D	No-Essential3D
389	K	389	-44.538	5.375	42.051	NA	0.947089947089947	Inf	0.9490539759793466	9.481419811870149	1.0353952108185602e-6	PER3D	No-Essential3D
390	L	390	-43.801	1.735	41.404	NA	0.845427221983684	Inf	1.0185951270744318	5.551234572870949	1.6869920215280867e-4	PER3D	No-Essential3D
391	A	391	-45.852	-0.785	39.469	NA	0.814324817518248	Inf	1.0823309491173956	3.2571006265650864	0.05099572649129858	No-PER3D	No-Essential3D
392	D	392	-48.042	-3.496	40.951	NA	0.769230769230769	Inf	1.2323853587173954	5.373433158164042	0.05427194866082539	No-PER3D	No-Essential3D
393	D	393	-45.894	-6.27	39.475	NA	0.784615384615385	Inf	1.2522323624693523	0	0.5782636416768503	No-PER3D	No-Essential3D
394	V	394	-42.865	-5.324	41.507	NA	0.793333333333333	Inf	1.223868458517658	0	0.18613500121016857	No-PER3D	No-Essential3D
395	D	395	-42.498	-7.751	44.406	NA	0.844491302055878	Inf	1.4339650825654031	0.41324023787582415	0.6747984827119305	No-PER3D	No-Essential3D
396	L	396	-41.092	-6.532	47.707	NA	0.809837003145553	Inf	1.6004302067540679	0.19678647715159292	0.11381984393886856	No-PER3D	No-Essential3D
397	E	397	-39.379	-9.72	48.874	NA	0.803860346295771	Inf	1.6303727425547772	0.26905362363111485	0.28599443535508295	No-PER3D	No-Essential3D
398	Q	398	-37.971	-10.643	45.483	NA	0.803860346295771	Inf	1.3068563079395976	0.19678647715159292	0.11381984393886856	No-PER3D	No-Essential3D
399	V	399	-35.519	-7.734	45.386	NA	0.747899159663866	Inf	1.0192800932387782	0.19678647715159292	0.11381984393886856	No-PER3D	No-Essential3D
400	A	400	-34.099	-8.628	48.783	NA	0.755555555555556	Inf	1.2658862347296025	0.216487786390172	0.18299556179548765	No-PER3D	No-Essential3D
401	N	401	-32.873	-12.021	47.6	NA	0.70320987654321	Inf	1.3397199029469058	0.26905362363111485	0.28599443535508295	No-PER3D	No-Essential3D
402	E	402	-31.498	-10.557	44.396	NA	0.70320987654321	Inf	0.7166189378163716	0.24018163237588044	0.18419975813992057	No-PER3D	No-Essential3D
403	T	403	-28.763	-8.348	45.837	NA	0.661111111111111	Inf	0.5686255398354662	0.24018163237588044	0.18419975813992057	No-PER3D	No-Essential3D
404	H	404	-26.83	-10.456	48.307	NA	0.568773234200743	Inf	0.5641368992599225	0.3051250124644707	0.448410621226354	No-PER3D	No-Essential3D
405	G	405	-23.917	-8.117	49.215	NA	0.53134328358209	Inf	0.13853296312726474	0.3051250124644707	0.448410621226354	No-PER3D	No-Essential3D
406	H	406	-25.362	-4.658	48.597	NA	0.527881040892193	Inf	0.30055165617027135	0.26905362363111485	0.28599443535508295	No-PER3D	No-Essential3D
407	V	407	-25.128	-1.914	51.204	NA	0.525461254612546	Inf	0.2416011213802031	0	0.18613500121016857	No-PER3D	No-Essential3D
408	G	408	-27.891	0.632	51.696	NA	0.525461254612546	Inf	0.3718110746021892	0	0.5782636416768503	No-PER3D	No-Essential3D
409	A	409	-26.062	3.124	49.527	NA	0.510907003444317	Inf	-0.15800125178247548	0	0.5597072419106317	No-PER3D	No-Essential3D
410	D	410	-25.95	0.53	46.759	NA	0.512342135476464	Inf	-0.11758670768449248	0	0.5782636416768503	No-PER3D	No-Essential3D
411	L	411	-29.672	-0.191	47.018	NA	0.439114391143911	Inf	0.324492251540115	0	0.3235153789903236	No-PER3D	No-Essential3D
412	A	412	-30.524	3.489	46.859	NA	0.440740740740741	Inf	0.34190629056211974	0	0.5782636416768503	No-PER3D	No-Essential3D
413	A	413	-28.405	3.844	43.74	NA	0.360932747549848	Inf	-0.16237933004518218	0	0.9999999999999999	No-PER3D	No-Essential3D
414	L	414	-30.012	0.771	42.236	NA	0.360932747549848	Inf	0.03137170251951722	0	0.5782636416768503	No-PER3D	No-Essential3D
415	C	415	-33.567	2.119	42.288	NA	0.262962962962963	Inf	0.6116225262383028	2.2292214443873095	0.2965749956990928	No-PER3D	No-Essential3D
416	S	416	-32.511	5.488	40.917	NA	0.264925373134328	Inf	0.2524921373649465	3.300773478039183	0.07691848705137659	No-PER3D	No-Essential3D
417	E	417	-30.823	3.843	37.955	NA	0.358585858585859	Inf	-0.43659854311759216	0	0.9999999999999999	No-PER3D	No-Essential3D
418	A	418	-33.902	1.739	37.367	NA	0.358269037235827	Inf	0.062577207545205	1.716385075461626	0.6221437252018024	No-PER3D	No-Essential3D
419	A	419	-36.048	4.853	37.54	NA	0.396666666666667	Inf	0.3701470012308852	3.2571006265650864	0.05099572649129858	No-PER3D	No-Essential3D
420	L	420	-33.711	6.53	35.076	NA	0.328413284132841	Inf	-0.0718389482870071	2.5879796616099093	0.3167870995164975	No-PER3D	No-Essential3D
421	Q	421	-34.223	3.632	32.692	NA	0.437884378843788	Inf	-0.14087707776670208	0	0.9999999999999999	No-PER3D	No-Essential3D
422	A	422	-37.937	4.343	32.892	NA	0.523529411764706	Inf	0.35513390266228906	3.952668105637582	0.13761009178961028	No-PER3D	No-Essential3D
423	I	423	-37.257	7.828	31.613	NA	0.581196581196581	Inf	0.2155522817914987	0	1	No-PER3D	No-Essential3D
424	R	424	-35.162	6.52	28.736	NA	0.523076923076923	Inf	0.034448875277550035	0	1	No-PER3D	No-Essential3D
425	K	425	-37.908	4.083	27.905	NA	0.528888888888889	Inf	0.12413229783262142	0	1	No-PER3D	No-Essential3D
426	K	426	-40.33	7.028	27.723	NA	0.528888888888889	Inf	0.46922277758442127	0	0.9999999999999999	No-PER3D	No-Essential3D
427	M	427	-37.825	9.19	25.908	NA	0.532835820895522	Inf	0.3688428938996317	0	1	No-PER3D	No-Essential3D
428	D	428	-39.389	8.48	22.515	NA	0.555037313432836	Inf	0.25854185844460276	0	1	No-PER3D	No-Essential3D
429	L	429	-42.801	9.392	23.84	NA	0.548892988929889	Inf	0.6829094429295186	0	1	No-PER3D	No-Essential3D
430	I	430	-41.932	12.951	24.735	NA	0.594405594405594	Inf	0.9038606732599361	1.716385075461626	0.6221437252018024	No-PER3D	No-Essential3D
431	D	431	-38.723	14.682	23.8	NA	0.594405594405594	Inf	0.6639965730906948	0	0.5597072419106317	No-PER3D	No-Essential3D
432	L	432	-36.575	17.177	25.714	NA	0.65036231884058	Inf	0.7073510418870221	0	0.5597072419106317	No-PER3D	No-Essential3D
433	E	433	-37.109	20.212	23.538	NA	0.652727272727273	Inf	0.9216047915085089	0	0.5597072419106317	No-PER3D	No-Essential3D
434	D	434	-40.526	21.015	24.918	NA	0.646739130434783	Inf	1.098543331821894	1.716385075461626	0.6221437252018024	No-PER3D	No-Essential3D
435	E	435	-39.95	22.617	28.25	NA	0.716004813477738	Inf	1.1944588382067125	1.716385075461626	0.6221437252018024	No-PER3D	No-Essential3D
436	T	436	-42.424	20.584	30.275	NA	0.808423913043478	Inf	1.1246432838696505	2.6567995090015564	0.22442421882784966	No-PER3D	No-Essential3D
437	I	437	-45.285	21.503	28.003	NA	0.801339285714286	Inf	1.3364952494631415	1.716385075461626	0.6221437252018024	No-PER3D	No-Essential3D
438	D	438	-47.007	18.142	28.146	NA	0.854761904761905	Inf	1.266035927942051	1.2794008777427712	0.6757465920917792	No-PER3D	No-Essential3D
439	A	439	-47.435	17.952	31.896	NA	0.848699763593381	Inf	0.9844280254312103	4.950802603279511	0.01264695213174338	PER3D	No-Essential3D
440	E	440	-50.155	15.267	31.744	NA	0.842723004694836	Inf	1.0968423090066637	4.152742333718047	0.03148780790731252	PER3D	No-Essential3D
441	V	441	-48.313	12.074	30.613	NA	0.839766081871345	Inf	1.0385297963923792	3.3888343725307757	0.11981736060928773	No-PER3D	No-Essential3D
442	M	442	-45.896	12.021	33.546	NA	0.761702127659575	Inf	0.8572322198020513	5.294704448875057	0.003774230713354162	PER3D	No-Essential3D
443	N	443	-48.366	10.285	35.842	NA	0.761702127659575	Inf	0.8879366076398857	6.28631777933496	3.9222786310999725e-4	PER3D	No-Essential3D
444	S	444	-47.99	7.096	33.763	NA	0.767142857142857	Inf	0.880348446948368	8.939130822627565	6.840646120975734e-4	PER3D	No-Essential3D
445	L	445	-44.438	6.48	34.9	NA	0.769892473118279	Inf	0.6395171538038029	4.381778166496716	0.01269783512897965	PER3D	No-Essential3D
446	A	446	-44.184	3.254	36.834	NA	0.699902248289345	Inf	0.84763378159324	2.8142986091052506	0.07583139877402668	No-PER3D	No-Essential3D
447	V	447	-40.875	1.553	37.443	NA	0.704381948986265	Inf	0.6208365778016243	2.4826382215107548	0.08921686858172978	No-PER3D	No-Essential3D
448	T	448	-41.671	-2.053	36.689	NA	0.58020202020202	Inf	0.6829411853356685	1.5532360213765157	0.6888267834576904	No-PER3D	No-Essential3D
449	M	449	-39.596	-4.949	37.96	NA	0.584452584452584	Inf	0.6104714023008518	0	0.18613500121016857	No-PER3D	No-Essential3D
450	D	450	-37.597	-5.766	34.843	NA	0.653284671532847	Inf	0.4863720862852133	0	0.3235153789903236	No-PER3D	No-Essential3D
451	D	451	-36.032	-2.33	35.054	NA	0.596070596070596	Inf	0.09862999646552847	0	0.5782636416768503	No-PER3D	No-Essential3D
452	F	452	-34.59	-3.501	38.356	NA	0.528413284132841	Inf	0.23904254988378634	0	0.3235153789903236	No-PER3D	No-Essential3D
453	R	453	-33.348	-6.572	36.547	NA	0.523076923076923	Inf	0.0897819663658665	0	0.5597072419106317	No-PER3D	No-Essential3D
454	W	454	-31.627	-4.259	34.085	NA	0.478609625668449	Inf	-0.36307306286281915	0	0.9999999999999999	No-PER3D	No-Essential3D
455	A	455	-30.27	-2.227	36.98	NA	0.53037037037037	Inf	-0.2409934509045328	0	0.5597072419106317	No-PER3D	No-Essential3D
456	L	456	-28.733	-5.356	38.471	NA	0.528888888888889	Inf	-0.23254537503077682	0	0.5782636416768503	No-PER3D	No-Essential3D
457	S	457	-27.109	-6.199	35.162	NA	0.477692049647769	Inf	-0.18150360496288961	0	0.9999999999999999	No-PER3D	No-Essential3D
458	Q	458	-25.126	-2.972	34.88	NA	0.475935828877005	Inf	-0.46466702167998924	0	0.9999999999999999	No-PER3D	No-Essential3D
459	S	459	-24.356	-2.435	38.557	NA	0.437884378843788	Inf	-0.5341788261854801	0	0.9999999999999999	No-PER3D	No-Essential3D
460	N	460	-21.637	-4.19	40.555	NA	0.39409594095941	Inf	-0.3488861231707733	0	0.9999999999999999	No-PER3D	No-Essential3D
461	P	461	-21.013	-4.819	44.229	NA	0.396666666666667	Inf	-0.30797546695122013	0	0.9999999999999999	No-PER3D	No-Essential3D
462	S	462	-18.788	-2.137	45.74	NA	0.39814126394052	Inf	-0.4243685601500789	0	0.5597072419106317	No-PER3D	No-Essential3D
463	A	463	-18.361	-3.275	49.379	NA	0.4	Inf	-0.3245298496602299	0	0.5782636416768503	No-PER3D	No-Essential3D
464	L	464	-17.649	-6.901	48.388	NA	0.444444444444444	Inf	-0.33228140484117386	0	0.5782636416768503	No-PER3D	No-Essential3D
465	R	465	-13.89	-6.535	47.946	NA	0.444444444444444	Inf	-0.5829446507510294	0	0.5597072419106317	No-PER3D	No-Essential3D
466	E	466	-13.366	-8.786	50.996	NA	0.439900867410161	Inf	-0.4639335497494014	0	0.5597072419106317	No-PER3D	No-Essential3D
467	T	467	-14.825	-12.147	52.043	NA	0.439900867410161	Inf	-0.3861166214424746	0	0.9999999999999999	No-PER3D	No-Essential3D
468	V	468	-18.11	-12.78	53.834	NA	0.437037037037037	Inf	-0.35863864899228165	0	0.5597072419106317	No-PER3D	No-Essential3D
469	V	469	-18.455	-11.251	57.281	NA	0.358905035484961	Inf	-0.664923029791005	0	0.5597072419106317	No-PER3D	No-Essential3D
470	E	470	-21.332	-13.364	58.634	NA	0.360572012257405	Inf	-0.9103300198486697	0	1	No-PER3D	No-Essential3D
471	V	471	-21.163	-17.042	57.644	NA	0.44110275689223	Inf	-1.242646596905128	0	0.9999999999999999	No-PER3D	No-Essential3D
472	P	472	-21.182	-19.718	54.976	NA	0.573601303639326	Inf	-1.0712013999270953	0	0.9999999999999999	No-PER3D	No-Essential3D
473	Q	473	-23.92	-22.315	54.562	NA	0.622458001768347	Inf	-0.8636320419928971	0	0.9999999999999999	No-PER3D	No-Essential3D
474	V	474	-23.011	-25.708	53.125	NA	0.61596958174905	Inf	-0.8939004194642932	0	0.9999999999999999	No-PER3D	No-Essential3D
475	T	475	-24.039	-28.727	55.138	NA	0.618320610687023	Inf	-0.8364798534950697	0	0.5597072419106317	No-PER3D	No-Essential3D
476	W	476	-22.336	-32.044	55.821	NA	0.618320610687023	Inf	-0.6345298667599022	0.499628148901729	0.9999999999999999	No-PER3D	No-Essential3D
477	E	477	-25.015	-33.704	53.707	NA	0.575790621592148	Inf	-0.07446156513425965	0	0.5597072419106317	No-PER3D	No-Essential3D
478	D	478	-23.844	-31.781	50.66	NA	0.537931034482759	Inf	0.006130158576205797	0.844325196583435	1	No-PER3D	No-Essential3D
479	I	479	-20.873	-34.124	50.578	NA	0.537404580152672	Inf	-0.08792815347953196	0	0.5597072419106317	No-PER3D	No-Essential3D
480	G	480	-21.577	-37.824	50.385	NA	0.541538461538462	Inf	0.47145560425362765	0	0.5597072419106317	No-PER3D	No-Essential3D
481	G	481	-20.678	-40.119	53.269	NA	0.483516483516484	Inf	0.5903585978091962	0	0.5597072419106317	No-PER3D	No-Essential3D
482	L	482	-18.055	-39.285	55.877	NA	0.517241379310345	Inf	0.0437514742530402	0.41324023787582415	0.6747984827119305	No-PER3D	No-Essential3D
483	E	483	-20.571	-40.153	58.589	NA	0.51233671988389	Inf	0.12666236707079165	0.6290286438414635	1	No-PER3D	No-Essential3D
484	D	484	-17.959	-41.771	60.811	NA	0.445707070707071	Inf	-0.04598584881871934	0.6290286438414635	1	No-PER3D	No-Essential3D
485	V	485	-16.489	-38.336	61.55	NA	0.481203007518797	Inf	-0.29403317142859475	0.6290286438414635	1	No-PER3D	No-Essential3D
486	K	486	-19.766	-36.414	61.751	NA	0.475836431226766	Inf	-0.31354978667721267	0.41324023787582415	0.6747984827119305	No-PER3D	No-Essential3D
487	R	487	-20.707	-37.583	65.23	NA	0.478968792401628	Inf	-0.1630586919145899	0.499628148901729	0.9999999999999999	No-PER3D	No-Essential3D
488	E	488	-17.031	-37.544	66.157	NA	0.521033210332103	Inf	-0.19947250875658	0.6290286438414635	1	No-PER3D	No-Essential3D
489	L	489	-16.808	-33.799	65.443	NA	0.473666554847367	Inf	-0.5420929820658915	0.499628148901729	0.9999999999999999	No-PER3D	No-Essential3D
490	Q	490	-19.909	-33.219	67.504	NA	0.473666554847367	Inf	-0.26746880658214345	0.499628148901729	0.9999999999999999	No-PER3D	No-Essential3D
491	E	491	-18.031	-34.319	70.584	NA	0.524444444444445	Inf	-0.19201022731402015	0.499628148901729	0.9999999999999999	No-PER3D	No-Essential3D
492	L	492	-15.233	-31.726	70.3	NA	0.473666554847367	Inf	-0.4146534900690665	0.499628148901729	0.9999999999999999	No-PER3D	No-Essential3D
493	V	493	-16.526	-28.349	68.967	NA	0.651851851851852	Inf	-0.7861463500825213	0.3051250124644707	0.448410621226354	No-PER3D	No-Essential3D
494	Q	494	-20.222	-28.165	69.854	NA	0.656133828996283	Inf	-0.4880621671581886	0.6290286438414635	1	No-PER3D	No-Essential3D
495	Y	495	-20.072	-29.525	73.357	NA	0.658582089552239	Inf	-0.02486004524695945	0.844325196583435	1	No-PER3D	No-Essential3D
496	P	496	-18.104	-26.796	75.102	NA	0.653703703703704	Inf	-0.3919780982133537	0	0.5782636416768503	No-PER3D	No-Essential3D
497	V	497	-20.065	-23.941	73.549	NA	0.656133828996283	Inf	-0.7069015588584217	0	0.5597072419106317	No-PER3D	No-Essential3D
498	E	498	-23.322	-25.448	74.788	NA	0.661048689138577	Inf	-0.1331982996832643	0	0.9999999999999999	No-PER3D	No-Essential3D
499	H	499	-22.158	-26.228	78.311	NA	0.666037735849057	Inf	-0.030983254071001002	0	0.9999999999999999	No-PER3D	No-Essential3D
500	P	500	-19.383	-23.978	79.384	NA	0.617132867132867	Inf	-0.3869329203808583	0	0.5782636416768503	No-PER3D	No-Essential3D
501	D	501	-19.579	-24.957	83.05	NA	0.617132867132867	Inf	-0.24711762376717267	0	0.5782636416768503	No-PER3D	No-Essential3D
502	K	502	-19.299	-28.742	82.919	NA	0.553459119496855	Inf	-0.02454910272492557	0	0.9999999999999999	No-PER3D	No-Essential3D
503	F	503	-16.5	-28.656	80.376	NA	0.396992481203007	Inf	-0.17305224356205312	0	0.5782636416768503	No-PER3D	No-Essential3D
504	L	504	-14.306	-26.242	82.385	NA	0.396992481203007	Inf	-0.33831450351241643	0	0.5782636416768503	No-PER3D	No-Essential3D
505	K	505	-14.974	-27.43	85.944	NA	0.4	Inf	-0.22145948810113625	0	0.9999999999999999	No-PER3D	No-Essential3D
506	F	506	-13.061	-30.655	85.528	NA	0.398863636363636	Inf	-0.4138682608451558	0	0.9999999999999999	No-PER3D	No-Essential3D
507	G	507	-9.893	-28.828	84.631	NA	0.400380228136882	Inf	-0.4138682608451558	0	0.9999999999999999	No-PER3D	No-Essential3D
508	M	508	-9.715	-30.025	81.046	NA	0.400380228136882	Inf	-0.6143299586116766	0	0.5782636416768503	No-PER3D	No-Essential3D
509	T	509	-8.422	-27.625	78.432	NA	0.444866920152091	Inf	-0.8940244585877916	0	0.5782636416768503	No-PER3D	No-Essential3D
510	P	510	-10.693	-26.405	75.711	NA	0.443181818181818	Inf	-0.782412062253889	0	0.3235153789903236	No-PER3D	No-Essential3D
511	S	511	-10.435	-28.312	72.475	NA	0.444444444444444	Inf	-0.902692754271427	0	0.3235153789903236	No-PER3D	No-Essential3D
512	K	512	-9.387	-25.373	70.341	NA	0.447401774397972	Inf	-1.302473390791213	0	0.3235153789903236	No-PER3D	No-Essential3D
513	G	513	-7.712	-27.063	67.417	NA	0.39812030075188	Inf	-1.4355755343859942	0	0.9999999999999999	No-PER3D	No-Essential3D
514	V	514	-8.41	-30.047	65.191	NA	0.395505617977528	Inf	-1.2100568936047542	0	0.9999999999999999	No-PER3D	No-Essential3D
515	L	515	-6.679	-31.195	62.023	NA	0.395505617977528	Inf	-1.3399256697226536	0	0.5597072419106317	No-PER3D	No-Essential3D
516	F	516	-7.63	-33.039	58.853	NA	0.395149253731343	Inf	-1.231488699388535	0	0.5597072419106317	No-PER3D	No-Essential3D
517	Y	517	-5.055	-35.377	57.345	NA	0.395149253731343	Inf	-1.1298379871825381	0	0.9999999999999999	No-PER3D	No-Essential3D
518	G	518	-4.854	-38.518	55.241	NA	0.356565656565657	Inf	-0.9404870988280615	0	0.9999999999999999	No-PER3D	No-Essential3D
519	P	519	-4.631	-38.964	51.503	NA	0.435424354243542	Inf	-0.8726198636565338	0	0.9999999999999999	No-PER3D	No-Essential3D
520	P	520	-3.841	-35.73	49.742	NA	0.437037037037037	Inf	-0.9440012077493085	0	0.9999999999999999	No-PER3D	No-Essential3D
521	G	521	-6.574	-33.788	47.938	NA	0.437037037037037	Inf	-0.90807507777329	0	1	No-PER3D	No-Essential3D
522	C	522	-9.286	-36.286	49.023	NA	0.404918501572777	Inf	-0.6866622893337793	0	0.5597072419106317	No-PER3D	No-Essential3D
523	G	523	-12.153	-34.003	50.039	NA	0.438661710037175	Inf	-0.6622839004661206	0	0.5597072419106317	No-PER3D	No-Essential3D
524	K	524	-10.359	-31.992	52.691	NA	0.147315855181024	Inf	-1.1667388087524244	0	0.9999999999999999	No-PER3D	No-Essential3D
525	T	525	-10.157	-29.227	50.122	NA	0.146766169154229	Inf	-1.2128770296190645	0	1	No-PER3D	No-Essential3D
526	L	526	-13.869	-29.778	49.493	NA	0.146766169154229	Inf	-0.7243790320136803	0	0.9999999999999999	No-PER3D	No-Essential3D
527	L	527	-14.407	-29.562	53.261	NA	0.148427672955975	Inf	-1.0570824247291568	0	1	No-PER3D	No-Essential3D
528	A	528	-12.948	-26.06	53.388	NA	0.148427672955975	Inf	-1.2417041461454736	0	1	No-PER3D	No-Essential3D
529	K	529	-16.4	-24.381	53.45	NA	0.150127226463104	Inf	-1.2795856530526064	0	0.5597072419106317	No-PER3D	No-Essential3D
530	A	530	-18.472	-27.192	55.043	NA	0.148427672955975	Inf	-1.0890025196789774	0	0.5597072419106317	No-PER3D	No-Essential3D
531	I	531	-16.933	-26.8	58.537	NA	0.165413533834586	Inf	-1.128531788504556	0	0.5782636416768503	No-PER3D	No-Essential3D
532	A	532	-18.736	-23.602	59.669	NA	0.164179104477612	Inf	-1.2804886768740391	0	0.9999999999999999	No-PER3D	No-Essential3D
533	N	533	-22.409	-24.656	59.53	NA	0.165262172284644	Inf	-0.8791211017568392	0	1	No-PER3D	No-Essential3D
534	E	534	-22.219	-27.151	62.389	NA	0.164033457249071	Inf	-0.5788928427543657	0.6290286438414635	1	No-PER3D	No-Essential3D
535	C	535	-21.757	-24.539	65.142	NA	0.39368029739777	Inf	-0.7992488717549087	0	1	No-PER3D	No-Essential3D
536	Q	536	-23.21	-21.853	62.839	NA	0.389667896678967	Inf	-1.0665469847129845	0	1	No-PER3D	No-Essential3D
537	A	537	-20.707	-19.241	64.02	NA	0.392565055762082	Inf	-1.4814499262892	0	1	No-PER3D	No-Essential3D
538	N	538	-18.725	-16.558	62.193	NA	0.391881918819188	Inf	-1.6457694233366786	0	0.9999999999999999	No-PER3D	No-Essential3D
539	F	539	-15.969	-17.851	59.971	NA	0.489430147058824	Inf	-1.6158059673289349	0	0.5597072419106317	No-PER3D	No-Essential3D
540	I	540	-13.318	-16.461	57.614	NA	0.488051470588235	Inf	-1.2869389109694367	0	0.9999999999999999	No-PER3D	No-Essential3D
541	S	541	-10.98	-18.797	55.744	NA	0.431013431013431	Inf	-1.2405240218637568	0	0.9999999999999999	No-PER3D	No-Essential3D
542	I	542	-7.288	-17.964	55.493	NA	0.429440389294404	Inf	-0.9000844211789536	0	1	No-PER3D	No-Essential3D
543	K	543	-4.846	-19.234	52.877	NA	0.429090909090909	Inf	-0.8811632837192467	0	1	No-PER3D	No-Essential3D
544	G	544	-1.201	-18.572	52.054	NA	0.479241877256318	Inf	-0.5028683129105552	0	1	No-PER3D	No-Essential3D
545	P	545	-1.495	-17.023	48.648	NA	0.547705002578649	Inf	-0.4020452410085598	0	1	No-PER3D	No-Essential3D
546	E	546	-4.813	-15.453	49.478	NA	0.547705002578649	Inf	-0.29444157603589954	0	1	No-PER3D	No-Essential3D
547	L	547	-4.439	-13.069	52.441	NA	0.54925219185147	Inf	-0.025050094669520885	0	1	No-PER3D	No-Essential3D
548	L	548	-0.974	-13.462	53.977	NA	0.547276464542652	Inf	-0.01844326926950652	0	1	No-PER3D	No-Essential3D
549	T	549	0.955	-12.867	50.729	NA	0.638489208633094	Inf	0.1871715751764818	0	1	No-PER3D	No-Essential3D
550	M	550	0.279	-9.105	50.552	NA	0.514079422382672	Inf	0.3549529962820267	0	1	No-PER3D	No-Essential3D
551	W	551	2.672	-6.202	51.042	NA	0.642599277978339	Inf	0.5335972049708639	0	1	No-PER3D	No-Essential3D
552	F	552	4.552	-5.627	54.254	NA	0.640794223826715	Inf	0.27364418550571834	0	0.9999999999999999	No-PER3D	No-Essential3D
553	G	553	2.514	-4.196	57.099	NA	0.640794223826715	Inf	-0.13697127370025172	0	0.9999999999999999	No-PER3D	No-Essential3D
554	E	554	-0.753	-5.739	55.887	NA	0.647810218978102	Inf	0.23288326285927924	0	1	No-PER3D	No-Essential3D
555	S	555	0.392	-9.339	56.355	NA	0.647272727272727	Inf	0.10920327479315953	0	1	No-PER3D	No-Essential3D
556	E	556	-0.454	-9.285	60.08	NA	0.646739130434783	Inf	0.0707773209502061	0	1	No-PER3D	No-Essential3D
557	A	557	-3.488	-6.959	59.914	NA	0.646209386281588	Inf	0.052199307267178766	0	0.9999999999999999	No-PER3D	No-Essential3D
558	N	558	-5.721	-9.643	58.433	NA	0.642086330935252	Inf	-0.17854908783595005	0	1	No-PER3D	No-Essential3D
559	V	559	-5.123	-11.879	61.453	NA	0.432727272727273	Inf	-0.48538799234968527	0	1	No-PER3D	No-Essential3D
560	R	560	-5.841	-8.813	63.562	NA	0.432727272727273	Inf	-0.5053250034186505	0	1	No-PER3D	No-Essential3D
561	E	561	-9.377	-8.716	62.17	NA	0.434676434676435	Inf	-0.884258394829693	0	1	No-PER3D	No-Essential3D
562	I	562	-10.025	-12.275	63.34	NA	0.4330900243309	Inf	-1.4643400076551136	0	1	No-PER3D	No-Essential3D
563	F	563	-8.883	-11.233	66.802	NA	0.37257980115123	Inf	-1.480923627116004	0	1	No-PER3D	No-Essential3D
564	D	564	-11.308	-8.317	66.758	NA	0.37257980115123	Inf	-1.1941678729960652	0	1	No-PER3D	No-Essential3D
565	K	565	-13.854	-10.927	65.719	NA	0.37257980115123	Inf	-1.4547663956685437	0	1	No-PER3D	No-Essential3D
566	A	566	-12.889	-12.882	68.802	NA	0	Inf	-1.8429419745383304	0	0.5597072419106317	No-PER3D	No-Essential3D
567	R	567	-13.641	-9.902	71.058	NA	0	Inf	-1.51336108775731	0	0.9999999999999999	No-PER3D	No-Essential3D
568	Q	568	-16.02	-7.411	69.396	NA	0	Inf	-1.0201290948149204	0	0.9999999999999999	No-PER3D	No-Essential3D
569	A	569	-17.664	-9.763	66.877	NA	0	Inf	-1.316266679921421	0	1	No-PER3D	No-Essential3D
570	A	570	-17.762	-12.998	68.947	NA	0	Inf	-1.8969107864210817	0	0.9999999999999999	No-PER3D	No-Essential3D
571	P	571	-18.059	-15.869	68.141	NA	0	Inf	-1.8076653813499044	0	0.9999999999999999	No-PER3D	No-Essential3D
572	C	572	-15.471	-16.746	65.48	NA	0	Inf	-1.7157437526138755	0	0.5597072419106317	No-PER3D	No-Essential3D
573	V	573	-14.043	-19.748	63.631	NA	0	Inf	-1.6027723287763993	0	0.9999999999999999	No-PER3D	No-Essential3D
574	L	574	-10.52	-19.792	62.214	NA	0	Inf	-1.532643999268718	0	1	No-PER3D	No-Essential3D
575	F	575	-9.518	-22.263	59.516	NA	0.266171003717472	Inf	-1.603953850235536	0	1	No-PER3D	No-Essential3D
576	F	576	-6.306	-22.668	57.531	NA	0.266171003717472	Inf	-1.3105257383425044	0	1	No-PER3D	No-Essential3D
577	D	577	-6.027	-25.078	54.613	NA	0.334888059701493	Inf	-1.3897091599498046	0	1	No-PER3D	No-Essential3D
578	E	578	-3.112	-26.667	52.735	NA	0.332407407407407	Inf	-1.3304477612529977	0	1	No-PER3D	No-Essential3D
579	L	579	-0.563	-26.735	55.564	NA	0.336466165413534	Inf	-1.3709326410109037	0	1	No-PER3D	No-Essential3D
580	D	580	2.176	-28.117	53.296	NA	0.336466165413534	Inf	-1.2931082323910963	0	1	No-PER3D	No-Essential3D
581	S	581	2.256	-25.028	51.073	NA	0.336142322097378	Inf	-1.2017599841098587	0	1	No-PER3D	No-Essential3D
582	I	582	2.613	-22.744	54.094	NA	0.413318025258324	Inf	-0.8978466488174123	0	1	No-PER3D	No-Essential3D
583	A	583	5.674	-24.682	55.209	NA	0.412169919632606	Inf	-1.117563046084493	0	1	No-PER3D	No-Essential3D
584	K	584	7.666	-22.999	52.465	NA	0.413713627196773	Inf	-0.8754759510129462	0	1	No-PER3D	No-Essential3D
585	A	585	6.874	-19.625	54.019	NA	0.418414918414918	Inf	-0.5472031548369077	0	1	No-PER3D	No-Essential3D
586	R	586	7.23	-20.831	57.605	NA	0.391091797935904	Inf	-0.8084330965093359	0	1	No-PER3D	No-Essential3D
587	G	587	10.509	-22.639	57.066	NA	0.388528138528139	Inf	-0.9000905286071994	0	0.5597072419106317	No-PER3D	No-Essential3D
588	G	588	11.646	-26.087	58.077	NA	0.384162653825575	Inf	-0.7790999952952875	1.2794008777427712	0.6757465920917792	No-PER3D	No-Essential3D
589	N	589	13.607	-27.029	61.159	NA	0.383795309168443	Inf	-0.5962281726788733	1.0165717742814255	1	No-PER3D	No-Essential3D
590	I	590	16.701	-29.055	60.407	NA	0.447761194029851	Inf	-0.37778517586262145	1.716385075461626	0.6221437252018024	No-PER3D	No-Essential3D
591	G	591	18.924	-30.964	62.787	NA	0.408742548963951	Inf	-0.38749710024598233	1.716385075461626	0.6221437252018024	No-PER3D	No-Essential3D
592	D	592	18.478	-31.041	66.529	NA	0.408742548963951	Inf	-0.5150910504434961	1.2794008777427712	0.6757465920917792	No-PER3D	No-Essential3D
593	G	593	18.403	-27.282	66.8	NA	0.411396011396011	Inf	-0.7070557143109737	1.716385075461626	0.6221437252018024	No-PER3D	No-Essential3D
594	G	594	15.957	-25.456	64.565	NA	0.442804428044281	Inf	-0.7557614634855305	1.2794008777427712	0.6757465920917792	No-PER3D	No-Essential3D
595	G	595	12.765	-23.425	64.41	NA	0.438339438339438	Inf	-0.8039257856213703	1.0165717742814255	1	No-PER3D	No-Essential3D
596	A	596	10.293	-21.715	62.107	NA	0.438339438339438	Inf	-0.7867748796098145	0	0.5597072419106317	No-PER3D	No-Essential3D
597	A	597	11.59	-18.216	61.643	NA	0.481717544448172	Inf	-0.7077750520791255	0	1	No-PER3D	No-Essential3D
598	D	598	8.57	-16.717	59.964	NA	0.509508941243259	Inf	-0.4804213093289591	0	1	No-PER3D	No-Essential3D
599	R	599	7.141	-13.207	59.956	NA	0.510928186204939	Inf	0.03745758775423849	0	1	No-PER3D	No-Essential3D
600	V	600	3.544	-14.292	60.481	NA	0.507185122569738	Inf	-0.12142227662790077	0	0.9999999999999999	No-PER3D	No-Essential3D
601	I	601	3.936	-17.034	63.114	NA	0.510928186204939	Inf	-0.5348915475959516	0	1	No-PER3D	No-Essential3D
602	N	602	4.869	-14.683	65.933	NA	0.510463800904977	Inf	-0.45533479505778307	0	1	No-PER3D	No-Essential3D
603	Q	603	1.521	-12.883	65.747	NA	0.475751186083289	Inf	-0.28337785471642296	0	1	No-PER3D	No-Essential3D
604	I	604	-0.354	-16.15	65.357	NA	0.528937728937729	Inf	-0.6120476564172491	0	1	No-PER3D	No-Essential3D
605	L	605	0.91	-18.389	68.155	NA	0.57248286768582	Inf	-0.9885456715860658	0	1	No-PER3D	No-Essential3D
606	T	606	0.953	-15.877	70.987	NA	0.41101334090264	Inf	-0.7807168709284277	0	1	No-PER3D	No-Essential3D
607	E	607	-2.589	-14.513	70.769	NA	0.4080022541561	Inf	-1.0779642797350244	0	1	No-PER3D	No-Essential3D
608	M	608	-4.217	-17.816	69.846	NA	0.33	Inf	-1.3885788289456331	0	0.5597072419106317	No-PER3D	No-Essential3D
609	D	609	-3.434	-19.189	73.319	NA	0.303511705685619	Inf	-1.2848630372199874	0	0.5597072419106317	No-PER3D	No-Essential3D
610	G	610	-4.129	-16.012	75.298	NA	0.281832298136646	Inf	-1.3635565005479136	0	0.9999999999999999	No-PER3D	No-Essential3D
611	M	611	-7.82	-15.883	74.512	NA	0.282857142857143	Inf	-1.5903357363596204	0	0.5597072419106317	No-PER3D	No-Essential3D
612	S	612	-10.033	-17.833	76.878	NA	0.282608695652174	Inf	-1.4945872476157593	0	0.9999999999999999	No-PER3D	No-Essential3D
613	T	613	-12.972	-20.127	76.135	NA	0.189090909090909	Inf	-1.1999646795317762	0	0.5782636416768503	No-PER3D	No-Essential3D
614	K	614	-15.516	-17.325	76.554	NA	0.176484848484849	Inf	-1.3467228724388574	0	0.9999999999999999	No-PER3D	No-Essential3D
615	K	615	-14.213	-15.557	73.436	NA	0.188571428571429	Inf	-1.8066313325840258	0	0.9999999999999999	No-PER3D	No-Essential3D
616	N	616	-15.086	-18.7	71.438	NA	0.188571428571429	Inf	-1.4407476790585116	0	0.5597072419106317	No-PER3D	No-Essential3D
617	V	617	-11.9	-19.157	69.455	NA	0.176	Inf	-1.591570835110775	0	0.5597072419106317	No-PER3D	No-Essential3D
618	F	618	-11.72	-22.229	67.236	NA	0.176	Inf	-1.4243815810579028	0	0.5597072419106317	No-PER3D	No-Essential3D
619	I	619	-8.821	-22.976	64.937	NA	0.177289377289377	Inf	-1.3794606161210021	0	1	No-PER3D	No-Essential3D
620	I	620	-9.341	-25.662	62.322	NA	0.175210589651023	Inf	-1.478167133238304	0	0.9999999999999999	No-PER3D	No-Essential3D
621	G	621	-6.563	-27.39	60.433	NA	0.17410071942446	Inf	-1.540968902578937	0	0.9999999999999999	No-PER3D	No-Essential3D
622	A	622	-6.554	-29.321	57.186	NA	0.187209902011346	Inf	-1.4051970026277516	0	0.5597072419106317	No-PER3D	No-Essential3D
623	T	623	-3.382	-30.659	55.58	NA	0.187888198757764	Inf	-1.3056084663012113	0	0.9999999999999999	No-PER3D	No-Essential3D
624	N	624	-2.635	-33.095	52.76	NA	0.188051948051948	Inf	-1.1236266044571508	0	1	No-PER3D	No-Essential3D
625	R	625	0.334	-34.979	54.256	NA	0.188051948051948	Inf	-1.0382785062783022	0	1	No-PER3D	No-Essential3D
626	P	626	1.359	-35.193	57.879	NA	0.187370600414079	Inf	-0.9503003352812364	0	0.9999999999999999	No-PER3D	No-Essential3D
627	D	627	5.008	-35.681	56.913	NA	0.187370600414079	Inf	-0.7723796854252041	0	0.9999999999999999	No-PER3D	No-Essential3D
628	I	628	5.039	-32.115	55.498	NA	0.282857142857143	Inf	-0.8901949348331448	0	1	No-PER3D	No-Essential3D
629	I	629	4.206	-30.348	58.779	NA	0.220802919708029	Inf	-1.0527523217863015	0	1	No-PER3D	No-Essential3D
630	D	630	6.664	-28.099	60.625	NA	0.241092241092241	Inf	-0.8658178454383986	0	0.5782636416768503	No-PER3D	No-Essential3D
631	P	631	7.323	-29.248	64.135	NA	0.239548772395488	Inf	-0.8993688008959516	1.2794008777427712	0.6757465920917792	No-PER3D	No-Essential3D
632	A	632	7.946	-25.752	65.466	NA	0.24220060382422	Inf	-0.7974911832618359	1.0165717742814255	1	No-PER3D	No-Essential3D
633	I	633	4.277	-24.854	65.175	NA	0.24220060382422	Inf	-0.9178315824533291	0	0.9999999999999999	No-PER3D	No-Essential3D
634	L	634	3.047	-28.139	66.62	NA	0.266420664206642	Inf	-1.1375541133004197	0	1	No-PER3D	No-Essential3D
635	R	635	2.964	-28.306	70.394	NA	0.134074074074074	Inf	-1.1655888953962974	0	1	No-PER3D	No-Essential3D
636	P	636	0.999	-30.183	72.972	NA	0.134444444444444	Inf	-1.0751165809362495	0	1	No-PER3D	No-Essential3D
637	G	637	-2.045	-28.098	73.74	NA	0.150497512437811	Inf	-1.1916878939569886	0	0.9999999999999999	No-PER3D	No-Essential3D
638	R	638	-2.925	-26.821	70.263	NA	0.269144981412639	Inf	-1.2883515201228757	0	0.9999999999999999	No-PER3D	No-Essential3D
639	L	639	-3.397	-29.955	68.079	NA	0.301290054099043	Inf	-1.220927523007705	0	0.5597072419106317	No-PER3D	No-Essential3D
640	D	640	-4.462	-32.597	70.628	NA	0.337686567164179	Inf	-1.1227365818071273	0	0.3235153789903236	No-PER3D	No-Essential3D
641	Q	641	-7.634	-33.657	68.777	NA	0.388829215896885	Inf	-0.9908805057261874	0	0.9999999999999999	No-PER3D	No-Essential3D
642	L	642	-7.179	-36.141	65.986	NA	0.388829215896885	Inf	-0.8813934190680095	0	0.9999999999999999	No-PER3D	No-Essential3D
643	I	643	-9.766	-36.288	63.248	NA	0.386302835741038	Inf	-0.7993382620237849	0.499628148901729	0.9999999999999999	No-PER3D	No-Essential3D
644	Y	644	-8.615	-38.605	60.522	NA	0.450686641697878	Inf	-0.8129363787062052	0	0.5597072419106317	No-PER3D	No-Essential3D
645	I	645	-10.073	-38.232	57.048	NA	0.544905660377359	Inf	-0.8342441040261596	0	0.5597072419106317	No-PER3D	No-Essential3D
646	P	646	-10.122	-41.492	55.156	NA	0.452380952380952	Inf	-0.4765968205154176	0	0.9999999999999999	No-PER3D	No-Essential3D
647	L	647	-10.44	-42.171	51.43	NA	0.581632653061225	Inf	-0.2161337629433341	0	0.9999999999999999	No-PER3D	No-Essential3D
648	P	648	-13.702	-40.605	50.372	NA	0.815094339622642	Inf	-0.17394773710023972	0	0.9999999999999999	No-PER3D	No-Essential3D
649	D	649	-15.99	-43.627	49.781	NA	0.676691729323308	Inf	0.3139947146727543	0	0.5597072419106317	No-PER3D	No-Essential3D
650	E	650	-15.191	-44.573	46.18	NA	0.679245283018868	Inf	0.328381640366586	0	0.5597072419106317	No-PER3D	No-Essential3D
651	K	651	-18.04	-47.05	46.092	NA	0.776280323450135	Inf	0.5034324876913256	0	0.5597072419106317	No-PER3D	No-Essential3D
652	S	652	-20.415	-44.401	47.476	NA	0.774123989218329	Inf	0.5796749740290233	0	0.5782636416768503	No-PER3D	No-Essential3D
653	R	653	-18.95	-41.512	45.446	NA	0.76906552094522	Inf	0.4561638419020805	0	0.3235153789903236	No-PER3D	No-Essential3D
654	V	654	-22.057	-41.426	43.272	NA	0.766185125735688	Inf	0.598413669652052	0	0.3235153789903236	No-PER3D	No-Essential3D
655	A	655	-23.687	-39.616	46.182	NA	0.76906552094522	Inf	0.7531598873712065	0	0.5597072419106317	No-PER3D	No-Essential3D
656	I	656	-20.969	-36.967	46.071	NA	0.771213748657358	Inf	0.46747870428119276	0.41324023787582415	0.6747984827119305	No-PER3D	No-Essential3D
657	L	657	-21.578	-36.13	42.407	NA	0.838014981273408	Inf	0.4746456502393363	0.41324023787582415	0.6747984827119305	No-PER3D	No-Essential3D
658	K	658	-25.314	-36.154	42.914	NA	0.828703703703704	Inf	0.8448023566448088	0.35147385119370106	0.44396917044079115	No-PER3D	No-Essential3D
659	A	659	-25.018	-33.021	45.034	NA	0.757671957671958	Inf	0.9173050936422789	0.499628148901729	0.9999999999999999	No-PER3D	No-Essential3D
660	N	660	-22.477	-31.539	42.576	NA	0.752100840336134	Inf	0.5723649398182278	0.41324023787582415	0.6747984827119305	No-PER3D	No-Essential3D
661	L	661	-24.671	-31.593	39.423	NA	0.757671957671958	Inf	0.8044332845287228	0.499628148901729	0.9999999999999999	No-PER3D	No-Essential3D
662	R	662	-27.491	-29.499	40.926	NA	0.75698471270427	Inf	1.2837757650430899	0.844325196583435	1	No-PER3D	No-Essential3D
663	K	663	-26.385	-26.178	39.431	NA	0.827952029520295	Inf	1.363961967616701	0.844325196583435	1	No-PER3D	No-Essential3D
664	S	664	-27.408	-26.999	35.86	NA	0.7393638992152	Inf	1.0757148327237505	0.6290286438414635	1	No-PER3D	No-Essential3D
665	P	665	-30.408	-28.637	34.307	NA	0.743494423791822	Inf	1.0582585695711757	0.6290286438414635	1	No-PER3D	No-Essential3D
666	V	666	-29.338	-32.159	33.438	NA	0.740740740740741	Inf	0.5956941547701827	0.41324023787582415	0.6747984827119305	No-PER3D	No-Essential3D
667	A	667	-30.81	-35.145	31.652	NA	0.743494423791822	Inf	0.44638388738594303	0.35147385119370106	0.44396917044079115	No-PER3D	No-Essential3D
668	K	668	-33.334	-37.123	33.64	NA	0.743494423791822	Inf	0.6928192450539814	0	0.5782636416768503	No-PER3D	No-Essential3D
669	D	669	-31.975	-40.409	32.381	NA	0.590946502057613	Inf	0.3668820780313639	0	0.5782636416768503	No-PER3D	No-Essential3D
670	V	670	-28.556	-40.207	33.991	NA	0.593143329202809	Inf	0.49041025065862787	0	0.5782636416768503	No-PER3D	No-Essential3D
671	D	671	-25.907	-42.915	33.812	NA	0.593143329202809	Inf	0.23872901908387914	0	0.5782636416768503	No-PER3D	No-Essential3D
672	L	672	-24.421	-43.321	37.307	NA	0.606623859411964	Inf	0.5010841509511262	0	0.5597072419106317	No-PER3D	No-Essential3D
673	E	673	-23.144	-46.888	37.097	NA	0.556071871127633	Inf	0.34401184597484696	0	0.5597072419106317	No-PER3D	No-Essential3D
674	F	674	-19.265	-46.713	36.891	NA	0.556071871127633	Inf	0.12683319947166968	0	0.18613500121016857	No-PER3D	No-Essential3D
675	L	675	-18.427	-43.024	36.774	NA	0.50997150997151	Inf	0.12466373574858117	0	0.10746987114701365	No-PER3D	No-Essential3D
676	A	676	-16.667	-42.559	40.16	NA	0.470479704797048	Inf	0.1663157024938693	0	0.18613500121016857	No-PER3D	No-Essential3D
677	K	677	-15.994	-46.144	41.263	NA	0.510437517872462	Inf	0.37590729603635914	0	0.18613500121016857	No-PER3D	No-Essential3D
678	M	678	-13.172	-46.842	38.816	NA	0.510437517872462	Inf	0.06487978730023418	0	0.19339016393904931	No-PER3D	No-Essential3D
679	T	679	-11.077	-43.785	39.669	NA	0.4753053637812	Inf	-0.10707108174106375	0	0.19339016393904931	No-PER3D	No-Essential3D
680	N	680	-10.412	-44.203	43.404	NA	0.4753053637812	Inf	-0.0524852859485824	0	0.3235153789903236	No-PER3D	No-Essential3D
681	G	681	-8.117	-41.111	43.244	NA	0.475746268656716	Inf	-0.2374759907658948	0	0.18613500121016857	No-PER3D	No-Essential3D
682	F	682	-10.532	-38.494	42	NA	0.40835001429797	Inf	-0.20792860594853577	0	0.3235153789903236	No-PER3D	No-Essential3D
683	S	683	-12.393	-36.659	44.728	NA	0.406837606837607	Inf	-0.1419915808575246	0	0.3235153789903236	No-PER3D	No-Essential3D
684	G	684	-15.143	-34.079	44.425	NA	0.472222222222222	Inf	0.002640660201384812	0	0.5597072419106317	No-PER3D	No-Essential3D
685	A	685	-12.636	-31.397	43.505	NA	0.46875	Inf	-0.5294812593497187	0	0.9999999999999999	No-PER3D	No-Essential3D
686	D	686	-11.227	-33.444	40.592	NA	0.465724751439037	Inf	-0.4160229056147154	0.6290286438414635	1	No-PER3D	No-Essential3D
687	L	687	-14.697	-34.701	39.694	NA	0.464025026068822	Inf	-0.06293754549802211	0.499628148901729	0.9999999999999999	No-PER3D	No-Essential3D
688	T	688	-15.304	-31.356	38.01	NA	0.36987012987013	Inf	-0.11941897009180755	1.2737025938309041	0.9999999999999999	No-PER3D	No-Essential3D
689	E	689	-12.877	-32.378	35.262	NA	0.436274509803922	Inf	-0.34235272592015475	0.6290286438414635	1	No-PER3D	No-Essential3D
690	I	690	-15.148	-35.275	34.4	NA	0.436654366543665	Inf	-0.26344219644114514	0.41324023787582415	0.6747984827119305	No-PER3D	No-Essential3D
691	C	691	-18.011	-32.798	34.357	NA	0.438661710037175	Inf	0.1510576237055303	1.0165717742814255	1	No-PER3D	No-Essential3D
692	Q	692	-15.956	-30.487	32.201	NA	0.493936567164179	Inf	-0.12230153823973232	1.2737025938309041	0.9999999999999999	No-PER3D	No-Essential3D
693	R	693	-15.424	-33.345	29.799	NA	0.493494423791822	Inf	-0.3514013203027818	0.499628148901729	0.9999999999999999	No-PER3D	No-Essential3D
694	A	694	-19.178	-33.841	29.489	NA	0.493494423791822	Inf	-0.07950128961145524	0.35147385119370106	0.44396917044079115	No-PER3D	No-Essential3D
695	C	695	-19.958	-30.085	29.255	NA	0.580056179775281	Inf	0.15779546939609804	0.35147385119370106	0.44396917044079115	No-PER3D	No-Essential3D
696	K	696	-17.256	-28.576	27.009	NA	0.616993464052288	Inf	0.10624373561030792	0.6290286438414635	1	No-PER3D	No-Essential3D
697	L	697	-18.926	-29.863	23.831	NA	0.655555555555556	Inf	0.28484926817114553	0.35147385119370106	0.44396917044079115	No-PER3D	No-Essential3D
698	A	698	-21.743	-27.323	24.043	NA	0.661048689138577	Inf	0.5778072841365828	0.3051250124644707	0.448410621226354	No-PER3D	No-Essential3D
699	I	699	-19.736	-24.621	22.29	NA	0.668560606060606	Inf	1.1402591029986506	0	0.06251665062128055	No-PER3D	No-Essential3D
700	R	700	-18.83	-26.974	19.501	NA	0.705118601747815	Inf	1.2451132854333153	0	0.06251665062128055	No-PER3D	No-Essential3D
701	E	701	-21.027	-28.303	16.753	NA	0.705764411027569	Inf	1.3604926575133522	0	0.06251665062128055	No-PER3D	No-Essential3D
702	S	702	-23.222	-25.249	16.812	NA	0.744360902255639	Inf	1.4250209847152	0	0.06251665062128055	No-PER3D	No-Essential3D
703	I	703	-23.922	-22.898	13.973	NA	0.794716981132075	Inf	1.604466497070768	0	0.10746987114701365	No-PER3D	No-Essential3D
704	E	704	-25.91	-20.617	16.169	NA	0.789473684210526	Inf	1.491429352242721	0	0.10746987114701365	No-PER3D	No-Essential3D
705	S	705	-23.216	-18.601	17.809	NA	0.782899628252788	Inf	1.6146946656523535	0	0.10746987114701365	No-PER3D	No-Essential3D
706	E	706	-21.404	-15.338	17.524	NA	0.832630469161835	Inf	1.6386049368397382	0	0.3235153789903236	No-PER3D	No-Essential3D
707	I	707	-18.562	-17.328	16.112	NA	0.838821030270845	Inf	1.673964155633723	0	0.10746987114701365	No-PER3D	No-Essential3D
708	R	708	-19.362	-20.2	13.834	NA	0.835714285714286	Inf	1.7451464756668746	0	0.10746987114701365	No-PER3D	No-Essential3D
709	R	709	-17.951	-23.624	14.473	NA	0.8	Inf	1.6303695991422835	0	0.10746987114701365	No-PER3D	No-Essential3D
710	E	710	-17.285	-26.54	12.214	NA	0.866666666666667	Inf	1.7673991129090063	0	0.10746987114701365	No-PER3D	No-Essential3D
711	R	711	-20.551	-27.612	10.738	NA	0.945454545454546	Inf	1.7675277682139876	0	0.10746987114701365	No-PER3D	No-Essential3D
712	E	712	-21.386	-31.258	10.985	NA	0.951672862453532	Inf	1.8442276123555208	0	0.5782636416768503	No-PER3D	No-Essential3D
713	R	713	-24.38	-33.128	9.727	NA	0.882205513784461	Inf	1.6803344282490214	0	0.9999999999999999	No-PER3D	No-Essential3D
714	Q	714	-25.781	-35.697	12.066	NA	0.808266360505167	Inf	1.3733844907957973	0	0.5597072419106317	No-PER3D	No-Essential3D
715	T	715	-28.804	-37.803	11.487	NA	0.802279202279202	Inf	1.2509563240022088	0	0.9999999999999999	No-PER3D	No-Essential3D
716	N	716	-30.324	-38.598	14.812	NA	0.744333157617291	Inf	0.9884843544917682	0	0.9999999999999999	No-PER3D	No-Essential3D
717	P	717	-32.912	-41.236	14.965	NA	0.781549815498155	Inf	1.0659107361715832	0	0.9999999999999999	No-PER3D	No-Essential3D
718	S	718	-36.477	-40.095	15.087	NA	0.773626373626374	Inf	1.0971588318230139	0	0.9999999999999999	No-PER3D	No-Essential3D
719	A	719	-37.84	-40.359	18.545	NA	0.828885400313972	Inf	1.045453438695267	0	0.9999999999999999	No-PER3D	No-Essential3D
720	M	720	-40.953	-40.09	20.627	NA	0.731428571428571	Inf	0.953784247362603	0	0.9999999999999999	No-PER3D	No-Essential3D
721	E	721	-41.415	-37.758	23.568	NA	0.731428571428571	Inf	0.8890188503465727	0	1	No-PER3D	No-Essential3D
722	V	722	-38.21	-36.455	25.038	NA	0.730848861283644	Inf	0.7917915293815033	0	0.5597072419106317	No-PER3D	No-Essential3D
723	E	723	-36.379	-39.533	26.17	NA	0.639492753623188	Inf	0.69969296254519	0	0.5782636416768503	No-PER3D	No-Essential3D
724	E	724	-33.608	-40.141	23.718	NA	0.599030303030303	Inf	0.5871637139510324	0	0.3235153789903236	No-PER3D	No-Essential3D
725	D	725	-31.492	-37.248	22.535	NA	0.553701772679875	Inf	0.5916269465522918	0	0.3235153789903236	No-PER3D	No-Essential3D
726	D	726	-33.629	-34.248	21.788	NA	0.569393382352941	Inf	0.6995682438229899	0	0.3235153789903236	No-PER3D	No-Essential3D
727	P	727	-33.083	-31.857	19.005	NA	0.523985239852399	Inf	0.7901571803100287	0	0.3235153789903236	No-PER3D	No-Essential3D
728	V	728	-29.955	-29.73	19.27	NA	0.489430147058824	Inf	0.8154865396218014	0	0.18613500121016857	No-PER3D	No-Essential3D
729	P	729	-29.156	-32.007	22.153	NA	0.535444947209653	Inf	0.5074131293044446	0	0.18613500121016857	No-PER3D	No-Essential3D
730	E	730	-27.384	-30.37	25.095	NA	0.529199405393927	Inf	0.4245641974333912	0	0.18613500121016857	No-PER3D	No-Essential3D
731	I	731	-26.649	-33.38	27.275	NA	0.528776978417266	Inf	0.24574751919013127	0.499628148901729	0.9999999999999999	No-PER3D	No-Essential3D
732	R	732	-26.704	-36.982	26.2	NA	0.495452748121787	Inf	0.18311669230103705	0	0.5782636416768503	No-PER3D	No-Essential3D
733	R	733	-26.043	-40.348	27.819	NA	0.428912783751493	Inf	0.11639399810994258	0	0.3235153789903236	No-PER3D	No-Essential3D
734	D	734	-22.91	-40.673	25.71	NA	0.377398271136412	Inf	-0.03587617073898449	0.499628148901729	0.9999999999999999	No-PER3D	No-Essential3D
735	H	735	-21.265	-37.782	27.489	NA	0.428057553956834	Inf	-0.0398226343614896	0.3051250124644707	0.448410621226354	No-PER3D	No-Essential3D
736	F	736	-21.108	-39.817	30.719	NA	0.425328554360812	Inf	-0.1781526250694367	0.3051250124644707	0.448410621226354	No-PER3D	No-Essential3D
737	E	737	-20.633	-43.25	29.138	NA	0.423809523809524	Inf	-0.33401880799318745	0.35147385119370106	0.44396917044079115	No-PER3D	No-Essential3D
738	E	738	-17.666	-42.218	26.97	NA	0.445556946182728	Inf	-0.4621156969714205	0.41324023787582415	0.6747984827119305	No-PER3D	No-Essential3D
739	A	739	-16.158	-40.274	29.879	NA	0.444904722452361	Inf	-0.3667388999746047	0.24018163237588044	0.18419975813992057	No-PER3D	No-Essential3D
740	M	740	-14.594	-43.425	31.36	NA	0.417543859649123	Inf	-0.3588153679099313	0.35147385119370106	0.44396917044079115	No-PER3D	No-Essential3D
741	R	741	-11.594	-43.513	29.006	NA	0.399776035834267	Inf	-0.4534705727049647	0.41324023787582415	0.6747984827119305	No-PER3D	No-Essential3D
742	F	742	-9.78	-40.885	31.119	NA	0.402322532309421	Inf	-0.4939861284302842	0.35147385119370106	0.44396917044079115	No-PER3D	No-Essential3D
743	A	743	-10.271	-42.929	34.292	NA	0.399776035834267	Inf	-0.4670066934417806	0.35147385119370106	0.44396917044079115	No-PER3D	No-Essential3D
744	R	744	-6.971	-42.405	36.035	NA	0.466405375139978	Inf	-0.520469668176695	0	0.18613500121016857	No-PER3D	No-Essential3D
745	R	745	-7.422	-39.273	38.5	NA	0.49195131527287	Inf	-0.5433911252599554	0	0.18613500121016857	No-PER3D	No-Essential3D
746	S	746	-6.225	-36.306	40.484	NA	0.403759398496241	Inf	-0.6003200766041146	0	0.5782636416768503	No-PER3D	No-Essential3D
747	V	747	-4.681	-38.484	43.14	NA	0.429256594724221	Inf	-0.5133388314081053	0	0.5782636416768503	No-PER3D	No-Essential3D
748	S	748	-2.144	-41.156	42.246	NA	0.376050420168067	Inf	-0.6087348750109692	0	0.5597072419106317	No-PER3D	No-Essential3D
749	D	749	-1.824	-44.491	44.025	NA	0.376050420168067	Inf	-0.5236236488328281	0	0.9999999999999999	No-PER3D	No-Essential3D
750	N	750	1.483	-43.567	45.593	NA	0.373383395911556	Inf	-0.6449934790535229	0	1	No-PER3D	No-Essential3D
751	D	751	-0.134	-40.426	46.877	NA	0.422850412249706	Inf	-0.7245675588777554	0	1	No-PER3D	No-Essential3D
752	I	752	-2.778	-42.42	48.702	NA	0.423167848699764	Inf	-0.608286784605793	0	0.9999999999999999	No-PER3D	No-Essential3D
753	R	753	-0.277	-44.686	50.388	NA	0.42018779342723	Inf	-0.7046380770878754	0	0.9999999999999999	No-PER3D	No-Essential3D
754	K	754	1.569	-41.677	51.74	NA	0.44302756067462	Inf	-0.9938870539121755	0	0.9999999999999999	No-PER3D	No-Essential3D
755	Y	755	-1.609	-40.032	52.997	NA	0.474734042553192	Inf	-0.9357792046337601	0	0.9999999999999999	No-PER3D	No-Essential3D
756	E	756	-2.66	-43.135	54.857	NA	0.478125	Inf	-0.8665513698483208	0	0.9999999999999999	No-PER3D	No-Essential3D
757	M	757	0.824	-43.28	56.338	NA	0.392307692307692	Inf	-0.9263396345137233	0	0.9999999999999999	No-PER3D	No-Essential3D
758	F	758	0.439	-39.721	57.616	NA	0.392307692307692	Inf	-0.8759501314186221	0	1	No-PER3D	No-Essential3D
759	A	759	-3.002	-40.5	58.918	NA	0.427718040621266	Inf	-0.8676591478080021	0	0.9999999999999999	No-PER3D	No-Essential3D
760	Q	760	-1.383	-42.715	61.537	NA	0.350228907782865	Inf	-0.7872236647906757	0	0.9999999999999999	No-PER3D	No-Essential3D
761	T	761	1.964	-40.899	62.088	NA	0.354049586776859	Inf	-0.7482481071588519	0	0.9999999999999999	No-PER3D	No-Essential3D
762	L	762	1.175	-37.179	61.969	NA	0.354049586776859	Inf	-0.9157136973035002	0	0.5597072419106317	No-PER3D	No-Essential3D
763	Q	763	1.079	-36.646	65.729	NA	0.475524475524476	Inf	-1.0321888660126501	0	0.5597072419106317	No-PER3D	No-Essential3D
764	Q	764	4.67	-37.928	65.818	NA	0.519272727272727	Inf	-0.980637262333945	0	0.9999999999999999	No-PER3D	No-Essential3D
765	S	765	5.91	-34.964	63.768	NA	0.586297760210804	Inf	-1.0140596968643945	0	0.9999999999999999	No-PER3D	No-Essential3D
766	R	766	6.635	-32.874	66.844	NA	0.573268921095008	Inf	-1.059219547896307	2.5879796616099093	0.3167870995164975	No-PER3D	No-Essential3D
767	G	767	9.648	-35.004	67.695	NA	0.569144684252598	Inf	-0.9058031047278853	1.2794008777427712	0.6757465920917792	No-PER3D	No-Essential3D
768	F	768	12.353	-35.991	65.288	NA	0.569594865623747	Inf	-0.6128603821012232	1.2794008777427712	0.6757465920917792	No-PER3D	No-Essential3D
769	G	769	11.044	-36.095	61.763	NA	0.573737373737374	Inf	-0.6482899812141985	1.2794008777427712	0.6757465920917792	No-PER3D	No-Essential3D
770	S	770	12.412	-34.768	58.536	NA	0.577940577940578	Inf	-0.43510482274516704	1.2794008777427712	0.6757465920917792	No-PER3D	No-Essential3D
771	F	771	11.579	-35.594	54.985	NA	0.654981549815498	Inf	-0.5647114206999322	0	0.9999999999999999	No-PER3D	No-Essential3D
772	R	772	13.779	-34.239	52.253	NA	0.754115772703133	Inf	-0.05070885587118768	0	0.9999999999999999	No-PER3D	No-Essential3D
773	F	773	17.124	-34.7	50.642	NA	0.756929637526652	Inf	0.5994861760930983	0	0.9999999999999999	No-PER3D	No-Essential3D
774	P	774	19.146	-32.023	49.031	NA	0.654981549815498	Inf	1.1352234127321894	0	1	No-PER3D	No-Essential3D
775	S	775	20.705	-32.155	45.6	NA	0.565079365079365	Inf	1.5079037658268986	0	1	No-PER3D	No-Essential3D
776	G	776	23.861	-30.618	44.264	NA	0.565079365079365	Inf	1.5191702137712446	0	1	No-PER3D	No-Essential3D
777	N	777	23.825	-27.175	42.772	NA	0.884758364312268	Inf	1.73070847957839	0	0.9999999999999999	No-PER3D	No-Essential3D
778	Q	778	22.676	-27.274	39.21	NA	0.952380952380952	Inf	1.7988235142385824	0	0.9999999999999999	No-PER3D	No-Essential3D
779	G	779	20.976	-25.135	36.644	NA	1	Inf	1.905021666297663	0	0.9999999999999999	No-PER3D	No-Essential3D
780	G	780	18.493	-26.194	34.05	NA	0.992565055762082	Inf	2.386933801793895	0	0.9999999999999999	No-PER3D	No-Essential3D
781	A	781	20.162	-23.915	31.591	NA	0.881481481481482	Inf	2.3311412766689346	0	0.9999999999999999	No-PER3D	No-Essential3D
782	G	782	21.994	-20.653	31.365	NA	0.8203125	Inf	2.27275495192565	0	0.9999999999999999	No-PER3D	No-Essential3D
783	P	783	24.596	-18.972	29.333	NA	0.814324817518248	Inf	2.176199027829115	0	1	No-PER3D	No-Essential3D
784	S	784	28.161	-19.487	30.362	NA	0.822610294117647	Inf	1.9717742585016835	0	1	No-PER3D	No-Essential3D
785	Q	785	30.886	-17	29.77	NA	0.823339483394834	Inf	1.5856861599530392	0	1	No-PER3D	No-Essential3D
786	G	786	34.482	-17.997	29.532	NA	0.829460966542751	Inf	1.4580192812519976	0	1	No-PER3D	No-Essential3D
787	S	787	37.543	-15.896	29.054	NA	0.732323232323232	Inf	1.4081075809338428	0	1	No-PER3D	No-Essential3D
788	G	788	39.836	-16.518	26.159	NA	0.729974160206719	Inf	1.3169866302895044	0	1	No-PER3D	No-Essential3D
789	G	789	38.626	-18.444	23.178	NA	0.66	Inf	1.3080281903515873	0	1	No-PER3D	No-Essential3D
790	G	790	39.845	-20.562	20.342	NA	0.657786885245902	Inf	1.230635954335617	0	0.9999999999999999	No-PER3D	No-Essential3D
791	T	791	42.787	-19.188	18.477	NA	0.721109399075501	Inf	1.0771087801655423	0	0.5597072419106317	No-PER3D	No-Essential3D
792	G	792	43.681	-19.446	14.854	NA	0.72488038277512	Inf	1.019556060319069	0	0.5597072419106317	No-PER3D	No-Essential3D
793	G	793	45.257	-17.616	11.986	NA	0.724815724815725	Inf	0.9551303405261936	0	0.5597072419106317	No-PER3D	No-Essential3D
794	S	794	46.799	-18.27	8.638	NA	0.668224299065421	Inf	0.8905577570462023	0	0.5597072419106317	No-PER3D	No-Essential3D
795	V	795	49.86	-17.072	6.83	NA	0.665865384615385	Inf	0.7275861278855912	0	0.5782636416768503	No-PER3D	No-Essential3D
796	Y	796	50.381	-16.912	3.128	NA	0.588235294117647	Inf	0.6216991944441027	0	0.5597072419106317	No-PER3D	No-Essential3D
797	T	797	53.558	-18.293	1.692	NA	0.585858585858586	Inf	0.5130993616171232	0	0.9999999999999999	No-PER3D	No-Essential3D
798	E	798	54.657	-19.591	-1.641	NA	0.589473684210526	Inf	0.4346434608336542	0	1	No-PER3D	No-Essential3D
799	D	799	53.143	-22.991	-2.054	NA	0.592592592592593	Inf	0.4346434608336542	0	1	No-PER3D	No-Essential3D
800	N	800	56.232	-23.931	-3.963	NA	0.59008160703076	Inf	0.3727342631541021	0	1	No-PER3D	No-Essential3D
801	D	801	58.641	-22.186	-6.24	NA	0.58656330749354	Inf	0.37099840360965947	0	1	No-PER3D	No-Essential3D
802	D	802	57.229	-22.138	-9.711	NA	0.583668005354752	Inf	0.37090023942944955	0	1	No-PER3D	No-Essential3D
803	D	803	59.57	-24.57	-11.338	NA	0.580555555555556	Inf	0.37090023942944955	0	1	No-PER3D	No-Essential3D
804	L	804	59.333	-25.109	-15.042	NA	0.577200577200577	Inf	0.3575790522854775	0	1	No-PER3D	No-Essential3D
