Uniprot_position	aminoacid	Position_in_structure	x	y	z	paraz	mtr	paraz3dscore	mtr3dscore	PER3D_OR	PER3D_pvalue	PER3D	Essential3D
1	M	1	-58.462	55.714	91.459	-0.47	0	-1.374056662531262	-1.823743959856739	0	1	No-PER3D	No-Essential3D
2	P	2	-54.851	55.684	90.571	-0.2	0	-1.3881497697864826	-1.823743959856739	0	0.42857142857142866	No-PER3D	No-Essential3D
3	A	3	-53.014	58.961	90.642	0.07	0	-1.3881497697864826	-1.823743959856739	0	0.42857142857142866	No-PER3D	No-Essential3D
4	G	4	-52.28	58.575	86.998	0.07	0	-1.5212513383080108	-1.823743959856739	0	0.42857142857142866	No-PER3D	No-Essential3D
5	M	5	-51.119	56.262	84.274	-0.2	0	-1.6210775146991574	-1.823743959856739	0	0.42857142857142866	No-PER3D	No-Essential3D
6	T	6	-47.464	56.43	83.53	-0.2	0	-1.6758840429139041	-1.823743959856739	0	0.42857142857142866	No-PER3D	No-Essential3D
7	K	7	-45.831	56.244	80.151	-0.75	0	-1.8903565283256945	-1.823743959856739	0	0.42857142857142866	No-PER3D	No-Essential3D
8	H	8	-42.572	57.726	79.012	-0.75	0	-2.0111545905133	-1.823743959856739	0	0.42857142857142866	No-PER3D	No-Essential3D
9	G	9	-40.47	57.578	75.887	-0.75	0	-2.134189653852528	-1.823743959856739	0	0.42857142857142866	No-PER3D	No-Essential3D
10	S	10	-36.739	57.166	75.501	-0.75	0	-2.257224717191756	-1.823743959856739	0	1	No-PER3D	No-Essential3D
11	R	11	-34.461	59.249	73.353	-0.47	0	-2.257224717191756	-1.823743959856739	0	1	No-PER3D	No-Essential3D
12	S	12	-31.929	58.178	70.81	-0.75	0	-2.257224717191756	-1.823743959856739	0	1	No-PER3D	No-Essential3D
13	T	13	-28.688	59.618	71.985	-0.75	0	-2.265054221222434	-1.823743959856739	0	1	No-PER3D	No-Essential3D
14	S	14	-25.573	59.331	69.924	-0.75	0	-2.265054221222434	-1.823743959856739	0	1	No-PER3D	No-Essential3D
15	S	15	-22.17	60.779	70.615	-0.75	0	-2.319860749437181	-1.823743959856739	0	1	No-PER3D	No-Essential3D
16	L	16	-20.006	62.437	68.049	-0.75	0	-2.319860749437181	-1.823743959856739	0	0.42857142857142866	No-PER3D	No-Essential3D
17	P	17	-18.431	59.69	66.157	-0.75	0	-2.319860749437181	-1.823743959856739	0	0.42857142857142866	No-PER3D	No-Essential3D
18	P	18	-14.76	59.293	66.414	-0.75	0	-2.319860749437181	-1.823743959856739	0	0.18095238095238098	No-PER3D	No-Essential3D
19	E	19	-12.966	58.841	63.175	-0.75	0	-2.319860749437181	-1.823743959856739	0	0.18095238095238098	No-PER3D	No-Essential3D
20	P	20	-13.823	55.405	62.142	-0.75	0	-2.319860749437181	-1.823743959856739	0	0.18095238095238098	No-PER3D	No-Essential3D
21	M	21	-11.254	52.671	62.225	-0.75	0	-2.319860749437181	-1.823743959856739	0	0.07522739432851792	No-PER3D	No-Essential3D
22	E	22	-12.196	49.51	60.558	-0.75	0	-2.319860749437181	-1.823743959856739	0	0.07522739432851792	No-PER3D	No-Essential3D
23	I	23	-11.14	47.083	63.184	-0.75	0	-2.319860749437181	-1.823743959856739	0	0.07522739432851792	No-PER3D	No-Essential3D
24	V	24	-13.205	44.187	64.289	-0.75	0	-2.319860749437181	-1.823743959856739	0	0.030774843134393708	No-PER3D	No-Essential3D
25	R	25	-12.081	41.766	66.906	-0.75	0	-2.319860749437181	-1.823743959856739	0	0.07522739432851792	No-PER3D	No-Essential3D
26	S	26	-13.799	38.71	68.206	-0.75	0	-2.319860749437181	-1.823743959856739	0	0.18095238095238098	No-PER3D	No-Essential3D
27	K	27	-12.723	35.662	70.076	-0.75	0	-2.319860749437181	-1.823743959856739	0	0.18095238095238098	No-PER3D	No-Essential3D
28	A	28	-13.748	33.752	67.004	-0.75	0	-2.0693166204554805	-1.1232053397076103	0	0.07522739432851792	No-PER3D	No-Essential3D
29	C	29	-14.512	35.238	63.644	-0.75	0	-1.8333875656643797	-1.0791696131074493	0	0.07522739432851792	No-PER3D	No-Essential3D
30	S	30	-16.947	34.277	60.89	-0.75	0	-1.3849258563620859	-0.8952269364341253	0	0.07522739432851792	No-PER3D	No-Essential3D
31	R	31	-14.695	36.472	58.793	-0.75	0	-1.2887150685968702	-0.8870230093757117	0.23892970655651283	0.3098788851597841	No-PER3D	No-Essential3D
32	R	32	-14.662	35.801	55.076	-0.75	0	-0.5108332391910219	-0.4786816068839839	0.7475532163983039	1	No-PER3D	No-Essential3D
33	V	33	-11.497	35.642	53.018	1.17	0	-0.056090150700442126	-0.20777158665235107	0.7475532163983039	1	No-PER3D	No-Essential3D
34	R	34	-11.018	36.45	49.354	0.35	0	0.40750648221490693	-0.24871196646885946	28.076979422346255	1	No-PER3D	No-Essential3D
35	L	35	-8.445	34.641	47.32	1.72	0.200667037242913	0.7649638386500053	-0.17205212624595248	28.076979422346255	1	No-PER3D	No-Essential3D
36	N	36	-7.814	35.983	43.861	2.27	0.201222901612007	0.8426996286688809	-0.15566974475917697	28.076979422346255	1	No-PER3D	No-Essential3D
37	V	37	-6.146	33.537	41.527	2.27	0.201222901612007	0.9303229637779273	-0.23107805808377585	28.076979422346255	1	No-PER3D	No-Essential3D
38	G	38	-5.011	35.304	38.412	2.27	0.201222901612007	1.186932897987606	-0.06020322046616646	0	1	No-PER3D	No-Essential3D
39	G	39	-8.208	37.324	38.403	2.27	0.199889258028793	1.1416041904415746	-0.1722229815884002	0	1	No-PER3D	No-Essential3D
40	L	40	-10.497	34.443	39.215	-0.2	0.201222901612007	0.8653238448614252	-0.14818701722786123	28.076979422346255	1	No-PER3D	No-Essential3D
41	A	41	-12.133	35.301	42.508	0.35	0.156506701253783	0.7670991579310994	-0.4007054295032721	28.076979422346255	1	No-PER3D	No-Essential3D
42	H	42	-12.683	32.775	45.256	0.07	0.157118055555556	0.5006397825743112	-0.5695311322815562	28.076979422346255	1	No-PER3D	No-Essential3D
43	E	43	-14.196	33.314	48.67	-0.2	0.1767578125	-0.0547250064079136	-0.5153570248964773	28.076979422346255	1	No-PER3D	No-Essential3D
44	V	44	-14.307	31.179	51.786	1.72	0.201222901612007	-0.2467199321711912	-0.6176612277797877	0.7475532163983039	1	No-PER3D	No-Essential3D
45	L	45	-14.639	31.451	55.519	-0.75	0.201222901612007	-0.7314926708656945	-0.6246110795992741	0.3667991696829426	0.5743178170144462	No-PER3D	No-Essential3D
46	W	46	-11.547	31.882	57.658	0.07	0.199669056811914	-0.4407797820744279	-0.370329433773868	0.3667991696829426	0.5743178170144462	No-PER3D	No-Essential3D
47	R	47	-12.613	28.887	59.695	-0.2	0.349420849420849	-0.5068199465071044	-0.2766360412278851	0.3667991696829426	0.5743178170144462	No-PER3D	No-Essential3D
48	T	48	-12.439	26.739	56.636	0.07	0.402445803224013	-0.45101836426839165	-0.5438824774097664	0.7475532163983039	1	No-PER3D	No-Essential3D
49	L	49	-8.766	27.597	56.112	2.27	0.471354166666667	-0.014506784848618242	-0.3844688083717048	0.7475532163983039	1	No-PER3D	No-Essential3D
50	D	50	-7.901	27.424	59.813	-0.2	0.474509803921569	-0.37760378403378364	-0.02216387387197028	0	0.07522739432851792	No-PER3D	No-Essential3D
51	R	51	-8.716	23.758	59.641	0.07	0.404017857142857	0.11068963226029312	-0.005500367802246789	0	0.42857142857142866	No-PER3D	No-Essential3D
52	L	52	-5.264	23.049	58.236	0.9	0.402445803224013	0.18036087102603768	-0.12723228327894787	0	0.18095238095238098	No-PER3D	No-Essential3D
53	P	53	-2.825	25.354	59.971	2.27	0.398234969663541	0.09974597767312947	0.3987124481512011	0	0.07522739432851792	No-PER3D	No-Essential3D
54	R	54	0.327	23.931	58.364	-0.47	0.395183360700602	0.07717202303197195	0.3220836317616332	0	0.07522739432851792	No-PER3D	No-Essential3D
55	T	55	-0.642	24.906	54.845	0.35	0.392178164041282	0.24569092616373917	-0.1173286460875931	0	0.18095238095238098	No-PER3D	No-Essential3D
56	R	56	0.123	28.232	53.19	2.27	0.390005431830527	0.7147629010415396	0.10582466750719219	0	0.18095238095238098	No-PER3D	No-Essential3D
57	L	57	-3.436	29.54	53.298	1.72	0.390005431830527	0.640759433799702	0.0732355378540137	0	0.42857142857142866	No-PER3D	No-Essential3D
58	G	58	-4.009	28.129	56.753	0.35	0.390005431830527	0.18130990181763504	0.1315571883715307	0	0.07522739432851792	No-PER3D	No-Essential3D
59	K	59	-1.114	29.892	58.355	0.9	0.387061994609164	0.25882428776358624	0.5645824683206296	0	0.07522739432851792	No-PER3D	No-Essential3D
60	L	60	-2.143	33.552	58.45	2.27	0.336142322097378	0.20376519490268838	0.6403121605935241	0	0.07522739432851792	No-PER3D	No-Essential3D
61	R	61	-1.096	34.334	61.904	-0.2	0.332407407407407	0.17305333393073802	0.7102890951129314	0	0.07522739432851792	No-PER3D	No-Essential3D
62	D	62	-0.046	32.908	65.228	0.07	0.330258302583026	-0.14820357882277124	0.710920198984653	0	0.07522739432851792	No-PER3D	No-Essential3D
63	C	63	1.144	29.494	64.307	0.9	0.330855018587361	-0.07279309263255539	0.7410063934351557	0	0.07522739432851792	No-PER3D	No-Essential3D
64	N	64	2.375	29.643	67.843	0.07	0.440740740740741	-0.32445572219006713	0.6376607920800117	0	0.18095238095238098	No-PER3D	No-Essential3D
65	T	65	1.294	31.814	70.715	1.17	0.4375	-0.7637468233399011	0.6235857781327648	0	0.18095238095238098	No-PER3D	No-Essential3D
66	H	66	2.409	35.12	69.335	-0.2	0.325729927007299	-0.48490971388370474	0.5723962686113566	0	0.18095238095238098	No-PER3D	No-Essential3D
67	D	67	3.506	35.212	65.757	0.07	0.328754578754579	-0.2025391594266504	0.5908083798017082	0	0.18095238095238098	No-PER3D	No-Essential3D
68	S	68	3.418	37.438	62.709	0.07	0.326363636363636	0.07009535592732054	0.6338195802177244	0	0.18095238095238098	No-PER3D	No-Essential3D
69	L	69	1.326	36.97	59.602	0.35	0.326363636363636	0.3233798113197584	0.6891244462755679	0	0.18095238095238098	No-PER3D	No-Essential3D
70	L	70	3.305	34.034	58.539	0.07	0.32518115942029	0.2781729358730602	0.7151519758139204	0	0.18095238095238098	No-PER3D	No-Essential3D
71	E	71	2.606	32.242	55.353	0.62	0.327554744525547	0.5689130577218247	0.48438784644323263	0	0.18095238095238098	No-PER3D	No-Essential3D
72	V	72	-0.27	33.969	53.601	1.72	0.433574879227053	0.74171258425587006	0.370230347824971	0	0.07522739432851792	No-PER3D	No-Essential3D
73	C	73	0.804	37.42	54.664	2.27	0.370293965961836	0.635124563474593	0.5711850845681835	0	0.18095238095238098	No-PER3D	No-Essential3D
74	D	74	3.09	38.035	51.742	2.27	0.370293965961836	0.904329010396076	0.6033552097019654	0	0.42857142857142866	No-PER3D	No-Essential3D
75	D	75	0.268	37.599	49.264	2.27	0.430455635491607	1.1522231533981622	0.3305940502063138	0	1	No-PER3D	No-Essential3D
76	Y	76	-2.2	39.966	51.021	0.9	0.430455635491607	0.8568754077057921	0.20425704492817495	0	0.42857142857142866	No-PER3D	No-Essential3D
77	S	77	-3.297	43.08	49.124	0.9	0.425860023724792	0.9754905025860172	0.11737863208293581	0	0.42857142857142866	No-PER3D	No-Essential3D
78	L	78	-4.45	45.725	51.565	-0.2	0.252816901408451	0.6890778765065096	0.2864087936452525	0	0.42857142857142866	No-PER3D	No-Essential3D
79	D	79	-6.195	47.849	49.012	0.07	0.251408450704225	0.2586559113328191	0.3312149452659739	0	0.42857142857142866	No-PER3D	No-Essential3D
80	D	80	-8.596	45.197	47.849	0.07	0.253003533568905	0.5457377257910175	-0.0783085122581827	0	0.42857142857142866	No-PER3D	No-Essential3D
81	N	81	-8.603	43.018	50.955	0.62	0.253003533568905	0.2366783561589857	-0.24815585436188303	0.7475532163983039	1	No-PER3D	No-Essential3D
82	E	82	-7.683	39.894	49.023	2.27	0.316254416961131	0.75042333116446	-0.11378327546938505	0.7475532163983039	1	No-PER3D	No-Essential3D
83	Y	83	-4.766	37.527	48.839	1.72	0.31989247311828	0.877023615089086	-0.03297097435359869	0.7475532163983039	1	No-PER3D	No-Essential3D
84	F	84	-3.465	37.437	45.281	1.72	0.323104693140794	0.8750988620148777	0.017509640178693733	0.7475532163983039	1	No-PER3D	No-Essential3D
85	F	85	-1.791	34.524	43.487	2.27	0.258483754512635	1.4453207406261743	0.04859959468088209	0	1	No-PER3D	No-Essential3D
86	D	86	-0.292	34.857	39.991	2.27	0.319642857142857	1.6750285424511817	-0.0637591611693373	0	1	No-PER3D	No-Essential3D
87	R	87	-0.833	31.102	39.47	2.27	0.318505338078292	1.3994940783536594	-0.2796166908248057	0	1	No-PER3D	No-Essential3D
88	H	88	-2.787	28.502	37.461	0.07	0.31875	1.0717644040002818	-0.420166753259816	0	1	No-PER3D	No-Essential3D
89	P	89	-6.519	28.905	37.534	1.17	0.316489361702128	0.7852625528036153	-0.4704219192782385	0	1	No-PER3D	No-Essential3D
90	G	90	-8.045	25.494	36.794	0.35	0.24965034965035	0.6151820224109453	-0.6833127420478609	0	1	No-PER3D	No-Essential3D
91	A	91	-6.24	23.937	39.735	0.9	0.310104529616725	0.37728476028248775	-0.8988402077730614	0	1	No-PER3D	No-Essential3D
92	F	92	-7.402	26.232	42.535	2.27	0.312062937062937	0.6446367240732677	-0.7102678441749934	28.076979422346255	1	No-PER3D	No-Essential3D
93	T	93	-10.961	24.962	42.696	-0.2	0.312062937062937	0.15230514824944097	-0.9484864594080216	28.076979422346255	1	No-PER3D	No-Essential3D
94	S	94	-9.772	21.572	43.883	0.35	0.31184668989547	0.20427032419499025	-1.0857521363468123	0	1	No-PER3D	No-Essential3D
95	I	95	-7.348	23.185	46.296	1.72	0	0.4899763800115537	-0.76928486939547	0	1	No-PER3D	No-Essential3D
96	L	96	-10.116	25.187	47.907	0.9	0	0.3119983859483334	-0.6189477336845352	28.076979422346255	1	No-PER3D	No-Essential3D
97	N	97	-12.497	22.236	47.851	-0.47	0	0.025431594297770192	-0.9954623389401857	28.076979422346255	1	No-PER3D	No-Essential3D
98	F	98	-9.893	20.341	49.839	0.9	0	0.28761665742478976	-0.6633326031189685	0	1	No-PER3D	No-Essential3D
99	Y	99	-10.428	22.648	52.771	0.9	0	0.12092399096519073	-0.4191418381305192	0	0.42857142857142866	No-PER3D	No-Essential3D
100	R	100	-14.186	22.647	52.524	-0.2	0	-0.3261843139890479	-0.6048715103729071	0.7475532163983039	1	No-PER3D	No-Essential3D
101	T	101	-14.639	18.957	51.882	0.07	0	-0.1432586289086587	-1.0079726511865836	0	1	No-PER3D	No-Essential3D
102	G	102	-11.76	17.685	53.876	2.27	0	-0.0031975012487497918	-0.9764826029061894	0	1	No-PER3D	No-Essential3D
103	R	103	-10.383	15.781	50.626	-0.2	0	-0.10746661048270158	-1.0728658022003987	0	1	No-PER3D	No-Essential3D
104	L	104	-8.188	16.393	47.469	1.72	0	0.012382420913306675	-0.8162341484716462	0	0.42857142857142866	No-PER3D	No-Essential3D
105	H	105	-9.145	15.341	43.928	0.07	0	-0.1193095577559962	-0.6205029093268517	0	1	No-PER3D	No-Essential3D
106	M	106	-7.517	16.526	40.731	1.17	0	-0.053536744881428185	-0.5176889736607521	0	0.42857142857142866	No-PER3D	No-Essential3D
107	M	107	-9.669	18.17	38.126	0.35	0	-0.021766324984342778	-0.3535007662866228	0	0.42857142857142866	No-PER3D	No-Essential3D
108	E	108	-10.104	16.058	35.034	-0.2	0	-0.326896087082746	0.3219662096558544	0	0.42857142857142866	No-PER3D	No-Essential3D
109	E	109	-8.96	18.943	32.872	0.07	0	-0.1693569756775859	-0.5506777847423119	0	1	No-PER3D	No-Essential3D
110	M	110	-5.691	19.634	34.601	0.9	0.11461038961039	-0.0720813195388575	-0.6688827500687876	0	1	No-PER3D	No-Essential3D
111	C	111	-2.653	17.541	34.03	2.27	0.11461038961039	-0.19270812804978374	-0.52494486331941	0	0.42857142857142866	No-PER3D	No-Essential3D
112	A	112	-1.133	15.642	36.897	-0.2	0.113879003558719	-0.10556101690909736	-0.12643124318997997	0	0.42857142857142866	No-PER3D	No-Essential3D
113	L	113	2.194	17.405	36.658	0.35	0.113961038961039	0.25926999008032325	-0.8522708968104945	0	1	No-PER3D	No-Essential3D
114	S	114	0.754	20.906	36.906	0.35	0.113231963765772	0.4025696520871886	-0.7710595922699298	0	1	No-PER3D	No-Essential3D
115	F	115	-1.662	19.964	39.628	2.27	0.113231963765772	0.4546307697976717	-0.7054627559209831	0	1	No-PER3D	No-Essential3D
116	S	116	1.067	18.349	41.656	-0.2	0.125	0.3236645205572376	-0.7599560906061102	0	0.42857142857142866	No-PER3D	No-Essential3D
117	Q	117	3.149	21.485	41.504	1.17	0.124285714285714	0.6328835097846522	-0.8282985901888253	0	0.42857142857142866	No-PER3D	No-Essential3D
118	E	118	0.177	23.381	42.851	2.27	0.112987012987013	0.6759032303010414	-0.6453772828494452	0	0.42857142857142866	No-PER3D	No-Essential3D
119	L	119	-0.322	20.965	45.699	1.17	0.11306614532421	0.34047775525702295	-0.6592637577494869	0	0.42857142857142866	No-PER3D	No-Essential3D
120	D	120	3.262	21.561	46.693	0.07	0.112987012987013	0.3564060828673461	-0.7813013899264262	0	0.42857142857142866	No-PER3D	No-Essential3D
121	Y	121	2.982	25.307	46.333	1.72	0.123487544483986	0.8372361835485728	-0.37229727765573345	0	0.42857142857142866	No-PER3D	No-Essential3D
122	W	122	-0.014	25.489	48.641	2.27	0.111540941328175	0.628059368170719	-0.2662720706304185	0	0.42857142857142866	No-PER3D	No-Essential3D
123	G	123	1.94	23.331	51.049	0.62	0.110825570189528	0.345302422605657	-0.2762968629904887	0	0.42857142857142866	No-PER3D	No-Essential3D
124	I	124	-0.82	20.791	51.556	1.72	0.109217171717172	0.37914327891603256	-0.5066584033875327	0	0.42857142857142866	No-PER3D	No-Essential3D
125	D	125	1.866	18.505	53.024	0.07	0.108091221493283	0.2234231431947674	-0.4422349906296301	0	0.42857142857142866	No-PER3D	No-Essential3D
126	E	126	3.341	15.093	52.352	0.07	0.108150470219436	-0.07540292730944816	-0.5586399271883712	0	0.42857142857142866	No-PER3D	No-Essential3D
127	I	127	0.328	13.242	53.664	-0.47	0.108585858585859	-0.26679080361491375	-0.5528012654907528	0	0.42857142857142866	No-PER3D	No-Essential3D
128	Y	128	-2.071	14.745	51.194	0.07	0.120701754385965	-0.08170252825367193	-0.6391598925374468	0	0.42857142857142866	No-PER3D	No-Essential3D
129	L	129	0.308	14.354	48.351	0.9	0.24140350877193	-0.04627380478671021	-0.6065024533120944	0	0.18095238095238098	No-PER3D	No-Essential3D
130	E	130	0.789	10.681	49.146	0.07	0.242957746478873	-0.6393644752161735	0.1434963404770883	0	0.07522739432851792	No-PER3D	No-Essential3D
131	S	131	-2.935	10.185	49.381	-0.2	0.243971631205674	-0.4326098648250247	-0.13287003098094535	0	0.18095238095238098	No-PER3D	No-Essential3D
132	C	132	-3.243	11.969	46.067	2.27	0.245551601423488	-0.4308149587626558	-0.15201411415158672	0	0.07522739432851792	No-PER3D	No-Essential3D
133	C	133	-0.655	9.891	44.266	2.27	0.304964539007092	-0.5677917363498733	0.21886535698360748	0	0.18095238095238098	No-PER3D	No-Essential3D
134	Q	134	-2.061	6.646	45.519	0.07	0.375340971085652	-0.80391963568778535	0.7479426666320967	0	0.07522739432851792	No-PER3D	No-Essential3D
135	A	135	-5.581	7.514	44.51	-0.47	0.513739545997611	-0.6375386224975569	0.5587827216746161	0	0.18095238095238098	No-PER3D	No-Essential3D
136	R	136	-4.309	8.723	41.128	0.07	0.519323671497585	-0.46669814024494866	0.32543465216484613	0	0.18095238095238098	No-PER3D	No-Essential3D
137	Y	137	-7.405	7.698	39.165	1.17	0.51969696969697	-0.5802873084392384	0.9050519136240708	0	0.42857142857142866	No-PER3D	No-Essential3D
138	H	138	-10.431	9.531	37.881	-0.47	0.525030525030525	-0.33865581645688697	0.6113463209140376	0	0.42857142857142866	No-PER3D	No-Essential3D
139	Q	139	-13.917	8.301	37.525	0.07	0.525030525030525	-0.7435206045939826	1.0677566826614442	0	0.42857142857142866	No-PER3D	No-Essential3D
140	K	140	-14.148	8.335	33.786	1.72	0.63003663003663	-0.6400762483098715	1.120375974706994	0	0.42857142857142866	No-PER3D	No-Essential3D
141	K	141	-13.774	6.251	30.725	0.35	0.630514705882353	-0.6008496422571811	1.7746248490544902	0	0.42857142857142866	No-PER3D	No-Essential3D
142	E	142	-10.049	6.676	31.059	0.07	0.63003663003663	-0.7985278893223366	1.7370736180478037	0.3667991696829426	0.5743178170144462	No-PER3D	No-Essential3D
143	Q	143	-8.264	6.068	34.326	0.35	0.631386861313869	-0.7769878963329597	1.8147872460443075	0.4839417797752913	0.6478595664957539	No-PER3D	No-Essential3D
144	M	144	-5.086	7.621	35.683	0.07	0.626811594202899	-0.4564387901357842	1.1906096879917618	0.3667991696829426	0.5743178170144462	No-PER3D	No-Essential3D
145	N	145	-2.604	5.319	37.343	-0.47	0.567771578601904	-0.5105928596813081	1.869445849930313	0.23892970655651283	0.3098788851597841	No-PER3D	No-Essential3D
146	E	146	-2.437	5.101	41.092	0.35	0.571900826446281	-0.8142471243377751	1.4743108519788355	0.23892970655651283	0.3098788851597841	No-PER3D	No-Essential3D
147	E	147	1.101	5.517	42.206	-0.47	0.571900826446281	-0.7580807348966472	1.2853675150383912	0.17471006490217791	0.16023773462750607	No-PER3D	No-Essential3D
148	L	148	2.78	3.633	44.998	-0.75	0.522727272727273	-0.9710981884190271	1.1450142879849643	0	0.18095238095238098	No-PER3D	No-Essential3D
149	K	149	6.469	2.75	45.001	-0.47	0.525757575757576	-1.3302114399594644	1.384935559740465	0	0.18095238095238098	No-PER3D	No-Essential3D
150	R	150	8.548	3.004	48.227	-0.75	0.520457280385078	-1.93708499682625	1.4682304825557637	0	0.18095238095238098	No-PER3D	No-Essential3D
151	E	151	11.434	0.574	48.652	-0.75	0.520457280385078	-2.1573985408006093	1.4895749697125815	0	0.18095238095238098	No-PER3D	No-Essential3D
152	A	152	15.111	0.07	47.862	-0.75	0.518585131894484	-1.6166289328635446	1.0882967220184616	0	0.42857142857142866	No-PER3D	No-Essential3D
153	E	153	17.533	-2.034	49.845	-0.75	0.518585131894484	-0.923860180767269	0.46458546806497	0	0.07522739432851792	No-PER3D	No-Essential3D
154	T	154	21.058	-0.899	49.375	-0.75	0.518585131894484	-0.8819553135422048	0.2519936348809676	0	0.07522739432851792	No-PER3D	No-Essential3D
155	L	155	24.078	-2.879	50.306	0.07	0.481810608164399	-0.8775542569286869	0.08308295763563013	0	0.030774843134393708	No-PER3D	No-Essential3D
156	R	156	25.453	-2.862	53.85	-0.2	0.443216855087359	-1.0478674792223943	0.14614375258489798	0	0.030774843134393708	No-PER3D	No-Essential3D
157	E	157	28.016	-0.384	52.618	-0.47	0.440051020408163	-1.0625003984364252	-0.028148912267504933	0	0.030774843134393708	No-PER3D	No-Essential3D
158	R	158	30.593	-3.024	52.796	-0.2	0.444188428059396	-0.927461752621381	-0.03036252892353326	0	0.030774843134393708	No-PER3D	No-Essential3D
159	E	159	31.954	-0.995	49.913	-0.2	0.48355629877369	-1.0310563033438145	-0.12105377234569378	0	0.030774843134393708	No-PER3D	No-Essential3D
160	G	160	31.037	2.261	48.228	-0.2	0.386845039018952	-1.0716141068319236	-0.1703008740493868	0	0.030774843134393708	No-PER3D	No-Essential3D
161	E	161	31.123	4.513	51.227	-0.2	0.386845039018952	-1.2759268786800961	0.01044919727933718	0	0.07522739432851792	No-PER3D	No-Essential3D
162	E	162	33.602	4.406	54.007	-0.2	0.389370629370629	-1.3582134308456544	0.03813410884336978	0	0.07522739432851792	No-PER3D	No-Essential3D
163	F	163	32.137	4.197	57.452	0.07	0.36128364389234	-1.373012728660505	0.2319534855018587	0	0.07522739432851792	No-PER3D	No-Essential3D
164	D	164	33.252	6.785	59.897	-0.47	0.318181818181818	-1.244086895622005	-0.028299622724401084	0	0.18095238095238098	No-PER3D	No-Essential3D
165	N	165	34.652	4.016	62.044	0.07	0.233957219251337	-1.1732733813889826	-0.16438935149949008	0	0.42857142857142866	No-PER3D	No-Essential3D
166	T	166	36.284	1.915	59.384	0.07	0.12962962962963	-1.3598431013678771	0.10997943105393464	0	0.18095238095238098	No-PER3D	No-Essential3D
167	C	167	37.603	2.006	55.85	0.35	0.118621155795877	-1.4304290915521447	0.08358582953569099	0	0.18095238095238098	No-PER3D	No-Essential3D
168	C	168	38.406	-0.358	53.017	0.9	0.119402985074627	-1.3519383136445962	-0.03562228230133562	0	0.18095238095238098	No-PER3D	No-Essential3D
169	A	169	34.884	-0.425	51.711	-0.75	0.118621155795877	-1.1126257946116662	-0.1590395616815845	0	0.030774843134393708	No-PER3D	No-Essential3D
170	E	170	34.905	-3.307	49.337	-0.75	0.118959107806691	-0.9724742830668432	-0.20544348828516254	0	0.030774843134393708	No-PER3D	No-Essential3D
171	K	171	32.86	-6.424	49.102	-0.75	0.118959107806691	-0.8511762850158071	-0.13994808392830205	0	0.030774843134393708	No-PER3D	No-Essential3D
172	R	172	29.066	-6.642	49.355	0.62	0	-0.7237604277546521	-0.0722878908741965	0	0.030774843134393708	No-PER3D	No-Essential3D
173	K	173	27.819	-3.479	47.784	0.62	0	-0.7012412828283207	-0.002280401033125855	0	0.030774843134393708	No-PER3D	No-Essential3D
174	K	174	30.143	-3.984	44.891	0.62	0	-0.5180645637966057	0.047072512991658856	0	0.030774843134393708	No-PER3D	No-Essential3D
175	L	175	29.121	-7.571	44.243	1.44	0	-0.28195270030924297	0.12319382217968765	0	0.030774843134393708	No-PER3D	No-Essential3D
176	W	176	25.401	-6.93	44.537	0.9	0	-0.27897003210707977	0.18281227961971291	0	0.07522739432851792	No-PER3D	No-Essential3D
177	D	177	25.454	-4.117	42.002	0.07	0.128727272727273	-0.2855713786427496	0.24348322618598647	0	0.030774843134393708	No-PER3D	No-Essential3D
178	L	178	26.951	-6.427	39.341	-0.2	0.128623188405797	0.32912144760892226	0.2606740612148018	0	0.18095238095238098	No-PER3D	No-Essential3D
179	L	179	24.506	-9.236	40.13	1.17	0.141886490807354	0.5036821041405177	0.34637767373029366	1.5346120726381576	0.696995440938207	No-PER3D	No-Essential3D
180	E	180	21.229	-7.306	40.117	1.72	0.160649819494585	0.37164640087358597	0.2513787417528052	1.5346120726381576	0.696995440938207	No-PER3D	No-Essential3D
181	K	181	21.881	-4.054	38.262	0.62	0.160649819494585	0.47266235483802127	0.13633590505456614	1.5346120726381576	0.696995440938207	No-PER3D	No-Essential3D
182	P	182	23.418	-4.75	34.934	2.27	0.28743961352657	0.5940764028499866	0.5428710580818153	1.5346120726381576	0.696995440938207	No-PER3D	No-Essential3D
183	N	183	23.583	-1.026	34.206	-0.2	0.260363636363636	0.42481538576165506	0.5847770757994946	1.513291271486336	1	No-PER3D	No-Essential3D
184	S	184	25.93	-0.459	37.124	0.9	0.290348742903487	0.32181391051362257	0.08599320539704686	0	0.18095238095238098	No-PER3D	No-Essential3D
185	S	185	28.969	-1.129	34.977	1.17	0.394852941176471	0.3479397292265171	0.1865056877788248	0	0.18095238095238098	No-PER3D	No-Essential3D
186	V	186	30.354	-2.726	31.857	0.9	0.44361833952912	0.20019561457042218	0.8502758250416065	0	0.42857142857142866	No-PER3D	No-Essential3D
187	A	187	31.198	-5.829	33.833	0.35	0.49907063197026	0.2998912992277238	0.5208723387558589	0	0.18095238095238098	No-PER3D	No-Essential3D
188	A	188	27.692	-5.874	35.18	1.44	0.502332089552239	0.3941300568333407	0.49106037208926934	0	0.18095238095238098	No-PER3D	No-Essential3D
189	K	189	26.368	-6.2	31.69	1.17	0.50185873605948	0.44209000576584956	0.8236373908284865	2.3069879793100445	0.6323653874215672	No-PER3D	No-Essential3D
190	I	190	28.727	-8.993	30.829	1.17	0.50185873605948	0.3256874546130107	1.1224428208620651	0.3667991696829426	0.5743178170144462	No-PER3D	No-Essential3D
191	L	191	27.425	-11.037	33.718	1.17	0.579454253611557	0.5496524778063565	0.7037008782367548	0.737232767209739	1	No-PER3D	No-Essential3D
192	A	192	23.874	-10.449	32.571	1.44	0.583243823845328	0.7164209136598009	0.8658043395999893	2.8476580591322476	0.2909951011413201	No-PER3D	No-Essential3D
193	I	193	24.617	-11.405	28.996	0.62	0.581632653061225	0.6681626979070756	1.266534677355611	1.5577814245590793	0.7272572428255122	No-PER3D	No-Essential3D
194	I	194	26.374	-14.554	30.033	0.62	0.685606060606061	0.9862324308213438	1.4127225588077195	1	1	No-PER3D	No-Essential3D
195	S	195	23.425	-15.411	32.229	2.27	0.587662337662338	1.0811888070001723	1.0307575341501776	2.1643090964206166	0.340630178567678	No-PER3D	No-Essential3D
196	I	196	21.067	-15.206	29.287	0.35	0.510338345864662	0.9731706495398905	1.3488231825703014	2.4882896930269927	0.2224428970246537	No-PER3D	No-Essential3D
197	M	197	23.404	-17.291	27.203	0.62	0.515094339622642	0.9407717927934144	1.5708806438547114	1.2732313010480962	1	No-PER3D	No-Essential3D
198	F	198	23.612	-19.975	29.845	1.17	0.588679245283019	0.8799765530316909	1.4389672738003214	0.7317493715195061	0.7205228537594757	No-PER3D	No-Essential3D
199	I	199	19.877	-20.093	30.275	1.72	0.582664526484751	1.1622081484170432	1.1058729149543383	1.8197272979388512	0.38303275880209253	No-PER3D	No-Essential3D
200	V	200	19.316	-20.387	26.541	0.62	0.576190476190476	0.8484785483105719	1.5720532230128388	1.5346120726381576	0.696995440938207	No-PER3D	No-Essential3D
201	L	201	21.893	-23.106	26.298	0.62	0.579925650557621	0.7041346150270444	1.4655246535742517	1.2732313010480962	1	No-PER3D	No-Essential3D
202	S	202	20.36	-24.998	29.186	1.72	0.507434944237918	0.7222189788068434	1.1337622354967845	1.1396513692727666	1	No-PER3D	No-Essential3D
203	T	203	17.064	-25.004	27.349	0.62	0.507434944237918	0.805461273291444	1.2159371243043282	3.3244581036033027	0.1789493565781076	No-PER3D	No-Essential3D
204	I	204	18.455	-26.112	24.018	1.17	0.51123595505618	0.5507201374469036	1.4099942964363401	2.8476580591322476	0.2909951011413201	No-PER3D	No-Essential3D
205	A	205	20.391	-28.873	25.726	0.9	0.451053283767038	0.22808356226064722	1.222255242765375	2.1643090964206166	0.340630178567678	No-PER3D	No-Essential3D
206	L	206	17.367	-30.038	27.716	1.72	0.596965969659697	0.28475425810174615	1.0715917684916652	1.5830507217713634	0.5453295016182752	No-PER3D	No-Essential3D
207	S	207	15.381	-30.303	24.495	1.17	0.537269372693727	0.4259122727997693	1.1273231680405231	1.5577814245590793	0.7272572428255122	No-PER3D	No-Essential3D
208	L	208	18.085	-32.102	22.517	1.17	0.400367647058823	0.14519678274790432	1.1325949792844054	28.076979422346255	0.06826693905345588	No-PER3D	No-Essential3D
209	N	209	18.005	-34.786	25.18	0.07	0.401845018450184	-0.12157692543908848	0.919748307762807	1.9543818179050354	0.6943218712994265	No-PER3D	No-Essential3D
210	T	210	14.673	-35.862	23.705	1.72	0.404444444444444	-0.0853202990816406	0.8912046044946333	1.5346120726381576	0.696995440938207	No-PER3D	No-Essential3D
211	L	211	16.152	-37.172	20.466	-0.47	0.402952029520295	8.042452558189992e-4	0.9393621526947176	28.076979422346255	0.13206868038328715	No-PER3D	No-Essential3D
212	P	212	16.827	-41.052	21.072	0.07	0.402952029520295	-0.1318702594094906	0.7264569034075237	28.076979422346255	0.13206868038328715	No-PER3D	No-Essential3D
213	E	213	18.542	-41.243	25.182	0.9	0.29656862745098	-0.6237429288965908	0.7840759711849231	28.076979422346255	0.13206868038328715	No-PER3D	No-Essential3D
214	L	214	19.083	-42.004	29.452	1.17	0.334870848708487	-0.6913239110561283	0.6154033069063997	0.539485677234016	0.4563886251757368	No-PER3D	No-Essential3D
215	Q	215	15.575	-42.536	29.523	0.9	0.336111111111111	-0.473940034439653	0.5346384506309676	0.539485677234016	0.4563886251757368	No-PER3D	No-Essential3D
216	S	216	14.443	-41.491	32.852	-0.75	0.296842968429684	-0.08563347924286768	0.42959604130980644	0.2236459116528881	0.06989440643243479	No-PER3D	No-Essential3D
217	L	217	16.871	-38.727	33.874	-0.75	0.296842968429684	0.2826663903602319	0.3784841238639848	0.4623644074427462	0.3163832492939105	No-PER3D	No-Essential3D
218	D	218	17.812	-37.677	30.289	0.35	0.30016583747927	-0.028425903125379466	0.667321092759848	0.931587639397584	1	No-PER3D	No-Essential3D
219	E	219	21.547	-37.904	30.924	0.07	0.269662921348315	-0.42609946201690646	0.6417172446061259	0.7317493715195061	0.7205228537594757	No-PER3D	No-Essential3D
220	F	220	24.1	-40.287	32.285	-0.75	0.366350067842605	-0.9147659107008661	0.4645054711993272	0	0.18095238095238098	No-PER3D	No-Essential3D
221	G	221	25.317	-39.271	35.695	-0.47	0.366350067842605	-0.7581356787845819	0.29157313178907746	0.3667991696829426	0.5743178170144462	No-PER3D	No-Essential3D
222	Q	222	28.893	-40.331	36.258	-0.75	0.33210332103321	-1.510197920852936	0.4634737998800543	0.3667991696829426	0.5743178170144462	No-PER3D	No-Essential3D
223	S	223	32.104	-38.915	37.663	-0.75	0.329963235294118	-1.6386938987681832	0.5602274567472685	0	0.18095238095238098	No-PER3D	No-Essential3D
224	T	224	33.757	-39.727	34.368	-0.75	0.328125	-1.9283855479032743	0.6680886393102121	0	0.18095238095238098	No-PER3D	No-Essential3D
225	D	225	31.651	-37.07	32.622	-0.75	0.330555555555556	-1.2071500589596291	0.7396471263467715	0	0.07522739432851792	No-PER3D	No-Essential3D
226	N	226	31.485	-39.199	29.519	-0.75	0.361946603582291	-1.5525693544307235	0.6518545769568351	0	0.18095238095238098	No-PER3D	No-Essential3D
227	P	227	28.066	-37.922	28.6	0.07	0.39520295202952	-1.0734037077532215	0.6653681432944174	0	0.18095238095238098	No-PER3D	No-Essential3D
228	Q	228	28.129	-34.56	26.867	-0.2	0.392307692307692	-0.7124295306170868	0.8025983159590295	0.23892970655651283	0.3098788851597841	No-PER3D	No-Essential3D
229	L	229	24.651	-33.835	28.124	0.07	0.392307692307692	-0.3590593337542249	0.958528810813925	1.2732313010480962	1	No-PER3D	No-Essential3D
230	A	230	25.662	-34.374	31.703	-0.2	0.39520295202952	-0.4720977981971405	0.6761036231713402	0.23892970655651283	0.3098788851597841	No-PER3D	No-Essential3D
231	H	231	28.56	-32.049	31.04	-0.2	0.395555555555556	-0.5823916810640848	0.8684051114459558	0.23892970655651283	0.3098788851597841	No-PER3D	No-Essential3D
232	V	232	26.441	-29.23	29.694	1.72	0.39409594095941	-0.09790150211024742	1.1454000985246326	0.539485677234016	0.4563886251757368	No-PER3D	No-Essential3D
233	E	233	23.827	-29.694	32.371	2.27	0.435049019607843	0.3010657248323255	0.8450765578255253	1.1396513692727666	1	No-PER3D	No-Essential3D
234	A	234	26.455	-29.685	35.078	-0.2	0.435049019607843	0.1914526684028317	0.685706637930252	0.4839417797752913	0.6478595664957539	No-PER3D	No-Essential3D
235	V	235	28.152	-26.594	33.743	0.9	0.429440389294404	0.46403855329698457	0.9237631299539605	0.7424963948843837	1	No-PER3D	No-Essential3D
236	C	236	24.865	-24.756	33.469	1.72	0.429440389294404	0.7270026069861113	1.1399481307039816	0.931587639397584	1	No-PER3D	No-Essential3D
237	I	237	23.869	-25.815	36.964	1.44	0.322080291970803	0.928001746112362	0.624725151473983	1.2732313010480962	1	No-PER3D	No-Essential3D
238	A	238	27.234	-24.747	38.282	1.44	0.365424430641822	0.9926719142088946	0.7689966805935947	0.7424963948843837	1	No-PER3D	No-Essential3D
239	W	239	26.501	-21.249	37.014	1.72	0.365714285714286	0.948397933083036	1.1115918064007728	0.737232767209739	1	No-PER3D	No-Essential3D
240	F	240	22.931	-21.23	38.251	2.27	0.368091762252346	1.0541949287244683	0.6087886998538603	1.2732313010480962	1	No-PER3D	No-Essential3D
241	T	241	24.171	-22.412	41.602	1.72	0.370798319327731	1.1788090517001353	0.20716490666109	0.3667991696829426	0.5743178170144462	No-PER3D	No-Essential3D
242	M	242	26.755	-19.674	41.535	0.9	0.370798319327731	0.9209014605943449	0.5761208833799901	0	0.18095238095238098	No-PER3D	No-Essential3D
243	E	243	24.286	-16.851	40.94	2.27	0.370486656200942	0.9577933379198498	0.4237220910140531	0.23892970655651283	0.3098788851597841	No-PER3D	No-Essential3D
244	Y	244	21.975	-18.076	43.633	0.9	0.370486656200942	1.0101251836106144	0.06190360157201348	0	0.18095238095238098	No-PER3D	No-Essential3D
245	L	245	24.755	-18.215	46.163	0.62	0.369134515119917	0.9385178446633706	0.10000191974286249	0	0.18095238095238098	No-PER3D	No-Essential3D
246	L	246	26.344	-14.934	45.193	0.62	0.369134515119917	0.4566018337494508	-0.24606997522049714	0	0.42857142857142866	No-PER3D	No-Essential3D
247	R	247	22.94	-13.297	45.435	2.27	0.259558823529412	0.35875074717599836	-0.22750154832070646	0	0.07522739432851792	No-PER3D	No-Essential3D
248	F	248	22.193	-14.826	48.806	0.35	0.258823529411765	0.3958586486323217	-0.10934505847250042	0	0.07522739432851792	No-PER3D	No-Essential3D
249	L	249	25.422	-13.55	50.359	0.9	0.434194341943419	-0.06872175053660286	-0.002771344143431797	0	0.18095238095238098	No-PER3D	No-Essential3D
250	S	250	25.529	-10.139	48.68	0.62	0.517216117216117	-0.3727609658079117	0.06484332097835613	0	0.07522739432851792	No-PER3D	No-Essential3D
251	S	251	21.913	-9.13	49.304	0.9	0.259558823529412	-0.35622113854310405	0.03021598264088667	0	0.07522739432851792	No-PER3D	No-Essential3D
252	P	252	21.093	-6.509	51.842	0.07	0.261481481481482	-0.4859499976360326	0.12788913883528966	0	0.07522739432851792	No-PER3D	No-Essential3D
253	K	253	18.307	-8.48	53.448	0.07	0.325	-0.5809651875760936	0.2710109317686979	0	0.42857142857142866	No-PER3D	No-Essential3D
254	K	254	18.189	-12.225	54.056	0.07	0.325278810408922	-0.30809029271240895	0.3182284238077139	0	0.42857142857142866	No-PER3D	No-Essential3D
255	W	255	14.579	-12.126	55.266	0.07	0.325278810408922	-0.3870917544354922	0.06795460496317143	0	1	No-PER3D	No-Essential3D
256	K	256	12.952	-10.666	52.145	-0.2	0.216852540272615	-0.5538726180731122	0.09310820536965726	0	0.42857142857142866	No-PER3D	No-Essential3D
257	F	257	14.843	-13.211	50.033	2.27	0.186404673393521	0.07922977729644506	0.02204994102688151	0	0.18095238095238098	No-PER3D	No-Essential3D
258	F	258	12.475	-16.197	49.727	0.62	0.185714285714286	0.3225968609166905	-0.26556468747138806	0	0.18095238095238098	No-PER3D	No-Essential3D
259	K	259	9.684	-13.719	49.215	0.35	0.185714285714286	-0.007145712683023438	-0.3168832729107153	0	0.42857142857142866	No-PER3D	No-Essential3D
260	G	260	10.994	-12.474	45.886	0.07	0.187466808284652	0.3940925950915672	-0.2617078710753326	0.7424963948843837	1	No-PER3D	No-Essential3D
261	P	261	9.627	-14.573	43.124	0.35	0.187633262260128	0.768692173902709	-0.374461162575268	0.4839417797752913	0.6478595664957539	No-PER3D	No-Essential3D
262	L	262	12.853	-14.106	41.206	0.9	0.187633262260128	1.072744341924939	-0.24895396265913497	2.391609569194445	0.458513029158984	No-PER3D	No-Essential3D
263	N	263	14.829	-15.85	43.897	1.99	0.188336008560728	0.798302371941925	-0.04424370173589604	0.7424963948843837	1	No-PER3D	No-Essential3D
264	A	264	12.291	-18.624	44.042	1.17	0.188336008560728	0.7737328831643648	-0.16917893810856505	1.1310909378615845	1	No-PER3D	No-Essential3D
265	I	265	12.808	-19.168	40.359	1.72	0.164498141263941	1.1172915200305216	0.0634713310139913	1.5346120726381576	0.696995440938207	No-PER3D	No-Essential3D
266	D	266	16.564	-19.176	40.825	2.27	0.163888888888889	1.152206875843005	0.20861802577778388	2.391609569194445	0.458513029158984	No-PER3D	No-Essential3D
267	L	267	16.229	-21.973	43.366	1.17	0.187301587301587	1.0639530238215267	-0.047679477164146125	1.1310909378615845	1	No-PER3D	No-Essential3D
268	L	268	13.725	-23.984	41.383	1.44	0.186772486772487	1.1306774462765197	0.015442697549084559	0.539485677234016	0.4563886251757368	No-PER3D	No-Essential3D
269	A	269	16.212	-23.857	38.549	1.44	0.163425925925926	1.293354982463976	0.32419440450722226	0.931587639397584	1	No-PER3D	No-Essential3D
270	I	270	18.758	-25.947	40.522	1.72	0.162361623616236	1.2190750724293373	0.24490952375305033	0.7260321384757196	0.739453057170713	No-PER3D	No-Essential3D
271	L	271	16.542	-28.12	42.683	0.62	0.161172161172161	1.1467196558699668	-0.07155270661817693	0.539485677234016	0.4563886251757368	No-PER3D	No-Essential3D
272	P	272	16.026	-30.848	40.154	2.27	0.143146796431468	0.9215539192635681	0.05148709905008249	0.539485677234016	0.4563886251757368	No-PER3D	No-Essential3D
273	Y	273	19.706	-31.551	39.521	1.17	0.143146796431468	0.6989420749318545	0.16614261950305997	0.34084983611361813	0.16451079376010122	No-PER3D	No-Essential3D
274	Y	274	20.643	-32.013	43.155	2.27	0.144078144078144	0.8075563405768942	-0.10003273623061813	0.539485677234016	0.4563886251757368	No-PER3D	No-Essential3D
275	V	275	17.507	-33.954	43.97	1.17	0.145016339869281	0.6528453409306941	-0.15011015391947793	0.737232767209739	1	No-PER3D	No-Essential3D
276	T	276	18.19	-36.291	41.08	1.44	0.131734317343173	0.10682494101241354	0.08296396249676696	0.34084983611361813	0.16451079376010122	No-PER3D	No-Essential3D
277	I	277	21.65	-37.032	42.365	1.72	0.131734317343173	-0.25055183229202577	0.02120929896492732	0.4839417797752913	0.6478595664957539	No-PER3D	No-Essential3D
278	F	278	20.346	-37.666	45.822	0.35	0.132222222222222	0.1511307226448392	-0.127129942269495	1.513291271486336	1	No-PER3D	No-Essential3D
279	L	279	17.6	-39.937	44.576	1.17	0.305128205128205	-0.09164189863233614	0.08779713401921968	0.35408630412611103	0.39603820997818273	No-PER3D	No-Essential3D
280	T	280	19.817	-41.968	42.268	0.35	0.22180916976456	-0.4000663611149017	0.13063902243555975	0.7424963948843837	1	No-PER3D	No-Essential3D
281	E	281	22.531	-42.498	44.841	-0.47	0.220987654320988	-0.30644197607437157	0.05356187796657576	0.7475532163983039	1	No-PER3D	No-Essential3D
282	S	282	19.966	-43.46	47.425	-0.47	0.327838827838828	-0.3517706836204028	0.1313491675500936	28.076979422346255	1	No-PER3D	No-Essential3D
283	N	283	18.556	-46.101	45.087	-0.2	0.329335793357934	-0.4193516657799405	0.2231889180541156	28.076979422346255	1	No-PER3D	No-Essential3D
284	K	284	21.528	-47.523	43.202	0.07	0.330555555555556	-0.5545136300990157	0.23489346772719605	0.7475532163983039	1	No-PER3D	No-Essential3D
285	S	285	19.618	-50.713	42.429	0.07	0.305128205128205	-0.7142904562127842	0.43518334222356614	28.076979422346255	1	No-PER3D	No-Essential3D
286	V	286	17.366	-51.69	39.596	0.62	0.306262510723477	-0.8143589743953563	0.44694808586406093	28.076979422346255	1	No-PER3D	No-Essential3D
287	L	287	14.647	-52.548	42.056	-0.47	0.363297150610583	-0.7322782398319833	0.5049452016504119	0	1	No-PER3D	No-Essential3D
288	Q	288	14.935	-49.385	44.065	-0.2	0.400746268656716	-0.6250034063256783	0.42801848730666847	0.3667991696829426	0.5743178170144462	No-PER3D	No-Essential3D
289	F	289	15.279	-47.005	41.142	1.17	0.399256505576208	-0.5112453183505312	0.23784788440283824	0.23892970655651283	0.3098788851597841	No-PER3D	No-Essential3D
290	Q	290	12.233	-48.551	39.593	0.35	0.399256505576208	-0.45817867992037936	0.45171358372608744	0	0.07522739432851792	No-PER3D	No-Essential3D
291	N	291	10.295	-47.642	42.681	0.62	0.364314789687924	-0.4338202229360474	0.46353232731242255	0	0.07522739432851792	No-PER3D	No-Essential3D
292	V	292	11.514	-44.012	42.817	1.17	0.33271375464684	-0.43596162574785685	0.2592462671765875	0.23892970655651283	0.3098788851597841	No-PER3D	No-Essential3D
293	R	293	11.366	-43.418	39.066	0.35	0.330258302583026	-0.2747942966240515	0.3989152112640851	0	0.012380684019583678	No-PER3D	No-Essential3D
294	R	294	8.06	-41.541	39.204	0.35	0.306556911722963	0.08988660222709025	0.4563611721188773	0	0.012380684019583678	No-PER3D	No-Essential3D
295	V	295	9.586	-38.942	41.497	0.62	0.30826000567698	0.296617142996713	0.2316211805963828	0.13604671181643038	0.08035314717869703	No-PER3D	No-Essential3D
296	V	296	12.679	-38.739	39.382	1.17	0.333948339483395	0.19364730210840048	0.14181377414370933	0.4204256587992062	0.2810072741143265	No-PER3D	No-Essential3D
297	Q	297	10.544	-38.158	36.333	1.44	0.333948339483395	0.4066134618612751	0.2715400003460765	0.2759038479246792	0.13371348983559866	No-PER3D	No-Essential3D
298	I	298	8.579	-35.404	38.003	1.17	0.333025830258303	0.5363423209542038	0.1688294950547719	0.2759038479246792	0.13371348983559866	No-PER3D	No-Essential3D
299	F	299	11.801	-33.571	38.706	1.44	0.335501858736059	0.6278125266643328	-2.5162097445292957e-4	0.2759038479246792	0.13371348983559866	No-PER3D	No-Essential3D
300	R	300	12.948	-33.957	35.132	2.27	0.367367706919946	0.5987020177632518	0.23323710998017957	0.7260321384757196	0.739453057170713	No-PER3D	No-Essential3D
301	I	301	9.82	-32.134	34	1.17	0.40410447761194	0.6535439735980472	0.37841173766597413	0.7260321384757196	0.739453057170713	No-PER3D	No-Essential3D
302	M	302	10.49	-29.449	36.57	1.72	0.367015883744508	0.9173380324778182	0.17208501419864178	0.539485677234016	0.4563886251757368	No-PER3D	No-Essential3D
303	R	303	13.779	-28.656	34.866	2.27	0.367015883744508	1.046825983754418	0.4090928925609346	0.931587639397584	1	No-PER3D	No-Essential3D
304	I	304	11.873	-26.765	32.158	1.17	0.368743615934627	1.085973503907809	0.6858187698496846	1.2732313010480962	1	No-PER3D	No-Essential3D
305	L	305	10.991	-24.07	34.677	0.9	0.372555746140652	1.2817111046747625	0.43695081898900956	0.931587639397584	1	No-PER3D	No-Essential3D
306	R	306	14.515	-22.805	34.12	0.9	0.37396694214876	1.183340413007268	0.6857845547661938	1.2335171721126497	0.7723400341551192	No-PER3D	No-Essential3D
307	I	307	12.928	-20.975	31.201	1.44	0.408270676691729	1.1306774462765197	0.8821277263675098	4.34262035451064	0.06308085059668081	No-PER3D	No-Essential3D
308	L	308	11.436	-18.57	33.746	1.44	0.404494382022472	1.1165338260920687	0.21786244914347336	2.827062891937643	0.14180316952951375	No-PER3D	No-Essential3D
309	K	309	14.955	-17.464	34.653	1.72	0.40410447761194	1.164703516660739	0.4934874863331517	1.610719141180546	0.5700103667078142	No-PER3D	No-Essential3D
310	L	310	14.712	-15.202	31.616	2.27	0.337078651685393	0.9917668908935202	0.772340203179554	2.4882896930269927	0.2224428970246537	No-PER3D	No-Essential3D
311	A	311	12.128	-13.186	33.509	1.99	0.338345864661654	1.1488995177839998	-0.012504732230564058	6.796154353060126	0.07251422884013524	No-PER3D	No-Essential3D
312	R	312	14.936	-11.465	35.376	2.27	0.340909090909091	1.1028953351999198	0.08242126777941414	3.3244581036033027	0.1789493565781076	No-PER3D	No-Essential3D
313	H	313	16.136	-10.158	32.035	2.27	0.169981060606061	0.9936972064033881	0.5232488556309939	2.8476580591322476	0.2909951011413201	No-PER3D	No-Essential3D
314	S	314	12.8	-9.462	30.386	0.62	0.151094276094276	1.211245568398659	-0.0026874497522023063	4.886398146111076	0.23180877551817253	No-PER3D	No-Essential3D
315	T	315	10.631	-6.468	31.131	0.62	0.150524109014675	1.0484743003924557	0.48923780268270906	4.886398146111076	0.23180877551817253	No-PER3D	No-Essential3D
316	G	316	7.743	-7.991	29.247	2.27	0.150524109014675	1.116918686505251	0.4871743854005109	28.076979422346255	0.01842916701138231	PER3D	No-Essential3D
317	L	317	7.884	-11.177	31.256	2.27	0.134456928838951	1.2333105343032975	0.04529249823750701	28.076979422346255	0.01842916701138231	PER3D	No-Essential3D
318	Q	318	7.879	-9.046	34.348	1.44	0.135338345864662	1.0990226772922724	0.05603366249116166	5.820546702582783	0.13128737434261706	No-PER3D	No-Essential3D
319	S	319	4.853	-7.131	33.089	1.17	0.123499142367067	0.751044720373244	0.5335333984303303	3.3244581036033027	0.1789493565781076	No-PER3D	No-Essential3D
320	L	320	3.111	-10.365	32.303	1.44	0.123034859876965	0.7197936230884008	0.2874669196903879	1.5346120726381576	0.696995440938207	No-PER3D	No-Essential3D
321	G	321	3.813	-11.484	35.83	1.17	0.123034859876965	0.8758296157244077	-0.10390523684900456	3.9910512514271805	0.23241574808481455	No-PER3D	No-Essential3D
322	F	322	2.376	-8.323	37.289	0.62	0.123034859876965	0.7042068873719429	0.3053587358643322	1.1310909378615845	1	No-PER3D	No-Essential3D
323	T	323	-0.658	-8.697	35.078	1.17	0.135338345864662	0.4875756958488371	0.2639893820868451	1.5577814245590793	0.7272572428255122	No-PER3D	No-Essential3D
324	L	324	-1.349	-12.296	36.03	1.17	0.134200743494424	0.5488695274032888	-0.10956430908106726	2.8476580591322476	0.2909951011413201	No-PER3D	No-Essential3D
325	R	325	-1.042	-11.519	39.711	0.9	0.148559670781893	0.5786216427198656	-0.35675701343665933	3.9910512514271805	0.23241574808481455	No-PER3D	No-Essential3D
326	R	326	-3.615	-8.772	39.317	0.9	0.133703703703704	0.3542707635862519	-0.07815856811880856	2.391609569194445	0.458513029158984	No-PER3D	No-Essential3D
327	S	327	-5.896	-10.904	37.135	1.17	0.132720588235294	0.47165857226998564	-0.02879498886717637	3.8225220731251186	0.10732070109748676	No-PER3D	No-Essential3D
328	Y	328	-6.358	-13.862	39.485	0.62	0.133210332103321	0.7470678294370268	-0.49493620513792513	5.820546702582783	0.13128737434261706	No-PER3D	No-Essential3D
329	N	329	-10.054	-13.238	39.946	0.35	0.133210332103321	0.8528282727720597	-0.5685527832582954	5.820546702582783	0.13128737434261706	No-PER3D	No-Essential3D
330	E	330	-10.767	-13.05	36.235	1.44	0.133088235294118	0.6541908556974478	-0.3396557169744823	3.8225220731251186	0.10732070109748676	No-PER3D	No-Essential3D
331	L	331	-8.433	-15.874	35.454	1.17	0.132116788321168	0.7517139087519344	-0.371367255126297	6.796154353060126	0.07251422884013524	No-PER3D	No-Essential3D
332	G	332	-10.345	-17.943	37.959	1.44	0.132116788321168	1.0084614140040953	-0.6640756550499041	4.886398146111076	0.23180877551817253	No-PER3D	No-Essential3D
333	L	333	-13.651	-17.098	36.369	1.44	0.145858585858586	0.9970018671955573	-0.5295212511548593	28.076979422346255	0.01842916701138231	PER3D	Essential3D
334	L	334	-12.333	-18.103	32.993	2.27	0.145985401459854	1.055465436477925	-0.5895738751717123	28.076979422346255	0.009578675381546083	PER3D	Essential3D
335	I	335	-11.404	-21.514	34.229	1.99	0.144927536231884	1.133290941310603	-0.7302255251948312	28.076979422346255	0.009578675381546083	PER3D	Essential3D
336	L	336	-14.602	-21.866	36.204	1.44	0.144003208985158	1.0690782583679244	-0.9348753310705857	28.076979422346255	0.06826693905345588	No-PER3D	No-Essential3D
337	F	337	-16.895	-20.979	33.315	1.72	0.142970927917164	1.1642685442145901	-0.8312547666056335	28.076979422346255	0.009578675381546083	PER3D	Essential3D
338	L	338	-14.928	-23.207	30.981	1.99	0.141953341241597	1.1532151267595154	-0.8990871131265271	6.796154353060126	0.07251422884013524	No-PER3D	No-Essential3D
339	A	339	-15.308	-26.036	33.452	1.17	0.142857142857143	1.3042600762831154	-0.9847551934717625	4.886398146111076	0.23180877551817253	No-PER3D	No-Essential3D
340	M	340	-19.031	-25.627	33.632	1.44	0.141953341241597	1.0958454872508379	-1.1156709223771704	3.9910512514271805	0.23241574808481455	No-PER3D	No-Essential3D
341	G	341	-19.285	-25.551	29.871	1.99	0	1.0142717301531774	-1.0950440193038857	10.001768202431208	0.011081343354803336	PER3D	Essential3D
342	I	342	-17.061	-28.548	29.48	1.44	0	0.9689430226071463	-1.1224209998612638	10.001768202431208	0.011081343354803336	PER3D	Essential3D
343	M	343	-19.079	-30.711	31.842	0.62	0	0.9563517149554709	-1.137927296088799	5.820546702582783	0.13128737434261706	No-PER3D	No-Essential3D
344	I	344	-22.341	-29.567	30.374	0.9	0	0.8637775791751156	-1.2682446623512498	5.820546702582783	0.13128737434261706	No-PER3D	No-Essential3D
345	F	345	-21.375	-30.093	26.736	2.27	0	0.819770366864752	-1.2813443200510841	12.40629309755098	0.003010451906858386	PER3D	Essential3D
346	S	346	-19.499	-33.295	27.415	1.44	0	0.7706927440383063	-1.1553585723481754	10.001768202431208	0.011081343354803336	PER3D	Essential3D
347	S	347	-22.548	-34.728	29.079	0.62	0	0.8583959200827644	-1.2438035458145333	6.796154353060126	0.07251422884013524	No-PER3D	No-Essential3D
348	L	348	-24.933	-33.851	26.277	1.17	0	0.8344506869222738	-1.427188574861354	7.8160945254729475	0.039294195506777006	PER3D	Essential3D
349	V	349	-22.699	-35.084	23.483	0.07	0	0.46813864139807415	-1.2737051082099204	11.174662495747274	0.005798697755493226	PER3D	Essential3D
350	F	350	-22.072	-38.288	25.359	0.62	0	0.47321179371736727	-1.2058400951981285	7.8160945254729475	0.039294195506777006	PER3D	Essential3D
351	F	351	-25.76	-39.089	25.63	0.35	0	0.36221415131192186	-1.238283266826201	28.076979422346255	0.13206868038328715	No-PER3D	No-Essential3D
352	A	352	-26.399	-38.011	22.066	1.17	0	0.28684212584326024	-1.3358600489979573	28.076979422346255	0.03543717724718419	PER3D	Essential3D
353	E	353	-23.739	-40.41	20.718	2.27	0.209207459207459	0.07058469992923783	-1.235114941229675	28.076979422346255	0.03543717724718419	PER3D	Essential3D
354	K	354	-24.46	-43.165	23.236	0.62	0.20979020979021	0.052792152019521844	-1.1234930842919117	28.076979422346255	0.13206868038328715	No-PER3D	No-Essential3D
355	D	355	-26.807	-45.191	21.019	0.35	0.207612456747405	-0.21496040266329	-1.089752349265176	28.076979422346255	0.2571428571428572	No-PER3D	No-Essential3D
356	E	356	-24.228	-45.547	18.23	-0.47	0.208333333333333	-0.25600348695042396	-1.1264519297947542	28.076979422346255	0.2571428571428572	No-PER3D	No-Essential3D
357	D	357	-21.772	-48.431	17.941	-0.47	0.208333333333333	-0.598674780026437	-0.6615905764200976	28.076979422346255	1	No-PER3D	No-Essential3D
358	D	358	-19.418	-46.003	16.194	-0.75	0.20979020979021	-0.36979227886294613	-0.805364139311068	28.076979422346255	0.5047619047619047	No-PER3D	No-Essential3D
359	T	359	-19.58	-43.45	18.99	-0.47	0.20979020979021	-0.08062259666323371	-0.9870694558520842	28.076979422346255	0.2571428571428572	No-PER3D	No-Essential3D
360	K	360	-16.413	-41.485	19.645	-0.2	0.208624708624709	0.3038330495328239	-0.9598063556868222	28.076979422346255	0.004275057179213174	PER3D	Essential3D
361	F	361	-17.319	-40.789	23.255	1.44	0.180851063829787	0.39789826732938904	-1.0100346345937354	7.8160945254729475	0.039294195506777006	PER3D	Essential3D
362	K	362	-16.414	-43.689	25.535	0.35	0.179577464788732	0.163541936441618	-0.8944287036055538	5.820546702582783	0.13128737434261706	No-PER3D	No-Essential3D
363	S	363	-17.668	-41.797	28.562	1.72	0.179577464788732	0.45320722361027593	-1.0038761005987065	4.886398146111076	0.23180877551817253	No-PER3D	No-Essential3D
364	I	364	-18.492	-38.313	29.751	1.72	0.157918149466192	0.5716353160463373	-1.0816023288844638	4.886398146111076	0.23180877551817253	No-PER3D	No-Essential3D
365	P	365	-15.09	-37.763	31.225	2.27	0.181122448979592	0.7450341920264609	-1.1059328494602585	4.886398146111076	0.23180877551817253	No-PER3D	No-Essential3D
366	A	366	-13.541	-38.748	27.913	-0.2	0.181259600614439	0.5437803497833477	-0.9767029767535313	6.796154353060126	0.07251422884013524	No-PER3D	No-Essential3D
367	S	367	-15.742	-36.183	26.187	1.17	0.181259600614439	0.747129968357905	-1.1029147240769068	11.174662495747274	0.005798697755493226	PER3D	Essential3D
368	F	368	-14.143	-33.475	28.298	1.17	0.182568334192883	0.8583959200827644	-1.0538716498777645	6.796154353060126	0.07251422884013524	No-PER3D	No-Essential3D
369	W	369	-11.306	-33.44	25.828	2.27	0.183229813664596	0.9737506128014222	-0.9180284467695403	16.50179848637443	6.916941812396307e-4	PER3D	Essential3D
370	W	370	-13.61	-32.836	22.903	2.27	0.183229813664596	1.0662133270684782	-1.0771884246045549	25.038210381617567	1.3338864365084916e-5	PER3D	Essential3D
371	A	371	-15.444	-30.115	24.762	1.44	0.183376623376623	1.0607829257221488	-1.1126552086659074	27.076979422346255	5.933507281309674e-6	PER3D	Essential3D
372	T	372	-12.278	-28.216	25.584	0.62	0.184045881126173	1.248218226321306	-0.9333618529743369	13.7011973762166	0.001551053804464133	PER3D	Essential3D
373	I	373	-10.954	-28.548	22.085	0.9	0.214720194647202	1.4852782094723938	-0.9391502958550035	19.62289988624014	1.4572400853132836e-4	PER3D	Essential3D
374	T	374	-14.208	-27.233	20.67	1.72	0.185243328100471	1.1510820111102902	-1.053763939245758	27.076979422346255	5.933507281309674e-6	PER3D	Essential3D
375	M	375	-14.839	-24.318	23.009	1.72	0.186610437532947	1.1632105031293634	-1.0232930473613366	16.50179848637443	6.916941812396307e-4	PER3D	Essential3D
376	T	376	-11.26	-23.131	22.569	1.72	0.187997875730218	1.42376067780278	-0.8092887959741917	28.076979422346255	9.648918781326726e-5	PER3D	Essential3D
377	T	377	-11.984	-23.666	18.866	2.27	0.187997875730218	1.2432160431905948	-0.8640065141612098	28.076979422346255	9.648918781326726e-5	PER3D	Essential3D
378	V	378	-8.819	-25.726	18.442	2.27	0.18816631130064	1.7505602283941946	-0.6491921894072141	28.076979422346255	4.495162140917764e-5	PER3D	Essential3D
379	G	379	-10.765	-28.539	16.754	2.27	0.165262172284644	1.4047461680139903	-0.8642661382812917	28.076979422346255	8.116946114107384e-6	PER3D	Essential3D
380	Y	380	-8.184	-31.304	16.307	2.27	0.165262172284644	1.5214896656142805	-0.6367356350190236	28.076979422346255	9.648918781326726e-5	PER3D	Essential3D
381	G	381	-10.816	-33.596	14.871	2.27	0.166509433962264	1.3071569927744662	-0.7868854428035006	28.076979422346255	9.648918781326726e-5	PER3D	Essential3D
382	D	382	-9.641	-36.631	16.787	2.27	0.191743617599131	1.1942048831554186	-0.7044025627270281	28.076979422346255	2.0655456649079938e-4	PER3D	Essential3D
383	I	383	-13.026	-36.965	18.413	0.9	0.19376026272578	0.6726875411455843	-0.9022542945799163	16.50179848637443	6.916941812396307e-4	PER3D	Essential3D
384	Y	384	-16.166	-35.741	16.662	0.07	0	0.5969853885372745	-1.1181231763809931	28.076979422346255	2.0848989628864158e-5	PER3D	Essential3D
385	P	385	-19.885	-36.365	16.919	2.27	0	0.37783836157758616	-1.2310692207860623	28.076979422346255	4.4150887026937264e-4	PER3D	Essential3D
386	K	386	-21.449	-38.545	14.243	-0.2	0	0.01834233428453801	-1.2163037192380344	28.076979422346255	0.01842916701138231	PER3D	Essential3D
387	T	387	-25.135	-38.048	14.953	1.72	0	-0.11716028213973166	-1.2940220309360928	28.076979422346255	0.06826693905345588	No-PER3D	No-Essential3D
388	L	388	-27.543	-35.208	14.332	0.07	0	0.28540671677096924	-1.6446342782674135	28.076979422346255	0.03543717724718419	PER3D	Essential3D
389	L	389	-28.061	-34.702	18.039	0.35	0	0.31725856271395536	-1.5632638782634682	28.076979422346255	0.03543717724718419	PER3D	Essential3D
390	G	390	-24.353	-34.697	18.613	2.27	0	0.2970916583925116	-1.3712088287886341	28.076979422346255	0.009046331280551673	PER3D	Essential3D
391	K	391	-23.845	-32.114	15.921	1.17	0	0.5507201374469036	-1.7006858388003636	28.076979422346255	0.009578675381546083	PER3D	Essential3D
392	I	392	-26.413	-29.793	17.4	1.17	0	0.5442463916899358	-1.6999135220664847	28.076979422346255	0.01842916701138231	PER3D	Essential3D
393	V	393	-24.688	-29.996	20.728	0.35	0	0.6477585358877324	-1.5562641297804802	28.076979422346255	0.004275057179213174	PER3D	Essential3D
394	G	394	-21.321	-29.482	19.113	1.99	0	0.775403177357576	-1.3694076128589872	28.076979422346255	9.648918781326726e-5	PER3D	Essential3D
395	G	395	-22.455	-26.427	17.226	0.35	0	0.842006158311878	-1.38922201885131	28.076979422346255	0.0020103087624006254	PER3D	Essential3D
396	L	396	-23.733	-24.877	20.409	0.62	0	0.92561366209429	-1.383121577046562	28.076979422346255	0.009578675381546083	PER3D	Essential3D
397	C	397	-20.565	-25.896	22.193	1.17	0	1.0235490798794291	-1.242190911336787	13.7011973762166	0.001551053804464133	PER3D	Essential3D
398	C	398	-18.529	-23.883	19.741	1.17	0	1.1467196558699668	-1.0744026650924057	28.076979422346255	4.4150887026937264e-4	PER3D	Essential3D
399	I	399	-20.682	-20.801	20.114	1.17	0.16967680608365	1.0582143532535864	-1.1127771992314093	28.076979422346255	0.01842916701138231	PER3D	Essential3D
400	A	400	-20.649	-21.112	23.861	0.62	0.168726235741445	1.0546554877850964	-1.033822784107092	28.076979422346255	0.009578675381546083	PER3D	Essential3D
401	G	401	-16.897	-21.37	23.839	2.27	0.168560606060606	1.255459238218959	-0.9339805173459279	28.076979422346255	2.0655456649079938e-4	PER3D	Essential3D
402	V	402	-16.479	-18.112	21.998	1.72	0.167293233082707	1.1666776223778759	-0.7395476610946448	28.076979422346255	9.427669803828169e-4	PER3D	Essential3D
403	L	403	-18.642	-16.242	24.456	1.72	0.16745283018867901	1.1557272670902141	-0.6663499970241457	28.076979422346255	0.01842916701138231	PER3D	Essential3D
404	V	404	-17.16	-17.987	27.468	1.17	0.148427672955975	1.1291620583996143	-0.7318213212212967	28.076979422346255	0.0020103087624006254	PER3D	Essential3D
405	I	405	-13.575	-17.093	26.705	0.9	0.16745283018867901	1.1291620583996143	-0.5493745226695025	28.076979422346255	0.0020103087624006254	PER3D	Essential3D
406	A	406	-14.473	-13.663	25.417	1.44	0.190118152524168	1.0223162320062082	-0.3415951968855178	28.076979422346255	0.01842916701138231	PER3D	Essential3D
407	L	407	-16.054	-12.448	28.6	1.44	0.332706766917293	1.0334039768446843	-0.3309598875259922	28.076979422346255	0.01842916701138231	PER3D	Essential3D
408	P	408	-13.134	-12.544	31.064	2.27	0.330524344569288	0.8011000110992889	-0.30240091202109226	6.796154353060126	0.07251422884013524	No-PER3D	No-Essential3D
409	I	409	-10.275	-11.944	28.671	1.17	0.330524344569288	0.771853802197002	-0.17714186313965702	7.8160945254729475	0.039294195506777006	PER3D	Essential3D
410	P	410	-10.752	-8.267	28.108	-0.2	0.374933616569304	0.731997505889255	0.2223616640867915	6.796154353060126	0.07251422884013524	No-PER3D	No-Essential3D
411	I	411	-10.268	-7.449	31.731	0.07	0.372486772486772	0.5078951229760732	0.11314047479297047	7.8160945254729475	0.039294195506777006	PER3D	No-Essential3D
412	I	412	-6.952	-9.237	31.726	1.99	0.329291044776119	0.5003266024130841	0.04017867454994333	4.34262035451064	0.06308085059668081	No-PER3D	No-Essential3D
413	V	413	-5.914	-7.593	28.507	0.62	0.332075471698113	0.5743324361639289	0.4681917645931006	6.796154353060126	0.07251422884013524	No-PER3D	No-Essential3D
414	N	414	-6.798	-4.3	30.135	0.35	0.329887218045113	0.296617142996713	0.9288803786766665	5.820546702582783	0.13128737434261706	No-PER3D	No-Essential3D
415	N	415	-4.58	-4.994	33.116	0.62	0.527819548872181	0.25793595693919347	0.58998447410382	2.1643090964206166	0.340630178567678	No-PER3D	No-Essential3D
416	F	416	-1.752	-5.96	30.813	2.27	0.529323308270677	0.4645428691765773	0.5518181305535468	1.2732313010480962	1	No-PER3D	No-Essential3D
417	S	417	-2.264	-2.788	28.886	0.9	0.657303370786517	0.2773992694668666	1.1155820563191203	1.5346120726381576	0.696995440938207	No-PER3D	No-Essential3D
418	E	418	-2.078	-0.763	32.042	-0.2	0.609022556390977	0.08598924910959714	1.3303029442196708	1	1	No-PER3D	No-Essential3D
419	F	419	1.084	-2.401	33.33	0.62	0.724528301886792	0.3160722742244587	0.7891872405616541	1	1	No-PER3D	No-Essential3D
420	Y	420	2.671	-2.273	29.932	2.27	0.662264150943396	0.3517021911176897	0.980960865362812	1.5346120726381576	0.696995440938207	No-PER3D	No-Essential3D
421	K	421	2.1	1.426	29.387	-0.2	0.659774436090226	0.05536352597486034	1.6808405186389075	1	1	No-PER3D	No-Essential3D
422	E	422	2.934	2.383	32.932	0.62	0.654275092936803	-0.17030600646918326	1.8471272527324367	1.1310909378615845	1	No-PER3D	No-Essential3D
423	Q	423	6.383	0.997	32.342	1.17	0.654275092936803	0.2358541978399669	1.467211436193436	1.513291271486336	1	No-PER3D	No-Essential3D
424	K	424	6.839	2.396	28.895	1.72	0.647058823529412	-0.12023067587725249	1.9695449538818284	0.7475532163983039	1	No-PER3D	No-Essential3D
425	R	425	8.259	5.693	29.937	-0.47	0.644688644688645	-0.33598488197150517	2.500195861032575	0.23892970655651283	0.3098788851597841	No-PER3D	No-Essential3D
426	Q	426	11.288	7.154	31.621	0.07	0.647058823529412	-0.6002169550627827	2.4210822507140666	0.23892970655651283	0.3098788851597841	No-PER3D	No-Essential3D
427	E	427	11.754	10.374	33.426	0.9	0.647058823529412	-0.4564387901357842	2.4515282904031626	0.23892970655651283	0.3098788851597841	No-PER3D	No-Essential3D
428	K	428	13.692	11.314	30.338	-0.47	0.64	-0.7069829191174846	2.324213978747757	0	0.18095238095238098	No-PER3D	No-Essential3D
429	A	429	14.434	9.275	27.279	0.07	0.586503748958623	-0.7435206045939826	2.2715754784083857	0	0.030774843134393708	No-PER3D	No-Essential3D
430	I	430	15.878	9.606	23.823	0.35	0.485249517507582	-1.1732733813889826	2.18783122009364	0	0.030774843134393708	No-PER3D	No-Essential3D
431	K	431	14.508	7.084	21.424	0.07	0.537244897959184	-1.2650130245767264	2.20844156503643	0	0.030774843134393708	No-PER3D	No-Essential3D
432	R	432	14.025	6.953	17.707	0.07	0.535332994407728	-1.6230348907068268	2.087881901078138	0	0.030774843134393708	No-PER3D	No-Essential3D
433	R	433	11.62	4.719	15.888	-0.75	0.537244897959184	-1.7835397233357284	2.1282647289127987	0	0.030774843134393708	No-PER3D	No-Essential3D
434	E	434	9.506	4.723	12.785	-0.75	0.533434650455927	-1.9529925605711196	2.217056277467925	0	0.18095238095238098	No-PER3D	No-Essential3D
435	A	435	7.437	7.851	12.405	-0.75	0.668571428571429	-1.9988510841793774	2.2174540221437686	0	0.18095238095238098	No-PER3D	No-Essential3D
436	L	436	4.2	7.761	14.292	-0.75	0.675812274368231	-2.1771897871003794	2.2557804919633275	0	0.18095238095238098	No-PER3D	No-Essential3D
437	E	437	0.908	8.191	12.516	-0.75	0.633574007220217	-2.319860749437181	2.2967601587377704	0	1	No-PER3D	No-Essential3D
438	R	438	-1.762	10.686	13.345	-0.75	0.589208633093525	-2.319860749437181	2.4298417653645035	0	1	No-PER3D	No-Essential3D
439	A	439	-4.98	9.565	15.01	-0.75	0.589208633093525	-2.319860749437181	2.3819708922122405	0	1	No-PER3D	No-Essential3D
440	K	440	-6.401	10.041	11.515	-0.75	0.587096774193548	-2.319860749437181	2.4260082647969208	0	1	No-PER3D	No-Essential3D
441	R	441	-9.645	10.98	9.772	-0.75	0.58906967042136	-2.319860749437181	2.419593671736197	0	1	No-PER3D	No-Essential3D
442	N	442	-13.302	10.254	10.315	-0.75	0.625441696113074	-2.319860749437181	2.453073278159132	0	1	No-PER3D	No-Essential3D
443	G	443	-15.189	9.2	7.232	-0.75	0.664103097069216	-2.319860749437181	2.4878762719989806	0	0.42857142857142866	No-PER3D	No-Essential3D
444	S	444	-16.087	6.272	5.026	-0.75	0.668335419274093	-2.319860749437181	2.5348983714926554	0	0.42857142857142866	No-PER3D	No-Essential3D
445	I	445	-16.625	5.436	1.4	-0.75	0.672597864768683	-2.319860749437181	2.5980211504585062	0	0.42857142857142866	No-PER3D	No-Essential3D
446	V	446	-19.966	5.092	-0.307	-0.75	0.590780141843972	-2.319860749437181	2.63029626037425	0	0.42857142857142866	No-PER3D	No-Essential3D
