Uniprot_position	aminoacid	Position_in_structure	x	y	z	paraz	mtr	paraz3dscore	mtr3dscore	PER3D_OR	PER3D_pvalue	PER3D	Essential3D
1	M	1	29.693	49.887	-93.523	-0.52	0.266666666666667	-1.2230755928403927	-2.2725758705390113	0	1	No-PER3D	No-Essential3D
2	S	2	29.21	51.108	-90.001	-0.2	0.268115942028986	-1.4888684081353547	-2.278386212753705	0	1	No-PER3D	No-Essential3D
3	N	3	31.482	53.243	-87.924	-0.84	0.263945578231293	-1.3338225992132935	-2.2842089450283134	0	1	No-PER3D	No-Essential3D
4	L	4	32.136	53.794	-84.279	-0.52	0.265359477124183	-0.8539189049307229	-2.299019983738688	0	1	No-PER3D	No-Essential3D
5	S	5	29.42	55.749	-82.607	-1.16	0.261728395061728	-0.7800875673487889	-2.30541303664806	0	1	No-PER3D	No-Essential3D
6	K	6	30.072	58.139	-79.796	-0.2	0.26	-0.8077743189420141	-2.3112888115006305	0	1	No-PER3D	No-Essential3D
7	G	7	28.05	57.74	-76.663	-0.52	0.258757062146893	-0.8077743189420141	-2.3172794781386483	0	1	No-PER3D	No-Essential3D
8	T	8	27.619	54.76	-74.441	-0.2	0.257608695652174	-1.0901791851929115	-2.3234962894410685	0	1	No-PER3D	No-Essential3D
9	G	9	27.838	51.685	-76.57	1.08	0.256842105263158	-1.2834830508619748	-2.3252116842860766	0	1	No-PER3D	No-Essential3D
10	S	10	26.512	49.658	-73.717	-0.2	0.258163265306123	-1.7214371215184465	-2.334484077478601	0	1	No-PER3D	No-Essential3D
11	R	11	26.289	49.269	-69.973	-0.84	0.256862745098039	-1.754661223430317	-2.3398858741729383	0	1	No-PER3D	No-Essential3D
12	K	12	29.228	47.805	-68.146	-0.2	0.255660377358491	-1.5553166119590953	-2.340541574578337	0	1	No-PER3D	No-Essential3D
13	D	13	26.912	44.993	-67.263	-1.48	0.255707762557078	-1.9706178858574737	-2.3434528457917945	0	1	No-PER3D	No-Essential3D
14	T	14	25.441	43.807	-70.495	-1.8	0.253982300884956	-2.020454038725279	-2.3415304707803495	0	1	No-PER3D	No-Essential3D
15	K	15	22.866	41.171	-71.194	-1.8	0.252991452991453	-2.8473650196429388	-2.3438340979612327	0	1	No-PER3D	No-Essential3D
16	M	16	22.809	38.976	-74.218	-1.8	0.254166666666667	-3.2165217075526087	-2.344619747563471	0	1	No-PER3D	No-Essential3D
17	R	17	19.797	39.91	-76.237	-1.8	0.256326530612245	-3.881003745790014	-2.066410648596562	0	1	No-PER3D	No-Essential3D
18	I	18	17.321	37.308	-77.349	-1.8	0.255555555555556	-3.881003745790014	-1.7823197656027034	0	1	No-PER3D	No-Essential3D
19	R	19	16.718	36.885	-81.06	-1.8	0.254615384615385	-3.881003745790014	-1.4986747612129045	0	1	No-PER3D	No-Essential3D
20	A	20	13.721	35.373	-82.778	-1.8	0.547798066595059	-3.881003745790014	-1.1325038143724917	0	1	No-PER3D	No-Essential3D
21	F	21	12.4	35.248	-86.304	-1.8	0.547880690737834	-3.881003745790014	-0.152209839043439	0	1	No-PER3D	No-Essential3D
22	P	22	8.808	34.29	-86.659	-1.8	0.546428571428571	-3.2165217075526087	-0.0026005989475250254	0	1	No-PER3D	No-Essential3D
23	M	23	7.318	34.216	-90.116	-1.8	0.632978723404255	-2.854076959423115	0.4853231829168083	0	1	No-PER3D	No-Essential3D
24	T	24	3.919	34.023	-91.708	-1.8	1.27046263345196	-2.80122043365423	1.2323535067182747	0	1	No-PER3D	No-Essential3D
25	M	25	3.204	30.999	-93.815	-1.8	1.25795053003534	-2.0624213253507993	1.6445566082916236	0	1	No-PER3D	No-Essential3D
26	D	26	1.14	31.593	-96.927	-1.8	1.26690391459075	-2.3028589049761763	2.214733662737954	0	1	No-PER3D	No-Essential3D
27	E	27	-2.11	29.666	-97.227	-1.8	1.26690391459075	-1.9706178858574737	2.4476369320500333	0	1	No-PER3D	No-Essential3D
28	K	28	-1.161	28.236	-100.59	-1.8	1.25795053003534	-1.9983046374506988	4.400930529719572	0	1	No-PER3D	No-Essential3D
29	Y	29	2.031	26.916	-99.059	-1.8	1.24912280701754	-1.776810624704897	2.7291369023336594	0	1	No-PER3D	No-Essential3D
30	V	30	0.213	25.176	-96.226	-1.8	1.2404181184669	-1.1314228979110952	1.4586241964782591	0	1	No-PER3D	No-Essential3D
31	N	31	-2.012	23.422	-98.734	0.44	1.24912280701754	-1.132464405808019	2.286431882738035	0	1	No-PER3D	No-Essential3D
32	S	32	0.998	22.228	-100.691	0.12	1.24475524475524	-1.0901791851929115	2.9386400491134492	0	1	No-PER3D	No-Essential3D
33	I	33	2.526	20.801	-97.545	-0.52	1.24390243902439	-0.7454791278572573	1.4868380867247162	5.97447435706682	0.20322492928284133	No-PER3D	No-Essential3D
34	W	34	-0.694	19.055	-96.616	1.72	1.24390243902439	-0.5216778858120202	1.0870759906463099	3.6981625331912276	0.2911306576301243	No-PER3D	No-Essential3D
35	D	35	-1.069	17.666	-100.108	0.12	1.23611111111111	-0.6970273125691132	2.120414989904993	0	1	No-PER3D	No-Essential3D
36	L	36	2.389	16.16	-99.742	-1.16	1.23611111111111	-0.28787865013589614	1.8185945697899835	5.97447435706682	0.20322492928284133	No-PER3D	No-Essential3D
37	L	37	1.525	14.65	-96.363	1.08	1.24912280701754	-0.02331635713396621	1.0628784384663217	4.244387732055044	0.26277588393532925	No-PER3D	No-Essential3D
38	K	38	-1.897	13.483	-97.473	-0.52	1.23776223776224	-0.030916641885047644	1.204489609058793	0	1	No-PER3D	No-Essential3D
39	N	39	-0.306	11.597	-100.333	-0.84	1.23859649122807	-0.17097903229783407	1.978761973710594	0	1	No-PER3D	No-Essential3D
40	A	40	2.302	10.122	-98.014	-0.2	1.22569444444444	-0.06497832619805749	1.2184170818611453	5.97447435706682	0.20322492928284133	No-PER3D	No-Essential3D
41	I	41	-0.315	8.859	-95.566	1.08	1.02141203703704	-0.02376654821678287	0.8632779867199861	4.969094173467189	0.2334822104493157	No-PER3D	No-Essential3D
42	Q	42	-2.279	7.344	-98.439	-0.52	0.876623376623377	-0.10846056095829322	1.1977556460993837	0	0.9999999999999999	No-PER3D	No-Essential3D
43	E	43	0.895	5.7	-99.708	-0.84	0.876623376623377	-0.2985788439883503	1.4883459104476437	0	1	No-PER3D	No-Essential3D
44	I	44	1.478	4.226	-96.247	1.08	0.876623376623377	-0.3436140716438267	1.0602793884413713	0	1	No-PER3D	No-Essential3D
45	Q	45	-2.053	2.827	-96.17	-0.2	0.767045454545455	-0.23642044515454821	0.8498263770259255	0	1	No-PER3D	No-Essential3D
46	R	46	-1.229	1.299	-99.571	-0.52	0.687082842559874	-0.13574134845191105	1.0337666525786648	0	1	No-PER3D	No-Essential3D
47	K	47	1.8	-0.31	-97.909	-0.84	0.687082842559874	-0.2565562644950757	1.274596943400166	0	1	No-PER3D	No-Essential3D
48	N	48	4.106	1.563	-100.256	0.44	0.742049469964664	-0.4804191971632924	1.5146213382896465	0	1	No-PER3D	No-Essential3D
49	N	49	6.193	3.069	-97.462	0.12	0.786491677336748	-0.3094127902639602	1.141237650149964	0	1	No-PER3D	No-Essential3D
50	S	50	9.431	2.334	-99.286	-0.2	0.791519434628975	-0.36874154367801426	1.0234367659983152	0	1	No-PER3D	No-Essential3D
51	G	51	10.816	5.329	-101.123	-0.52	0.617957746478873	-0.1496815310722762	0.7882710355813145	0	1	No-PER3D	No-Essential3D
52	L	52	9.45	7.754	-98.551	-0.52	0.618374558303887	-0.00967360997208711	1.203628835783878	14.760220264584595	0.10641705599060078	No-PER3D	No-Essential3D
53	S	53	11.889	10.15	-96.919	0.12	0.622775800711744	-0.13892068834778376	0.6799066096376011	28.777946065195813	0.07204848122100847	No-PER3D	No-Essential3D
54	F	54	11.232	10.298	-93.191	0.44	0.564935064935065	0.052729920575425734	0.33078448871421523	14.760220264584595	0.10641705599060078	No-PER3D	No-Essential3D
55	E	55	13.051	13.558	-92.597	-0.52	0.570218312153796	-0.12863458868466607	-0.7243376396003843	28.777946065195813	0.07204848122100847	No-PER3D	No-Essential3D
56	E	56	11.224	15.351	-95.363	1.08	0.505797101449275	-0.1389206883477838	0.40047145256333255	14.760220264584595	0.10641705599060078	No-PER3D	No-Essential3D
57	L	57	7.86	14.016	-94.219	-0.2	0.423030303030303	0.005209386931780999	0.8389982057103406	4.969094173467189	0.2334822104493157	No-PER3D	No-Essential3D
58	Y	58	8.692	14.851	-90.625	1.08	0.420289855072464	0.21306300593077387	0.16658671867105868	7.472883645866885	0.17197884807824693	No-PER3D	No-Essential3D
59	R	59	9.787	18.356	-91.594	0.12	0.458498023715415	0.10588848363441818	-0.1526611614868408	14.760220264584595	0.10641705599060078	No-PER3D	No-Essential3D
60	N	60	6.596	19.019	-93.516	-1.16	0.461844724618447	-0.0895474099648187	0.6132848074370558	5.97447435706682	0.20322492928284133	No-PER3D	No-Essential3D
61	A	61	4.45	17.955	-90.573	0.44	0.461844724618447	-0.13968096527940554	0.15368306132716852	3.6981625331912276	0.2911306576301243	No-PER3D	No-Essential3D
62	Y	62	6.728	19.973	-88.31	-0.2	0.382417582417582	-0.060232025924933166	-0.5139502978387428	14.760220264584595	0.10641705599060078	No-PER3D	No-Essential3D
63	T	63	6.412	23.124	-90.403	0.44	0.382417582417582	-0.5384577352624598	0.455341994492733	14.760220264584595	0.10641705599060078	No-PER3D	No-Essential3D
64	M	64	2.634	22.88	-90.402	0.12	0.347378898473789	-0.6663473986414853	0.5828513718276852	4.969094173467189	0.2334822104493157	No-PER3D	No-Essential3D
65	V	65	2.42	22.591	-86.619	1.08	0.31959706959707	-0.23706998771392007	-0.7526564509001801	7.472883645866885	0.17197884807824693	No-PER3D	No-Essential3D
66	L	66	5.099	25.211	-85.981	-0.2	0.320512820512821	-0.904124214486438	-0.7107624625541855	9.934841729471179	0.13971828371765918	No-PER3D	No-Essential3D
67	H	67	3.195	27.68	-88.194	-0.84	0.318181818181818	-1.4199591597255496	0.0937182174927147	0	1	No-PER3D	No-Essential3D
68	K	68	0.116	26.902	-86.062	-1.16	0.318181818181818	-1.1464045884283842	-0.4099893379003148	0	1	No-PER3D	No-Essential3D
69	H	69	-1.528	24.86	-88.833	-0.84	0.320512820512821	-0.9252043343201763	0.3179984462316316	0	1	No-PER3D	No-Essential3D
70	G	70	-1.811	21.78	-86.579	0.12	0.324349442379182	-0.24589612484420817	-0.9720311165621495	0	1	No-PER3D	No-Essential3D
71	E	71	-5.604	21.777	-86.636	-1.16	0.324626865671642	0.03205714605248424	-1.0768879892655556	0	1	No-PER3D	No-Essential3D
72	K	72	-5.607	21.447	-90.421	-0.52	0.322222222222222	-0.23865775841460682	0.3293338571729691	0	1	No-PER3D	No-Essential3D
73	L	73	-3.116	18.605	-90.185	1.4	0.351515151515152	0.03944027981067765	0.1067445674216254	0	1	No-PER3D	No-Essential3D
74	Y	74	-5.126	16.92	-87.44	0.76	0.355464759959142	0.26751924969216545	-0.7829356416882336	0	1	No-PER3D	No-Essential3D
75	T	75	-8.458	17.348	-89.22	0.12	0.434456928838951	0.27923162404417606	-0.7785913176281638	0	1	No-PER3D	No-Essential3D
76	G	76	-6.912	16.178	-92.465	-0.84	0.547664141414141	-0.008677385027203452	0.5557843362720496	0	0.9999999999999999	No-PER3D	No-Essential3D
77	L	77	-5.356	13.162	-90.784	0.12	0.599723470445904	0.21364232767291633	0.06700304216833675	0	1	No-PER3D	No-Essential3D
78	R	78	-8.706	12.207	-89.34	1.08	0.561185983827493	0.3631073371456719	-0.7183778919202027	0	0.9999999999999999	No-PER3D	No-Essential3D
79	E	79	-10.309	12.535	-92.757	-0.2	0.466827180310326	0.075684754623627	-0.5493529759575618	0	1	No-PER3D	No-Essential3D
80	V	80	-7.753	10.448	-94.643	-1.16	0.400343151272519	0.18643176099652792	0.45171206085325644	0	1	No-PER3D	No-Essential3D
81	V	81	-7.82	7.629	-92.102	0.76	0.400343151272519	-0.036500524559311534	0.05983615414546403	0	0.9999999999999999	No-PER3D	No-Essential3D
82	T	82	-11.631	7.632	-92.071	-0.84	0.433705080545229	0.03944027981067762	-0.4339053520929808	0	0.9999999999999999	No-PER3D	No-Essential3D
83	E	83	-11.804	7.624	-95.856	0.44	0.433333333333333	-0.26622145777852885	-0.2305515604344031	0	1	No-PER3D	No-Essential3D
84	H	84	-9.46	4.644	-96.043	0.44	0.433333333333333	-0.28864772656904125	0.0645244668085963	0	1	No-PER3D	No-Essential3D
85	L	85	-11.121	2.544	-93.356	1.08	0.479835953520164	-0.22635253548428452	-0.2401178791631914	0	1	No-PER3D	No-Essential3D
86	I	86	-14.642	3.105	-94.627	-0.52	0.436567164179104	-0.6383313991914757	-0.6032310204123039	0	1	No-PER3D	No-Essential3D
87	N	87	-14.097	2.898	-98.364	-1.8	0.434944237918216	-0.7800875673487889	-0.794031248593264	0	0.9999999999999999	No-PER3D	No-Essential3D
88	K	88	-11.399	0.192	-98.479	-0.2	0.438202247191011	-0.6383313991914757	-0.28508699410144833	0	1	No-PER3D	No-Essential3D
89	V	89	-11.062	-1.639	-95.144	0.44	0.539766468385107	-0.40671194586300874	-0.13565729060219667	0	0.9999999999999999	No-PER3D	No-Essential3D
90	R	90	-14.703	-1.921	-94.162	-0.52	0.52434456928839	-0.5032200514165367	-0.24154964745243893	0	1	No-PER3D	No-Essential3D
91	E	91	-15.593	-3.31	-97.574	-1.16	0.52	-0.7446485253094606	-0.2785304591102362	0	1	No-PER3D	No-Essential3D
92	D	92	-12.907	-5.969	-97.383	-0.84	0.519557195571956	-0.43993604777487905	-0.08582225750079787	0	0.9999999999999999	No-PER3D	No-Essential3D
93	V	93	-14.257	-7.158	-94.044	-0.84	0.519557195571956	-0.648388424635069	-0.05820169503022976	0	1	No-PER3D	No-Essential3D
94	L	94	-17.846	-6.945	-95.273	-0.2	0.568265682656827	-0.8077743189420141	-0.13567633636249732	0	0.9999999999999999	No-PER3D	No-Essential3D
95	N	95	-17.15	-9.033	-98.323	0.12	0.609594095940959	-0.6285390323121877	-0.009073263608486004	0	1	No-PER3D	No-Essential3D
96	S	96	-15.453	-11.694	-96.158	-1.16	0.645985401459854	-0.8077743189420141	0.08718808479726269	0	0.9999999999999999	No-PER3D	No-Essential3D
97	L	97	-18.339	-12.299	-93.736	-0.2	0.645454545454546	-0.669340560975888	0.06704213375941187	0	1	No-PER3D	No-Essential3D
98	N	98	-19.113	-15.753	-95.111	0.44	0.636200716845878	-0.5935662934575874	0.1230934720939286	0	0.9999999999999999	No-PER3D	No-Essential3D
99	N	99	-15.602	-16.53	-96.306	0.12	0.635714285714286	-0.5585935546029872	0.21007852038498465	0	1	No-PER3D	No-Essential3D
100	N	100	-12.653	-16.234	-93.874	-1.48	0.637992831541219	-0.4953095509613295	0.045839680502118285	0	1	No-PER3D	No-Essential3D
101	F	101	-14.081	-13.473	-91.654	0.44	0.675682087781732	-0.49629836351823037	-0.03995935489062936	0	1	No-PER3D	No-Essential3D
102	L	102	-11.593	-13.651	-88.76	1.72	0.673286052009456	-0.20079553401361508	-0.19513078331671077	0	1	No-PER3D	No-Essential3D
103	Q	103	-8.63	-14.012	-91.087	-0.52	0.723945094051856	-0.18648361319004017	-0.05514978648711354	0	1	No-PER3D	No-Essential3D
104	T	104	-9.617	-10.933	-93.079	-0.84	0.720848056537102	-0.22635253548428452	0.03807811059254134	0	1	No-PER3D	No-Essential3D
105	L	105	-10.467	-8.855	-90.023	0.44	0.721911540416879	0.003660477751740412	-0.040047339689404424	0	0.9999999999999999	No-PER3D	No-Essential3D
106	N	106	-7.186	-9.65	-88.293	-1.16	0.673076923076923	-0.22635253548428452	-0.08837588250892825	0	0.9999999999999999	No-PER3D	No-Essential3D
107	Q	107	-5.298	-8.894	-91.489	-0.52	0.62280701754386	-0.4141409375948556	0.23153387801347058	0	1	No-PER3D	No-Essential3D
108	A	108	-7.069	-5.558	-91.664	-0.84	0.627208480565371	-0.19787473384553855	0.09725743324422653	0	0.9999999999999999	No-PER3D	No-Essential3D
109	W	109	-6.203	-5.084	-88.004	1.72	0.70133963750985	0.10588848363441815	-0.023911319885476495	0	1	No-PER3D	No-Essential3D
110	N	110	-2.518	-5.865	-88.552	0.12	0.784574468085106	-0.053587205542559135	0.3945288460352224	0	1	No-PER3D	No-Essential3D
111	D	111	-2.405	-3.644	-91.615	-0.2	0.78125	-0.10674576860155154	0.5033545545866771	0	1	No-PER3D	No-Essential3D
112	H	112	-3.918	-0.798	-89.614	0.44	0.78125	0.15572463650222357	0.0685590598049497	0	1	No-PER3D	No-Essential3D
113	Q	113	-1.475	-1.12	-86.74	-0.84	0.781802120141343	0.06006213616976953	0.16196283522911475	0	1	No-PER3D	No-Essential3D
114	T	114	1.505	-1.174	-89.065	-0.52	0.776315789473684	-0.11560552911138362	0.5861081647235514	0	1	No-PER3D	No-Essential3D
115	A	115	0.259	1.868	-90.983	0.12	0.768229166666667	0.16629594165600048	0.6159317226155486	0	1	No-PER3D	No-Essential3D
116	M	116	-0.61	3.851	-87.857	0.12	0.773601398601399	0.1956833536665	0.10544739341031598	0	1	No-PER3D	No-Essential3D
117	V	117	2.859	3.414	-86.42	-0.84	0.767733564013841	0.10588848363441815	0.26453859185861694	0	1	No-PER3D	No-Essential3D
118	M	118	4.466	4.994	-89.486	0.12	0.679648720885834	-0.18482240809444667	0.6115024280622381	9.934841729471179	0.13971828371765918	No-PER3D	No-Essential3D
119	I	119	1.828	7.724	-89.64	1.08	0.684352172241446	0.0907866191290226	0.2876729552962755	5.97447435706682	0.20322492928284133	No-PER3D	No-Essential3D
120	R	120	2.398	8.508	-85.963	-0.52	0.616724738675958	0.3337108967443857	-0.36913471662595587	7.472883645866885	0.17197884807824693	No-PER3D	No-Essential3D
121	D	121	6.12	8.661	-86.675	-0.84	0.616724738675958	0.10588848363441815	-0.24250404713728832	14.760220264584595	0.10641705599060078	No-PER3D	No-Essential3D
122	I	122	5.855	11.247	-89.443	0.12	0.619298245614035	0.10588848363441818	0.1896249525607414	7.472883645866885	0.17197884807824693	No-PER3D	No-Essential3D
123	L	123	3.349	13.211	-87.308	0.12	0.495774647887324	0.26795727344841946	-0.2440040923169502	4.969094173467189	0.2334822104493157	No-PER3D	No-Essential3D
124	M	124	5.53	12.811	-84.204	-0.84	0.497872340425532	-0.02272094312120867	-0.8557611429137493	14.760220264584595	0.10641705599060078	No-PER3D	No-Essential3D
125	Y	125	5.991	16.568	-83.748	0.44	0.310070671378092	0.17233668745815872	-1.1421366279702099	9.934841729471179	0.13971828371765918	No-PER3D	No-Essential3D
126	M	126	2.209	17.011	-83.8	1.08	0.410526315789474	-0.12668022974867368	-1.3072671304310972	7.472883645866885	0.17197884807824693	No-PER3D	No-Essential3D
127	D	127	1.885	14.225	-81.249	0.44	0.410526315789474	0.147418611024256	-1.3136803619925899	9.934841729471179	0.13971828371765918	No-PER3D	No-Essential3D
128	R	128	4.241	15.979	-78.852	-0.52	0.414893617021277	-0.027007924013062897	-1.328105115847104	0	1	No-PER3D	No-Essential3D
129	V	129	3.242	19.628	-79.452	-0.84	0.411971830985915	-0.08396352729055477	-1.6000907986090547	0	1	No-PER3D	No-Essential3D
130	Y	130	-0.295	19.877	-80.854	0.44	0.413145539906103	-0.10846056095829322	-1.5886842158534045	0	1	No-PER3D	No-Essential3D
131	V	131	-2.243	17.027	-79.305	0.76	0.416075650118203	0.08127803777377351	-1.4920604385054235	0	1	No-PER3D	No-Essential3D
132	Q	132	-0.907	17.846	-75.866	-0.84	0.251428571428571	0.027714126194723417	-1.5621673805560896	0	1	No-PER3D	No-Essential3D
133	Q	133	-1.89	21.516	-76.044	0.44	0.253237410071942	-0.2068089461243608	-1.6689343495436464	0	1	No-PER3D	No-Essential3D
134	N	134	-5.351	20.978	-77.58	-0.52	0.253429602888087	-0.24589612484420817	-1.654658149644386	0	1	No-PER3D	No-Essential3D
135	N	135	-6.448	18.105	-75.323	-0.2	0.253429602888087	-0.4052515457789706	-1.6438054082961255	0	1	No-PER3D	No-Essential3D
136	V	136	-7.137	15.884	-78.334	1.08	0.419664268585132	0.07568475462362703	-1.5300450182745657	0	1	No-PER3D	No-Essential3D
137	E	137	-6.429	12.174	-78.897	-0.84	0.422705314009662	0.1825594880464265	-1.3000842575214808	0	1	No-PER3D	No-Essential3D
138	N	138	-2.961	11.292	-80.185	0.12	0.421179302045728	0.0020631651598235954	-1.0396116861386886	0	1	No-PER3D	No-Essential3D
139	V	139	-2.386	9.931	-83.694	1.08	0.422705314009662	0.15976540565366723	-0.7648589866668972	0	1	No-PER3D	No-Essential3D
140	Y	140	-2.272	6.285	-82.632	-0.84	0.36101083032491	0.12543207299434184	-0.4121956786369184	0	1	No-PER3D	No-Essential3D
141	N	141	-5.319	6.531	-80.37	-0.52	0.363354037267081	-0.06638463739009431	-0.5108153916913123	0	1	No-PER3D	No-Essential3D
142	L	142	-7.202	8.432	-83.04	1.08	0.36734693877551	-0.05046023124497131	-0.5982144601385041	0	1	No-PER3D	No-Essential3D
143	G	143	-6.442	5.639	-85.475	0.76	0.427350427350427	0.03944027981067765	-0.31963388749932975	0	1	No-PER3D	No-Essential3D
144	L	144	-7.762	3.093	-82.987	1.72	0.425790754257908	-0.1496815310722762	-0.3491067718262439	0	1	No-PER3D	No-Essential3D
145	I	145	-10.982	5.045	-82.477	-0.52	0.432098765432099	-0.027007924013062883	-0.6063140160283232	0	0.9999999999999999	No-PER3D	No-Essential3D
146	I	146	-11.569	5.273	-86.221	0.12	0.433333333333333	0.06791808144942357	-0.5386941809236864	0	1	No-PER3D	No-Essential3D
147	F	147	-10.848	1.554	-86.657	1.08	0.608921933085502	-0.11045450555915565	-0.32227696940868156	0	0.9999999999999999	No-PER3D	No-Essential3D
148	R	148	-13.064	0.676	-83.698	0.44	0.606666666666667	-0.09166023043616181	-0.4818669478135227	0	1	No-PER3D	No-Essential3D
149	D	149	-16.009	2.771	-84.84	-0.84	0.64760147601476	0.052729920575425734	-0.5750932110138546	0	0.9999999999999999	No-PER3D	No-Essential3D
150	Q	150	-15.785	2.289	-88.6	-1.16	0.60442804428044306	-0.23706998771392007	-0.5865625854831583	0	0.9999999999999999	No-PER3D	No-Essential3D
151	V	151	-14.789	-1.399	-88.785	0.76	0.568265682656827	-0.3529205427675998	-0.3680210563208034	0	0.9999999999999999	No-PER3D	No-Essential3D
152	V	152	-15.103	-3.485	-85.595	0.44	0.564568014705882	-0.2337356692424779	-0.33655412668001694	0	0.9999999999999999	No-PER3D	No-Essential3D
153	R	153	-18.163	-1.758	-84.085	-0.2	0.57037037037037	-0.18205373293512414	-0.4378722266755752	0	0.9999999999999999	No-PER3D	No-Essential3D
154	Y	154	-19.777	-0.893	-87.47	-0.84	0.608395061728395	-0.7180692437799644	-0.3500330659192263	0	0.9999999999999999	No-PER3D	No-Essential3D
155	G	155	-22.835	-3.149	-87.144	-1.8	0.613483146067416	-0.9572827775454303	-0.1757901601751222	0	0.9999999999999999	No-PER3D	No-Essential3D
156	C	156	-22.867	-5.95	-89.696	-1.8	0.614035087719298	-0.8354610705352393	-0.07905401573228013	0	0.9999999999999999	No-PER3D	No-Essential3D
157	I	157	-19.303	-6.672	-88.626	1.08	0.56390977443609	-0.5585935546029872	-0.042424337775213754	0	1	No-PER3D	No-Essential3D
158	R	158	-19.88	-6.228	-84.914	0.12	0.567654986522911	-0.0809970896198521	-0.2238050145298746	0	0.9999999999999999	No-PER3D	No-Essential3D
159	D	159	-22.816	-8.621	-84.874	-0.84	0.567654986522911	-0.35635989079160296	-0.2835495170779386	0	1	No-PER3D	No-Essential3D
160	H	160	-20.953	-11.122	-87.041	-0.52	0.566037735849057	-0.35237499101206826	-0.06936085360371538	0	1	No-PER3D	No-Essential3D
161	L	161	-17.84	-10.959	-84.87	0.12	0.569272237196766	-0.292800739308025	-0.2264319502137796	0	1	No-PER3D	No-Essential3D
162	R	162	-20.008	-11.574	-81.826	-0.52	0.585551330798479	0.24269360915388394	-0.4526369846676438	0	0.9999999999999999	No-PER3D	No-Essential3D
163	Q	163	-21.761	-14.4	-83.631	0.12	0.629233511586453	-0.14021597497202828	-0.22191251306331033	0	1	No-PER3D	No-Essential3D
164	T	164	-18.521	-15.969	-84.832	0.12	0.626859045504994	0.06435835624458032	-0.27597982750891614	0	1	No-PER3D	No-Essential3D
165	L	165	-16.633	-15.888	-81.538	0.44	0.588723051409619	0.3393551457178309	-0.5052198096502821	0	1	No-PER3D	No-Essential3D
166	L	166	-19.559	-17.174	-79.49	1.08	0.559826532623694	0.3877899544018023	-0.37028037945739445	0	1	No-PER3D	No-Essential3D
167	D	167	-20.393	-19.891	-82.003	-0.84	0.515605493133583	0.3103444953997737	-0.35158478610211497	0	0.9999999999999999	No-PER3D	No-Essential3D
168	M	168	-16.819	-21.151	-81.807	-0.2	0.558765334388603	0.6042500123124721	-0.36479884979000193	0	1	No-PER3D	No-Essential3D
169	I	169	-16.907	-21.281	-78.002	1.08	0.550009710623422	0.8072861906627905	-0.07747070832099275	0	1	No-PER3D	No-Essential3D
170	A	170	-20.254	-23.037	-78.129	-1.16	0.553024351924588	0.7457600760111789	0.06142175420294233	0	1	No-PER3D	No-Essential3D
171	R	171	-18.911	-25.547	-80.643	-0.52	0.581069958847737	0.5255613498896216	-0.33581701589098006	0	1	No-PER3D	No-Essential3D
172	E	172	-15.741	-26.155	-78.642	1.08	0.578925789257893	0.9918645346176251	-0.12266471048938747	0	1	No-PER3D	No-Essential3D
173	R	173	-17.83	-27.066	-75.595	1.72	0.577777777777778	1.0422040829689438	0.25451016003497473	0	1	No-PER3D	No-Essential3D
174	K	174	-19.777	-29.472	-77.82	-0.84	0.56875	0.4855925054843641	-0.17468416928359132	0	1	No-PER3D	No-Essential3D
175	G	175	-16.575	-31.212	-78.855	1.72	0.571990740740741	0.5891481478070766	-0.31696426616165124	0	1	No-PER3D	No-Essential3D
176	E	176	-15.776	-29.439	-82.125	1.72	0.568265682656827	0.4381295027531209	-0.5212469500900826	0	1	No-PER3D	No-Essential3D
177	V	177	-12.278	-28.232	-82.927	-0.52	0.603946239633972	0.32738249638022	-0.5944403004394161	0	1	No-PER3D	No-Essential3D
178	V	178	-11.845	-24.497	-83.451	-0.2	0.392910447761194	0.4381295027531209	-0.3192690716886825	0	1	No-PER3D	No-Essential3D
179	D	179	-9.006	-22.051	-84.113	0.76	0.395094339622641	0.27200899319376953	-0.3023167521503949	0	1	No-PER3D	No-Essential3D
180	R	180	-8.189	-20.808	-80.621	0.12	0.331749049429658	0.5914715115771375	-0.1410260023950398	0	1	No-PER3D	No-Essential3D
181	G	181	-5.575	-18.427	-82.016	-0.52	0.362591431556949	0.1636695304376708	-0.15849810712471757	0	1	No-PER3D	No-Essential3D
182	A	182	-8.181	-16.652	-84.121	0.44	0.39467680608365	-0.03650052455931156	-0.27132002921871345	0	0.9999999999999999	No-PER3D	No-Essential3D
183	I	183	-10.201	-16.052	-80.965	1.08	0.473413379073756	0.38275599956667045	-0.15596700585611956	0	1	No-PER3D	No-Essential3D
184	R	184	-7.17	-14.795	-79.055	-1.16	0.473000683526999	0.42667291588695866	-0.26750892382522823	0	1	No-PER3D	No-Essential3D
185	N	185	-6.306	-12.32	-81.821	0.44	0.430348258706468	-0.03650052455931156	-0.19960952644424648	0	1	No-PER3D	No-Essential3D
186	A	186	-9.869	-11.007	-81.912	0.44	0.425925925925926	0.2933064944193273	-0.2940338569972336	0	0.9999999999999999	No-PER3D	No-Essential3D
187	C	187	-9.987	-10.613	-78.128	-0.52	0.42716049382716	0.34899166835542006	-0.29696839243707424	0	0.9999999999999999	No-PER3D	No-Essential3D
188	Q	188	-6.614	-8.895	-78.127	-0.52	0.469470827679783	-0.3813983444063458	-0.2761133766550322	0	1	No-PER3D	No-Essential3D
189	M	189	-7.893	-6.508	-80.79	0.12	0.471229145386449	-0.06449152617004476	-0.2564696870663169	0	1	No-PER3D	No-Essential3D
190	L	190	-11.021	-5.729	-78.786	0.44	0.471633629528366	-0.0237665482167829	-0.4409272662284671	0	1	No-PER3D	No-Essential3D
191	M	191	-8.951	-5.02	-75.703	-0.2	0.468505277494042	-0.08702565649902211	-0.47751848587742046	0	1	No-PER3D	No-Essential3D
192	I	192	-6.582	-2.594	-77.504	-1.16	0.532407407407407	-0.39820133847671696	-0.5892811233668553	0	1	No-PER3D	No-Essential3D
193	L	193	-9.548	-0.748	-79.033	1.08	0.584656978709023	-0.3370995418571854	-0.5638494752372422	0	1	No-PER3D	No-Essential3D
194	G	194	-10.51	-0.165	-75.407	-1.8	0.512592592592593	-0.36874154367801426	-0.6791706428115647	0	0.9999999999999999	No-PER3D	No-Essential3D
195	L	195	-7.763	2.484	-75.307	-1.8	0.512592592592593	-0.532014273073491	-0.8094228808946727	0	1	No-PER3D	No-Essential3D
196	E	196	-6.093	1.179	-72.188	-1.8	0.564916564916565	-0.9323647011115277	-0.6995855223067856	0	1	No-PER3D	No-Essential3D
197	G	197	-9.448	-0.115	-71.039	-1.8	0.635036496350365	-0.7540294482022241	-0.555977468503789	0	1	No-PER3D	No-Essential3D
198	R	198	-11.774	-3.123	-71.346	-1.8	0.560808080808081	-0.47885571001449856	-0.48010700515078875	0	1	No-PER3D	No-Essential3D
199	S	199	-14.868	-1.154	-72.415	-0.2	0.468075539568345	-0.5236208157483869	-0.6480402578968992	0	1	No-PER3D	No-Essential3D
200	V	200	-14.991	-2.499	-75.999	0.44	0.46841155234657	-0.40354774568092594	-0.64348216996569	0	0.9999999999999999	No-PER3D	No-Essential3D
201	Y	201	-14.085	-6.052	-74.948	1.72	0.466397849462366	-0.281726038670735	-0.4671066326492209	0	1	No-PER3D	No-Essential3D
202	E	202	-16.65	-6.07	-72.161	0.12	0.463392857142857	0.05666759191312888	-0.4484598760156015	0	0.9999999999999999	No-PER3D	No-Essential3D
203	E	203	-19.538	-4.706	-74.22	1.08	0.460409252669039	-0.11560552911138364	-0.6843142127071798	0	1	No-PER3D	No-Essential3D
204	D	204	-18.933	-6.515	-77.487	-0.84	0.458776595744681	0.08690328254192085	-0.5624518985575239	0	0.9999999999999999	No-PER3D	No-Essential3D
205	F	205	-17.49	-9.852	-76.272	1.72	0.459074733096086	0.1849934881864902	-0.4239533636724764	0	1	No-PER3D	No-Essential3D
206	E	206	-17.706	-10.469	-72.516	1.72	0.462365591397849	0.35506924797344513	-0.19512980501724783	0	0.9999999999999999	No-PER3D	No-Essential3D
207	A	207	-21.278	-9.49	-71.776	-0.84	0.459375	0.3370126708474287	-0.36065581182853096	0	1	No-PER3D	No-Essential3D
208	P	208	-22.838	-11.734	-74.393	-0.84	0.408066429418743	0.49350300593957136	-0.3472031108883392	0	1	No-PER3D	No-Essential3D
209	F	209	-20.288	-14.443	-73.603	1.08	0.407801418439716	0.468333231763912	-0.08493860007103067	0	1	No-PER3D	No-Essential3D
210	L	210	-21.309	-14.634	-69.971	1.72	0.463709677419355	0.2512439294988506	0.030016622403549614	0	0.9999999999999999	No-PER3D	No-Essential3D
211	E	211	-24.958	-14.629	-71.007	-0.52	0.620503597122302	0.27923162404417606	-0.07805363882705793	0	1	No-PER3D	No-Essential3D
212	M	212	-24.633	-17.582	-73.368	-0.52	0.716883116883117	0.32738249638022	-0.03893833141295279	0	1	No-PER3D	No-Essential3D
213	S	213	-22.381	-19.355	-70.9	1.08	0.695458231954582	0.3877899544018023	0.15023457199841883	0	0.9999999999999999	No-PER3D	No-Essential3D
214	A	214	-24.884	-19.054	-68.064	-0.52	0.694444444444445	-0.18943686669331752	0.23866912778231583	0	0.9999999999999999	No-PER3D	No-Essential3D
215	E	215	-27.552	-20.555	-70.286	-0.52	0.745126353790614	0.07424648181358934	0.30807824246871407	0	1	No-PER3D	No-Essential3D
216	F	216	-25.164	-23.379	-71.158	0.44	0.740287769784173	0.33590149687044313	0.34077054240871285	0	1	No-PER3D	No-Essential3D
217	F	217	-24.211	-24.049	-67.533	1.08	0.677387594355103	0.4096517011143749	0.5493527400308151	0	1	No-PER3D	No-Essential3D
218	Q	218	-27.805	-24.024	-66.372	-0.52	0.663909567135374	0.2289407129376414	0.5126083393257858	0	1	No-PER3D	No-Essential3D
219	M	219	-28.669	-26.751	-68.844	-0.52	0.706605222734255	0.290466827589253	0.7314516544800164	0	1	No-PER3D	No-Essential3D
220	E	220	-25.473	-28.553	-67.954	0.76	0.703609557702085	0.7457600760111789	0.7248397447566447	0	1	No-PER3D	No-Essential3D
221	S	221	-26.459	-28.667	-64.273	0.76	0.766843971631206	0.39066650002187764	0.7504471933621675	0	1	No-PER3D	No-Essential3D
222	Q	222	-29.909	-29.947	-65.161	0.12	0.765845070422535	0.468333231763912	0.6741985772966924	0	0.9999999999999999	No-PER3D	No-Essential3D
223	K	223	-28.559	-32.978	-66.989	-0.52	0.735211267605634	0.6531089857122814	0.8916348733636601	0	1	No-PER3D	No-Essential3D
224	F	224	-25.856	-33.752	-64.412	0.44	0.700201207243461	0.6719287384292449	0.9189217812962571	0	1	No-PER3D	No-Essential3D
225	L	225	-28.215	-33.587	-61.45	1.08	0.737809187279152	-0.0012860386619375575	0.835770558158779	0	0.9999999999999999	No-PER3D	No-Essential3D
226	A	226	-30.715	-35.867	-63.148	0.12	0.738297872340425	-0.04177419152944972	0.9254577649737672	0	1	No-PER3D	No-Essential3D
227	E	227	-28.276	-38.712	-63.87	0.76	0.746236559139785	0.18894873841409382	1.0878791600741802	0	0.9999999999999999	No-PER3D	No-Essential3D
228	N	228	-25.217	-38.286	-61.649	0.12	0.746236559139785	-0.060232025924933194	1.0482874024641782	0	0.9999999999999999	No-PER3D	No-Essential3D
229	S	229	-24.576	-38.647	-57.923	-0.84	0.791033434650456	-0.3450100423123926	0.9425421400432326	0	1	No-PER3D	No-Essential3D
230	A	230	-23.61	-35.756	-55.652	0.76	0.82033096926714	0.05477448069307927	1.002142784524396	0	1	No-PER3D	No-Essential3D
231	S	231	-19.986	-36.862	-55.636	0.12	0.817432273262662	0.008170536834799725	1.274773580982158	0	1	No-PER3D	No-Essential3D
232	V	232	-19.841	-37.156	-59.428	-0.52	0.822695035460993	0.18894873841409382	1.2262736282093416	0	0.9999999999999999	No-PER3D	No-Essential3D
233	Y	233	-21.597	-33.814	-59.813	1.72	0.774021352313167	0.3716812989293803	1.0818440797039182	0	1	No-PER3D	No-Essential3D
234	I	234	-19.04	-32.071	-57.61	1.08	0.796203587818106	0.5189448857819945	1.314635558483454	0	0.9999999999999999	No-PER3D	No-Essential3D
235	K	235	-16.233	-33.586	-59.656	-0.52	0.797268907563025	0.4892435056944597	1.5029640169473766	0	0.9999999999999999	No-PER3D	No-Essential3D
236	K	236	-17.898	-32.361	-62.827	0.44	0.802445709466582	0.8161968693364722	1.184925239670485	0	0.9999999999999999	No-PER3D	No-Essential3D
237	V	237	-18.181	-28.809	-61.531	0.76	0.758393285371703	0.6170285130478069	1.0950805149178076	0	0.9999999999999999	No-PER3D	No-Essential3D
238	E	238	-14.472	-28.793	-60.74	-0.84	0.758924989971922	0.6681425159891458	1.4183715450416552	0	1	No-PER3D	No-Essential3D
239	A	239	-13.828	-30.116	-64.238	-0.2	0.833333333333333	0.7371464199599532	1.2580904726177282	0	0.9999999999999999	No-PER3D	No-Essential3D
240	R	240	-15.963	-27.354	-65.737	1.08	0.83941605839416	0.894960904041337	0.9743744566975995	0	0.9999999999999999	No-PER3D	No-Essential3D
241	I	241	-14.173	-24.711	-63.722	1.4	0.823809523809524	0.32023752822712964	1.0382990593531423	0	0.9999999999999999	No-PER3D	No-Essential3D
242	N	242	-10.834	-25.961	-65.012	-0.84	0.824448529411765	0.4381295027531209	1.2144878259330407	0	1	No-PER3D	No-Essential3D
243	E	243	-12.084	-26.144	-68.579	1.08	0.806370168964848	0.7703705218718235	1.0763432787937073	0	1	No-PER3D	No-Essential3D
244	E	244	-13.291	-22.554	-68.454	1.72	0.831590413943355	0.5235629076693588	0.7551331597697719	0	1	No-PER3D	No-Essential3D
245	I	245	-10.035	-21.302	-66.951	-0.84	0.857496902106568	0.25923049245843477	1.101089427619505	0	1	No-PER3D	No-Essential3D
246	E	246	-8.005	-23.117	-69.601	-0.84	0.830909485565444	0.4855925054843641	1.0930584091017435	0	1	No-PER3D	No-Essential3D
247	R	247	-10.186	-21.499	-72.245	1.72	0.877068014705882	0.4824283053022812	0.4640873944580568	0	0.9999999999999999	No-PER3D	No-Essential3D
248	V	248	-9.467	-18.044	-70.849	0.44	0.830909485565444	0.42667291588695866	0.5077219923403489	0	1	No-PER3D	No-Essential3D
249	M	249	-5.731	-18.66	-70.895	-0.2	0.859259259259259	0.07568475462362703	0.6583818217880335	0	1	No-PER3D	No-Essential3D
250	H	250	-5.745	-19.742	-74.526	-0.84	0.834754797441365	0.21220560975240302	0.20032538338673875	0	1	No-PER3D	No-Essential3D
251	C	251	-8.668	-17.864	-76.156	0.44	0.773977695167286	0.5004246938378776	0.08940997731686498	0	1	No-PER3D	No-Essential3D
252	L	252	-9.894	-14.902	-74.102	1.72	0.730507587650445	0.5673343435215052	-0.023901957344251365	0	1	No-PER3D	No-Essential3D
253	D	253	-8.44	-12.075	-72.026	-0.2	0.722567287784679	0.10588848363441815	0.13680303996170595	0	0.9999999999999999	No-PER3D	No-Essential3D
254	K	254	-7.053	-12.793	-68.539	-1.16	0.72202166064982	0.07930920210492196	0.5328024497662115	0	1	No-PER3D	No-Essential3D
255	S	255	-9.559	-10.441	-66.913	1.08	0.72463768115942	-0.1055376194411199	0.3153495565932657	0	1	No-PER3D	No-Essential3D
256	T	256	-12.372	-12.819	-67.941	1.08	0.726708074534161	0.2830836938310595	0.3454673421605675	0	1	No-PER3D	No-Essential3D
257	E	257	-11.27	-15.564	-65.55	-0.84	0.682666666666667	0.4636865042237903	0.8740229626179536	0	0.9999999999999999	No-PER3D	No-Essential3D
258	E	258	-13.023	-14.265	-62.45	-0.2	0.678260869565217	0.25690712868837395	0.7174522126723399	0	1	No-PER3D	No-Essential3D
259	P	259	-16.265	-13.411	-64.178	-1.16	0.712230215827338	0.40121383396215393	0.3948796239094039	0	0.9999999999999999	No-PER3D	No-Essential3D
260	I	260	-16.544	-16.774	-65.921	1.08	0.666034155597723	0.36429816517118696	0.5620955378148198	0	0.9999999999999999	No-PER3D	No-Essential3D
261	V	261	-15.681	-18.718	-62.765	0.44	0.626334519572954	0.37949873467334977	0.9075537712473389	0	1	No-PER3D	No-Essential3D
262	K	262	-18.322	-16.79	-60.878	-1.16	0.628571428571429	0.30277205051957534	0.7503463263918151	0	1	No-PER3D	No-Essential3D
263	V	263	-20.957	-17.717	-63.459	-0.84	0.633093525179856	0.2669750383586376	0.5489260951584874	0	1	No-PER3D	No-Essential3D
264	V	264	-19.928	-21.365	-63.29	1.08	0.677109974424552	0.21933663650421908	0.8154591299916918	0	0.9999999999999999	No-PER3D	No-Essential3D
265	E	265	-20.126	-21.165	-59.507	-0.52	0.643636363636364	0.39323206773707997	1.0187630320747927	0	1	No-PER3D	No-Essential3D
266	R	266	-23.489	-19.41	-59.687	0.12	0.641304347826087	0.396599375363283	0.8691190391529685	0	1	No-PER3D	No-Essential3D
267	E	267	-25.134	-21.776	-62.156	-1.16	0.638489208633094	0.384542241604943	0.5761763373507167	0	1	No-PER3D	No-Essential3D
268	L	268	-23.586	-25.05	-61.018	1.08	0.676190476190476	0.5045777065768614	0.8960140036694485	0	0.9999999999999999	No-PER3D	No-Essential3D
269	I	269	-23.255	-24.523	-57.251	1.08	0.629893238434164	0.3947937176506814	1.1530466177743601	0	0.9999999999999999	No-PER3D	No-Essential3D
270	S	270	-25.183	-21.53	-55.883	-0.52	0.59	-0.04415584758047982	1.0921424749197255	0	1	No-PER3D	No-Essential3D
271	K	271	-28.473	-22.171	-57.609	-0.52	0.637184115523466	-0.07301052666026789	0.8596688972753362	0	0.9999999999999999	No-PER3D	No-Essential3D
272	H	272	-28.309	-25.898	-56.662	0.44	0.637184115523466	0.27200899319376953	0.8518226940258065	0	0.9999999999999999	No-PER3D	No-Essential3D
273	M	273	-26.87	-25.771	-53.114	0.12	0.637184115523466	0.07181248167352558	1.3824256041916583	0	1	No-PER3D	No-Essential3D
274	K	274	-29.781	-27.369	-51.228	-0.2	0.680193236714976	-0.4601517711604086	1.3359286019558319	0	0.9999999999999999	No-PER3D	No-Essential3D
275	T	275	-30.347	-29.871	-54.024	-0.52	0.679663056558364	-0.2026210341186629	0.9339306796363014	0	1	No-PER3D	No-Essential3D
276	I	276	-26.767	-31.167	-54.076	0.76	0.587262200165426	0.026783479082346084	1.1057620065433946	0	1	No-PER3D	No-Essential3D
277	V	277	-26.377	-31.568	-50.296	-0.52	0.587262200165426	-0.03650052455931156	1.4421283236514921	0	1	No-PER3D	No-Essential3D
278	E	278	-29.861	-33.097	-49.88	-1.8	0.636200716845878	-0.6535195600654736	1.3547857576453526	0	1	No-PER3D	No-Essential3D
279	M	279	-29.546	-35.522	-52.838	-1.8	0.739027283511269	-0.660821560485665	0.8522131158069489	0	0.9999999999999999	No-PER3D	No-Essential3D
280	E	280	-31.168	-38.821	-51.921	-1.8	0.734875444839858	-0.9572827775454303	0.7735563662305923	0	1	No-PER3D	No-Essential3D
281	N	281	-28.744	-41.681	-51.337	-1.8	0.732799525504152	-0.9782664208581905	0.7300510040003557	0	1	No-PER3D	No-Essential3D
282	S	282	-25.789	-39.604	-52.488	-0.52	0.797727272727273	-0.23780912235044666	0.9559417280596197	0	1	No-PER3D	No-Essential3D
283	G	283	-25.805	-36.288	-50.602	-0.52	0.751601423487545	-0.23584513603053314	1.2172134126117287	0	1	No-PER3D	No-Essential3D
284	L	284	-24.139	-35.054	-47.412	0.44	0.746289752650177	-0.37080515249241613	1.679871702529454	0	1	No-PER3D	No-Essential3D
285	V	285	-26.22	-37.172	-45.035	-1.16	0.746289752650177	-0.45791445790035007	1.7383948364636366	0	1	No-PER3D	No-Essential3D
286	H	286	-25.516	-40.238	-47.151	-0.84	0.682785299806576	-0.7119355634270038	1.2196491903566578	0	0.9999999999999999	No-PER3D	No-Essential3D
287	M	287	-21.823	-39.401	-47.061	1.08	0.571012617275963	-0.5183219159219323	1.400325710763596	0	0.9999999999999999	No-PER3D	No-Essential3D
288	L	288	-22.084	-38.878	-43.312	1.4	0.627659574468085	-0.159904331660544	1.628739610599006	0	1	No-PER3D	No-Essential3D
289	K	289	-23.903	-42.231	-42.831	0.12	0.684719535783366	0.015277296602044695	1.4529745963763037	0	1	No-PER3D	No-Essential3D
290	N	290	-21.237	-44.039	-44.756	-0.84	0.685215140731155	-0.22635253548428452	1.1105448043632493	0	1	No-PER3D	No-Essential3D
291	G	291	-17.968	-42.497	-43.728	-0.52	0.748936170212766	-0.15990433166054396	1.2782432619302548	0	0.9999999999999999	No-PER3D	No-Essential3D
292	K	292	-17.228	-40.997	-47.183	0.44	0.785142348754448	-0.13332505013104776	1.3484577493005376	0	1	No-PER3D	No-Essential3D
293	T	293	-14.472	-38.699	-45.914	-0.52	0.876241134751773	0.014235788705120876	1.4546115089223206	0	0.9999999999999999	No-PER3D	No-Essential3D
294	E	294	-13.021	-37.894	-49.336	-0.2	0.914285714285714	0.10588848363441818	1.616862590552801	0	0.9999999999999999	No-PER3D	No-Essential3D
295	D	295	-16.369	-36.958	-50.859	0.12	0.914285714285714	0.043593292549661405	1.4690049360472697	0	1	No-PER3D	No-Essential3D
296	L	296	-17.191	-34.617	-47.979	1.08	0.908443869297962	0.09006748272400374	1.600435751851728	0	1	No-PER3D	No-Essential3D
297	G	297	-13.839	-32.915	-48.353	-0.84	0.902023771281722	0.3135391205836074	1.7869202797312722	0	1	No-PER3D	No-Essential3D
298	C	298	-14.603	-32.397	-52.032	-0.52	0.895693779904306	0.2559328148493161	1.6753850715401304	0	0.9999999999999999	No-PER3D	No-Essential3D
299	M	299	-18.008	-31.021	-51.115	1.08	0.901408450704226	0.3748454991114632	1.5993577961054823	0	1	No-PER3D	No-Essential3D
300	Y	300	-16.413	-28.723	-48.539	1.08	0.99644128113879	0.22515449049754224	1.8510649122100011	0	0.9999999999999999	No-PER3D	No-Essential3D
301	K	301	-13.865	-27.452	-51.051	-0.84	1	0.6640533957538387	1.966022427659885	0	1	No-PER3D	No-Essential3D
302	L	302	-16.45	-26.87	-53.791	1.72	0.975706889685384	0.6829386747353229	1.5399272102864268	0	1	No-PER3D	No-Essential3D
303	F	303	-19.05	-25.199	-51.54	0.44	0.969444444444445	0.21979969018940196	1.5434893989651226	0	1	No-PER3D	No-Essential3D
304	S	304	-16.498	-22.943	-49.858	-0.2	0.963226571767497	0.22454599046252627	1.9112479489838938	0	1	No-PER3D	No-Essential3D
305	R	305	-16.278	-21.135	-53.224	-0.52	0.959810874704492	0.24827749182814787	1.440550350853922	0	1	No-PER3D	No-Essential3D
306	V	306	-19.749	-19.588	-53.061	1.08	0.953670985473106	0.05842548090317495	1.4289682971310476	0	0.9999999999999999	No-PER3D	No-Essential3D
307	P	307	-21.486	-17.607	-50.396	-0.52	0.960458679319889	-0.10394794949318352	1.6182035405423023	0	1	No-PER3D	No-Essential3D
308	N	308	-23.797	-19.516	-48.037	-0.2	0.970823341326938	0.04810743683116552	1.736159979148721	0	0.9999999999999999	No-PER3D	No-Essential3D
309	G	309	-22.153	-22.668	-49.367	1.72	0.938848920863309	0.06435835624458032	1.5534685277224702	0	1	No-PER3D	No-Essential3D
310	L	310	-20.696	-23.913	-46.084	0.12	0.944945848375451	0.013599311657000759	1.929937261896137	0	0.9999999999999999	No-PER3D	No-Essential3D
311	K	311	-23.78	-22.662	-44.287	-1.16	0.980676328502416	-0.2632682042752515	1.9889679301687633	0	1	No-PER3D	No-Essential3D
312	T	312	-25.933	-24.968	-46.362	-1.8	0.973621103117506	-0.12252721700968992	1.7466761216805844	0	1	No-PER3D	No-Essential3D
313	M	313	-23.654	-27.878	-45.545	1.08	0.980676328502416	0.12209536261581827	1.9382182943263817	0	0.9999999999999999	No-PER3D	No-Essential3D
314	C	314	-23.785	-26.975	-41.86	-0.2	0.974328118732451	-0.1496815310722762	2.009692784556407	0	1	No-PER3D	No-Essential3D
315	E	315	-27.565	-26.663	-41.843	0.12	0.981414141414141	-0.43993604777487905	2.095659100474924	0	0.9999999999999999	No-PER3D	No-Essential3D
316	C	316	-27.894	-30.039	-43.509	-1.16	0.982157339821573	-0.3301778539588791	1.8317558377418248	0	0.9999999999999999	No-PER3D	No-Essential3D
317	M	317	-25.42	-31.61	-41.104	0.44	1.11433172302738	-0.22635253548428452	1.8300046214896182	0	0.9999999999999999	No-PER3D	No-Essential3D
318	S	318	-26.951	-29.913	-38.07	-0.84	1.2536231884058	-0.40224483972359765	1.973451434741175	0	1	No-PER3D	No-Essential3D
319	S	319	-30.382	-31.251	-38.867	0.12	1.26181818181818	-0.5851728361324834	2.166661020548945	0	1	No-PER3D	No-Essential3D
320	Y	320	-29.01	-34.767	-39.171	0.76	1.26642335766423	-0.2485019367588647	1.7913161134325224	0	1	No-PER3D	No-Essential3D
321	L	321	-26.628	-34.653	-36.199	1.4	1.26642335766423	-0.004858522738482726	1.698716736603131	0	1	No-PER3D	No-Essential3D
322	R	322	-29.348	-33.307	-33.945	-0.52	1.27007299270073	-0.3094127902639602	1.7025793377840979	0	0.9999999999999999	No-PER3D	No-Essential3D
323	E	323	-31.712	-36.015	-35.135	-0.52	1.08385093167702	-0.4953095509613295	2.133007869446592	0	1	No-PER3D	No-Essential3D
324	Q	324	-29.104	-38.639	-34.362	-0.84	0.909801876955162	-0.13775493038596381	1.6180766505907191	0	0.9999999999999999	No-PER3D	No-Essential3D
325	G	325	-28.295	-37.066	-31.018	1.72	0.853628536285363	-0.2595766373961548	1.2460277652693028	0	0.9999999999999999	No-PER3D	No-Essential3D
326	K	326	-31.906	-36.88	-29.953	-0.84	0.729573010015814	-0.4211145122090413	1.3543601324397112	0	0.9999999999999999	No-PER3D	No-Essential3D
327	A	327	-32.328	-40.523	-30.829	-0.52	0.724228152799581	-0.3370995418571854	1.1862931601496778	0	1	No-PER3D	No-Essential3D
328	L	328	-29.211	-41.328	-28.84	-0.84	0.726890756302521	-0.28498330356405555	0.7806859855953958	0	1	No-PER3D	No-Essential3D
329	V	329	-30.352	-39.485	-25.741	0.12	0.795664206642067	-0.36624349090268565	0.5407234477876702	0	1	No-PER3D	No-Essential3D
330	S	330	-33.86	-40.87	-25.88	-0.84	0.789835164835165	-0.5841505560736566	0.6317214381195108	0	1	No-PER3D	No-Essential3D
331	E	331	-33.042	-44.463	-26.472	-0.84	0.70154095701541	-0.9462080769081402	0.4131217270503057	0	1	No-PER3D	No-Essential3D
332	E	332	-30.559	-45.978	-24.2	-1.16	0.701010101010101	-0.5585935546029872	0.13083844540777176	0	1	No-PER3D	No-Essential3D
333	G	333	-27.243	-46.291	-25.905	-0.52	0.695948656237465	-0.22635253548428452	0.1866937197908077	0	1	No-PER3D	No-Essential3D
334	E	334	-27.134	-49.439	-27.934	0.12	0.703568532035685	-0.9052798354225029	0.3393824312352472	0	1	No-PER3D	No-Essential3D
335	G	335	-25.993	-52.226	-25.701	-0.52	0.632727272727273	-0.9083209431489899	0.04606698869950214	0	1	No-PER3D	No-Essential3D
336	K	336	-26.45	-52.3	-21.953	-0.84	0.566098945660989	-0.5851728361324834	-0.6449533408722861	0	1	No-PER3D	No-Essential3D
337	N	337	-28.065	-49.151	-20.782	-1.8	0.514705882352941	-0.42998412784736034	-0.6001025202075323	0	1	No-PER3D	No-Essential3D
338	P	338	-25.551	-47.526	-18.495	-1.8	0.646296296296296	0.052011561615169045	-0.7856691396164597	0	1	No-PER3D	No-Essential3D
339	V	339	-22.146	-47.796	-20.101	-1.8	0.745435016111708	0.3404115559535023	-0.9188311258061047	0	1	No-PER3D	No-Essential3D
340	D	340	-23.355	-48.267	-23.603	-0.84	0.739872068230277	-0.12324325368882509	-0.3748005072354254	0	1	No-PER3D	No-Essential3D
341	Y	341	-25.506	-45.159	-23.437	0.76	0.689382716049383	0.088402114207118	-0.21760588143444656	0	1	No-PER3D	No-Essential3D
342	I	342	-22.553	-43.028	-22.426	1.08	0.686274509803922	0.5103558112571867	-0.32275960970218154	0	0.9999999999999999	No-PER3D	No-Essential3D
343	Q	343	-20.391	-44.694	-25.051	0.76	0.683760683760684	0.20811648951709588	-0.36012708377547725	0	0.9999999999999999	No-PER3D	No-Essential3D
344	G	344	-22.932	-43.948	-27.76	-0.52	0.688235294117647	-0.06897521063858325	0.14436381980733798	0	1	No-PER3D	No-Essential3D
345	L	345	-22.509	-40.221	-27.279	1.08	0.692742927429274	0.23312972499902768	0.43888519000548043	0	1	No-PER3D	No-Essential3D
346	L	346	-18.743	-40.617	-27.26	1.72	0.725274725274725	0.7022185179500384	-0.04607843782996513	0	1	No-PER3D	No-Essential3D
347	D	347	-18.806	-42.625	-30.465	0.44	0.716320716320716	0.30277205051957523	0.3897034960947388	0	1	No-PER3D	No-Essential3D
348	L	348	-20.914	-39.963	-32.129	0.44	0.678188063546587	0.2577700923743965	1.143290042166697	0	1	No-PER3D	No-Essential3D
349	K	349	-18.522	-37.281	-30.957	0.12	0.741644256626969	0.4476221032993695	0.8966860970810386	0	0.9999999999999999	No-PER3D	No-Essential3D
350	S	350	-15.461	-39.17	-32.128	-0.84	0.765818181818182	0.39066650002187764	0.71273845862688	0	1	No-PER3D	No-Essential3D
351	R	351	-17.025	-39.737	-35.526	1.08	0.765818181818182	0.1612619868208686	1.2604476593115197	0	0.9999999999999999	No-PER3D	No-Essential3D
352	F	352	-17.782	-36.06	-36.088	0.12	0.770802919708029	0.27200899319376953	1.5993584887627006	0	1	No-PER3D	No-Essential3D
353	D	353	-14.474	-34.884	-34.722	-0.52	0.770181818181818	0.1296199850000398	1.1975740723120276	0	1	No-PER3D	No-Essential3D
354	R	354	-12.882	-37.095	-37.382	-0.84	0.804240817872018	0.029217479222409855	1.4284707491415813	0	0.9999999999999999	No-PER3D	No-Essential3D
355	F	355	-15.092	-35.591	-40.077	0.44	0.848920863309352	0.16629594165600048	1.450618106743077	0	1	No-PER3D	No-Essential3D
356	L	356	-14.162	-32.135	-38.874	1.08	0.843488649940263	-0.12989546541756436	1.5955013290823097	0	1	No-PER3D	No-Essential3D
357	L	357	-10.425	-32.637	-39.168	-0.84	0.913095238095238	-0.07533389043032872	1.6859706818878708	0	0.9999999999999999	No-PER3D	No-Essential3D
358	E	358	-10.277	-34.968	-42.164	-0.84	0.919664268585132	-0.07533389043032873	1.7485462245249772	0	1	No-PER3D	No-Essential3D
359	S	359	-13.052	-33.537	-44.342	0.12	0.913095238095238	0.2433675260283641	1.6158589649419846	0	1	No-PER3D	No-Essential3D
360	F	360	-14.014	-30.098	-42.982	0.76	0.892436974789916	0.06897281484345119	1.8585726874113666	0	1	No-PER3D	No-Essential3D
361	N	361	-10.473	-28.781	-42.601	0.12	0.842857142857143	-0.23964217624903258	1.8530802662017352	0	1	No-PER3D	No-Essential3D
362	N	362	-11.194	-27.934	-38.964	-0.84	0.897478991596639	-0.2738155382155277	1.596848128393748	0	1	No-PER3D	No-Essential3D
363	D	363	-13.432	-25.07	-40.01	0.76	0.803007518796992	-0.292800739308025	1.845118393376228	0	0.9999999999999999	No-PER3D	No-Essential3D
364	R	364	-14.656	-22.735	-37.27	-1.16	0.767741935483871	-0.48476221702105327	1.561210308072509	0	1	No-PER3D	No-Essential3D
365	L	365	-18.197	-22.766	-38.623	-1.16	0.767741935483871	-0.20079553401361505	1.9773462085092681	0	1	No-PER3D	No-Essential3D
366	F	366	-18.365	-26.555	-38.763	1.72	0.804645064618842	-0.26543971420413187	1.9446730756241262	0	1	No-PER3D	No-Essential3D
367	K	367	-16.8	-26.833	-35.332	-0.2	0.802397452706499	-0.36170998771783003	1.5922651470438638	0	1	No-PER3D	No-Essential3D
368	Q	368	-19.328	-24.424	-33.892	0.12	0.853046594982079	-0.5008125077997344	1.601182635779664	0	0.9999999999999999	No-PER3D	No-Essential3D
369	T	369	-22.152	-26.358	-35.506	-0.2	0.798111510791367	-0.4547682361283926	2.052763682398309	0	0.9999999999999999	No-PER3D	No-Essential3D
370	I	370	-21.016	-29.721	-34.207	-0.2	0.684057971014493	-0.10961920444257815	1.8190392758775438	0	1	No-PER3D	No-Essential3D
371	A	371	-20.536	-28.269	-30.743	-0.84	0.684057971014493	-0.041774191529449695	1.4982695858932444	0	0.9999999999999999	No-PER3D	No-Essential3D
372	G	372	-23.793	-26.374	-30.906	-0.84	0.732919254658385	0.026150639045929507	1.6941518254088062	0	1	No-PER3D	No-Essential3D
373	D	373	-25.854	-29.397	-31.795	-0.2	0.690635451505017	-0.06023202592493318	1.7302850743870077	0	1	No-PER3D	No-Essential3D
374	F	374	-24.157	-31.446	-29.068	0.12	0.690635451505017	0.034052587608752724	1.2521118075790214	0	1	No-PER3D	No-Essential3D
375	E	375	-24.934	-28.69	-26.62	-0.84	0.728210417741104	-0.11560552911138361	0.9466531978707319	0	1	No-PER3D	No-Essential3D
376	Y	376	-28.585	-28.908	-27.625	-0.84	0.736183524504692	-0.35413754283763166	1.2908069355387313	0	1	No-PER3D	No-Essential3D
377	F	377	-29.301	-32.634	-27.353	0.44	0.689230769230769	-0.4085492233880892	1.1061791403470969	0	1	No-PER3D	No-Essential3D
378	L	378	-27.139	-33.248	-24.318	1.08	0.633574007220217	0.056052330766612736	0.5360711160657736	0	0.9999999999999999	No-PER3D	No-Essential3D
379	N	379	-29.091	-30.566	-22.508	1.72	0.638181818181818	-0.292800739308025	0.4528603900569539	0	1	No-PER3D	No-Essential3D
380	L	380	-32.37	-32.037	-23.656	-1.16	0.509747292418773	-0.3459593023670175	0.5713991979762252	0	1	No-PER3D	No-Essential3D
381	N	381	-32.115	-35.059	-21.418	-1.16	0.42512077294686	-0.41323810873855477	0.24160880250268432	0	1	No-PER3D	No-Essential3D
382	S	382	-28.683	-40.834	-19.56	0.12	0.428223844282238	0.01921691342953919	-0.19029138467590706	0	1	No-PER3D	No-Essential3D
383	R	383	-27.358	-44.325	-20.073	0.12	0.432964329643296	0.21933663650421908	-0.3777195071775592	0	0.9999999999999999	No-PER3D	No-Essential3D
384	S	384	-24.388	-42.853	-21.894	-0.52	0.436183395291202	0.4159801014785406	-0.2896975882725154	0	1	No-PER3D	No-Essential3D
385	P	385	-22.585	-41.487	-18.832	1.72	0.39	0.544163870556962	-0.5785588843918508	0	1	No-PER3D	No-Essential3D
386	E	386	-23.033	-44.946	-17.442	1.72	0.2870028700287	0.4307463689949274	-0.8689163447120232	0	1	No-PER3D	No-Essential3D
387	Y	387	-21.026	-46.214	-20.381	0.44	0.287242798353909	0.44664850324334404	-0.7961102301643843	0	0.9999999999999999	No-PER3D	No-Essential3D
388	L	388	-18.35	-43.622	-19.938	1.4	0.144568360181743	0.7260717193226631	-0.7930601979699985	0	1	No-PER3D	No-Essential3D
389	S	389	-18.219	-44.841	-16.39	0.76	0.130111524163569	1.0639788643488164	-1.1106973116829035	0	1	No-PER3D	No-Essential3D
390	L	390	-18.239	-48.551	-17.169	-0.52	0.130111524163569	0.5235629076693586	-1.3362011874077033	0	1	No-PER3D	No-Essential3D
391	F	391	-15.515	-47.859	-19.651	0.44	0.130111524163569	0.8710496185744606	-1.0900840509837801	0	1	No-PER3D	No-Essential3D
392	I	392	-13.062	-46.634	-17.031	0.76	0.144155307724081	1.3214044072394278	-1.3605423318426182	5.97447435706682	0.20322492928284133	No-PER3D	No-Essential3D
393	D	393	-13.598	-49.634	-14.816	1.72	0.143091430914309	1.3371346133096103	-1.8949757057077834	0	1	No-PER3D	No-Essential3D
394	D	394	-12.438	-51.635	-17.784	-0.52	0.184126984126984	0.8620232168011208	-1.8043352289132841	0	1	No-PER3D	No-Essential3D
395	K	395	-9.332	-49.519	-18.185	0.12	0.371002132196162	0.9452342161448248	-1.4691489864940153	14.760220264584595	0.10641705599060078	No-PER3D	No-Essential3D
396	L	396	-8.032	-49.603	-14.656	1.72	0.369312169312169	1.0859994900345908	-1.5154657169243781	0	1	No-PER3D	No-Essential3D
397	K	397	-9.29	-52.807	-13.137	1.08	0.371428571428571	0.8775450441681792	-1.9335593629529877	0	1	No-PER3D	No-Essential3D
398	K	398	-6.722	-55.523	-12.897	-0.2	0.374200426439232	0.9830047741077932	-1.8524020740476028	0	1	No-PER3D	No-Essential3D
399	G	399	-6.078	-56.266	-16.497	0.44	0.371428571428571	0.8336545255134812	-1.7198248636424072	0	1	No-PER3D	No-Essential3D
400	V	400	-5.545	-59.8	-17.704	0.12	0.372809346787042	0.6681425159891458	-1.7025058961709814	0	1	No-PER3D	No-Essential3D
401	K	401	-1.994	-58.655	-17.961	1.72	0.431734317343173	0.9748265336371789	-1.4034865485924866	0	1	No-PER3D	No-Essential3D
402	G	402	-0.969	-55.076	-17.38	-0.84	0.430147058823529	0.5805185109468506	-1.3224463151136923	0	1	No-PER3D	No-Essential3D
403	L	403	-1.386	-51.76	-19.161	-0.2	0.549450549450549	0.8725985277545013	-1.0795641504975921	0	1	No-PER3D	No-Essential3D
404	T	404	1.464	-49.847	-20.631	0.44	0.547880690737834	0.6921961644321287	-0.8119162281962752	0	1	No-PER3D	No-Essential3D
405	E	405	1.741	-46.839	-18.417	0.12	0.544316996871741	0.7703705218718235	-0.7931979591470077	0	1	No-PER3D	No-Essential3D
406	Q	406	1.466	-44.188	-21.05	-0.52	0.540372670807453	0.5627198849226344	-0.5093062750301384	28.777946065195813	0.07204848122100847	No-PER3D	No-Essential3D
407	E	407	-1.222	-46.001	-22.929	1.72	0.543896103896104	0.49676027083289187	-0.5436517170691162	28.777946065195813	0.07204848122100847	No-PER3D	No-Essential3D
408	V	408	-3.615	-45.979	-20.038	1.08	0.543063434760186	0.7260717193226631	-0.9884443397519252	14.760220264584595	0.10641705599060078	No-PER3D	No-Essential3D
409	E	409	-2.691	-42.515	-18.903	1.72	0.629496402877698	0.8178335246030667	-0.738104492446729	14.760220264584595	0.10641705599060078	No-PER3D	No-Essential3D
410	T	410	-3.058	-41.238	-22.432	-0.84	0.628571428571429	0.6706982161362127	-0.4920732040176054	14.760220264584595	0.10641705599060078	No-PER3D	No-Essential3D
411	I	411	-6.254	-43.213	-22.81	-0.52	0.53685815963396	0.9032669295193045	-0.8477284370381831	7.472883645866885	0.17197884807824693	No-PER3D	No-Essential3D
412	L	412	-7.804	-41.783	-19.649	1.72	0.537634408602151	1.072407811979735	-1.0332768477765293	5.97447435706682	0.20322492928284133	No-PER3D	No-Essential3D
413	D	413	-7.474	-38.303	-21.044	-0.2	0.625448028673835	1.1690597448142666	-0.6221510404855061	7.472883645866885	0.17197884807824693	No-PER3D	No-Essential3D
414	K	414	-9.715	-39.38	-23.88	-0.52	0.62589928057554	1.1792825454025344	-0.46979935281737667	7.472883645866885	0.17197884807824693	No-PER3D	No-Essential3D
415	A	415	-12.444	-40.501	-21.528	0.12	0.500719424460432	1.287189884945361	-0.7679715331436766	4.969094173467189	0.2334822104493157	No-PER3D	No-Essential3D
416	M	416	-12.253	-37.018	-20.085	1.08	0.502527075812274	1.4562874645685	-0.7239961451756853	23.76849134712514	0.0021373018931073093	PER3D	Essential3D
417	V	417	-12.563	-35.34	-23.454	0.12	0.500719424460432	0.9213891669257792	-0.09753676111267334	4.969094173467189	0.2334822104493157	No-PER3D	No-Essential3D
418	L	418	-15.68	-37.392	-23.757	1.08	0.502158273381295	1.0120003539581528	-0.39534106537867375	4.244387732055044	0.26277588393532925	No-PER3D	No-Essential3D
419	F	419	-16.777	-36.662	-20.179	0.76	0.559967910148416	1.2774752352635275	-0.6580068935643815	7.472883645866885	0.17197884807824693	No-PER3D	No-Essential3D
420	R	420	-16.731	-32.91	-20.315	1.08	0.629496402877698	0.894960904041337	-0.18489327441408882	4.969094173467189	0.2334822104493157	No-PER3D	No-Essential3D
421	F	421	-19.555	-33.223	-22.809	1.08	0.629496402877698	0.6596235154989226	0.05848797600682976	0	1	No-PER3D	No-Essential3D
422	M	422	-21.771	-35.421	-20.605	0.76	0.633574007220217	0.8307779798934058	-0.3003992413218491	0	1	No-PER3D	No-Essential3D
423	Q	423	-25.132	-33.758	-20.193	-0.52	0.629032258064516	0.9066745297153939	-0.14193589328561698	0	0.9999999999999999	No-PER3D	No-Essential3D
424	E	424	-26.031	-35.233	-16.845	-0.52	0.55357848952155	0.7528841524445233	-0.32956025275450795	0	1	No-PER3D	No-Essential3D
425	K	425	-22.608	-35.324	-15.248	1.72	0.549666274047899	1.0783012225184259	-0.47702630825047054	0	1	No-PER3D	No-Essential3D
426	D	426	-24.395	-36.489	-12.108	1.72	0.466755319148936	0.565914510106468	-0.500805116927017	0	1	No-PER3D	No-Essential3D
427	V	427	-24.802	-40.164	-13.137	1.72	0.469750889679715	0.47135360466499104	-0.8855487854313288	0	1	No-PER3D	No-Essential3D
428	F	428	-21.191	-40.747	-14.074	1.72	0.469414893617021	0.9623319995848518	-0.9213497823736968	0	1	No-PER3D	No-Essential3D
429	E	429	-20.62	-39.342	-10.654	0.12	0.466109154929578	1.1111305414807493	-0.7645400944369124	18.141906844636253	0.015748442055274665	PER3D	Essential3D
430	R	430	-22.254	-42.144	-8.664	-0.52	0.469081272084806	0.644657703826909	-0.9649936264464763	0	1	No-PER3D	No-Essential3D
431	Y	431	-21.517	-45.251	-10.703	1.08	0.466109154929578	0.8676117957602243	-1.3942989258917635	0	1	No-PER3D	No-Essential3D
432	Y	432	-17.914	-44.218	-10.91	0.76	0.413145539906103	1.451890561089675	-1.3833752283249143	0	1	No-PER3D	No-Essential3D
433	K	433	-17.72	-44.621	-7.148	-0.2	0.411421911421911	1.309139742064314	-1.054715251200701	0	1	No-PER3D	No-Essential3D
434	Q	434	-19.489	-47.962	-7.131	-0.52	0.307491289198606	1.213358547363427	-1.4133130086876915	0	1	No-PER3D	No-Essential3D
435	H	435	-16.891	-49.133	-9.598	-0.84	0.308362369337979	1.0527753881227206	-1.7308007825732223	0	1	No-PER3D	No-Essential3D
436	L	436	-14.005	-47.856	-7.483	1.72	0.308362369337979	0.9364910314311748	-1.3107320027003297	0	1	No-PER3D	No-Essential3D
437	A	437	-15.528	-48.807	-4.178	0.44	0.176942355889724	1.213358547363427	-0.9157360763570548	0	1	No-PER3D	No-Essential3D
438	R	438	-15.407	-52.385	-5.434	1.08	0.176559356136821	1.1347638976794328	-1.2141689481442401	0	1	No-PER3D	No-Essential3D
439	R	439	-12.13	-52.131	-7.329	1.72	0.175438596491228	1.2894971142447964	-1.625570915583848	0	1	No-PER3D	No-Essential3D
440	L	440	-10.466	-51.187	-4.067	1.72	0.309187279151943	1.0859994900345908	-1.0129358615487485	0	1	No-PER3D	No-Essential3D
441	L	441	-12.144	-53.663	-1.715	1.08	0.308303886925795	0.9180331970356913	-0.8455073746177143	0	1	No-PER3D	No-Essential3D
442	T	442	-11.005	-56.492	-3.813	-0.84	0.35258358662614	1.3610212225272948	-1.247824852653808	0	1	No-PER3D	No-Essential3D
443	N	443	-7.838	-54.891	-5.084	-0.52	0.35662898252826303	0.8442018594537575	-1.3346622110377506	0	1	No-PER3D	No-Essential3D
444	K	444	-8.97	-55.434	-8.642	-0.52	0.208033573141487	0.9088042798379496	-1.972965980497139	0	1	No-PER3D	No-Essential3D
445	S	445	-7.502	-52.286	-10.194	1.72	0.208033573141487	0.8989799486274503	-1.7698024700422648	0	1	No-PER3D	No-Essential3D
446	V	446	-3.914	-52.872	-11.195	0.44	0.311827956989247	0.86529652733431	-1.5482227872236465	0	1	No-PER3D	No-Essential3D
447	S	447	-1.583	-49.937	-11.667	0.44	0.418772563176895	1.0788800396249043	-1.2184159257711655	0	1	No-PER3D	No-Essential3D
448	D	448	-2.991	-48.093	-8.697	-0.84	0.419393939393939	0.9418497575459926	-1.0992730711763643	0	1	No-PER3D	No-Essential3D
449	D	449	-0.665	-45.248	-9.519	1.08	0.41970802919708	0.9285805309759676	-0.7835715769093464	0	1	No-PER3D	No-Essential3D
450	S	450	-2.615	-44.939	-12.731	-0.2	0.424019607843137	0.8989799486274503	-0.9098637448053675	14.760220264584595	0.10641705599060078	No-PER3D	No-Essential3D
451	E	451	-5.956	-44.593	-11.009	1.72	0.421245421245421	1.213358547363427	-1.1200716180768968	9.934841729471179	0.13971828371765918	No-PER3D	No-Essential3D
452	K	452	-4.194	-42.257	-8.657	-0.84	0.508823529411765	1.5772415683029586	-0.7123019086563731	23.996926411697135	0.010676026275308026	PER3D	Essential3D
453	N	453	-4.037	-40.107	-11.781	0.44	0.506181818181818	0.9180331970356913	-0.4978510134826054	46.329690179269285	5.311947153747698e-4	PER3D	Essential3D
454	M	454	-7.612	-40.474	-13.003	1.72	0.505797101449275	1.1500745437217694	-0.767815006066287	46.329690179269285	5.311947153747698e-4	PER3D	Essential3D
455	I	455	-8.449	-38.703	-9.828	1.08	0.507246376811594	1.2829709513692502	-0.4259234483975896	46.329690179269285	5.311947153747698e-4	PER3D	Essential3D
456	S	456	-6.487	-35.654	-10.966	0.12	0.507246376811594	1.241045298956652	-0.3049557833756348	67.78387464778253	2.693926106022987e-4	PER3D	Essential3D
457	K	457	-8.516	-35.166	-14.131	0.44	0.419354838709677	0.9672540887569807	-0.289002204688843	35.238703203900414	9.164414834735002e-4	PER3D	Essential3D
458	L	458	-11.837	-35.512	-12.373	1.72	0.535332994407728	1.2536301860444818	-0.33117730775556425	35.238703203900414	9.164414834735002e-4	PER3D	Essential3D
459	K	459	-10.698	-32.901	-9.911	1.08	0.535332994407728	0.9817966249473616	-0.10211567774259896	35.37332921025028	0.006513372809425745	PER3D	Essential3D
460	T	460	-10.504	-30.143	-12.442	-0.52	0.537634408602151	1.139527209781493	-0.16167905628173065	35.37332921025028	0.006513372809425745	PER3D	Essential3D
461	E	461	-13.608	-28.179	-13.46	-0.52	0.533807829181495	0.5488765091260218	-0.03640813387621781	23.996926411697135	0.010676026275308026	PER3D	Essential3D
462	C	462	-16.572	-30.361	-12.583	1.08	0.533807829181495	0.7703705218718235	-0.08833131559478093	12.1476154722799	0.028426496047221892	PER3D	Essential3D
463	G	463	-17.319	-29.532	-9.011	0.44	0.711743772241993	0.5488765091260217	0.0259382211583303	23.996926411697135	0.010676026275308026	PER3D	No-Essential3D
464	C	464	-15.028	-30.564	-6.146	0.12	0.709219858156028	0.9549488658266582	0.019618752168050677	35.37332921025028	0.006513372809425745	PER3D	No-Essential3D
465	Q	465	-17.227	-33.417	-5.011	-0.52	0.708732963149924	0.7401667928610324	-0.03590109214033134	35.37332921025028	0.006513372809425745	PER3D	Essential3D
466	F	466	-15.137	-36.123	-6.65	1.08	0.775709219858156	1.2576573499125872	-0.26906573536332545	18.141906844636253	0.015748442055274665	PER3D	Essential3D
467	T	467	-12.135	-34.792	-4.74	0.44	0.68466353677621306	0.8981555292251708	-0.07520427855255188	23.996926411697135	0.010676026275308026	PER3D	Essential3D
468	S	468	-13.597	-35.572	-1.39	1.08	0.669856459330144	1.1690597448142666	0.19274506619642498	23.996926411697135	0.010676026275308026	PER3D	No-Essential3D
469	K	469	-14.946	-39.068	-1.724	1.72	0.716842723004695	1.2057208227859855	-0.23685395206454155	23.996926411697135	0.010676026275308026	PER3D	Essential3D
470	L	470	-13.05	-40.85	-4.418	1.72	0.716842723004695	1.3326245542265511	-0.5514440832830885	23.996926411697135	0.010676026275308026	PER3D	Essential3D
471	E	471	-9.509	-40.714	-3.183	-1.16	0.61660777385159	1.2939018247255367	-0.3408210545110055	18.141906844636253	0.015748442055274665	PER3D	Essential3D
472	G	472	-10.536	-41.478	0.366	-0.52	0.61660777385159	1.4348525601092288	-0.09636612995097991	0	1	No-PER3D	No-Essential3D
473	M	473	-11.574	-44.968	-0.597	1.72	0.668303327877796	1.2774752352635275	-0.5375874990939837	0	1	No-PER3D	No-Essential3D
474	F	474	-8.178	-45.083	-2.269	1.08	0.625	1.2985485522656586	-0.6363345416015301	0	0.9999999999999999	No-PER3D	No-Essential3D
475	R	475	-6.259	-43.654	0.73	0.12	0.631768953068592	1.251547170250634	-0.20027564135365772	0	0.9999999999999999	No-PER3D	No-Essential3D
476	D	476	-8.349	-45.427	3.324	1.72	0.591787439613527	1.4092955586385592	-0.07371897015737044	0	1	No-PER3D	No-Essential3D
477	M	477	-7.483	-48.596	1.565	1.08	0.591787439613527	1.1856717957702017	-0.49417747084317093	0	0.9999999999999999	No-PER3D	No-Essential3D
478	S	478	-3.879	-47.545	2.115	-0.84	0.594403892944039	0.8811175282447244	-0.117403307208562	0	0.9999999999999999	No-PER3D	No-Essential3D
479	I	479	-3.902	-47.083	5.874	1.08	0.638181818181818	0.9364910314311748	0.22865147230032265	0	0.9999999999999999	No-PER3D	No-Essential3D
480	S	480	-5.517	-50.459	6.11	1.72	0.642335766423358	1.213358547363427	0.03559651040406687	0	0.9999999999999999	No-PER3D	No-Essential3D
481	N	481	-2.504	-51.712	4.243	-0.84	0.642335766423358	1.0592757558880865	-0.0587632877027913	0	0.9999999999999999	No-PER3D	No-Essential3D
482	T	482	-0.349	-50.244	6.935	0.76	0.679572192513369	0.703922318048083	0.21385211688696598	0	0.9999999999999999	No-PER3D	No-Essential3D
483	T	483	-2.876	-51.733	9.319	0.12	0.689051094890511	0.9492695321665097	0.24791193950846976	0	1	No-PER3D	No-Essential3D
484	M	484	-1.938	-55.114	8.008	0.44	0.645454545454546	0.5287406897854944	0.23052474277590115	0	1	No-PER3D	No-Essential3D
485	D	485	1.592	-54.291	9.023	-0.52	0.64963503649635	0.35069765561662014	0.2927768882278325	0	1	No-PER3D	No-Essential3D
486	E	486	0.022	-53.34	12.28	-1.16	0.694852941176471	0.7703705218718235	0.35386238481574	0	1	No-PER3D	No-Essential3D
487	F	487	-1.007	-56.942	12.435	1.72	0.7	0.10588848363441812	0.25391057578499143	0	0.9999999999999999	No-PER3D	No-Essential3D
488	R	488	2.238	-58.426	11.141	0.12	0.7	-0.33709954185718544	0.3224827976171986	0	1	No-PER3D	No-Essential3D
489	Q	489	4.939	-56.555	13.026	-0.2	0.659926470588235	0.10588848363441815	0.4872863349198254	0	1	No-PER3D	No-Essential3D
490	H	490	3.025	-56.942	16.219	0.12	0.664206642066421	0.06435835624458032	0.45638321281781474	0	1	No-PER3D	No-Essential3D
491	L	491	1.926	-60.413	15.216	-0.2	0.70132407206425	-0.3274693673899767	0.267022847354482	4.244387732055044	0.26277588393532925	No-PER3D	No-Essential3D
492	Q	492	5.449	-61.638	15.612	0.12	0.701960784313726	-0.660821560485665	0.4228235231643521	0	1	No-PER3D	No-Essential3D
493	A	493	5.797	-60.147	19.05	0.44	0.694852941176471	-0.316963722516658	0.478327001675014	0	1	No-PER3D	No-Essential3D
494	T	494	3.519	-62.566	20.87	0.76	0.62453531598513	-0.43777863855982263	0.41313905691772246	0	1	No-PER3D	No-Essential3D
495	G	495	0.444	-63.534	18.95	-0.84	0.629213483146067	-0.5935662934575874	0.27068451366214763	4.969094173467189	0.2334822104493157	No-PER3D	No-Essential3D
496	V	496	-0.311	-66.903	17.561	-1.8	0.627450980392157	-0.8908345737216898	0.2645178689230059	4.969094173467189	0.2334822104493157	No-PER3D	No-Essential3D
497	S	497	-2.952	-67.416	14.99	-1.8	0.588878326996198	-0.8474987886192503	0.2475372086149738	2.930061787488529	0.34511995232758685	No-PER3D	No-Essential3D
498	L	498	-4.492	-70.559	16.312	-1.48	0.635384615384615	-1.4185114864396295	0.17401490632213604	4.244387732055044	0.26277588393532925	No-PER3D	No-Essential3D
499	G	499	-4.704	-72.886	13.402	-0.52	0.633273703041145	-1.4129276037653655	0.17248406444331543	4.244387732055044	0.26277588393532925	No-PER3D	No-Essential3D
500	G	500	-2.968	-69.979	11.805	-1.48	0.573929961089494	-1.4888684081353547	0.18837336820447517	4.244387732055044	0.26277588393532925	No-PER3D	No-Essential3D
501	V	501	-4.618	-67.881	9.187	-0.52	0.568910256410256	-0.6970273125691132	0.1869873556088613	3.6981625331912276	0.2911306576301243	No-PER3D	No-Essential3D
502	D	502	-3.691	-65.519	6.419	0.12	0.621270621270621	-0.5269515527821584	0.15853865078371113	3.6981625331912276	0.2911306576301243	No-PER3D	No-Essential3D
503	L	503	-6.156	-62.937	7.575	0.44	0.616509926854754	-0.41620454640925747	0.15772331352086133	2.6493044530818044	0.3708015228245443	No-PER3D	No-Essential3D
504	T	504	-5.927	-59.374	6.312	0.76	0.540458015267176	0.4258242798227985	0.05423634898532847	0	1	No-PER3D	No-Essential3D
505	V	505	-9.008	-57.189	6.557	1.08	0.546718146718147	0.4750451715440879	-0.09096158186542463	0	1	No-PER3D	No-Essential3D
506	R	506	-9.562	-53.809	4.989	-0.2	0.550972762645914	1.0522719926392075	-0.21703684683898716	0	1	No-PER3D	No-Essential3D
507	V	507	-11.375	-51.395	7.244	1.08	0.616319444444445	1.3543092827471188	-0.14658172663122337	0	0.9999999999999999	No-PER3D	No-Essential3D
508	L	508	-13.38	-49.229	4.922	1.72	0.698818897637795	1.102611540990526	-0.3929935119494229	0	0.9999999999999999	No-PER3D	No-Essential3D
509	T	509	-14.899	-45.798	5.336	0.76	0.699604743083004	1.2744603439829585	-0.23237889330902367	0	1	No-PER3D	No-Essential3D
510	T	510	-18.504	-46.593	5.971	0.12	0.621172353455818	1.0120003539581528	-0.1745709782078408	0	1	No-PER3D	No-Essential3D
511	G	511	-19.408	-43.109	4.97	1.72	0.626102292768959	1.5130269175489233	0.07618862921272787	0	1	No-PER3D	No-Essential3D
512	Y	512	-18.054	-43.681	1.533	-0.2	0.632798573975045	1.1887481015027823	-0.2289621061012067	0	1	No-PER3D	No-Essential3D
513	W	513	-18.306	-47.316	0.4	1.72	0.464052287581699	1.1221551303504496	-0.5754539484988788	0	1	No-PER3D	No-Essential3D
514	P	514	-21.908	-47.806	-0.637	0.44	0.533353365384615	0.7925199231464036	-0.7033240870322361	0	1	No-PER3D	No-Essential3D
515	T	515	-21.851	-51.436	0.495	-1.48	0.687984496124031	0.36693499865625595	-0.7445728487920137	0	1	No-PER3D	No-Essential3D
516	Q	516	-25.096	-52.239	2.336	-0.2	0.686046511627907	-0.2565562644950757	-0.4078070160214299	0	1	No-PER3D	No-Essential3D
517	S	517	-25.498	-54.746	5.191	-0.2	0.683397683397684	-0.32602484121989533	0.015221403520960792	0	1	No-PER3D	No-Essential3D
518	A	518	-28.964	-56.343	5.316	-0.84	0.730327144120247	-1.0276396992411556	0.14935198850418546	0	1	No-PER3D	No-Essential3D
519	T	519	-29.039	-59.782	6.764	-0.52	0.727539635936583	-0.46798236757061373	0.10118202653065132	0	1	No-PER3D	No-Essential3D
520	P	520	-29.49	-60.503	10.271	-1.8	0.726201002063071	-0.7800875673487889	0.30280631473808167	0	1	No-PER3D	No-Essential3D
521	K	521	-25.85	-61.114	10.286	-0.84	0.726201002063071	-0.4589212488673764	0.1635070208274626	0	1	No-PER3D	No-Essential3D
522	C	522	-24.062	-63.999	8.822	0.44	0.669847328244275	0.084453579175147	0.14635247843406676	0	1	No-PER3D	No-Essential3D
523	N	523	-22.127	-65.92	11.432	-0.84	0.669847328244275	-0.2774665384256234	0.26378893809819265	0	1	No-PER3D	No-Essential3D
524	I	524	-19.085	-67.742	10.13	1.4	0.664772727272727	0.384542241604943	0.22681658086204118	0	0.9999999999999999	No-PER3D	No-Essential3D
525	P	525	-18.106	-70.879	11.868	0.76	0.725206611570248	0.3475183157207473	0.3820197256563064	0	1	No-PER3D	No-Essential3D
526	P	526	-14.825	-72.749	11.638	0.12	0.66793893129771	0.25034110064254966	0.4539679170238278	0	0.9999999999999999	No-PER3D	No-Essential3D
527	A	527	-11.532	-70.8	11.525	-0.52	0.660984848484848	-0.47553329982331155	0.2590907594267596	2.930061787488529	0.34511995232758685	No-PER3D	No-Essential3D
528	P	528	-12.788	-67.24	11.745	0.12	0.660984848484848	-0.4109308794391193	0.19525130865997045	3.2722259412155257	0.3185707612057323	No-PER3D	No-Essential3D
529	R	529	-14.027	-67.171	15.314	-0.84	0.660984848484848	-0.9066555746321042	0.2478521155259984	3.2722259412155257	0.3185707612057323	No-PER3D	No-Essential3D
530	H	530	-10.397	-67.392	16.135	-0.2	0.61013986013986	-0.991951405627382	0.22757092013032526	3.6981625331912276	0.2911306576301243	No-PER3D	No-Essential3D
531	A	531	-9.586	-64.17	14.257	-0.2	0.656603773584906	-0.32127854094677105	0.2044061465784116	3.6981625331912276	0.2911306576301243	No-PER3D	No-Essential3D
532	F	532	-12.846	-62.27	14.416	-0.2	0.651119402985075	-0.021896523718929046	0.07945897459063232	0	0.9999999999999999	No-PER3D	No-Essential3D
533	E	533	-12.981	-62.012	18.165	-0.2	0.65	-0.0786898603204167	0.13688301736379724	0	1	No-PER3D	No-Essential3D
534	I	534	-9.261	-61.789	18.31	-0.84	0.605637254901961	-0.7030461716111187	0.25542366655005033	0	0.9999999999999999	No-PER3D	No-Essential3D
535	F	535	-9.187	-58.745	16.098	0.44	0.605637254901961	0.03469397953755328	0.16644982874960385	0	0.9999999999999999	No-PER3D	No-Essential3D
536	R	536	-12.489	-57.359	17.325	-0.2	0.648897058823529	0.3370126708474287	0.012942572468791498	0	0.9999999999999999	No-PER3D	No-Essential3D
537	R	537	-10.8	-57.583	20.657	-1.16	0.653136531365314	0.35069765561662014	0.19587858756292068	0	0.9999999999999999	No-PER3D	No-Essential3D
538	F	538	-7.703	-56.049	19.087	1.72	0.647272727272727	0.3173145867099562	0.3173296345571962	0	1	No-PER3D	No-Essential3D
539	Y	539	-9.645	-53.078	17.724	1.72	0.647272727272727	0.714997018685373	0.18797338812577985	0	1	No-PER3D	No-Essential3D
540	L	540	-11.047	-52.425	21.176	-0.84	0.642599277978339	0.8534307766514991	0.21113439445476054	0	1	No-PER3D	No-Essential3D
541	A	541	-7.566	-51.3	21.939	-0.52	0.642599277978339	0.7703705218718235	0.3216482839179636	0	1	No-PER3D	No-Essential3D
542	K	542	-7.657	-48.272	19.647	-0.2	0.646739130434783	0.6817729167735027	0.321456256275983	0	1	No-PER3D	No-Essential3D
543	H	543	-10.987	-46.653	20.144	0.44	0.646209386281588	1.1792825454025344	0.23090573099585673	0	1	No-PER3D	No-Essential3D
544	S	544	-13.124	-46.897	23.175	1.72	0.776727272727273	1.3241055537363278	0.2236384375621292	0	1	No-PER3D	No-Essential3D
545	G	545	-16.591	-46.499	21.827	1.72	0.722425722425722	1.5013007639329694	0.20297396375158488	0	1	No-PER3D	No-Essential3D
546	R	546	-15.778	-47.779	18.359	1.72	0.557299843014129	1.055148538259283	0.13031343824671723	0	1	No-PER3D	No-Essential3D
547	Q	547	-18.294	-49.974	16.552	0.44	0.52014652014652	1.0361633371667855	0.018805739541582704	0	1	No-PER3D	No-Essential3D
548	L	548	-17.649	-52.413	13.764	1.72	0.516788321167883	1.0120003539581528	0.10125339768373556	0	1	No-PER3D	No-Essential3D
549	T	549	-19.545	-54.1	11.082	-0.2	0.427878787878788	0.15700248657575702	0.09980093853217636	0	1	No-PER3D	No-Essential3D
550	L	550	-17.846	-56.595	8.939	0.44	0.426328502415459	0.10588848363441815	0.11002187173542603	0	1	No-PER3D	No-Essential3D
551	Q	551	-18.948	-56.764	5.345	-0.52	0.511594202898551	0.4159801014785407	-0.03800867252931689	0	1	No-PER3D	No-Essential3D
552	H	552	-20.254	-60.222	4.538	-0.52	0.581818181818182	0.0371489624374452	0.10632560192083862	0	1	No-PER3D	No-Essential3D
553	H	553	-21.604	-59.554	1.11	-0.84	0.586080586080586	0.10588848363441815	-0.4997808893296828	0	1	No-PER3D	No-Essential3D
554	M	554	-18.041	-58.601	0.157	1.08	0.586080586080586	0.7911355855667425	-0.8471476502720582	0	1	No-PER3D	No-Essential3D
555	G	555	-15.151	-60.686	1.52	0.44	0.588235294117647	0.703922318048083	-0.5676485757776163	0	1	No-PER3D	No-Essential3D
556	S	556	-13.548	-63.74	-0.027	-0.52	0.592592592592593	0.5931753116751821	-0.7028590978208855	0	1	No-PER3D	No-Essential3D
557	A	557	-11.337	-66.712	0.807	1.08	0.653703703703704	0.6665452033972289	-0.5088142669687659	0	1	No-PER3D	No-Essential3D
558	D	558	-9.668	-69.718	-0.825	-0.52	0.597014925373134	0.62798151367809385	-0.5955797963391621	0	1	No-PER3D	No-Essential3D
559	L	559	-10.476	-73.338	-0.109	1.08	0.601503759398496	0.4636865042237903	-0.5466176173998374	0	1	No-PER3D	No-Essential3D
560	N	560	-8.877	-76.783	-0.447	-0.52	0.554511278195489	0.27923162404417606	-0.509753089444011	0	1	No-PER3D	No-Essential3D
561	A	561	-10.167	-80.13	-1.654	-0.2	0.602103120759837	-0.049157325287643085	-0.4171375403682333	0	1	No-PER3D	No-Essential3D
562	T	562	-8.501	-83.105	-0.045	-0.2	0.602103120759837	-1.0237309813691708	-0.36676220999572534	0	1	No-PER3D	No-Essential3D
563	F	563	-11.465	-85.391	-0.734	0.12	0.606060606060606	-0.918521325314915	-0.2919814894744377	0	1	No-PER3D	No-Essential3D
564	Y	564	-11.784	-84.847	-4.493	-0.84	0.610634648370497	-1.389196102399744	-0.5457185945318099	0	1	No-PER3D	No-Essential3D
565	G	565	-9.823	-86.872	-6.999	-1.16	0.615278257863809	-2.066456641372484	-0.87916360991812	0	1	No-PER3D	No-Essential3D
566	P	566	-10.836	-89.542	-9.34	-1.8	0.610634648370497	-2.330545656569402	-0.8663429609233569	0	1	No-PER3D	No-Essential3D
567	V	567	-8.606	-92.132	-7.82	-1.8	0.607763023493361	-2.6350999240948787	-0.9798400604438507	0	1	No-PER3D	No-Essential3D
568	K	568	-11.135	-92.328	-5.07	-1.8	0.562893081761006	-2.3674613253603685	-0.5655742707518178	0	1	No-PER3D	No-Essential3D
569	K	569	-10.161	-95.597	-3.521	-1.8	0.55921052631579	-3.0266696966276356	-0.45970915580151495	0	1	No-PER3D	No-Essential3D
570	E	570	-11.167	-98.591	-5.549	-1.8	0.484396200814111	-3.7601888297468493	-0.6473841910531615	0	1	No-PER3D	No-Essential3D
571	D	571	-8.941	-97.419	-8.268	-1.8	0.442379182156134	-3.7860777403275274	-0.9656318245340947	0	1	No-PER3D	No-Essential3D
572	G	572	-5.576	-98.379	-6.937	-1.8	0.444029850746269	-3.881003745790014	-1.1555975122740818	0	1	No-PER3D	No-Essential3D
573	S	573	-3.388	-101.396	-6.836	-1.8	0.41025641025641	-3.881003745790014	-1.2941017976464646	0	1	No-PER3D	No-Essential3D
574	E	574	-5.259	-104.639	-6.734	-1.8	0.413352685050798	-3.881003745790014	-1.2099248922286676	0	1	No-PER3D	No-Essential3D
575	V	575	-4.157	-107.405	-4.478	-1.8	0.41808573106283	-3.881003745790014	-1.2477258201087982	0	1	No-PER3D	No-Essential3D
576	G	576	-1.778	-109.295	-6.671	-1.8	0.41808573106283	-3.881003745790014	-1.3253776085130748	0	1	No-PER3D	No-Essential3D
577	V	577	1.327	-108.558	-8.648	-1.8	0.414918414918415	-3.881003745790014	-1.393085428381958	0	1	No-PER3D	No-Essential3D
578	G	578	1.592	-105.112	-10.098	-1.8	0.365351629502573	-3.881003745790014	-1.3566043918951154	0	1	No-PER3D	No-Essential3D
579	G	579	3.962	-102.211	-9.96	-1.8	0.363978127136022	-3.881003745790014	-1.420734125075497	0	1	No-PER3D	No-Essential3D
580	A	580	3.182	-98.611	-9.247	-1.8	0.363978127136022	-3.881003745790014	-1.7310045629057935	0	1	No-PER3D	No-Essential3D
581	Q	581	1.752	-96.759	-12.197	-1.8	0.40188679245283	-3.881003745790014	-1.816938433121838	0	1	No-PER3D	No-Essential3D
582	V	582	1.432	-93.236	-13.419	-1.8	0.297138047138047	-3.881003745790014	-1.8089148754542923	0	1	No-PER3D	No-Essential3D
583	T	583	-0.53	-91.014	-11.116	-1.8	0.165262172284644	-3.6152109304950515	-1.5163695937434867	0	1	No-PER3D	No-Essential3D
584	G	584	-0.642	-87.339	-10.314	-1.8	0.166509433962264	-3.369863716376625	-1.5715703477736007	0	1	No-PER3D	No-Essential3D
585	S	585	-2.391	-86.442	-13.515	-1.8	0.166198501872659	-2.6302140267548983	-1.3832939880883592	0	1	No-PER3D	No-Essential3D
586	N	586	-5.534	-86.888	-11.559	-1.8	0.293004115226337	-2.2197986501965006	-1.1610437725476153	0	1	No-PER3D	No-Essential3D
587	T	587	-6.28	-83.43	-10.301	-1.8	0.290849673202614	-1.5808736134297647	-1.0169043989263016	0	1	No-PER3D	No-Essential3D
588	R	588	-7.492	-84.229	-6.829	-0.52	0.391544117647059	-1.5790481133247167	-0.9019339916760875	0	1	No-PER3D	No-Essential3D
589	K	589	-6.335	-80.961	-5.303	-0.52	0.435049019607843	-1.1984651469797478	-0.8909345491556314	0	1	No-PER3D	No-Essential3D
590	H	590	-8.326	-77.803	-5.808	0.44	0.391544117647059	-0.5348620532373655	-0.8152597978283479	0	1	No-PER3D	No-Essential3D
591	I	591	-8.035	-74.439	-4.167	-0.52	0.522509225092251	-0.1709790322978341	-0.8944733706275059	0	1	No-PER3D	No-Essential3D
592	L	592	-11.641	-73.358	-4.273	0.12	0.52639405204461	0.4772166814729682	-0.7992424831930118	0	1	No-PER3D	No-Essential3D
593	Q	593	-11.439	-69.61	-4.126	0.12	0.391544117647059	0.8725985277545013	-0.859472870472218	0	1	No-PER3D	No-Essential3D
594	V	594	-14.784	-68.26	-3.131	0.76	0.471528471528472	0.790506341212351	-0.8039289718313176	0	1	No-PER3D	No-Essential3D
595	S	595	-16.94	-65.838	-1.155	1.08	0.54029304029304	0.8307779798934058	-0.7586053393548947	0	1	No-PER3D	No-Essential3D
596	T	596	-17.84	-65.808	2.523	0.12	0.645985401459854	0.9515928959365705	-0.20449523609096404	0	1	No-PER3D	No-Essential3D
597	F	597	-21.379	-66.836	1.73	1.08	0.599030303030303	0.6948611993448456	-0.2801244788302165	0	1	No-PER3D	No-Essential3D
598	Q	598	-19.983	-69.519	-0.497	1.72	0.595169082125604	1.0021665817220813	-0.6145091700308114	0	1	No-PER3D	No-Essential3D
599	M	599	-17.355	-70.615	1.967	0.12	0.633093525179856	0.9277478467175249	-0.16495789196338378	0	0.9999999999999999	No-PER3D	No-Essential3D
600	T	600	-20.165	-71.336	4.377	-0.2	0.633093525179856	1.0472380378040755	0.1900337996301676	0	1	No-PER3D	No-Essential3D
601	I	601	-22.264	-73.841	2.386	1.08	0.628571428571429	1.0509296046831724	0.2500631321463098	0	0.9999999999999999	No-PER3D	No-Essential3D
602	L	602	-19.138	-75.25	0.831	1.72	0.720408163265306	1.0573059474743391	-0.03508896299934486	0	1	No-PER3D	No-Essential3D
603	M	603	-17.999	-76.054	4.391	0.76	0.720408163265306	0.9602225327967965	0.33272034336199585	0	1	No-PER3D	No-Essential3D
604	L	604	-21.236	-77.869	5.325	-0.2	0.77087325485902	1.0140139358922056	0.6560892638906369	0	0.9999999999999999	No-PER3D	No-Essential3D
605	F	605	-19.772	-80.987	3.719	1.08	0.768683274021352	0.6906326772833349	0.5429144355983135	0	1	No-PER3D	No-Essential3D
606	N	606	-17.303	-81.683	6.533	1.72	0.763775231860338	0.3716812989293803	0.6173154529855498	0	1	No-PER3D	No-Essential3D
607	N	607	-20.242	-82.692	8.741	0.44	0.803571428571429	0.7288403944819856	0.826042315394263	0	1	No-PER3D	No-Essential3D
608	R	608	-23.039	-84.95	7.51	-0.84	0.803571428571429	0.7229075191405803	1.0242332032183725	0	0.9999999999999999	No-PER3D	No-Essential3D
609	E	609	-22.953	-85.182	3.736	1.08	0.859841226389269	0.8020125236926524	0.6996897433135246	0	1	No-PER3D	No-Essential3D
610	K	610	-25.919	-83.445	2.074	-0.84	0.865384615384615	0.4855925054843641	0.6670798266663936	0	1	No-PER3D	No-Essential3D
611	Y	611	-28.432	-81.111	3.643	0.12	0.812274368231047	0.34953189765480014	0.6913293680493243	0	1	No-PER3D	No-Essential3D
612	T	612	-31.545	-79.386	2.452	1.08	0.809953584321815	-0.004858522738482755	0.6274318403158204	0	0.9999999999999999	No-PER3D	No-Essential3D
613	F	613	-32.154	-75.713	1.857	0.12	0.812274368231047	-0.011373052525123967	0.3680125526706467	0	1	No-PER3D	No-Essential3D
614	E	614	-33.502	-74.827	5.283	0.12	0.76304347826087	0.10588848363441815	0.49954904987994475	0	1	No-PER3D	No-Essential3D
615	E	615	-31.411	-77.432	7.041	0.44	0.76304347826087	-0.09634518017696607	0.7167107462441356	0	0.9999999999999999	No-PER3D	No-Essential3D
616	I	616	-28.588	-75.703	5.213	1.4	0.75812274368231	0.3404115559535023	0.55751922777876	0	1	No-PER3D	No-Essential3D
617	Q	617	-30.078	-72.228	5.694	0.12	0.72202166064982	0.2891938734930128	0.3855301068614673	0	1	No-PER3D	No-Essential3D
618	Q	618	-30.332	-72.161	9.433	-0.52	0.674396135265701	0.048107436831165494	0.5896243499555696	0	1	No-PER3D	No-Essential3D
619	E	619	-26.74	-73.275	9.651	-0.52	0.593939393939394	0.8442018594537575	0.6026530588149213	0	0.9999999999999999	No-PER3D	No-Essential3D
620	T	620	-25.466	-69.929	8.366	1.72	0.600490196078431	0.42741205052348524	0.45983134819380184	0	1	No-PER3D	No-Essential3D
621	D	621	-28.585	-67.922	9.045	-0.52	0.639194139194139	0.15904704669341058	0.44072111594205077	0	0.9999999999999999	No-PER3D	No-Essential3D
622	I	622	-27.87	-65.505	6.191	1.08	0.594379789951746	0.04548102561283584	0.25977208639740373	0	0.9999999999999999	No-PER3D	No-Essential3D
623	P	623	-31.043	-64.603	4.373	-0.84	0.595588235294118	-0.22635253548428452	0.26793581482823436	0	1	No-PER3D	No-Essential3D
624	E	624	-33.334	-67.25	2.889	-0.2	0.652416356877323	-0.07301052666026793	0.38163121131534566	0	1	No-PER3D	No-Essential3D
625	R	625	-34.521	-65.632	-0.296	-0.84	0.652416356877323	-0.02067952364889716	0.11161828094801012	0	1	No-PER3D	No-Essential3D
626	E	626	-31.188	-64.305	-1.346	-0.2	0.593622795115333	-0.3796945443083012	-0.6382539587179822	0	1	No-PER3D	No-Essential3D
627	L	627	-29.686	-67.546	-0.174	1.72	0.490168539325843	0.3072466770396925	-0.08037102432307223	0	1	No-PER3D	No-Essential3D
628	V	628	-30.756	-69.507	-3.215	-0.84	0.564420485175202	0.3404115559535023	-0.30885180455436967	0	1	No-PER3D	No-Essential3D
629	R	629	-28.823	-67.064	-5.309	0.44	0.562298603651987	0.0600621361697695	-1.0270464854665344	0	1	No-PER3D	No-Essential3D
630	A	630	-25.483	-68.171	-3.91	0.12	0.496197718631179	0.47310224160772113	-0.845498334586941	0	1	No-PER3D	No-Essential3D
631	L	631	-26.486	-71.813	-3.685	1.4	0.496197718631179	0.5681368580604392	-0.3484045459884476	0	1	No-PER3D	No-Essential3D
632	Q	632	-27.574	-71.955	-7.271	0.12	0.495738636363636	0.08634489427449446	-0.6545433491171094	0	1	No-PER3D	No-Essential3D
633	S	633	-24.125	-70.803	-8.282	-0.2	0.376280323450135	0.4196716683576374	-1.0963831666839836	0	1	No-PER3D	No-Essential3D
634	L	634	-22.306	-73.527	-6.398	1.72	0.376623376623377	0.5172345073051929	-0.9542011559187895	0	1	No-PER3D	No-Essential3D
635	A	635	-24.796	-75.856	-7.957	0.44	0.376280323450135	-0.004858522738482755	-0.5951704524354677	0	1	No-PER3D	No-Essential3D
636	C	636	-23.739	-74.605	-11.305	-0.84	0.378787878787879	-0.19614880647349336	-1.0852437048226449	0	1	No-PER3D	No-Essential3D
637	G	637	-20.169	-75.279	-10.423	-0.2	0.377358490566038	0.2267033996775827	-1.160325395562494	0	1	No-PER3D	No-Essential3D
638	K	638	-18.795	-74.394	-13.822	-0.52	0.220754716981132	-0.1864836131900402	-1.3960281983299556	0	1	No-PER3D	No-Essential3D
639	P	639	-17.202	-77.618	-14.785	-1.8	0.220551378446115	-0.3924730450436359	-1.2407844744580927	0	1	No-PER3D	No-Essential3D
640	T	640	-19.593	-80.241	-16.023	-1.8	0.222012578616352	-0.7931166269220714	-0.9376584952135765	0	1	No-PER3D	No-Essential3D
641	Q	641	-19.353	-81.733	-12.638	-1.8	0.499528301886793	-0.6492047416353607	-0.8018616739244785	0	1	No-PER3D	No-Essential3D
642	R	642	-20.6	-79.214	-10.152	-0.2	0.499528301886793	-0.21563508325464895	-0.7943172607116811	0	1	No-PER3D	No-Essential3D
643	V	643	-19.598	-79.253	-6.53	0.76	0.589807852965748	0.07091574477981785	-0.6188967283620624	0	1	No-PER3D	No-Essential3D
644	L	644	-23.125	-79.401	-5.19	1.4	0.585934248855597	0.088402114207118	-0.2350915256155676	0	1	No-PER3D	No-Essential3D
645	T	645	-25.462	-81.321	-7.423	-0.84	0.658582089552239	-0.47553329982331155	-0.39369248780515137	0	1	No-PER3D	No-Essential3D
646	K	646	-29.208	-81.475	-7.107	-0.52	0.66044776119403	-0.2585048921731912	0.0277329492270447	0	0.9999999999999999	No-PER3D	No-Essential3D
647	E	647	-31.291	-84.221	-8.25	0.12	0.664794007490637	-0.4886480768937866	0.22761454123895433	0	1	No-PER3D	No-Essential3D
648	P	648	-32.823	-82.124	-11.221	0.44	0.66044776119403	-0.5195063758831397	0.2096615433927634	0	1	No-PER3D	No-Essential3D
649	K	649	-31.912	-78.494	-12.45	-0.84	0.662921348314607	-0.4187025991845861	0.07289346057971036	0	1	No-PER3D	No-Essential3D
650	S	650	-32.642	-74.991	-14.173	-1.16	0.754115772703133	-0.5585935546029872	0.05950030457220817	0	1	No-PER3D	No-Essential3D
651	K	651	-35.523	-74.291	-11.963	-0.84	0.751991502920871	-0.5585935546029872	0.18133221569935157	0	1	No-PER3D	No-Essential3D
652	E	652	-36.69	-72.187	-9.121	1.08	0.749206349206349	-0.5585935546029872	0.38829306575966527	0	1	No-PER3D	No-Essential3D
653	I	653	-35.627	-73.266	-5.708	0.44	0.749206349206349	-0.17523853254294564	0.28915897707885113	0	1	No-PER3D	No-Essential3D
654	E	654	-37.602	-74.993	-3.02	-0.2	0.746441750131787	-0.13574134845191105	0.44847040484009254	0	1	No-PER3D	No-Essential3D
655	N	655	-36.981	-75.884	0.606	-0.84	0.741596638655462	0.03944027981067762	0.6570167583692386	0	1	No-PER3D	No-Essential3D
656	G	656	-37.836	-79.522	-0.127	-0.52	0.648897058823529	0.10588848363441815	0.8115171788312985	0	1	No-PER3D	No-Essential3D
657	H	657	-35.067	-80.439	-2.555	-0.84	0.653136531365314	-0.38525041419322925	0.6941004094286769	0	0.9999999999999999	No-PER3D	No-Essential3D
658	I	658	-31.655	-81.852	-1.698	-0.84	0.653136531365314	0.07930920210492193	0.5316809434962103	0	1	No-PER3D	No-Essential3D
659	F	659	-28.361	-80.12	-2.382	0.76	0.563492063492063	0.2632658084801194	0.28338869787871235	0	0.9999999999999999	No-PER3D	No-Essential3D
660	T	660	-25.445	-82.491	-1.869	-0.84	0.489852398523985	0.5891481478070766	0.4000818833525283	0	1	No-PER3D	No-Essential3D
661	V	661	-21.785	-82.667	-2.861	0.44	0.556197478991597	0.29574049455939105	0.14016597259648841	0	1	No-PER3D	No-Essential3D
662	N	662	-20.468	-84.237	-6.014	0.44	0.55983131259884	-0.45141903230663144	-0.2970755157826115	0	1	No-PER3D	No-Essential3D
663	D	663	-18.086	-86.731	-4.58	-0.84	0.554160125588697	-0.9572827775454303	-0.037109654302762626	0	1	No-PER3D	No-Essential3D
664	Q	664	-15.424	-86.21	-7.223	-0.52	0.554160125588697	-1.4980336776282845	-0.6149058956809246	0	1	No-PER3D	No-Essential3D
665	F	665	-15.752	-82.949	-9.092	1.08	0.55012987012987	-1.0794038007890616	-0.872682084469505	0	1	No-PER3D	No-Essential3D
666	T	666	-13.374	-83.115	-12.025	-0.2	0.55012987012987	-1.5774660132336753	-1.0044757139062552	0	1	No-PER3D	No-Essential3D
667	S	667	-12.165	-79.776	-13.345	-0.52	0.55012987012987	-1.2230755928403927	-1.1334302959387363	0	1	No-PER3D	No-Essential3D
668	K	668	-10.196	-78.119	-16.102	-0.2	0.482727272727273	-1.3559720004878735	-1.58919229780098	0	1	No-PER3D	No-Essential3D
669	L	669	-7.667	-76.36	-13.95	-0.2	0.383695652173913	-1.0482118985673912	-1.4762921793539583	0	1	No-PER3D	No-Essential3D
670	H	670	-6.774	-75.831	-10.304	-0.84	0.348814229249012	-0.7886065678390122	-1.1619678071036024	0	1	No-PER3D	No-Essential3D
671	R	671	-7.42	-72.735	-8.226	1.08	0.425659472422062	-0.11560552911138364	-1.0749411987367192	0	1	No-PER3D	No-Essential3D
672	V	672	-10.895	-72.416	-9.591	0.12	0.256115107913669	0.03944027981067762	-1.2346807395144714	0	1	No-PER3D	No-Essential3D
673	K	673	-12.372	-69.056	-8.796	0.12	0.284572342126299	0.2433675260283641	-1.2857744975674037	0	1	No-PER3D	No-Essential3D
674	I	674	-16.053	-68.745	-8.351	1.72	0.141886490807354	0.5358474495527393	-1.1818722275017701	0	1	No-PER3D	No-Essential3D
675	Q	675	-17.225	-65.354	-7.38	1.08	0.142799839550742	0.4702818594420275	-1.2268906791661633	0	1	No-PER3D	No-Essential3D
676	T	676	-19.396	-64.274	-10.297	0.12	0.142799839550742	0.10588848363441812	-1.8428272972078261	0	1	No-PER3D	No-Essential3D
677	V	677	-22.537	-63.023	-8.718	-0.52	0.141776184786937	0.2433675260283641	-1.653234835973364	0	1	No-PER3D	No-Essential3D
678	A	678	-25.667	-64.98	-8.936	0.12	0.141776184786937	0.31947199592501274	-1.7322328756344674	0	1	No-PER3D	No-Essential3D
679	A	679	-27.142	-63.265	-11.996	-0.52	0.141886490807354	-0.5585935546029872	-2.010385241561386	0	1	No-PER3D	No-Essential3D
680	K	680	-29.961	-61.43	-10.175	-0.52	0.141997593261131	-0.7096121996569429	-1.86149839352933	0	1	No-PER3D	No-Essential3D
681	Q	681	-27.631	-58.895	-8.64	-1.8	0.126881720430108	-0.791162267986079	-2.0908620502979467	0	1	No-PER3D	No-Essential3D
682	G	682	-25.627	-57.898	-11.672	-1.8	0.11461038961039	-0.8539189049307229	-2.287857629736446	0	1	No-PER3D	No-Essential3D
683	E	683	-28.258	-56.707	-14.076	0.44	0.210872162485066	-1.293021070549593	-2.059377787176469	0	1	No-PER3D	No-Essential3D
684	S	684	-31.486	-56.685	-12.26	0.76	0.211031175059952	-1.1492442552584587	-2.1904829661258676	0	1	No-PER3D	No-Essential3D
685	D	685	-32.761	-53.973	-10.052	-1.16	0.212394705174489	-1.0154249558912032	-2.143027490333971	0	1	No-PER3D	No-Essential3D
686	P	686	-29.987	-54.988	-7.82	-0.52	0.366753246753247	-0.92405867563356	-2.0000699676749014	0	1	No-PER3D	No-Essential3D
687	E	687	-26.669	-53.575	-8.916	0.12	0.341062801932367	-0.8908345737216898	-1.819260657594667	0	1	No-PER3D	No-Essential3D
688	R	688	-27.901	-51.194	-11.567	0.12	0.341062801932367	-0.819640069624825	-1.5898113857479719	0	1	No-PER3D	No-Essential3D
689	K	689	-31.34	-50.291	-10.261	-1.16	0.322992700729927	-1.0237309813691708	-1.6815421095525798	0	1	No-PER3D	No-Essential3D
690	E	690	-30.361	-49.961	-6.648	0.12	0.320652173913043	-0.7030461716111187	-1.4387950718154812	0	1	No-PER3D	No-Essential3D
691	T	691	-27.832	-47.369	-7.72	0.44	0.340794223826715	-0.37170798134871696	-1.344593600358258	0	1	No-PER3D	No-Essential3D
692	R	692	-29.86	-46.305	-10.787	-0.2	0.449428692340246	0.10588848363441812	-1.3071811300147425	0	1	No-PER3D	No-Essential3D
693	Q	693	-33.099	-45.089	-9.263	-0.52	0.449428692340246	-0.06023202592493318	-1.1982148924742915	0	1	No-PER3D	No-Essential3D
694	K	694	-30.766	-43.882	-6.621	-0.52	0.470834125023751	0.10588848363441815	-1.095685112956952	0	1	No-PER3D	No-Essential3D
695	V	695	-30.005	-41.06	-9.034	1.08	0.509747292418773	0.449586089619283	-0.8213931510877575	0	1	No-PER3D	No-Essential3D
696	D	696	-33.397	-39.53	-8.354	-0.84	0.509747292418773	0.1825594880464264	-0.4589562787358529	0	0.9999999999999999	No-PER3D	No-Essential3D
697	D	697	-32.406	-39.308	-4.731	0.44	0.504285714285714	0.21080670019821898	-0.7385096263208445	0	1	No-PER3D	No-Essential3D
698	D	698	-30.005	-36.551	-5.71	-0.52	0.477207253007965	0.1825594880464264	-0.44610056131121123	0	0.9999999999999999	No-PER3D	No-Essential3D
699	R	699	-31.976	-34.709	-8.35	1.72	0.497526501766784	0.28711085769916506	-0.11515031615973986	0	0.9999999999999999	No-PER3D	No-Essential3D
700	K	700	-34.612	-33.679	-5.875	-0.2	0.548927875243665	0.6817729167735027	0.13628531514106607	0	0.9999999999999999	No-PER3D	No-Essential3D
701	H	701	-32.757	-33.922	-2.618	-0.2	0.584921292460646	0.5955068275988221	-0.01366354163572341	0	1	No-PER3D	No-Essential3D
702	E	702	-29.922	-31.614	-3.565	-0.84	0.549202127659575	0.8534307766514991	-0.08168249457980754	0	0.9999999999999999	No-PER3D	No-Essential3D
703	I	703	-32.363	-29.012	-4.851	0.12	0.516896120150188	1.072407811979735	0.16868363208853548	0	0.9999999999999999	No-PER3D	No-Essential3D
704	E	704	-34.095	-28.679	-1.513	0.44	0.561486753657572	1.3905537575600684	0.32710295529798084	0	0.9999999999999999	No-PER3D	No-Essential3D
705	A	705	-31.05	-26.759	-0.307	-0.52	0.594624860022396	1.38373855716789	0.20101475388769602	0	0.9999999999999999	No-PER3D	No-Essential3D
706	A	706	-30.051	-25.777	-3.853	1.72	0.632142857142857	1.1500745437217694	0.07130746281480606	0	1	No-PER3D	No-Essential3D
707	I	707	-32.861	-23.241	-4.12	1.72	0.602040816326531	1.3957653813893813	0.17485296052890986	0	0.9999999999999999	No-PER3D	No-Essential3D
708	V	708	-31.254	-21.187	-1.333	1.08	0.602040816326531	1.860121064581168	0.22697509974549018	0	1	No-PER3D	No-Essential3D
709	R	709	-27.768	-21.167	-2.822	0.76	0.602950310559006	1.5930625692133726	0.031645730870568316	0	1	No-PER3D	No-Essential3D
710	I	710	-28.845	-18.658	-5.473	1.72	0.579898446833931	1.7117200760414808	0.05332201850162663	0	1	No-PER3D	No-Essential3D
711	M	711	-31.445	-17.412	-3.012	1.72	0.579898446833931	1.7670935792279314	0.15393294487266934	0	1	No-PER3D	No-Essential3D
712	K	712	-28.723	-15.902	-0.921	1.72	0.605111422783232	2.1942606038091204	0.10291010425306747	0	1	No-PER3D	No-Essential3D
713	S	713	-29.238	-12.736	-2.943	0.12	0.665406427221172	2.3762021142788865	0.10709237522506	0	1	No-PER3D	No-Essential3D
714	R	714	-32.962	-13.308	-3.374	1.72	0.637184115523466	1.5677489677567096	0.19570723403992105	5.97447435706682	0.20322492928284133	No-PER3D	No-Essential3D
715	K	715	-35.582	-13.006	-0.631	1.72	0.64	1.4981365637508863	0.37248097178191497	0	1	No-PER3D	No-Essential3D
716	K	716	-38.276	-11.329	-2.731	-0.52	0.64	0.7125894750685708	0.4898787170535046	9.934841729471179	0.13971828371765918	No-PER3D	No-Essential3D
717	M	717	-38.877	-12.66	-6.21	1.08	0.586666666666667	0.9032669295193045	0.3347161809122997	4.244387732055044	0.26277588393532925	No-PER3D	No-Essential3D
718	Q	718	-41.581	-13.59	-8.687	-0.52	0.616658703615225	0.32738249638022	0.4109596927024565	4.969094173467189	0.2334822104493157	No-PER3D	No-Essential3D
719	H	719	-42.432	-17.153	-9.66	-0.2	0.621209690357773	0.25690712868837395	0.38587028863526895	4.244387732055044	0.26277588393532925	No-PER3D	No-Essential3D
720	N	720	-41.965	-16.163	-13.269	0.12	0.651291512915129	0.3432034972906343	0.25096993663492184	4.969094173467189	0.2334822104493157	No-PER3D	No-Essential3D
721	V	721	-38.237	-15.587	-12.761	-0.2	0.684238270954138	0.6873102670921478	0.1796585252358625	7.472883645866885	0.17197884807824693	No-PER3D	No-Essential3D
722	L	722	-37.539	-18.749	-10.744	1.72	0.684832451499118	1.3551147155207401	0.16009762428827276	3.2722259412155257	0.3185707612057323	No-PER3D	No-Essential3D
723	V	723	-38.275	-21.099	-13.56	0.12	0.588333333333333	0.9918645346176251	0.2584688905450572	3.6981625331912276	0.2911306576301243	No-PER3D	No-Essential3D
724	A	724	-34.781	-21.97	-14.708	0.12	0.590520446096654	0.8020125236926523	0.2323260363992544	3.6981625331912276	0.2911306576301243	No-PER3D	No-Essential3D
725	E	725	-33.3	-19.918	-11.857	1.72	0.584882280049566	1.2615094196994707	0.06318838896969627	3.2722259412155257	0.3185707612057323	No-PER3D	No-Essential3D
726	V	726	-32.075	-23.155	-10.262	1.08	0.581069958847737	0.8346752352496368	0.066146077835563	2.6493044530818044	0.3708015228245443	No-PER3D	No-Essential3D
727	T	727	-30.532	-24.509	-13.47	-0.2	0.581577860388269	0.9298462110488008	0.1196875841718797	0	1	No-PER3D	No-Essential3D
728	Q	728	-28.089	-21.966	-14.819	0.12	0.583747927031509	0.8752887384356244	0.164917130205153	0	1	No-PER3D	No-Essential3D
729	Q	729	-25.985	-21.807	-11.702	0.44	0.654275092936803	1.102611540990526	0.11416286551617615	0	0.9999999999999999	No-PER3D	No-Essential3D
730	L	730	-26.742	-25.27	-10.185	-0.2	0.64760147601476	0.983954034162418	-0.023830783311405444	0	0.9999999999999999	No-PER3D	No-Essential3D
731	K	731	-27.965	-27.66	-12.881	-0.2	0.648148148148148	0.7703705218718235	-0.023261394361372804	0	1	No-PER3D	No-Essential3D
732	A	732	-24.458	-28.079	-14.144	-1.8	0.651119402985075	0.7969498034013196	0.06044734894659499	0	1	No-PER3D	No-Essential3D
733	R	733	-24.884	-31.676	-12.951	-1.8	0.651685393258427	0.6087397558140762	-0.21797953368397763	0	1	No-PER3D	No-Essential3D
734	F	734	-28.071	-32.743	-14.787	1.72	0.688037012557832	0.4830269377691618	-0.23342110962724652	0	0.9999999999999999	No-PER3D	No-Essential3D
735	L	735	-30.952	-31.798	-17.038	-0.84	0.651685393258427	-0.011373052525123967	0.042831408292393396	0	1	No-PER3D	No-Essential3D
736	P	736	-34.246	-31.978	-15.297	0.44	0.659090909090909	-0.03091664188504766	-0.004027343803690112	0	0.9999999999999999	No-PER3D	No-Essential3D
737	S	737	-37.091	-32.954	-17.585	-0.2	0.612459783562445	-0.07533389043032876	0.11996392838623014	0	1	No-PER3D	No-Essential3D
738	P	738	-40.204	-30.894	-17.836	-0.84	0.671153846153846	-0.4052515457789706	0.26625593572061107	0	1	No-PER3D	No-Essential3D
739	V	739	-42.476	-33.168	-15.805	-1.16	0.671153846153846	-0.316963722516658	0.42572772030509276	0	1	No-PER3D	No-Essential3D
740	V	740	-39.857	-33.978	-13.202	-0.52	0.671153846153846	0.37949873467334977	0.3224549962680004	0	1	No-PER3D	No-Essential3D
741	I	741	-39.415	-30.33	-12.251	1.4	0.676356589147287	0.5970273814620656	0.28392331467803805	0	1	No-PER3D	No-Essential3D
742	K	742	-42.783	-29.823	-10.579	1.72	0.806177606177606	0.3135391205836073	0.5040853036823975	0	1	No-PER3D	No-Essential3D
743	K	743	-42.984	-32.43	-7.871	0.44	0.803076923076923	0.6706982161362127	0.4692585492035099	0	1	No-PER3D	No-Essential3D
744	R	744	-40.172	-32.032	-5.365	-0.2	0.665384615384616	0.9180331970356913	0.38444393132144455	0	0.9999999999999999	No-PER3D	No-Essential3D
745	I	745	-41.25	-28.44	-4.814	1.72	0.665384615384616	1.4348525601092288	0.5422995393762939	0	1	No-PER3D	No-Essential3D
746	E	746	-44.189	-29.83	-2.885	1.08	0.81972081972082	1.3998798212546284	0.9134137264604448	0	1	No-PER3D	No-Essential3D
747	G	747	-41.725	-31.422	-0.462	-0.52	0.856315499172642	1.0501524327086258	0.7593649404501306	0	1	No-PER3D	No-Essential3D
748	L	748	-39.998	-28.469	1.316	1.72	0.847665847665848	1.1537255439318648	0.5970725671942896	0	0.9999999999999999	No-PER3D	No-Essential3D
749	I	749	-43.161	-26.948	2.734	1.72	0.780092592592593	1.2599888658362273	0.9276438586594935	0	1	No-PER3D	No-Essential3D
750	E	750	-43.475	-29.711	5.284	1.08	0.783333333333333	1.38373855716789	0.9831926593827194	0	1	No-PER3D	No-Essential3D
751	R	751	-39.776	-29.274	6.047	0.76	0.723205664628259	1.346254955010908	0.8801523136022716	0	1	No-PER3D	No-Essential3D
752	E	752	-40.127	-25.638	7.116	-0.2	0.726458885941645	1.055148538259283	0.9145599644363573	0	1	No-PER3D	No-Essential3D
753	Y	753	-38.656	-24.269	3.91	1.72	0.72430224642614	1.4348525601092288	0.700768423809779	0	1	No-PER3D	No-Essential3D
754	L	754	-40.163	-22.144	1.162	1.08	0.777777777777778	1.2379689932240716	0.6713770224752238	0	1	No-PER3D	No-Essential3D
755	A	755	-43.755	-21.029	1.177	-0.84	0.782320872274143	0.6906326772833349	0.809729661239727	7.472883645866885	0.17197884807824693	No-PER3D	No-Essential3D
756	R	756	-45.891	-19.024	-1.161	1.72	0.781499202551834	0.7125894750685708	0.6794372008651248	7.472883645866885	0.17197884807824693	No-PER3D	No-Essential3D
757	T	757	-45.475	-15.545	0.109	-0.52	0.728168383340797	0.3716812989293803	0.6030170326262332	7.472883645866885	0.17197884807824693	No-PER3D	No-Essential3D
758	P	758	-48.751	-13.814	0.533	-0.84	0.732867132867133	-0.5585935546029872	0.6621826008718018	0	1	No-PER3D	No-Essential3D
759	E	759	-47.453	-10.819	-1.391	-0.52	0.73015873015873	-0.5585935546029872	0.5405460038003737	7.472883645866885	0.17197884807824693	No-PER3D	No-Essential3D
760	D	760	-48.13	-12.144	-4.867	0.12	0.666666666666667	-0.5170634272131494	0.5276565725381215	5.97447435706682	0.20322492928284133	No-PER3D	No-Essential3D
761	R	761	-49.679	-15.236	-6.348	-1.16	0.663841807909605	-0.46999594950466644	0.5456395354190191	5.97447435706682	0.20322492928284133	No-PER3D	No-Essential3D
762	K	762	-46.311	-16.145	-7.76	-0.2	0.664705882352941	-0.27881164376618495	0.49838592741792226	4.969094173467189	0.2334822104493157	No-PER3D	No-Essential3D
763	V	763	-43.707	-15.75	-5.025	-0.52	0.668711656441718	0.3081221474458023	0.50548568747492	4.969094173467189	0.2334822104493157	No-PER3D	No-Essential3D
764	Y	764	-41.429	-17.82	-2.746	1.08	0.673076923076923	0.9918645346176251	0.5202150244329514	3.6981625331912276	0.2911306576301243	No-PER3D	No-Essential3D
765	T	765	-40.762	-17.244	0.948	-1.16	0.67	0.8725985277545013	0.5637908289631318	4.969094173467189	0.2334822104493157	No-PER3D	No-Essential3D
766	Y	766	-37.531	-18.547	2.191	1.72	0.671328671328671	1.5370805659919065	0.46921084060002555	0	1	No-PER3D	No-Essential3D
