Uniprot_position	aminoacid	Position_in_structure	x	y	z	paraz	mtr	paraz3dscore	mtr3dscore	PER3D_OR	PER3D_pvalue	PER3D	Essential3D
1	M	1	3.94	-21.659	164.115	-3.16	0.89238845144357	-2.0603280463547944	0.2962170606818364	0	1	No-PER3D	No-Essential3D
2	A	2	0.933	-23.535	165.36	-0.1	0.890547263681592	-2.806708003974589	0.5209576757027621	0	1	No-PER3D	No-Essential3D
3	R	3	-1.361	-21.706	167.671	-0.1	0.884160756501182	-2.806708003974589	0.5209576757027621	0	1	No-PER3D	No-Essential3D
4	L	4	-0.042	-24.035	170.27	-0.87	0.882882882882883	-2.608688831544848	0.7533441878752394	0	1	No-PER3D	No-Essential3D
5	T	5	3.135	-22.088	170.741	0.28	0.721407624633431	-2.7702466476598087	0.47445016619809666	0	1	No-PER3D	No-Essential3D
6	K	6	4.781	-19.992	173.381	-1.25	0.729545454545455	-2.7702466476598087	0.47445016619809666	0	1	No-PER3D	No-Essential3D
7	R	7	4.612	-16.245	173.622	-1.25	0.774305555555556	-2.0603280463547944	0.2962170606818364	0	1	No-PER3D	No-Essential3D
8	R	8	7.45	-14.379	172.038	-1.63	0.710769230769231	-2.269512513867265	-0.006676074461694733	0	1	No-PER3D	No-Essential3D
9	Q	9	8.037	-12.056	169.171	-0.1	0.656593406593407	-1.7083473116822294	-0.39922711957941165	0	1	No-PER3D	No-Essential3D
10	A	10	6.008	-13.368	166.337	-1.63	0.653439153439154	-1.5200138596430732	-0.22942249653598729	0	1	No-PER3D	No-Essential3D
11	D	11	6.93	-12.781	162.767	0.28	0.653061224489796	-1.296544918791492	-0.6164696108708739	0	1	No-PER3D	No-Essential3D
12	T	12	3.277	-13.318	162.097	-0.87	0.655940594059406	-1.4646438247435614	-0.40652002633640283	0	1	No-PER3D	No-Essential3D
13	K	13	2.335	-10.289	164.086	1.05	0.652380952380952	-1.3432315259956518	-0.66375011943207	0	1	No-PER3D	No-Essential3D
14	A	14	5.035	-8.302	162.369	-0.48	0.613716454323665	-0.6180795768717811	-0.8822092476113352	0	1	No-PER3D	No-Essential3D
15	I	15	3.909	-9.135	158.874	-1.25	0.610718954248366	-0.5652297284346821	-0.9244641510305488	0	1	No-PER3D	No-Essential3D
16	Q	16	0.375	-8.208	159.915	1.05	0.61319073083779	-0.6680712537015324	-0.9003330608423662	0	1	No-PER3D	No-Essential3D
17	H	17	1.532	-4.895	161.311	-0.87	0.578898225957049	-0.29741417012445076	-1.014800034599847	0	1	No-PER3D	No-Essential3D
18	L	18	2.935	-4.27	157.866	0.28	0.615236258437801	-0.17816257909695918	-1.1104010033198248	0	1	No-PER3D	No-Essential3D
19	W	19	-0.54	-4.749	156.511	-0.87	0.521115537848606	-0.5886349868844021	-1.0739387835036889	25.469208782207563	0.08077468115257443	No-PER3D	No-Essential3D
20	A	20	-1.836	-2.57	159.308	-1.63	0.519844357976654	-0.24085305339312355	-1.1746390270364935	31.4154617548498	0.06754841757203583	No-PER3D	No-Essential3D
21	A	21	0.554	0.208	158.43	0.67	0.530959752321981	-0.16115826631971217	-1.3768635455949085	21.3709775520108	0.09390647142182329	No-PER3D	No-Essential3D
22	I	22	-0.775	0.338	154.903	0.28	0.485294117647059	-0.43986232168501377	-1.387076984977411	31.4154617548498	0.06754841757203583	No-PER3D	No-Essential3D
23	E	23	-4.35	0.246	156.117	0.28	0.433333333333333	-0.29018004100546607	-1.4101553213640412	40.800177574588886	0.05422768068020783	No-PER3D	No-Essential3D
24	I	24	-3.862	3.331	158.212	1.05	0.433333333333333	-0.6645005931437493	-1.4805767686627294	40.800177574588886	0.05422768068020783	No-PER3D	No-Essential3D
25	I	25	-2.156	5.012	155.305	-1.25	0.431013431013431	-0.2392094159935091	-1.5268136087527626	40.800177574588886	0.05422768068020783	No-PER3D	No-Essential3D
26	R	26	-5.053	4.322	152.953	-0.48	0.397858551704706	-0.6575973160653686	-1.6873528157070055	58.11223697535477	0.04081247047709022	PER3D	No-Essential3D
27	N	27	-7.263	5.923	155.51	-0.48	0.396083916083916	-0.3788869865492067	-1.7464732451257514	58.11223697535477	0.04081247047709022	PER3D	No-Essential3D
28	Q	28	-5.238	9.052	155.103	-0.1	0.42719614921781	-0.3790359976321388	-1.655852968309207	40.800177574588886	0.05422768068020783	No-PER3D	No-Essential3D
29	K	29	-2.416	9.718	152.652	1.05	0.347996089931574	-0.7964518035847978	-1.3648402168243488	21.3709775520108	0.09390647142182329	No-PER3D	No-Essential3D
30	Q	30	-3.316	6.818	150.362	-0.48	0.318996415770609	-0.8755905963228058	-1.5513396864467939	25.469208782207563	0.08077468115257443	No-PER3D	No-Essential3D
31	I	31	0.337	6.081	149.522	-0.87	0.316964285714286	-1.2461016869973243	-1.3435476085626588	21.3709775520108	0.09390647142182329	No-PER3D	No-Essential3D
32	A	32	3.284	4.516	151.217	0.67	0.392916436081904	-1.0361356599197336	-1.287852155036593	21.3709775520108	0.09390647142182329	No-PER3D	No-Essential3D
33	N	33	6.906	4.387	150.279	0.28	0.392916436081904	-1.7146968394938353	-1.2515220455023437	0	1	No-PER3D	No-Essential3D
34	I	34	8.682	1.258	151.318	-0.48	0.395445709525132	-1.1755896425538643	-1.1864604295505385	0	1	No-PER3D	No-Essential3D
35	D	35	10.683	3.391	153.7	0.28	0.364850976361768	0.20741331610390135	-1.290074104652515	0	1	No-PER3D	No-Essential3D
36	R	36	7.503	4.962	154.994	1.05	0.428743961352657	0.29911344079175595	-1.408773900373202	0	1	No-PER3D	No-Essential3D
37	I	37	5.909	1.567	155.366	-0.87	0.458999484270242	-0.48736705492376076	-1.3338251291447027	18.368470001011957	0.10694378837978273	No-PER3D	No-Essential3D
38	T	38	8.71	0.41	157.602	-0.48	0.369134515119917	-0.46760652964826777	-1.179186010794968	0	1	No-PER3D	No-Essential3D
39	K	39	8.418	3.592	159.595	1.05	0.516788321167883	-0.03383692291168294	-1.2605207609630844	0	1	No-PER3D	No-Essential3D
40	Y	40	4.774	2.996	160.256	0.28	0.558869701726844	-0.002936539798931186	-1.2709632667803514	0	1	No-PER3D	No-Essential3D
41	M	41	5.447	-0.475	161.57	-0.48	0.555265901981231	-0.24745921140311242	-1.1630135767699128	0	1	No-PER3D	No-Essential3D
42	S	42	7.863	1.051	163.997	1.05	0.494704570791527	-0.11077741585141293	-1.1294666576097452	0	1	No-PER3D	No-Essential3D
43	R	43	5.33	3.535	165.242	-1.25	0.496503496503497	0.03531912067709526	-1.180837174250359	0	1	No-PER3D	No-Essential3D
44	V	44	2.455	1.099	165.391	-0.48	0.499719258843347	-0.1014283501296743	-1.1190955755204945	0	1	No-PER3D	No-Essential3D
45	H	45	4.212	-1.987	166.753	1.05	0.541362530413625	-0.3417997836861113	-0.9195812861609421	0	1	No-PER3D	No-Essential3D
46	G	46	7.187	-0.218	168.277	1.05	0.501549732318963	0.11493574228770545	-0.9847376934999577	0	1	No-PER3D	No-Essential3D
47	M	47	9.602	-2.893	167.114	-0.87	0.496503496503497	-0.30065616800986483	-0.9163192417501203	0	1	No-PER3D	No-Essential3D
48	H	48	13.127	-2.531	165.795	-1.63	0.541819291819292	-0.06773694427873109	-1.0530326841802427	0	1	No-PER3D	No-Essential3D
49	P	49	13.646	-1.157	162.357	1.05	0.547355473554736	0.07181323063570882	-1.175266955301863	0	1	No-PER3D	No-Essential3D
50	K	50	15.333	-4.308	161.195	-0.48	0.566666666666667	-0.16115826631971214	-1.1329288679975862	0	1	No-PER3D	No-Essential3D
51	E	51	12.211	-6.052	162.303	0.28	0.532342007434944	-0.4529814629588822	-0.8921849177086048	0	1	No-PER3D	No-Essential3D
52	T	52	10.09	-3.56	160.468	1.05	0.513777267508611	-0.2624199241294933	-1.0672988820058993	0	1	No-PER3D	No-Essential3D
53	T	53	12.146	-4.172	157.372	1.05	0.510437517872462	-0.6415190202169971	-1.100797430512863	0	1	No-PER3D	No-Essential3D
54	R	54	11.714	-7.915	157.703	-0.87	0.569296375266525	-0.8664214476863851	-0.9432838177290769	0	1	No-PER3D	No-Essential3D
55	Q	55	8.033	-7.348	158.336	-0.48	0.533333333333333	-0.5111492237597206	-0.9799982679686337	0	1	No-PER3D	No-Essential3D
56	L	56	7.543	-5.444	155.114	0.67	0.538403041825095	-0.15884728741950238	-1.0596120007920427	0	1	No-PER3D	No-Essential3D
57	S	57	9.619	-7.948	153.199	-1.25	0.534848484848485	-0.6241492949832145	-1.0228050903638388	0	1	No-PER3D	No-Essential3D
58	L	58	7.818	-10.879	154.709	-0.87	0.536882129277567	-0.49332749824104394	-0.8901195362007621	0	1	No-PER3D	No-Essential3D
59	A	59	4.515	-9.264	153.894	-1.25	0.503326996197719	-0.6020423719584	-0.9659228575080261	0	1	No-PER3D	No-Essential3D
60	V	60	5.405	-8.788	150.261	-1.25	0.504752851711027	-0.9007734693383272	-0.9799566270034927	0	1	No-PER3D	No-Essential3D
61	K	61	6.717	-12.322	149.907	1.05	0.553698752228164	-0.9013384696944448	-0.9257134265753324	0	1	No-PER3D	No-Essential3D
62	D	62	3.507	-13.669	151.38	-0.87	0.556353839245622	-0.798621404952289	-0.8529044054983191	0	1	No-PER3D	No-Essential3D
63	G	63	1.374	-11.625	149.067	1.05	0.552672780138671	-0.6420033062365265	-0.9135595645114836	0	1	No-PER3D	No-Essential3D
64	L	64	-0.243	-10.005	152.056	1.05	0.519991582491583	-0.9245526147610102	-0.9280217187004011	0	1	No-PER3D	No-Essential3D
65	I	65	1.144	-6.797	150.681	0.67	0.517045454545455	-0.6208809852309042	-1.0600594029629014	0	1	No-PER3D	No-Essential3D
66	V	66	1.927	-5.946	147.12	-0.48	0.589776087874947	-1.5094016790412146	-1.0963616813510877	0	1	No-PER3D	No-Essential3D
67	E	67	4.605	-3.612	145.894	-0.87	0.58808618504436	-2.207777493137746	-1.1737469351131842	0	1	No-PER3D	No-Essential3D
68	T	68	4.966	-2.028	142.504	0.67	0.585576923076923	-3.0658548339804685	-1.016659874609171	0	1	No-PER3D	No-Essential3D
69	L	69	8.535	-1.676	141.356	-3.16	0.630090791180285	-3.03873481688683	-0.6362963080079986	0	1	No-PER3D	No-Essential3D
70	T	70	7.598	-0.182	138.045	-3.16	0.515295515295515	-2.870590710906271	-0.3676313460454801	0	1	No-PER3D	No-Essential3D
71	V	71	8.442	3.06	138.975	-3.16	0.515295515295515	-2.2481863186072673	-0.44427496551424217	0	1	No-PER3D	No-Essential3D
72	G	72	6.043	3.297	141.826	-3.16	0.516780516780517	-2.325704367466584	-0.6576246541722521	0	1	No-PER3D	No-Essential3D
73	C	73	2.453	3.979	142.686	-3.16	0.555555555555556	-2.4138896230493985	-0.8040053562044845	0	1	No-PER3D	No-Essential3D
74	K	74	0.352	7.08	142.213	-0.87	0.550254452926209	-2.1252833320510964	-0.9476527944356268	0	1	No-PER3D	No-Essential3D
75	G	75	1.437	10.108	144.12	-1.25	0.546577946768061	-1.8635340761624946	-0.9839286298596602	0	1	No-PER3D	No-Essential3D
76	S	76	-0.194	13.391	144.877	-0.87	0.5079271873165	-1.3087632001768363	-0.9329420250335984	0	1	No-PER3D	No-Essential3D
77	K	77	0.977	16.434	146.747	-0.48	0.544507575757576	-1.2894937143471459	-0.9296272930946494	0	1	No-PER3D	No-Essential3D
78	A	78	-1.154	17.428	149.667	-0.1	0.544507575757576	-1.499152308032582	-1.1626130385531832	0	1	No-PER3D	No-Essential3D
79	G	79	-0.021	19.366	152.668	-1.63	0.599827139152982	-0.8420134323021105	-1.04589798369732	0	1	No-PER3D	No-Essential3D
80	I	80	3.696	19.477	153.136	0.67	0.59536745782099	-1.303053722893965	-0.8611117584099348	0	1	No-PER3D	No-Essential3D
81	E	81	5.179	16.228	151.969	-0.1	0.580808080808081	-0.9342214904204814	-1.009744495793461	0	1	No-PER3D	No-Essential3D
82	Q	82	6.422	15.116	148.641	-0.87	0.639405204460967	-0.9919711738786998	-0.9599800189353584	0	1	No-PER3D	No-Essential3D
83	E	83	7.757	11.928	147.251	-1.63	0.698100407055631	-1.1354027081332907	-1.0644090828788821	0	1	No-PER3D	No-Essential3D
84	G	84	8.49	11.7	143.582	-0.48	0.692929292929293	-2.1837405937768577	-0.8000584080382265	0	1	No-PER3D	No-Essential3D
85	Y	85	6.989	13.716	140.781	0.28	0.6309963099631	-2.586169531636737	-0.5647868323350226	0	1	No-PER3D	No-Essential3D
86	W	86	3.819	12.304	139.474	0.67	0.699056990569906	-2.7331826242985024	-0.5527090196552513	0	1	No-PER3D	No-Essential3D
87	L	87	4.936	11.093	136.126	1.05	0.693935693935694	-2.9099147356920465	-0.4466407833977023	0	1	No-PER3D	No-Essential3D
88	P	88	4.309	7.919	134.319	-0.1	0.696486928104575	-2.593966536551158	-0.34376149594718625	0	1	No-PER3D	No-Essential3D
89	G	89	7.189	5.732	133.29	-0.48	0.696486928104575	-2.5844745305683845	-0.2882523666272277	0	1	No-PER3D	No-Essential3D
90	D	90	8.603	2.272	133.647	1.05	0.78125	-2.843809694026303	-0.2423718150783111	0	1	No-PER3D	No-Essential3D
91	E	91	11.018	1.12	136.313	-1.25	0.776098901098901	-2.843809694026303	-0.2423718150783111	0	1	No-PER3D	No-Essential3D
92	I	92	14.413	2.677	136.286	0.28	0.827838827838828	-2.974809062308968	-0.14140975201594433	0	1	No-PER3D	No-Essential3D
93	D	93	16.07	-0.003	134.264	1.05	0.707482993197279	-2.604814543388614	0.04633337156834756	0	1	No-PER3D	No-Essential3D
94	W	94	19.041	0.47	132.02	-0.87	0.620879120879121	-0.2435650551024874	0.6186589813651611	0	1	No-PER3D	No-Essential3D
95	E	95	18.573	3.307	129.566	-1.63	0.745054945054945	-0.03564492405125886	0.6462844722717103	0	1	No-PER3D	No-Essential3D
96	T	96	18.787	1.034	126.615	-0.1	0.739636363636364	0.557896021483801	1.1365370425676375	0	1	No-PER3D	No-Essential3D
97	E	97	15.92	-1.391	126.702	-0.1	0.741304347826087	0.16428193880394992	0.9700420102786764	0	1	No-PER3D	No-Essential3D
98	N	98	16.33	-4.509	124.557	-0.1	0.823671497584541	0.3512673198179839	1.1001207217676565	0	1	No-PER3D	No-Essential3D
99	H	99	19.957	-3.842	123.884	-1.25	0.817745803357314	0.8830554810888955	1.1313268590950334	0	1	No-PER3D	No-Essential3D
100	D	100	22.719	-6.305	124.569	1.05	0.817745803357314	0.577615154791813	1.230066170922579	0	1	No-PER3D	No-Essential3D
101	W	101	25.07	-6.159	127.558	0.28	0.820697954271962	0.49120660802115856	1.1580665074602405	0	1	No-PER3D	No-Essential3D
102	Y	102	28.065	-7.427	125.606	1.05	0.821256038647343	0.8468239958017422	1.4598454925049602	0	1	No-PER3D	No-Essential3D
103	C	103	30.219	-5.556	123.128	1.05	0.820697954271962	1.0814988911911392	1.6179646091522792	0	1	No-PER3D	No-Essential3D
104	F	104	29.91	-6.957	119.656	0.28	0.826086956521739	1.0526470722396695	1.5673741321485875	0	1	No-PER3D	No-Essential3D
105	E	105	33.597	-6.899	118.907	-1.63	0.820143884892086	0.6599189429312984	1.660445395830411	0	1	No-PER3D	No-Essential3D
106	C	106	35.224	-7.865	122.225	1.05	0.819593787335723	1.3147416113025099	1.734452764677675	0	1	No-PER3D	No-Essential3D
107	H	107	32.167	-9.571	123.656	1.05	0.989928057553957	1.3307785254352806	1.4452812094678105	0	1	No-PER3D	No-Essential3D
108	L	108	32.983	-8.033	127.02	-1.25	0.992805755395683	1.147319586272432	1.4050132226675163	0	1	No-PER3D	No-Essential3D
109	P	109	30.829	-6.045	129.324	-1.25	0.985714285714286	1.235681210593862	1.4233847157251098	0	1	No-PER3D	No-Essential3D
110	G	110	31.543	-2.444	130.215	1.05	0.917553191489362	1.437424004418206	1.6722040275932915	0	1	No-PER3D	No-Essential3D
111	E	111	30.38	0.97	129.214	-0.1	0.917553191489362	1.021131742030855	1.604842766102492	0	1	No-PER3D	No-Essential3D
112	V	112	28.875	0.316	125.857	1.05	0.920212765957447	0.15485265056405645	1.4986948373774078	0	1	No-PER3D	No-Essential3D
113	L	113	27.353	2.487	123.202	1.05	0.985053380782918	0.3651750208916446	1.6435872340180553	0	1	No-PER3D	No-Essential3D
114	I	114	24.033	1.33	121.857	-0.1	0.989247311827957	0.46121333506246426	1.3116197951283004	0	1	No-PER3D	No-Essential3D
115	C	115	23.046	1.547	118.259	1.05	0.991428571428571	0.40632917270506813	1.336884804007443	0	1	No-PER3D	No-Essential3D
116	D	116	19.662	3.008	117.579	0.28	1.03202846975089	0.40876175605649756	1.2470716589549595	0	1	No-PER3D	No-Essential3D
117	L	117	18.873	0.663	114.726	1.05	1.02473498233216	0.20623418492591708	0.91585669347008	0	1	No-PER3D	No-Essential3D
118	C	118	19.639	-2.663	116.324	1.05	1.02406103286385	0.8242404179310395	1.0439507029039432	0	1	No-PER3D	No-Essential3D
119	F	119	20.353	-4.537	119.548	-0.87	1.03132387706856	1.004407731489778	1.1707711711034439	0	1	No-PER3D	No-Essential3D
120	R	120	24.149	-4.437	119.172	1.05	1.02906287069988	1.1088197973002862	1.1815293354381542	0	1	No-PER3D	No-Essential3D
121	V	121	26.318	-2.466	121.583	1.05	1.0297619047619	0.712172162679481	1.4334952806954626	0	1	No-PER3D	No-Essential3D
122	Y	122	29.958	-1.458	121.246	1.05	1.0327380952381	0.02026403426485743	1.6234231596938142	0	1	No-PER3D	No-Essential3D
123	H	123	32.723	-0.164	123.453	1.05	1.03869047619048	0.20549722793967687	1.713089983343486	0	1	No-PER3D	No-Essential3D
124	S	124	33.891	3.216	122.275	-0.1	1.25448028673835	-0.07059961274972631	1.8346235673988558	0	1	No-PER3D	No-Essential3D
125	K	125	37.437	2.007	121.94	1.05	1.25539568345324	-0.1418239000663527	1.8691993768608028	0	1	No-PER3D	No-Essential3D
126	C	126	36.391	-1.093	120.103	1.05	1.2589928057554	-0.09829911738810068	1.70589910675569	0	1	No-PER3D	No-Essential3D
127	L	127	35.236	0.869	117.117	1.05	1.07834101382488	-0.28664264747151325	1.7153265197633614	0	1	No-PER3D	No-Essential3D
128	S	128	38.159	1.688	114.908	-3.16	1.0521582733813	-1.2662479854097415	2.0287089254751405	0	1	No-PER3D	No-Essential3D
129	D	129	37.073	5.228	114.278	-3.16	1.00645161290323	-0.7470933724743759	2.1222955033589757	0	1	No-PER3D	No-Essential3D
130	E	130	35.51	4.905	117.661	-3.16	1	-0.32673310752297896	2.024686849872953	0	1	No-PER3D	No-Essential3D
131	F	131	32.059	6.129	118.374	-3.16	0.99290780141844	-0.2634530676378224	1.9310813921900034	0	1	No-PER3D	No-Essential3D
132	R	132	31.901	9.883	118.745	1.05	1.03356890459364	-0.8037988627610745	2.024570982625549	0	1	No-PER3D	No-Essential3D
133	L	133	33.893	11.299	121.604	1.05	1.03356890459364	-1.1209621795509639	2.2112811156193843	0	1	No-PER3D	No-Essential3D
134	R	134	30.691	12.859	122.626	-0.87	1.02923976608187	-1.1799705683920674	1.9449596522440942	0	1	No-PER3D	No-Essential3D
135	D	135	28.764	9.672	122.934	0.28	1.05563909774436	-0.18209301635690686	1.9188145953045443	0	1	No-PER3D	No-Essential3D
136	S	136	25.755	11.428	121.692	-0.48	1.05563909774436	-0.3165631011128644	1.8965016866232218	0	1	No-PER3D	No-Essential3D
137	S	137	25.619	11.651	117.943	-0.87	1.05633802816901	-0.6250532955530025	1.734232922137793	0	1	No-PER3D	No-Essential3D
138	S	138	22.535	11.45	115.969	-0.1	0.911458333333333	-0.3122690984063717	1.7243047462836136	0	1	No-PER3D	No-Essential3D
139	P	139	21.262	9.194	116.203	-0.87	0.917247386759582	0.046565951295339414	1.7397316832595542	0	1	No-PER3D	No-Essential3D
140	W	140	24.143	6.706	115.829	1.05	0.923684210526316	0.0355903208480316	1.4822372710096428	0	1	No-PER3D	No-Essential3D
141	Q	141	24.272	3.694	113.588	-0.48	0.918421052631579	0.3241473027243454	1.2219867784829759	0	1	No-PER3D	No-Essential3D
142	C	142	26.524	0.745	114.247	1.05	0.816374269005848	-0.26420640144597896	1.3372042296546411	0	1	No-PER3D	No-Essential3D
143	P	143	28.871	-0.744	111.798	1.05	0.818713450292398	-0.5640332570923158	1.1013179541955926	0	1	No-PER3D	No-Essential3D
144	V	144	26.699	-3.725	111.049	-1.63	0.767543859649123	0.3418342703941097	0.7548938113081033	0	1	No-PER3D	No-Essential3D
145	C	145	23.777	-1.488	110.272	1.05	0.611888111888112	0.21308437557896862	0.6087434076270087	0	1	No-PER3D	No-Essential3D
146	R	146	25.992	0.655	108.112	-0.1	0.547368421052632	0.0029892055628367147	0.2257362419533682	0	1	No-PER3D	No-Essential3D
147	S	147	27.32	-2.287	106.155	-1.25	0.464788732394366	-0.779428777470637	-0.32978449623797707	0	1	No-PER3D	No-Essential3D
148	I	148	23.992	-3.906	105.595	1.05	0.552425665101722	-0.5993606477800818	0.2028751604311066	0	1	No-PER3D	No-Essential3D
149	K	149	22.397	-0.685	104.477	-0.87	0.546651180797522	-0.8719881880371846	-0.22501254471246002	0	1	No-PER3D	No-Essential3D
150	K	150	25.115	0.133	102.017	-1.25	0.547008547008547	-1.0734375781678258	-0.5593949234476322	0	1	No-PER3D	No-Essential3D
151	K	151	24.61	-3.223	100.397	-1.25	0.547008547008547	-1.4198784119127157	-0.6612155903650622	0	1	No-PER3D	No-Essential3D
152	N	152	21.002	-2.397	99.971	-0.48	0.617543859649123	-0.9756763736921861	-0.6905076036625092	0	1	No-PER3D	No-Essential3D
153	T	153	21.022	1.058	98.509	-0.1	0.676056338028169	-1.21265366591517	-0.5575889650511326	0	1	No-PER3D	No-Essential3D
154	N	154	17.497	0.966	99.362	-0.87	0.673684210526316	-1.2204022422276382	-0.14432227030339695	0	1	No-PER3D	No-Essential3D
155	K	155	17.306	4.086	101.408	-0.48	0.614982578397212	-1.086093586144857	-0.20977864342957406	0	1	No-PER3D	No-Essential3D
156	Q	156	18.281	6.067	98.368	-0.1	0.562998405103668	-1.1834791020720135	-0.15764665197103728	0	1	No-PER3D	No-Essential3D
157	E	157	15.854	4.056	96.279	-0.1	0.619298245614035	-0.8555734408489297	0.2742750351532996	0	1	No-PER3D	No-Essential3D
158	M	158	13.066	4.613	98.758	0.28	0.676056338028169	-0.6940860663368096	0.17428788015960064	0	1	No-PER3D	No-Essential3D
159	G	159	13.562	8.343	98.648	-0.1	0.763250883392226	-0.6763876136231038	0.11451862541704981	0	1	No-PER3D	No-Essential3D
160	T	160	13.323	8.586	94.893	-0.48	0.763250883392226	-0.6605179332908374	0.46335725414024237	0	1	No-PER3D	No-Essential3D
161	Y	161	10.386	6.243	94.59	-0.48	0.765425387333515	-0.2649597352541356	0.5700653998646004	0	1	No-PER3D	No-Essential3D
162	L	162	8.401	7.866	97.344	1.05	0.76489707475623	-0.25924841382485514	0.1915760031414898	0	1	No-PER3D	No-Essential3D
163	R	163	8.949	11.234	95.777	0.28	0.724561403508772	0.05952168138641807	0.3369565981098448	0	1	No-PER3D	No-Essential3D
164	F	164	7.483	9.945	92.543	1.05	0.759548144163529	0.17498720870933354	0.6200529281347292	0	1	No-PER3D	No-Essential3D
165	I	165	4.423	8.69	94.4	-0.48	0.754273504273504	0.1905812185381757	0.4964116318183345	0	0.9999999999999999	No-PER3D	No-Essential3D
166	V	166	3.936	11.768	96.539	0.28	0.719512195121951	0.18048450947155756	0.22114480212039772	0	1	No-PER3D	No-Essential3D
167	S	167	4.257	13.996	93.509	-0.1	0.714532871972318	0.03559032084803161	0.43854019648841736	0	1	No-PER3D	No-Essential3D
168	R	168	1.516	12.071	91.773	0.28	0.754757437684267	0.051817131075725324	0.5171327579931859	0	1	No-PER3D	No-Essential3D
169	M	169	-0.456	12.024	95.028	1.05	0.817653890824623	0.6580625131897695	0.4260253251081701	0	1	No-PER3D	No-Essential3D
170	K	170	-0.132	15.762	95.419	1.05	0.756901634950415	0.58128524257514	0.36175927622360715	0	0.9999999999999999	No-PER3D	No-Essential3D
171	E	171	-2.337	16.965	92.561	-0.1	0.745263157894737	0.08006714888159876	0.48340084566664077	0	1	No-PER3D	No-Essential3D
172	R	172	-5.369	14.836	93.085	-1.25	0.78125	0.2980703632112314	0.48612248899390664	0	0.9999999999999999	No-PER3D	No-Essential3D
173	A	173	-5.291	16.12	96.659	0.67	0.808823529411765	-0.023763773705474358	0.18716522976116376	0	1	No-PER3D	No-Essential3D
174	I	174	-6.294	19.669	95.889	-0.87	0.790593505039194	0.0443180354399844	0.4866848591513851	0	1	No-PER3D	No-Essential3D
175	D	175	-9.712	19.272	94.508	1.05	0.819464285714286	-0.27520507504506564	0.40682959167127714	0	1	No-PER3D	No-Essential3D
176	L	176	-10.923	17.573	97.633	-0.1	0.868138087153367	-0.532644348419123	0.10320324414423837	0	1	No-PER3D	No-Essential3D
177	N	177	-13.706	19.917	96.844	0.28	0.867481203007519	-1.0006655322998956	0.2348382664266942	0	1	No-PER3D	No-Essential3D
178	K	178	-13.491	23.045	94.775	1.05	0.829390681003584	-0.8981906105675046	0.41485267865960046	0	1	No-PER3D	No-Essential3D
179	K	179	-12.199	24.865	97.777	-1.63	0.814645308924485	-0.9843935220437126	0.5575970244278273	0	1	No-PER3D	No-Essential3D
180	G	180	-10.333	21.843	98.977	-0.1	0.814645308924485	-0.7064133468339179	0.30369433887928676	0	1	No-PER3D	No-Essential3D
181	K	181	-11.589	23.144	102.282	-1.63	0.811704351130534	-0.7674333852946046	0.2905526297435005	0	1	No-PER3D	No-Essential3D
182	D	182	-9.306	21.178	104.5	-1.63	0.770503597122302	0.020611726791699002	0.12798300830041362	0	0.9999999999999999	No-PER3D	No-Essential3D
183	N	183	-9.448	19.301	107.775	-0.48	0.78989588667008	-0.3462256198090315	-0.10908855597980663	0	1	No-PER3D	No-Essential3D
184	K	184	-8.502	22.624	109.344	-0.48	0.773913043478261	-0.5342012382893134	0.15219192649987254	0	1	No-PER3D	No-Essential3D
185	H	185	-11.72	22.981	111.357	1.05	0.779480763215515	-0.9324134892809054	0.19182199573179945	0	1	No-PER3D	No-Essential3D
186	P	186	-11.714	23.325	115.1	1.05	0.776686925354527	-0.6386133040998216	0.4301121496243979	0	1	No-PER3D	No-Essential3D
187	M	187	-13.663	20.054	115.15	-1.25	0.845238095238095	-0.3131730989761596	0.07170412642770066	0	1	No-PER3D	No-Essential3D
188	Y	188	-10.705	18.38	113.525	1.05	0.826863354037267	-0.5269046622617393	-0.0337987847985947	0	1	No-PER3D	No-Essential3D
189	R	189	-9	18.295	116.896	-1.63	0.821599876218475	-0.3171613367840476	0.20845387538732615	0	1	No-PER3D	No-Essential3D
190	R	190	-12.099	16.777	118.415	-0.1	0.783830078794108	-0.3131730989761596	0.19563248844425546	0	1	No-PER3D	No-Essential3D
191	L	191	-12.872	14.028	115.927	-0.48	0.814545454545455	-0.032287207649189305	-0.23112867841290002	0	1	No-PER3D	No-Essential3D
192	V	192	-9.475	13.008	114.617	0.28	0.813899868247694	0.07898234819785327	-0.4339531613736742	0	1	No-PER3D	No-Essential3D
193	H	193	-6.987	11.119	116.746	-0.48	0.812231404958678	-0.3171613367840476	-0.38258767838474533	0	1	No-PER3D	No-Essential3D
194	S	194	-3.818	11.582	114.701	-1.63	0.82703213610586	0.28346727708388764	-0.6504469872885732	0	1	No-PER3D	No-Essential3D
195	A	195	-3.12	14.427	112.321	-0.48	0.769691241335854	0.35327620997306824	-0.46458749566835467	0	1	No-PER3D	No-Essential3D
196	V	196	-1.521	14.169	108.916	-0.1	0.769691241335854	0.1595568541560565	-0.4002804318193128	0	1	No-PER3D	No-Essential3D
197	D	197	-1.678	15.871	105.525	1.05	0.764715115366505	0.3381748977727791	-0.3033437494544242	0	1	No-PER3D	No-Essential3D
198	V	198	0.199	15.644	102.233	0.28	0.770276679841897	0.21411751908729768	-0.045102580578557976	0	1	No-PER3D	No-Essential3D
199	P	199	2.695	18.292	103.167	-0.1	0.747200263504611	0.4774343558623021	0.06988291870787447	0	1	No-PER3D	No-Essential3D
200	T	200	3.609	16.412	106.319	1.05	0.742424242424242	0.5604788802546238	-0.07787269113516006	0	1	No-PER3D	No-Essential3D
201	I	201	4.024	13.238	104.333	0.67	0.769691241335854	0.17244470710680498	-0.25086032330615965	0	1	No-PER3D	No-Essential3D
202	Q	202	6.116	14.981	101.741	-0.1	0.785627705627706	0.4793860212603451	0.10562129076367438	0	1	No-PER3D	No-Essential3D
203	E	203	8.365	16.384	104.417	-0.48	0.767032967032967	0.11364431290229406	0.2146796884244524	0	1	No-PER3D	No-Essential3D
204	K	204	8.76	12.976	106	-0.87	0.7870028700287	-0.06074832448921655	-0.021125919074486094	0	1	No-PER3D	No-Essential3D
205	V	205	9.789	11.607	102.641	-0.1	0.786356209150327	-0.44260954419579795	-0.021103406998049964	0	1	No-PER3D	No-Essential3D
206	N	206	12.533	14.153	102.137	-0.87	0.714869281045752	-0.19938694030067633	0.1659804986581998	0	1	No-PER3D	No-Essential3D
207	E	207	13.763	13.929	105.722	-0.48	0.677244582043344	-0.49547988055006287	0.13101431386985601	0	1	No-PER3D	No-Essential3D
208	G	208	14.039	10.181	105.316	-1.25	0.722841800908715	-0.8778118548657132	0.009829288241892149	0	1	No-PER3D	No-Essential3D
209	K	209	11.636	9.575	108.152	-0.48	0.724279835390947	-0.5269046622617393	-0.037539833501198244	0	1	No-PER3D	No-Essential3D
210	Y	210	10.06	6.444	106.717	1.05	0.721607216072161	-0.3799686966327137	-0.19075556832619373	0	1	No-PER3D	No-Essential3D
211	R	211	11.813	3.223	107.646	-1.63	0.720164609053498	-0.6164241992050266	-0.1811742653566679	0	1	No-PER3D	No-Essential3D
212	S	212	9.792	1.224	105.177	-0.48	0.680311890838207	-0.4705871112370614	-0.2641062875262625	0	1	No-PER3D	No-Essential3D
213	Y	213	7.106	1.398	102.521	-0.48	0.718106995884774	-0.23602132620977417	-0.04708878267665987	0	1	No-PER3D	No-Essential3D
214	E	214	4.641	0.06	105.045	1.05	0.608278867102397	0.0029892055628367147	-0.3248459748745257	0	1	No-PER3D	No-Essential3D
215	E	215	5.208	3.072	107.272	-1.63	0.549009384775808	-0.13172727032586384	-0.5041201055601534	0	1	No-PER3D	No-Essential3D
216	F	216	4.587	5.317	104.297	1.05	0.545454545454545	-0.20120617126099488	-0.20184938553477647	0	1	No-PER3D	No-Essential3D
217	K	217	1.455	3.376	103.482	-0.87	0.541925465838509	0.21024323093106362	-0.26235318764043064	0	1	No-PER3D	No-Essential3D
218	A	218	0.268	3.688	107.055	1.05	0.391914654688377	-0.0937475061276298	-0.7143557472594826	0	1	No-PER3D	No-Essential3D
219	D	219	0.421	7.438	106.907	1.05	0.38907469342252	0.17329220764098116	-0.43861089124416014	0	1	No-PER3D	No-Essential3D
220	A	220	-1.52	7.373	103.649	1.05	0.387670091641211	0.529581432208657	-0.2621006908896288	0	1	No-PER3D	No-Essential3D
221	Q	221	-4.119	5.173	105.302	-0.48	0.387670091641211	0.31329929588689	-0.5472298529627864	0	1	No-PER3D	No-Essential3D
222	L	222	-4.253	7.432	108.336	-0.48	0.314981949458484	0.5400643618929288	-0.7728565141833885	0	1	No-PER3D	No-Essential3D
223	L	223	-4.919	10.393	106.076	0.67	0.385993934381031	0.48686740528617645	-0.49806039621986486	0	1	No-PER3D	No-Essential3D
224	L	224	-7.836	8.518	104.587	1.05	0.362042289840124	0.31371652691909974	-0.47474077075200094	0	1	No-PER3D	No-Essential3D
225	H	225	-9.08	7.541	108.021	1.05	0.36231884057971	0.42650349627130363	-0.7160608312745436	0	1	No-PER3D	No-Essential3D
226	N	226	-9.121	11.125	109.243	1.05	0.419975932611312	0.03157984559297237	-0.5440338596704364	0	1	No-PER3D	No-Essential3D
227	T	227	-10.967	12.341	106.199	-0.1	0.419975932611312	0.0026758805899962353	-0.40226337637344356	0	1	No-PER3D	No-Essential3D
228	V	228	-13.647	9.744	106.619	0.28	0.422705314009662	0.3151072970264659	-0.8148405790341021	0	1	No-PER3D	No-Essential3D
229	I	229	-14.015	10.397	110.329	1.05	0.419975932611312	-0.18510635158953326	-0.618348882080676	0	1	No-PER3D	No-Essential3D
230	F	230	-14.161	14.136	109.938	0.28	0.472122302158273	-0.17626075461633933	-0.4466094125677481	0	1	No-PER3D	No-Essential3D
231	Y	231	-16.374	14.295	106.826	-0.48	0.503225806451613	-0.019996362463895002	-0.41773643491453777	0	1	No-PER3D	No-Essential3D
232	G	232	-18.353	11.091	107.199	1.05	0.502857142857143	0.3327115186486523	-0.9902442542374483	0	1	No-PER3D	No-Essential3D
233	A	233	-18.035	7.819	105.312	0.67	0.502857142857143	0.5510990247184782	-1.0132542857317761	0	1	No-PER3D	No-Essential3D
234	D	234	-20.763	8.841	102.884	-0.1	0.502491103202847	0.14108718734228543	-0.8338952295115855	0	1	No-PER3D	No-Essential3D
235	S	235	-19.164	12.166	102.103	-1.63	0.50752688172043	0.14033385353412878	-0.6283576418326436	0	1	No-PER3D	No-Essential3D
236	E	236	-17.801	13.235	98.772	-0.48	0.488006617038875	0.21437580496437994	-0.33097973663620917	0	1	No-PER3D	No-Essential3D
237	Q	237	-14.561	14.037	100.512	-0.48	0.532490974729242	-0.04277057560135209	-0.3562776268938789	0	1	No-PER3D	No-Essential3D
238	A	238	-14.357	10.433	101.596	-0.48	0.730273336771532	0.4296140358662729	-0.6030373194022597	0	1	No-PER3D	No-Essential3D
239	D	239	-14.93	9.252	98.055	-0.48	0.725590955806783	0.4439273782212488	-0.3521843442343816	0	1	No-PER3D	No-Essential3D
240	I	240	-12.081	11.361	96.76	1.05	0.781405644714997	0.03667512153177717	-0.09170614698244689	0	1	No-PER3D	No-Essential3D
241	A	241	-9.807	10.391	99.627	1.05	0.776399228012131	0.27982922601035076	-0.3953197639673152	0	0.9999999999999999	No-PER3D	No-Essential3D
242	R	242	-10.56	6.751	99.006	0.28	0.775824175824176	-0.05553293658659376	-0.5164761078433564	0	1	No-PER3D	No-Essential3D
243	M	243	-9.502	7.129	95.399	-0.1	0.773626373626374	0.04678349153940606	0.08238104668607274	0	1	No-PER3D	No-Essential3D
244	L	244	-6.365	8.917	96.518	0.28	0.771428571428571	0.29224140026124124	0.007330232186793822	0	0.9999999999999999	No-PER3D	No-Essential3D
245	Y	245	-5.454	6.11	98.871	-0.48	0.836930455635492	0.5697771718295856	-0.2660125483656997	0	1	No-PER3D	No-Essential3D
246	K	246	-6.138	3.518	96.203	1.05	0.836930455635492	0.13923809526771916	0.19613460244530156	0	1	No-PER3D	No-Essential3D
247	D	247	-3.913	5.296	93.718	-1.63	0.842995169082126	0.4355330872160749	0.2385922023990248	0	1	No-PER3D	No-Essential3D
248	T	248	-1.111	5.592	96.221	-0.1	0.778149386845039	0.7409391443739478	0.047069791323467	0	0.9999999999999999	No-PER3D	No-Essential3D
249	C	249	-1.323	1.904	97.101	-1.25	0.842995169082126	0.6944758120029954	0.06449533928220826	0	1	No-PER3D	No-Essential3D
250	H	250	-1.481	1.011	93.436	1.05	0.839951865222623	0.18990321811083472	0.7873508387213546	0	1	No-PER3D	No-Essential3D
251	E	251	1.816	2.75	92.873	1.05	0.839951865222623	0.20380222687132452	0.8381723780926335	0	1	No-PER3D	No-Essential3D
252	L	252	3.294	0.749	95.704	0.28	0.836930455635492	0.2046497274055007	0.5252119973930468	0	1	No-PER3D	No-Essential3D
253	D	253	2.03	-2.456	94.174	-0.1	0.862304954831645	0.18608176115673117	0.723312748481557	0	1	No-PER3D	No-Essential3D
254	E	254	3.534	-1.428	90.842	1.05	0.825059101654846	0.15941831000742995	0.7610191048677576	0	1	No-PER3D	No-Essential3D
255	L	255	6.86	-0.746	92.527	0.67	0.929464285714286	0.1401186153032269	0.9129290387397474	0	1	No-PER3D	No-Essential3D
256	Q	256	6.832	-4.165	94.105	-0.1	0.936151079136691	0.3125244382556432	0.8782810248361184	0	1	No-PER3D	No-Essential3D
257	L	257	5.999	-5.774	90.785	0.28	0.998561151079137	0.4416673767967789	0.6474923094775601	0	1	No-PER3D	No-Essential3D
258	C	258	9.238	-4.542	89.26	1.05	1.00143884892086	0.45106898272257356	0.9280863223378927	0	1	No-PER3D	No-Essential3D
259	K	259	11.354	-1.703	90.594	-1.63	1.00143884892086	0.0592055972711076	0.9918153083930216	0	1	No-PER3D	No-Essential3D
260	N	260	13.125	-1.108	87.325	-0.48	1.02419882275997	0.2873415652401217	1.040233900528337	0	1	No-PER3D	No-Essential3D
261	C	261	9.948	-0.735	85.347	1.05	1.02052785923754	0.44459208452256344	0.7700429135610608	0	1	No-PER3D	No-Essential3D
262	F	262	8.607	1.557	88.033	0.28	0.991428571428571	0.5899234702420026	0.8613908705553112	0	1	No-PER3D	No-Essential3D
263	Y	263	11.595	3.885	87.96	-0.48	0.998561151079137	0.22266594843847218	0.8899647150151224	0	1	No-PER3D	No-Essential3D
264	L	264	11.802	3.881	84.213	-0.48	0.917685950413223	0.4933762093886497	0.9421715952759618	0	1	No-PER3D	No-Essential3D
265	S	265	8.073	4.527	83.83	-0.1	0.905808992451592	0.480321194263574	0.5899410771706002	0	1	No-PER3D	No-Essential3D
266	N	266	8.253	7.544	86.125	-0.1	0.911060059074499	0.24387205212717536	0.8294329119862199	0	1	No-PER3D	No-Essential3D
267	A	267	11.619	8.991	85.092	-0.87	0.911060059074499	0.16713667744538555	0.7932174151650611	0	1	No-PER3D	No-Essential3D
268	R	268	10.916	8.382	81.405	0.28	0.832134292565947	0.5426141070897667	0.7779664369407623	0	1	No-PER3D	No-Essential3D
269	P	269	14.326	8.804	79.817	-1.25	0.688968538430904	0.36095304020856905	0.808062900087254	0	1	No-PER3D	No-Essential3D
270	D	270	14.455	8.37	76.009	1.05	0.693445243804956	0.2117929461935572	0.5235618702039221	0	1	No-PER3D	No-Essential3D
271	N	271	13.622	4.786	75.111	1.05	0.693445243804956	0.7026484108573002	0.08514125461529962	0	1	No-PER3D	No-Essential3D
272	W	272	12.637	4.095	78.689	1.05	0.697954271961492	0.7778860502525281	0.4466783282391565	0	1	No-PER3D	No-Essential3D
273	F	273	10.513	1.058	77.919	1.05	0.745714285714286	0.6039116895850374	0.09574678582004865	0	1	No-PER3D	No-Essential3D
274	C	274	13.27	-0.541	75.848	1.05	0.826762246117085	1.0519899236428059	0.013472914586303758	0	1	No-PER3D	No-Essential3D
275	Y	275	15.723	-1.163	78.689	-0.87	0.832134292565947	0.4961899111621146	0.3403452009444042	0	1	No-PER3D	No-Essential3D
276	P	276	15.867	-4.646	80.049	1.05	0.829151732377539	0.6234026637575979	0.4448923963742064	0	1	No-PER3D	No-Essential3D
277	C	277	14.973	-5.75	83.563	1.05	0.829151732377539	0.41906736255208016	0.7209144810217654	0	1	No-PER3D	No-Essential3D
278	I	278	16.256	-8.666	85.567	-1.25	0.829151732377539	-0.009041478711784883	1.158279335822755	0	1	No-PER3D	No-Essential3D
279	P	279	14.777	-11.015	85.279	-0.1	0.928825622775801	0.008877104010797691	0.8738719233084173	0	1	No-PER3D	No-Essential3D
280	N	280	13.746	-10.135	81.755	-0.1	0.928825622775801	0.5591874508692125	0.4665402518165115	0	1	No-PER3D	No-Essential3D
281	H	281	10.029	-9.909	81.206	1.05	0.826190476190476	0.8010855343710916	0.15595109508438598	0	1	No-PER3D	No-Essential3D
282	E	282	8.492	-12.429	78.891	-1.25	0.826190476190476	0.9592806062721375	-0.34112033885812915	0	1	No-PER3D	No-Essential3D
283	L	283	7.324	-10.859	75.667	1.05	0.788636363636364	1.3307785254352806	-0.4332946117180635	0	1	No-PER3D	No-Essential3D
284	V	284	4.031	-11.695	74.044	1.05	0.78755641521599	1.539617159739235	-0.5799862869406882	0	1	No-PER3D	No-Essential3D
285	W	285	1.536	-10.689	71.429	1.05	0.784773530356569	1.1262218082687043	-0.5568714070117377	0	1	No-PER3D	No-Essential3D
286	A	286	-1.795	-9.882	73.007	1.05	0.738947368421053	1.6722105914276448	-0.7076285294740234	0	1	No-PER3D	No-Essential3D
287	K	287	-5.134	-8.745	71.699	1.05	0.738947368421053	1.3080954229029174	-0.6685078908748129	0	1	No-PER3D	No-Essential3D
288	M	288	-7.825	-6.855	73.544	0.28	0.738947368421053	1.5246600594027433	-0.8568207658048425	0	1	No-PER3D	No-Essential3D
289	K	289	-11.415	-6.643	72.474	1.05	0.738947368421053	2.043556386461027	-0.6485544169700997	0	1	No-PER3D	No-Essential3D
290	G	290	-11.675	-4.22	69.61	1.05	0.733797909407666	1.0902877856196331	-0.33762598791087173	0	1	No-PER3D	No-Essential3D
291	F	291	-8.005	-4.531	68.807	1.05	0.611498257839721	1.368981645489787	-0.39110680585714325	0	1	No-PER3D	No-Essential3D
292	G	292	-5.723	-6.925	66.993	-0.48	0.492631578947368	1.6070420243712453	-0.2906326365979631	0	1	No-PER3D	No-Essential3D
293	F	293	-2.52	-8.313	68.455	1.05	0.493706293706294	1.5242080591178493	-0.35346865270001543	0	1	No-PER3D	No-Essential3D
294	W	294	0.008	-5.853	69.845	1.05	0.493706293706294	1.0198346977350723	-0.5387062372530944	0	1	No-PER3D	No-Essential3D
295	P	295	3.333	-6.65	71.453	1.05	0.548199767711963	0.7743395864787446	-0.4976750576643499	0	1	No-PER3D	No-Essential3D
296	A	296	3.586	-6.425	75.22	1.05	0.54783950617284	1.0835077813462235	-0.6132127124382498	0	1	No-PER3D	No-Essential3D
297	K	297	5.622	-7.24	78.316	1.05	0.545943867743176	1.3423806717855002	-0.4124583968814954	0	1	No-PER3D	No-Essential3D
298	V	298	4.198	-9.653	80.863	-0.1	0.494444444444445	1.2755468213065826	-0.4610192643356879	0	1	No-PER3D	No-Essential3D
299	M	299	4.185	-8.187	84.366	0.28	0.546296296296296	1.0252795093510587	-0.06230073017749509	0	1	No-PER3D	No-Essential3D
300	Q	300	2.587	-11.143	86.129	-0.1	0.489965397923876	1.1377478155335006	-0.6610769122655549	0	1	No-PER3D	No-Essential3D
301	K	301	0.306	-14.038	85.405	-0.87	0.448527082673424	0.6573360841604755	-1.0645320568386505	0	1	No-PER3D	No-Essential3D
302	E	302	-2.357	-16.453	86.666	-0.48	0.451674641148325	0.5194114257985426	-1.501803641186956	0	1	No-PER3D	No-Essential3D
303	D	303	-3.634	-19.591	85.03	1.05	0.451674641148325	0.312847295601996	-1.5298431529688323	0	1	No-PER3D	No-Essential3D
304	N	304	-6.52	-17.761	83.329	-0.48	0.36875	0.658627513545887	-1.3589601615642686	0	1	No-PER3D	No-Essential3D
305	Q	305	-5.04	-14.43	82.42	1.05	0.367474048442907	0.7567761468371501	-1.2143335930022645	0	1	No-PER3D	No-Essential3D
306	V	306	-1.887	-12.369	82.115	1.05	0.368512110726644	1.24283788177135	-0.9079137598734918	0	1	No-PER3D	No-Essential3D
307	D	307	-1.109	-8.823	83.209	1.05	0.443611371446423	1.1775803406397822	-0.8246772264393762	0	1	No-PER3D	No-Essential3D
308	V	308	0.74	-7.012	80.447	-0.1	0.444860980943455	1.4298691425135497	-0.8005149437412573	0	1	No-PER3D	No-Essential3D
309	R	309	1.994	-3.566	79.546	1.05	0.44949494949495	1.2762797947415458	-0.5135459396807686	0	1	No-PER3D	No-Essential3D
310	F	310	1.862	-2.911	75.818	1.05	0.452328159645233	0.9050866162564966	-0.7001947811031571	0	1	No-PER3D	No-Essential3D
311	F	311	4.535	-1.292	73.711	1.05	0.449197860962567	0.940577961528399	-0.5846022777226032	0	1	No-PER3D	No-Essential3D
312	G	312	3.683	1.891	71.872	1.05	0.56344696969697	0.7939359859270512	-0.5870285810718852	0	1	No-PER3D	No-Essential3D
313	H	313	1.367	4.757	72.678	-3.16	0.559561128526646	0.4239982747509235	-0.7555155424013065	0	1	No-PER3D	No-Essential3D
314	H	314	0.023	5.056	76.212	-0.87	0.552845528455285	0.07667714674489394	-0.7539578052376349	0	1	No-PER3D	No-Essential3D
315	H	315	1.886	1.854	77.044	1.05	0.472368421052632	0.6978008715700315	-0.5726253609214587	0	1	No-PER3D	No-Essential3D
316	Q	316	-1.495	0.487	78.009	-0.48	0.555942702284166	1.1354878141090305	-0.9060966085640281	0	1	No-PER3D	No-Essential3D
317	R	317	-1.721	-1.782	81.02	1.05	0.555942702284166	1.1572742278409203	-0.9546050300984092	0	1	No-PER3D	No-Essential3D
318	A	318	-4.31	-4.532	80.881	1.05	0.416957026713124	1.5768834769343394	-1.1233952240734906	0	1	No-PER3D	No-Essential3D
319	W	319	-5.3	-8.037	81.912	1.05	0.521196283391405	1.1038477941664524	-1.0823175968178165	0	1	No-PER3D	No-Essential3D
320	I	320	-5.582	-10.377	78.965	0.28	0.48278644432490597	1.4306440001447966	-0.975320401120341	0	1	No-PER3D	No-Essential3D
321	P	321	-7.251	-13.736	78.85	1.05	0.446428571428571	1.2252715070629703	-0.9641223432740843	0	1	No-PER3D	No-Essential3D
322	S	322	-4.743	-16.522	78.281	-1.25	0.539074166251867	1.064641682498475	-0.8985040957169347	0	1	No-PER3D	No-Essential3D
323	E	323	-6.627	-17.402	75.129	-0.48	0.578933261860091	1.3913997401151785	-0.8027803892017219	0	1	No-PER3D	No-Essential3D
324	N	324	-5.734	-14.111	73.542	1.05	0.627622377622378	1.3898635299965845	-0.74384898349845	0	1	No-PER3D	No-Essential3D
325	I	325	-1.997	-14.4	73.937	0.28	0.628070175438597	1.1936314871203921	-0.7031644018093274	0	1	No-PER3D	No-Essential3D
326	Q	326	0.531	-15.624	71.419	1.05	0.669221209610605	1.3167399283515147	-0.4546647099428897	0	1	No-PER3D	No-Essential3D
327	D	327	4.223	-16.311	71.81	0.28	0.665015479876161	1.42663495413965	-0.32071972867404175	0	1	No-PER3D	No-Essential3D
328	I	328	6.381	-13.509	70.481	0.28	0.665015479876161	1.4480008110847251	-0.24392237905995978	0	1	No-PER3D	No-Essential3D
329	T	329	8.219	-16.003	68.304	-0.48	0.702141608391608	1.3072479223687414	0.03571185254891973	0	1	No-PER3D	No-Essential3D
330	V	330	5.091	-16.406	66.184	1.05	0.704605263157895	1.639468131765813	-0.08087001766236863	0	1	No-PER3D	No-Essential3D
331	N	331	5.24	-14.947	62.691	1.05	0.705105633802817	1.4748108851258648	-0.05774795612212728	0	1	No-PER3D	No-Essential3D
332	I	332	3.711	-11.489	62.697	1.05	0.712633451957295	1.1784278411739584	-0.25069628450332004	0	1	No-PER3D	No-Essential3D
333	H	333	2.316	-11.776	59.194	-0.1	0.739970900020786	1.004407731489778	-0.19012700287290868	0	1	No-PER3D	No-Essential3D
334	R	334	0.168	-14.747	60.09	1.05	0.699369582348306	1.0925477870441032	-0.23675933731826068	0	1	No-PER3D	No-Essential3D
335	L	335	-2.113	-13.241	62.73	1.05	0.704365079365079	1.4489822974176378	-0.26038293107260124	0	1	No-PER3D	No-Essential3D
336	H	336	-4.719	-10.489	62.616	-1.25	0.667293233082707	1.5087989584964636	-0.2230567654401972	0	1	No-PER3D	No-Essential3D
337	V	337	-3.979	-6.87	63.418	0.28	0.673987126088603	1.240803880489327	-0.26538226644469354	0	1	No-PER3D	No-Essential3D
338	K	338	-4.26	-3.444	61.882	-0.87	0.645454545454546	1.0051610652979346	-0.349705624109881	0	1	No-PER3D	No-Essential3D
339	R	339	-0.889	-2.369	60.521	1.05	0.607551487414188	0.44119158702320627	-0.42227249320560994	0	1	No-PER3D	No-Essential3D
340	S	340	-1.613	1.225	61.55	1.05	0.647272727272727	0.5953474736607304	-0.5604819035571994	0	1	No-PER3D	No-Essential3D
341	M	341	1.203	3.65	62.235	1.05	0.647810218978102	-0.37903599763213885	-0.42795306923105136	0	1	No-PER3D	No-Essential3D
342	G	342	0.729	3.285	65.959	-1.25	0.643115942028986	0.164010058933337	-0.6682302534434583	0	1	No-PER3D	No-Essential3D
343	W	343	1.095	-0.468	65.684	-0.48	0.667526216262678	0.5203154263683306	-0.6099991389822312	0	1	No-PER3D	No-Essential3D
344	K	344	4.231	-0.142	63.617	1.05	0.695109944207417	0.2810018209844659	-0.5699229419938152	0	1	No-PER3D	No-Essential3D
345	K	345	5.655	2.25	66.169	-0.48	0.641818181818182	0.32907821492318873	-0.6580001757614726	0	1	No-PER3D	No-Essential3D
346	A	346	5.025	-0.329	68.87	-0.48	0.64	0.8546826371186487	-0.5821484104662681	0	1	No-PER3D	No-Essential3D
347	C	347	6.713	-3.009	66.804	-0.48	0.611688720856963	0.8604237697695197	-0.39931743242739504	0	1	No-PER3D	No-Essential3D
348	D	348	9.69	-0.747	66.346	0.28	0.612173913043478	0.38899951751348094	-0.3857324171644083	0	1	No-PER3D	No-Essential3D
349	E	349	9.893	-0.297	70.094	-0.87	0.63768115942029	0.7634915796412891	-0.4295598106149622	0	1	No-PER3D	No-Essential3D
350	L	350	9.68	-4.02	70.611	0.28	0.576459854014599	1.282646192576655	-0.311847416489269	0	1	No-PER3D	No-Essential3D
351	E	351	12.588	-4.488	68.261	-0.1	0.64051094890511	0.9781569457132433	-0.3087973614279826	0	1	No-PER3D	No-Essential3D
352	L	352	14.648	-1.887	70.042	0.67	0.732600732600733	0.9185276773599227	-0.23723058263339156	0	1	No-PER3D	No-Essential3D
353	H	353	13.847	-3.577	73.301	-0.1	0.703113553113553	1.1088197973002862	-0.13007273273353406	0	1	No-PER3D	No-Essential3D
354	Q	354	15.071	-6.862	71.94	-0.1	0.703676470588235	0.6951103936837578	-0.07574291719424371	0	1	No-PER3D	No-Essential3D
355	R	355	18.145	-5.047	70.618	1.05	0.674854557207499	0.5347262589808326	-0.1776862868327517	0	1	No-PER3D	No-Essential3D
356	F	356	18.939	-3.652	74.047	1.05	0.668021390374332	0.5591874508692125	-0.04247792942152666	0	1	No-PER3D	No-Essential3D
357	L	357	18.46	-7.048	75.602	0.67	0.598146951088128	0.29702728563070685	0.16547723678412363	0	1	No-PER3D	No-Essential3D
358	R	358	20.952	-8.702	73.319	-0.87	0.59379679144385	0.17408320813954561	-0.045755329855351065	0	1	No-PER3D	No-Essential3D
359	E	359	23.248	-5.804	73.34	1.05	0.562424242424242	0.24278725144342986	-0.19144812464595204	0	1	No-PER3D	No-Essential3D
360	G	360	25.879	-5.91	76.046	-1.25	0.562424242424242	0.09884254533104084	-0.39485660509225073	0	1	No-PER3D	No-Essential3D
361	R	361	29.618	-5.385	75.735	-1.63	0.566544566544567	0.13973118648760352	-0.7416604734478495	0	1	No-PER3D	No-Essential3D
362	F	362	32.456	-5.521	78.056	0.28	0.57283950617284	-0.08265295368023223	-0.8429034189235287	0	1	No-PER3D	No-Essential3D
363	W	363	36.145	-5.091	77.475	-0.48	0.602076124567474	-0.08265295368023223	-0.8442424240517397	0	1	No-PER3D	No-Essential3D
364	K	364	37.117	-8.598	76.81	1.05	0.52790346907994	0.26990726853706837	-0.8168528579832868	0	1	No-PER3D	No-Essential3D
365	S	365	38.832	-9.929	73.709	1.05	0.560897435897436	1.237187878210175	-0.6473253097114244	0	1	No-PER3D	No-Essential3D
366	K	366	41.636	-12.287	72.973	1.05	0.560897435897436	1.9581283326160657	-0.4691018436656982	0	1	No-PER3D	No-Essential3D
367	N	367	43.945	-11.604	70.122	1.05	0.600490196078431	1.9581283326160657	-0.3157872304525641	0	1	No-PER3D	No-Essential3D
368	E	368	46.761	-12.965	68.066	1.05	0.600490196078431	1.8467425481243358	-0.2079376324850454	0	1	No-PER3D	No-Essential3D
458	T	458	49.912	-12.454	69.899	1.05	0.779727573935452	1.9581283326160657	-0.0915427702823155	0	1	No-PER3D	No-Essential3D
459	N	459	52.973	-14.61	70.055	0.28	0.774761555392517	1.3072479223687414	0.08383193636229608	0	1	No-PER3D	No-Essential3D
460	D	460	53.61	-16.53	73.215	-0.48	0.801867743563857	0.8876409912255011	0.291350658211651	0	1	No-PER3D	No-Essential3D
461	G	461	57.286	-17.217	73.634	1.05	0.820127170457324	0.359015896130452	0.5532011021304414	0	1	No-PER3D	No-Essential3D
462	V	462	59.5	-16.817	76.661	-0.87	0.78943661971831	0.1343071830688758	0.5325806329905413	0	1	No-PER3D	No-Essential3D
463	C	463	62.111	-18.904	78.361	0.28	0.78943661971831	0.30832729275305626	0.5697413114446621	0	1	No-PER3D	No-Essential3D
464	Q	464	60.665	-20.831	81.254	-0.1	0.791666666666667	-0.2613260074736154	0.5764470861352456	0	1	No-PER3D	No-Essential3D
465	S	465	61.891	-19.484	84.576	0.28	0.791666666666667	-0.7125769870824721	0.5578370348768688	0	0.9999999999999999	No-PER3D	No-Essential3D
466	M	466	60.882	-17.022	87.253	0.28	0.753621378621379	-0.7457373716196938	0.5506198968476252	0	1	No-PER3D	No-Essential3D
467	C	467	62.936	-15.005	89.585	0.28	0.792931806869089	-0.5219972305971761	0.4879943626963126	0	1	No-PER3D	No-Essential3D
468	H	468	65.781	-15.45	91.581	-1.63	0.767241379310345	-0.30378540075143856	0.4226169136850129	0	1	No-PER3D	No-Essential3D
469	D	469	68.554	-17.247	93.328	-0.48	0.720081135902637	-0.3829102857883729	0.4009088777539572	0	1	No-PER3D	No-Essential3D
470	K	470	67.44	-20.344	95.114	1.05	0.72210953346856	0.07856048126528554	0.4405086457071285	0	0.9999999999999999	No-PER3D	No-Essential3D
471	Y	471	68.988	-21.244	98.408	1.05	0.725099122912411	0.08992897327928552	0.4151416368890971	0	1	No-PER3D	No-Essential3D
472	T	472	70.594	-24.612	98.245	1.05	0.739583333333333	0.37345642471277896	0.4339261094348288	0	1	No-PER3D	No-Essential3D
473	K	473	68.09	-27.211	99.276	1.05	0.760771486577938	-0.22242534947052306	0.4397908628246676	0	1	No-PER3D	No-Essential3D
474	I	474	68.25	-30.94	99.529	0.28	0.798021805102844	0.5519554463109089	0.4668278189394348	0	1	No-PER3D	No-Essential3D
475	F	475	70.833	-31.801	96.953	0.28	0.819544291458511	0.5519554463109089	0.5056623198815132	0	1	No-PER3D	No-Essential3D
476	N	476	69.873	-34.326	94.333	-0.1	0.799044265593562	0.1836163050573094	0.5615267381706849	0	1	No-PER3D	No-Essential3D
477	D	477	70.393	-35	90.654	-1.25	0.804139323573953	-0.193598478154208	0.6181816226867253	0	1	No-PER3D	No-Essential3D
478	F	478	71.14	-31.517	89.558	-0.1	0.790386130811663	0.03305911925262535	0.5559719459844026	0	1	No-PER3D	No-Essential3D
479	K	479	70.089	-29.983	86.307	1.05	0.785368407276534	-0.469113197264581	0.5970383562734578	0	1	No-PER3D	No-Essential3D
480	D	480	70.479	-26.289	85.681	-1.25	0.802431610942249	-0.5201892294576002	0.5229862763470603	0	1	No-PER3D	No-Essential3D
481	R	481	67.314	-26.266	83.676	-0.48	0.841099163679809	-0.505406161316362	0.5684888480326707	0	1	No-PER3D	No-Essential3D
482	M	482	65.664	-28.155	86.495	1.05	0.807455197132617	-0.2664664028704488	0.5784592825548286	0	1	No-PER3D	No-Essential3D
483	K	483	66.851	-25.676	89.072	-0.87	0.824924179762889	0.0027248779108519226	0.5120624009526585	0	1	No-PER3D	No-Essential3D
484	S	484	64.75	-22.916	87.584	0.28	0.788530465949821	-0.1557590867152578	0.5273606835919152	0	1	No-PER3D	No-Essential3D
485	D	485	61.987	-25.304	86.629	1.05	0.777664802575835	-0.4290495356489787	0.5763200500311958	0	1	No-PER3D	No-Essential3D
486	H	486	61.626	-26.373	90.222	-1.25	0.754285714285714	-0.46798319655234605	0.558780785592107	0	0.9999999999999999	No-PER3D	No-Essential3D
487	K	487	61.017	-22.848	91.364	-1.25	0.803466317854807	-0.38097314171025587	0.554556086586336	0	0.9999999999999999	No-PER3D	No-Essential3D
488	R	488	58.455	-22.211	88.675	0.28	0.803466317854807	-0.7125769870824721	0.6439182382617775	0	1	No-PER3D	No-Essential3D
489	E	489	56.776	-25.529	89.324	-0.48	0.804069576632753	-1.0375630292404512	0.7270525879977074	0	1	No-PER3D	No-Essential3D
490	T	490	56.473	-24.856	93.009	1.05	0.846060606060606	-1.2473070210903747	0.7562753803869752	0	1	No-PER3D	No-Essential3D
491	E	491	55.244	-21.347	92.377	-0.48	0.846060606060606	-1.1312936146342545	0.7722763153168667	0	1	No-PER3D	No-Essential3D
492	R	492	52.344	-22.43	90.235	-1.63	0.832411067193676	-1.2966725424013443	0.8416504782282542	0	1	No-PER3D	No-Essential3D
493	V	493	51.371	-25.195	92.594	-0.87	0.832411067193676	-1.6953899701819355	0.9815695492602238	0	1	No-PER3D	No-Essential3D
494	V	494	51.255	-22.768	95.48	-0.48	0.887208569628229	-1.2795497080794784	1.0767383137777427	0	1	No-PER3D	No-Essential3D
495	R	495	49.28	-20.302	93.442	-1.25	0.900815217391304	-0.8637094459770213	1.1800161020503663	0	1	No-PER3D	No-Essential3D
496	E	496	46.599	-22.779	92.527	-1.63	0.907390510948905	-1.140333620332134	1.293292818906216	0	1	No-PER3D	No-Essential3D
497	A	497	46.43	-24.172	96.033	-1.63	0.89769820971867	-0.8637094459770213	1.400498677910562	0	1	No-PER3D	No-Essential3D
498	L	498	45.895	-20.75	97.493	0.67	0.886363636363636	-1.0029255337243657	1.4828478340093527	0	1	No-PER3D	No-Essential3D
499	E	499	43.306	-20.028	94.87	-0.1	0.945454545454546	-0.7263013593692529	1.5671104386577688	0	1	No-PER3D	No-Essential3D
500	K	500	41.534	-23.258	95.707	0.28	0.985994397759104	-0.5183812283180242	1.6812487117481378	0	1	No-PER3D	No-Essential3D
501	L	501	41.359	-22.23	99.317	1.05	0.986821296784396	-0.6386133040998216	1.8738244230325722	0	1	No-PER3D	No-Essential3D
502	R	502	40.225	-18.799	98.287	1.05	1.05581550802139	-0.5870852716219085	1.9230772056195315	0	1	No-PER3D	No-Essential3D
503	S	503	37.302	-20.098	96.275	-1.25	1.08024691358025	-0.3791651405706799	2.0260485782299096	0	1	No-PER3D	No-Essential3D
504	E	504	36.276	-22.534	98.96	1.05	1.06601662404092	0.1053791648356614	2.1263289107960373	0	1	No-PER3D	No-Essential3D
505	M	505	36.352	-19.764	101.49	0.28	1.04727272727273	0.1053791648356614	2.205752605766424	0	1	No-PER3D	No-Essential3D
506	E	506	34.338	-17.492	99.286	1.05	1.05194805194805	0.03486712039220128	2.2869147150797935	0	1	No-PER3D	No-Essential3D
507	E	507	31.4	-19.819	98.815	-0.48	1.11129679144385	0.00887710401079771	2.35656539549354	0	1	No-PER3D	No-Essential3D
508	E	508	31.649	-20.871	102.408	-1.25	1.15808823529412	-0.03383692291168294	2.3975712896718413	0	1	No-PER3D	No-Essential3D
509	K	509	31.442	-17.236	103.341	-0.48	1.15241571080987	-0.05553293658659376	2.4072245767380385	0	1	No-PER3D	No-Essential3D
510	R	510	28.492	-16.521	101.141	-0.1	1.15241571080987	-0.8996434686260922	2.4739517401873767	0	1	No-PER3D	No-Essential3D
511	Q	511	26.523	-19.505	102.31	1.05	1.15241571080987	-0.5097932229050387	2.4765106671424806	0	1	No-PER3D	No-Essential3D
512	A	512	27.154	-18.708	105.921	-1.63	1.09176225234619	-0.7263013593692529	2.492762585578203	0	1	No-PER3D	No-Essential3D
513	V	513	25.882	-15.211	105.439	0.28	1.08467532467532	-0.5097932229050387	2.2973502135014736	0	1	No-PER3D	No-Essential3D
514	N	514	22.915	-16.417	103.435	0.28	1.0776397515528	-0.9342214904204814	2.522833590342121	0	1	No-PER3D	No-Essential3D
515	K	515	21.974	-19.059	105.982	-0.48	1.12418772563177	-0.9640535092234837	2.4827382293211353	0	1	No-PER3D	No-Essential3D
516	A	516	22.059	-16.637	108.841	-0.1	1.11802721088435	-0.7950054026731371	2.4183201678699677	0	1	No-PER3D	No-Essential3D
517	V	517	20.055	-14.074	106.936	-1.25	1.11802721088435	-0.5022155710700515	2.152519197804526	0	1	No-PER3D	No-Essential3D
518	A	518	17.44	-16.508	105.744	-1.63	1.09852032215771	-0.7047183457655656	2.344563718078023	0	1	No-PER3D	No-Essential3D
519	N	519	16.93	-17.887	109.221	1.05	1.08691623424759	-1.223388672681402	2.2864826576874253	0	1	No-PER3D	No-Essential3D
520	M	520	16.916	-14.498	110.865	0.28	1.09391854193788	-1.2795497080794784	2.2202241052990708	0	1	No-PER3D	No-Essential3D
521	Q	521	14.36	-13.284	108.41	-0.1	1.078777800873	-1.2795497080794784	2.1913095936360603	0	1	No-PER3D	No-Essential3D
522	G	522	11.902	-16.021	109.199	-0.48	1.00877192982456	-1.2795497080794784	2.1422186345185885	0	1	No-PER3D	No-Essential3D
523	E	523	12.16	-15.699	112.921	-0.48	1.00524475524476	-1.0029255337243657	2.0458383381528398	0	1	No-PER3D	No-Essential3D
524	M	524	11.784	-11.979	112.996	1.05	1.057593769215	-1.14214162147171	1.942494455122237	0	1	No-PER3D	No-Essential3D
525	D	525	8.919	-11.859	110.551	-1.25	0.99883855981417	-1.2250836737497546	1.891392349167336	0	1	No-PER3D	No-Essential3D
526	R	526	6.984	-14.624	112.174	-3.16	1.00103928497194	-0.5888932727614845	1.7439886329479892	0	1	No-PER3D	No-Essential3D
527	K	527	7.23	-12.841	115.471	-0.48	1.00750938673342	-0.8655174471165973	1.6079638120054265	0	1	No-PER3D	No-Essential3D
528	C	528	6.117	-9.677	113.748	0.28	1.01402553904124	-1.14214162147171	1.4712711417218505	0	1	No-PER3D	No-Essential3D
529	K	529	3.043	-11.408	112.422	0.28	0.957690786872282	-1.0734375781678258	1.340775052647657	0	1	No-PER3D	No-Essential3D
530	Q	530	2.182	-12.415	115.942	1.05	0.888691883372735	-0.9360294915600573	1.2389299432861736	0	1	No-PER3D	No-Essential3D
531	V	531	2.407	-8.833	117.116	-0.87	0.865516524631054	-0.8673254482561731	1.1204379088014158	0	1	No-PER3D	No-Essential3D
532	K	532	0.493	-7.595	114.09	-0.87	0.885551629367884	-1.0752455793074016	0.9786425848684434	0	1	No-PER3D	No-Essential3D
533	E	533	-2.339	-10.024	114.651	1.05	0.845966312056738	-0.798621404952289	0.8194753963704722	0	1	No-PER3D	No-Essential3D
534	K	534	-2.525	-9.028	118.28	-0.48	0.754552867627073	-0.5219972305971761	0.6604597166195709	0	1	No-PER3D	No-Essential3D
535	C	535	-2.962	-5.418	117.283	-1.25	0.759923350670682	-0.24537305624206335	0.4702936374981147	0	1	No-PER3D	No-Essential3D
536	K	536	-5.569	-6.248	114.698	0.28	0.759923350670682	-0.24537305624206335	0.3036145910230241	0	1	No-PER3D	No-Essential3D
537	E	537	-7.709	-8.116	117.137	0.28	0.759923350670682	-0.10615696849471898	0.1601474578727136	0	1	No-PER3D	No-Essential3D
538	E	538	-7.422	-5.558	119.869	-0.1	0.715721040189125	-0.10615696849471898	0.04580980594996971	0	1	No-PER3D	No-Essential3D
539	F	539	-8.564	-2.855	117.53	-0.1	0.71113074204947	0.24097925030385392	-0.058882036890516146	0	1	No-PER3D	No-Essential3D
540	V	540	-11.471	-4.934	116.315	0.28	0.609929078014184	0.10357116369608552	-0.20818790244288926	0	1	No-PER3D	No-Essential3D
541	E	541	-12.533	-5.597	119.854	-1.63	0.6125	-0.2435650551024874	-0.3412928678962114	0	1	No-PER3D	No-Essential3D
542	E	542	-12.459	-1.916	120.588	1.05	0.542857142857143	-0.1748610117986032	-0.4369854748916126	0	1	No-PER3D	No-Essential3D
543	I	543	-14.704	-1.319	117.633	0.28	0.606761565836299	0.10176316255650959	-0.4977255979990228	0	1	No-PER3D	No-Essential3D
544	K	544	-17.148	-3.947	118.819	1.05	0.607142857142857	-0.03564492405125884	-0.5595225343416523	0	1	No-PER3D	No-Essential3D
545	K	545	-17.331	-2.415	122.243	1.05	0.609318996415771	0.10357116369608552	-0.6503091020669497	0	1	No-PER3D	No-Essential3D
546	L	546	-18.049	1.051	121.049	1.05	0.609712230215827	0.034867120392201294	-0.6956306734240549	0	1	No-PER3D	No-Essential3D
547	A	547	-20.606	-0.197	118.581	-1.63	0.52073732718894	0.10357116369608552	-0.7115626751877154	0	1	No-PER3D	No-Essential3D
548	T	548	-22.521	-2.091	121.233	-0.87	0.52073732718894	-0.03383692291168292	-0.6860763390356728	0	1	No-PER3D	No-Essential3D
549	Q	549	-22.586	0.847	123.58	-0.1	0.52073732718894	0.24278725144342986	-0.6546141926644172	0	1	No-PER3D	No-Essential3D
550	H	550	-23.751	2.989	120.685	0.28	0.611510791366906	0.24278725144342986	-0.6300665627290838	0	1	No-PER3D	No-Essential3D
551	K	551	-26.556	0.567	119.959	-0.48	0.608928571428571	0.3820033391907742	-0.6300665627290838	0	1	No-PER3D	No-Essential3D
552	Q	552	-27.805	0.741	123.505	1.05	0.538095238095238	0.3820033391907742	-0.6286049006425626	0	1	No-PER3D	No-Essential3D
553	L	553	-27.675	4.495	123.431	-0.48	0.604982206405694	0.3820033391907742	-0.6277078748397416	0	1	No-PER3D	No-Essential3D
554	I	554	-29.63	4.69	120.218	0.28	0.672202451561882	0.21373009027167428	-0.6319361512329146	0	1	No-PER3D	No-Essential3D
555	S	555	-32.434	2.527	121.513	-0.48	0.672202451561882	0.5786582323723376	-0.5947983764476188	0	1	No-PER3D	No-Essential3D
556	Q	556	-32.603	4.51	124.713	-0.1	0.689374682257245	1.2136838633956886	-0.523811059189081	0	1	No-PER3D	No-Essential3D
557	T	557	-32.755	7.694	122.72	1.05	0.602836879432624	1.088293666715689	-0.5996430239748581	0	1	No-PER3D	No-Essential3D
558	K	558	-35.465	6.269	120.522	1.05	0.606761565836299	1.3797418142151983	-0.4757667685667223	0	1	No-PER3D	No-Essential3D
559	K	559	-37.68	5.753	123.509	1.05	0.610714285714286	1.6123481146721745	-0.46763709331766956	0	1	No-PER3D	No-Essential3D
560	K	560	-37.657	9.374	124.607	1.05	0.611510791366906	1.4104546540861989	-0.7546058359898129	0	1	No-PER3D	No-Essential3D
561	Q	561	-38.754	12.731	123.275	1.05	0.69431643625192	1.7411681958669574	-1.0486276604053788	0	1	No-PER3D	No-Essential3D
562	W	562	-36.279	15.529	123.186	1.05	0.698869475847893	1.658243528215255	-1.0460979586633854	0	1	No-PER3D	No-Essential3D
563	C	563	-36.213	19.282	122.813	1.05	0.525693730729702	1.2331354618628498	-1.2136092793433237	0	1	No-PER3D	No-Essential3D
564	Y	564	-35.671	20.346	119.247	-0.87	0.52415210688592	1.2897842749978377	-1.2435596997675458	0	1	No-PER3D	No-Essential3D
565	N	565	-33.842	23.574	120.143	1.05	0.52415210688592	0.815320945642465	-1.258086244499763	0	1	No-PER3D	No-Essential3D
566	C	566	-31.519	22.225	122.8	1.05	0.52415210688592	1.0859732374456454	-1.2215774933761527	0	1	No-PER3D	No-Essential3D
567	E	567	-30.872	18.537	123.354	-0.48	0.518877551020408	1.6409747993821262	-1.0654835651851897	0	1	No-PER3D	No-Essential3D
568	E	568	-32.512	18.068	126.752	-0.48	0.515505846466701	1.5887965208803305	-1.0703562961831858	0	1	No-PER3D	No-Essential3D
569	E	569	-35.548	15.84	127.302	1.05	0.511862695608279	1.568278086895012	-1.0054658653162662	0	1	No-PER3D	No-Essential3D
570	A	570	-38.804	17.43	126.256	1.05	0.510348308934881	1.5738376903992077	-1.1518389357967238	0	1	No-PER3D	No-Essential3D
571	M	571	-41.694	18.417	128.514	0.28	0.510348308934881	1.3521250935117861	-1.1486485439815217	0	1	No-PER3D	No-Essential3D
572	Y	572	-43.912	20.211	125.975	0.28	0.513677811550152	1.3370209846128445	-1.2501181250287519	0	1	No-PER3D	No-Essential3D
573	H	573	-45.356	19.051	122.684	-0.1	0.513677811550152	1.5174280548444399	-1.1399805027017405	58.11223697535477	0.04081247047709022	PER3D	Essential3D
574	C	574	-45.967	21.652	119.993	1.05	0.508270676691729	1.5548349749735961	-1.1440210799904251	58.11223697535477	0.04081247047709022	PER3D	Essential3D
575	C	575	-46.515	19.426	116.978	1.05	0.506766917293233	1.4089479864698857	-1.1066639617638043	101.50879096738545	0.027302786962683033	PER3D	Essential3D
576	W	576	-45.027	16.68	114.806	1.05	0.337844611528822	1.5021730452292679	-1.0345771547001072	101.50879096738545	0.027302786962683033	PER3D	Essential3D
577	N	577	-41.516	15.905	115.938	1.05	0.396713615023474	1.7963768020932929	-0.9756405551612513	40.800177574588886	0.05422768068020783	No-PER3D	No-Essential3D
578	T	578	-41.366	19.259	117.575	1.05	0.472982456140351	1.8708922776315284	-1.1145699301818068	25.469208782207563	0.08077468115257443	No-PER3D	No-Essential3D
579	S	579	-41.156	19.258	121.361	1.05	0.476056338028169	1.7309981894568431	-1.1844656550297257	31.4154617548498	0.06754841757203583	No-PER3D	No-Essential3D
580	Y	580	-39.38	21.435	123.89	1.05	0.480851063829787	1.3302124529722255	-1.2543205063741965	0	1	No-PER3D	No-Essential3D
581	C	581	-37.876	21.261	127.36	1.05	0.400709219858156	1.059516996994159	-1.2138692584712134	0	1	No-PER3D	No-Essential3D
582	S	582	-39.003	24.78	128.093	-0.48	0.482562277580071	0.9196576780721577	-1.2543157854211004	0	1	No-PER3D	No-Essential3D
583	I	583	-40.778	27.843	126.812	-0.48	0.538523925385239	1.0550963348671738	-1.3394189530845502	0	1	No-PER3D	No-Essential3D
584	K	584	-37.488	29.618	126.275	-1.63	0.539325842696629	0.2938366953843965	-1.3609597420419834	0	1	No-PER3D	No-Essential3D
585	C	585	-36.247	27.007	123.843	1.05	0.40485312899106	0.8038910533807783	-1.228277676092864	0	1	No-PER3D	No-Essential3D
586	Q	586	-39.639	27.065	122.203	1.05	0.405797101449275	0.839427627503477	-1.2233835760713334	0	1	No-PER3D	No-Essential3D
587	Q	587	-39.25	30.776	121.587	1.05	0.40650406504065	0.5669947285173811	-1.2611323714520002	0	1	No-PER3D	No-Essential3D
588	E	588	-35.738	30.379	120.269	-1.63	0.4581589958159	0.34991131896330196	-1.2582314732263535	0	1	No-PER3D	No-Essential3D
589	H	589	-36.701	27.642	117.891	1.05	0.459051724137931	0.740335257353644	-1.1759509790861746	0	1	No-PER3D	No-Essential3D
590	W	590	-39.806	29.515	116.881	1.05	0.46	0.4797926182182707	-1.1163229534045507	0	1	No-PER3D	No-Essential3D
591	H	591	-37.991	32.621	115.855	-3.16	0.522504892367906	0.33601231020281225	-1.1093085606141533	0	1	No-PER3D	No-Essential3D
592	A	592	-35.252	30.754	114.21	-0.48	0.52653061224489806	0.46483239139759513	-1.115130515129821	0	1	No-PER3D	No-Essential3D
593	E	593	-37.045	28.254	111.952	1.05	0.527310924369748	0.5985380639070409	-1.1323518647202522	0	1	No-PER3D	No-Essential3D
594	H	594	-40.233	26.943	113.542	1.05	0.61734693877551	0.9923845239115983	-1.1797078246527843	25.469208782207563	0.08077468115257443	No-PER3D	No-Essential3D
595	K	595	-42.452	29.912	112.861	-0.48	0.619047619047619	0.6028808117422968	-1.0342672188683377	31.4154617548498	0.06754841757203583	No-PER3D	No-Essential3D
596	R	596	-42.755	29.038	109.203	0.28	0.620879120879121	0.1410871873422854	-0.8068270794112152	31.4154617548498	0.06754841757203583	No-PER3D	No-Essential3D
597	T	597	-43.076	25.287	109.801	0.28	0.625714285714286	0.9048347275528404	-1.0350104680265084	31.4154617548498	0.06754841757203583	No-PER3D	No-Essential3D
598	C	598	-45.408	24.991	112.827	1.05	0.62874251497006	1.0238437437402188	-1.0981304712591895	31.4154617548498	0.06754841757203583	No-PER3D	No-Essential3D
599	R	599	-48.054	22.421	111.854	-0.48	0.624223602484472	1.4011994101574174	-1.0001727776506337	101.50879096738545	0.027302786962683033	PER3D	Essential3D
600	R	600	-50.088	22.838	115.052	-0.1	0.619354838709677	1.4011994101574174	-0.9931320954873913	101.50879096738545	0.027302786962683033	PER3D	Essential3D
