Uniprot_position	aminoacid	Position_in_structure	x	y	z	paraz	mtr	paraz3dscore	mtr3dscore	PER3D_OR	PER3D_pvalue	PER3D	Essential3D
280	D	280	23.077	-3.164	73.845	-0.79	0.668539325842697	-1.5534899171376548	0.17962527252036142	0	0.9999999999999999	No-PER3D	No-Essential3D
281	E	281	23.165	-5.979	76.346	-0.79	0.758581235697941	-1.5534899171376548	0.21173560892965376	0	0.5880925787086181	No-PER3D	No-Essential3D
282	P	282	21.105	-8.989	75.599	-0.79	0.758581235697941	-1.5534899171376548	0.20833450473038115	0	0.5880925787086181	No-PER3D	No-Essential3D
283	E	283	17.565	-8.923	76.72	-0.79	0.847693351424695	-1.5534899171376548	0.25295770263380796	0	0.5959384343522636	No-PER3D	No-Essential3D
284	Y	284	17.333	-10.783	79.966	-0.79	0.830033886213662	-1.5534899171376548	0.2199241736212678	0	0.5959384343522636	No-PER3D	No-Essential3D
285	E	285	14.468	-10.187	82.24	-0.79	0.78493894165536	-1.5534899171376548	-0.2287387109450194	0	0.37220085831370536	No-PER3D	No-Essential3D
286	D	286	16.016	-9.711	85.643	-0.79	0.777627576884083	-1.5534899171376548	-0.2144893190538733	0	0.3575796727842362	No-PER3D	No-Essential3D
287	G	287	16.625	-6.215	86.846	-0.79	0.801034427024406	-1.5534899171376548	-0.0894137391399887	0	0.21602148203398597	No-PER3D	No-Essential3D
288	R	288	16.983	-4.62	83.435	-0.79	0.801034427024406	-1.5534899171376548	0.03762221604345459	0.3304407649656059	0.4767135543091344	No-PER3D	No-Essential3D
289	G	289	13.861	-4.921	81.383	-0.79	0.807034684904739	-1.5534899171376548	0.18557410572453048	0.30532546150555756	0.31851881707211177	No-PER3D	No-Essential3D
290	F	290	12.235	-2.365	83.624	-0.79	0.780529172320217	-1.5534899171376548	0.24227209552442167	0.5788457507296965	0.7457118509884534	No-PER3D	No-Essential3D
291	G	291	13.33	0.591	81.57	-0.79	0.840569877883311	-1.5534899171376548	0.49754360792956026	0.3304407649656059	0.4767135543091344	No-PER3D	No-Essential3D
292	I	292	11.735	4.003	81.605	-0.79	0.865037593984962	-1.5534899171376548	0.8093547392367691	0.48661058183303	0.6945909193409487	No-PER3D	No-Essential3D
293	G	293	8.09	4.181	80.644	-0.79	0.838148001582905	-1.5534899171376548	0.32048869412541536	0.3943450524196398	0.7006848262135177	No-PER3D	No-Essential3D
294	E	294	7.3	0.586	81.451	-0.79	0.883018867924528	-1.5534899171376548	0.16019154238136063	1.0558669295068375	1	No-PER3D	No-Essential3D
295	L	295	4.027	-0.023	83.243	-0.79	0.92449517120281	-1.5534899171376548	-0.12420340960421934	1.0558669295068375	1	No-PER3D	No-Essential3D
296	V	296	4.61	-2.226	86.227	-0.79	0.982276119402985	-1.5534899171376548	-0.1285580115675532	1.4686873023203109	0.4205495374218429	No-PER3D	No-Essential3D
297	W	297	3.341	-3.688	89.459	-0.79	0.98876404494382	-1.5534899171376548	-0.3203848907445533	1.657685803754347	0.3933474999931252	No-PER3D	No-Essential3D
298	G	298	5.428	-2.713	92.458	-0.79	0.992481203007519	-1.5534899171376548	0.022566776930429706	2.114454749647743	0.15256539281071022	No-PER3D	No-Essential3D
299	K	299	5.587	-4.199	95.912	-0.79	0.985074626865672	-1.5534899171376548	0.0477845058423312	3.248328292883095	0.03671984757147995	PER3D	No-Essential3D
300	L	300	6.499	-2.398	99.106	-0.79	1.04464285714286	-1.5534899171376548	0.28534410585791803	4.931362478695622	0.010641361600427588	PER3D	No-Essential3D
301	R	301	6.368	-3.981	102.526	-0.79	0.956924754634678	-1.5534899171376548	0.7283833607966262	9.545880384541666	0.011255255801882623	PER3D	No-Essential3D
302	G	302	2.982	-3.588	104.15	-0.79	0.963327859879584	-1.5534899171376548	1.2530453153896828	9.545880384541666	0.011255255801882623	PER3D	No-Essential3D
303	F	303	1.16	-2.879	100.912	-0.79	0.861232279171211	-1.5534899171376548	0.268271280372361	5.938766851135962	0.006185455010996403	PER3D	No-Essential3D
304	S	304	-0.381	-4.867	98.096	-0.79	0.85823754789272	-1.5534899171376548	-0.138387351166316	4.931362478695622	0.010641361600427588	PER3D	No-Essential3D
305	W	305	1.102	-4.908	94.63	-0.79	0.863113897596656	-1.5534899171376548	-0.38628317291777925	2.639208867108976	0.06518586874606457	No-PER3D	No-Essential3D
306	W	306	0.332	-1.525	93.172	-0.79	0.868881118881119	-1.5534899171376548	-0.3349510999417858	1.7485195468346688	0.2130222829508569	No-PER3D	No-Essential3D
307	P	307	0.296	-0.202	89.653	-0.79	0.867321867321867	-1.5534899171376548	-0.3129617526403412	1.8411785764953787	0.20037106028109958	No-PER3D	No-Essential3D
308	G	308	3.006	2.234	88.612	-0.79	0.817760617760618	-1.5534899171376548	0.019760051119650207	1.7485195468346688	0.2130222829508569	No-PER3D	No-Essential3D
309	R	309	5.304	3.319	85.813	-0.79	0.80532319391635	-1.5534899171376548	0.09964703976043457	0.8841335556888856	1	No-PER3D	No-Essential3D
310	I	310	9.065	3.528	85.727	-0.79	0.886363636363636	-1.5534899171376548	0.32217734898831174	0.8841335556888856	1	No-PER3D	No-Essential3D
311	V	311	10.362	7.046	85.478	-0.79	1.02272727272727	-1.5534899171376548	0.684842711042389	1.5199309754810655	0.4640720406115555	No-PER3D	No-Essential3D
312	S	312	13.748	8.71	85.319	-0.79	0.967853439336329	-1.5534899171376548	0.8093534343632192	1.2875199002376756	0.6706893391154579	No-PER3D	No-Essential3D
313	W	313	15.284	10.071	88.501	-0.79	0.964187327823691	-1.5534899171376548	0.8791264042063431	1.5083818386773187	0.6409486390355732	No-PER3D	No-Essential3D
314	W	314	14.989	13.667	87.335	-0.79	0.964187327823691	-1.5534899171376548	1.0483630552201637	3.0491295810484047	0.22701628600213022	No-PER3D	No-Essential3D
315	M	315	11.198	13.419	87.269	-0.79	0.964187327823691	-1.5534899171376548	0.8019437415397062	1.5083818386773187	0.6409486390355732	No-PER3D	No-Essential3D
316	T	316	11.147	12.569	90.971	-0.79	0.98314606741573	-1.5534899171376548	0.7392687574079624	2.3087340483517638	0.21494139377782467	No-PER3D	No-Essential3D
317	G	317	12.942	15.661	92.207	-0.79	1.01015965166909	-1.5534899171376548	0.9844895855028831	2.2519124303439844	0.45585374227512016	No-PER3D	No-Essential3D
318	R	318	15.278	13.346	94.056	-0.79	0.917832167832168	-1.5534899171376548	0.9462265783880169	4.505639054404433	0.3328976167315176	No-PER3D	No-Essential3D
319	S	319	18.531	11.522	93.413	-0.79	0.946969696969697	-1.5534899171376548	0.9594434460819198	1.4973346697853886	0.5565422230352358	No-PER3D	No-Essential3D
320	R	320	19.557	8.597	91.225	-0.79	0.946969696969697	-1.5534899171376548	0.9290841291500693	1.4973346697853886	0.5565422230352358	No-PER3D	No-Essential3D
321	A	321	18.483	5.104	92.188	-0.79	0.943396226415094	-1.5534899171376548	0.7265511019570365	2.279691628207934	0.3022057359203984	No-PER3D	No-Essential3D
322	A	322	21.006	2.363	92.94	-0.79	0.933654360620653	-1.5534899171376548	0.5461398194409987	0	1	No-PER3D	No-Essential3D
323	E	323	21.865	-0.264	90.329	-0.79	0.865671641791045	-1.5534899171376548	0.3942130157471964	0	0.5880925787086181	No-PER3D	No-Essential3D
324	G	324	19.288	-2.95	91.194	-0.79	0.875471698113208	-1.5534899171376548	0.12418145067001703	0	0.35580888504633795	No-PER3D	No-Essential3D
325	T	325	16.506	-0.493	91.829	-0.79	0.865671641791045	-1.5534899171376548	0.34852945073988206	0.8892830224485555	1	No-PER3D	No-Essential3D
326	R	326	14.125	1.703	89.845	-0.79	0.842696629213483	-1.5534899171376548	0.3885964668070886	0.6232353299251608	0.7438136115960114	No-PER3D	No-Essential3D
327	W	327	12.15	4.861	90.484	-0.79	0.796981132075472	-1.5534899171376548	0.5791846913620463	1.532017091397464	0.5034863805694124	No-PER3D	No-Essential3D
328	V	328	8.478	4.223	90.07	-0.79	0.741573033707865	-1.5534899171376548	0.5066588185790927	1.7698011534435103	0.2543422724940904	No-PER3D	No-Essential3D
329	M	329	5.679	6.749	90.06	-0.79	0.742246240601504	-1.5534899171376548	0.5426571148818566	1.3498298780897016	0.5672016720684702	No-PER3D	No-Essential3D
330	W	330	2.624	5.091	91.491	-0.79	0.736707089552239	-1.5534899171376548	0.24421058782703045	2.319484570937147	0.09680331728811085	No-PER3D	No-Essential3D
331	F	331	-0.759	5.525	89.918	-0.79	0.725538971807629	-1.5534899171376548	-0.08878286201663636	1.557957381046304	0.4049588913488104	No-PER3D	No-Essential3D
332	G	332	-3.533	6.851	92.104	-0.79	0.720164609053498	-1.5534899171376548	-0.4487308218404581	1.3008897696807704	0.7507976139686844	No-PER3D	No-Essential3D
333	D	333	-1.606	9.41	94.176	-0.79	0.720164609053498	-1.5534899171376548	-0.4209089302122391	1.532017091397464	0.5034863805694124	No-PER3D	No-Essential3D
334	G	334	1.479	9.867	91.97	-0.79	0.721607216072161	-1.5534899171376548	0.08113247231555336	1.4075969472059222	0.5241986189606174	No-PER3D	No-Essential3D
335	K	335	4.032	9.321	94.742	-0.79	0.723039215686275	-1.5534899171376548	0.3400143076433572	2.3709676364974537	0.16047754014701152	No-PER3D	No-Essential3D
336	F	336	7.592	8.291	93.925	-0.79	0.688109161793372	-1.5534899171376548	0.6367944788891152	2.4043800723521844	0.10985580798892343	No-PER3D	No-Essential3D
337	S	337	9.503	5.401	95.426	-0.79	0.719074074074074	-1.5534899171376548	0.5322631422800551	2.639208867108976	0.06518586874606457	No-PER3D	No-Essential3D
338	V	338	12.751	3.525	94.906	-0.79	0.653703703703704	-1.5534899171376548	0.4687596833887628	3.248328292883095	0.03671984757147995	PER3D	No-Essential3D
339	V	339	11.959	-0.139	94.368	-0.79	0.675758061928445	-1.5534899171376548	0.38267181521200794	2.4043800723521844	0.10985580798892343	No-PER3D	No-Essential3D
340	C	340	14.249	-3.099	93.788	-0.79	0.675758061928445	-1.5534899171376548	0.2696776383430369	2.3709676364974537	0.16047754014701152	No-PER3D	No-Essential3D
341	V	341	13.68	-5.016	90.589	-0.79	0.668359251031419	-1.5534899171376548	0.24005866310295604	1.532017091397464	0.5034863805694124	No-PER3D	No-Essential3D
342	E	342	12.939	-8.164	92.555	-0.79	0.535885167464115	-1.5534899171376548	0.019656967238471813	1.361843551263755	0.7112358249184215	No-PER3D	No-Essential3D
343	K	343	9.871	-6.274	93.793	-0.79	0.535885167464115	-1.5534899171376548	0.1216669560996769	1.6789647081933199	0.4872714087636838	No-PER3D	No-Essential3D
344	L	344	8.773	-5.36	90.279	-0.79	0.533536006080182	-1.5534899171376548	0.033440515201170334	1.3498298780897016	0.5672016720684702	No-PER3D	No-Essential3D
345	M	345	6.62	-7.233	87.785	-0.79	0.464183925517766	-1.5534899171376548	-0.25220083223858275	1.3498298780897016	0.5672016720684702	No-PER3D	No-Essential3D
346	P	346	5.424	-6.161	84.377	-0.79	0.503971119133574	-1.5534899171376548	-0.19999682437430885	1.3498298780897016	0.5672016720684702	No-PER3D	No-Essential3D
347	L	347	1.816	-5.063	83.976	-0.79	0.486810551558753	-1.2926347974591386	-0.4499037106193928	0.8867667617348698	1	No-PER3D	No-Essential3D
348	S	348	1.198	-8.233	81.996	-0.79	0.445954555107241	-1.0911772510550508	-0.7631505266828114	0.3943450524196398	0.7006848262135177	No-PER3D	No-Essential3D
349	S	349	1.541	-10.177	85.255	-0.79	0.518408802369869	-1.1798446802962668	-0.6098821101463391	0.9926207936063297	1	No-PER3D	No-Essential3D
350	F	350	-1.917	-8.753	85.984	-0.79	0.521069518716578	-0.9959860067157901	-0.743773144862146	0.8046830410638858	1	No-PER3D	No-Essential3D
351	C	351	-3.509	-12.044	87.017	-0.79	0.493535353535354	-0.7995658526220107	-1.2123978201485393	0	0.9999999999999999	No-PER3D	No-Essential3D
352	S	352	-0.925	-12.706	89.691	-0.79	0.497150997150997	-1.3522344032957254	-1.1167556433384198	0	0.9999999999999999	No-PER3D	No-Essential3D
353	A	353	-0.794	-9.153	91.043	-0.79	0.452488687782805	-1.4285727016495606	-0.7320081634291625	1.855102305828842	0.2947655258491712	No-PER3D	No-Essential3D
354	F	354	-4.449	-8.086	90.951	-0.79	0.52833044982699	-1.26134481639937	-0.8126652217902613	2.3709676364974537	0.16047754014701152	No-PER3D	No-Essential3D
355	H	355	-6.05	-8.352	94.371	-0.79	0.498978758169935	-1.4353616807521745	-0.834152153237643	0.9926207936063297	1	No-PER3D	No-Essential3D
356	Q	356	-9.849	-8.291	94.5	-0.79	0.502255022550226	-1.4104925783552313	-1.2210026504661415	0.6314225409963545	1	No-PER3D	No-Essential3D
357	A	357	-10.105	-7.594	98.193	-0.79	0.553505535055351	-1.5534899171376548	-1.2503311685614236	1.1190843791158895	1	No-PER3D	No-Essential3D
358	T	358	-7.998	-4.488	97.811	-0.79	0.576	-1.5534899171376548	-0.9277936905252788	0.6314225409963545	1	No-PER3D	No-Essential3D
359	Y	359	-10.06	-3.368	94.844	-0.79	0.576	-1.1006650109933132	-0.9920343716911154	0.4358637384123067	0.6947283053421451	No-PER3D	No-Essential3D
360	N	360	-13.289	-3.592	96.801	-0.79	0.576	-1.383680577333527	-1.2406594909448847	0.8916899388694605	1	No-PER3D	No-Essential3D
361	K	361	-11.985	-1.756	99.868	-0.79	0.579744525547445	-1.5534899171376548	-1.3081648373697994	1.1190843791158895	1	No-PER3D	No-Essential3D
362	Q	362	-9.776	0.986	98.438	-0.79	0.568888888888889	-1.4176424452943523	-0.8695172033438548	0.6314225409963545	1	No-PER3D	No-Essential3D
363	P	363	-10.944	3.646	96.091	-0.79	0.60848954966602	-1.1161904363468336	-0.9367373036510217	1.1217288057000858	1	No-PER3D	No-Essential3D
364	M	364	-7.394	4.759	95.303	-0.79	0.543987706492509	-1.317233444366694	-0.691357357474589	1.532017091397464	0.5034863805694124	No-PER3D	No-Essential3D
365	Y	365	-6.632	1.248	94.106	-0.79	0.551688311688312	-1.3363765469595197	-0.6604837708120811	1.4075969472059222	0.5241986189606174	No-PER3D	No-Essential3D
366	R	366	-9.567	1.439	91.743	-0.79	0.557773109243697	-0.9675899365345679	-0.885206740798791	0.7747880982348173	1	No-PER3D	No-Essential3D
367	K	367	-8.215	4.762	90.541	-0.79	0.61573347287633	-1.1200717926852137	-0.6749434260211405	1.1273867613072235	0.7684587507681941	No-PER3D	No-Essential3D
368	A	368	-4.764	3.289	90.039	-0.79	0.581357048748353	-1.3549862644033597	-0.3811502609613005	1.1273867613072235	0.7684587507681941	No-PER3D	No-Essential3D
369	I	369	-6.199	0.412	88.053	-0.79	0.639492753623188	-1.0776643808399498	-0.6990514159043265	1.1273867613072235	0.7684587507681941	No-PER3D	No-Essential3D
370	Y	370	-8.213	2.823	85.96	-0.79	0.661991584852735	-0.7678093007625375	-0.7299488171847479	0.5399926987415111	0.5410098910341585	No-PER3D	No-Essential3D
371	E	371	-5.191	4.952	85.187	-0.79	0.661991584852735	-1.1056732127202553	-0.5165984791325049	1.1273867613072235	0.7684587507681941	No-PER3D	No-Essential3D
372	V	372	-2.747	2.169	84.382	-0.79	0.661991584852735	-1.3389939089640195	-0.41381097629599994	0.9353817291499319	1	No-PER3D	No-Essential3D
373	L	373	-5.186	0.419	82.089	-0.79	0.634408602150538	-0.9501441188463787	-0.6827745363465754	0.21936005044037488	0.13790383240005052	No-PER3D	No-Essential3D
374	Q	374	-6.168	3.631	80.384	-0.79	0.65508896797153	-0.9126618133530285	-0.7624749283816369	0.2645006349788868	0.32541498978407846	No-PER3D	No-Essential3D
375	V	375	-2.536	4.214	79.482	-0.79	0.634408602150538	-1.4838245469616023	-0.3633814387990254	0.30532546150555756	0.31851881707211177	No-PER3D	No-Essential3D
376	A	376	-2.068	0.576	78.574	-0.79	0.68814218272702	-1.3050070064550878	-0.5485520249980221	0.28355416099689496	0.3184628778331984	No-PER3D	No-Essential3D
377	S	377	-5.116	0.545	76.324	-0.79	0.664548736462094	-1.1110152945623268	-0.7519263950491546	0	0.13122932112828706	No-PER3D	No-Essential3D
378	S	378	-3.957	3.631	74.509	-0.79	0.664548736462094	-1.44694288039781	-0.7626930057144853	0	0.37220085831370536	No-PER3D	No-Essential3D
379	R	379	-0.619	2.072	73.696	-0.79	0.662655435218612	-1.5534899171376548	-0.3983310739397162	0	0.3575796727842362	No-PER3D	No-Essential3D
380	A	380	-2.247	-1.181	72.604	-0.79	0.638489208633094	-1.2805627968356912	-0.705840414438032	0	0.3575796727842362	No-PER3D	No-Essential3D
381	G	381	-4.858	0.539	70.52	-0.79	0.593645484949833	-1.5534899171376548	-0.640802127815448	0	0.3575796727842362	No-PER3D	No-Essential3D
382	K	382	-7.589	-1.24	72.398	-0.79	0.593645484949833	-1.1766749059532562	-0.7730683948421179	0.4358637384123067	0.6947283053421451	No-PER3D	No-Essential3D
383	L	383	-10.735	0.814	72.393	-0.79	0.596699329551315	-1.164276128761209	-0.7917775971608363	0.4358637384123067	0.6947283053421451	No-PER3D	No-Essential3D
384	F	384	-13.665	0.453	74.708	-0.79	0.616472339369883	-0.6625422121913203	-0.9992087147831216	0.3943450524196398	0.7006848262135177	No-PER3D	No-Essential3D
385	P	385	-17.197	1.557	74.2	-0.79	0.599350649350649	-0.6709434163869481	-1.0375223020777513	0.5499865704785785	1	No-PER3D	No-Essential3D
386	V	386	-16.297	4.261	76.62	-0.79	0.619945422971967	-0.6795378482790755	-0.9479950135702515	0.3943450524196398	0.7006848262135177	No-PER3D	No-Essential3D
387	C	387	-15.366	7.097	74.35	-0.79	0.617723396366333	-1.3683790763841437	-0.9518022935334466	0.5499865704785785	1	No-PER3D	No-Essential3D
388	H	388	-14.868	10.781	74.795	-0.79	0.590570719602978	-1.5534899171376548	-0.9783885280850718	0.739925481217733	1	No-PER3D	No-Essential3D
389	D	389	-17.919	12.346	73.268	-0.79	0.585164835164835	-1.3522344032957254	-0.9453790659490027	0.8916899388694605	1	No-PER3D	No-Essential3D
390	S	390	-19.523	15.49	74.495	-0.79	0.610752688172043	-1.327077464065484	-0.9321100279441549	0	1	No-PER3D	No-Essential3D
391	D	391	-22.16	13.898	76.601	-0.79	0.616402877697842	-1.1840422952992555	-0.9146988080796397	0	0.9999999999999999	No-PER3D	No-Essential3D
392	E	392	-24.688	14.622	79.295	-0.79	0.646209386281588	-0.7484678617699363	-0.7834114071656963	0	0.9999999999999999	No-PER3D	No-Essential3D
393	S	393	-23.309	15.111	82.75	0.61	0.646209386281588	-0.4977609930982755	-0.6895566988107068	0	0.5880925787086181	No-PER3D	No-Essential3D
394	D	394	-24.338	12.437	85.167	0.38	0.639285714285714	-0.23382876208843056	-0.596657054853863	0	0.9999999999999999	No-PER3D	No-Essential3D
395	T	395	-23.69	12.264	88.846	0.61	0.716	-0.04530573993854133	-0.5485184275683813	0	1	No-PER3D	No-Essential3D
396	A	396	-21.596	9.192	88.955	0.84	0.692559523809524	0.22840549275501437	-0.6375067736806473	0	0.5880925787086181	No-PER3D	No-Essential3D
397	K	397	-18.461	7.454	90.029	-0.09	0.692559523809524	-0.1458513517518156	-0.7560072146846271	0	0.5959384343522636	No-PER3D	No-Essential3D
398	A	398	-17.66	6.269	86.542	1.07	0.671879887394432	-0.1874046960803552	-0.7778684654689746	0	0.35580888504633795	No-PER3D	No-Essential3D
399	V	399	-14.404	4.595	87.464	1.31	0.648550724637681	-0.5163915035224997	-0.9319869991145487	0.48661058183303	0.6945909193409487	No-PER3D	No-Essential3D
400	E	400	-15.999	1.42	88.723	1.31	0.675090252707581	-0.47317906962186834	-0.9746002902322425	0.48661058183303	0.6945909193409487	No-PER3D	No-Essential3D
401	V	401	-18.104	1.045	85.603	0.14	0.610488314649439	-0.04588940254581653	-0.9200674587119209	0.48661058183303	0.6945909193409487	No-PER3D	No-Essential3D
402	Q	402	-15.411	1.781	83.038	1.07	0.612700228832952	-0.3821164786060282	-0.9075939049818658	0.3943450524196398	0.7006848262135177	No-PER3D	No-Essential3D
403	N	403	-12.877	-0.435	84.767	0.38	0.582065217391304	-0.48784197134463747	-0.9596101170910444	0.6744361749235525	1	No-PER3D	No-Essential3D
404	K	404	-14.903	-3.568	84.165	0.84	0.610488314649439	-0.20289041446366185	-1.0021043660691027	0.4358637384123067	0.6947283053421451	No-PER3D	No-Essential3D
405	P	405	-14.221	-3.928	80.47	1.77	0.576969696969697	-0.3109383746775813	-0.940313642014799	0.4358637384123067	0.6947283053421451	No-PER3D	No-Essential3D
406	M	406	-10.607	-2.915	80.972	0.61	0.606990622335891	-0.571321937035193	-0.8801397712608854	0.24768584309488464	0.21031751156484702	No-PER3D	No-Essential3D
407	I	407	-10.094	-5.438	83.75	1.31	0.527712890210236	-0.571321937035193	-1.0411877813174504	0	0.21602148203398597	No-PER3D	No-Essential3D
408	E	408	-11.599	-8.191	81.634	1.31	0.569594865623747	-0.10639089564495151	-1.0453228731976651	0	0.5880925787086181	No-PER3D	No-Essential3D
409	W	409	-9.247	-7.215	78.863	0.61	0.570048309178744	-0.5628199183892176	-0.9329405614680516	0	0.3575796727842362	No-PER3D	No-Essential3D
410	A	410	-6.295	-7.495	81.213	0.84	0.561141304347826	-0.8084217102211667	-1.009998025302274	0	0.22392917779964333	No-PER3D	No-Essential3D
411	L	411	-7.47	-10.838	82.567	0.38	0.565237226277372	-0.45208474169588964	-1.2054102482046265	0	0.5880925787086181	No-PER3D	No-Essential3D
412	G	412	-8.044	-12.072	79.018	1.07	0.647058823529412	-0.41087308629524083	-0.9789820868044664	0	1	No-PER3D	No-Essential3D
413	G	413	-4.406	-11.654	78.165	1.77	0.727941176470588	-0.7172340515048576	-0.9822575618676962	0	1	No-PER3D	No-Essential3D
414	F	414	-4.704	-8.194	76.689	-0.79	0.740115972588297	-0.8048788900340043	-0.9561772760000461	0	0.35580888504633795	No-PER3D	No-Essential3D
415	Q	415	-5.825	-9.518	73.344	-0.79	0.702602230483271	-0.7535930021845444	-0.8286582455852587	0	0.5959384343522636	No-PER3D	No-Essential3D
416	P	416	-5.681	-9.053	70.593	-0.79	0.698598798970546	-0.9865074716291935	-0.6717146312466351	0	0.5880925787086181	No-PER3D	No-Essential3D
417	S	417	-2.408	-7.241	71.117	-0.79	0.70767151064548806	-1.0945041279165195	-0.7230220585520953	0	0.35580888504633795	No-PER3D	No-Essential3D
418	G	418	-0.629	-8.229	74.32	-0.79	0.707070707070707	-1.107392695313172	-0.8939884096103239	0	0.5959384343522636	No-PER3D	No-Essential3D
419	P	419	1.265	-11.403	73.993	-0.79	0.699300699300699	-1.0930545083690386	-0.8109567220305693	0	0.9999999999999999	No-PER3D	No-Essential3D
420	K	420	2.075	-13.307	70.843	-0.79	0.635036496350365	-1.2523907587663525	-0.49226872200949945	0	1	No-PER3D	No-Essential3D
421	G	421	2.832	-16.99	70.975	-0.79	0.639194139194139	-1.2523907587663525	-0.5285768963311087	0	1	No-PER3D	No-Essential3D
422	L	422	3.651	-18.709	74.191	-0.79	0.635036496350365	-1.1854798346838407	-0.5839406932453577	0	1	No-PER3D	No-Essential3D
423	E	423	7.101	-19.72	75.329	-0.79	0.590025359256129	-1.5534899171376548	-0.6216529903619054	0	1	No-PER3D	No-Essential3D
424	P	424	7.914	-23.298	74.709	-0.79	0.682352941176471	-1.5534899171376548	-0.42869988224896594	0	1	No-PER3D	No-Essential3D
425	P	425	9.234	-25.681	77.225	-0.79	0.686838868388684	-1.5534899171376548	-0.025807632586041636	0	0.9999999999999999	No-PER3D	No-Essential3D
426	E	426	12.859	-26.642	77.076	-0.79	0.72440036900369	-1.5534899171376548	0.08547546881518943	0	0.9999999999999999	No-PER3D	No-Essential3D
427	E	427	13.849	-30.181	76.249	-0.79	0.868159203980099	-1.5534899171376548	0.3848682590030008	0	0.9999999999999999	No-PER3D	No-Essential3D
460	S	460	17.341	-31.412	76.018	-0.79	0.895674300254453	-1.5534899171376548	0.6558188586038892	0	0.9999999999999999	No-PER3D	No-Essential3D
461	T	461	17.193	-33.274	72.784	-0.79	0.899106002554279	-1.5534899171376548	0.6558188586038892	0	0.9999999999999999	No-PER3D	No-Essential3D
462	A	462	20.262	-33.716	70.692	-0.79	0.893129770992366	-1.5534899171376548	1.041733070144455	0	0.9999999999999999	No-PER3D	No-Essential3D
463	E	463	22.213	-36.629	69.416	-0.79	0.876628352490421	-1.5534899171376548	1.0437316452813632	0	1	No-PER3D	No-Essential3D
464	K	464	25.871	-36.549	70.154	-0.79	0.926315789473684	-1.5534899171376548	1.0335335492474063	0	1	No-PER3D	No-Essential3D
465	P	465	27.903	-38.392	67.644	-0.79	0.955656108597285	-1.5534899171376548	1.0336589033589798	0	1	No-PER3D	No-Essential3D
466	K	466	30.875	-39.961	69.3	-0.79	0.870182555780933	-1.5534899171376548	1.0466087617485813	0	1	No-PER3D	No-Essential3D
467	V	467	33.96	-40.559	67.322	-0.79	0.89058524173028	-1.5534899171376548	1.072460727439573	0	1	No-PER3D	No-Essential3D
468	K	468	37.072	-42.552	66.816	-0.79	0.893997445721584	-1.5534899171376548	0.975181117927229	0	1	No-PER3D	No-Essential3D
469	E	469	39.848	-42.054	64.37	-0.79	0.920152091254753	-1.5534899171376548	0.8247605838903139	0	1	No-PER3D	No-Essential3D
470	I	470	38.708	-42.503	60.777	-0.79	0.888888888888889	-1.1854798346838407	0.7219277345459216	0	0.9999999999999999	No-PER3D	No-Essential3D
471	I	471	40.5	-43.653	57.715	-0.79	0.827830188679245	-0.8758697897288008	0.6680547417639402	0	0.9999999999999999	No-PER3D	No-Essential3D
472	D	472	39.61	-41.313	54.94	-0.79	0.803370786516854	-0.28126756177974255	0.5525131213590676	0	1	No-PER3D	No-Essential3D
473	E	473	41.883	-42.43	52.209	0.14	0.785820895522388	0.01457804356789403	0.4181489619504185	0	0.5880925787086181	No-PER3D	No-Essential3D
474	R	474	41.696	-39.886	49.482	0.84	0.821756994717276	0.3409816289764277	0.11181922015670952	0	0.5959384343522636	No-PER3D	No-Essential3D
475	T	475	41.187	-41.965	46.401	0.84	0.842592592592593	0.5003944785884663	-0.17951619608877742	0	0.3575796727842362	No-PER3D	No-Essential3D
476	R	476	40.597	-38.948	44.198	1.77	0.82410487184504	0.9057374588599586	-0.33474077912314315	0.4358637384123067	0.6947283053421451	No-PER3D	No-Essential3D
477	E	477	43.805	-37.178	45.007	1.31	0.767548655149792	0.8819318066512275	0.08180640674335092	0.3943450524196398	0.7006848262135177	No-PER3D	No-Essential3D
478	R	478	45.974	-40.216	44.552	0.38	0.782899628252788	0.6684163516578143	0.05286130109209865	0	0.37220085831370536	No-PER3D	No-Essential3D
479	L	479	44.255	-41.183	41.337	1.31	0.774264705882353	0.8168142467489339	-0.281857842752408	0	0.13442735516145454	No-PER3D	No-Essential3D
480	V	480	44.605	-37.708	39.886	1.07	0.730627306273063	1.0089240358854852	-0.02158987457278249	0.24768584309488464	0.21031751156484702	No-PER3D	No-Essential3D
481	Y	481	48.218	-37.668	40.972	0.61	0.730627306273063	0.8948696611124944	0.2879735995485126	0	0.22392917779964333	No-PER3D	No-Essential3D
482	E	482	48.734	-40.966	39.167	1.31	0.687649229433471	0.7837334912902116	-6.495366093121866e-4	0	0.3575796727842362	No-PER3D	No-Essential3D
483	V	483	47.082	-39.382	36.161	1.77	0.687649229433471	1.0733566047302867	-0.1032627528483426	0	0.21602148203398597	No-PER3D	No-Essential3D
484	R	484	49.609	-36.569	36.045	0.14	0.729037587773647	0.9135236949084666	0.38447946476016887	0	0.22392917779964333	No-PER3D	No-Essential3D
485	Q	485	52.395	-39.143	36.441	0.61	0.729037587773647	0.7390978933988408	0.07559783225495305	0	0.3575796727842362	No-PER3D	No-Essential3D
486	K	486	51.208	-40.563	33.106	0.61	0.75412701495436	0.7947306675822884	-0.08368087875280146	0	0.5959384343522636	No-PER3D	No-Essential3D
487	C	487	50.81	-43.942	34.719	0.38	0.77124183006536	0.7087863486610156	-0.15583964973040385	0	0.37220085831370536	No-PER3D	No-Essential3D
488	R	488	47.144	-43.946	33.744	0.61	0.77124183006536	0.8885301124264735	-0.5677889591275668	0	0.37220085831370536	No-PER3D	No-Essential3D
489	N	489	45.008	-42.527	30.952	1.31	0.770566529194704	0.9332735257716883	-0.7945358670165836	0	0.3575796727842362	No-PER3D	No-Essential3D
490	I	490	42.606	-39.675	31.683	1.54	0.659259259259259	0.9764487143337193	-0.8363805513148105	0	0.22392917779964333	No-PER3D	No-Essential3D
491	E	491	40.096	-41.213	29.306	1.77	0.662313432835821	1.0082052661931924	-1.329435498519915	0	0.22392917779964333	No-PER3D	No-Essential3D
492	D	492	39.849	-44.399	31.381	1.77	0.626271561256082	0.9624251657917865	-1.356214624118757	0	0.21602148203398597	No-PER3D	No-Essential3D
493	I	493	38.834	-42.698	34.607	0.84	0.580056179775281	1.0685819203457714	-1.4014736936184393	0	0.22392917779964333	No-PER3D	No-Essential3D
494	C	494	35.892	-40.558	35.582	1.77	0.530337078651685	1.0813965571455026	-1.8263622750851236	0	0.21602148203398597	No-PER3D	No-Essential3D
495	I	495	37.142	-36.998	35.898	1.54	0.576259328358209	1.2057231776352006	-1.312282606326801	0.6232353299251608	0.7438136115960114	No-PER3D	No-Essential3D
496	S	496	34.32	-36.227	38.279	0.84	0.571990740740741	1.1585718858208056	-1.9878285028107041	1.855102305828842	0.2947655258491712	No-PER3D	No-Essential3D
497	C	497	34.47	-38.799	41.097	1.77	0.607872078720787	1.1117081018833277	-2.012872433898451	0.48661058183303	0.6945909193409487	No-PER3D	No-Essential3D
498	G	498	37.629	-40.599	40.049	1.77	0.558249868212968	1.1422558138057635	-1.0819968017783892	0.2645006349788868	0.32541498978407846	No-PER3D	No-Essential3D
499	S	499	35.839	-43.892	39.487	0.61	0.552137643378519	1.1047771084219349	-1.5552688399598975	0	0.3575796727842362	No-PER3D	No-Essential3D
500	L	500	37.102	-46.312	36.866	0.61	0.510144927536232	1.051177425653829	-1.4757273275246743	0	0.3575796727842362	No-PER3D	No-Essential3D
501	N	501	33.63	-47.327	35.774	1.31	0.506474820143885	1.0149554511295056	-2.098461162874186	0	0.5880925787086181	No-PER3D	No-Essential3D
502	V	502	33.448	-45.056	32.761	0.84	0.547705002578649	1.0664256112688937	-1.9633447009922187	0	0.35580888504633795	No-PER3D	No-Essential3D
503	T	503	29.988	-45.363	31.259	-0.09	0.532490974729242	0.9946793274382315	-2.3383937063607765	0	0.9999999999999999	No-PER3D	No-Essential3D
504	L	504	30.015	-42.313	28.98	0.38	0.507913669064748	1.0541569561763129	-2.1425160506544714	0.5499865704785785	1	No-PER3D	No-Essential3D
505	E	505	32.234	-39.519	27.711	0.38	0.506093189964158	1.1484349145475692	-1.6976968068155947	0.3943450524196398	0.7006848262135177	No-PER3D	No-Essential3D
506	H	506	31.97	-36.248	29.587	1.77	0.422062350119904	1.1207646000062144	-1.6868163956892455	0.3597347308982647	0.47300538047611934	No-PER3D	No-Essential3D
507	P	507	30.279	-33.657	27.445	1.77	0.422062350119904	1.1497606150047008	-1.6035791100576422	0.8046830410638858	1	No-PER3D	No-Essential3D
508	L	508	32.36	-30.648	28.516	1.77	0.422382671480144	1.122743330688526	-0.9381415302012666	0.7341470444204775	1	No-PER3D	No-Essential3D
509	F	509	35.918	-31.957	28.753	1.77	0.417857142857143	1.0877350186168626	-0.7544645302501661	0.7341470444204775	1	No-PER3D	No-Essential3D
510	V	510	38.078	-34.803	27.535	0.14	0.341883116883117	1.0612087344699956	-0.8913580926109124	0.30532546150555756	0.31851881707211177	No-PER3D	No-Essential3D
511	G	511	37.699	-37.753	29.862	1.77	0.340666450986736	1.1671560495744717	-1.2423573686120646	0.30532546150555756	0.31851881707211177	No-PER3D	No-Essential3D
512	G	512	35.196	-40.417	30.86	1.77	0.314285714285714	1.1200551047615643	-1.9518377011777297	0.48661058183303	0.6945909193409487	No-PER3D	No-Essential3D
513	M	513	32.118	-40.206	33.074	1.31	0.343361674296926	1.1069026130834285	-2.3586542801410513	0.6314225409963545	1	No-PER3D	No-Essential3D
514	C	514	30.264	-42.85	35.079	1.77	0.313848920863309	1.075571335974272	-2.4187366062176596	0	0.5880925787086181	No-PER3D	No-Essential3D
515	Q	515	26.538	-43.382	35.494	0.61	0.210589651022864	0.9332735257716883	-2.5425438757065932	0	0.9999999999999999	No-PER3D	No-Essential3D
516	N	516	26.501	-41.99	39.001	1.07	0.193979933110368	0.995806489001145	-2.9070604885305515	0	0.9999999999999999	No-PER3D	No-Essential3D
517	C	517	28.126	-38.784	37.803	1.77	0.10439229843562	1.0041390833625086	-2.7520371142950895	0	0.5880925787086181	No-PER3D	No-Essential3D
518	K	518	25.759	-38.645	34.852	1.31	0.105072463768116	1.03372159026958	-2.536282028901028	0	0.5880925787086181	No-PER3D	No-Essential3D
519	N	519	22.808	-38.786	37.195	1.07	0.104693140794224	0.8824493208296782	-3.0469869595535375	0	1	No-PER3D	No-Essential3D
520	C	520	24.569	-36.416	39.536	0.38	0.104770531400966	1.1030828655758165	-3.576333424883377	0	1	No-PER3D	No-Essential3D
521	F	521	25.075	-33.97	36.701	1.77	0.113554315720381	1.1318759338376556	-3.1003774769648658	1.1190843791158895	1	No-PER3D	No-Essential3D
522	L	522	21.512	-34.262	35.459	1.77	0.104848484848485	0.9435159938868581	-2.8636661720102157	0	1	No-PER3D	No-Essential3D
523	E	523	19.891	-33.867	38.865	1.31	0.114380165289256	0.7569952587369267	-2.8153804185560722	2.2519124303439844	0.45585374227512016	No-PER3D	No-Essential3D
524	C	524	22.32	-31.424	40.48	0.84	0.114380165289256	1.0438958991897909	-3.339064077461173	1.4973346697853886	0.5565422230352358	No-PER3D	No-Essential3D
525	A	525	22.502	-29.12	37.517	0.61	0.113226124056449	1.213250656594483	-3.0547419410080594	2.2519124303439844	0.45585374227512016	No-PER3D	No-Essential3D
526	Y	526	19.044	-27.924	38.495	1.31	0	0.7652611101982916	-1.8426330213589392	2.279691628207934	0.3022057359203984	No-PER3D	No-Essential3D
527	Q	527	19.181	-28.847	42.153	0.84	0.105231143552311	0.9418987620791995	-1.9032378466574345	1.8171863933339667	0.6149878175932925	No-PER3D	No-Essential3D
528	Y	528	22.264	-26.707	42.835	1.77	0.104091456077016	1.1493087414113847	-2.5211783962132497	4.83811004240263	0.02042120853047784	PER3D	Essential3D
529	D	529	21.272	-23.373	41.329	1.77	0.0954620918649696	1.03814715794641	-1.571747485475141	4.664325029864801	0.07663738616559407	No-PER3D	No-Essential3D
530	D	530	21.785	-20.662	43.941	1.77	0.0962237762237762	0.8658888671192566	-1.3299637407181204	4.664325029864801	0.07663738616559407	No-PER3D	No-Essential3D
531	D	531	20.318	-17.193	43.714	1.77	0.103489771359807	0.5989994122325505	-0.6032363791692562	6.350339157212746	0.022716665108668686	PER3D	Essential3D
532	G	532	22.204	-15.325	41.002	1.77	0.102678571428571	0.7096393940101099	-0.39365675915834125	6.067538454212146	0.011845035068741449	PER3D	Essential3D
533	Y	533	24.549	-18.191	40.124	1.77	0.10188457008245	0.9081735621877876	-1.105420211614348	4.749197383023351	0.03932424719420174	PER3D	Essential3D
534	Q	534	24.351	-21.949	39.502	1.77	0.0944429236244183	1.2181681614503241	-1.8345001209535456	6.350339157212746	0.022716665108668686	PER3D	Essential3D
535	S	535	26.693	-22.716	42.419	1.77	0.0944429236244183	1.3312595715290692	-2.5557651315116816	7.092688584544175	0.0017295484215652177	PER3D	Essential3D
536	Y	536	27.867	-25.992	40.796	1.77	0.0947166712291268	1.3086509975715017	-2.775649081113168	5.0292062287553145	0.0055365448462018334	PER3D	Essential3D
537	C	537	30.818	-27.326	40.934	1.77	0.0947802197802198	1.2917599098026256	-2.2179863715114307	5.132050090463765	0.0028666733146557252	PER3D	Essential3D
538	T	538	30.604	-28.166	37.283	1.31	0.175902389425521	1.404574080142915	-2.0294970913915775	5.240294072221534	0.0014736206718252807	PER3D	Essential3D
539	I	539	33.091	-30.986	37.504	1.31	0.175902389425521	1.3304194511095064	-1.7985020096599704	2.645830511846353	0.14440696665198044	No-PER3D	No-Essential3D
540	C	540	32.446	-32.89	40.762	1.77	0.177163338453661	1.245512754601167	-2.070486786122136	1.5199309754810655	0.4640720406115555	No-PER3D	No-Essential3D
541	C	541	29.048	-31.397	41.508	1.77	0.413381123058542	1.2957952882179256	-2.932206423854203	3.1439901944559905	0.08856522247063124	No-PER3D	No-Essential3D
542	G	542	30.561	-30.766	44.934	0.14	0.443216855087359	1.2137733981888776	-2.467820531460298	3.1439901944559905	0.08856522247063124	No-PER3D	No-Essential3D
543	G	543	32.715	-27.937	46.267	1.77	0.475599669148056	1.3222422790257622	-1.7940653179977526	2.6842862304190858	0.1207257287604896	No-PER3D	No-Essential3D
544	R	544	32.855	-25.318	48.996	1.07	0.441326530612245	1.3697041408462385	-1.541511773349612	3.1439901944559905	0.08856522247063124	No-PER3D	No-Essential3D
545	E	545	34.974	-22.481	47.604	0.84	0.478356768679349	0.935640778127826	-0.8538943246811537	4.210693413291716	0.01700174604994801	PER3D	Essential3D
546	V	546	34.431	-21.756	43.99	1.31	0.516726403823178	1.1582843779438887	-1.0497347770676309	4.543199206855662	0.00465335405896732	PER3D	Essential3D
547	L	547	35.518	-19.435	41.193	1.77	0.623655913978495	0.9965296414354637	-0.36668306270839995	4.071581551874733	0.0071971407686809265	PER3D	Essential3D
548	M	548	32.649	-17.577	39.579	1.31	0.627697841726619	1.118177029113961	-0.5553407565835035	5.0292062287553145	0.0055365448462018334	PER3D	Essential3D
549	C	549	32.3	-16.682	35.91	1.77	0.631294964028777	1.2673544116143267	-0.6165502759715475	3.669604714720626	0.02560064695275764	PER3D	Essential3D
550	G	550	31.808	-13.069	34.825	1.07	0.635869565217391	0.7838004112270804	0.020063663416388336	3.669604714720626	0.02560064695275764	PER3D	No-Essential3D
551	N	551	30.058	-13.936	31.58	1.77	0.64051094890511	0.8927996043986917	0.25392372352954495	3.429994584504858	0.04774360422263014	PER3D	No-Essential3D
552	N	552	26.362	-13.163	31.973	1.07	0.645220588235294	0.6757024065386331	0.019677101234535015	2.989233099102988	0.06695726558055638	No-PER3D	No-Essential3D
553	N	553	25.305	-15.706	29.432	0.84	0.690335305719921	1.1103462224663523	-0.3308890911606899	6.350339157212746	0.022716665108668686	PER3D	Essential3D
554	C	554	27.21	-18.591	31.063	1.77	0.736787022501308	1.2946023172221464	-0.49115936452411757	7.4463091488244135	0.0032688616070050787	PER3D	Essential3D
555	C	555	27.24	-18.29	34.888	1.07	0.741596638655462	1.3402768640323766	-1.0675589869750053	5.889589116758558	0.003220913075987088	PER3D	Essential3D
556	R	556	29.252	-21.506	35.383	1.77	0.795717103409411	1.4244345268613794	-1.5367167471585175	6.895598693174842	9.052813057723381e-4	PER3D	Essential3D
557	C	557	31.565	-21.994	38.37	1.77	0.795058955642897	1.3893743630135944	-1.5653302145209744	6.047969177339869	2.1936895504643154e-4	PER3D	Essential3D
558	F	558	34.639	-24.114	39.085	1.31	0.822163238221632	1.3323325674333528	-0.7458489449017403	4.6965777232622345	0.002407584202274534	PER3D	Essential3D
559	C	559	35.754	-25.106	42.561	1.77	0.816205533596838	1.238042445446287	-0.6223764596754381	4.383067631672333	0.00892184602467422	PER3D	Essential3D
560	V	560	39.256	-24.475	43.849	0.84	0.901090909090909	1.0215351768502556	-0.3513084349057709	2.989233099102988	0.06695726558055638	No-PER3D	No-Essential3D
561	E	561	39.947	-28.093	44.743	1.77	0.898545454545454	1.1776494246213978	-0.4496906271578956	2.3391273717383827	0.2407025079350764	No-PER3D	No-Essential3D
562	C	562	39.364	-29.364	41.237	1.77	0.897826086956522	1.3006688709886733	-0.5200021702690044	1.6789647081933199	0.4872714087636838	No-PER3D	No-Essential3D
563	V	563	41.559	-26.704	39.668	1.31	0.81096160157532	1.166606565408163	0.10630496772625185	2.1458934217403	0.18192914658330456	No-PER3D	No-Essential3D
564	D	564	44.415	-27.347	42.038	1.31	0.806366918280276	1.0028516712437028	0.6974387534195587	0.9926207936063297	1	No-PER3D	No-Essential3D
565	L	565	44.064	-31.092	41.642	0.38	0.911688311688312	1.1780667747653095	0.18100438439910335	0.3943450524196398	0.7006848262135177	No-PER3D	No-Essential3D
566	L	566	43.524	-31.564	37.902	1.77	0.964285714285714	1.11237158159929	0.08960490111726985	0.28355416099689496	0.3184628778331984	No-PER3D	No-Essential3D
567	V	567	45.193	-28.596	36.293	1.77	0.964285714285714	0.9974237208088034	0.8215363154388657	0.3943450524196398	0.7006848262135177	No-PER3D	No-Essential3D
568	G	568	48.085	-28.153	38.713	1.77	0.957446808510638	0.9652515893817865	0.8598885166645832	0.5499865704785785	1	No-PER3D	No-Essential3D
569	P	569	49.274	-26.67	41.936	1.07	0.9375	0.9473973502252381	0.9859942370043223	0.8916899388694605	1	No-PER3D	No-Essential3D
570	G	570	48.868	-22.92	42.297	1.77	0.943548387096774	0.9909547935781701	1.146118188153838	0.8916899388694605	1	No-PER3D	No-Essential3D
571	A	571	46.686	-22.9	39.223	0.84	0.967032967032967	0.9823295572706586	1.0308037743465541	0.48661058183303	0.6945909193409487	No-PER3D	No-Essential3D
572	A	572	43.777	-21.675	41.291	1.07	0.881294964028777	0.9251525875547371	0.7816498351879844	2.3709676364974537	0.16047754014701152	No-PER3D	No-Essential3D
573	Q	573	45.805	-18.743	42.513	0.61	0.88768115942029	0.6705888735848939	0.793469941719851	1.1190843791158895	1	No-PER3D	No-Essential3D
574	A	574	46.672	-18.172	38.894	-0.09	0.897435897435897	0.8250324846099926	1.0651024501629378	0.739925481217733	1	No-PER3D	No-Essential3D
575	A	575	42.99	-18.155	37.976	1.07	1.00738007380074	0.857124514097108	0.8138166977836667	1.855102305828842	0.2947655258491712	No-PER3D	No-Essential3D
576	I	576	42.238	-15.689	40.776	0.38	0.981412639405205	0.6459453412777191	0.5771979290455286	3.429994584504858	0.04774360422263014	PER3D	No-Essential3D
577	K	577	43.409	-12.068	40.473	0.14	0.941680042803638	0.3491833045724094	0.841731410849031	1.1190843791158895	1	No-PER3D	No-Essential3D
578	E	578	41.191	-11.879	37.448	0.61	0.952380952380952	0.5560991297411434	0.6063759859905373	3.786670672439873	0.061307616894569844	No-PER3D	No-Essential3D
579	D	579	38.452	-9.447	38.313	0.61	0.923954372623574	0.38349172220630473	0.3097941217507132	2.6842862304190858	0.1207257287604896	No-PER3D	No-Essential3D
580	P	580	36.477	-10.2	35.203	1.07	0.888888888888889	0.46912799697373797	0.40421692530398073	2.3391273717383827	0.2407025079350764	No-PER3D	No-Essential3D
581	W	581	37.082	-13.901	35.379	1.77	0.908018867924528	0.964308974271037	0.5370851861204813	4.017147662238715	0.03228433646337907	PER3D	No-Essential3D
582	N	582	35.882	-16.098	32.585	0.61	0.938502673796792	0.9684333432196682	0.5738052437712807	3.429994584504858	0.04774360422263014	PER3D	No-Essential3D
583	C	583	35.656	-19.788	33.302	1.77	0.944755088347126	0.9826889421168049	0.2810340302990839	1.9582310100248537	0.20803705433454583	No-PER3D	No-Essential3D
584	Y	584	37.357	-22.563	31.377	1.77	0.970313825275657	1.1746004499589309	0.2300322851239082	2.2092856437815556	0.12788039294218026	No-PER3D	No-Essential3D
585	M	585	34.29	-22.99	29.196	1.31	0.977777777777778	1.0636532138843364	0.0230810662156305	2.4043800723521844	0.10985580798892343	No-PER3D	No-Essential3D
586	C	586	34.11	-19.293	28.235	1.77	0.971264367816092	1.088320441895653	0.3763974380712604	3.669604714720626	0.02560064695275764	PER3D	No-Essential3D
587	G	587	37.86	-18.844	27.853	0.84	0.912280701754386	0.9422838172714992	0.8229076973627253	2.0704098473032357	0.2648022252542568	No-PER3D	No-Essential3D
588	H	588	39.819	-18.35	24.659	-0.09	0.905421448357736	0.7069380837379773	1.1689984993821723	1.9710591887070332	0.39655886961569115	No-PER3D	No-Essential3D
589	K	589	42.008	-21.349	25.305	0.38	0.919402985074627	0.8392521079342952	1.0787877527970071	0.8892830224485555	1	No-PER3D	No-Essential3D
590	G	590	40.541	-24.845	25.458	0.14	0.93816631130064	0.9252853807823456	0.48764777095465806	1.1244934699341116	0.7416787250259781	No-PER3D	No-Essential3D
591	T	591	43.556	-26.219	27.267	0.38	0.931216931216931	0.9570699366558042	0.7538014119752802	0.8046830410638858	1	No-PER3D	No-Essential3D
592	Y	592	44.418	-25.342	30.84	0.14	0.941176470588235	0.8689939521899607	0.8378604267408715	0.9926207936063297	1	No-PER3D	No-Essential3D
593	G	593	47.041	-27.532	32.417	1.77	0.893684544589019	0.8944599623878876	1.0660994569100424	0.4358637384123067	0.6947283053421451	No-PER3D	No-Essential3D
594	L	594	45.878	-31.126	32.278	1.31	0.89296442687747	0.9506541204861777	0.2533340305368036	0.30532546150555756	0.31851881707211177	No-PER3D	No-Essential3D
595	L	595	42.317	-29.915	31.641	1.77	0.887208569628229	1.1000222978537963	0.12686068450188323	1.0330871194474112	1	No-PER3D	No-Essential3D
596	R	596	41.171	-29.903	28.025	1.07	0.863964555300295	1.1466882269082346	-0.004045509861961654	0.8046830410638858	1	No-PER3D	No-Essential3D
597	R	597	37.825	-28.732	26.673	1.77	0.82068345323741	0.9794544785014883	0.10360910610208145	0.954696316748208	1	No-PER3D	No-Essential3D
598	R	598	36.078	-30.713	23.964	1.77	0.802867383512545	1.007666188923973	-0.45578222615772507	0.8892830224485555	1	No-PER3D	No-Essential3D
599	E	599	35.491	-28.779	20.754	0.84	0.808044473512099	0.7780476447243393	-0.1310456242265634	0.9926207936063297	1	No-PER3D	No-Essential3D
600	D	600	32.089	-30.481	20.388	0.61	0.778512917454316	0.9318719248717178	-0.5303292741594698	0.8892830224485555	1	No-PER3D	No-Essential3D
601	W	601	30.753	-29.577	23.872	1.77	0.741275571600481	1.0138304203067867	-0.4383629365618165	0.8046830410638858	1	No-PER3D	No-Essential3D
602	P	602	27.406	-27.977	22.915	0.38	0.724952741020794	1.191491537727807	-0.5079710020635634	1.1217288057000858	1	No-PER3D	No-Essential3D
603	S	603	25.527	-30.849	21.276	0.61	0.695863746958637	1.045401597769335	-0.5767317050005867	0.6314225409963545	1	No-PER3D	No-Essential3D
604	R	604	27.372	-33.14	23.692	1.07	0.700396825396825	0.9435159938868581	-0.822244607685317	0.48661058183303	0.6945909193409487	No-PER3D	No-Essential3D
605	L	605	25.458	-31.372	26.39	1.77	0.704365079365079	1.0082052661931924	-1.332725459127534	0.6314225409963545	1	No-PER3D	No-Essential3D
606	Q	606	22.482	-31.512	24.082	0.84	0.712191358024691	0.9241092121949576	-0.9125198125704329	0.739925481217733	1	No-PER3D	No-Essential3D
607	M	607	22.596	-35.311	23.962	1.07	0.693220038944946	0.8437096880427991	-1.1559313943112495	0.739925481217733	1	No-PER3D	No-Essential3D
608	F	608	23.682	-35.659	27.58	1.77	0.696536881236549	0.9042048207160855	-1.8765998901111178	0.8916899388694605	1	No-PER3D	No-Essential3D
609	F	609	20.679	-33.618	28.669	1.31	0.662313432835821	0.7613510030722197	-1.9435033267972397	0	0.5880925787086181	No-PER3D	No-Essential3D
610	A	610	18.183	-35.893	26.882	0.38	0.701273046532046	0.5933853075288222	-1.30530067059687	0	0.5880925787086181	No-PER3D	No-Essential3D
611	N	611	17.4	-38.069	29.921	0.61	0.703841387856258	0.6801926030869551	-1.9236754189841072	0	1	No-PER3D	No-Essential3D
612	N	612	16.181	-35.133	31.976	0.84	0.655555555555556	0.46069878876412473	-2.3126024817108055	0	1	No-PER3D	No-Essential3D
613	H	613	14.638	-31.641	32.068	0.14	0.608547008547009	0.5057852512806609	-1.7200839913369401	1.1190843791158895	1	No-PER3D	No-Essential3D
614	D	614	11.749	-32.762	29.885	0.14	0.606301447629861	4.783778831737554e-5	-1.0995963151764447	0	1	No-PER3D	No-Essential3D
615	Q	615	9.689	-32.758	33.047	-0.79	0.547355473554736	0.42082667365167487	-0.5476928165745282	0.9926207936063297	1	No-PER3D	No-Essential3D
616	E	616	10.234	-29.043	33.473	-0.79	0.503393665158371	0.49284739681939393	0.03549607532769664	1.2324038492020284	0.7252400984367224	No-PER3D	No-Essential3D
617	F	617	10.649	-25.759	31.599	-0.79	0.503393665158371	0.4049778019366229	-0.17124355906537758	1.361843551263755	0.7112358249184215	No-PER3D	No-Essential3D
618	D	618	6.964	-24.753	31.587	0.84	0.608547008547009	0.638361081765942	0.15275544153980627	0.8272878273179518	1	No-PER3D	No-Essential3D
619	P	619	5.043	-26.031	28.554	0.84	0.605818181818182	0.5300437283955364	-0.1631346951708722	0.7341470444204775	1	No-PER3D	No-Essential3D
620	P	620	2.472	-23.223	28.284	0.61	0.605314009661836	0.7781364629471855	-0.038030613442331086	0.7341470444204775	1	No-PER3D	No-Essential3D
621	K	621	-1.085	-23.3	26.916	0.84	0.555900621118012	1.00003398969134	0.01224046606716607	0.48661058183303	0.6945909193409487	No-PER3D	No-Essential3D
622	V	622	-2.868	-20.313	25.422	1.07	0.524087591240876	1.1434058453134317	-0.005785963278915824	1.662891595723754	0.3569414616794977	No-PER3D	No-Essential3D
623	Y	623	-6.108	-18.307	25.443	1.31	0.466233766233766	1.1874869637278909	0.0010329337665047336	1.3008897696807704	0.7507976139686844	No-PER3D	No-Essential3D
624	P	624	-7.835	-16.637	22.526	0.38	0.502097902097902	1.1375838108058616	-0.2701630941785848	0.9926207936063297	1	No-PER3D	No-Essential3D
625	P	625	-7.503	-12.903	22.088	0.61	0.541968599033817	1.259055888803312	-0.3201350936536367	1.6789647081933199	0.4872714087636838	No-PER3D	No-Essential3D
626	V	626	-10.185	-10.291	22.762	1.31	0.541968599033817	1.017057482403533	-0.21710770500713	0.9926207936063297	1	No-PER3D	No-Essential3D
627	P	627	-11.46	-7.404	20.716	1.77	0.604195804195804	0.8818123803023544	-0.4765637377503211	0	0.5880925787086181	No-PER3D	No-Essential3D
628	A	628	-10.734	-3.867	21.85	1.07	0.613113823445927	1.03038444526965	-0.26270676746556704	0	0.5959384343522636	No-PER3D	No-Essential3D
629	E	629	-14.272	-2.755	21.967	-0.09	0.608313619466036	1.0223192892418473	-0.27482519774992786	0	0.5880925787086181	No-PER3D	No-Essential3D
630	K	630	-15.604	-4.362	25.002	1.31	0.676691729323308	1.0764230442616907	-0.16203421430305168	0	0.5880925787086181	No-PER3D	No-Essential3D
631	R	631	-12.574	-5.188	27.081	1.77	0.784332084893883	0.9687107631009042	0.38925983898129873	0.9926207936063297	1	No-PER3D	No-Essential3D
632	K	632	-12.896	-4.729	30.813	0.84	0.93085566119274	0.7817928131210218	0.8232338939425189	0.5788457507296965	0.7457118509884534	No-PER3D	No-Essential3D
633	P	633	-10.508	-3.611	33.466	1.77	0.935268505079826	0.8232418653765619	1.219712385086934	0.2327370867186698	0.2135133699326293	No-PER3D	No-Essential3D
634	I	634	-8.445	-6.256	35.246	1.31	1.02091254752852	0.8651278168568289	1.362909949489697	0.32992018149018754	0.1857851264928202	No-PER3D	No-Essential3D
635	R	635	-9.459	-7.692	38.601	1.77	1.02480916030534	0.7807146585825827	1.5220613421999665	0.3454906148863762	0.1843431213845229	No-PER3D	No-Essential3D
636	V	636	-6.497	-8.839	40.643	1.77	1.02480916030534	0.750741962413981	1.5814587624383136	0.5554652165197139	0.4331247166522891	No-PER3D	No-Essential3D
637	L	637	-6.02	-10.877	43.814	1.77	0.952254641909814	0.7809841972171925	1.4932008246891533	0.46324448066648566	0.31417107392327603	No-PER3D	No-Essential3D
638	S	638	-2.645	-10.704	45.517	1.77	0.952254641909814	0.7882617403516551	1.4273716880860319	0.1865180658289797	0.08894561368493788	No-PER3D	No-Essential3D
639	L	639	-1.6	-13.253	48.1	1.77	0.990071704357419	0.79365251304384965	1.1812352010377845	0.6892997600858485	0.6173279028809492	No-PER3D	No-Essential3D
640	F	640	1.486	-12.322	50.095	1.77	0.984555984555985	0.5142144594902742	1.1119602548991219	0	0.08065756427689795	No-PER3D	No-Essential3D
641	D	641	1.597	-8.853	48.521	1.31	0.980769230769231	0.2608377159306467	1.4502605775341653	0.28355416099689496	0.3184628778331984	No-PER3D	No-Essential3D
642	G	642	4.286	-7.189	50.641	0.38	0.987313844456702	0.13305182513463815	1.1683518296735815	0.48661058183303	0.6945909193409487	No-PER3D	No-Essential3D
643	I	643	5.368	-4.056	48.856	1.77	1.01472868217054	-0.03976094516942695	1.004587534222418	0.3304407649656059	0.4767135543091344	No-PER3D	No-Essential3D
644	A	644	2.747	-3.25	46.194	0.38	1.07507507507508	0.0683995181267644	1.3433330174146938	0.3304407649656059	0.4767135543091344	No-PER3D	No-Essential3D
645	T	645	5.002	-4.491	43.368	0.61	1.07507507507508	0.12072350485011789	0.9415094488368475	0.6744361749235525	1	No-PER3D	No-Essential3D
646	G	646	2.076	-5.997	41.47	0.14	1.06794871794872	0.5015706471758543	1.173678662298548	0.6232353299251608	0.7438136115960114	No-PER3D	No-Essential3D
647	L	647	-0.109	-2.919	41.479	-0.79	1.13665389527459	0.3892008071908003	1.7494853034063345	0.4479252322965831	0.38426619361997727	No-PER3D	No-Essential3D
648	L	648	2.905	-0.769	40.672	-0.79	1.06864118471083	0.07991420859729188	1.4043905292699086	0.6744361749235525	1	No-PER3D	No-Essential3D
649	V	649	3.9	-2.861	37.678	-0.79	1.09980988593156	0.2456804688822741	0.9870297333123159	0.6744361749235525	1	No-PER3D	No-Essential3D
650	L	650	0.289	-2.817	36.607	1.77	1.11787072243346	0.4015247934824334	1.2972235523613962	0.837764813454086	0.9999999999999999	No-PER3D	No-Essential3D
651	K	651	-0.098	0.947	36.799	0.61	1.11020992366412	0.18064464690287	1.6859266797774837	0.6232353299251608	0.7438136115960114	No-PER3D	No-Essential3D
652	D	652	3.222	1.366	35.048	0.61	1.11446360153257	0.0021577032850778025	1.20077552365618	0.8046830410638858	1	No-PER3D	No-Essential3D
653	L	653	2.018	-1.055	32.398	1.77	1.19666666666667	0.44468982743578944	1.075138380109307	1.3008897696807704	0.7507976139686844	No-PER3D	No-Essential3D
654	G	654	-0.8	1.426	31.925	1.77	1.1830164765526	0.5276563862032788	1.472346895127609	0.8046830410638858	1	No-PER3D	No-Essential3D
655	I	655	-3.699	-0.943	32.406	1.07	1.18753180661578	0.5657306436178642	1.4579813483651216	0.79560044676675	0.7955457920728369	No-PER3D	No-Essential3D
656	Q	656	-6.869	-0.075	34.306	-0.79	1.18753180661578	0.3996469267187861	1.7580936134107539	0.2327370867186698	0.2135133699326293	No-PER3D	No-Essential3D
657	V	657	-7.347	-1.989	37.535	-0.79	1.17853535353535	0.35171348981987494	1.8424251411910288	0.2645006349788868	0.32541498978407846	No-PER3D	No-Essential3D
658	D	658	-10.905	-2.544	38.7	-0.79	1.15359828141783	0.5664014953306707	1.6455843083394965	0.5788457507296965	0.7457118509884534	No-PER3D	No-Essential3D
659	R	659	-10.124	-4.247	41.986	-0.79	1.15359828141783	0.616946701967983	1.6733835221960323	0.5788457507296965	0.7457118509884534	No-PER3D	No-Essential3D
660	Y	660	-6.827	-4.936	43.668	-0.79	1.14606741573034	0.46513882518151406	1.7278021802781194	0.6487166211284022	0.7769023019302596	No-PER3D	No-Essential3D
661	I	661	-7.456	-7.109	46.724	-0.79	1.17434210526316	0.5919850214514595	1.5559754115333286	0.5057009144471898	0.5406308527367304	No-PER3D	No-Essential3D
662	A	662	-4.291	-8.176	48.504	-0.79	1.16994382022472	0.4855761220252711	1.6393354209803084	0.2645006349788868	0.32541498978407846	No-PER3D	No-Essential3D
663	S	663	-3.458	-10.271	51.556	-0.79	1.06268656716418	0.4576995588662855	1.3954647292279145	0	0.0800744487865157	No-PER3D	No-Essential3D
664	E	664	-0.468	-9.084	53.585	-0.79	1.06666666666667	0.2714663315932713	1.7012260470425653	0	0.21602148203398597	No-PER3D	No-Essential3D
665	V	665	0.648	-9.281	57.235	-0.79	1.06666666666667	0.037348667419723786	1.78576420452735	0	0.37220085831370536	No-PER3D	No-Essential3D
666	C	666	3.727	-7.084	57.686	-0.79	1.05873605947955	-0.011397187312034106	1.166740643733757	0	0.35580888504633795	No-PER3D	No-Essential3D
667	E	667	2.37	-3.744	58.725	-0.79	1.05873605947955	-0.08342620397620276	1.2486992571039828	0	0.5959384343522636	No-PER3D	No-Essential3D
668	D	668	5.234	-1.891	57.116	-0.79	1.13436006372809	0.051638736347265096	0.5358650690277158	2.6842862304190858	0.1207257287604896	No-PER3D	No-Essential3D
669	S	669	4.391	-3.436	53.772	-0.79	1.14522058823529	-0.02927079290353483	0.9140587707351858	0	0.22392917779964333	No-PER3D	No-Essential3D
670	I	670	0.772	-2.501	54.273	-0.79	1.1343137254902	0.0234497151984771	1.5576669297730565	0	0.22392917779964333	No-PER3D	No-Essential3D
671	T	671	1.597	1.111	54.996	-0.79	1.14102564102564	-0.0063729336564800855	1.1392535257986796	0	0.5959384343522636	No-PER3D	No-Essential3D
672	V	672	3.754	1.4	51.908	1.31	1.14102564102564	-0.05380775858451672	1.1082847237240459	0.6314225409963545	1	No-PER3D	No-Essential3D
673	G	673	0.814	0.131	49.922	0.14	1.14200367647059	-0.3062108127230859	1.7126513585026821	0.4358637384123067	0.6947283053421451	No-PER3D	No-Essential3D
674	M	674	-1.716	2.441	51.482	0.61	1.12603406326034	-0.15715999491055258	1.7719515942962683	0	0.35580888504633795	No-PER3D	No-Essential3D
675	V	675	0.494	5.41	50.718	1.07	1.07878787878788	0.0840728046741277	1.4059034025473485	0	0.9999999999999999	No-PER3D	No-Essential3D
676	R	676	2.063	4.592	47.348	0.38	1.07575757575758	-0.1959393311661489	1.212589510727967	0.6314225409963545	1	No-PER3D	No-Essential3D
677	H	677	-1.222	3.796	45.649	0.38	0.993006993006993	-0.10345499790181789	2.0832626468904554	0.5499865704785785	1	No-PER3D	No-Essential3D
678	Q	678	-3.509	5.963	47.665	0.38	0.930171277997365	-0.026014474804330872	2.067664927856506	0.8916899388694605	1	No-PER3D	No-Essential3D
679	G	679	-5.942	3.459	49.177	1.77	1.03065693430657	-0.21118751678121347	2.1623130184851314	0	0.3575796727842362	No-PER3D	No-Essential3D
680	K	680	-6.618	1.545	45.914	0.61	0.936960849369608	-0.274712382186034	2.234632187229115	0.3597347308982647	0.47300538047611934	No-PER3D	No-Essential3D
681	I	681	-5.549	-1.717	47.548	1.54	0.90036231884058	-0.05449572386142538	2.0976630433159884	0.21936005044037488	0.13790383240005052	No-PER3D	No-Essential3D
682	M	682	-8.197	-3.613	49.494	0.84	0.897111913357401	0.15800340159565282	1.9470971858455821	0.3304407649656059	0.4767135543091344	No-PER3D	No-Essential3D
683	Y	683	-6.362	-5.345	52.32	1.07	0.90036231884058	0.0719750706324236	1.9136814192011407	0.3943450524196398	0.7006848262135177	No-PER3D	No-Essential3D
684	V	684	-7.25	-8.666	53.891	1.77	0.934689858877585	0.25411317759363555	1.7465242122761333	0.48661058183303	0.6945909193409487	No-PER3D	No-Essential3D
685	G	685	-5.5	-10.494	56.726	0.61	0.991391280199944	0.10363360844294793	1.7655989495707467	0	0.37220085831370536	No-PER3D	No-Essential3D
686	D	686	-3.761	-13.829	56.482	1.77	0.945126353790614	0.5429815828568033	1.30028589737006	0	0.22392917779964333	No-PER3D	No-Essential3D
687	V	687	-4.149	-15.958	53.427	1.77	0.951207729468599	0.7357710165373721	0.9946738760528702	0.8841335556888856	1	No-PER3D	No-Essential3D
688	R	688	-5.713	-18.228	56.026	0.84	0.950421179302046	0.6675084320464971	0.896270815220948	0.7747880982348173	1	No-PER3D	No-Essential3D
689	S	689	-8.407	-15.707	56.846	0.84	0.957333333333333	0.5548178446374912	1.2476465159323966	0.3304407649656059	0.4767135543091344	No-PER3D	No-Essential3D
690	V	690	-9.661	-15.889	53.278	0.61	0.972826086956522	0.7554858423831121	1.3494187936870625	0.8272878273179518	1	No-PER3D	No-Essential3D
691	T	691	-12.469	-18.377	52.775	0.84	0.988320237842429	0.9873921959728937	1.1271768432339129	1.0330871194474112	1	No-PER3D	No-Essential3D
692	Q	692	-13.601	-19.961	49.555	0.84	0.940979689366786	1.044323443230896	1.026419167162503	2.2092856437815556	0.12788039294218026	No-PER3D	No-Essential3D
693	K	693	-16.713	-17.886	50.028	1.77	0.916538658474142	0.9321953712332496	1.2724780131117452	1.8171863933339667	0.6149878175932925	No-PER3D	No-Essential3D
694	H	694	-14.576	-14.827	50.518	0.14	0.987041632202923	0.965863197047228	1.3578142442197425	0.8892830224485555	1	No-PER3D	No-Essential3D
695	I	695	-13.217	-15.286	47.05	1.31	0.994168286587059	1.0293763007661747	1.3141749305893604	0.837764813454086	0.9999999999999999	No-PER3D	No-Essential3D
696	Q	696	-16.46	-15.433	45.11	1.07	0.994168286587059	1.1862547871125324	1.183735623270056	1.361843551263755	0.7112358249184215	No-PER3D	No-Essential3D
697	E	697	-17.988	-12.766	47.314	1.77	0.913265306122449	0.8564011071809942	1.3957749801757275	2.279691628207934	0.3022057359203984	No-PER3D	No-Essential3D
698	W	698	-15.089	-10.479	46.401	1.77	0.944364508393285	0.6474381706386346	1.559115650737976	0.5788457507296965	0.7457118509884534	No-PER3D	No-Essential3D
699	G	699	-16.185	-10.737	42.785	1.77	0.891019855595668	0.7876736560579611	1.5015361183236637	0.7341470444204775	1	No-PER3D	No-Essential3D
700	P	700	-14.576	-12.735	40.04	1.77	0.833161423414131	1.0534877568076269	1.4469828997336938	1.0711455200429127	1	No-PER3D	No-Essential3D
701	F	701	-10.822	-12.409	39.717	1.77	0.833161423414131	0.9211370023862883	1.4628850168959322	0.8075242950974046	0.8099476739014145	No-PER3D	No-Essential3D
702	D	702	-8.984	-12.212	36.416	1.77	0.743271221532091	1.085832392960794	1.3446859581800592	0.7745456639375864	0.810041526901957	No-PER3D	No-Essential3D
703	L	703	-5.452	-12.431	37.797	1.77	0.751439037153323	1.065673410428122	1.3229660565287003	0.6172741112083224	0.49920534213191076	No-PER3D	No-Essential3D
704	V	704	-4.111	-14.064	40.95	1.77	0.701343101343101	0.9871109382672139	1.2534235493116903	0.8784822461710821	1	No-PER3D	No-Essential3D
705	I	705	-0.497	-13.386	41.891	0.84	0.734945255474453	0.9806420110365806	1.1609130579874543	0.659305421675961	0.6170045180101442	No-PER3D	No-Essential3D
706	G	706	1.628	-14.337	44.856	1.77	0.734945255474453	0.9405071905237727	0.9875832302433366	0.6487166211284022	0.7769023019302596	No-PER3D	No-Essential3D
707	G	707	5.103	-14.951	46.191	1.54	0.740349264705882	0.7864564583338038	0.841482037688796	0.6232353299251608	0.7438136115960114	No-PER3D	No-Essential3D
708	S	708	5.048	-17.04	49.348	1.31	0.740349264705882	0.5988145857402467	0.5990847882528062	1.1244934699341116	0.7416787250259781	No-PER3D	No-Essential3D
709	P	709	7.83	-16.475	51.828	1.77	0.733907339073391	0.48925354835793095	0.35252579244192445	0.3943450524196398	0.7006848262135177	No-PER3D	No-Essential3D
710	C	710	10.779	-18.826	51.306	1.07	0.7393638992152	0.12493444540507884	0.34928545277986034	0.5499865704785785	1	No-PER3D	No-Essential3D
711	N	711	12.67	-19.184	54.584	0.61	0.777078359018884	0.12454980648866275	0.14697140389666333	0.6314225409963545	1	No-PER3D	No-Essential3D
712	D	712	12.159	-22.866	55.371	0.38	0.728530728530729	0.10428050116601127	0.15690303451300516	0.6314225409963545	1	No-PER3D	No-Essential3D
713	L	713	12.082	-23.55	51.636	0.38	0.728530728530729	0.12986870221162797	0.4530818757822782	0.5499865704785785	1	No-PER3D	No-Essential3D
714	S	714	15.636	-22.504	50.694	1.31	0.786131386861314	0.4233381395176855	-0.10936204356080435	2.279691628207934	0.3022057359203984	No-PER3D	No-Essential3D
715	I	715	18.621	-24.707	51.513	0.61	0.759868421052632	0.41676049082099104	-0.19451294228171667	2.279691628207934	0.3022057359203984	No-PER3D	No-Essential3D
716	V	716	20.739	-21.9	52.907	0.38	0.731857318573186	0.4125014455635553	-0.2700534522745287	1.8171863933339667	0.6149878175932925	No-PER3D	No-Essential3D
717	N	717	18.72	-22.127	56.12	0.84	0.745833333333333	-0.045511102707767835	0.349179223358888	1.1190843791158895	1	No-PER3D	No-Essential3D
718	P	718	19.718	-24.859	58.554	1.77	0.753498134328358	-0.13729246341590054	-0.03819036442149858	2.2519124303439844	0.45585374227512016	No-PER3D	No-Essential3D
719	A	719	16.329	-24.57	60.279	0.84	0.754879182156134	-0.25242692787650173	-0.3095109099332395	2.2519124303439844	0.45585374227512016	No-PER3D	No-Essential3D
720	R	720	14.331	-25.185	57.087	-0.79	0.749308118081181	-0.10876283562951714	0.04343388297023984	0.739925481217733	1	No-PER3D	No-Essential3D
721	K	721	11.159	-27.027	58.049	-0.79	0.710455104551046	-0.15561355102713514	-0.05953262607932334	0.739925481217733	1	No-PER3D	No-Essential3D
722	G	722	10.393	-27.939	54.48	-0.79	0.628606965174129	-0.056267862930353685	0.2492882496870688	0.5499865704785785	1	No-PER3D	No-Essential3D
723	L	723	7.419	-26.974	52.352	-0.79	0.633333333333333	0.127254994239655	0.3654316598712917	0.48661058183303	0.6945909193409487	No-PER3D	No-Essential3D
724	Y	724	5.142	-28.788	54.782	-0.79	0.626865671641791	-0.19736753587940564	-0.004409486751660436	0	0.35580888504633795	No-PER3D	No-Essential3D
725	E	725	5.942	-27.052	58.04	-0.79	0.583875464684015	-0.25289507392608707	-0.3889768818362629	0	0.5959384343522636	No-PER3D	No-Essential3D
726	G	726	6.76	-23.622	59.372	-0.79	0.586610486891386	-0.3646448460856848	-0.5017766431367553	0	0.5880925787086181	No-PER3D	No-Essential3D
727	T	727	6.462	-20.903	56.74	-0.79	0.58224907063197	0.005802803150686915	-0.35466632272801807	0.739925481217733	1	No-PER3D	No-Essential3D
728	G	728	6.361	-23.415	53.876	1.07	0.699370523116996	0.21821203166431916	0.21080669496009652	1.2324038492020284	0.7252400984367224	No-PER3D	No-Essential3D
729	R	729	2.709	-24.277	54.492	0.61	0.626284714629346	0.17586996251835477	-0.13533340082782672	1.0330871194474112	1	No-PER3D	No-Essential3D
730	L	730	1.708	-20.909	53.06	0.84	0.66542750929368	0.5283630757326757	0.21827531294850455	0.8867667617348698	1	No-PER3D	No-Essential3D
731	F	731	2.232	-22.284	49.573	1.07	0.664814814814815	0.6905809391690898	0.4364828725039946	1.1958788252740309	0.7814786649675876	No-PER3D	No-Essential3D
732	F	732	-0.811	-24.487	50.017	1.77	0.664814814814815	0.8754879204292287	0.38841510637281845	1.557957381046304	0.4049588913488104	No-PER3D	No-Essential3D
733	E	733	-2.855	-21.498	51.091	1.07	0.707806691449814	0.8031022204689907	0.5502112258472166	1.1273867613072235	0.7684587507681941	No-PER3D	No-Essential3D
734	F	734	-2.099	-20.01	47.711	1.77	0.707806691449814	1.0929174084991067	0.8668063618610801	0.837764813454086	0.9999999999999999	No-PER3D	No-Essential3D
735	Y	735	-2.853	-23.382	46.217	1.07	0.752767527675277	1.1825069165741493	0.7451679363052974	1.035507579666796	1	No-PER3D	No-Essential3D
736	R	736	-6.184	-23.274	47.97	1.07	0.75065893516078	1.0490888862907959	0.7029478083576085	1.2083619332765585	0.7585526045381737	No-PER3D	No-Essential3D
737	L	737	-7.194	-19.757	47.021	1.77	0.815018315018315	1.1331577027006914	0.9470104853872473	0.837764813454086	0.9999999999999999	No-PER3D	No-Essential3D
738	L	738	-6.106	-20.326	43.475	1.77	0.850010853049707	1.3422673031802637	0.9638040164865639	0.8430332039695909	1	No-PER3D	No-Essential3D
739	H	739	-8.452	-23.274	43.284	0.38	0.903136531365314	1.3135386314790913	0.9902988882305607	0.8841335556888856	1	No-PER3D	No-Essential3D
740	D	740	-11.315	-21.361	44.773	0.38	0.963345633456334	1.1918232775857882	0.9933124660406145	2.0419921827732006	0.22227329813350252	No-PER3D	No-Essential3D
741	A	741	-10.54	-18.659	42.197	1.07	0.952798053527981	1.3075728430330626	1.111493972545087	1.1890026585901412	0.7984234305316548	No-PER3D	No-Essential3D
742	R	742	-9.934	-20.43	38.902	1.77	0.958974358974359	1.3224699245588047	1.0957427657477636	1.3545232918604424	0.4676650219540456	No-PER3D	No-Essential3D
743	P	743	-13.001	-20.689	36.771	1.77	1.02747252747253	1.320870082340476	1.2323463488131752	1.1273867613072235	0.7684587507681941	No-PER3D	No-Essential3D
744	K	744	-14.865	-23.966	36.377	1.77	1.02	1.1582843779438887	1.4441947331141498	1.855102305828842	0.2947655258491712	No-PER3D	No-Essential3D
745	E	745	-15.678	-25.712	33.147	0.38	0.972021660649819	1.1958041558815626	1.664904786334389	1.8171863933339667	0.6149878175932925	No-PER3D	No-Essential3D
746	G	746	-17.766	-23.715	30.729	1.77	0.996945292974174	1.2583371191110193	1.6555264036212949	1.8171863933339667	0.6149878175932925	No-PER3D	No-Essential3D
747	D	747	-15.795	-20.635	31.613	0.84	0.993359158826785	1.329803362801827	1.1741993645633995	1.361843551263755	0.7112358249184215	No-PER3D	No-Essential3D
748	D	748	-13.891	-19.498	28.569	0.61	0.986263736263736	1.1400096585173491	0.5180578117466963	1.1217288057000858	1	No-PER3D	No-Essential3D
749	R	749	-12.869	-16.397	30.46	1.77	0.982753900903367	1.2960725279563812	0.5259183956077839	1.0330871194474112	1	No-PER3D	No-Essential3D
750	P	750	-9.208	-15.751	30.339	1.77	0.980016424856283	1.3951647314438116	0.49342937407297754	0.6487166211284022	0.7769023019302596	No-PER3D	No-Essential3D
751	F	751	-7.689	-16.427	33.74	1.77	0.98428453267163	1.3726831090163116	0.7176756800177242	0.7217876093249441	0.7957099712708787	No-PER3D	No-Essential3D
752	F	752	-4.085	-15.825	34.745	1.77	0.98428453267163	1.4827098203537112	0.5674567636378844	1.0918712343102577	0.8183957344932262	No-PER3D	No-Essential3D
753	W	753	-2.036	-16.751	37.792	1.77	1.09053040821994	1.4195626900898837	0.8695544088062365	0.8075242950974046	0.8099476739014145	No-PER3D	No-Essential3D
754	L	754	1.575	-16.405	38.985	1.31	1.07400722021661	1.311747236245993	0.8362057456094844	1.2494057731591903	0.6106216215986614	No-PER3D	No-Essential3D
755	F	755	3.392	-18.034	41.868	1.77	1.03854545454545	1.2508619143111763	0.7708590587978802	1.1958788252740309	0.7814786649675876	No-PER3D	No-Essential3D
756	E	756	6.999	-17.07	42.508	0.14	1.11088189788551	1.09485880305005	0.7872329786075561	0.6232353299251608	0.7438136115960114	No-PER3D	No-Essential3D
757	N	757	9.569	-18.608	44.813	1.07	1.11088189788551	0.8568624570300004	0.6844238099891996	1.2324038492020284	0.7252400984367224	No-PER3D	No-Essential3D
758	V	758	13.296	-19.087	45.377	0.84	1.12322503008424	0.8430935997351197	0.2503281381134847	2.6842862304190858	0.1207257287604896	No-PER3D	No-Essential3D
759	V	759	15.475	-21.333	43.225	1.31	1.0220640569395	0.920704513652519	-0.4663704246506766	3.1439901944559905	0.08856522247063124	No-PER3D	No-Essential3D
760	A	760	17.325	-22.42	46.387	1.07	1.11119047619048	0.7542536657677535	-0.6908392272254832	3.4880735011986306	0.11707792695828793	No-PER3D	No-Essential3D
761	M	761	14.409	-24.737	47.141	1.31	1.04174107142857	0.47707229357276154	0.10729084982801709	1.9710591887070332	0.39655886961569115	No-PER3D	No-Essential3D
762	G	762	15.119	-28.38	47.776	0.14	1.04174107142857	0.4016943312968317	-0.21428705303539045	2.279691628207934	0.3022057359203984	No-PER3D	No-Essential3D
763	V	763	14.353	-30.602	44.824	0.38	1.03147163120567	0.5331272503754716	-0.2706982869256131	2.780884896596608	0.16373013481673984	No-PER3D	No-Essential3D
764	S	764	11.716	-32.492	46.78	0.14	1.02495583038869	0.35638383666841217	0.32856581472507007	2.3087340483517638	0.21494139377782467	No-PER3D	No-Essential3D
765	D	765	9.774	-29.394	47.765	1.77	1.05791962174941	0.29258019130436663	0.6457402556497441	1.2324038492020284	0.7252400984367224	No-PER3D	No-Essential3D
766	K	766	9.965	-28.014	44.251	0.61	1.0663082437276	0.5162263268108062	0.7678946143266915	0.954696316748208	1	No-PER3D	No-Essential3D
767	R	767	8.755	-31.313	42.872	0.84	1.05294117647059	0.5424425055875838	0.6552142335450151	0.7341470444204775	1	No-PER3D	No-Essential3D
768	D	768	5.78	-31.206	45.188	0.38	1.03021582733813	0.5305828056647558	0.9591786679012769	1.3008897696807704	0.7507976139686844	No-PER3D	No-Essential3D
769	I	769	4.982	-27.602	44.362	0.84	1.01181911613566	0.6663735325323511	0.9180913376678751	0.8841335556888856	1	No-PER3D	No-Essential3D
770	S	770	5.056	-28.26	40.657	1.77	1.00819252432156	0.7106346135840537	0.9761775218506688	1.441188136080077	0.5543400849877269	No-PER3D	No-Essential3D
771	R	771	2.781	-31.231	41.236	1.77	0.916538658474142	0.8086899316062871	1.0218596474685597	1.4075969472059222	0.5241986189606174	No-PER3D	No-Essential3D
772	F	772	0.239	-29.217	43.206	1.77	0.94777376654633	1.0132679048954272	0.9380477014843693	1.557957381046304	0.4049588913488104	No-PER3D	No-Essential3D
773	L	773	0.247	-26.452	40.629	1.77	0.949333333333333	1.118385704185917	1.0071971534505475	1.1335469076313238	0.8026671477836199	No-PER3D	No-Essential3D
774	E	774	0.436	-29.115	37.927	1.77	0.951207729468599	0.7335699010381178	0.6948477729417571	1.3008897696807704	0.7507976139686844	No-PER3D	No-Essential3D
775	S	775	2.66	-26.705	36.051	0.61	0.942478941034898	0.8068059984128043	0.6925319827046905	1.1273867613072235	0.7684587507681941	No-PER3D	No-Essential3D
776	N	776	6.411	-26.214	35.695	0.84	0.89	0.6377121611660038	0.6053256669783755	1.1273867613072235	0.7684587507681941	No-PER3D	No-Essential3D
777	P	777	8.415	-23.145	36.619	1.77	0.86231884057971	0.7428044138661226	0.6382754551560341	1.1273867613072235	0.7684587507681941	No-PER3D	No-Essential3D
778	V	778	10.631	-20.823	34.591	1.77	0.837591240875912	0.564005596356362	0.4466510330340612	1.1244934699341116	0.7416787250259781	No-PER3D	No-Essential3D
779	M	779	13.849	-19.548	36.133	0.84	0.837591240875912	0.6225853262782094	-0.2822055709449855	2.6842862304190858	0.1207257287604896	No-PER3D	No-Essential3D
780	I	780	13.884	-15.83	35.508	1.77	0.895757299270073	0.5096002596474447	0.21627170242455435	1.9710591887070332	0.39655886961569115	No-PER3D	No-Essential3D
781	D	781	16.977	-13.856	36.431	0.61	0.930806257521059	0.5556959174747352	-0.13946456873614219	2.780884896596608	0.16373013481673984	No-PER3D	No-Essential3D
782	A	782	16.934	-10.124	37.109	0.38	0.934178743961353	-0.011478193556424921	-0.014247160791818786	0.739925481217733	1	No-PER3D	No-Essential3D
783	K	783	20.419	-9.993	35.656	0.38	0.930806257521059	-0.047334323390656366	-0.013798171970094766	0.739925481217733	1	No-PER3D	No-Essential3D
784	E	784	19.194	-9.581	32.108	0.61	0.949648489454684	-0.046661134215436	0.2927870472021634	1.4973346697853886	0.5565422230352358	No-PER3D	No-Essential3D
785	V	785	17.236	-6.35	32.742	1.07	0.953875598086124	-0.36390665018549245	0.34919975605245135	0	1	No-PER3D	No-Essential3D
786	S	786	18.071	-5.398	36.312	1.07	0.997198879551821	-0.5049611903636761	0.05708928553029321	1.1190843791158895	1	No-PER3D	No-Essential3D
787	A	787	21.264	-4.278	38.034	1.07	1.02083333333333	-0.7302005930048414	-0.06877099496767608	3.0491295810484047	0.22701628600213022	No-PER3D	No-Essential3D
788	A	788	21.352	-7.263	40.358	0.84	1.02460024600246	-0.3416442159323214	-0.19967222459652903	1.8171863933339667	0.6149878175932925	No-PER3D	No-Essential3D
789	H	789	21.586	-10.919	39.489	0.61	0.908041479162591	0.13490009005767628	-0.2638537443058758	1.8171863933339667	0.6149878175932925	No-PER3D	No-Essential3D
790	R	790	19.179	-13.178	41.354	0.84	0.933333333333333	0.442497579874297	-0.0864887632532451	2.780884896596608	0.16373013481673984	No-PER3D	No-Essential3D
791	A	791	16.952	-15.841	39.869	1.77	0.848524024994613	0.856756263970127	0.12089228065055029	3.4880735011986306	0.11707792695828793	No-PER3D	No-Essential3D
792	R	792	13.559	-17.081	40.96	0.14	0.891757246376812	0.9605394865990513	0.009439798725659605	3.1439901944559905	0.08856522247063124	No-PER3D	No-Essential3D
793	Y	793	11.183	-19.827	39.872	0.61	0.901556776556777	0.8718844582110632	0.24590270205993772	2.1458934217403	0.18192914658330456	No-PER3D	No-Essential3D
794	F	794	7.923	-18.69	38.325	0.84	0.895757299270073	0.9033754710711325	0.7511711088167731	0.954696316748208	1	No-PER3D	No-Essential3D
795	W	795	4.843	-20.87	37.964	1.77	0.904871323529412	0.9726261664247087	0.7260984625292701	1.1890026585901412	0.7984234305316548	No-PER3D	No-Essential3D
796	G	796	1.883	-19.785	35.917	1.07	0.840659340659341	1.0911968692008314	0.5518759456073611	1.4207051734164142	0.45373717606009806	No-PER3D	No-Essential3D
797	N	797	-0.064	-19.469	32.71	1.77	0.841386554621849	1.286553963602735	0.4043991453191956	1.017248498540483	1	No-PER3D	No-Essential3D
798	L	798	0.957	-15.981	31.592	1.54	0.78021978021978	1.1581516820006963	0.17616654584038355	0.9680165708024955	1	No-PER3D	No-Essential3D
799	P	799	1.591	-15.288	27.962	1.77	0.783088235294118	1.0420106278500512	-0.01806070478075116	0.8841335556888856	1	No-PER3D	No-Essential3D
800	G	800	5.256	-15.348	26.993	1.54	0.786666666666667	0.6521555114191273	-0.29937745601216337	2.1458934217403	0.18192914658330456	No-PER3D	No-Essential3D
801	M	801	6.092	-17.231	30.148	1.31	0.783763837638376	0.7900586645823866	0.16395427998639248	1.2685870312322178	0.5832129367878939	No-PER3D	No-Essential3D
802	N	802	9.351	-18.72	28.86	0.84	0.84599044078598	0.41583635835947186	0.08838808717266053	0.9926207936063297	1	No-PER3D	No-Essential3D
803	R	803	9.989	-15.772	26.527	-0.79	0.749206349206349	0.39827784159060964	-0.1354230951771729	2.3391273717383827	0.2407025079350764	No-PER3D	No-Essential3D
804	P	804	13.478	-14.384	26.487	-0.79	0.751322751322751	0.15502564144186923	0.43703450777525715	2.279691628207934	0.3022057359203984	No-PER3D	No-Essential3D
805	L	805	14.027	-11.352	28.708	-0.79	0.756240042485396	0.1832876657428145	0.3487927415217479	1.8171863933339667	0.6149878175932925	No-PER3D	No-Essential3D
806	A	806	13.765	-8.042	26.927	-0.79	0.788888888888889	-0.19650802806554526	0.35093746651092805	0	0.9999999999999999	No-PER3D	No-Essential3D
807	S	807	16.116	-5.39	28.226	-0.79	0.837591240875912	-0.5049076174673562	0.4977093038390268	0	1	No-PER3D	No-Essential3D
808	T	808	14.764	-1.878	27.878	-0.79	0.831521739130435	-0.6843705174454898	0.25890904720000346	0	1	No-PER3D	No-Essential3D
809	V	809	16.552	1.328	27.051	-0.79	0.856799037304453	-1.0065715240022812	0.49473669422325406	0	1	No-PER3D	No-Essential3D
810	N	810	15.324	2.843	30.307	-0.79	0.863030303030303	-1.152416428838381	0.20927457464638188	0	1	No-PER3D	No-Essential3D
811	D	811	16.515	-0.062	32.417	-0.79	0.796643356643357	-0.6975047719744799	0.14967272630768355	0	1	No-PER3D	No-Essential3D
812	K	812	19.774	0.171	34.324	-0.79	0.706115702479339	-1.0072698741010429	0.09885855942594346	0	1	No-PER3D	No-Essential3D
813	L	813	21.988	-2.806	33.582	-0.79	0.752415458937198	-0.9216217992551359	0.22480865728245256	0	1	No-PER3D	No-Essential3D
814	E	814	25.071	-1.777	35.528	-0.79	0.756642512077295	-0.8924072891813072	0.054137240835538655	0	0.5880925787086181	No-PER3D	No-Essential3D
815	L	815	25.364	-1.248	39.26	-0.79	0.593895155938952	-0.9746911649230828	-0.002382516623880109	0	0.3575796727842362	No-PER3D	No-Essential3D
816	Q	816	26.944	2.135	38.578	-0.79	0.59721300597213	-1.0916085128704265	-0.21855598061717024	0	0.5959384343522636	No-PER3D	No-Essential3D
817	E	817	23.697	3.39	37.144	-0.79	0.526470588235294	-1.2321998646828602	-0.22760347363527492	0	0.5959384343522636	No-PER3D	No-Essential3D
818	C	818	22.025	2.857	40.522	-0.79	0.438725490196078	-1.2443432894842248	-0.22879454744031374	0	0.37220085831370536	No-PER3D	No-Essential3D
819	L	819	24.428	4.678	42.823	-0.79	0.438725490196078	-1.2348490444058815	-0.22188970436378622	0	0.37220085831370536	No-PER3D	No-Essential3D
820	E	820	24.022	8.238	43.991	-0.79	0.655677655677656	-1.276943278028075	-0.4955426551056697	0	0.5959384343522636	No-PER3D	No-Essential3D
821	H	821	26.223	11.174	42.967	-0.79	0.651459854014599	-1.0390199397366886	-0.533793417423631	0	0.5959384343522636	No-PER3D	No-Essential3D
822	G	822	29.84	10.757	44.151	-0.79	0.654411764705882	-0.8902092450900383	-0.5235255725485215	0	0.9999999999999999	No-PER3D	No-Essential3D
823	R	823	29.992	6.993	44.6	-0.79	0.659259259259259	-1.0711667028216247	-0.047970802095636464	0	0.35580888504633795	No-PER3D	No-Essential3D
824	I	824	31.376	4.354	42.237	-0.79	0.597643097643098	-1.025810281610269	-0.06766422643078512	0	0.5959384343522636	No-PER3D	No-Essential3D
825	A	825	30.678	0.685	41.63	-0.79	0.652573529411765	-0.9599658437270356	-0.0014816852349377474	0	0.35580888504633795	No-PER3D	No-Essential3D
826	K	826	33.071	-1.949	42.909	-0.79	0.700197238658777	-0.7111909784179337	0.19976528991850032	0	0.35580888504633795	No-PER3D	No-Essential3D
827	F	827	31.394	-4.585	40.767	-0.79	0.695104895104895	-0.5810640818230778	-0.046636340551100566	0.6314225409963545	1	No-PER3D	No-Essential3D
828	S	828	29.242	-5.012	37.672	-0.79	0.690086087198001	-0.559431432696981	-0.05533908171064539	0	0.35580888504633795	No-PER3D	No-Essential3D
829	K	829	26.137	-6.54	39.285	-0.79	0.747593261131167	-0.34064899635837786	-0.12601926051431797	1.5083818386773187	0.6409486390355732	No-PER3D	No-Essential3D
830	V	830	25.419	-7.146	42.956	-0.79	0.747593261131167	-0.5588923554277615	-0.18868040523168017	1.8171863933339667	0.6149878175932925	No-PER3D	No-Essential3D
831	R	831	24.534	-10.2	45.032	-0.79	0.747593261131167	-0.12448302438352961	-0.21237190311718898	2.279691628207934	0.3022057359203984	No-PER3D	No-Essential3D
832	T	832	24.025	-9.118	48.648	-0.79	0.744904076738609	-0.17137015434438346	-0.1040227411392616	1.5083818386773187	0.6409486390355732	No-PER3D	No-Essential3D
833	I	833	23.565	-12.605	49.875	-0.79	0.744324970131422	-0.01917799489013874	-0.5741460198308914	3.0491295810484047	0.22701628600213022	No-PER3D	No-Essential3D
834	T	834	25.155	-12.772	53.242	-0.79	0.803946942736978	-0.5148677117748395	-0.122225478615661	1.8171863933339667	0.6149878175932925	No-PER3D	No-Essential3D
835	T	835	25.946	-14.932	56.204	-0.79	0.842230130486358	-0.9036115353524787	0.21025660922793002	3.0491295810484047	0.22701628600213022	No-PER3D	No-Essential3D
836	R	836	26.779	-13.843	59.71	-0.79	0.833922261484099	-1.5534899171376548	0.30508511167574115	1.4973346697853886	0.5565422230352358	No-PER3D	No-Essential3D
837	S	837	29.506	-11.29	59.583	-0.79	0.795454545454545	-1.4021170199408322	0.2899118942186695	1.1190843791158895	1	No-PER3D	No-Essential3D
838	N	838	32.786	-13.043	59.193	-0.79	0.797695262483995	-1.4021170199408322	0.2945713321609823	2.279691628207934	0.3022057359203984	No-PER3D	No-Essential3D
839	S	839	36.057	-11.299	59.088	-0.79	0.801096067053514	-1.2782664676888862	0.19052246792159735	2.279691628207934	0.3022057359203984	No-PER3D	No-Essential3D
840	I	840	36.787	-11.973	55.508	-0.79	0.745774647887324	-0.8695086779520113	0.2221075874133188	2.279691628207934	0.3022057359203984	No-PER3D	No-Essential3D
841	K	841	40.427	-12.724	55.164	-0.79	0.745774647887324	-1.0398570950253587	0.0811257928299979	3.0491295810484047	0.22701628600213022	No-PER3D	No-Essential3D
842	Q	842	40.348	-14.62	51.922	-0.79	0.751063829787234	-0.6726376592330665	0.09591455942945001	4.664325029864801	0.07663738616559407	No-PER3D	No-Essential3D
843	G	843	39.027	-13.924	48.463	-0.79	0.746289752650177	0.04033053482889199	0.2633768945507881	4.664325029864801	0.07663738616559407	No-PER3D	No-Essential3D
844	K	844	37.129	-10.754	47.773	0.38	0.686159844054581	-0.14572813409027974	0.056099110112916295	3.4880735011986306	0.11707792695828793	No-PER3D	No-Essential3D
845	D	845	33.504	-11.389	46.992	0.84	0.738947368421053	-0.4434220043609544	-0.014620753514080225	4.749197383023351	0.03932424719420174	PER3D	No-Essential3D
846	Q	846	30.766	-8.856	46.633	1.07	0.818181818181818	-0.7129914433860657	0.28742293258929175	2.279691628207934	0.3022057359203984	No-PER3D	No-Essential3D
847	H	847	31.368	-7.627	50.174	0.38	0.823391812865497	-0.9394038964582364	0.3134189065197579	2.3087340483517638	0.21494139377782467	No-PER3D	No-Essential3D
848	F	848	30.825	-3.88	49.892	1.31	0.823391812865497	-0.8225011400760748	0.33473920372893945	0.6314225409963545	1	No-PER3D	No-Essential3D
849	P	849	29.702	-2.86	46.47	0.84	0.829210836277974	-0.9324729029968435	0.07617475139187813	0.6314225409963545	1	No-PER3D	No-Essential3D
850	V	850	30.413	0.832	46.65	1.31	0.828638497652582	-1.0036311025338116	-0.029718392265638296	0.5499865704785785	1	No-PER3D	No-Essential3D
851	F	851	33.546	2.897	46.969	0.84	0.887826961770624	-0.9019395664682536	0.1391965778854667	0	0.35580888504633795	No-PER3D	No-Essential3D
852	M	852	33.289	6.429	48.252	0.61	0.779593639575972	-0.8499170697678071	0.2632088198288376	0	0.35580888504633795	No-PER3D	No-Essential3D
853	N	853	36.109	8.749	49.217	0.84	0.884711779448622	-0.7243890770781342	0.48807989604309243	0	0.9999999999999999	No-PER3D	No-Essential3D
854	E	854	38.561	5.922	48.747	0.14	0.882796780684105	-0.7881660647750204	0.42387765053892246	0	0.9999999999999999	No-PER3D	No-Essential3D
855	K	855	36.656	3.922	51.325	-0.79	1.02992957746479	-0.5684879308198678	0.5882948213382916	0	0.9999999999999999	No-PER3D	No-Essential3D
856	E	856	34.321	0.968	51.013	-0.79	1.02272727272727	-0.5148677117748395	0.5698579980083862	0	0.9999999999999999	No-PER3D	No-Essential3D
857	D	857	30.656	1.406	51.841	-0.79	0.985263157894737	-0.6187299323111211	0.42552971513830834	0	0.5959384343522636	No-PER3D	No-Essential3D
858	I	858	27.381	-0.505	52.125	-0.79	0.98397212543554	-0.8419079217679751	0.15872747048986233	0.6314225409963545	1	No-PER3D	No-Essential3D
859	L	859	24.717	-0.134	49.448	-0.79	0.819976771196283	-0.9332122089660588	-0.19357959420912815	2.645830511846353	0.14440696665198044	No-PER3D	No-Essential3D
860	W	860	22.233	2.677	50.015	-0.79	0.811494252873563	-0.7428664152024147	-0.3717830149673023	2.3391273717383827	0.2407025079350764	No-PER3D	No-Essential3D
861	C	861	18.469	2.291	50.2	-0.79	0.693176239567992	-0.7715583381348363	-0.7153375656898013	2.0704098473032357	0.2648022252542568	No-PER3D	No-Essential3D
862	T	862	17.713	4.977	47.67	-0.79	0.697536945812808	-1.062809807199236	-0.551047075288006	2.3391273717383827	0.2407025079350764	No-PER3D	No-Essential3D
863	E	863	20.125	3.147	45.415	-0.79	0.699950568462679	-1.0730409433597974	-0.3511729640654025	0	0.37220085831370536	No-PER3D	No-Essential3D
864	M	864	18.906	-0.339	46.258	-0.79	0.699950568462679	-0.7589880363571282	-0.38408771852112833	2.1458934217403	0.18192914658330456	No-PER3D	No-Essential3D
865	E	865	15.525	0.686	44.986	-0.79	0.767733564013841	-0.5666550681045217	-0.3515545771008487	0	0.37220085831370536	No-PER3D	No-Essential3D
866	R	866	17.057	1.349	41.583	-0.79	0.702380952380952	-1.0653481650314767	-0.20241383858566303	0	0.5880925787086181	No-PER3D	No-Essential3D
867	V	867	18.864	-1.953	41.776	-0.79	0.822299651567944	-0.7344674781983239	-0.0946873187490714	0.5499865704785785	1	No-PER3D	No-Essential3D
868	F	868	15.421	-3.524	42.197	-0.79	0.830985915492958	-0.5246492297612562	-0.07586161273961747	0	0.35580888504633795	No-PER3D	No-Essential3D
869	G	869	13.888	-1.152	39.674	-0.79	0.687156260109997	-0.6770254974708992	0.09525860165060451	0.8916899388694605	1	No-PER3D	No-Essential3D
870	F	870	11.481	0.493	42.09	-0.79	0.687156260109997	-0.47102276054499054	0.13933991735749984	0.6314225409963545	1	No-PER3D	No-Essential3D
871	P	871	10.974	4.205	41.824	-0.79	0.680769230769231	-0.9070592603050692	0.12074325538231066	0.8916899388694605	1	No-PER3D	No-Essential3D
872	V	872	13.304	6.336	43.896	-0.79	0.63768115942029	-1.2376886514240035	-0.4387900732789168	0	0.5959384343522636	No-PER3D	No-Essential3D
873	H	873	12.107	6.868	47.457	-0.79	0.638686131386861	-0.6632423125409559	-0.3219333693242565	0	0.5959384343522636	No-PER3D	No-Essential3D
874	Y	874	9.242	4.506	46.711	-0.79	0.638686131386861	-0.4792436889005872	0.37973632793553125	0.6314225409963545	1	No-PER3D	No-Essential3D
875	T	875	9.982	2.718	49.975	-0.79	0.685714285714286	-0.2824997383951013	0.14349864719493072	1.4075969472059222	0.5241986189606174	No-PER3D	No-Essential3D
876	D	876	10.479	5.903	51.948	1.31	0.566176470588235	-0.24092371453493175	-0.06206664557754602	2.3391273717383827	0.2407025079350764	No-PER3D	No-Essential3D
877	V	877	7.319	6.019	54.028	1.31	0.578925789257893	-0.0821971078023824	0.3925884218631896	3.1439901944559905	0.08856522247063124	No-PER3D	No-Essential3D
878	S	878	6.468	6.241	57.736	1.77	0.581069958847737	-0.11444765046855865	0.4606839666739136	3.1439901944559905	0.08856522247063124	No-PER3D	No-Essential3D
879	N	879	9.156	6.143	60.377	0.61	0.552533750733712	0.3206507148230083	-0.531437572395797	6.350339157212746	0.022716665108668686	PER3D	Essential3D
880	M	880	10.275	2.722	59.293	1.31	0.54953560371517	-0.031135708861915697	-0.07909929952342551	4.749197383023351	0.03932424719420174	PER3D	No-Essential3D
881	S	881	13.783	1.787	60.349	1.07	0.526937269372694	0.27479064142012477	-1.0669440909724281	4.749197383023351	0.03932424719420174	PER3D	Essential3D
882	R	882	16.489	1.521	57.716	1.07	0.484907120743034	0.06374189052070832	-0.8518707570914701	2.6842862304190858	0.1207257287604896	No-PER3D	No-Essential3D
883	L	883	17.06	-2.109	58.459	0.38	0.484907120743034	0.1235794674040677	-0.8691611445949449	2.6842862304190858	0.1207257287604896	No-PER3D	No-Essential3D
884	A	884	13.349	-2.682	58.099	0.38	0.50465647513618	0.11843372983424572	-0.5836708931339031	3.786670672439873	0.061307616894569844	No-PER3D	No-Essential3D
885	R	885	13.256	-0.851	54.795	1.07	0.512216871767434	-0.16443481543254443	-0.2022057663670198	2.0704098473032357	0.2648022252542568	No-PER3D	No-Essential3D
886	Q	886	16.104	-2.899	53.419	1.07	0.584595342778049	-0.34749705485527543	-0.37160921397600033	2.989233099102988	0.06695726558055638	No-PER3D	No-Essential3D
887	R	887	14.353	-5.894	54.894	0.38	0.558676654182272	-0.13763862674596788	-0.3342150985031333	3.429994584504858	0.04774360422263014	PER3D	No-Essential3D
888	L	888	11.362	-5.091	52.71	0.61	0.555555555555556	-0.07066804193800902	0.13098295076184563	2.3391273717383827	0.2407025079350764	No-PER3D	No-Essential3D
889	L	889	13.279	-4.524	49.485	1.77	0.619047619047619	-0.40270180979338804	-0.13420538331069864	1.9582310100248537	0.20803705433454583	No-PER3D	No-Essential3D
890	G	890	15.304	-7.646	50.082	1.54	0.619047619047619	-0.11091914470639493	-0.3231612468622016	3.429994584504858	0.04774360422263014	PER3D	No-Essential3D
891	R	891	12.192	-9.843	49.814	0.14	0.619629430719656	0.3521308399637867	0.37927060324720074	0.739925481217733	1	No-PER3D	No-Essential3D
892	S	892	10.573	-7.947	46.938	0.38	0.619629430719656	0.24745942387069833	0.3329272389987719	0	0.5959384343522636	No-PER3D	No-Essential3D
893	W	893	10.093	-8.778	43.257	1.77	0.665384615384616	0.3680510089950903	0.6531199821935507	0.5499865704785785	1	No-PER3D	No-Essential3D
894	S	894	12.313	-7.232	40.609	0.84	0.668650793650794	0.06584805287486799	0.5266438341680265	0.5499865704785785	1	No-PER3D	No-Essential3D
895	V	895	10.16	-4.54	39.039	0.84	0.692368214004721	-0.008710094462386351	0.6567305529182897	0.8046830410638858	1	No-PER3D	No-Essential3D
896	P	896	11.467	-4.903	35.505	0.14	0.66875	-0.22441941338932733	0.5754317395801736	0.8046830410638858	1	No-PER3D	No-Essential3D
897	V	897	11.051	-8.657	35.637	1.31	0.672413793103448	0.001698997535996539	0.5416224400720172	0.9926207936063297	1	No-PER3D	No-Essential3D
898	I	898	7.445	-8.315	36.725	1.31	0.622471554993679	0.3851299570244521	0.7305429480444853	1.662891595723754	0.3569414616794977	No-PER3D	No-Essential3D
899	R	899	7.055	-5.857	33.894	1.31	0.620454545454546	0.22115245313278897	0.7352692556310505	1.532017091397464	0.5034863805694124	No-PER3D	No-Essential3D
900	H	900	8.33	-8.543	31.567	0.38	0.672169811320755	0.4095672435529507	0.45058585966423137	1.532017091397464	0.5034863805694124	No-PER3D	No-Essential3D
901	L	901	5.791	-11.005	32.939	1.07	0.679802955665025	0.766590834129033	0.5356166749330236	1.2685870312322178	0.5832129367878939	No-PER3D	No-Essential3D
902	F	902	2.89	-8.543	32.975	1.77	0.684615384615385	0.9345590177213655	0.8213458266445385	1.0711455200429127	1	No-PER3D	No-Essential3D
903	A	903	3.844	-7.23	29.568	0.84	0.712215320910973	0.7744316200654732	0.48963261077874104	1.3008897696807704	0.7507976139686844	No-PER3D	No-Essential3D
904	P	904	1.696	-9.445	27.342	1.77	0.712758374910905	1.170704718226705	0.0915872397368452	1.2083619332765585	0.7585526045381737	No-PER3D	No-Essential3D
905	L	905	-1.274	-8.931	29.674	1.77	0.71039056742815	1.18452973985103	0.563792129062805	0.7570934102445939	0.7947009399739644	No-PER3D	No-Essential3D
906	K	906	-2.181	-5.515	28.334	1.31	0.682352941176471	0.8775329361343966	0.7624674765774215	0.7747880982348173	1	No-PER3D	No-Essential3D
907	E	907	-3.76	-7.156	25.297	1.31	0.755828220858896	1.0805614152173149	0.2893919208097269	0.954696316748208	1	No-PER3D	No-Essential3D
908	Y	908	-6.326	-9.016	27.415	1.77	0.764331210191083	1.158362789183048	0.1913815485719489	1.1304178680926735	0.7878650436533908	No-PER3D	No-Essential3D
909	F	909	-7.601	-6.102	29.474	1.77	0.756578947368421	1.0869739683544353	0.8054630802728379	0.8430332039695909	1	No-PER3D	No-Essential3D
910	A	910	-8.493	-2.412	29.428	0.38	0.792316926770708	0.8572636308117452	1.003395061894651	0	0.13442735516145454	No-PER3D	No-Essential3D
