Uniprot_position	aminoacid	Position_in_structure	x	y	z	paraz	mtr	paraz3dscore	mtr3dscore	PER3D_OR	PER3D_pvalue	PER3D	Essential3D
1	M	1	27.67	38.987	46.697	-2.26	0.454780361757106	-2.5953741670749966	-0.8119949250128364	0	1	No-PER3D	No-Essential3D
2	A	2	28.992	40.119	50.02	0.37	0.450121654501217	-1.8637369009054212	-0.8170179704245969	0	1	No-PER3D	No-Essential3D
3	A	3	26.658	39.911	52.944	-0.51	0.446759259259259	-0.7662810016510574	-0.5482182222966837	0	1	No-PER3D	No-Essential3D
4	A	4	26.502	42.862	55.253	-0.51	0.442982456140351	-0.4004623685662697	-0.5399169907750239	0	1	No-PER3D	No-Essential3D
5	D	5	27.237	42.178	58.872	0.37	0.445147679324895	0.3295082979081588	-0.47411778354006606	0	1	No-PER3D	No-Essential3D
6	G	6	25.559	43.8	61.811	0.37	0.442424242424242	0.3295082979081588	-0.47867104328116195	0	1	No-PER3D	No-Essential3D
7	D	7	22.027	43.258	62.922	0.37	0.666666666666667	0.4109865052264613	-0.5208301742968057	0	1	No-PER3D	No-Essential3D
8	D	8	19.891	41.938	60.132	0.37	0.535593220338983	0.5295002613258104	-0.5483302035187485	0	1	No-PER3D	No-Essential3D
9	S	9	16.495	43.385	59.395	0.37	0.537704918032787	0.7694906174269924	-0.5206042802387912	0	1	No-PER3D	No-Essential3D
10	L	10	15.296	40.17	57.779	0.37	0.445026178010471	0.796156212549346	-0.48504894597156367	0	0.9999999999999999	No-PER3D	No-Essential3D
11	Y	11	13.052	37.54	59.45	0.37	0.442211055276382	1.0628121637728816	-0.49914986935295	0	1	No-PER3D	No-Essential3D
12	P	12	14.039	34.052	58.198	0.37	0.441747572815534	1.0628121637728816	-0.8213419398447219	0	1	No-PER3D	No-Essential3D
13	I	13	16.096	32.095	60.702	0.37	0.494718309859155	1.0628121637728816	-0.8342599767650204	0	1	No-PER3D	No-Essential3D
14	A	14	13.684	30.74	63.265	0.37	0.492613636363636	1.0628121637728816	-0.7367323182551304	0	1	No-PER3D	No-Essential3D
15	V	15	10.928	32.571	65.136	0.37	0.496666666666667	1.0628121637728816	-0.7335074229552286	0	1	No-PER3D	No-Essential3D
16	L	16	7.811	30.996	63.769	0.37	0.498376623376623	1.0628121637728816	-0.6059416714660129	0	0.9999999999999999	No-PER3D	No-Essential3D
17	I	17	6.758	28.026	65.837	0.37	0.5	1.0628121637728816	-0.46583782610828806	0	1	No-PER3D	No-Essential3D
18	D	18	5.196	27.6	69.301	0.37	0.499487704918033	1.0628121637728816	-0.4063917487382636	0	1	No-PER3D	No-Essential3D
19	E	19	5.623	23.826	68.731	0.37	0.501	1.0628121637728816	-0.44682253148869305	0	1	No-PER3D	No-Essential3D
20	L	20	8.879	22.711	70.452	0.37	0.572544642857143	1.0628121637728816	-0.49777179098637586	0	1	No-PER3D	No-Essential3D
21	R	21	7.229	21.896	73.776	0.37	0.574154852780807	1.0628121637728816	-0.49561366649763755	0	0.9999999999999999	No-PER3D	No-Essential3D
22	N	22	4.109	19.929	73.014	0.37	0.575692963752665	1.0628121637728816	-0.5437549785231002	0	0.9999999999999999	No-PER3D	No-Essential3D
23	E	23	0.802	19.143	74.678	0.37	0.447761194029851	1.0628121637728816	-0.5278609349452231	0	0.9999999999999999	No-PER3D	No-Essential3D
24	D	24	-0.838	17.431	71.653	0.37	0.447761194029851	1.0628121637728816	-0.679999907500405	0	0.9999999999999999	No-PER3D	No-Essential3D
25	V	25	0.262	14.825	69.158	0.37	0.444857496902107	1.0628121637728816	-0.8572894493164983	0	0.9999999999999999	No-PER3D	No-Essential3D
26	Q	26	0.279	16.97	66	0.37	0.446517412935323	1.0628121637728816	-0.7306964743182847	0	0.9999999999999999	No-PER3D	No-Essential3D
27	L	27	1.93	19.785	67.802	0.37	0.401865671641791	1.0628121637728816	-0.5259180304831353	0	0.9999999999999999	No-PER3D	No-Essential3D
28	R	28	4.88	17.433	68.22	0.37	0.406818181818182	1.0628121637728816	-0.8438193116984184	0	0.9999999999999999	No-PER3D	No-Essential3D
29	L	29	4.573	15.921	64.749	0.37	0.542424242424243	1.0628121637728816	-0.8651137055584779	0	0.9999999999999999	No-PER3D	No-Essential3D
30	N	30	4.718	19.31	63.122	0.37	0.538345864661654	1.0628121637728816	-0.6391137142419901	0	0.9999999999999999	No-PER3D	No-Essential3D
31	S	31	7.911	20.051	65.018	0.37	0.536329588014981	1.0628121637728816	-0.6354957118038139	0	1	No-PER3D	No-Essential3D
32	I	32	9.75	17.057	63.564	0.37	0.451127819548872	1.0628121637728816	-0.7864050728260281	0	0.9999999999999999	No-PER3D	No-Essential3D
33	K	33	8.281	17.657	60.126	0.37	0.541353383458647	0.9541745540151447	-0.7657572532279593	0	1	No-PER3D	No-Essential3D
34	K	34	9.641	21.194	60.51	0.37	0.539325842696629	1.0628121637728816	-0.685943031226703	0	0.9999999999999999	No-PER3D	No-Essential3D
35	L	35	12.979	19.821	61.762	0.37	0.539325842696629	0.976541120729973	-0.7723643077335439	0	0.9999999999999999	No-PER3D	No-Essential3D
36	S	36	14.233	20.292	58.22	0.37	0.490296220633299	0.540214116508899	-0.7206894490342078	0	1	No-PER3D	No-Essential3D
37	T	37	14.558	23.987	59.073	0.37	0.446096654275093	0.9499961844090781	-0.6750336247238298	0	1	No-PER3D	No-Essential3D
38	I	38	16.125	23.806	62.576	0.37	0.335820895522388	1.0628121637728816	-0.754546293497238	0	1	No-PER3D	No-Essential3D
39	A	39	19.742	23.028	61.662	0.37	0.367722165474974	0.5907881210828326	-0.8481853339097738	0	0.9999999999999999	No-PER3D	No-Essential3D
40	L	40	20.043	25.568	58.875	0.37	0.368079289131921	0.5310153519577624	-0.8734076148975914	0	1	No-PER3D	No-Essential3D
41	A	41	18.05	27.861	61.081	0.37	0.365332428765265	1.0628121637728816	-0.8853046155289588	0	1	No-PER3D	No-Essential3D
42	L	42	20.642	27.548	63.774	0.37	0.362960459614735	1.0628121637728816	-0.9994397811702342	0	1	No-PER3D	No-Essential3D
43	G	43	24.238	26.373	63.525	0.37	0.44361833952912	1.0628121637728816	-1.0820571165961435	0	1	No-PER3D	No-Essential3D
44	V	44	25.418	23.591	61.231	0.37	0.399256505576208	0.33089713098744805	-1.0392175141367919	0	0.9999999999999999	No-PER3D	No-Essential3D
45	E	45	28.032	23.243	63.962	0.37	0.402247191011236	0.22633784058952894	-1.0356520874284223	0	1	No-PER3D	No-Essential3D
46	R	46	25.748	23.169	67.03	0.37	0.402247191011236	1.0628121637728816	-1.2150703111730519	0	1	No-PER3D	No-Essential3D
47	T	47	23.453	20.524	65.604	0.37	0.406415094339623	0.18506965766207706	-0.9937331331735508	0	0.9999999999999999	No-PER3D	No-Essential3D
48	R	48	26.186	17.955	66.074	0.37	0.406415094339623	0.37950628876257175	-0.8759179573760726	0	1	No-PER3D	No-Essential3D
49	S	49	27.06	19.485	69.411	0.37	0.370867768595041	0.7540526413035247	-1.100855142833576	0	0.9999999999999999	No-PER3D	No-Essential3D
50	E	50	23.72	19.568	71.248	0.37	0.370867768595041	1.0628121637728816	-1.211476516515815	0	0.9999999999999999	No-PER3D	No-Essential3D
51	L	51	20.8	18.582	69.037	0.37	0.371240926374006	1.0628121637728816	-1.1169006405538813	0	1	No-PER3D	No-Essential3D
52	L	52	21.753	15.075	68.042	0.37	0.340648854961832	0.6324373013201899	-0.8403336354210947	0	1	No-PER3D	No-Essential3D
53	P	53	22.771	13.933	71.47	0.37	0.343269230769231	1.0628121637728816	-0.9636187457852635	0	0.9999999999999999	No-PER3D	No-Essential3D
54	F	54	19.379	15.203	72.587	0.37	0.37737843551797	1.0628121637728816	-1.0934067672928163	0	0.9999999999999999	No-PER3D	No-Essential3D
55	L	55	17.272	13.617	69.833	0.37	0.379908029713477	0.8672644662089556	-0.9026090410140983	0	1	No-PER3D	No-Essential3D
56	T	56	18.956	10.267	70.183	0.37	0.344230769230769	0.8371802050452747	-0.8458775308391506	0	1	No-PER3D	No-Essential3D
57	D	57	16.308	8.138	71.976	0.37	0.344230769230769	0.8455369442574082	-0.8926529178197496	0	0.9999999999999999	No-PER3D	No-Essential3D
58	T	58	14.615	10.908	73.921	0.37	0.375524475524476	0.7540526413035247	-1.2645042253613317	0	0.9999999999999999	No-PER3D	No-Essential3D
59	I	59	11.359	10.74	72.019	0.37	0.378435517970402	0.8371802050452747	-1.1767098788038397	0	1	No-PER3D	No-Essential3D
60	Y	60	10.083	7.28	72.999	0.37	0.277519379844961	0.7694906174269925	-1.0475553149124714	0	0.9999999999999999	No-PER3D	No-Essential3D
61	D	61	6.306	7.879	73.194	0.37	0.278599221789883	1.0628121637728816	-1.335745341320024	0	0.9999999999999999	No-PER3D	No-Essential3D
62	E	62	4.568	7.47	69.878	0.37	0.253272019808985	1.0628121637728816	-1.0227250072732035	0	0.9999999999999999	No-PER3D	No-Essential3D
63	D	63	5.735	5.604	66.792	0.37	0.348249027237354	1.0628121637728816	-0.7591671016522739	0	0.9999999999999999	No-PER3D	No-Essential3D
64	E	64	4.208	8.061	64.34	0.37	0.319320214669052	1.0628121637728816	-0.827390827670364	0	0.9999999999999999	No-PER3D	No-Essential3D
65	V	65	6.684	10.666	65.499	0.37	0.317531305903399	1.0628121637728816	-1.0095671165777322	0	0.9999999999999999	No-PER3D	No-Essential3D
66	L	66	9.516	8.187	64.936	0.37	0.319664771026639	0.9161513905999371	-0.5841249329588935	0	1	No-PER3D	No-Essential3D
67	L	67	8.459	7.474	61.395	0.37	0.318425760286225	1.0628121637728816	-0.437711879299473	0	0.9999999999999999	No-PER3D	No-Essential3D
68	A	68	8.914	11.17	60.664	0.37	0.342664092664093	0.9739268466983697	-0.6019734591785637	0	1	No-PER3D	No-Essential3D
69	L	69	12.259	11.476	62.463	0.37	0.373426573426573	0.853296773525818	-0.6994832213645265	0	0.9999999999999999	No-PER3D	No-Essential3D
70	A	70	13.705	8.726	60.319	0.37	0.346303501945525	0.5302578066417863	-0.39959429277704556	0	0.9999999999999999	No-PER3D	No-Essential3D
71	E	71	12.645	10.657	57.256	0.37	0.429086538461539	0.5305103217471119	-0.3929670769408019	0	1	No-PER3D	No-Essential3D
72	Q	72	14.605	13.59	58.613	0.37	0.59765625	0.6673325604379757	-0.5397649099853461	0	0.9999999999999999	No-PER3D	No-Essential3D
73	L	73	17.801	11.732	59.481	0.37	0.59765625	0.15729299607629213	-0.4371879672860687	0	1	No-PER3D	No-Essential3D
74	G	74	17.943	10.702	55.84	0.37	0.532774618377731	-0.12568174382889208	-0.24915922016841952	0	1	No-PER3D	No-Essential3D
75	T	75	17.816	14.289	54.507	-0.51	0.537552998182919	-0.3999495686600706	-0.4538104276073224	0	1	No-PER3D	No-Essential3D
76	F	76	20.456	15.395	57.027	0.37	0.501129305477132	-0.1236266462318357	-0.5017080759929832	0	0.9999999999999999	No-PER3D	No-Essential3D
77	T	77	23.194	14.44	54.601	0.37	0.467720685111989	-1.0145237143072419	-0.21208013087710648	0	0.9999999999999999	No-PER3D	No-Essential3D
78	T	78	24.53	18.017	54.17	-3.14	0.471447543160691	-0.34246469917515077	-0.43623816052994757	0	1	No-PER3D	No-Essential3D
79	L	79	22.989	19.848	57.164	0.37	0.471447543160691	-0.03506038540526868	-0.739567293563095	0	1	No-PER3D	No-Essential3D
80	V	80	25.648	18.635	59.628	0.37	0.470119521912351	-0.03506038540526868	-0.8116713829925334	0	1	No-PER3D	No-Essential3D
81	G	81	28.629	19.542	57.429	0.37	0.46957671957672	-0.2788005908205316	-0.6126725174323024	0	1	No-PER3D	No-Essential3D
82	G	82	28.585	16.706	54.981	0.37	0.473333333333333	-1.3559312198797315	-0.2950843092879088	0	1	No-PER3D	No-Essential3D
83	P	83	30.54	13.564	54.394	0.37	0.51061388410786	-1.9906883211618436	-0.16114500067275897	0	1	No-PER3D	No-Essential3D
84	E	84	33.092	13.952	57.173	-1.39	0.480431848852902	-2.473156856097543	-0.19044979529062597	0	0.9999999999999999	No-PER3D	No-Essential3D
85	Y	85	30.346	14.593	59.756	-1.39	0.520408163265306	-1.321042659433818	-0.4954649261556044	0	0.9999999999999999	No-PER3D	No-Essential3D
86	V	86	27.812	11.737	59.22	-2.26	0.481781376518219	-1.6194874566944184	-0.2541990473343122	0	0.9999999999999999	No-PER3D	No-Essential3D
87	H	87	28.821	9.225	61.909	0.37	0.512672811059908	-1.1515132690225587	-0.3518555825232552	0	0.9999999999999999	No-PER3D	No-Essential3D
88	C	88	26.951	11.318	64.5	0.37	0.51061388410786	-0.2020018751387532	-0.6499026515526569	0	1	No-PER3D	No-Essential3D
89	L	89	23.64	10.383	62.827	0.37	0.51061388410786	-0.019028420946516706	-0.5450829180723289	0	0.9999999999999999	No-PER3D	No-Essential3D
90	L	90	24.117	6.727	63.671	0.37	0.565737051792829	-0.051428775268320494	-0.5302065268208487	0	1	No-PER3D	No-Essential3D
91	P	91	23.113	6.755	67.33	0.37	0.565737051792829	0.3315915475270927	-0.7462494454530835	0	1	No-PER3D	No-Essential3D
92	P	92	19.614	8.08	66.814	0.37	0.568674698795181	0.6673325604379757	-0.5762223640766733	0	1	No-PER3D	No-Essential3D
93	L	93	19.151	5.822	63.791	0.37	0.615962984384037	0.7514771568922112	-0.4823857549810483	0	1	No-PER3D	No-Essential3D
94	E	94	20.501	2.737	65.557	0.37	0.550558312655087	0.7225157609033116	-0.5309017640638908	0	1	No-PER3D	No-Essential3D
95	S	95	17.911	3.229	68.236	-1.39	0.517818181818182	0.8850415296238578	-0.5730159094584243	0	1	No-PER3D	No-Essential3D
96	L	96	15.459	3.909	65.442	0.37	0.594758064516129	0.9324470320635976	-0.40527223937495405	0	1	No-PER3D	No-Essential3D
97	A	97	16.388	0.589	63.824	0.37	0.594758064516129	0.9379944844767585	-0.38747239533886635	0	1	No-PER3D	No-Essential3D
98	T	98	15.52	-1.348	67.012	0.37	0.654309545875811	0.6777399184204733	-0.425842895354938	0	0.9999999999999999	No-PER3D	No-Essential3D
99	V	99	11.897	-0.093	67.371	0.37	0.649095923996323	0.9084324025382031	-0.5076471109658371	0	1	No-PER3D	No-Essential3D
100	E	100	9.102	-2.673	67.496	0.37	0.701195219123506	0.8281549266961702	-0.3190334110475473	0	1	No-PER3D	No-Essential3D
101	E	101	6.714	-1.482	64.813	0.37	0.755133312902237	1.0628121637728816	-0.2598440617939113	0	0.9999999999999999	No-PER3D	No-Essential3D
102	T	102	7.931	-2.284	61.301	0.37	0.700396825396826	1.0628121637728816	-0.17101507201001656	0	0.9999999999999999	No-PER3D	No-Essential3D
103	V	103	6.98	0.953	59.609	0.37	0.579068241469816	1.0628121637728816	-0.32648067670085335	0	1	No-PER3D	No-Essential3D
104	V	104	9.451	2.931	61.691	0.37	0.581357048748353	0.8794861973067009	-0.37416250082992103	0	1	No-PER3D	No-Essential3D
105	R	105	12.316	0.46	61.464	0.37	0.536637275767711	0.9084324025382031	-0.3004327929913098	0	1	No-PER3D	No-Essential3D
106	D	106	11.774	-0.268	57.803	0.37	0.539677713590757	1.0628121637728816	-0.18925537661710362	0	1	No-PER3D	No-Essential3D
107	K	107	12.313	3.427	57.183	0.37	0.580065359477124	0.6193956388216235	-0.1968547063972325	0	1	No-PER3D	No-Essential3D
108	A	108	15.246	3.688	59.549	0.37	0.632798573975045	0.5747365387655174	-0.09734368282718853	0	1	No-PER3D	No-Essential3D
109	V	109	17.118	1.074	57.56	0.37	0.539067231980618	0.5860871346959212	-0.20468820937665347	0	1	No-PER3D	No-Essential3D
110	E	110	16.401	2.866	54.299	0.37	0.536953242835596	0.49616826742286857	-0.07977565794567305	0	1	No-PER3D	No-Essential3D
111	S	111	17.699	6.035	55.876	0.37	0.61078431372549	0.1684036607106061	-0.12709514514728298	0	1	No-PER3D	No-Essential3D
112	L	112	20.801	4.216	57.093	0.37	0.61078431372549	-0.0954746243543509	-0.184793212637098	0	1	No-PER3D	No-Essential3D
113	R	113	21.248	2.588	53.69	0.37	0.606689453125	0.24988186802890863	-0.10830531646636878	0	1	No-PER3D	No-Essential3D
114	A	114	21.284	5.924	51.879	-4.02	0.606689453125	-0.4544108179573275	-0.02413684138145155	0	1	No-PER3D	No-Essential3D
115	I	115	23.809	7.456	54.296	0.37	0.613188976377953	-1.4131567166584722	-0.12023443433816729	0	1	No-PER3D	No-Essential3D
116	S	116	26.381	4.656	54.101	0.37	0.6125	-1.4237545813865873	-0.13040696954190328	0	1	No-PER3D	No-Essential3D
117	H	117	27.541	5.699	50.651	-4.02	0.697265625	-2.0646483676031537	0.09271368768670536	0	1	No-PER3D	No-Essential3D
118	E	118	28.405	9.152	51.809	0.37	0.697265625	-2.3680844500299356	-0.025580302872013967	0	1	No-PER3D	No-Essential3D
119	H	119	30.744	8.101	54.586	0.37	0.691860465116279	-2.3792063830867995	-0.12508072204558887	0	1	No-PER3D	No-Essential3D
120	S	120	34.276	6.937	53.991	-1.39	0.685328185328185	-2.425509198146542	-0.04771532491270135	0	1	No-PER3D	No-Essential3D
121	P	121	35.842	3.554	53.511	0.37	0.599038461538462	-2.2143894767643704	0.1088841727307639	0	1	No-PER3D	No-Essential3D
122	S	122	37.765	4.213	56.69	-4.02	0.536036036036036	-2.559264507013476	0.0433459359800476	0	1	No-PER3D	No-Essential3D
123	D	123	34.578	5.508	58.322	-4.89	0.482432432432433	-2.1763433865808697	-0.17077105273853618	0	1	No-PER3D	No-Essential3D
124	L	124	32.522	2.471	57.446	0.37	0.482432432432433	-1.2467441506072798	-0.12999485568169186	0	1	No-PER3D	No-Essential3D
125	E	125	35.076	0.284	59.114	0.37	0.482432432432433	-1.156638878523011	-0.11317212870131488	0	1	No-PER3D	No-Essential3D
126	A	126	35.05	2.396	62.242	0.37	0.458172458172458	-1.5831132569987476	-0.43099000386344283	0	1	No-PER3D	No-Essential3D
127	H	127	31.37	3.372	62.602	-2.26	0.395775430794886	-1.3577802210407641	-0.4818821532130801	0	1	No-PER3D	No-Essential3D
128	F	128	28.851	1.864	60.196	0.37	0.395775430794886	-1.2355081777252104	-0.2521615258923004	0	1	No-PER3D	No-Essential3D
129	V	129	30.079	-1.707	60.31	0.37	0.364530002047921	-0.6651487019682677	-0.24951589286292944	0	0.9999999999999999	No-PER3D	No-Essential3D
130	P	130	30.074	-2.052	64.075	0.37	0.364530002047921	-0.8520534169961279	-0.680169208066007	0	1	No-PER3D	No-Essential3D
131	L	131	26.611	-0.568	63.915	0.37	0.291309669522644	-0.2529682955457516	-0.5723346732308209	0	0.9999999999999999	No-PER3D	No-Essential3D
132	V	132	25.532	-3.546	61.871	0.37	0.291309669522644	0.4132086381533242	-0.47276224902781155	0	1	No-PER3D	No-Essential3D
133	K	133	27.434	-5.892	64.159	0.37	0.231016731016731	0.03050070554353259	-0.7182737428539065	0	1	No-PER3D	No-Essential3D
134	R	134	25.247	-4.862	67.082	0.37	0.228607918263091	-0.23713559844185417	-0.8408275471066491	0	0.9999999999999999	No-PER3D	No-Essential3D
135	L	135	21.952	-4.833	65.218	0.37	0.340996168582376	0.4628362735199266	-0.70795254772559	0	1	No-PER3D	No-Essential3D
136	A	136	22.7	-8.219	63.711	0.37	0.360323886639676	0.43585323083659266	-0.9570254902922442	2.8645813873469703	0.35551602270646415	No-PER3D	No-Essential3D
137	G	137	24.098	-9.079	67.121	-2.26	0.392307692307692	0.18506965766207706	-0.9477031830349653	0	1	No-PER3D	No-Essential3D
138	G	138	20.671	-7.83	68.26	0.37	0.440274841437632	0.05365731388381176	-0.8913808057059827	0	0.9999999999999999	No-PER3D	No-Essential3D
139	D	139	18.918	-8.78	71.451	0.37	0.423955337506344	0.5471466110391326	-0.9567903751981334	0	0.9999999999999999	No-PER3D	No-Essential3D
140	W	140	15.714	-9.532	69.625	0.37	0.484520385721536	0.6975490639198095	-0.9385932416956241	0	0.9999999999999999	No-PER3D	No-Essential3D
141	F	141	14.301	-10.046	66.132	0.37	0.481663685152057	0.7888648388830776	-1.0408319195359315	69.21313531995982	4.4470346841707386e-5	PER3D	Essential3D
142	T	142	13.255	-6.488	65.39	0.37	0.483990562858106	0.6447337259616954	-0.6465627086866577	18.745342486534632	0.01679074412433687	PER3D	Essential3D
143	S	143	16.904	-5.53	65.403	0.37	0.480778915561524	0.6876135657372018	-0.6318435319450036	0	1	No-PER3D	No-Essential3D
144	R	144	18.084	-8.609	63.487	0.37	0.464332036316472	0.5428330588869872	-1.099508550096604	30.963468249864402	3.978209119208941e-4	PER3D	Essential3D
145	T	145	15.535	-8.26	60.709	0.37	0.477130977130977	0.730249770059438	-0.9957398451618097	42.936753474701185	1.559660811629317e-4	PER3D	Essential3D
146	S	146	16.773	-4.724	60.154	0.37	0.513924777490669	0.7758955888044206	-0.6957652643462979	12.234028783856814	0.010435784916420335	PER3D	Essential3D
147	A	147	20.502	-5.424	59.857	0.37	0.5478515625	0.525418792684634	-0.7715935367129497	2.260458789701446	0.41810021058414204	No-PER3D	No-Essential3D
148	C	148	19.926	-7.869	57.028	0.37	0.517066085693537	0.5142230974536287	-1.0086617913259412	9.912096825826765	0.016629967039003848	PER3D	Essential3D
149	G	149	19.389	-4.884	54.708	0.37	0.530734632683658	0.7059159363730886	-0.6848061343878147	6.219305492140874	0.08121085881706645	No-PER3D	No-Essential3D
150	L	150	22.518	-2.956	55.785	0.37	0.509019607843137	0.15247837473475612	-0.5864822410697228	0	1	No-PER3D	No-Essential3D
151	F	151	24.98	-5.63	54.598	0.37	0.511023622047244	0.6364404084310825	-0.4944499222746497	0	1	No-PER3D	No-Essential3D
152	S	152	25.153	-5.083	50.834	0.37	0.522474171474574	-0.21734472706198235	-0.20662120156377722	0	1	No-PER3D	No-Essential3D
153	V	153	26.083	-1.389	50.903	0.37	0.563368055555556	-0.10761699356185117	-0.030768066327888827	0	1	No-PER3D	No-Essential3D
154	C	154	28.946	-1.427	53.416	0.37	0.638221153846154	-1.1146197170030232	-0.0588733339293588	0	1	No-PER3D	No-Essential3D
155	Y	155	30.539	-4.582	52.043	0.37	0.63710407239819	-0.0443505526248386	0.056640539079701326	0	1	No-PER3D	No-Essential3D
156	P	156	32.327	-3.565	48.845	0.37	0.629695885509839	-0.24977876854297004	0.2528965637673615	0	0.9999999999999999	No-PER3D	No-Essential3D
157	R	157	33.978	-0.488	50.338	0.37	0.649846153846154	-1.5255453627671098	0.27591678041268486	0	1	No-PER3D	No-Essential3D
158	V	158	35.445	-1.865	53.557	-2.26	0.676923076923077	-1.5704153545595316	0.1454101468620239	0	1	No-PER3D	No-Essential3D
159	S	159	38.546	-3.959	54.122	0.37	0.676923076923077	-1.5847004948036496	0.3117771184350755	0	1	No-PER3D	No-Essential3D
160	S	160	38.775	-7.59	53.132	-1.39	0.674329501915709	-0.2389873758809065	0.5681972065488299	0	1	No-PER3D	No-Essential3D
161	A	161	39.29	-8.452	56.765	0.37	0.680769230769231	-0.03506038540526866	0.438891004666333	0	1	No-PER3D	No-Essential3D
162	V	162	36.006	-6.84	57.736	0.37	0.718660125190323	-0.4544108179573275	-0.05626690292159884	0	0.9999999999999999	No-PER3D	No-Essential3D
163	K	163	34.561	-8.417	54.632	0.37	0.721467391304348	-0.08714162587861543	0.22720797877378543	0	0.9999999999999999	No-PER3D	No-Essential3D
164	A	164	35.38	-11.665	56.346	0.37	0.66375	-0.5471231417392142	0.3249237359717727	0	0.9999999999999999	No-PER3D	No-Essential3D
165	E	165	33.69	-10.413	59.487	0.37	0.66375	-0.2788005908205316	-0.13223064816828645	0	1	No-PER3D	No-Essential3D
166	L	166	30.509	-9.256	57.771	-0.51	0.601222826086957	0.012427022575044466	-0.31683964135697973	0	1	No-PER3D	No-Essential3D
167	R	167	30.176	-12.518	55.884	0.37	0.575551232166018	0.11239990518899644	-0.09261027400181539	0	1	No-PER3D	No-Essential3D
168	Q	168	30.155	-14.311	59.209	0.37	0.561310782241015	-0.5921937943644967	-0.16891569000068474	0	1	No-PER3D	No-Essential3D
169	Y	169	27.466	-12.024	60.583	-2.26	0.482336956521739	0.2648644309448775	-0.7155764157126737	0	0.9999999999999999	No-PER3D	No-Essential3D
170	F	170	25.269	-12.542	57.548	0.37	0.504261363636364	0.3140050449300463	-0.8059839383942434	2.260458789701446	0.41810021058414204	No-PER3D	No-Essential3D
171	R	171	25.897	-16.25	57.93	0.37	0.482101167315175	-0.3599878045412688	-0.5018890441032041	2.529357905726356	0.38747390587804437	No-PER3D	No-Essential3D
172	N	172	24.575	-16.058	61.461	-1.39	0.486152437628748	-0.08714162587861543	-1.0148606384429093	5.82975959790896	0.2134325952994695	No-PER3D	No-Essential3D
173	L	173	21.339	-14.375	60.37	0.37	0.430447470817121	0.2961763040052169	-1.192211366454578	36.03775936226145	2.5653937712168806e-4	PER3D	Essential3D
174	C	174	20.497	-17.002	57.786	0.37	0.402416780665755	0.19693786761236703	-0.8139479642176721	30.963468249864402	3.978209119208941e-4	PER3D	Essential3D
175	S	175	20.739	-19.49	60.636	0.37	0.40512703135729	-0.011589106365280367	-1.0192814193676398	42.936753474701185	1.559660811629317e-4	PER3D	No-Essential3D
176	D	176	18.798	-17.255	63.053	0.37	0.370833333333333	-0.03506038540526864	-1.2107945674899134	42.936753474701185	1.559660811629317e-4	PER3D	No-Essential3D
177	D	177	16.828	-19.044	65.753	0.37	0.318766836276564	0.7540526413035247	-1.5580272058891809	99.92266990311029	1.9306900143743192e-5	PER3D	Essential3D
178	T	178	13.592	-17.412	64.666	0.37	0.229974160206718	0.8077499495590651	-1.3594622491101516	99.92266990311029	1.9306900143743192e-5	PER3D	Essential3D
179	P	179	11.929	-17.665	61.305	0.37	0.228205128205128	1.0628121637728816	-1.2372898127716692	163.20832782032446	1.1503481563910044e-6	PER3D	Essential3D
180	M	180	11.28	-13.934	61.251	0.37	0.13587786259542	1.0628121637728816	-1.4587443021591313	227.51327259349395	4.343151202700746e-7	PER3D	Essential3D
181	V	181	14.908	-13.018	60.826	0.37	0.136923076923077	0.6563470159008951	-1.2687910887351312	126.98323748131588	2.5706759821390855e-6	PER3D	Essential3D
182	R	182	15.636	-15.897	58.524	0.37	0.123650296064089	0.6437813832787542	-0.8904148279004679	87.29718677779653	9.29669122307831e-6	PER3D	Essential3D
183	R	183	12.884	-14.698	56.275	0.37	0.122709989630142	1.0628121637728816	-1.0380196457442572	163.20832782032446	1.1503481563910044e-6	PER3D	Essential3D
184	A	184	14.629	-11.334	56.208	0.37	0.122709989630142	1.0628121637728816	-1.1353933746573617	126.98323748131588	2.5706759821390855e-6	PER3D	Essential3D
185	A	185	18.08	-12.829	55.803	0.37	0.112058080808081	0.48964679035490155	-0.9895383901729814	21.56761628263883	0.001159052066166147	PER3D	Essential3D
186	A	186	16.703	-15.099	53.111	0.37	0.207459207459207	0.5526877353452484	-0.7568740867899848	87.29718677779653	9.29669122307831e-6	PER3D	Essential3D
187	S	187	15.314	-12.127	51.221	0.37	0.337121212121212	0.7457077893448935	-0.9906663500305897	163.20832782032446	1.1503481563910044e-6	PER3D	Essential3D
188	K	188	18.556	-10.147	51.074	0.37	0.419096067305811	0.7694906174269925	-0.8087102866886009	12.234028783856814	0.010435784916420335	PER3D	Essential3D
189	L	189	20.577	-13.187	50.034	0.37	0.418713450292398	0.42515662823834005	-0.5251393522630656	12.234028783856814	0.010435784916420335	PER3D	Essential3D
190	G	190	20.565	-12.362	46.346	0.37	0.466666666666667	0.5451859055154303	-0.5754730436370505	0	1	No-PER3D	No-Essential3D
191	E	191	21.301	-8.749	47.119	0.37	0.466666666666667	0.8794861973067009	-0.6320598559389242	0	1	No-PER3D	No-Essential3D
192	F	192	24.35	-9.864	49.094	0.37	0.466666666666667	0.4189355986233689	-0.2570607972358802	0	1	No-PER3D	No-Essential3D
193	A	193	25.646	-12.554	46.754	0.37	0.470149253731343	0.5041044564473786	-0.23488688603300242	0	0.9999999999999999	No-PER3D	No-Essential3D
194	K	194	25.593	-9.867	44.124	0.37	0.509824747742963	0.6437813832787542	-0.21932457330716765	0	0.9999999999999999	No-PER3D	No-Essential3D
195	V	195	28.267	-8.076	46.093	0.37	0.594238683127572	0.5390236881552225	0.014393676973861059	0	1	No-PER3D	No-Essential3D
196	L	196	30.548	-10.455	44.368	0.37	0.628108733371891	0.6282617247419348	0.044424983104976036	0	1	No-PER3D	No-Essential3D
197	E	197	33.39	-12.605	45.495	0.37	0.597242647058824	0.3295082979081589	0.30587819090647206	0	1	No-PER3D	No-Essential3D
198	L	198	32.928	-15.492	43.119	0.37	0.628676470588235	-0.0022965504893087347	0.0932984159748205	0	0.9999999999999999	No-PER3D	No-Essential3D
199	D	199	34.901	-17.778	45.321	0.37	0.629248397747135	-0.3155638193899529	0.2755393427408215	0	1	No-PER3D	No-Essential3D
200	N	200	32.795	-16.662	48.282	-1.39	0.664206642066421	0.12418321546603645	0.2782799565896451	0	1	No-PER3D	No-Essential3D
201	V	201	29.649	-17.067	46.265	0.37	0.674157303370787	0.028540000019830078	-0.02753601526041092	0	1	No-PER3D	No-Essential3D
202	K	202	30.657	-20.677	45.764	0.37	0.641076375148397	-0.6729205557655025	0.14337540841078988	0	1	No-PER3D	No-Essential3D
203	S	203	32.269	-20.976	49.168	0.37	0.609022556390977	-0.1104740216106748	0.3105261976748293	0	0.9999999999999999	No-PER3D	No-Essential3D
204	E	204	29.843	-19.433	51.641	0.37	0.57784911717496	-0.5004583502750954	0.11748847804793572	0	1	No-PER3D	No-Essential3D
205	I	205	26.735	-18.239	49.785	0.37	0.606741573033708	0.224750602784627	-0.1657438488670498	0	1	No-PER3D	No-Essential3D
206	I	206	25.822	-21.493	48.127	-1.39	0.669776119402985	-0.4021289682614168	-0.03639323950444141	0	1	No-PER3D	No-Essential3D
207	P	207	25.507	-23.358	51.4	0.37	0.669776119402985	-0.4568798545427307	0.10668035035117444	0	0.9999999999999999	No-PER3D	No-Essential3D
208	M	208	23.434	-20.483	52.757	-1.39	0.66542750929368	0.224750602784627	-0.31683075188721477	1.8554086233032616	0.4755359824208019	No-PER3D	No-Essential3D
209	F	209	21.243	-20.796	49.695	0.37	0.669776119402985	0.4387237672922665	-0.35088304797166586	1.6992298780428479	0.502431573065889	No-PER3D	No-Essential3D
210	S	210	20.926	-24.555	49.926	-1.39	0.662361623616236	0.11239990518899644	-0.1017484974039991	0	1	No-PER3D	No-Essential3D
211	N	211	20.294	-24.334	53.65	-1.39	0.659926470588235	0.2536492773014634	-0.22877072009320135	3.8627564767654525	0.2874206776254936	No-PER3D	No-Essential3D
212	L	212	17.527	-21.762	53.247	0.37	0.664206642066421	0.5041044564473786	-0.5742848190520521	75.28485970310876	1.5826510058335754e-5	PER3D	Essential3D
213	A	213	16.118	-23.474	50.199	0.37	0.699805068226121	0.5170976589433205	-0.22100504562835493	42.936753474701185	1.559660811629317e-4	PER3D	Essential3D
214	S	214	15.353	-26.456	52.427	0.37	0.699805068226121	0.49509304181309616	0.07005112415006547	7.765415968800194	0.17410422506444295	No-PER3D	No-Essential3D
215	D	215	14.156	-24.474	55.458	0.37	0.706991358994501	0.5128342643743395	-0.4393250918485991	163.20832782032446	1.1503481563910044e-6	PER3D	Essential3D
216	E	216	11.449	-26.154	57.527	0.37	0.671641791044776	0.7694906174269925	-0.4250130409478883	386.6129464062941	1.249284805410059e-7	PER3D	Essential3D
217	Q	217	9.287	-23.134	56.892	0.37	0.629824561403509	0.8281549266961702	-0.5853292110829196	387.6129464062941	1.173824649378576e-9	PER3D	Essential3D
218	D	218	7.703	-22.969	53.46	0.37	0.581712962962963	1.0628121637728816	-0.43769193126471145	387.6129464062941	1.4085895792542938e-8	PER3D	Essential3D
219	S	219	7.675	-19.24	54.046	0.37	0.563579277864992	1.0628121637728816	-0.7987742663699863	387.6129464062941	4.695298597514324e-9	PER3D	Essential3D
220	V	220	11.478	-19.343	53.883	0.37	0.531851851851852	0.7619695521360723	-0.8195110927872387	387.6129464062941	7.74724268589861e-8	PER3D	Essential3D
221	R	221	12.007	-21.776	51.061	0.37	0.4753053637812	0.6628282369375783	-0.46793298842950265	387.6129464062941	7.74724268589861e-8	PER3D	Essential3D
222	L	222	10.104	-19.788	48.48	0.37	0.4753053637812	0.7766448014842092	-0.20042573481429404	53.1525705941044	8.779034552702378e-5	PER3D	Essential3D
223	L	223	12.228	-16.784	49.408	0.37	0.480203317281969	0.6115482463176676	-0.6193255295638173	387.6129464062941	7.74724268589861e-8	PER3D	Essential3D
224	A	224	15.325	-18.786	48.413	0.37	0.54188679245283	0.34447368292580627	-0.4493735028896371	66.33399171107305	2.5538232139587174e-5	PER3D	Essential3D
225	V	225	14.196	-19.446	44.848	0.37	0.481540930979133	0.5635414465883896	-0.14656920352471559	9.441398580226908	0.04410090900980845	PER3D	Essential3D
226	E	226	13.487	-15.757	44.423	0.37	0.483351235230935	0.7540526413035247	-0.3804133227410587	36.03775936226145	2.5653937712168806e-4	PER3D	Essential3D
227	A	227	17.106	-15.174	45.406	0.37	0.41799709724238	0.3644275296160028	-0.47110867701191395	7.031341047493982	0.06789507416224141	No-PER3D	No-Essential3D
228	C	228	18.394	-18.12	43.415	0.37	0.454545454545455	0.3008427831516287	-0.1257163057755759	0	1	No-PER3D	No-Essential3D
229	V	229	18.016	-16.217	40.169	0.37	0.459770114942529	0.3502281860099876	-0.005585841841298862	0	1	No-PER3D	No-Essential3D
230	N	230	20.906	-14.025	41.262	-1.39	0.46025641025641	-0.024763180145966984	-0.10499193480654552	0	1	No-PER3D	No-Essential3D
231	I	231	23.124	-16.823	42.608	0.37	0.502097902097902	-0.019753029509624147	-0.042378165974109476	0	1	No-PER3D	No-Essential3D
232	A	232	22.511	-18.698	39.362	0.37	0.463824289405685	-0.1509601995708336	0.04036086712774036	0	1	No-PER3D	No-Essential3D
233	Q	233	23.266	-15.472	37.458	0.37	0.500699300699301	0.12237376436844814	0.018633029226410667	0	0.9999999999999999	No-PER3D	No-Essential3D
234	L	234	26.748	-15.377	39.134	0.37	0.546564885496183	-0.05675069026122723	0.007290966979302134	0	1	No-PER3D	No-Essential3D
235	L	235	28.768	-17.112	36.368	0.37	0.603295310519645	-0.22513608063679508	0.0376635978378689	0	1	No-PER3D	No-Essential3D
236	P	236	29.231	-20.759	37.293	-3.14	0.56992337164751	-1.0107156236059651	0.052286272569280465	0	1	No-PER3D	No-Essential3D
237	Q	237	28.661	-23.073	34.317	0.37	0.49599442702891	-1.197703059099363	0.2508190385157195	0	1	No-PER3D	No-Essential3D
238	E	238	29.671	-26.727	34.703	-1.39	0.499300699300699	-2.045396267676455	0.16826925442628127	0	0.9999999999999999	No-PER3D	No-Essential3D
239	D	239	29.693	-25.461	38.2	0.37	0.503171247357294	-0.8458067914520985	0.016204691530445885	0	1	No-PER3D	No-Essential3D
240	L	240	25.919	-24.899	38.242	0.37	0.502632502632503	-0.7904466972306904	0.16897554420608735	0	1	No-PER3D	No-Essential3D
241	E	241	24.963	-28.535	37.997	0.37	0.4998244998245	-1.3310310347111307	0.33350541289676927	0	1	No-PER3D	No-Essential3D
242	A	242	26.8	-29.343	41.195	-3.14	0.492222606291047	-1.0949958625754652	-0.10891904709771123	0	1	No-PER3D	No-Essential3D
243	L	243	26.274	-26.197	43.251	0.37	0.490358126721763	-0.553214850969752	-6.116963284546369e-4	0	0.9999999999999999	No-PER3D	No-Essential3D
244	V	244	22.976	-24.49	42.298	0.37	0.488507718696398	-0.580211243003842	0.05841651824908234	0	0.9999999999999999	No-PER3D	No-Essential3D
245	M	245	20.853	-27.099	40.453	0.37	0.484848484848485	-0.445208045229916	0.19686870070146473	0	1	No-PER3D	No-Essential3D
246	P	246	19.707	-29.943	42.658	0.37	0.48168249660787	0.08646250903254048	0.13766637842586382	0	0.9999999999999999	No-PER3D	No-Essential3D
247	T	247	18.402	-27.359	45.022	0.37	0.601554579249747	0.028540000019830078	0.03375560890091703	0	0.9999999999999999	No-PER3D	No-Essential3D
248	L	248	16.466	-25.63	42.233	0.37	0.588186699710863	0.19769541292834295	0.10163501153459414	0	1	No-PER3D	No-Essential3D
249	R	249	15.419	-28.905	40.709	0.37	0.588186699710863	0.330434186627685	0.5076777058470441	0	1	No-PER3D	No-Essential3D
250	Q	250	14.223	-29.752	44.191	0.37	0.496282527881041	0.8371802050452747	0.10685340253023624	0	1	No-PER3D	No-Essential3D
251	A	251	12.3	-26.481	44.548	0.37	0.567697228144989	0.9161513905999371	0.08991587202437357	4.653197882603738	0.25118783072509504	No-PER3D	No-Essential3D
252	A	252	10.253	-27.273	41.471	0.37	0.566098081023454	0.6437813832787542	0.5351354740674571	3.293473432866394	0.3221806445705915	No-PER3D	No-Essential3D
253	E	253	9.04	-30.442	43.225	0.37	0.587064676616915	1.0628121637728816	0.4314890298251931	7.765415968800194	0.17410422506444295	No-PER3D	No-Essential3D
254	D	254	8.672	-28.811	46.683	0.37	0.590928006658344	1.0628121637728816	0.15600312539790603	7.765415968800194	0.17410422506444295	No-PER3D	No-Essential3D
255	K	255	5.64	-30.103	48.55	0.37	0.498595505617978	1.0628121637728816	0.1601641056145262	11.555871639138504	0.13315071556350633	No-PER3D	No-Essential3D
256	S	256	4.554	-26.566	49.219	0.37	0.496735074626866	1.0628121637728816	0.20518503385877476	18.745342486534632	0.01679074412433687	PER3D	No-Essential3D
257	W	257	2.718	-24.996	46.307	0.37	0.493494423791822	1.0628121637728816	0.435689908223493	11.341665600744616	0.03379074932270319	PER3D	No-Essential3D
258	R	258	4.06	-21.674	47.505	0.37	0.494888475836431	1.0628121637728816	0.16585090033882527	11.341665600744616	0.03379074932270319	PER3D	No-Essential3D
259	V	259	7.5	-22.805	46.415	0.37	0.498134328358209	0.9084324025382031	0.17735636905546387	18.745342486534632	0.01679074412433687	PER3D	No-Essential3D
260	R	260	6.265	-24.437	43.251	0.37	0.443196004993758	0.7899549113581009	0.59527295586262	2.8645813873469703	0.35551602270646415	No-PER3D	No-Essential3D
261	Y	261	4.61	-21.144	42.477	0.37	0.529850746268657	0.5371922599187972	0.6527642525969449	2.529357905726356	0.38747390587804437	No-PER3D	No-Essential3D
262	M	262	7.731	-19.096	43.049	0.37	0.529368029739777	0.7619695521360723	0.19035585075931447	11.341665600744616	0.03379074932270319	PER3D	No-Essential3D
263	V	263	9.635	-21.119	40.513	0.37	0.590381426202322	0.6717167686450294	0.38395034870480155	2.8645813873469703	0.35551602270646415	No-PER3D	No-Essential3D
264	A	264	7.09	-20.497	37.75	0.37	0.588186699710863	0.15173766375913514	0.8655159550882744	2.529357905726356	0.38747390587804437	No-PER3D	No-Essential3D
265	D	265	6.643	-16.815	38.545	0.37	0.588186699710863	0.05904297595285853	0.7515063459163892	3.293473432866394	0.3221806445705915	No-PER3D	No-Essential3D
266	K	266	10.388	-16.667	37.911	-1.39	0.594820384294069	0.11330076988907598	0.5008559138442086	0	1	No-PER3D	No-Essential3D
267	F	267	10.649	-19.422	35.298	0.37	0.759061833688699	-0.23093429725060913	0.9225361996923012	0	1	No-PER3D	No-Essential3D
268	T	268	11.818	-17.303	32.363	-1.39	0.659851301115242	-0.40085450967101016	1.2800112737728104	0	1	No-PER3D	No-Essential3D
269	E	269	14.208	-15.392	34.611	0.37	0.652573529411765	-0.1486334077340428	0.5957082966040212	0	0.9999999999999999	No-PER3D	No-Essential3D
270	L	270	15.881	-18.551	35.824	0.37	0.654981549815498	0.03785335125741684	0.5856273474191954	0	1	No-PER3D	No-Essential3D
271	Q	271	16.015	-19.674	32.23	0.37	0.652014652014652	-1.2484984660758558	1.1054417804692647	0	1	No-PER3D	No-Essential3D
272	K	272	17.76	-16.494	31.22	0.37	0.719789132197891	-1.8642307082225018	1.1701636103237905	0	0.9999999999999999	No-PER3D	No-Essential3D
273	A	273	20.163	-16.759	34.151	0.37	0.714573268921095	-0.6532108326785778	0.5311198949324419	0	1	No-PER3D	No-Essential3D
274	V	274	20.775	-20.525	33.992	-2.26	0.803894927536232	-0.9704394643065769	0.5464121757159667	0	1	No-PER3D	No-Essential3D
275	G	275	21.554	-20.634	30.295	0.37	0.804545454545455	-1.668189203341495	0.9025519624500884	0	1	No-PER3D	No-Essential3D
276	P	276	20.228	-22.394	27.248	0.37	0.86374695863747	-2.7308625496989922	1.5492524681929978	0	1	No-PER3D	No-Essential3D
277	E	277	22.324	-25.507	27.681	-3.14	0.858181818181818	-2.7544257466770783	1.3565506401090452	0	1	No-PER3D	No-Essential3D
278	I	278	20.601	-26.526	30.917	0.37	0.812043795620438	-1.1323377204065805	0.9634029644156608	0	1	No-PER3D	No-Essential3D
279	T	279	17.245	-25.133	29.903	0.37	0.809090909090909	-1.8643429371582019	1.4144973220855486	0	1	No-PER3D	No-Essential3D
280	K	280	16.85	-27.687	27.161	-4.02	0.809090909090909	-2.5964157918844637	1.5999140223911203	0	0.9999999999999999	No-PER3D	No-Essential3D
281	T	281	17.677	-30.63	29.384	-0.51	0.776727272727273	-2.2457505353756604	1.5080586447674957	0	1	No-PER3D	No-Essential3D
282	D	282	16.574	-29.609	32.908	0.37	0.781090909090909	-0.6255815273876777	1.0523208659645173	0	1	No-PER3D	No-Essential3D
283	L	283	14.102	-26.71	32.793	0.37	0.789705882352941	-0.8404446880851034	1.0693098676656063	0	1	No-PER3D	No-Essential3D
284	V	284	11.902	-28.022	30.055	-1.39	0.816605839416058	-1.2963522935797869	1.318465533374388	0	0.9999999999999999	No-PER3D	No-Essential3D
285	P	285	10.725	-31.007	32.075	0.37	0.778909090909091	-1.229849329899038	1.2661004822150548	0	0.9999999999999999	No-PER3D	No-Essential3D
286	A	286	10.32	-28.706	35.062	0.37	0.832167832167832	0.05809063326991731	1.0161329719962378	0	1	No-PER3D	No-Essential3D
287	F	287	8.218	-26.323	33.006	0.37	0.832167832167832	-0.7593368362546112	1.118209868520621	0	1	No-PER3D	No-Essential3D
288	Q	288	6.464	-29.301	31.517	0.37	0.763480392156863	-0.9447262118671645	1.2003661401095977	0	0.9999999999999999	No-PER3D	No-Essential3D
289	N	289	5.679	-30.44	35.035	0.37	0.799550814149354	-0.04748804692511558	1.1449123460907555	0	0.9999999999999999	No-PER3D	No-Essential3D
290	L	290	4.779	-26.996	36.36	0.37	0.799550814149354	0.17757641872265603	1.0026084214142843	0	0.9999999999999999	No-PER3D	No-Essential3D
291	M	291	2.026	-26.598	33.79	-1.39	0.860606060606061	0.34728536132306115	0.6530723819196607	0	1	No-PER3D	No-Essential3D
292	K	292	0.69	-29.985	34.966	0.37	0.820816864295125	-0.08966677693186868	0.8873216097126659	0	1	No-PER3D	No-Essential3D
293	D	293	0.707	-28.924	38.664	0.37	0.826115702479339	0.2883334819104069	0.7127682122973424	4.653197882603738	0.25118783072509504	No-PER3D	No-Essential3D
294	C	294	-2.101	-29.877	41.038	0.37	0.827505827505828	0.2643594007342268	0.8099509768472156	0	1	No-PER3D	No-Essential3D
295	E	295	-2.592	-26.303	42.156	0.37	0.827505827505828	0.3601737322988654	0.5976162676687221	5.82975959790896	0.2134325952994695	No-PER3D	No-Essential3D
296	A	296	-4.322	-24.198	39.533	0.37	0.821487603305785	0.08754271253865432	0.204912878735645	5.82975959790896	0.2134325952994695	No-PER3D	No-Essential3D
297	E	297	-2.586	-21.093	40.787	0.37	0.816205533596838	0.18506965766207706	0.30799395716834677	3.8627564767654525	0.2874206776254936	No-PER3D	No-Essential3D
298	V	298	0.726	-22.613	39.796	0.37	0.755778588807786	0.49339060126429	0.6360377432328544	3.293473432866394	0.3221806445705915	No-PER3D	No-Essential3D
299	R	299	-0.383	-23.713	36.358	0.37	0.822163238221632	0.19845295824431886	0.3019083810724518	0	1	No-PER3D	No-Essential3D
300	A	300	-1.882	-20.299	35.884	0.37	0.855072463768116	0.3511290507100671	-0.12310092814186331	0	0.9999999999999999	No-PER3D	No-Essential3D
301	A	301	1.422	-18.671	36.788	0.37	0.794405594405594	0.3502281860099876	0.18437819872406766	2.8645813873469703	0.35551602270646415	No-PER3D	No-Essential3D
302	A	302	3.148	-21.34	34.717	0.37	0.857487922705314	-0.10825188868381201	0.6376689212477809	0	1	No-PER3D	No-Essential3D
303	S	303	1.021	-20.78	31.605	-2.26	0.800992779783394	0.06639830348280859	0.1627336984690974	0	1	No-PER3D	No-Essential3D
304	H	304	1.377	-17.018	31.761	0.37	0.798111510791367	-0.016091849401291825	-0.1203420496576045	0	1	No-PER3D	No-Essential3D
305	K	305	4.976	-17.914	30.902	0.37	0.793010752688172	0.011572356064712633	0.3367478424961245	0	1	No-PER3D	No-Essential3D
306	V	306	4.715	-20.082	27.788	0.37	0.790178571428571	-0.10825188868381201	0.1286060275822271	0	1	No-PER3D	No-Essential3D
307	K	307	5.488	-17.53	25.087	0.37	0.756428571428571	-0.12568174382889205	-0.13538431542607823	0	1	No-PER3D	No-Essential3D
308	E	308	8.384	-15.861	26.846	0.37	0.793615107913669	-0.1486334077340428	0.19682489979707085	0	1	No-PER3D	No-Essential3D
309	F	309	9.983	-19.174	27.726	-2.26	0.793615107913669	-0.8140354929158494	0.9097915665897357	0	0.9999999999999999	No-PER3D	No-Essential3D
310	C	310	9.746	-20.26	24.12	-1.39	0.796480144404332	-1.5070032685978374	0.8268368901531045	0	1	No-PER3D	No-Essential3D
311	E	311	10.843	-16.888	22.785	0.37	0.816360952983344	-1.5501780725470313	0.599143230065935	0	1	No-PER3D	No-Essential3D
312	N	312	14.381	-17.307	24.072	0.37	0.844765342960289	-2.1570584472513104	1.4110633312334142	0	1	No-PER3D	No-Essential3D
313	L	313	15.305	-21.011	23.829	0.37	0.853333333333333	-2.5964157918844637	1.5565363974428519	0	1	No-PER3D	No-Essential3D
314	S	314	18.021	-21.951	21.321	-3.14	0.85958485958486	-2.9620261000073578	1.6233954933629504	0	1	No-PER3D	No-Essential3D
315	A	315	18.949	-22.003	17.638	-3.14	0.865196078431373	-4.243224615651689	1.7398601887800291	0	1	No-PER3D	No-Essential3D
316	D	316	17.627	-25.089	15.783	-1.39	0.897717666948436	-3.425896348489966	1.3781510889778268	0	1	No-PER3D	No-Essential3D
317	C	317	16.039	-26.83	18.717	-4.02	0.864468864468864	-2.8411976221091937	1.3816621470571229	0	1	No-PER3D	No-Essential3D
318	R	318	13.719	-23.94	19.356	0.37	0.86374695863747	-2.283481938411754	1.1582354467179456	0	1	No-PER3D	No-Essential3D
319	E	319	11.121	-25.007	16.843	0.37	0.858181818181818	-1.7608838911477716	0.5179342714614609	0	1	No-PER3D	No-Essential3D
320	N	320	11.537	-28.638	17.83	-0.51	0.748188405797102	-2.8903623131160328	1.0458467317149098	0	1	No-PER3D	No-Essential3D
321	V	321	11.344	-28.187	21.594	-1.39	0.690635451505017	-2.431671067987161	1.2860323416646058	0	1	No-PER3D	No-Essential3D
322	I	322	8.22	-26.097	21.335	0.37	0.68619827825604	-1.4695185081506263	0.8034136785926509	0	1	No-PER3D	No-Essential3D
323	M	323	6.707	-28.574	18.926	0.37	0.68619827825604	-0.8901957752809759	0.2892509364381444	0	1	No-PER3D	No-Essential3D
324	S	324	7.78	-31.804	20.559	-1.39	0.637184115523466	-2.012064273773513	0.9184968359572415	0	0.9999999999999999	No-PER3D	No-Essential3D
325	Q	325	7.322	-31.176	24.298	0.37	0.644160583941606	-1.758062135050168	1.2500244369100275	0	1	No-PER3D	No-Essential3D
326	I	326	5.952	-27.682	24.979	0.37	0.605128205128205	-1.2644447438607314	1.0171869077461555	0	0.9999999999999999	No-PER3D	No-Essential3D
327	L	327	2.872	-27.621	22.775	0.37	0.606150061500615	-0.4437939606400943	0.27218301218099705	0	1	No-PER3D	No-Essential3D
328	P	328	1.271	-30.834	23.971	0.37	0.610123456790124	-0.21104969016998662	0.44770398480817064	0	1	No-PER3D	No-Essential3D
329	C	329	1.001	-29.06	27.311	-3.14	0.605128205128205	-0.3100493351045397	0.5603921111974738	0	0.9999999999999999	No-PER3D	No-Essential3D
330	I	330	-0.748	-26.054	25.771	0.37	0.602895259721828	0.3140050449300463	-0.06045511938596543	0	1	No-PER3D	No-Essential3D
331	K	331	-3.452	-28.056	24.044	0.37	0.54783950617284	0.15480267469273898	-0.255482635975357	0	0.9999999999999999	No-PER3D	No-Essential3D
332	E	332	-4.17	-29.628	27.409	0.37	0.601554579249747	-0.52184637969615	-0.15475026104794015	0	0.9999999999999999	No-PER3D	No-Essential3D
333	L	333	-4.173	-26.232	29.153	0.37	0.4	0.03492554098215836	-0.21151637901605905	0	1	No-PER3D	No-Essential3D
334	V	334	-6.578	-24.564	26.759	0.37	0.4	0.15729299607629207	-0.6288647211096697	0	0.9999999999999999	No-PER3D	No-Essential3D
335	S	335	-9.122	-27.087	27.924	0.37	0.397777777777778	0.25594803550166617	-0.8111468167410758	0	0.9999999999999999	No-PER3D	No-Essential3D
336	D	336	-8.364	-26.652	31.593	0.37	0.396666666666667	-0.12568174382889213	-0.354379340831313	0	1	No-PER3D	No-Essential3D
337	A	337	-10.807	-26.651	34.486	-3.14	0.363297150610583	0.5310153519577624	-0.34220650378314876	0	1	No-PER3D	No-Essential3D
338	N	338	-9.43	-23.403	35.873	0.37	0.363297150610583	0.30481793205412777	-0.2761110489830982	0	1	No-PER3D	No-Essential3D
339	Q	339	-10.793	-20.065	34.702	0.37	0.239516940623952	0.3871982873555583	-0.6789057617740595	0	1	No-PER3D	No-Essential3D
340	H	340	-7.439	-18.318	35.275	0.37	0.239304812834225	0.18506965766207706	-0.42492971555408365	0	0.9999999999999999	No-PER3D	No-Essential3D
341	V	341	-5.204	-20.743	33.407	0.37	0.241077441077441	0.23720431479231957	-0.24084245370501262	0	1	No-PER3D	No-Essential3D
342	K	342	-7.031	-20.495	30.114	0.37	0.13210332103321001	0.3628402918111007	-0.30015236794238387	0	1	No-PER3D	No-Essential3D
343	S	343	-7.36	-16.779	30.544	0.37	0.131734317343173	0.31046144424933486	-0.7271148184293271	0	0.9999999999999999	No-PER3D	No-Essential3D
344	A	344	-3.651	-16.502	31.313	0.37	0.132222222222222	0.5233601571857949	-0.3079588034758715	0	1	No-PER3D	No-Essential3D
345	L	345	-2.554	-18.796	28.495	0.37	0.132222222222222	0.3310233885401107	-0.4395169174910122	0	0.9999999999999999	No-PER3D	No-Essential3D
346	A	346	-4.756	-16.787	26.171	0.37	0.13271375464684	0.7514771568922112	-0.6388808020580515	0	1	No-PER3D	No-Essential3D
347	S	347	-2.828	-13.655	27.027	0.37	0.121099050203528	0.6447337259616954	-0.6398273966534869	0	1	No-PER3D	No-Essential3D
348	V	348	0.321	-15.289	25.641	0.37	0.121438263229308	0.43040514431706417	-0.507113648033357	0	1	No-PER3D	No-Essential3D
349	I	349	-0.57	-17.974	23.1	0.37	0.110493827160494	0.21925631807535087	-0.5815029599966086	0	1	No-PER3D	No-Essential3D
350	M	350	-0.976	-15.66	20.12	0.37	0.121777476255088	0.8489996175174247	-0.9435547867747534	0	1	No-PER3D	No-Essential3D
351	G	351	2.696	-14.624	20.436	0.37	0.134456928838951	0.3942676003481603	-0.8368675213173842	0	1	No-PER3D	No-Essential3D
352	L	352	3.681	-18.271	19.996	0.37	0.366700715015322	0.49210339011763177	-0.48217694890324875	0	1	No-PER3D	No-Essential3D
353	S	353	2.757	-17.922	16.305	0.37	0.370497427101201	0.5233601571857949	-0.7348476506538371	0	0.9999999999999999	No-PER3D	No-Essential3D
354	P	354	5.711	-16.047	14.836	-2.26	0.366700715015322	0.30358341376142617	-0.9909864612477935	0	1	No-PER3D	No-Essential3D
355	I	355	8.072	-18.304	16.737	0.37	0.400371747211896	-1.2139481975419584	0.07064152969007265	0	1	No-PER3D	No-Essential3D
356	L	356	6.623	-21.418	15.116	0.37	0.397777777777778	-0.5743769485186785	-0.2805867561451507	0	1	No-PER3D	No-Essential3D
357	G	357	6.29	-19.528	11.873	0.37	0.442379182156134	0.5000142667193618	-0.9460459256838808	0	0.9999999999999999	No-PER3D	No-Essential3D
358	K	358	3.608	-19.719	9.221	0.37	0.39814126394052	0.5000142667193618	-1.151501968354427	0	1	No-PER3D	No-Essential3D
359	D	359	3.561	-23.427	8.453	-1.39	0.398507462686567	0.2926676730680651	-0.9640581659437575	0	1	No-PER3D	No-Essential3D
360	N	360	3.111	-24.88	11.917	0.37	0.401123595505618	0.2643594007342268	-0.4755002946810211	0	1	No-PER3D	No-Essential3D
361	T	361	0.545	-22.344	13.08	0.37	0.405681818181818	0.6193956388216235	-1.0045268002275356	0	0.9999999999999999	No-PER3D	No-Essential3D
362	I	362	-2.051	-23.217	10.507	0.37	0.493605254061528	0.5208586332768995	-1.0731377000345401	0	0.9999999999999999	No-PER3D	No-Essential3D
363	E	363	-1.734	-26.871	11.347	0.37	0.493112947658402	0.7368993344996714	-0.7268867039204412	0	1	No-PER3D	No-Essential3D
364	H	364	-1.301	-26.776	15.144	0.37	0.540377358490566	0.6115482463176676	-0.3989506719659222	0	1	No-PER3D	No-Essential3D
365	L	365	-2.09	-23.303	16.529	0.37	0.504699248120301	0.6563470159008951	-0.8028298333845686	0	1	No-PER3D	No-Essential3D
366	L	366	-5.374	-22.7	14.742	0.37	0.502808988764045	0.8672644662089556	-0.9129793195966059	0	1	No-PER3D	No-Essential3D
367	P	367	-7.23	-25.443	16.497	0.37	0.49907063197026	1.0628121637728816	-0.48542443852879774	0	1	No-PER3D	No-Essential3D
368	L	368	-6.256	-23.507	19.639	0.37	0.571428571428571	0.7285398820605209	-0.6644270354244268	0	0.9999999999999999	No-PER3D	No-Essential3D
369	F	369	-7.21	-19.921	18.802	0.37	0.567226890756303	1.0628121637728816	-0.8921195875033289	0	0.9999999999999999	No-PER3D	No-Essential3D
370	L	370	-10.61	-20.998	17.604	0.37	0.659926470588235	1.0628121637728816	-0.7239602130554753	0	1	No-PER3D	No-Essential3D
371	A	371	-11.248	-23.187	20.631	0.37	0.66728624535316	1.0628121637728816	-0.42100661301314773	0	0.9999999999999999	No-PER3D	No-Essential3D
372	Q	372	-10.12	-20.425	22.952	0.37	0.662361623616236	0.9231352369415059	-0.8450807405674746	0	1	No-PER3D	No-Essential3D
373	L	373	-12.154	-17.865	21.049	0.37	0.564075630252101	0.9294841881611139	-0.8129727567956438	0	1	No-PER3D	No-Essential3D
374	K	374	-15.438	-19.758	21.638	0.37	0.564075630252101	0.8794861973067009	-0.46476718092206687	0	1	No-PER3D	No-Essential3D
375	D	375	-14.652	-20.266	25.352	0.37	0.562009419152276	0.4354564213853671	-0.48718214722312925	0	1	No-PER3D	No-Essential3D
376	E	376	-17.319	-20.109	28.05	0.37	0.564075630252101	0.2990747382576466	-0.563789427478953	0	1	No-PER3D	No-Essential3D
377	C	377	-15.453	-17.427	29.983	0.37	0.493131868131868	0.4772801375445347	-0.8532653020692529	0	1	No-PER3D	No-Essential3D
378	P	378	-15.729	-13.939	28.619	0.37	0.659926470588235	0.853296773525818	-0.81595810556183	0	0.9999999999999999	No-PER3D	No-Essential3D
379	E	379	-12.225	-12.91	29.684	-1.39	0.659926470588235	0.8672644662089556	-1.016619734338773	0	0.9999999999999999	No-PER3D	No-Essential3D
380	V	380	-10.516	-15.7	27.784	0.37	0.762612851832183	0.8998557491362765	-0.9713706381302716	0	1	No-PER3D	No-Essential3D
381	R	381	-11.68	-14.499	24.382	0.37	0.76832530765115	0.9263835375654913	-0.9621257740346644	0	1	No-PER3D	No-Essential3D
382	L	382	-11.04	-10.917	25.403	0.37	0.763326226012793	0.9042599765588875	-0.9278283617313594	0	0.9999999999999999	No-PER3D	No-Essential3D
383	N	383	-7.419	-11.974	25.768	0.37	0.536329588014981	0.8902700776870645	-1.0942945241661712	0	1	No-PER3D	No-Essential3D
384	I	384	-7.317	-13.701	22.393	0.37	0.54188679245283	0.9231352369415059	-0.9648005000654217	0	0.9999999999999999	No-PER3D	No-Essential3D
385	I	385	-8.934	-10.837	20.483	0.37	0.455006337135615	0.9294841881611139	-1.0119323306474524	0	1	No-PER3D	No-Essential3D
386	S	386	-6.376	-8.409	21.858	0.37	0.455006337135615	0.8794861973067009	-1.0949144089658065	0	1	No-PER3D	No-Essential3D
387	N	387	-3.37	-10.07	20.236	0.37	0.456273764258555	1.0628121637728816	-1.1699156113178082	0	1	No-PER3D	No-Essential3D
388	L	388	-4.805	-10.879	16.78	0.37	0.454545454545455	0.8380348715556064	-1.3331638321463184	0	1	No-PER3D	No-Essential3D
389	D	389	-2.432	-8.406	15.179	0.37	0.545454545454546	0.7381338527923731	-1.5281659203265552	0	0.9999999999999999	No-PER3D	No-Essential3D
390	C	390	0.532	-10.728	15.739	0.37	0.390005431830527	0.7381338527923731	-1.5585289216056377	0	1	No-PER3D	No-Essential3D
391	V	391	-1.114	-13.476	13.71	0.37	0.390005431830527	0.8049793874060072	-1.377675794497121	0	1	No-PER3D	No-Essential3D
392	N	392	-2.19	-11.001	11.035	0.37	0.390005431830527	0.7800278284027612	-1.6161720902259489	0	0.9999999999999999	No-PER3D	No-Essential3D
393	E	393	1.254	-9.551	10.438	0.37	0.195002715915263	0.6816680595783715	-1.6347803340717009	0	0.9999999999999999	No-PER3D	No-Essential3D
394	V	394	3.125	-12.806	9.759	0.37	0.192803437164339	0.47750235083722115	-1.534216779163843	0	0.9999999999999999	No-PER3D	No-Essential3D
395	I	395	0.367	-15.1	8.502	0.37	0.339622641509434	0.5208586332768995	-1.4044276840560734	0	1	No-PER3D	No-Essential3D
396	G	396	-1.207	-14.499	5.098	0.37	0.339962121212121	0.796156212549346	-1.5753103964049384	0	0.9999999999999999	No-PER3D	No-Essential3D
397	I	397	-4.476	-12.604	5.099	0.37	0.301346801346801	1.0628121637728816	-1.6747044000732452	0	0.9999999999999999	No-PER3D	No-Essential3D
398	R	398	-6.032	-15.052	2.681	0.37	0.304495335029686	1.0628121637728816	-1.8180042440668573	0	0.9999999999999999	No-PER3D	No-Essential3D
399	Q	399	-5.596	-17.774	5.299	0.37	0.274045801526718	0.796156212549346	-1.5615811724910593	0	0.9999999999999999	No-PER3D	No-Essential3D
400	L	400	-6.788	-15.41	8.013	0.37	0.276923076923077	1.0628121637728816	-1.3743055357713412	0	0.9999999999999999	No-PER3D	No-Essential3D
401	S	401	-10.238	-15.058	6.486	0.37	0.277992277992278	1.0628121637728816	-1.7383227183405108	0	1	No-PER3D	No-Essential3D
402	Q	402	-10.773	-18.756	5.901	0.37	0.276923076923077	1.0628121637728816	-1.4223531644285166	0	1	No-PER3D	No-Essential3D
403	S	403	-10.827	-19.928	9.538	0.37	0.343511450381679	1.0628121637728816	-0.9822158636732086	0	1	No-PER3D	No-Essential3D
404	L	404	-10.968	-17.079	12.067	0.37	0.376175548589342	1.0628121637728816	-0.9131807505355451	0	1	No-PER3D	No-Essential3D
405	L	405	-13.101	-14.537	10.244	0.37	0.375130616509927	1.0628121637728816	-1.4184235504394074	0	0.9999999999999999	No-PER3D	No-Essential3D
406	P	406	-16.323	-16.454	10.629	0.37	0.374475524475524	1.0628121637728816	-1.297578009253976	0	1	No-PER3D	No-Essential3D
407	A	407	-15.551	-16.786	14.332	0.37	0.370203940546146	1.0628121637728816	-0.8035149942520795	0	1	No-PER3D	No-Essential3D
408	I	408	-14.437	-13.169	14.67	0.37	0.410344827586207	1.0628121637728816	-0.9876536818365658	0	0.9999999999999999	No-PER3D	No-Essential3D
409	V	409	-17.673	-11.913	13.159	0.37	0.371616932685635	1.0628121637728816	-1.3313285349951538	0	0.9999999999999999	No-PER3D	No-Essential3D
410	E	410	-19.753	-13.938	15.598	0.37	0.375921375921376	1.0628121637728816	-1.0182757762235435	0	1	No-PER3D	No-Essential3D
411	L	411	-17.953	-12.208	18.481	0.37	0.378435517970402	1.0628121637728816	-0.897661152888415	0	1	No-PER3D	No-Essential3D
412	A	412	-18.662	-8.838	16.924	0.37	0.378846834099752	1.0628121637728816	-1.0296985144795245	0	1	No-PER3D	No-Essential3D
413	E	413	-22.183	-9.463	18.272	0.37	0.34765625	1.0628121637728816	-1.2188444739012085	0	1	No-PER3D	No-Essential3D
414	D	414	-21.192	-10.972	21.689	0.37	0.32434887946699	1.0628121637728816	-0.8637020395627878	0	0.9999999999999999	No-PER3D	No-Essential3D
415	A	415	-23.226	-10.376	24.851	0.37	0.324718759501368	1.0628121637728816	-1.1233686137399888	0	1	No-PER3D	No-Essential3D
416	K	416	-20.341	-8.74	26.644	0.37	0.353174603174603	0.8183775418179741	-0.8398706144814303	0	1	No-PER3D	No-Essential3D
417	W	417	-19.637	-5.211	25.469	0.37	0.350790513833992	0.8605214421550269	-0.8930363947073663	0	0.9999999999999999	No-PER3D	No-Essential3D
418	R	418	-16.007	-5.434	26.522	0.37	0.349409448818898	0.853296773525818	-0.7685583032868859	0	1	No-PER3D	No-Essential3D
419	V	419	-15.616	-8.322	24.131	0.37	0.345330739299611	0.8850415296238578	-0.7874159585293469	0	0.9999999999999999	No-PER3D	No-Essential3D
420	R	420	-17.416	-6.434	21.395	0.37	0.318425760286225	0.9042599765588875	-0.895401718293883	0	1	No-PER3D	No-Essential3D
421	L	421	-15.383	-3.271	21.708	0.37	0.372377622377622	0.8951998515752307	-0.8353296218537333	0	0.9999999999999999	No-PER3D	No-Essential3D
422	A	422	-12.354	-5.475	21.264	0.37	0.369905956112853	0.8902700776870645	-0.7939699199630942	0	1	No-PER3D	No-Essential3D
423	I	423	-13.545	-6.48	17.792	0.37	0.372377622377622	1.0628121637728816	-0.9145942867702193	0	1	No-PER3D	No-Essential3D
424	I	424	-14.371	-2.835	17.039	0.37	0.406488549618321	0.9197284826285455	-0.7897770703325391	0	1	No-PER3D	No-Essential3D
425	E	425	-10.876	-1.765	18.03	0.37	0.404942965779468	0.8902700776870645	-0.6142476841623822	0	1	No-PER3D	No-Essential3D
426	Y	426	-9.82	-4.238	15.339	0.37	0.299112801013942	1.0628121637728816	-0.9388458526767371	0	0.9999999999999999	No-PER3D	No-Essential3D
427	M	427	-12.041	-3.274	12.389	0.37	0.297138047138047	0.9161513905999371	-0.7483913366940163	0	1	No-PER3D	No-Essential3D
428	P	428	-9.815	-0.82	10.587	0.37	0.330524344569288	0.21338393205274814	-0.5041574827467624	0	1	No-PER3D	No-Essential3D
429	L	429	-7.026	-3.384	10.307	0.37	0.331766917293233	0.7381338527923731	-0.950380399058078	0	1	No-PER3D	No-Essential3D
430	L	430	-9.257	-6.304	9.405	0.37	0.328651685393258	1.0628121637728816	-1.326893621292471	0	1	No-PER3D	No-Essential3D
431	A	431	-11.283	-4.143	7.045	0.37	0.330827067669173	1.0628121637728816	-1.2011865242558926	0	1	No-PER3D	No-Essential3D
432	G	432	-8.234	-2.425	5.567	0.37	0.329588014981273	0.7121595879139323	-1.0401706312926537	0	1	No-PER3D	No-Essential3D
433	Q	433	-5.831	-5.242	4.87	0.37	0.327137546468401	1.0628121637728816	-1.5933671979448147	0	0.9999999999999999	No-PER3D	No-Essential3D
434	L	434	-8.563	-7.413	3.42	0.37	0.217901234567901	1.0628121637728816	-1.8857896640002483	0	1	No-PER3D	No-Essential3D
435	G	435	-11.577	-5.444	2.326	0.37	0.21952736318408	1.0628121637728816	-1.525597977607498	0	1	No-PER3D	No-Essential3D
436	V	436	-10.937	-3.492	-0.786	0.37	0.218283582089552	1.0628121637728816	-1.4641739539486227	0	1	No-PER3D	No-Essential3D
437	E	437	-14.448	-4.023	-2.197	0.37	0.219725343320849	1.0628121637728816	-1.6228293824003974	0	1	No-PER3D	No-Essential3D
438	F	438	-15.047	-6.962	0.128	0.37	0.220973782771536	1.0628121637728816	-2.24787518788654	0	1	No-PER3D	No-Essential3D
439	F	439	-15.847	-5.008	3.293	0.37	0.220149253731343	1.0628121637728816	-1.3944386474799422	0	1	No-PER3D	No-Essential3D
440	D	440	-18.586	-2.774	1.909	0.37	0	0.5948309693755766	-0.862744068942881	0	1	No-PER3D	No-Essential3D
441	E	441	-20.544	-5.826	0.828	0.37	0.217901234567901	1.0628121637728816	-1.7636701364666543	0	1	No-PER3D	No-Essential3D
442	K	442	-19.864	-8.53	3.427	0.37	0.186083289404323	1.0628121637728816	-1.8657366295699864	0	1	No-PER3D	No-Essential3D
443	L	443	-19.19	-6.586	6.647	0.37	0.325645756457565	1.0628121637728816	-1.5943188544065985	0	1	No-PER3D	No-Essential3D
444	N	444	-20.891	-3.217	6.145	0.37	0.324448529411765	0.6128302460831653	-0.7953273147429331	0	1	No-PER3D	No-Essential3D
445	S	445	-24.235	-3.841	7.8	0.37	0.48489010989011	1.0628121637728816	-0.8638844373881325	0	1	No-PER3D	No-Essential3D
446	L	446	-22.334	-5.465	10.653	0.37	0.489852398523985	1.0628121637728816	-1.3345703757852196	0	0.9999999999999999	No-PER3D	No-Essential3D
447	C	447	-19.975	-2.529	11.194	0.37	0.489430147058824	0.9161513905999371	-0.7760350190488675	0	1	No-PER3D	No-Essential3D
448	M	448	-22.899	-0.072	11.157	0.37	0.437037037037037	0.5087803732239816	-0.22793634141008853	0	1	No-PER3D	No-Essential3D
449	A	449	-25.079	-2.011	13.597	0.37	0.438661710037175	1.0628121637728816	-0.42378638907638444	0	1	No-PER3D	No-Essential3D
450	W	450	-22.78	-1.049	16.452	0.37	0.438661710037175	0.8998557491362765	-0.6157149459886068	0	1	No-PER3D	No-Essential3D
451	L	451	-24.135	2.491	16.247	0.37	0.488468634686347	0.4628362735199266	0.06697780305642277	0	1	No-PER3D	No-Essential3D
452	V	452	-27.602	1.158	17.19	0.37	0.485294117647059	0.5471466110391326	-0.04523401590203608	0	0.9999999999999999	No-PER3D	No-Essential3D
453	D	453	-26.287	-0.817	20.203	0.37	0.481363636363636	1.0628121637728816	-0.7512387946366559	0	1	No-PER3D	No-Essential3D
454	H	454	-27.906	-0.316	23.62	0.37	0.430656934306569	1.0628121637728816	-0.6840036566251605	0	1	No-PER3D	No-Essential3D
455	V	455	-24.606	0.143	25.433	0.37	0.426328502415459	1.0628121637728816	-0.8122664199980478	0	1	No-PER3D	No-Essential3D
456	Y	456	-23.058	3.585	25.083	0.37	0.42326139088729	1.0628121637728816	-0.45054175357445725	0	0.9999999999999999	No-PER3D	No-Essential3D
457	A	457	-19.394	2.625	24.946	0.37	0.419354838709677	0.8371802050452747	-0.6638786665807912	0	0.9999999999999999	No-PER3D	No-Essential3D
458	I	458	-20.034	0.746	21.76	0.37	0.422062350119904	0.8951998515752307	-0.7703402996542065	0	0.9999999999999999	No-PER3D	No-Essential3D
459	R	459	-21.643	3.79	20.14	0.37	0.422062350119904	0.8794861973067009	-0.2496540906068081	0	0.9999999999999999	No-PER3D	No-Essential3D
460	E	460	-18.515	5.687	21.112	0.37	0.510144927536232	0.18506965766207706	-0.10323798097642108	0	0.9999999999999999	No-PER3D	No-Essential3D
461	A	461	-16.371	2.902	19.708	0.37	0.583941605839416	0.3511290507100671	-0.39600952321544197	0	0.9999999999999999	No-PER3D	No-Essential3D
462	A	462	-18.597	2.766	16.656	0.37	0.644160583941606	0.43585323083659266	-0.255868793691919	0	0.9999999999999999	No-PER3D	No-Essential3D
463	T	463	-18.413	6.514	16.153	0.37	0.695676586187535	0.25784451101683364	0.2697764381135581	0	0.9999999999999999	No-PER3D	No-Essential3D
464	S	464	-14.665	6.72	16.622	-1.39	0.738269030239833	-0.22733207082334186	0.2311488192612567	0	1	No-PER3D	No-Essential3D
465	N	465	-14.539	3.843	14.173	0.37	0.738880167451596	-0.12272578153175617	0.012556812787534082	0	1	No-PER3D	No-Essential3D
466	L	466	-15.712	5.996	11.244	0.37	0.738880167451596	-0.7325702350901276	0.5307462330533619	0	0.9999999999999999	No-PER3D	No-Essential3D
467	K	467	-13.043	8.679	11.37	-3.14	0.727335164835165	-1.0134484886974697	0.9844712165127824	0	1	No-PER3D	No-Essential3D
468	K	468	-10.615	5.802	10.958	0.37	0.732077205882353	-0.7652393768415905	0.4523088138739378	0	1	No-PER3D	No-Essential3D
469	L	469	-12.923	3.978	8.529	0.37	0.765570934256055	-0.5875488676779105	0.05669287569154509	0	0.9999999999999999	No-PER3D	No-Essential3D
470	V	470	-12.777	7.009	6.272	0.37	0.765570934256055	-1.7714489427866504	0.8686769935980543	0	1	No-PER3D	No-Essential3D
471	E	471	-9.129	7.722	6.948	-2.26	0.821759259259259	-1.2770938082136427	0.8634371802956731	0	0.9999999999999999	No-PER3D	No-Essential3D
472	K	472	-7.603	4.462	5.734	0.37	0.783088235294118	-0.8443575743258835	0.06965819165164577	0	1	No-PER3D	No-Essential3D
473	F	473	-10.527	3.966	3.356	0.37	0.839023109243698	-0.7652393768415905	-0.11530549024112595	0	1	No-PER3D	No-Essential3D
474	G	474	-11.949	6.159	0.613	0.37	0.80316742081448	-1.862070301210274	0.4882196152682384	0	1	No-PER3D	No-Essential3D
475	K	475	-13.785	9.502	0.788	-4.02	0.697283950617284	-1.9716337996875366	1.2639391517776661	0	1	No-PER3D	No-Essential3D
476	E	476	-16.343	9.122	-2.014	0.37	0.699876084262701	-2.6335305285165225	1.2814642839401524	0	0.9999999999999999	No-PER3D	No-Essential3D
477	W	477	-17.357	5.773	-0.608	0.37	0.698646986469865	-1.2537614124815832	0.5291180476213203	0	1	No-PER3D	No-Essential3D
478	A	478	-17.884	7.451	2.713	0.37	0.698646986469865	-1.7714489427866504	1.0537349481077767	0	0.9999999999999999	No-PER3D	No-Essential3D
479	H	479	-20.404	9.577	0.907	-4.02	0.78021978021978	-1.654935767670563	1.3109259761339753	0	1	No-PER3D	No-Essential3D
480	A	480	-21.827	6.487	-0.723	-3.14	0.78021978021978	-2.1721455602810624	0.9016788144986928	0	1	No-PER3D	No-Essential3D
481	T	481	-22.267	4.094	2.226	0.37	0.785294117647059	-0.9963643484533095	0.4025132414036454	0	1	No-PER3D	No-Essential3D
482	I	482	-21.267	5.55	5.596	0.37	0.736213235294118	-0.708169301754481	0.7221912726084074	0	0.9999999999999999	No-PER3D	No-Essential3D
483	I	483	-22.957	8.936	5.416	-1.39	0.730839416058394	-2.106504923165182	1.1556595105272442	0	1	No-PER3D	No-Essential3D
484	P	484	-26.233	7.747	3.944	0.37	0.759358288770054	-2.371832425356353	1.1030855958027028	0	1	No-PER3D	No-Essential3D
485	K	485	-26.879	5.393	6.861	0.37	0.809762773722628	-1.3944224267519985	0.5977508922182957	0	1	No-PER3D	No-Essential3D
486	V	486	-25.586	7.928	9.374	0.37	0.719789132197891	-1.4875127030573427	0.7912333420971227	0	1	No-PER3D	No-Essential3D
487	L	487	-27.933	10.66	8.168	0.37	0.71	-1.777269787310142	1.1223807957278937	0	1	No-PER3D	No-Essential3D
488	A	488	-30.785	8.152	8.303	-2.26	0.683062968777255	-1.6190245123346554	0.8438442224964007	0	1	No-PER3D	No-Essential3D
489	M	489	-30.229	7.702	12.034	0.37	0.6875	-0.5948989996667643	0.6816664041221459	0	0.9999999999999999	No-PER3D	No-Essential3D
490	S	490	-31.551	11.199	12.77	-2.26	0.734370041256744	-0.5724162429949761	0.8969485546437151	0	1	No-PER3D	No-Essential3D
491	G	491	-35.129	9.851	12.715	-3.14	0.734370041256744	-1.3053466411408983	0.9373022437755446	0	1	No-PER3D	No-Essential3D
492	D	492	-34.746	7.498	15.713	0.37	0.742440041710115	-0.4757225021681754	0.6483744618528645	0	1	No-PER3D	No-Essential3D
493	P	493	-37.247	8.203	18.416	0.37	0.719230769230769	-0.9475237184983044	0.7936812799035275	0	1	No-PER3D	No-Essential3D
494	N	494	-34.897	7.723	21.314	0.37	0.688854489164087	-0.5454565420440672	0.6515998813862013	0	1	No-PER3D	No-Essential3D
495	Y	495	-32.773	10.778	21.886	0.37	0.615443718786016	-0.22380280088067747	0.8194065706103433	0	1	No-PER3D	No-Essential3D
496	L	496	-29.84	8.64	22.888	0.37	0.58631386861313906	0.33188915461551177	0.36496474653308886	0	1	No-PER3D	No-Essential3D
497	H	497	-29.844	7.156	19.41	0.37	0.59010989010989	0.17698917429166688	0.2668594104800123	0	1	No-PER3D	No-Essential3D
498	R	498	-30.626	10.403	17.598	0.37	0.626934984520124	-0.5714358902331249	0.7815108004856001	0	0.9999999999999999	No-PER3D	No-Essential3D
499	M	499	-27.785	12.063	19.451	0.37	0.622903412377097	0.20674900329000678	0.8666396200710801	0	1	No-PER3D	No-Essential3D
500	T	500	-25.537	9.636	17.588	0.37	0.584452584452584	0.10922729472349904	0.571056316491607	0	1	No-PER3D	No-Essential3D
501	T	501	-26.327	11.596	14.469	0.37	0.65036231884058	-0.4696659368599968	0.9120170194212956	0	1	No-PER3D	No-Essential3D
502	L	502	-24.584	14.666	15.91	0.37	0.652727272727273	-0.025516195290618097	1.2858187543178023	0	1	No-PER3D	No-Essential3D
503	F	503	-22.042	12.353	17.51	0.37	0.655109489051095	0.20674900329000678	0.9798004165696526	0	1	No-PER3D	No-Essential3D
504	C	504	-20.906	10.938	14.192	0.37	0.657509157509158	-0.5269790236848275	0.9687542317030827	0	0.9999999999999999	No-PER3D	No-Essential3D
505	I	505	-21.028	14.309	12.441	0.37	0.657509157509158	-0.6179713585669568	1.3936909597781768	0	1	No-PER3D	No-Essential3D
506	N	506	-18.299	15.98	14.456	0.37	0.811808118081181	0.11420163458915544	1.5157416334795928	0	1	No-PER3D	No-Essential3D
507	V	507	-16	12.944	14.041	-2.26	0.738007380073801	-0.3580831191753864	1.2310244253045621	0	1	No-PER3D	No-Essential3D
508	L	508	-16.973	12.614	10.347	0.37	0.731954582319546	-1.220835906309165	1.2731177808934246	0	1	No-PER3D	No-Essential3D
509	S	509	-15.814	16.159	9.563	0.37	0.690128606187001	-1.4245878812341608	1.5385557306360802	0	1	No-PER3D	No-Essential3D
510	E	510	-12.028	15.984	9.894	0.37	0.666051660516605	-1.321042659433818	1.5239831180719732	0	1	No-PER3D	No-Essential3D
511	V	511	-11.767	13.19	7.342	-2.26	0.632425545469024	-1.4854725313875183	1.3295512842991584	0	1	No-PER3D	No-Essential3D
512	C	512	-14.543	14.388	4.96	0.37	0.660583941605839	-1.538009249376116	1.3933035315086975	0	1	No-PER3D	No-Essential3D
513	G	513	-13.606	18.038	4.383	0.37	0.716628959276018	-1.8626258344419895	1.5709464852583803	0	1	No-PER3D	No-Essential3D
514	Q	514	-15.685	21.069	3.424	0.37	0.716628959276018	-0.7662810016510574	1.8153145029375002	0	1	No-PER3D	No-Essential3D
515	D	515	-17.583	20.007	0.323	-1.39	0.73937908496732	-2.281497891155627	1.5209741029219979	0	1	No-PER3D	No-Essential3D
516	I	516	-19.094	16.865	1.781	0.37	0.743464052287582	-1.654935767670563	1.3838471922575655	0	1	No-PER3D	No-Essential3D
517	T	517	-19.96	18.557	5.067	0.37	0.790123456790123	-1.700965664012721	1.6129367904130194	0	1	No-PER3D	No-Essential3D
518	T	518	-21.428	21.775	3.742	0.37	0.8	-0.7915577636941217	1.9175794169801286	0	1	No-PER3D	No-Essential3D
519	K	519	-23.942	20.14	1.444	0.37	0.827272727272727	-2.143408202129153	1.6308713470792566	0	1	No-PER3D	No-Essential3D
520	H	520	-24.779	16.892	3.242	-4.02	0.836397058823529	-1.8644511579176268	1.3365431860257253	0	1	No-PER3D	No-Essential3D
521	M	521	-24.064	16.917	6.981	0.37	0.756393861892583	-1.0275800252830487	1.489665617024294	0	0.9999999999999999	No-PER3D	No-Essential3D
522	L	522	-24.875	20.516	7.85	0.37	0.751552795031056	-0.5892582006985742	1.8653925704337142	0	1	No-PER3D	No-Essential3D
523	P	523	-28.365	20.458	6.46	0.37	0.751552795031056	-1.498196034436491	1.6888665940823582	0	1	No-PER3D	No-Essential3D
524	T	524	-29.168	17.894	9.134	-4.02	0.728240740740741	-1.1318913097739518	1.3133617514469185	0	1	No-PER3D	No-Essential3D
525	V	525	-27.476	19.712	12.036	0.37	0.728240740740741	-0.09450567104321886	1.637356331868984	0	1	No-PER3D	No-Essential3D
526	L	526	-29.334	23.016	11.636	0.37	0.75780998389694	-0.6095015874718626	2.031868573633998	0	1	No-PER3D	No-Essential3D
527	R	527	-32.416	20.846	11.207	-1.39	0.795201081446435	-1.6469554887070281	1.5793033307548776	0	1	No-PER3D	No-Essential3D
528	M	528	-31.674	19.078	14.505	0.37	0.795201081446435	-0.47747681763675137	1.3640342996462822	0	1	No-PER3D	No-Essential3D
529	A	529	-31.578	22.328	16.48	0.37	0.766137566137566	-0.7560336656876531	1.6560104665002906	0	1	No-PER3D	No-Essential3D
530	G	530	-35.402	22.27	16.657	0.37	0.728614558872861	-0.8104458935724557	1.5891673011702054	0	0.9999999999999999	No-PER3D	No-Essential3D
531	D	531	-35.588	18.95	18.586	0.37	0.736059479553903	-0.8180646350359851	1.2421396281265245	0	1	No-PER3D	No-Essential3D
532	P	532	-37.927	18.572	21.516	-3.14	0.669741697416974	-0.40009201307845926	1.191023165552066	0	1	No-PER3D	No-Essential3D
533	V	533	-35.233	17.124	23.786	0.37	0.700980392156863	0.17299284827695316	1.161629839403326	0	1	No-PER3D	No-Essential3D
534	A	534	-32.695	19.666	25.043	0.37	0.695863746958638	0.05480669298391315	1.3140376770673312	0	0.9999999999999999	No-PER3D	No-Essential3D
535	N	535	-29.888	17.112	25.063	0.37	0.729270729270729	0.14930720587037893	1.1917696480892987	0	1	No-PER3D	No-Essential3D
536	V	536	-30.08	17.069	21.286	0.37	0.732640053673264	0.3511290507100671	1.233795420200009	0	1	No-PER3D	No-Essential3D
537	R	537	-30.309	20.87	21.273	0.37	0.730627306273063	-0.28756092255143306	1.5181122133364997	0	1	No-PER3D	No-Essential3D
538	F	538	-27.167	21.531	23.357	0.37	0.759811616954474	-0.043449687924759166	1.497317180888449	0	1	No-PER3D	No-Essential3D
539	N	539	-25.403	18.942	21.331	0.37	0.754953076120959	1.0628121637728816	1.37290341908956	0	1	No-PER3D	No-Essential3D
540	V	540	-26.291	20.692	18.133	0.37	0.812576312576313	0.5135286809139841	1.5229771974877109	0	1	No-PER3D	No-Essential3D
541	A	541	-24.737	23.888	19.475	0.37	0.813316993464052	0.04401252404382998	1.8095140721657006	0	1	No-PER3D	No-Essential3D
542	K	542	-21.905	21.79	20.79	0.37	0.925185873605948	0.68675889922687	1.576896909461925	0	1	No-PER3D	No-Essential3D
543	S	543	-21.794	19.995	17.45	0.37	0.9541381128097	0.3140050449300463	1.5610336657296293	0	1	No-PER3D	No-Essential3D
544	L	544	-21.787	23.233	15.48	0.37	0.928205128205128	0.04652647211991705	1.8081769446337383	0	1	No-PER3D	No-Essential3D
545	Q	545	-18.727	24.495	17.274	0.37	0.922225376099915	0.3736241721914643	1.8656792352528904	0	1	No-PER3D	No-Essential3D
546	K	546	-16.687	21.423	16.334	0.37	0.945378151260504	0.49616826742286857	1.6471871483140716	0	1	No-PER3D	No-Essential3D
547	I	547	-17.907	21.445	12.712	0.37	0.970588235294118	0.18534742427793494	1.7296028303774478	0	1	No-PER3D	No-Essential3D
548	G	548	-17.475	25.225	12.382	0.37	1.01809954751131	-0.06363829684448975	2.041331341232703	0	1	No-PER3D	No-Essential3D
549	P	549	-13.891	25.56	11.181	0.37	0.94973544973545	-0.23837011673455574	2.103082754918286	0	1	No-PER3D	No-Essential3D
550	I	550	-14.573	22.988	8.505	0.37	0.942752100840336	-0.49233367676125345	1.8906401263726769	0	1	No-PER3D	No-Essential3D
551	L	551	-17.201	25.296	6.996	0.37	0.936682365253794	-0.6756596432274341	2.082673907631416	0	1	No-PER3D	No-Essential3D
552	D	552	-16.52	28.263	4.74	0.37	0.936682365253794	-0.8007493135279634	2.2695776990435985	0	1	No-PER3D	No-Essential3D
553	N	553	-16.745	31.699	6.314	-0.51	0.843014128728415	-1.375978723459037	2.4348470657746732	0	1	No-PER3D	No-Essential3D
554	S	554	-19.768	32.711	4.265	-1.39	0.895	-0.8882205460126534	2.7177714652619045	0	1	No-PER3D	No-Essential3D
555	T	555	-21.693	29.492	4.828	-3.14	0.954666666666667	-0.4646626872575883	2.3988610956090812	0	1	No-PER3D	No-Essential3D
556	L	556	-21.074	29.902	8.578	0.37	0.977189781021898	-0.754356193487505	2.326799151144842	0	0.9999999999999999	No-PER3D	No-Essential3D
557	Q	557	-22.035	33.58	8.864	0.37	0.971715328467153	-2.0103976740783653	2.5592984881839445	0	1	No-PER3D	No-Essential3D
558	S	558	-25.559	33.408	7.514	-2.26	0.983589087809037	-1.6808275843630274	2.7006087113958293	0	1	No-PER3D	No-Essential3D
559	E	559	-26.293	29.707	7.856	0.37	0.954667691125624	-1.0107156236059651	2.426557484669522	0	0.9999999999999999	No-PER3D	No-Essential3D
560	V	560	-24.563	28.85	11.138	0.37	0.955465587044534	-0.709046459488769	2.2512700125782885	0	1	No-PER3D	No-Essential3D
561	K	561	-25.301	32.197	12.859	0.37	1.01709565885517	-1.7596934627940952	2.259760257019936	0	1	No-PER3D	No-Essential3D
562	P	562	-29.086	32.637	13.046	0.37	0.966240875912409	-1.4237545813865873	2.383411433324336	0	1	No-PER3D	No-Essential3D
563	I	563	-29.559	29.104	14.324	-1.39	0.976102941176471	-0.35325996429726486	2.0211295462238743	0	1	No-PER3D	No-Essential3D
564	L	564	-27.031	29.536	17.126	0.37	0.958978328173375	-0.4348020739127889	1.945895441417848	0	0.9999999999999999	No-PER3D	No-Essential3D
565	E	565	-28.504	32.866	18.176	-2.26	0.955465587044534	-0.5630484277150642	1.9783735021944886	0	1	No-PER3D	No-Essential3D
566	K	566	-32.042	31.476	18.328	0.37	0.946084460844608	-0.6659062472842436	1.966786100328652	0	1	No-PER3D	No-Essential3D
567	L	567	-30.633	28.68	20.485	0.37	0.902144249512671	-0.16871729516739442	1.7555840304845758	0	1	No-PER3D	No-Essential3D
568	T	568	-29.641	31.28	23.072	-3.14	0.835844257483858	-0.6704515191800995	1.7724047541031474	0	0.9999999999999999	No-PER3D	No-Essential3D
569	Q	569	-33.299	32.352	23.158	0.37	0.794052044609665	-1.374126946019985	1.9141873623366226	0	1	No-PER3D	No-Essential3D
570	D	570	-35.304	29.902	25.181	0.37	0.791634980988593	-0.937107470403635	1.6994861191775128	0	1	No-PER3D	No-Essential3D
571	Q	571	-35.997	27.042	27.581	-2.26	0.81733630952381	-1.0914872316383133	1.5172124431639264	0	0.9999999999999999	No-PER3D	No-Essential3D
572	D	572	-32.763	25.422	28.751	0.37	0.811420982735724	-0.9837722618677537	1.3811451271237656	0	1	No-PER3D	No-Essential3D
573	V	573	-29.73	26.584	30.705	-2.26	0.752498530276308	-0.561196650276012	1.4290944827914078	0	1	No-PER3D	No-Essential3D
574	D	574	-27.295	24.347	28.78	0.37	0.782011605415861	-0.06150163056866013	1.4477103882327957	0	1	No-PER3D	No-Essential3D
575	V	575	-28.592	25.105	25.327	0.37	0.786143372046456	-0.2742769630765609	1.630553959614546	0	1	No-PER3D	No-Essential3D
576	K	576	-28.272	28.685	26.46	0.37	0.783422459893048	-0.3990338545418579	1.6146460206605429	0	1	No-PER3D	No-Essential3D
577	Y	577	-24.612	28.041	27.166	0.37	0.697674418604651	-0.6704515191800995	1.593766658626488	0	1	No-PER3D	No-Essential3D
578	F	578	-23.408	25.654	24.41	0.37	0.665865384615385	-0.26743741108089236	1.6596972541837216	0	0.9999999999999999	No-PER3D	No-Essential3D
579	A	579	-24.971	27.945	21.888	0.37	0.67	-0.4379822283698377	1.8235592155308529	0	0.9999999999999999	No-PER3D	No-Essential3D
580	Q	580	-23.151	30.677	23.817	0.37	0.713197195976836	-0.9554975360052581	1.7746286208838913	0	1	No-PER3D	No-Essential3D
581	E	581	-19.746	29	23.97	0.37	0.710600817867254	-0.6255815273876777	1.7162112419364492	0	1	No-PER3D	No-Essential3D
582	A	582	-20.2	28.026	20.366	0.37	0.714705882352941	-0.4008545096710102	1.9807750741688843	0	1	No-PER3D	No-Essential3D
583	L	583	-20.545	31.68	19.459	-0.51	0.756465517241379	-0.5424996716171934	2.066640387478702	0	1	No-PER3D	No-Essential3D
584	T	584	-17.325	32.613	21.205	-1.39	0.808383233532934	-0.6318565788714299	1.7717411919486274	0	1	No-PER3D	No-Essential3D
585	V	585	-14.926	30.183	19.562	0.37	0.717948717948718	-0.2389873758809065	1.7902387689787183	0	1	No-PER3D	No-Essential3D
586	L	586	-16.569	30.614	16.178	-1.39	0.72258064516129	0.12118333601477167	2.1392385845521886	0	1	No-PER3D	No-Essential3D
587	S	587	-16.29	34.355	16.841	-2.26	0.675675675675676	-0.40194379051751156	1.978853101768018	0	0.9999999999999999	No-PER3D	No-Essential3D
