Uniprot_position	aminoacid	Position_in_structure	x	y	z	paraz	mtr	paraz3dscore	mtr3dscore	PER3D_OR	PER3D_pvalue	PER3D	Essential3D
1	M	1	29.14	-11.763	65.217	-1.02	0.735171261487051	-0.760086305545751	0.5148888565300963	0	1	No-PER3D	No-Essential3D
2	A	2	31.394	-11.866	68.218	-1.02	0.660714285714286	-0.713057083160485	0.5122813560532867	0	1	No-PER3D	No-Essential3D
3	T	3	33.415	-8.796	68.963	0.03	0.714987714987715	-0.5311516003495503	0.5624280272335053	0	1	No-PER3D	No-Essential3D
4	E	4	37.073	-9.434	69.5	0.29	0.712044534412955	-0.5311516003495503	0.5624280272335053	0	1	No-PER3D	No-Essential3D
5	H	5	37.479	-6.556	71.86	-0.49	0.707789066279632	-0.524496521710126	0.597888649485624	0	1	No-PER3D	No-Essential3D
6	V	6	35.286	-3.833	73.214	-0.23	0.702901888530631	-0.3065426962689756	0.6241803902611025	0	1	No-PER3D	No-Essential3D
7	N	7	36.856	-0.832	74.796	0.55	0.778285714285714	-0.01649218556739394	0.7673376143700483	0	1	No-PER3D	No-Essential3D
8	G	8	35.717	2.521	76.032	-0.23	0.774725274725275	-0.22002667395645795	0.8861222970967357	0	1	No-PER3D	No-Essential3D
9	N	9	37.643	5.502	77.234	0.29	0.778723404255319	-0.13374833302391972	0.9380188609869902	0	1	No-PER3D	No-Essential3D
10	G	10	37.571	5.605	80.977	0.29	0.811855670103093	-0.28396296517092845	1.0527236828964615	0	1	No-PER3D	No-Essential3D
11	T	11	35.627	3.169	83.044	0.55	0.844411764705883	-0.43964426905746434	1.0583305712998032	0	1	No-PER3D	No-Essential3D
12	E	12	32.951	3.729	85.594	-1.02	0.865384615384615	-0.7008561056548736	1.0883846642578232	0	1	No-PER3D	No-Essential3D
13	E	13	31.54	0.894	87.592	-1.02	0.869158878504673	-0.9817954967905763	1.1591783023599052	0	1	No-PER3D	No-Essential3D
14	P	14	29.446	0.61	90.648	-1.02	0.826794258373206	-1.230885583009034	1.186944443711425	0	1	No-PER3D	No-Essential3D
15	M	15	30.879	-1.059	93.699	-1.02	0.828070175438597	-1.5294133962632157	1.1003927867566006	0	1	No-PER3D	No-Essential3D
16	D	16	29.59	-4.459	94.645	-1.02	0.831168831168831	-1.5294133962632157	1.0316597246917278	0	1	No-PER3D	No-Essential3D
17	T	17	27.118	-4.417	97.471	-1.02	0.852100840336135	-1.5294133962632157	0.7529997597875353	0	1	No-PER3D	No-Essential3D
18	T	18	27.409	-6.853	100.309	-1.02	0.771799628942486	-1.5294133962632157	0.7498423145937594	0	1	No-PER3D	No-Essential3D
19	S	19	25.97	-10.116	99.151	-1.02	0.774538210793191	-1.5294133962632157	0.6764170115201773	0	1	No-PER3D	No-Essential3D
20	A	20	25.109	-11.261	102.615	-1.02	0.751528627015008	-1.5294133962632157	0.7236368815708628	0	1	No-PER3D	No-Essential3D
21	V	21	23.299	-8.659	104.567	-1.02	0.720833333333333	-1.5294133962632157	0.4805369230741594	0	1	No-PER3D	No-Essential3D
22	I	22	21.284	-8.028	107.667	-1.02	0.718450184501845	-1.5037438072254357	0.42734783023863815	0	1	No-PER3D	No-Essential3D
23	H	23	17.528	-7.702	107.458	-1.02	0.721111111111111	-1.2961687353767213	0.34178436489059527	0	1	No-PER3D	No-Essential3D
24	S	24	15.819	-4.351	107.657	-1.02	0.715808823529412	-1.3164508798016339	0.2763621756195836	0	1	No-PER3D	No-Essential3D
25	E	25	14.024	-2.959	110.686	-1.02	0.684984520123839	-1.5094481603449426	0.3409191414487435	0	1	No-PER3D	No-Essential3D
26	N	26	10.707	-3.598	108.943	-1.02	0.687512138279278	-1.3947760360963983	0.32539772911220155	0	1	No-PER3D	No-Essential3D
27	F	27	11.279	-7.344	108.811	-1.02	0.721607216072161	-1.3237944148520333	0.4493810046353575	0	1	No-PER3D	No-Essential3D
28	Q	28	10.122	-7.923	112.382	-1.02	0.726972325485337	-1.354384828046353	0.5861371416034711	0	1	No-PER3D	No-Essential3D
29	T	29	7.074	-5.784	111.734	-1.02	0.726337448559671	-1.377214641292031	0.4902876638216178	0	1	No-PER3D	No-Essential3D
30	L	30	6.072	-8.054	108.876	-1.02	0.774802458296752	-1.3487179277503583	0.3237402818564712	0	1	No-PER3D	No-Essential3D
31	L	31	6.477	-11.082	111.109	-1.02	0.777704340163032	-1.2583701934939295	0.46350993634069837	0	1	No-PER3D	No-Essential3D
32	D	32	4.358	-9.492	113.807	-1.02	0.743679775280899	-1.5294133962632157	0.6682382738358473	0	1	No-PER3D	No-Essential3D
33	A	33	1.706	-8.96	111.161	-1.02	0.798496240601504	-1.4958210945594543	0.35852767217524456	0	1	No-PER3D	No-Essential3D
34	G	34	1.5	-12.692	110.719	-1.02	0.797752808988764	-1.4761727671478202	0.35097653016361063	0	1	No-PER3D	No-Essential3D
35	L	35	3.094	-12.961	107.317	-1.02	0.754115772703133	-1.3370601555882384	-0.009895108242463172	0	1	No-PER3D	No-Essential3D
36	P	36	4.714	-16.29	106.725	-1.02	0.794776119402985	-1.3306483808990726	-0.044857419393496994	0	1	No-PER3D	No-Essential3D
37	Q	37	8.428	-16.128	107.394	-1.02	0.832547169811321	-1.2583701934939295	0.3014636368291056	0	1	No-PER3D	No-Essential3D
38	K	38	9.367	-16.992	103.851	-0.75	0.705118601747815	-1.2809571270580369	-0.08087573009135503	0	1	No-PER3D	No-Essential3D
39	V	39	7.001	-14.414	102.394	-0.49	0.738805970149254	-1.3430711943593316	-0.21854481147862223	0	1	No-PER3D	No-Essential3D
40	A	40	8.147	-11.793	104.852	-1.02	0.736707089552239	-1.3430711943593316	0.1839990826174468	0	1	No-PER3D	No-Essential3D
41	E	41	11.716	-12.557	103.919	-0.75	0.654850746268657	-1.3237944148520333	0.16878924291438943	0	1	No-PER3D	No-Essential3D
42	K	42	11.145	-11.999	100.216	0.03	0.608921933085502	-1.3430711943593316	-0.13222004287330075	0	1	No-PER3D	No-Essential3D
43	L	43	9.147	-8.86	100.846	1.34	0.557620817843866	-1.3874383852888277	-0.0732682440379405	0	1	No-PER3D	No-Essential3D
44	D	44	11.937	-7.579	103.064	-1.02	0.561797752808989	-1.3590433830939503	0.22331454638593387	0	1	No-PER3D	No-Essential3D
45	E	45	14.318	-8.317	100.232	-1.02	0.602755453501722	-1.3430711943593316	0.06551251627702735	0	1	No-PER3D	No-Essential3D
46	I	46	12.27	-6.114	97.961	-1.02	0.602755453501722	-1.359608056433053	-0.23356657871942185	0	1	No-PER3D	No-Essential3D
47	Y	47	12.45	-3.415	100.591	-1.02	0.603284356093345	-1.3544799005983448	0.04348540243581939	0	1	No-PER3D	No-Essential3D
48	V	48	16.23	-3.436	100.483	-1.02	0.544631710362047	-1.3334878811185604	0.2020702994862547	0	1	No-PER3D	No-Essential3D
49	A	49	16.327	-2.872	96.744	-1.02	0.652985074626866	-1.3024752146588425	-0.04581273865151002	0	1	No-PER3D	No-Essential3D
50	G	50	14.529	0.412	97.199	-1.02	0.58972625887124	-1.3640872321680404	-0.18388403741052525	0	1	No-PER3D	No-Essential3D
51	L	51	11.805	-0.578	94.777	-1.02	0.538130381303813	-1.4247068256696047	-0.4318322284579012	0	1	No-PER3D	No-Essential3D
52	V	52	9.448	-0.454	97.715	-1.02	0.538130381303813	-1.3830016661958784	-0.31718781459143125	0	1	No-PER3D	No-Essential3D
53	A	53	9.263	0.871	101.267	-1.02	0.542131350681537	-1.3928396085324186	0.06043214445791027	0	1	No-PER3D	No-Essential3D
54	H	54	7.399	-0.521	104.24	-1.02	0.648698884758364	-1.421096254269825	0.11636012880844983	0	1	No-PER3D	No-Essential3D
55	S	55	5.662	2.813	104.569	-1.02	0.648698884758364	-1.5294133962632157	0.051940737098089565	0	1	No-PER3D	No-Essential3D
56	D	56	4.405	2.502	101.004	-1.02	0.65	-1.5294133962632157	-0.21134370063199742	0	1	No-PER3D	No-Essential3D
57	L	57	2.446	-0.703	101.529	-1.02	0.65	-1.421096254269825	-0.20984969908268286	0	1	No-PER3D	No-Essential3D
58	D	58	-0.865	-0.405	103.377	-1.02	0.6	-1.5294133962632157	-0.18568151901580854	0	1	No-PER3D	No-Essential3D
59	E	59	-2.547	-2.945	105.564	-1.02	0.6	-1.5294133962632157	-0.0054291105041455465	0	1	No-PER3D	No-Essential3D
60	R	60	-5.007	-3.64	102.793	-1.02	0.516176470588235	-1.5294133962632157	-0.3150232731485851	0	1	No-PER3D	No-Essential3D
61	A	61	-2.224	-4.893	100.557	-1.02	0.457875457875458	-1.5294133962632157	-0.3807665948814651	0	1	No-PER3D	No-Essential3D
62	I	62	-0.677	-7.002	103.313	-1.02	0.457507820646507	-1.4128486855484486	-0.052544411262352826	0	1	No-PER3D	No-Essential3D
63	E	63	-3.912	-8.728	104.226	-1.02	0.48	-1.5294133962632157	-0.20033223352162005	0	1	No-PER3D	No-Essential3D
64	A	64	-4.434	-9.676	100.61	-1.02	0.474820143884892	-1.5294133962632157	-0.5112544452327594	0	1	No-PER3D	No-Essential3D
65	L	65	-0.896	-10.998	100.583	-1.02	0.42512077294686	-1.428186147484602	-0.3391873259425383	0	1	No-PER3D	No-Essential3D
66	K	66	-1.525	-12.983	103.761	-1.02	0.458441558441559	-1.3937356640014016	-0.27775373674883724	0	1	No-PER3D	No-Essential3D
67	E	67	-4.52	-14.745	102.269	-1.02	0.393534002229654	-1.4958210945594543	-0.5546550697713715	0	1	No-PER3D	No-Essential3D
68	F	68	-2.278	-16.115	99.543	-1.02	0.321557971014493	-1.5011958628320563	-0.6054633443775467	0	1	No-PER3D	No-Essential3D
69	N	69	-0.716	-19.518	99.855	-1.02	0.348539547095504	-1.4761727671478202	-0.5554693106161441	0	1	No-PER3D	No-Essential3D
70	E	70	3.028	-19.413	100.41	-1.02	0.346041055718475	-1.39504418944817	-0.43315569475672033	0	1	No-PER3D	No-Essential3D
71	D	71	3.966	-20.598	96.975	-1.02	0.343831168831169	-1.3998144964428452	-0.6891742223615672	0	1	No-PER3D	No-Essential3D
72	G	72	1.468	-18.196	95.457	-1.02	0.374204946996466	-1.4899758932147746	-0.5731317330723282	0	1	No-PER3D	No-Essential3D
73	A	73	2.53	-15.266	97.609	-1.02	0.374204946996466	-1.3637758834597633	-0.46465628798077985	0	1	No-PER3D	No-Essential3D
74	L	74	6.164	-15.799	96.758	-1.02	0.371578947368421	-1.3370601555882384	-0.4187744686649298	0	1	No-PER3D	No-Essential3D
75	A	75	5.425	-15.665	93.039	-1.02	0.373404255319149	-1.3292856743205237	-0.6192185652914618	0	1	No-PER3D	No-Essential3D
76	V	76	3.396	-12.507	93.363	-1.02	0.373665480427046	-1.3121340720355208	-0.5762078451886863	0	1	No-PER3D	No-Essential3D
77	L	77	6.38	-10.947	95.076	-1.02	0.376618705035971	-1.3724936472915237	-0.5360210189963948	0	1	No-PER3D	No-Essential3D
78	Q	78	8.634	-12.404	92.407	-1.02	0.37741935483871	-1.2493676871162356	-0.5609256763983947	0	1	No-PER3D	No-Essential3D
79	Q	79	6.597	-10.846	89.628	-1.02	0.376071428571429	-0.9595285043503969	-0.43442244879070835	0	1	No-PER3D	No-Essential3D
80	F	80	6.553	-7.587	91.559	-1.02	0.376071428571429	-1.11782237887112	-0.39789155054102265	0	1	No-PER3D	No-Essential3D
81	K	81	10.317	-7.698	91.94	-1.02	0.419047619047619	-1.303999442347227	-0.49747282345551086	0	1	No-PER3D	No-Essential3D
82	D	82	10.738	-8.209	88.198	-1.02	0.46875	-1.026539016571707	-0.4696833931463014	0	1	No-PER3D	No-Essential3D
83	S	83	8.277	-5.472	87.243	-1.02	0.416666666666667	-0.8626673781552978	-0.36812765675748405	0	1	No-PER3D	No-Essential3D
84	D	84	9.216	-2.12	85.735	-1.02	0.416666666666667	-0.6902079798317944	-0.2346488808876962	0	1	No-PER3D	No-Essential3D
85	L	85	8.417	0.086	88.708	-1.02	0.311607142857143	-0.8218734567033548	-0.2800726100049139	0	1	No-PER3D	No-Essential3D
86	S	86	9.641	3.303	87.151	-1.02	0.310283687943262	-0.6014458684784709	-0.15366196215410202	0	1	No-PER3D	No-Essential3D
87	H	87	7.016	6.034	87.25	-1.02	0.41371158392435	-0.2563612565281543	0.012440632352423913	0	1	No-PER3D	No-Essential3D
88	V	88	4.718	4.003	89.466	-1.02	0.41371158392435	-0.5217851933755456	-0.15941686963875962	0	1	No-PER3D	No-Essential3D
89	Q	89	3.237	6.404	91.986	-1.02	0.46875	-0.6798781403784268	-0.1084545883671679	0	1	No-PER3D	No-Essential3D
90	N	90	1.127	3.869	93.838	-1.02	0.472122302158273	-1.1802777322564875	-0.2781967778526711	0	1	No-PER3D	No-Essential3D
91	K	91	3.171	0.807	94.732	-1.02	0.629496402877698	-1.3035321977368688	-0.30727085938191356	0	1	No-PER3D	No-Essential3D
92	S	92	0.439	-0.62	96.941	-1.02	0.634057971014493	-1.3718383084781338	-0.31909990944359373	0	1	No-PER3D	No-Essential3D
93	A	93	-2.107	-0.589	94.147	-1.02	0.543478260869565	-1.0961448282896524	-0.2733247508531977	0	1	No-PER3D	No-Essential3D
94	F	94	0.516	-2.04	91.852	-1.02	0.419664268585132	-1.0322790218982105	-0.34522013404426066	0	1	No-PER3D	No-Essential3D
95	L	95	1.122	-4.958	94.19	-1.02	0.473471223021583	-1.338317566759743	-0.44618855931632334	0	1	No-PER3D	No-Essential3D
96	C	96	-2.604	-5.54	94.469	-1.02	0.470089285714286	-1.2192127863478213	-0.373044419700902	0	1	No-PER3D	No-Essential3D
97	G	97	-2.882	-5.45	90.697	-1.02	0.55357848952155	-0.6572283679075355	-0.2315732107241727	0	1	No-PER3D	No-Essential3D
98	V	98	-0.334	-8.226	90.421	-1.02	0.566558441558442	-0.9883555028780092	-0.35559211977158894	0	1	No-PER3D	No-Essential3D
99	M	99	-2.172	-10.306	92.984	-1.02	0.570218312153796	-1.354902445273864	-0.5259868491989549	0	1	No-PER3D	No-Essential3D
100	K	100	-5.493	-9.987	91.237	-1.02	0.626785714285714	-1.1158125830426897	-0.3927524872043275	0	1	No-PER3D	No-Essential3D
101	T	101	-3.862	-11.01	88.003	-1.02	0.570218312153796	-0.7278461468036503	-0.2284523139979235	0	1	No-PER3D	No-Essential3D
102	Y	102	-2.26	-14	89.709	-1.02	0.573904512753434	-1.3434871367742955	-0.4791494427367165	0	1	No-PER3D	No-Essential3D
103	R	103	-5.633	-15.401	90.69	-1.02	0.574335411880538	-1.4023618949651129	-0.45821746095612254	0	1	No-PER3D	No-Essential3D
104	Q	104	-6.344	-15.969	86.994	-1.02	0.576416337285902	-1.3430711943593316	-0.02996721940095968	0	1	No-PER3D	No-Essential3D
105	R	105	-3.232	-18.106	87.208	-1.02	0.576859504132231	-1.2765204079650871	-0.19467241409933758	0	1	No-PER3D	No-Essential3D
106	E	106	-1.72	-17.937	83.766	-1.02	0.634545454545455	-1.0886992996968863	-0.13318706851627055	0	1	No-PER3D	No-Essential3D
107	K	107	-0.638	-21.135	82.114	-1.02	0.634545454545455	-0.9584777024599617	-0.11414430098915083	0	1	No-PER3D	No-Essential3D
108	Q	108	2.973	-22.045	82.61	-1.02	0.637362637362637	-0.91781166930011	-0.18610924697552467	0	1	No-PER3D	No-Essential3D
109	G	109	5.52	-23.137	80.063	-1.02	0.590997566909976	-0.4823476903271045	-0.3082807991287718	0	1	No-PER3D	No-Essential3D
110	T	110	3.717	-21.096	77.477	-1.02	0.593162393162393	-0.3006196762798879	-0.29647820340437664	0	1	No-PER3D	No-Essential3D
111	K	111	5.112	-18.943	74.72	-1.02	0.597539975399754	-0.007249020790415534	-0.23387719665503706	0	1	No-PER3D	No-Essential3D
112	V	112	5.016	-15.903	76.918	-1.02	0.601481481481482	0.03778023868589683	-0.291303844009303	0	1	No-PER3D	No-Essential3D
113	A	113	8.01	-15.37	79.098	-1.02	0.602487562189055	-0.18942105067863974	-0.2981189390415562	0	1	No-PER3D	No-Essential3D
114	D	114	8.408	-12.688	81.666	-1.02	0.688557213930348	-0.5048337893663719	-0.3447806218414157	0	1	No-PER3D	No-Essential3D
115	S	115	10.932	-10.512	79.965	-1.02	0.731672932330827	-0.23500060089516292	-0.39143237855383306	0	1	No-PER3D	No-Essential3D
116	S	116	12.158	-7.154	81.037	-1.02	0.790582403965304	-0.36414081735066095	-0.43075924521004066	0	1	No-PER3D	No-Essential3D
117	K	117	10.304	-4.533	79.151	-1.02	0.795812603648425	0.04907266325063942	-0.3361542228587909	0	1	No-PER3D	No-Essential3D
118	G	118	9.715	-0.812	79.02	-0.75	0.813197026022305	0.14346321331000042	-0.1613820741390243	0	1	No-PER3D	No-Essential3D
119	P	119	10.585	2.337	77.183	0.29	0.765361906844522	0.25998546738273004	-0.05849563790194766	0	1	No-PER3D	No-Essential3D
120	D	120	14.081	3.608	76.516	1.08	0.77469478357380706	0.030472109221389914	-0.0616459997545681	0	1	No-PER3D	No-Essential3D
121	E	121	14.444	5.516	79.738	-0.49	0.77469478357380706	-0.03285258722264567	0.14510703564566269	0	1	No-PER3D	No-Essential3D
122	A	122	16.818	8.016	78.185	-0.23	0.771782397169394	-0.09457844160330732	0.28706242060184645	0	1	No-PER3D	No-Essential3D
123	K	123	14.124	8.928	75.682	0.29	0.728256346233874	0.32247315313395736	0.3756628692315558	0	1	No-PER3D	No-Essential3D
124	I	124	11.482	9.234	78.382	1.6	0.769570986289253	0.26113551167392884	0.2954605510036003	0	1	No-PER3D	No-Essential3D
125	K	125	13.673	11.456	80.498	0.03	0.823863636363636	0.11998129373173651	0.47431905102843164	0	1	No-PER3D	No-Essential3D
126	A	126	14.169	13.85	77.618	1.08	0.850624660510592	0.41947384319770864	0.7624387520094148	0	1	No-PER3D	No-Essential3D
127	L	127	10.49	13.925	76.73	0.82	0.888040712468193	0.6860393342541465	0.6946349437781247	0	1	No-PER3D	No-Essential3D
128	L	128	9.441	14.528	80.299	1.08	0.862068965517242	0.6297898956389346	0.5257026155178206	0	1	No-PER3D	No-Essential3D
129	E	129	12.088	17.172	80.777	0.03	0.830769230769231	0.5444754847474242	0.829311204862402	0	1	No-PER3D	No-Essential3D
130	R	130	11.127	19.188	77.72	0.55	0.824427480916031	0.6462853897024654	0.8268958749109925	0	1	No-PER3D	No-Essential3D
131	T	131	7.355	18.995	78.219	1.86	0.765539803707743	1.094817212834628	0.4809159232855721	0	1	No-PER3D	No-Essential3D
132	G	132	7.222	18.795	81.998	-0.23	0.770662287903667	0.9655755856570055	0.33708994343486326	0	1	No-PER3D	No-Essential3D
133	Y	133	4.389	16.281	81.615	-0.75	0.766283524904215	0.9130004644055524	0.2671768106648731	0	1	No-PER3D	No-Essential3D
134	T	134	3.781	13.676	84.283	-0.23	0.767788196359625	0.8580960656303007	0.230714518356096	0	1	No-PER3D	No-Essential3D
135	L	135	4.04	9.969	83.563	1.34	0.773763201778766	0.6223953638173519	0.18657537533978832	0	1	No-PER3D	No-Essential3D
136	D	136	2.111	7.521	85.732	0.03	0.717312661498708	0.4874913738973525	0.04797781676222873	0	1	No-PER3D	No-Essential3D
137	V	137	2.302	3.752	85.397	0.03	0.718028534370947	0.31681633629044664	-0.07424333975852192	0	1	No-PER3D	No-Essential3D
138	T	138	-0.275	1.232	86.568	0.03	0.729867788461538	0.09030598117003631	-0.13728663603482671	0	1	No-PER3D	No-Essential3D
139	T	139	-0.528	-2.499	85.978	1.6	0.67704280155642	-0.0798860756839626	-0.22590729202583468	0	1	No-PER3D	No-Essential3D
140	G	140	-3.171	-1.797	83.311	1.86	0.72912301706076	0.6045453079317639	-0.050314788936299544	0	1	No-PER3D	No-Essential3D
141	Q	141	-2.017	1.497	81.903	1.86	0.734841628959276	0.8828402144013523	0.0017958196014634868	0	1	No-PER3D	No-Essential3D
142	R	142	0.814	3.926	81.204	1.86	0.739854633555421	0.6734176333862727	-0.018955851533857083	0	1	No-PER3D	No-Essential3D
143	K	143	-0.441	7.482	81.324	1.86	0.682352941176471	0.954528155115561	0.09570781144844562	0	1	No-PER3D	No-Essential3D
144	Y	144	1.181	10.57	79.868	1.34	0.638692810457516	1.0946286522731776	0.26643869973522055	0	1	No-PER3D	No-Essential3D
145	G	145	-0.109	13.946	81.017	1.86	0.584263392857143	1.0510057793494065	0.265441008281564	0	1	No-PER3D	No-Essential3D
146	G	146	-3.824	14.202	81.65	1.86	0.52790346907994	0.9509523993492971	0.004603773367437047	0	1	No-PER3D	No-Essential3D
147	P	147	-3.687	16.942	82.549	1.86	0.374731567644953	0.8617172113605758	-0.07125737410932867	0	1	No-PER3D	No-Essential3D
148	P	148	-0.656	18.695	81.207	1.86	0.372192513368984	0.9765262150546039	0.010066403752623455	0	1	No-PER3D	No-Essential3D
149	P	149	1.209	21.031	83.552	1.86	0.371803977272727	0.927757377910363	0.04191228755482513	0	1	No-PER3D	No-Essential3D
150	D	150	-0.479	24.339	84.286	0.29	0.411764705882353	0.8905395739974948	-0.2729791940977785	0	1	No-PER3D	No-Essential3D
151	S	151	-3.521	23.621	82.158	-1.02	0.411764705882353	0.8652048996315042	-0.27931952780985597	0	1	No-PER3D	No-Essential3D
152	V	152	-3.014	26.094	79.328	-1.02	0.408560311284047	0.8507559053662298	-0.4483707273636666	0	1	No-PER3D	No-Essential3D
153	Y	153	-6.403	27.326	79.97	1.6	0.41015625	0.8626120118499102	-0.5661615179826113	0	1	No-PER3D	No-Essential3D
154	S	154	-7.03	25.6	83.229	-0.23	0.545736434108527	0.9586986710629335	-0.5514778436556889	0	1	No-PER3D	No-Essential3D
155	G	155	-10.64	24.776	82.886	1.6	0.542084942084942	0.5643767295249339	-0.6190952855612804	0	1	No-PER3D	No-Essential3D
156	Q	156	-12.526	22.358	80.73	0.03	0.537931034482759	0.5652726054956256	-0.4584953000869173	0	1	No-PER3D	No-Essential3D
157	Q	157	-10.811	19.187	79.677	-0.23	0.538461538461538	0.9773328912533219	-0.28082410662702706	0	1	No-PER3D	No-Essential3D
158	P	158	-10.839	18.536	75.983	1.86	0.403846153846154	0.8712549711218901	-0.10171285816333805	0	1	No-PER3D	No-Essential3D
159	S	159	-13.025	15.453	76.442	-0.23	0.403846153846154	1.1715625937668945	-0.13836382929347726	0	1	No-PER3D	No-Essential3D
160	V	160	-13.917	12.535	74.172	-0.23	0.448717948717949	1.0077073527358231	-0.17697324725776872	0	1	No-PER3D	No-Essential3D
161	G	161	-14.513	14.817	71.213	1.86	0.447435897435897	0.9007141653789227	-0.08937446072052943	0	1	No-PER3D	No-Essential3D
162	T	162	-10.757	15.527	71.145	0.82	0.335249042145594	0.946909674615953	0.03939778284544704	0	1	No-PER3D	No-Essential3D
163	E	163	-9.707	11.885	71.584	1.86	0.334291187739464	1.0804422429734712	0.01804922869556932	0	1	No-PER3D	No-Essential3D
164	I	164	-8.56	9.287	69.101	1.34	0.534865900383142	1.0315511025417403	0.015913766421860973	0	1	No-PER3D	No-Essential3D
165	F	165	-8.255	5.525	69.405	1.86	0.537931034482759	1.2044929088123428	-0.13021505463170874	0	1	No-PER3D	No-Essential3D
166	V	166	-4.952	4.022	68.349	1.34	0.489028213166144	1.1852347749995082	-0.04992606347469314	0	1	No-PER3D	No-Essential3D
167	G	167	-5.014	0.303	67.691	1.86	0.537404580152672	1.2084182772301726	-0.1408750667482601	0	1	No-PER3D	No-Essential3D
168	K	168	-2.779	-2.407	66.276	1.34	0.446134347275032	1.1982008344623416	-0.11230041175061097	0	1	No-PER3D	No-Essential3D
169	I	169	0.18	-1.132	68.265	1.6	0.53030303030303	1.0398327602148734	-0.06915132208667923	0	1	No-PER3D	No-Essential3D
170	P	170	3.029	-3.583	68.367	1.86	0.657894736842105	1.0316656358377512	-0.14625052353174667	0	1	No-PER3D	No-Essential3D
171	R	171	3.126	-5.123	71.831	1.08	0.662878787878788	0.9035641588720401	-0.207128950365795	0	1	No-PER3D	No-Essential3D
172	D	172	6.757	-4.181	72.377	1.86	0.723140495867769	0.6060136317818458	-0.2168549773059223	0	1	No-PER3D	No-Essential3D
173	L	173	6.146	-0.474	71.76	1.08	0.725890079502247	0.7850953228834636	-0.1722018703339705	0	1	No-PER3D	No-Essential3D
174	F	174	5.99	2.101	74.549	1.34	0.793984962406015	0.8255471070733973	-0.026494369996851785	0	1	No-PER3D	No-Essential3D
175	E	175	5.117	5.783	74.872	1.86	0.870848708487085	0.8791546358964796	0.17761646449918692	0	1	No-PER3D	No-Essential3D
176	D	176	8.653	6.808	74.053	0.29	0.825174825174825	0.680072712025697	0.22304727380336697	0	1	No-PER3D	No-Essential3D
177	E	177	7.847	6.071	70.45	1.08	0.830548128342246	0.6868636085965385	0.071322708990835	0	1	No-PER3D	No-Essential3D
178	L	178	4.147	6.912	70.556	1.86	0.76629766297663	0.9941152634744793	0.12393689419661859	0	1	No-PER3D	No-Essential3D
179	V	179	4.415	10.413	71.931	1.34	0.76629766297663	0.9844015623505636	0.2995354918072373	0	1	No-PER3D	No-Essential3D
180	P	180	6.677	11.885	69.258	1.86	0.76629766297663	0.8453134450728698	0.26647847221930343	0	1	No-PER3D	No-Essential3D
181	L	181	4.408	10.382	66.629	1.34	0.76629766297663	0.8168558176785482	0.1969342444736571	0	1	No-PER3D	No-Essential3D
182	F	182	1.249	12.108	67.878	1.08	0.760683760683761	0.9755106673401462	0.26646724069315914	0	1	No-PER3D	No-Essential3D
183	E	183	3.052	15.305	68.809	1.08	0.700197238658777	0.9572567373577249	0.4387263265941776	0	1	No-PER3D	No-Essential3D
184	K	184	3.206	16.244	65.132	0.03	0.704751131221719	0.9130004644055524	0.44295774333034127	0	1	No-PER3D	No-Essential3D
185	A	185	-0.602	16.264	64.912	0.82	0.653136531365314	0.8614236049500129	0.4655636346288443	0	1	No-PER3D	No-Essential3D
186	G	186	-1.26	18.83	67.62	1.86	0.607377752359165	0.9938121335985634	0.43635667088680125	0	1	No-PER3D	No-Essential3D
187	P	187	-0.883	19.296	71.327	0.03	0.602895259721828	0.9881077804790568	0.2162707470565552	0	1	No-PER3D	No-Essential3D
188	I	188	-1.256	16.139	73.377	1.6	0.60237556561086	1.161954732692593	0.13901610073686665	0	1	No-PER3D	No-Essential3D
189	W	189	-3.449	16.603	76.417	1.6	0.656826568265683	0.9622480463372933	-0.003675797535576493	0	1	No-PER3D	No-Essential3D
190	D	190	-2.931	13.008	77.478	1.34	0.654411764705882	1.1919813609702248	0.10222523236765932	0	1	No-PER3D	No-Essential3D
191	L	191	-1.891	9.621	76.125	1.08	0.65018315018315	1.2019226715447031	0.14495518571529745	0	1	No-PER3D	No-Essential3D
192	R	192	-2.986	6.347	77.668	1.86	0.652014652014652	1.3234762076300526	0.07117992461872624	0	1	No-PER3D	No-Essential3D
193	L	193	-1.268	3.153	76.588	1.34	0.70277149321267	1.1102415632116824	0.06801450478619621	0	1	No-PER3D	No-Essential3D
194	M	194	-3.158	0.089	77.748	1.86	0.695676586187535	1.1541563140123325	-0.006150170297715647	0	1	No-PER3D	No-Essential3D
195	M	195	-1.097	-2.69	79.277	1.86	0.591577540106952	0.9258352589244425	-0.005744898715446359	0	1	No-PER3D	No-Essential3D
196	D	196	-1.415	-6.407	79.928	0.82	0.595437772559544	0.6357960663838121	-0.12645358521163766	0	1	No-PER3D	No-Essential3D
197	P	197	-0.716	-7.039	83.586	-1.02	0.715151515151515	-0.07383468705174284	-0.26631323387393285	0	1	No-PER3D	No-Essential3D
198	L	198	0.072	-10.631	82.842	1.08	0.715151515151515	-0.266647623786894	-0.225944438692839	0	1	No-PER3D	No-Essential3D
199	T	199	2.837	-9.905	80.356	0.82	0.764814814814815	0.02220586429888891	-0.1823436585147547	0	1	No-PER3D	No-Essential3D
200	G	200	3.845	-6.335	81.143	1.86	0.655555555555556	0.17745582049583247	-0.15655464070731293	0	1	No-PER3D	No-Essential3D
201	L	201	3.503	-5.544	77.447	-0.23	0.651291512915129	0.5951963467692696	-0.13467157501726895	0	1	No-PER3D	No-Essential3D
202	N	202	0.799	-3.362	75.945	1.86	0.654981549815498	0.9080091554259841	-0.1034888588287353	0	1	No-PER3D	No-Essential3D
203	R	203	-2.687	-4.521	74.949	1.86	0.59648529908753	1.2549691206467466	-0.08258641502283502	0	1	No-PER3D	No-Essential3D
204	G	204	-2.114	-3.29	71.429	1.86	0.546296296296296	1.149968800245058	-0.17068715571186335	0	1	No-PER3D	No-Essential3D
205	Y	205	-4.109	-0.114	71.785	1.34	0.545817958179582	1.4261675282200803	-0.03335478117663182	0	1	No-PER3D	No-Essential3D
206	A	206	-4.044	3.356	73.293	1.86	0.600169061707523	1.412990082186827	-0.03907079213063007	0	1	No-PER3D	No-Essential3D
207	F	207	-6.059	6.547	73.506	1.34	0.695104895104895	1.3109319125755818	-0.06506192509999625	0	1	No-PER3D	No-Essential3D
208	V	208	-4.678	9.962	72.674	0.82	0.692586399108138	1.2942116877200835	0.08454531090667636	0	1	No-PER3D	No-Essential3D
209	T	209	-6.467	13.151	73.643	0.29	0.753030303030303	1.2301452119315788	0.024451182128438966	0	1	No-PER3D	No-Essential3D
210	F	210	-5.548	16.411	71.969	1.34	0.760036496350365	1.0878959310496266	0.09369958716565183	0	1	No-PER3D	No-Essential3D
211	C	211	-6.291	19.964	73.06	0.82	0.76629766297663	0.9391338219896338	-0.04223633166533456	0	1	No-PER3D	No-Essential3D
212	T	212	-8.822	20.416	70.271	-0.23	0.761335784313726	0.8705743380792217	0.1805941630161603	0	1	No-PER3D	No-Essential3D
213	K	213	-10.806	18.308	67.819	1.34	0.797304884896126	0.9035220190706146	0.09136198823304678	0	1	No-PER3D	No-Essential3D
214	E	214	-9	19.684	64.798	-0.49	0.890468227424749	0.8752883521154805	0.16701831049064453	0	1	No-PER3D	No-Essential3D
215	A	215	-5.868	17.982	66.029	0.03	0.835949764521193	0.9138997993568259	0.28505623994284124	0	1	No-PER3D	No-Essential3D
216	A	216	-7.721	14.742	66.66	1.86	0.845238095238095	0.9901993766228758	0.11200811193366475	0	1	No-PER3D	No-Essential3D
217	Q	217	-9.176	14.814	63.183	0.82	0.84599044078598	1.0394469585546167	-0.362043878182366	0	1	No-PER3D	No-Essential3D
218	E	218	-5.747	15.604	61.824	-0.49	0.842857142857143	0.906345385766128	-0.25254280251791716	0	1	No-PER3D	No-Essential3D
219	A	219	-4.292	12.58	63.559	1.86	0.844349680170576	0.8949366795271145	0.05878934304690402	0	1	No-PER3D	No-Essential3D
220	V	220	-6.898	10.274	62.116	1.34	0.738805970149254	1.0359442855864986	-0.3201810207514562	0	1	No-PER3D	No-Essential3D
221	K	221	-6.463	11.541	58.598	0.03	0.738805970149254	0.92172601195502	-0.5108238777578152	0	1	No-PER3D	No-Essential3D
222	L	222	-2.678	11.445	58.551	0.03	0.695308641975309	0.9475744095323185	-0.2545933363026276	0	1	No-PER3D	No-Essential3D
223	Y	223	-1.943	8.54	60.885	0.55	0.695308641975309	0.9578868458672023	0.030033366178687647	0	1	No-PER3D	No-Essential3D
224	N	224	-4.498	5.916	60.026	0.03	0.694710947109471	1.0458358340484641	-0.30925209266902687	0	1	No-PER3D	No-Essential3D
225	N	225	-2.733	2.955	58.473	1.34	0.694710947109471	1.074507860654999	-0.22767079767506573	0	1	No-PER3D	No-Essential3D
226	H	226	0.587	4.48	59.451	1.08	0.693528693528694	0.930636422800027	0.027727752551730465	0	1	No-PER3D	No-Essential3D
227	E	227	3.361	1.945	59.171	0.29	0.693528693528694	0.8383556634498459	-0.01994411095052652	0	1	No-PER3D	No-Essential3D
228	I	228	4.973	2.516	62.55	1.6	0.611316113161132	0.9514841800161372	-0.002548125101681595	0	1	No-PER3D	No-Essential3D
229	R	229	6.963	-0.695	62.165	1.86	0.573108856088561	0.8095139915625024	-0.09046673394248529	0	1	No-PER3D	No-Essential3D
230	S	230	7.919	-2.433	58.935	0.82	0.522058823529412	0.8163687225611095	-0.08655719024599312	0	1	No-PER3D	No-Essential3D
231	G	231	4.881	-4.651	58.348	1.08	0.563492063492063	0.8469616071374175	-0.0815450858967264	0	1	No-PER3D	No-Essential3D
232	K	232	2.812	-3.041	61.085	0.29	0.505698005698006	0.9046389553457628	-0.05688953618021857	0	1	No-PER3D	No-Essential3D
233	H	233	0.187	-0.436	60.31	-0.49	0.50197963800905	1.0181507069084583	-0.07249899661693252	0	1	No-PER3D	No-Essential3D
234	I	234	-1.642	1.477	63.017	1.6	0.522058823529412	1.1133922767704436	-0.028599139095520656	0	1	No-PER3D	No-Essential3D
235	G	235	-5.404	1.776	63.144	0.82	0.562994201370585	1.068616026633796	-0.16158707773354475	0	1	No-PER3D	No-Essential3D
236	V	236	-6.492	5.252	64.153	1.86	0.559348739495798	1.084148996208109	-0.18745839880753462	0	1	No-PER3D	No-Essential3D
237	C	237	-10.114	6.052	64.761	1.86	0.498732037193576	1.1760644219450656	-0.563843119969789	0	1	No-PER3D	No-Essential3D
238	I	238	-11.825	9.149	66.076	-0.23	0.353646353646354	1.124021916263969	-0.39714593497138145	0	1	No-PER3D	No-Essential3D
239	S	239	-13.37	8.339	69.407	1.86	0.354645354645355	1.3413973836805027	-0.5183538542919128	0	1	No-PER3D	No-Essential3D
240	V	240	-16.49	10.357	68.755	0.55	0.354645354645355	1.1413208546504217	-0.9392673499145668	0	1	No-PER3D	No-Essential3D
241	A	241	-13.554	5.569	66.566	0.03	0.430656934306569	1.436089645464313	-0.8284291780617528	0	1	No-PER3D	No-Essential3D
242	N	242	-12.371	3.856	63.482	0.55	0.430656934306569	1.318341184327706	-0.8437576256428773	0	1	No-PER3D	No-Essential3D
243	N	243	-14.613	5.893	61.298	1.08	0.425992779783394	1.3367071377822415	-1.264304896648796	0	1	No-PER3D	No-Essential3D
244	R	244	-12.341	7.115	58.563	1.08	0.347996089931574	1.2887564429699783	-1.0766233945705317	0	1	No-PER3D	No-Essential3D
245	L	245	-11.649	5.598	55.201	1.86	0.255395683453237	1.2552802932528133	-1.2965173368488065	0	1	No-PER3D	No-Essential3D
246	F	246	-8.648	6.333	53.031	0.29	0.257246376811594	1.2303267140762904	-1.052586251468163	0	1	No-PER3D	No-Essential3D
247	V	247	-9.258	6.904	49.328	1.34	0.259124087591241	1.1525832954248318	-1.3249797519367372	0	1	No-PER3D	No-Essential3D
248	G	248	-6.237	6.276	47.137	0.29	0.287915652879157	1.1418327837765312	-1.410281040431252	0	1	No-PER3D	No-Essential3D
249	S	249	-7.059	8.369	44.131	1.08	0.288970288970289	1.021017510014672	-1.4047383836998082	0	1	No-PER3D	No-Essential3D
250	I	250	-9.317	11.303	43.434	1.6	0.288970288970289	0.9835442979834512	-1.4434478279562344	0	1	No-PER3D	No-Essential3D
251	P	251	-9.035	13.953	40.789	1.86	0.371533228676086	0.8735819216951153	-1.4172675641214556	0	1	No-PER3D	No-Essential3D
252	K	252	-6.518	16.498	41.991	0.03	0.368530020703934	0.7327809348499387	-1.6621473324235576	0	1	No-PER3D	No-Essential3D
253	S	253	-8.601	19.432	40.809	0.03	0.432727272727273	0.7014847041699322	-1.6244043220179982	0	1	No-PER3D	No-Essential3D
254	K	254	-11.645	18.559	42.923	0.55	0.434306569343066	0.7333133411410926	-1.5229771894955284	0	1	No-PER3D	No-Essential3D
255	T	255	-12.401	20.722	45.928	0.55	0.372899159663866	0.6857039324129023	-1.5629168046739432	0	1	No-PER3D	No-Essential3D
256	K	256	-13.531	19.478	49.322	1.34	0.370798319327731	0.7745748287055242	-1.5965065386782715	0	1	No-PER3D	No-Essential3D
257	E	257	-17.035	20.596	48.505	0.55	0.322080291970803	0.7823945461068478	-1.1463063889777931	0	1	No-PER3D	No-Essential3D
258	Q	258	-17.052	18.505	45.364	0.03	0.429440389294404	0.929335657429594	-1.1707466177000425	0	1	No-PER3D	No-Essential3D
259	I	259	-15.64	15.456	47.105	1.6	0.48489010989011	0.9858148542251373	-1.4925112395532527	0	1	No-PER3D	No-Essential3D
260	L	260	-18.34	15.651	49.72	1.86	0.480595667870036	1.0458725517237162	-1.497790805720649	0	1	No-PER3D	No-Essential3D
261	E	261	-21.007	15.864	47.092	-0.23	0.477150537634409	0.8968381305669503	-1.1851838924336637	0	1	No-PER3D	No-Essential3D
262	E	262	-19.686	12.981	45.057	0.03	0.474107142857143	1.0338157381674113	-1.2187819598251233	0	1	No-PER3D	No-Essential3D
263	F	263	-19.219	10.588	47.943	1.08	0.474462365591398	1.167871989596483	-1.5372913189674724	0	1	No-PER3D	No-Essential3D
264	S	264	-22.268	11.798	49.767	0.03	0.422062350119904	1.168453098334229	-1.4824532199539242	0	1	No-PER3D	No-Essential3D
265	K	265	-24.323	10.911	46.739	0.03	0.36047107014849	0.9315646311365785	-1.198646875474147	0	1	No-PER3D	No-Essential3D
266	V	266	-23.282	7.237	46.776	1.34	0.359447004608295	0.9973868615534544	-1.4211411784855297	0	1	No-PER3D	No-Essential3D
267	T	267	-23	6.536	50.51	0.82	0.362042289840124	1.0993426663094368	-1.7114547971461143	0	1	No-PER3D	No-Essential3D
268	E	268	-24.828	7.404	53.702	0.29	0.359447004608295	1.18776013966179	-1.7972816608243625	0	1	No-PER3D	No-Essential3D
269	G	269	-23.64	9.05	56.893	1.86	0.357142857142857	1.3401579192989803	-1.858380906678661	0	1	No-PER3D	No-Essential3D
270	L	270	-20.744	10.906	55.299	1.34	0.310283687943262	1.2520061369168398	-1.776705952197888	0	1	No-PER3D	No-Essential3D
271	T	271	-19.597	13.409	57.919	0.55	0.311387900355872	1.237673229457473	-1.6585082349485507	0	1	No-PER3D	No-Essential3D
272	D	272	-16.417	14.967	56.625	1.34	0.154698581560284	1.0828123096889308	-1.3756617905934976	0	1	No-PER3D	No-Essential3D
273	V	273	-13.681	14.892	54.003	1.08	0.154804270462633	1.0302037937776383	-1.3292721840015078	0	1	No-PER3D	No-Essential3D
274	I	274	-10.104	15.716	54.897	0.29	0.154910714285714	0.9645297875850958	-1.2168349677756567	0	1	No-PER3D	No-Essential3D
275	L	275	-8.009	17.019	52.066	1.34	0.154804270462633	0.7635309955038846	-1.489628746664372	0	1	No-PER3D	No-Essential3D
276	Y	276	-4.367	18.004	51.688	0.82	0.153710247349823	0.5400695762037312	-1.6255528838451858	0	1	No-PER3D	No-Essential3D
277	H	277	-3.471	20.622	49.133	-0.49	0.175668854114084	0.5323933479318025	-1.8884422244783037	0	1	No-PER3D	No-Essential3D
278	Q	278	-0.403	20.814	46.945	1.08	0.176798378926038	0.4138695664487196	-1.9760969965620252	0	1	No-PER3D	No-Essential3D
279	P	279	1.777	23.312	48.61	0.82	0.177935943060498	0.4078194949583338	-2.125477696730262	0	1	No-PER3D	No-Essential3D
280	D	280	2.946	24.712	45.314	0.29	0.178571428571429	0.4078194949583338	-2.125477696730262	0	1	No-PER3D	No-Essential3D
281	D	281	-0.6	25.751	44.571	0.55	0.155249110320285	0.3247938985056541	-1.9462621749075328	0	1	No-PER3D	No-Essential3D
282	K	282	-3.177	25.607	47.344	0.29	0.15625	0.434666687196921	-1.8338508265554054	0	1	No-PER3D	No-Essential3D
283	K	283	-5.973	25.159	44.834	0.03	0.139285714285714	0.5039088656879914	-1.7909561652980852	0	1	No-PER3D	No-Essential3D
284	K	284	-5.17	21.558	43.94	0.29	0.140287769784173	0.6483818613617711	-1.772168551860088	0	1	No-PER3D	No-Essential3D
285	N	285	-5.327	18.461	46.106	1.34	0.140794223826715	0.7333133411410926	-1.7788335822210095	0	1	No-PER3D	No-Essential3D
286	R	286	-2.722	15.714	46.558	-0.23	0.159090909090909	0.7333133411410926	-1.844530657912022	0	1	No-PER3D	No-Essential3D
287	G	287	-4.769	13.085	44.758	-0.23	0.157374100719424	0.8240195981525072	-1.6583357975003072	0	1	No-PER3D	No-Essential3D
288	F	288	-6.018	11.243	47.823	1.08	0.178571428571429	0.8752883521154805	-1.4565038688452117	0	1	No-PER3D	No-Essential3D
289	C	289	-8.342	12.061	50.691	1.34	0	1.010164612541149	-1.2275123685585183	0	1	No-PER3D	No-Essential3D
290	F	290	-10.005	10.773	53.819	1.08	0	1.1884074421434359	-1.0488137007804914	0	1	No-PER3D	No-Essential3D
291	L	291	-13.682	10.101	54.24	1.34	0	1.2551258336445352	-1.347147751249781	0	1	No-PER3D	No-Essential3D
292	E	292	-15.184	10.388	57.69	0.82	0	1.2003519709922565	-1.3733135574704014	0	1	No-PER3D	No-Essential3D
293	Y	293	-18.467	8.831	58.7	1.34	0	1.2622169593269292	-1.5963073249820559	0	1	No-PER3D	No-Essential3D
294	E	294	-20.667	9.312	61.72	0.55	0	1.3241892517699907	-1.8264177475261612	0	1	No-PER3D	No-Essential3D
295	D	295	-19.651	5.981	63.152	0.82	0	1.3419970720853738	-1.840191891444803	0	1	No-PER3D	No-Essential3D
296	H	296	-17.719	2.829	62.336	1.86	0	1.4358995003603297	-1.6682286332627323	0	1	No-PER3D	No-Essential3D
297	K	297	-20.771	1.039	61.028	1.34	0	1.4114975453491068	-1.9719279948453605	0	1	No-PER3D	No-Essential3D
298	T	298	-21.46	3.777	58.532	0.82	0.139386698526483	1.2488259711334315	-1.9121635420026886	0	1	No-PER3D	No-Essential3D
299	A	299	-17.859	3.854	57.431	1.86	0.140287769784173	1.2989950254921696	-1.6605239526017717	0	1	No-PER3D	No-Essential3D
300	A	300	-17.969	0.092	57.205	1.86	0.140287769784173	1.3859404077169084	-1.7267525149636624	0	1	No-PER3D	No-Essential3D
301	Q	301	-21.052	0.016	55.047	1.08	0.157942238267148	1.4573858971104712	-1.8846951155846732	0	1	No-PER3D	No-Essential3D
302	A	302	-19.665	2.771	52.887	1.86	0.157608695652174	1.2621222924899533	-1.7535310695790831	0	1	No-PER3D	No-Essential3D
303	R	303	-16.451	0.856	52.334	1.34	0.181298701298701	1.3880991339422413	-1.7071646691512439	0	1	No-PER3D	No-Essential3D
304	R	304	-18.321	-2.259	51.304	1.34	0.181159420289855	1.3826175353527639	-1.6632887791422508	0	1	No-PER3D	No-Essential3D
305	R	305	-20.479	-0.167	49.022	0.03	0.182337662337662	1.155766159121948	-1.6848240125286642	0	1	No-PER3D	No-Essential3D
306	L	306	-17.577	1.609	47.368	1.86	0.183003128258603	1.10795512101928	-1.5023255625695842	0	1	No-PER3D	No-Essential3D
307	M	307	-15.76	-1.711	47.088	1.08	0.182337662337662	1.3386790129346637	-1.5101203326404125	0	1	No-PER3D	No-Essential3D
308	S	308	-18.639	-3.416	45.359	0.03	0.158393501805054	1.1380987125037318	-1.6808846894913387	0	1	No-PER3D	No-Essential3D
309	G	309	-18.895	-2.92	41.637	1.86	0.159545454545455	1.0466139663201508	-1.8092813194548258	0	1	No-PER3D	No-Essential3D
310	K	310	-22.332	-1.533	42.327	0.55	0.159420289855072	1.0758280551168036	-1.7893791826888539	0	1	No-PER3D	No-Essential3D
311	V	311	-21.414	2.125	42.091	0.03	0.160583941605839	1.0181507069084583	-1.5728748879692738	0	1	No-PER3D	No-Essential3D
312	K	312	-18.583	4.161	40.634	0.55	0.319090909090909	0.8404951339655072	-1.4471175452594611	0	1	No-PER3D	No-Essential3D
313	V	313	-16.907	7.276	41.96	1.34	0.321167883211679	0.9582979351448607	-1.2545501819077847	0	1	No-PER3D	No-Essential3D
314	W	314	-14.433	9.001	39.666	0.82	0.365136668385766	0.9279743913442573	-1.2515401631549994	0	1	No-PER3D	No-Essential3D
315	G	315	-13.506	5.738	38.003	1.86	0.367494824016563	1.0770285791066605	-1.3713095236790176	0	1	No-PER3D	No-Essential3D
316	N	316	-12.752	3.844	41.202	0.03	0.367792207792208	1.095002397631551	-1.4547783648662618	0	1	No-PER3D	No-Essential3D
317	V	317	-9.147	4.154	40.187	0.29	0.370486656200942	1.1651539995215228	-1.3597658371698076	0	1	No-PER3D	No-Essential3D
318	G	318	-7.673	3.594	43.627	0.82	0.370486656200942	1.162407459130649	-1.392644725961288	0	1	No-PER3D	No-Essential3D
319	T	319	-8.486	1.399	46.597	0.55	0.486263736263736	1.2763677581181267	-1.4136864149683543	0	1	No-PER3D	No-Essential3D
320	V	320	-10.663	2.442	49.49	1.86	0.557773109243697	1.3296942592159664	-1.4815766080181811	0	1	No-PER3D	No-Essential3D
321	E	321	-9.037	1.334	52.701	1.34	0.553701772679875	1.3703650067632387	-1.2843919649028583	0	1	No-PER3D	No-Essential3D
322	W	322	-9.617	1.723	56.39	1.86	0.65018315018315	1.1871263226485114	-0.9649349762022914	0	1	No-PER3D	No-Essential3D
323	A	323	-7.585	4.584	57.776	0.82	0.557299843014129	1.069598539329152	-0.6648412308536265	0	1	No-PER3D	No-Essential3D
324	D	324	-4.524	3.611	59.754	0.55	0.647810218978102	1.0125097354902797	-0.2873371649021526	0	1	No-PER3D	No-Essential3D
325	P	325	-4.32	5.38	63.069	1.86	0.647810218978102	1.0563223365331573	-0.05451191627534756	0	1	No-PER3D	No-Essential3D
326	I	326	-0.577	4.818	63.294	-1.02	0.65018315018315	1.0846142135828416	0.044123120645394864	0	1	No-PER3D	No-Essential3D
327	E	327	-0.195	6.8	60.109	-1.02	0.646739130434783	0.8550062076905679	0.07503667431417178	0	1	No-PER3D	No-Essential3D
328	D	328	-2.27	9.743	61.177	1.34	0.653846153846154	0.9916390466958941	0.0015591498828586056	0	1	No-PER3D	No-Essential3D
329	P	329	-1.967	10.378	64.857	0.55	0.526937269372694	0.9303895408505002	0.18217287762630288	0	1	No-PER3D	No-Essential3D
330	D	330	-3.722	13.431	66.173	0.55	0.526937269372694	0.9942874963585223	0.26202475260851926	0	1	No-PER3D	No-Essential3D
331	P	331	-1.112	13.51	67.546	0.29	0.564575645756458	0.8742001002624928	0.2907606173996674	0	1	No-PER3D	No-Essential3D
332	E	332	-2.891	13.646	70.829	0.82	0.654411764705882	1.170366538346573	0.1522101950343845	0	1	No-PER3D	No-Essential3D
333	V	333	-1.747	15.515	73.84	0.55	0.65625	1.1208436896060385	0.15364808003076208	0	1	No-PER3D	No-Essential3D
334	M	334	-3.278	12.399	75.241	0.55	0.582205822058221	1.2301452119315788	0.14780847441923842	0	1	No-PER3D	No-Essential3D
335	A	335	-0.814	9.695	76.002	0.03	0.583845838458385	1.180867379642386	0.15054861544754256	0	1	No-PER3D	No-Essential3D
336	K	336	-1.014	6.991	73.383	0.29	0.580065359477124	1.3060303943395613	0.06911023500791072	0	1	No-PER3D	No-Essential3D
337	V	337	-0.154	3.431	74.237	1.34	0.525925925925926	1.0613266691499847	0.04586875190878656	0	1	No-PER3D	No-Essential3D
338	K	338	3.527	2.503	74.395	0.29	0.435049019607843	0.9781501816125494	0.016583685779220578	0	1	No-PER3D	No-Essential3D
339	V	339	2.967	-1.136	75.344	0.82	0.470743801652893	0.8312130505999942	-0.08419462856052529	0	1	No-PER3D	No-Essential3D
340	L	340	2.904	-4.071	72.988	0.55	0.46772068511199	0.8087983426951123	-0.16837341893370703	0	1	No-PER3D	No-Essential3D
341	F	341	1.105	-7.297	73.736	1.34	0.464355788096795	0.9369587475074803	-0.18378033570455912	0	1	No-PER3D	No-Essential3D
342	V	342	2.871	-10.237	72.138	1.34	0.550799381124291	0.6676353519454613	-0.2035033953213697	0	1	No-PER3D	No-Essential3D
343	R	343	1.467	-13.717	71.779	1.86	0.495695640099972	0.5648124138875802	-0.20343162964264921	0	1	No-PER3D	No-Essential3D
344	N	344	2.477	-17.032	70.272	1.34	0.497491638795987	0.2472909314134292	-0.2633595636638418	0	1	No-PER3D	No-Essential3D
345	L	345	5.744	-17.217	72.16	0.55	0.462337662337662	0.16330585567438963	-0.2409583795632468	0	1	No-PER3D	No-Essential3D
346	A	346	7.729	-20.393	71.625	0.55	0.464416535845107	0.21550528700264937	-0.3278701313566079	0	1	No-PER3D	No-Essential3D
347	N	347	8.702	-22.639	74.494	0.29	0.466123949579832	0.03373147456479581	-0.351882454030056	0	1	No-PER3D	No-Essential3D
348	T	348	12.336	-21.528	74.303	0.55	0.522058823529412	0.1389858835159712	-0.3570211571627948	0	1	No-PER3D	No-Essential3D
349	V	349	11.63	-17.788	74.355	0.55	0.522509225092251	0.06492760535457351	-0.3365762821052268	0	1	No-PER3D	No-Essential3D
350	T	350	12.926	-16.006	77.425	1.34	0.465608465608466	-0.30737458109890364	-0.34884530899551774	0	1	No-PER3D	No-Essential3D
351	E	351	12.521	-12.5	78.734	1.08	0.466011683483803	-0.14093674549159071	-0.4059533231839648	0	1	No-PER3D	No-Essential3D
352	E	352	16.112	-11.848	77.731	0.03	0.462572482867686	-0.2580271729875715	-0.4609828867307529	0	1	No-PER3D	No-Essential3D
353	I	353	15.537	-12.988	74.181	0.29	0.462962962962963	-0.10855410674609862	-0.3874512421003808	0	1	No-PER3D	No-Essential3D
354	L	354	12.545	-10.72	74.013	1.6	0.498575498575499	0.11494561756123868	-0.34155218716174895	0	1	No-PER3D	No-Essential3D
355	E	355	14.665	-7.864	75.241	-0.23	0.464684014869888	-0.10347523094232736	-0.3829825493274715	0	1	No-PER3D	No-Essential3D
356	K	356	17.306	-8.387	72.605	0.03	0.462962962962963	0.049703663299414474	-0.48495311561967513	0	1	No-PER3D	No-Essential3D
357	A	357	14.859	-8.603	69.723	0.03	0.462572482867686	0.23875780974886415	-0.32006269596857373	0	1	No-PER3D	No-Essential3D
358	F	358	12.71	-5.65	70.796	0.55	0.494505494505495	0.2721555389503875	-0.2835629265872577	0	1	No-PER3D	No-Essential3D
359	S	359	15.565	-3.418	71.896	0.29	0.428223844282238	0.043403522187426005	-0.2914696890375165	0	1	No-PER3D	No-Essential3D
360	Q	360	16.465	-2.665	68.294	-0.23	0.398863636363636	0.4963925415775826	-0.35346579978358633	0	1	No-PER3D	No-Essential3D
361	F	361	13.413	-0.42	67.982	1.08	0.425790754257908	0.4095437653330938	-0.2069793618912237	0	1	No-PER3D	No-Essential3D
362	G	362	13.917	1.817	71.008	-0.23	0.399178832116788	0.24242206435688055	-0.12315618206989402	0	1	No-PER3D	No-Essential3D
363	K	363	14.439	1.918	74.749	-0.75	0.340632603406326	0.06843929421192745	-0.1234014391403939	0	1	No-PER3D	No-Essential3D
364	L	364	12.511	-0.777	76.574	-0.49	0.319343065693431	0.09672947282383974	-0.210728546020153	0	1	No-PER3D	No-Essential3D
365	E	365	11.23	0.095	80.007	-0.23	0.343137254901961	-0.04825909427291324	-0.1396954319988485	0	1	No-PER3D	No-Essential3D
366	R	366	10.25	-3.448	80.856	-0.23	0.340903540903541	-0.08500536694505832	-0.2795128403232783	0	1	No-PER3D	No-Essential3D
367	V	367	9.583	-6.84	79.359	-0.23	0.340903540903541	-0.03020568094560185	-0.3066475713377904	0	1	No-PER3D	No-Essential3D
368	K	368	7.214	-9.093	81.177	0.03	0.424574209245742	-0.1320888848436996	-0.36510264821603694	0	1	No-PER3D	No-Essential3D
369	K	369	6.83	-12.61	79.966	0.03	0.395454545454545	-0.07911818199479823	-0.27919325580410376	0	1	No-PER3D	No-Essential3D
370	L	370	3.985	-14.861	80.952	-0.49	0.488929146537842	-0.2785681505927904	-0.2617877376781935	0	1	No-PER3D	No-Essential3D
371	K	371	3.391	-18.376	79.747	-0.23	0.483671843886898	-0.2340345410926658	-0.2776729653878213	0	1	No-PER3D	No-Essential3D
372	D	372	2.953	-17.776	75.99	0.03	0.483333333333333	-0.08278944515632687	-0.26511570682500973	0	1	No-PER3D	No-Essential3D
373	Y	373	2.695	-14.047	75.848	-0.23	0.416965352449223	0.2452742409166339	-0.2305704876392674	0	1	No-PER3D	No-Essential3D
374	A	374	4.444	-10.944	77.022	-0.23	0.389784946236559	0.36659555956177364	-0.20933307785518793	0	1	No-PER3D	No-Essential3D
375	F	375	4.029	-7.235	77.555	-0.49	0.438047559449312	0.522770853275665	-0.1821417406262372	0	1	No-PER3D	No-Essential3D
376	I	376	6.666	-4.945	76.172	-0.49	0.467081850533808	0.41944544314661575	-0.23550880461706342	0	1	No-PER3D	No-Essential3D
377	H	377	6.867	-1.422	77.514	0.29	0.467081850533808	0.5039829285663315	-0.12324509725374698	0	1	No-PER3D	No-Essential3D
378	F	378	8.536	1.102	75.287	-0.49	0.467410714285714	0.486860751526278	-0.09726931062027508	0	1	No-PER3D	No-Essential3D
379	D	379	9.875	4.41	76.484	-1.02	0.415770609318996	0.41877330860408496	0.044658081175338045	0	1	No-PER3D	No-Essential3D
380	E	380	8.095	6.119	73.651	-0.75	0.415770609318996	0.6845931427996458	0.1829996282344664	0	1	No-PER3D	No-Essential3D
381	R	381	5.233	5.341	71.3	-0.23	0.469086021505376	0.944153948471264	0.047548301479386185	0	1	No-PER3D	No-Essential3D
382	D	382	7.397	5.567	68.234	0.03	0.527073078379402	0.6976421196337776	0.027090505283762233	0	1	No-PER3D	No-Essential3D
383	G	383	9.443	2.594	69.396	0.29	0.525183927560838	0.5723357785799204	-0.04565163276396947	0	1	No-PER3D	No-Essential3D
384	A	384	6.357	0.482	69.872	1.86	0.528587656190837	0.7543877568326033	-0.12294764170570587	0	1	No-PER3D	No-Essential3D
385	V	385	5.108	1.536	66.474	0.03	0.532282663955262	0.9031186809712556	-0.05055051855148184	0	1	No-PER3D	No-Essential3D
386	K	386	8.355	0.487	64.868	-0.49	0.5625	0.696433113680949	-0.11710408848319077	0	1	No-PER3D	No-Essential3D
387	A	387	8.619	-2.753	66.786	0.82	0.556537102473498	0.6979725787110457	-0.26771069915144075	0	1	No-PER3D	No-Essential3D
388	M	388	5.13	-3.814	65.852	1.34	0.556537102473498	0.8704554973892319	-0.16674095849868042	0	1	No-PER3D	No-Essential3D
389	E	389	5.524	-2.914	62.236	0.03	0.560106382978723	0.8614236049500129	-0.10757366279013278	0	1	No-PER3D	No-Essential3D
390	E	390	8.733	-4.828	61.76	-0.23	0.621908127208481	0.8485293900861283	-0.12438566412157906	0	1	No-PER3D	No-Essential3D
391	M	391	8.237	-7.647	64.21	1.34	0.619298245614035	0.8638796458764674	-0.17292458750006465	0	1	No-PER3D	No-Essential3D
392	N	392	4.6	-8.672	63.541	1.08	0.619298245614035	0.9716285381338153	-0.13772109028780263	0	1	No-PER3D	No-Essential3D
393	G	393	4.233	-12.187	62.097	0.55	0.621478873239437	0.9805751090520161	-0.1054024046848593	0	1	No-PER3D	No-Essential3D
394	K	394	8.024	-12.626	62.208	0.55	0.621052631578947	0.8464496780113079	-0.12605255358352274	0	1	No-PER3D	No-Essential3D
395	D	395	9.484	-15.865	63.437	0.03	0.694274475524476	0.7206686917261863	-0.11659910165408395	0	1	No-PER3D	No-Essential3D
396	L	396	10.896	-16.035	66.926	0.55	0.656172328086164	0.6006871311125628	-0.22691949790499114	0	1	No-PER3D	No-Essential3D
397	E	397	12.379	-19.365	67.99	0.03	0.617957746478873	0.5448695354563375	-0.24397981546529904	0	1	No-PER3D	No-Essential3D
398	G	398	10.259	-21.092	65.361	1.86	0.622340425531915	0.45380003828526627	-0.12964649097678138	0	1	No-PER3D	No-Essential3D
399	E	399	7.065	-19.285	66.322	0.03	0.55357848952155	0.42398528598064483	-0.16821307616198333	0	1	No-PER3D	No-Essential3D
400	N	400	5.267	-16.622	64.36	-0.23	0.666666666666667	0.7130311967161799	-0.12308259994757967	0	1	No-PER3D	No-Essential3D
401	I	401	4.562	-13.934	66.912	1.34	0.576923076923077	0.7238060859419148	-0.18137084720613317	0	1	No-PER3D	No-Essential3D
402	E	402	1.451	-11.77	66.854	0.29	0.574468085106383	0.7825609230728335	-0.213295740392736	0	1	No-PER3D	No-Essential3D
403	I	403	1.566	-8.236	68.169	1.34	0.537244897959184	0.9492638520938448	-0.22084940034463793	0	1	No-PER3D	No-Essential3D
404	V	404	-1.108	-5.767	69.143	0.82	0.533807829181495	1.1886742988155572	-0.20678108486295552	0	1	No-PER3D	No-Essential3D
405	F	405	-1.138	-2.632	71.21	0.29	0.570807284588203	1.1679005399123963	-0.128321843182935	0	1	No-PER3D	No-Essential3D
406	A	406	-2.057	-3.615	74.73	1.34	0.512030516431925	1.2427293606315812	-0.06963328324478663	0	1	No-PER3D	No-Essential3D
407	K	407	-5.457	-2.819	76.102	0.55	0.50990675990676	1.3407405187758321	-0.06903775495976672	0	1	No-PER3D	No-Essential3D
408	P	408	-4.864	-0.358	78.819	0.82	0.506993006993007	1.1780462050017606	-0.044994923579101134	0	1	No-PER3D	No-Essential3D
409	P	409	-6.307	-1.119	82.133	0.55	0.508771929824562	1.0120660635809848	-0.001449772245840156	0	1	No-PER3D	No-Essential3D
410	D	410	-8.163	2.05	82.651	0.29	0.508449883449884	1.209521190451019	0.035490399837791925	0	1	No-PER3D	No-Essential3D
411	Q	411	-7.531	1.736	86.703	0.03	0.508771929824562	0.39562972128881563	-0.14342958097045852	0	1	No-PER3D	No-Essential3D
412	K	412	-10.429	0.076	88.383	-0.23	0.446163765312702	0.06850601179227256	-0.5646227014037255	0	1	No-PER3D	No-Essential3D
413	R	413	-13.177	2.183	89.813	0.03	0.307142857142857	0.177244548158073	-1.189936349163976	0	1	No-PER3D	No-Essential3D
414	K	414	-15.195	1.072	92.726	0.29	0.271428571428571	-0.24868048476509091	-1.5465964393989484	0	1	No-PER3D	No-Essential3D
415	E	415	-18.16	-0.677	91.251	-0.75	0.273197929111908	-0.24868048476509091	-1.5465964393989484	0	1	No-PER3D	No-Essential3D
416	R	416	-20.041	-3.88	91.449	1.86	0.176895306859206	-0.2632846851127168	-1.6851332858325845	0	1	No-PER3D	No-Essential3D
417	K	417	-17.271	-6.291	92.126	0.29	0.177411036616813	-0.4039656530183278	-1.7249441536363286	0	1	No-PER3D	No-Essential3D
418	A	418	-16.888	-9.663	93.643	-1.02	0.177286742034943	-0.6760844240525714	-1.6974942501079755	0	1	No-PER3D	No-Essential3D
419	Q	419	-16.884	-9.212	97.349	-1.02	0.175278622087133	-0.5592508212715647	-1.9222000761584943	0	1	No-PER3D	No-Essential3D
420	R	420	-15.51	-10.997	100.339	-1.02	0.176410777834265	-1.2188430597567423	-1.6507942546435586	0	1	No-PER3D	No-Essential3D
421	Q	421	-17.714	-13.78	101.55	-1.02	0.177675371223758	-1.3791987641162071	-1.7688611659592022	0	1	No-PER3D	No-Essential3D
422	A	422	-18.6	-13.271	105.159	-0.23	0.208033573141487	-1.3979755931345832	-1.5077368125872466	0	1	No-PER3D	No-Essential3D
423	A	423	-21.452	-14.035	107.521	-1.02	0.358947911294482	-1.412579793482209	-1.2423428360860351	0	1	No-PER3D	No-Essential3D
424	K	424	-21.753	-13.362	111.19	-1.02	0.359213250517598	-1.3979755931345832	-1.1422068035885047	0	1	No-PER3D	No-Essential3D
425	N	425	-21.884	-16.627	113.06	-1.02	0.419082125603865	-1.3791987641162071	-1.0143329504432983	0	1	No-PER3D	No-Essential3D
426	Q	426	-19.907	-15.101	115.896	-1.02	0.424019607843137	-1.3530538123184683	-0.95936281965753	0	1	No-PER3D	No-Essential3D
427	M	427	-20.644	-12.136	118.102	-1.02	0.477022058823529	-1.439569834630986	-0.7534022028475761	0	1	No-PER3D	No-Essential3D
428	Y	428	-18.009	-9.465	117.795	-1.02	0.480166051660517	-1.371170415281346	-0.6460107519035829	0	1	No-PER3D	No-Essential3D
429	D	429	-17.694	-7.201	120.772	-0.75	0.480555555555556	-0.9760911436710697	-0.34090987733896705	0	1	No-PER3D	No-Essential3D
430	D	430	-14.52	-5.423	121.638	-0.75	0.549206349206349	-0.7270010574526125	-0.18344417726541343	0	1	No-PER3D	No-Essential3D
431	Y	431	-14.305	-3.783	125.006	-0.49	0.64365671641791	-0.5273486982698792	7.05896323453653e-4	0	1	No-PER3D	No-Essential3D
432	Y	432	-10.96	-2.2	125.64	0.82	0.647940074906367	-0.27825861205142177	0.23507395284187435	0	1	No-PER3D	No-Essential3D
433	Y	433	-9.949	-0.655	128.896	0.29	0.652255639097744	-0.479574740894011	0.4906768209987619	0	1	No-PER3D	No-Essential3D
434	Y	434	-6.707	1.026	129.684	0.03	0.743935309973046	-0.524496521710126	0.6037331457210217	0	1	No-PER3D	No-Essential3D
435	G	435	-5.634	1.276	133.256	0.29	0.819866920152091	-0.6126763136824998	0.6563902600078224	0	1	No-PER3D	No-Essential3D
436	P	436	-3.429	-0.495	135.618	-1.02	0.820610687022901	-0.7441141168111323	0.7068655570237213	0	1	No-PER3D	No-Essential3D
437	P	437	-4.776	-3.718	136.891	-1.02	0.731552162849873	-0.7914391204692617	0.69839008871848	0	1	No-PER3D	No-Essential3D
438	H	438	-6.16	-3.911	140.374	-1.02	0.736483610046829	-0.9171461614361677	0.753857709032175	0	1	No-PER3D	No-Essential3D
439	M	439	-3.776	-6.249	142.087	-1.02	0.730882974228982	-0.7145359895248015	0.7935750567451362	0	1	No-PER3D	No-Essential3D
440	P	440	-2.664	-5.992	145.636	0.03	0.731552162849873	-0.798564760224605	0.9315277751251807	0	1	No-PER3D	No-Essential3D
441	P	441	0.471	-4.177	146.432	-0.75	0.73009791400596	-0.7658943741765214	0.9884193628561175	0	1	No-PER3D	No-Essential3D
442	P	442	2.317	-4.811	149.638	1.86	0.735735735735736	-0.7995731054730025	1.3080313858379236	0	1	No-PER3D	No-Essential3D
443	T	443	0.256	-3.836	152.628	-1.02	0.837837837837838	-0.8835205009422337	1.4736479064280308	0	1	No-PER3D	No-Essential3D
444	R	444	2.069	-1.521	154.946	-1.02	0.871794871794872	-0.9683902669597357	1.4342283512737601	0	1	No-PER3D	No-Essential3D
445	G	445	-0.432	-0.171	157.377	-0.75	0.950191570881226	-0.982632135248104	1.5448961841709623	0	1	No-PER3D	No-Essential3D
446	R	446	0.933	1.344	160.556	-0.23	0.872586872586873	-1.1363722813230903	1.5527262884838957	0	1	No-PER3D	No-Essential3D
447	G	447	0.229	-0.759	163.499	-0.75	0.906976744186047	-1.1595311308299419	1.5994674360411218	0	1	No-PER3D	No-Essential3D
448	R	448	-1.874	0.148	166.401	-1.02	0.910505836575875	-1.070042327100893	1.6877287890506416	0	1	No-PER3D	No-Essential3D
449	G	449	-0.678	1.998	169.614	-0.75	0.910505836575875	-1.068826495426383	1.6846047513530056	0	1	No-PER3D	No-Essential3D
450	G	450	-0.071	0.369	173.065	-0.23	0.912217194570136	-1.0640698206296146	1.723934518663787	0	1	No-PER3D	No-Essential3D
451	R	451	-2.835	0.247	175.47	-1.02	0.948616600790514	-1.129799139356381	1.785276603718922	0	1	No-PER3D	No-Essential3D
452	G	452	-1.954	1.939	178.678	-1.02	0.996047430830039	-1.0619733489703092	1.7948386994153818	0	1	No-PER3D	No-Essential3D
453	G	453	-1.398	0.43	182.053	-0.49	0.994117647058824	-1.082857619557836	1.8003526115826138	0	1	No-PER3D	No-Essential3D
454	Y	454	-2.894	1.379	185.352	-1.02	0.97202614379085	-1.1668263531497465	1.7758950108673652	0	1	No-PER3D	No-Essential3D
455	G	455	-3.469	-0.078	188.776	-0.49	0.909533073929961	-1.2608613994017357	1.9467893714038143	0	1	No-PER3D	No-Essential3D
456	Y	456	-3.956	1.425	192.209	-1.02	0.937672366243795	-1.3726493216456623	1.713500257566115	0	1	No-PER3D	No-Essential3D
457	P	457	-2.659	4.413	190.694	-1.02	0.903474903474903	-1.401151880667036	1.546202713833277	0	1	No-PER3D	No-Essential3D
458	P	458	0.552	3.593	188.971	-1.02	0.932156646442361	-1.1787196870900674	1.696655552628796	0	1	No-PER3D	No-Essential3D
459	D	459	0.243	4.6	185.416	-1.02	0.93941078376876	-1.2129751409563894	1.6732284107742559	0	1	No-PER3D	No-Essential3D
460	Y	460	2.343	3.531	182.519	-1.02	0.976811594202898	-1.0987103581630293	1.7041418060582243	0	1	No-PER3D	No-Essential3D
461	Y	461	2.195	3.91	178.796	-1.02	0.910326086956522	-1.0677929415467755	1.7014883942204388	0	1	No-PER3D	No-Essential3D
462	G	462	2.07	1.954	175.551	-1.02	0.904035433070866	-1.0877823777510103	1.6839336815573251	0	1	No-PER3D	No-Essential3D
463	Y	463	4.756	1.521	173.099	-1.02	0.89697265625	-1.0573102666583312	1.6181568644930155	0	1	No-PER3D	No-Essential3D
464	E	464	3.843	2.819	169.763	-1.02	0.844209558823529	-1.078497863959356	1.6094509285293226	0	1	No-PER3D	No-Essential3D
465	D	465	3.323	0.904	166.708	-1.02	0.841681985294118	-1.06413659399389	1.583906518939279	0	1	No-PER3D	No-Essential3D
466	Y	466	5.738	0.185	163.91	-1.02	0.80810546875	-1.0739901769382785	1.543720706933215	0	1	No-PER3D	No-Essential3D
467	Y	467	6.838	2.299	162.374	-1.02	0.804263565891473	-1.1779420556186129	1.4707514222260987	0	1	No-PER3D	No-Essential3D
468	D	468	7.874	5.313	164.41	-1.02	0.852713178294574	-1.1244774575105445	1.4050880158207164	0	1	No-PER3D	No-Essential3D
469	Y	469	4.666	5.518	166.377	-1.02	0.846846846846847	-1.0586541493481398	1.4914600661011896	0	1	No-PER3D	No-Essential3D
470	Y	470	4.572	7.597	169.617	-1.02	0.865935114503817	-1.1361587493881355	1.3812112503269707	0	1	No-PER3D	No-Essential3D
471	G	471	4.97	5.843	172.952	-1.02	0.882352941176471	-1.0825248656258648	1.5103512341405703	0	1	No-PER3D	No-Essential3D
472	Y	472	2.596	7.024	175.492	-1.02	0.89937106918239	-1.121834796346033	1.530756551678692	0	1	No-PER3D	No-Essential3D
473	D	473	3.968	9.164	178.263	-1.02	0.89937106918239	-1.3266894623238252	1.468156487931773	0	1	No-PER3D	No-Essential3D
474	Y	474	2.414	9.004	181.662	-1.02	0.856770833333333	-1.375015571828569	1.5143165649830552	0	1	No-PER3D	No-Essential3D
475	H	475	2.651	11.53	184.472	-1.02	0.835858585858586	-1.5294133962632157	1.4063384547423854	0	1	No-PER3D	No-Essential3D
476	N	476	4.663	8.99	186.45	-1.02	0.85872641509434	-1.4464206508774522	1.4475585340013533	0	1	No-PER3D	No-Essential3D
477	Y	477	7.181	9.083	183.601	-1.02	0.864583333333333	-1.487917023570334	1.3796266302210547	0	1	No-PER3D	No-Essential3D
478	R	478	6.78	5.405	183.088	-1.02	0.835220125786164	-1.2734488332084297	1.5749202127915714	0	1	No-PER3D	No-Essential3D
479	G	479	6.381	5.714	179.424	-1.02	0.835220125786164	-1.0894176256452688	1.5964595101062187	0	1	No-PER3D	No-Essential3D
480	G	480	6.122	3.798	176.274	-1.02	0.841571609632446	-1.0714074714371853	1.5765079923101806	0	1	No-PER3D	No-Essential3D
481	Y	481	9.011	4.297	173.978	-1.02	0.844106463878327	-1.0528358203622104	1.460764387351792	0	1	No-PER3D	No-Essential3D
482	E	482	9.439	4.739	170.314	-0.75	0.849872773536896	-1.058982524938901	1.394011770146304	0	1	No-PER3D	No-Essential3D
483	D	483	9.501	1.973	167.867	-0.49	0.78385492834162	-1.0199973767727273	1.4563295885184073	0	1	No-PER3D	No-Essential3D
484	P	484	11.987	1.911	165.231	-1.02	0.785547785547786	-1.0728171313496608	1.4122215229276276	0	1	No-PER3D	No-Essential3D
485	Y	485	11.275	1.992	161.562	-1.02	0.790874524714829	-1.1446864692031555	1.361267566031827	0	1	No-PER3D	No-Essential3D
486	Y	486	12.063	-1.71	161.713	-0.23	0.863346104725415	-0.9844364010125701	1.4217702186843155	0	1	No-PER3D	No-Essential3D
487	G	487	9.825	-2.825	164.533	-1.02	0.86845466155811	-0.9903520264698363	1.5137296113962402	0	1	No-PER3D	No-Essential3D
488	Y	488	7.302	-1.91	167.227	-0.23	0.873563218390805	-0.9850980170176594	1.5775433502555463	0	1	No-PER3D	No-Essential3D
489	E	489	8.262	-0.703	170.647	0.03	0.84029484029484	-0.9777073770549302	1.5615766279682077	0	1	No-PER3D	No-Essential3D
490	D	490	7.455	-2.597	173.785	0.29	0.963144963144963	-0.9690557748236781	1.678624546833667	0	1	No-PER3D	No-Essential3D
491	F	491	5.335	-0.849	176.478	0.29	0.932432432432432	-0.9722018119986787	1.7105441945469577	0	1	No-PER3D	No-Essential3D
492	Q	492	6.923	-0.046	179.733	-0.49	0.932432432432432	-0.9642436410382482	1.7367557970480765	0	1	No-PER3D	No-Essential3D
493	V	493	7.167	-3.235	181.667	0.55	0.974376974376974	-0.841721936856024	1.8357740341529525	0	1	No-PER3D	No-Essential3D
494	G	494	7.612	-4.043	185.294	-0.49	0.981959674566678	-0.7466493848642465	1.9340157892168308	0	1	No-PER3D	No-Essential3D
495	A	495	7.325	-7.573	186.437	0.29	1.0863813229572	-0.44093831212624135	2.215872500338167	0	1	No-PER3D	No-Essential3D
496	R	496	4.351	-9.342	185.03	0.03	1.09490196078431	-0.5331993168539887	2.204061028543541	0	1	No-PER3D	No-Essential3D
497	G	497	2.697	-5.945	184.894	0.82	1.12863816025871	-0.8141371181476852	2.012560684446872	0	1	No-PER3D	No-Essential3D
498	R	498	3.199	-4.114	181.648	-1.02	1.13510600071865	-0.9120569836530783	1.893360879662387	0	1	No-PER3D	No-Essential3D
499	G	499	1.272	-2.111	179.267	-0.49	1.13510600071865	-0.9964284026188762	1.8018177490759129	0	1	No-PER3D	No-Essential3D
500	G	500	0.749	-2.957	175.632	0.82	1.13187208048868	-0.9455411636310453	1.8168406907015708	0	1	No-PER3D	No-Essential3D
501	R	501	3.59	-3.166	173.193	0.29	1.13063707945598	-1.0252911893268148	1.712808255525423	0	1	No-PER3D	No-Essential3D
502	G	502	3.412	-1.755	169.736	-0.23	1.13707945597709	-1.0614700236950583	1.635867234335415	0	1	No-PER3D	No-Essential3D
503	A	503	1.985	-3.882	166.965	0.55	1.07023411371237	-0.9988643363574722	1.6493220185619477	0	1	No-PER3D	No-Essential3D
504	R	504	3.788	-4.791	163.839	-0.23	1.10441767068273	-1.0739901769382785	1.5866383260579693	0	1	No-PER3D	No-Essential3D
505	G	505	2.751	-3.171	160.59	-1.02	1.09685714285714	-1.0651237923598402	1.5108863076654298	0	1	No-PER3D	No-Essential3D
506	A	506	-0.85	-3.83	159.632	-0.75	1.02666666666667	-0.9779925947109055	1.6241651166397808	0	1	No-PER3D	No-Essential3D
507	A	507	-1.223	-5.356	163.016	-1.02	1.03373493975904	-1.1438481950888195	1.6987866276924823	0	1	No-PER3D	No-Essential3D
508	P	508	-2.831	-4.925	166.225	-0.49	1.03373493975904	-1.0023311680208005	1.8267624215509528	0	1	No-PER3D	No-Essential3D
509	S	509	-1.842	-3.204	169.286	-0.75	1.03962516733601	-1.0033294298167141	1.7942900161149768	0	1	No-PER3D	No-Essential3D
510	R	510	-1.251	-5.622	172.154	-1.02	1.09287925696594	-0.9797398740448082	1.8801450843506182	0	1	No-PER3D	No-Essential3D
511	G	511	-3.48	-4.873	175.114	-0.23	1.10457516339869	-0.9379432821843691	1.9432570614255056	0	1	No-PER3D	No-Essential3D
512	R	512	-1.842	-4.263	178.421	-1.02	1.05186721991701	-0.9256498730309879	1.9181526811943448	0	1	No-PER3D	No-Essential3D
513	G	513	-1.735	-6.611	181.403	-1.02	1.05625	-0.8533492006858231	1.9911791187101813	0	1	No-PER3D	No-Essential3D
514	A	514	-4.548	-4.591	182.954	-1.02	1.02375	-1.0492617966484454	1.9498686128097653	0	1	No-PER3D	No-Essential3D
515	A	515	-6.357	-5.421	179.734	-1.02	0.97372060857538	-1.061022623450391	2.0173880614082655	0	1	No-PER3D	No-Essential3D
516	P	516	-6.837	-1.987	178.313	-1.02	0.97907949790795	-1.1505858429421325	1.9336679538118284	0	1	No-PER3D	No-Essential3D
517	P	517	-7.041	-2.606	174.626	-0.75	0.937238493723849	-1.009784856096956	1.9823727473779484	0	1	No-PER3D	No-Essential3D
518	R	518	-4.45	-1.577	172.199	-1.02	0.935984848484848	-1.0854805034921975	1.8602124592988247	0	1	No-PER3D	No-Essential3D
519	G	519	-5.132	0.74	169.243	-0.75	0.896488993996726	-1.1058372146245548	1.7898044531728416	0	1	No-PER3D	No-Essential3D
520	R	520	-6.538	-0.216	165.841	-1.02	0.943865546218487	-1.1229416701322157	1.8206222629739792	0	1	No-PER3D	No-Essential3D
521	A	521	-4.426	-1.305	162.925	-1.02	0.964285714285714	-1.1425314913580085	1.669678662491546	0	1	No-PER3D	No-Essential3D
522	G	522	-3.582	1.05	160.149	-1.02	0.931216931216931	-1.1234535992583252	1.6305951383932382	0	1	No-PER3D	No-Essential3D
523	Y	523	-4.755	0.195	156.678	-1.02	0.942857142857143	-0.8106649032053765	1.606356276494074	0	1	No-PER3D	No-Essential3D
524	S	524	-2.891	-0.157	153.444	-1.02	0.896265560165975	-0.7123176299783266	1.4737299273553652	0	1	No-PER3D	No-Essential3D
525	Q	525	-5.466	1.728	151.435	0.82	0.893712097031599	-0.46090354804451467	1.3908389199266675	0	1	No-PER3D	No-Essential3D
526	R	526	-8.646	3.617	152.125	-0.23	0.930942501481921	-0.2849136906908462	1.4591540486842716	0	1	No-PER3D	No-Essential3D
527	G	527	-11.458	2.777	149.786	1.6	0.930942501481921	-0.025365623753293192	1.453857162668368	0	1	No-PER3D	No-Essential3D
528	G	528	-13.779	5.724	148.825	0.29	0.930942501481921	0.24809760761214725	1.4371775517592897	0	1	No-PER3D	No-Essential3D
529	P	529	-13.879	8.298	146.139	-0.23	0.898841035913579	0.24809760761214725	1.4371775517592897	0	1	No-PER3D	No-Essential3D
530	G	530	-12.512	10.815	148.584	0.55	0.898841035913579	0.24809760761214725	1.4371775517592897	0	1	No-PER3D	No-Essential3D
531	S	531	-14.359	11.819	151.623	0.29	0.919778699861687	0.18094181406886434	1.4388196340247101	0	1	No-PER3D	No-Essential3D
532	A	532	-15.807	9.368	154.06	-0.49	0.901416511661182	0.18094181406886434	1.4388196340247101	0	1	No-PER3D	No-Essential3D
533	R	533	-18.011	7.338	151.825	0.29	0.871369294605809	0.18094181406886434	1.4388196340247101	0	1	No-PER3D	No-Essential3D
534	G	534	-18.406	3.836	150.466	0.29	0.857055402509948	0.18094181406886434	1.4388196340247101	0	1	No-PER3D	No-Essential3D
535	V	535	-18.088	3.378	146.724	0.29	0.834392879847425	0.18094181406886434	1.4388196340247101	0	1	No-PER3D	No-Essential3D
