Uniprot_position	aminoacid	Position_in_structure	x	y	z	paraz	mtr	paraz3dscore	mtr3dscore	PER3D_OR	PER3D_pvalue	PER3D	Essential3D
1	M	1	5.684	-21.1	91.486	0.47	1.00961538461538	0.26637463246192955	2.0504659854039358	0	1	No-PER3D	No-Essential3D
2	T	2	2.752	-19.478	93.177	1.02	0.992805755395683	0.007299513485737047	2.0608658416455086	0	0.9999999999999999	No-PER3D	No-Essential3D
3	L	3	2.605	-19.799	96.9	-0.63	0.998275862068965	-0.11046190423071409	1.8784777617276387	0	0.9999999999999999	No-PER3D	No-Essential3D
4	L	4	0.611	-22.839	97.765	-0.08	0.792156862745098	0.26637463246192955	1.9937310850969645	0	0.9999999999999999	No-PER3D	No-Essential3D
5	I	5	-0.713	-22.129	101.204	-0.08	0.890295358649789	-0.11046190423071409	1.8784777617276387	0	0.9999999999999999	No-PER3D	No-Essential3D
6	T	6	-4.171	-21.983	102.661	0.47	0.884848484848485	-0.2085964189944234	1.877989475140525	0	0.9999999999999999	No-PER3D	No-Essential3D
7	G	7	-5.919	-18.652	102.366	0.47	0.884990253411306	0.2925438363989187	1.5264738602899273	0	1	No-PER3D	No-Essential3D
8	D	8	-3.755	-17.803	99.418	-0.08	0.888888888888889	0.3702462419349019	1.6387640984274963	0	1	No-PER3D	No-Essential3D
9	S	9	-4.016	-14.08	99.231	-0.08	0.945945945945946	-0.12154533178049776	1.5050804045996726	0	1	No-PER3D	No-Essential3D
10	I	10	-1.066	-11.816	98.936	-0.08	0.98828125	-0.5697314333248735	1.5605542554751424	0	0.5867936954434845	No-PER3D	No-Essential3D
11	V	11	-1.486	-8.123	99.406	3.76	0.882154882154882	-0.6914182316318731	1.4584391642205226	0	0.5824441553955212	No-PER3D	No-Essential3D
12	S	12	1.02	-5.666	98.059	0.47	0.88562091503268	-0.3650508739605656	1.3372877512910148	0	0.5867936954434845	No-PER3D	No-Essential3D
13	A	13	1.181	-2.108	99.297	0.47	0.792452830188679	0.5980692923632671	1.404810362781358	0	0.5867936954434845	No-PER3D	No-Essential3D
14	E	14	3.258	0.908	98.314	-0.08	0.795412844036697	0.8539154692407828	1.2281770059230743	0	1	No-PER3D	No-Essential3D
15	A	15	4.891	3.306	100.729	0.47	0.794666666666667	1.1218368852986784	1.0558788791804072	0	1	No-PER3D	No-Essential3D
16	V	16	3.131	6.608	100.288	-0.63	0.791379310344828	1.2248501714410451	1.1542500470583577	0	0.9999999999999999	No-PER3D	No-Essential3D
17	W	17	5.688	8.507	102.294	2.12	0.661764705882353	1.927881180606768	0.9453058120460068	0	1	No-PER3D	No-Essential3D
18	D	18	9.115	7.943	103.758	-0.08	0.610970996216898	2.2993085804090865	0.6634752001809884	0	0.9999999999999999	No-PER3D	No-Essential3D
19	H	19	8.71	6.282	107.101	-1.18	0.658730158730159	1.3001628647887489	0.8374990425543606	0	0.9999999999999999	No-PER3D	No-Essential3D
20	V	20	11.932	7.03	108.924	-1.18	0.660852713178295	1.119215215503176	0.5449617810094776	0	1	No-PER3D	No-Essential3D
21	T	21	12.738	5.076	112.056	-1.18	0.707070707070707	0.48804318345760245	0.6770542359818269	1.3281889603164112	0.9999999999999999	No-PER3D	No-Essential3D
22	M	22	15.153	5.621	114.913	-1.18	0.703921568627451	-1.2880760813952257	0.2611938774883722	0	1	No-PER3D	No-Essential3D
23	A	23	15.362	1.883	115.43	-1.18	0.699389499389499	-1.1441454597417853	0.6076609183377998	1.3281889603164112	0.9999999999999999	No-PER3D	No-Essential3D
24	N	24	16.624	-0.813	113.094	-0.63	0.652727272727273	-0.3093478541518315	0.8672555227844746	1.7899649669906987	0.5105094546022817	No-PER3D	No-Essential3D
25	R	25	13.859	-3.213	114.003	-0.63	0.644404332129964	-0.6403882839547441	0.9666399711365685	1.7899649669906987	0.5105094546022817	No-PER3D	No-Essential3D
26	E	26	11.196	-1.242	112.231	0.47	0.640794223826715	0.20214113188931998	0.9786082556565804	1.0493656063502614	1	No-PER3D	No-Essential3D
27	L	27	11.211	-1.773	108.498	1.02	0.577174623937214	-0.1556037810220203	0.9985000461142526	0.6282060638218061	1	No-PER3D	No-Essential3D
28	A	28	12.387	1.478	106.981	2.12	0.576735092864125	0.8549284706835049	0.8912553625209216	0.8626360090237486	1	No-PER3D	No-Essential3D
29	F	29	11.763	2.347	103.371	1.02	0.577174623937214	1.1927644518313454	1.0381611979538903	0.8626360090237486	1	No-PER3D	No-Essential3D
30	K	30	11.387	5.178	100.911	0.47	0.575105897686543	1.2147465831384163	0.5417995257358542	0	1	No-PER3D	No-Essential3D
31	A	31	8.257	6.205	99.077	0.47	0.573051948051948	1.3010223165391004	0.6294862738041638	0	1	No-PER3D	No-Essential3D
32	G	32	7.833	3.714	96.294	2.66	0.568987749838814	1.3011049561304804	0.8081468745756127	0	0.9999999999999999	No-PER3D	No-Essential3D
33	D	33	9.424	0.656	97.856	-0.08	0.569395017793594	1.2398690189179258	1.043947928210015	0	0.5867936954434845	No-PER3D	No-Essential3D
34	V	34	7.125	-2.299	97.399	-0.08	0.622340425531915	1.1854370747289884	1.2124281996955835	0	0.5867936954434845	No-PER3D	No-Essential3D
35	I	35	6.694	-4.528	100.425	-1.18	0.683766233766234	0.8573960383003921	1.3467619777689273	0.8626360090237486	1	No-PER3D	No-Essential3D
36	K	36	5.095	-7.966	100.46	-0.63	0.724495848161329	-0.20957776414206045	1.482342911177849	0.8626360090237486	1	No-PER3D	No-Essential3D
37	V	37	2.593	-8.508	103.262	-1.18	0.719375736160188	0.033992101501466046	1.4922663799526164	0.8626360090237486	1	No-PER3D	No-Essential3D
38	L	38	2.885	-11.941	104.835	-1.18	0.726063829787234	-0.35927064320085705	1.4289022651004784	1.0493656063502614	1	No-PER3D	No-Essential3D
39	D	39	0.436	-11.678	107.737	-0.08	0.73125	-0.9093553620191188	1.2215271519524338	1.0493656063502614	1	No-PER3D	No-Essential3D
40	A	40	-2.545	-9.358	108.355	-0.63	0.626785714285714	-0.19182433828935302	1.1672408295032355	0	1	No-PER3D	No-Essential3D
41	S	41	-3.479	-10.351	111.974	-1.18	0.565764023210832	-2.727382297929629	0.5482715247041418	0	1	No-PER3D	No-Essential3D
42	N	42	-3.585	-6.971	113.753	-1.18	0.622340425531915	-0.559767005671943	0.9362020058552515	0	1	No-PER3D	No-Essential3D
43	K	43	-5.912	-4.332	112.384	-1.18	0.626785714285714	-0.8589011368286035	0.8164917396368048	0	1	No-PER3D	No-Essential3D
44	D	44	-3.275	-1.66	111.742	-1.18	0.696428571428571	0.11328478943054322	1.191459925586465	0	1	No-PER3D	No-Essential3D
45	W	45	-0.144	-3.713	111.99	0.47	0.694942254082039	-0.26149559552419416	1.1774808805957016	28.587602034685688	0.16049382716049387	No-PER3D	No-Essential3D
46	W	46	1.152	-6.21	109.487	-0.63	0.692460317460318	0.22847440607042813	1.2013798864967222	1.7899649669906987	0.5105094546022817	No-PER3D	No-Essential3D
47	W	47	4.502	-7.861	108.797	-0.63	0.691973111901938	-0.19629689314403845	1.161307067133663	1.0493656063502614	1	No-PER3D	No-Essential3D
48	G	48	6.241	-6.909	105.599	-0.08	0.886524822695036	0.7580565898609029	1.221252966617867	0.728821351666949	1	No-PER3D	No-Essential3D
49	Q	49	9.007	-8.62	103.724	0.47	1.02767962308598	0.4059437201258717	1.2100018334777682	0.8626360090237486	1	No-PER3D	No-Essential3D
50	I	50	11.472	-6.899	101.443	-0.08	0.986572438162544	0.02607307283183802	1.2298408215242278	1.3281889603164112	0.9999999999999999	No-PER3D	No-Essential3D
51	D	51	13.933	-8.632	99.196	-0.63	0.986572438162544	-0.05438503865145163	1.274663780732547	1.3281889603164112	0.9999999999999999	No-PER3D	No-Essential3D
52	D	52	16.874	-7.555	101.299	1.02	0.924911660777385	0.38151912978468183	1.1754610856418457	1.3281889603164112	0.9999999999999999	No-PER3D	No-Essential3D
53	E	53	15.047	-5.894	104.187	-0.08	0.919014084507042	0.1512301351391774	1.1194136662056313	0.8626360090237486	1	No-PER3D	No-Essential3D
54	E	54	12.545	-7.418	106.568	-0.08	0.919611307420495	-0.27430387670577655	1.1170270656476262	0.8626360090237486	1	No-PER3D	No-Essential3D
55	G	55	10.342	-6.196	109.39	-0.08	0.980918727915194	0.08609789422933779	1.1249969059924254	1.0493656063502614	1	No-PER3D	No-Essential3D
56	W	56	6.958	-4.699	110.12	-0.08	0.984397163120567	-0.20957776414206036	1.06059913468619	1.0493656063502614	1	No-PER3D	No-Essential3D
57	F	57	5.634	-1.569	108.448	1.02	0.983745583038869	0.016610881398200723	1.0060229651580357	0.728821351666949	1	No-PER3D	No-Essential3D
58	P	58	2.707	0.674	109.135	4.86	0.976842105263158	0.09794011984930864	1.0609261883086876	2.704526849032092	0.412611345522738	No-PER3D	No-Essential3D
59	A	59	-0.554	0.121	107.289	-1.18	0.979649122807018	0.24206259783659786	1.181335293419266	0	1	No-PER3D	No-Essential3D
60	S	60	-1.54	3.757	107.677	-0.08	0.980281690140845	0.8211617559260995	1.460327847789061	0	1	No-PER3D	No-Essential3D
61	F	61	1.562	4.818	105.741	1.02	0.973426573426574	1.1084414613677138	1.0335989215455883	0	0.9999999999999999	No-PER3D	No-Essential3D
62	V	62	1.053	2.593	102.751	2.12	0.974035087719298	0.7764362073792452	1.1487512973287206	0	1	No-PER3D	No-Essential3D
63	R	63	-1.406	2.4	99.872	0.47	1.04360902255639	0.9793400552785672	1.2545204082374646	0	1	No-PER3D	No-Essential3D
64	L	64	-2.856	-0.952	98.871	-1.18	1.0540131246845	0.33169296548865457	1.3835424966841292	0	0.5867936954434845	No-PER3D	No-Essential3D
65	W	65	-2.826	-1.923	95.218	-1.18	1.02473498233216	-0.6851376226869957	1.2809606330141694	0	0.5867936954434845	No-PER3D	No-Essential3D
66	V	66	-6.095	-3.876	95.404	-1.18	0.886524822695036	-0.6734736346465091	1.5153513665041194	0	1	No-PER3D	No-Essential3D
67	N	67	-7.831	-0.839	96.956	-1.18	0.746289752650177	-0.05662811327462211	1.4216302196278934	0	0.9999999999999999	No-PER3D	No-Essential3D
68	Q	68	-11.408	-0.117	95.982	-1.18	0.628571428571429	-2.343567306853788	1.3193265534703842	0	1	No-PER3D	No-Essential3D
69	E	69	-11.508	3.555	96.908	-0.63	0.624113475177305	-2.1516598113158674	1.2763928174001524	0	1	No-PER3D	No-Essential3D
70	D	70	-10.586	6.724	95.038	-0.63	0.624113475177305	-1.8376293640719978	1.2459234336667138	0	1	No-PER3D	No-Essential3D
71	E	71	-9.357	9.896	96.734	0.47	0.751601423487545	-1.1921223336262654	0.8387316545486091	0	1	No-PER3D	No-Essential3D
72	V	72	-9.22	13.395	95.328	-0.08	0.752142857142857	-0.4244923514745839	0.7743900119803494	0	1	No-PER3D	No-Essential3D
73	E	73	-6.432	15.613	96.626	0.47	0.76028880866426	0.3157222741716805	0.9847268597762029	0	0.9999999999999999	No-PER3D	No-Essential3D
74	E	74	-3.598	16.759	94.334	-0.63	0.765217391304348	0.8091986912691901	1.2051021589906654	0	0.9999999999999999	No-PER3D	No-Essential3D
75	G	75	-2.42	20.098	95.745	0.47	0.858880778588808	1.0559368998179448	1.3115847542310362	0	1	No-PER3D	No-Essential3D
76	P	76	-1.705	22.841	93.258	1.02	0.858181818181818	1.0559368998179448	1.4118736468174753	0	0.5867936954434845	No-PER3D	No-Essential3D
77	S	77	0.142	26.053	92.324	0.47	0.869352869352869	0.3157222741716806	1.5076856107474497	0	0.5824441553955212	No-PER3D	No-Essential3D
78	D	78	3.867	26.08	92.727	1.02	0.870098039215686	-0.42449235147458375	1.5037932641945149	0	0.5824441553955212	No-PER3D	No-Essential3D
79	V	79	4.587	28.613	90.049	-0.08	0.86374695863747	-1.072180148915065	1.4068470176180605	0	0.5824441553955212	No-PER3D	No-Essential3D
80	Q	80	5.947	32.1	90.114	-1.18	0.866910866910867	-1.9357638788357068	1.3146875700454306	0	0.5824441553955212	No-PER3D	No-Essential3D
81	N	81	8.379	33.812	87.861	-1.18	0.866910866910867	-2.583451676276188	1.2137444774815185	0	0.5867936954434845	No-PER3D	No-Essential3D
82	G	82	11.183	31.357	87.469	-1.18	0.743697478991597	-2.7273822979296285	1.1061267795399468	0	0.5867936954434845	No-PER3D	No-Essential3D
83	H	83	14.118	31.603	85.172	-1.18	0.735584415584416	-3.4470354061968296	1.0403974289408178	0	1	No-PER3D	No-Essential3D
84	L	84	14.182	29.293	82.209	-1.18	0.740973312401884	-3.8788272711571508	0.8720441483325967	0	0.9999999999999999	No-PER3D	No-Essential3D
85	D	85	16.125	26.195	83.166	-1.18	0.740973312401884	-3.8788272711571508	0.7030741890408295	0	1	No-PER3D	No-Essential3D
86	P	86	19.04	25.098	81.134	-1.18	0.64963503649635	-3.111197289005469	0.5028897584485265	0	0.9999999999999999	No-PER3D	No-Essential3D
87	N	87	18.392	22.594	78.405	-1.18	0.64963503649635	-2.3675557437960277	0.39687313563345317	0	1	No-PER3D	No-Essential3D
88	S	88	20.572	19.737	77.344	-1.18	0.652014652014652	-1.503972013875386	0.32605686813134016	0	0.9999999999999999	No-PER3D	No-Essential3D
89	D	89	21.236	18.679	73.805	-0.08	0.651459854014599	-1.000214838088345	0.024070918703188005	0	0.9999999999999999	No-PER3D	No-Essential3D
90	C	90	20.656	15.252	75.351	-0.08	0.651459854014599	-1.000214838088345	0.024070918703188005	0	0.9999999999999999	No-PER3D	No-Essential3D
91	L	91	23.281	12.558	75.512	0.47	0.653846153846154	-0.6163998470125042	-0.24815197379016962	0	1	No-PER3D	No-Essential3D
92	C	92	23.879	12.903	71.813	1.02	0.650909090909091	-0.25177560549045547	-0.6493813537205655	0	1	No-PER3D	No-Essential3D
93	L	93	25.498	9.492	71.591	-0.08	0.646209386281588	0.15123013513917735	-0.7504408007459623	0	1	No-PER3D	No-Essential3D
94	G	94	25.114	9.413	67.815	-0.08	0.32518115942029	0.15123013513917735	-0.7504408007459623	0	1	No-PER3D	No-Essential3D
95	R	95	27.963	9.755	65.354	-0.08	0.260144927536232	0.007299513485737047	-1.1343017933326454	0	0.9999999999999999	No-PER3D	No-Essential3D
96	P	96	28.48	12.727	63.172	-0.63	0.260144927536232	0.007299513485737047	-1.3081645501026644	0	1	No-PER3D	No-Essential3D
97	L	97	26.083	13.241	60.305	0.47	0.322841726618705	-0.1366311081677032	-1.5433690040004244	0	0.9999999999999999	No-PER3D	No-Essential3D
98	Q	98	26.305	15.783	57.542	-0.63	0.323369565217391	-0.9179687685720933	-1.9804568788695744	5.797853225455887	0.11891701828410695	No-PER3D	No-Essential3D
99	N	99	23.962	18.752	57.701	0.47	0.432727272727273	-1.2880760813952257	-1.523886887761372	11.568942591941193	0.06551804969526487	No-PER3D	No-Essential3D
100	R	100	20.752	18.744	55.7	-0.08	0.322463768115942	-1.7880456092440182	-1.1268674916441814	11.568942591941193	0.06551804969526487	No-PER3D	No-Essential3D
101	D	101	21.759	21.288	53.055	-0.08	0.322202166064982	-0.9282495272616248	-1.1329312092173496	9.441276413817734	0.027375929274663438	PER3D	No-Essential3D
102	Q	102	24.992	19.417	52.486	-1.18	0.259636363636364	-0.6835674704507764	-1.6981942925288265	9.441276413817734	0.027375929274663438	PER3D	No-Essential3D
103	M	103	23.023	16.223	52.184	1.02	0.257761732851986	-1.072180148915065	-1.4556356895742295	9.441276413817734	0.027375929274663438	PER3D	No-Essential3D
104	R	104	20.932	17.848	49.519	0.47	0.257761732851986	-0.22129617972855042	-1.2568875969108086	9.189112094483125	0.011182257096092319	PER3D	No-Essential3D
105	A	105	24.084	18.927	47.759	-1.18	0.255913978494624	-0.8702129862723345	-1.6293936768324382	9.189112094483125	0.011182257096092319	PER3D	No-Essential3D
106	N	106	25.339	15.371	48.014	-1.18	0	-0.0923447630435677	-1.9833476836799033	9.441276413817734	0.027375929274663438	PER3D	No-Essential3D
107	V	107	22.164	14.01	46.474	0.47	0	-0.25734711342542727	-1.886495672308496	6.269439634625853	0.04945820951816958	PER3D	No-Essential3D
108	I	108	22.18	16.464	43.619	2.12	0	-0.38020600635044827	-1.506901454120955	9.531755165225686	0.004362448838734052	PER3D	No-Essential3D
109	N	109	25.735	15.541	42.815	-0.08	0	0.17108263467758303	-2.0195447731009266	9.441276413817734	0.027375929274663438	PER3D	Essential3D
110	E	110	24.771	11.885	42.906	1.02	0	1.0263283147920943	-2.640520189044837	28.587602034685688	0.024074074074074074	PER3D	Essential3D
111	I	111	21.929	12.427	40.523	1.57	0	0.36907107602006	-1.9088374374197734	27.587602034685688	0.0019478489942624949	PER3D	Essential3D
112	M	112	24.061	14.273	38.01	0.47	0	0.16922146284585746	-1.7501137766290034	5.40426584714277	0.2969135802469135	No-PER3D	No-Essential3D
113	S	113	26.863	11.755	38.321	1.02	0	1.1299583623825715	-2.7378647793372455	0	1	No-PER3D	No-Essential3D
114	T	114	24.618	8.734	37.982	1.02	0	1.678146295288718	-2.492046949042481	0	1	No-PER3D	No-Essential3D
115	E	115	23.023	10.227	34.919	1.02	0	1.1970466852028527	-1.448685613665764	0	1	No-PER3D	No-Essential3D
116	R	116	26.405	10.803	33.303	2.12	0	0.7269526217529385	-1.6861792139353664	0	1	No-PER3D	No-Essential3D
117	H	117	27.578	7.301	34.088	-0.63	0	1.2204290388504482	-2.3051436326557972	0	1	No-PER3D	No-Essential3D
118	Y	118	24.298	5.909	32.803	0.47	0	1.4577871171568537	-1.6156480923503558	0	1	No-PER3D	No-Essential3D
119	I	119	24.634	7.696	29.507	0.47	0	0.5166473828411349	-1.0060099333103407	0	1	No-PER3D	No-Essential3D
120	K	120	28.188	6.46	29.215	0.47	0.309649122807018	0.570742604405988	-1.6736773151232518	0	1	No-PER3D	No-Essential3D
121	H	121	26.888	2.919	29.526	0.47	0.306423611111111	-0.04154966719664266	-1.4522859003210207	0	0.9999999999999999	No-PER3D	No-Essential3D
122	L	122	24.296	3.621	26.87	1.02	0.245138888888889	0.15035782834127775	-0.9403736265633483	0	1	No-PER3D	No-Essential3D
123	K	123	26.971	5.045	24.614	0.47	0.245138888888889	0.7259058535954589	-0.9013590905400204	0	1	No-PER3D	No-Essential3D
124	D	124	29.179	2.048	25.256	0.47	0.41025641025641	0.29879067862903874	-1.282306767991054	0	1	No-PER3D	No-Essential3D
125	I	125	26.388	-0.293	24.31	3.76	0.41025641025641	-0.172502065759381	-0.8267024659652534	0	1	No-PER3D	No-Essential3D
126	C	126	25.532	1.578	21.15	-1.18	0.489198606271777	-0.006736695898648	-0.3909447541481453	0	1	No-PER3D	No-Essential3D
127	E	127	29.067	2.305	20.019	-1.18	0.410526315789474	0.570742604405988	-0.8494446214697278	0	1	No-PER3D	No-Essential3D
128	G	128	30.802	-0.763	21.395	-0.08	0.525974025974026	0.5273447627576973	-0.9569069098886442	0	0.9999999999999999	No-PER3D	No-Essential3D
129	Y	129	28.264	-3.522	20.719	-0.08	0.524141363862618	-0.11529314188061975	-0.613454970556779	0	1	No-PER3D	No-Essential3D
130	L	130	25.5	-2.316	18.431	1.02	0.527819548872181	-0.4253646582724834	-0.01046747996256262	0	1	No-PER3D	No-Essential3D
131	K	131	27.637	-0.604	15.866	1.02	0.615384615384615	-0.34741215078745213	-0.13428969497726562	0	1	No-PER3D	No-Essential3D
132	Q	132	29.979	-3.533	15.673	2.12	0.615384615384615	0.03930646291636233	-0.2502512841562665	0	1	No-PER3D	No-Essential3D
133	C	133	27.154	-6.019	15.29	-1.18	0.741549295774648	-0.5446902123162028	0.25270969461241977	0	0.5824441553955212	No-PER3D	No-Essential3D
134	R	134	25.616	-4.044	12.45	-1.18	0.617957746478873	-1.8512828617782529	0.42561119776626405	0	0.5824441553955212	No-PER3D	No-Essential3D
135	K	135	28.981	-4.181	10.716	-1.18	0.615789473684211	-1.5420712960777674	0.2659940866926963	0	1	No-PER3D	No-Essential3D
136	R	136	29.019	-7.971	10.813	-0.63	0.616197183098592	-0.6062994525105084	0.3940193911497968	0	0.5867936954434845	No-PER3D	No-Essential3D
137	R	137	26.097	-8.941	8.632	-1.18	0.702213279678068	-1.7198679463555464	0.5526283749634937	0	0.5824441553955212	No-PER3D	No-Essential3D
138	D	138	27.31	-12.509	8.425	-1.18	0.702213279678068	-2.1516598113158674	0.5036672043247608	0	0.5907952722876106	No-PER3D	No-Essential3D
139	M	139	27.109	-12.979	12.201	-1.18	0.767543859649123	-1.3291991161533512	0.4537106621130386	0	0.34274453000635546	No-PER3D	No-Essential3D
140	F	140	23.922	-11.072	13.073	-1.18	0.76219512195122	-0.8562842164349047	0.4958413646335025	0	0.34274453000635546	No-PER3D	No-Essential3D
141	S	141	20.687	-10.788	11.122	-0.63	0.767045454545455	-3.015243541236509	0.8364685424475189	0	0.5824441553955212	No-PER3D	No-Essential3D
142	D	142	18.471	-7.734	11.31	-0.08	0.767045454545455	-2.697081114423641	0.8166404958568488	0	0.5824441553955212	No-PER3D	No-Essential3D
143	E	143	16.003	-9.663	13.391	-1.18	0.767045454545455	-1.959752315777947	0.8539528676217382	0	0.5867936954434845	No-PER3D	No-Essential3D
144	Q	144	18.674	-10.772	15.809	-0.63	0.769736842105263	-1.155217046022819	0.5947336317525969	0	0.5824441553955212	No-PER3D	No-Essential3D
145	L	145	19.767	-7.185	16.319	-0.63	0.821052631578947	-1.1729315840724734	0.5733108349635883	0	0.5907952722876106	No-PER3D	No-Essential3D
146	K	146	16.234	-6.026	16.948	-1.18	0.826855123674912	-0.5639218700508619	0.3015437995458692	0	0.5867936954434845	No-PER3D	No-Essential3D
147	V	147	15.707	-8.855	19.398	-1.18	0.826855123674912	-0.16977876648788942	6.156606735983075e-4	0	0.5867936954434845	No-PER3D	No-Essential3D
148	I	148	18.921	-8.305	21.322	-0.08	0.826855123674912	-0.6534040195970889	-0.04790617509026639	0	0.5907952722876106	No-PER3D	No-Essential3D
149	F	149	19.152	-4.49	21.28	-0.63	0.821596244131455	-0.046889886861833076	-0.17068146440489218	0	0.5824441553955212	No-PER3D	No-Essential3D
150	G	150	15.517	-3.497	21.061	-1.18	0.821596244131455	0.13244988290204401	-0.2672704120529203	0	1	No-PER3D	No-Essential3D
151	N	151	15.209	0.269	21.265	-1.18	0.76219512195122	0.24206259783659775	-0.4329722096423819	0	0.9999999999999999	No-PER3D	No-Essential3D
152	I	152	18.376	0.872	23.241	-0.63	0.76171875	-0.004763851255948117	-0.5721365183321248	0	0.9999999999999999	No-PER3D	No-Essential3D
153	E	153	19.482	3.428	20.703	0.47	0.869995056846268	0.13063243913716013	-0.20243135014669916	0	1	No-PER3D	No-Essential3D
154	D	154	16.294	5.391	21.215	0.47	0.869458128078818	0.10452817119008906	-0.36609245482801206	0	1	No-PER3D	No-Essential3D
155	I	155	16.889	5.334	24.947	0.47	0.808705612829324	0.22648427835257318	-0.6072903331103549	0	1	No-PER3D	No-Essential3D
156	Y	156	20.404	6.657	24.397	1.02	0.692759295499022	-0.0698226698815074	-0.6018340832689789	0	1	No-PER3D	No-Essential3D
157	R	157	18.957	9.457	22.305	-0.08	0.759845890410959	-0.5815075750965186	0.008934295591139351	0	1	No-PER3D	No-Essential3D
158	F	158	16.406	10.336	24.988	1.02	0.865431496830814	-0.42449235147458386	-0.42582765820035334	0	1	No-PER3D	No-Essential3D
159	Q	159	19.066	10.328	27.655	-0.08	0.808219178082192	0.26547740261266145	-0.7867892948392969	0	1	No-PER3D	No-Essential3D
160	M	160	21.264	12.738	25.751	-0.08	0.813793103448276	0.1733733077012451	-0.43119042926948836	0	0.9999999999999999	No-PER3D	No-Essential3D
161	G	161	18.508	15.316	25.897	-1.18	0.819976771196283	-0.2805617298211435	-0.048254706220917175	0	1	No-PER3D	No-Essential3D
162	F	162	17.679	14.487	29.5	-0.63	0.884711779448622	0.06127349660577719	-0.637747378702902	0	0.9999999999999999	No-PER3D	No-Essential3D
163	V	163	21.26	14.924	30.623	-1.18	0.774647887323944	0.09365788647780127	-0.7819375173594327	0	0.9999999999999999	No-PER3D	No-Essential3D
164	R	164	21.707	18.228	28.83	-0.63	0.774122807017544	-0.5889844905070871	-0.13644991419173963	0	0.9999999999999999	No-PER3D	No-Essential3D
165	D	165	18.676	19.637	30.574	-0.63	0.893488137304392	-0.7843189056081846	-0.15445826299512588	5.797853225455887	0.11891701828410695	No-PER3D	No-Essential3D
166	L	166	19.751	18.451	34.009	-0.63	0.774122807017544	-0.09020187537627083	-0.9690691305627922	5.797853225455887	0.11891701828410695	No-PER3D	No-Essential3D
167	E	167	23.168	19.998	33.545	-0.63	0.773601398601399	-0.49357904986823514	-0.8659369002510412	1.7899649669906987	0.5105094546022817	No-PER3D	No-Essential3D
168	K	168	21.61	23.309	32.643	-0.63	0.768728222996516	-1.9698527102799428	-0.05970567744341056	2.704526849032092	0.412611345522738	No-PER3D	No-Essential3D
169	Q	169	19.803	23.342	35.982	-1.18	0.766059027777778	-1.0641840032676517	-0.5619617747635037	6.269439634625853	0.04945820951816958	PER3D	No-Essential3D
170	Y	170	22.942	22.607	38.006	-1.18	0.617543859649123	-0.7443381773711177	-1.0988660560634353	6.269439634625853	0.04945820951816958	PER3D	No-Essential3D
171	N	171	23.949	25.589	40.106	-1.18	0.545102593883082	-1.151720755618282	-1.0244555381965188	5.797853225455887	0.11891701828410695	No-PER3D	No-Essential3D
172	N	172	27.729	25.854	40.233	-1.18	0.48951048951049	-1.3960240476353059	-0.9611315196321725	5.797853225455887	0.11891701828410695	No-PER3D	No-Essential3D
173	D	173	27.676	28.585	42.835	-1.18	0.48951048951049	-2.308675034937802	-0.7675490380711014	2.704526849032092	0.412611345522738	No-PER3D	No-Essential3D
174	D	174	25.587	26.602	45.275	-0.08	0.489824561403509	-1.384029829164186	-1.5267162469725277	13.828683807958539	0.0052936490311573554	PER3D	No-Essential3D
175	P	175	24.678	23.126	44.214	-0.63	0.493286219081272	-0.5573513868469903	-1.7046093551647976	13.828683807958539	0.0052936490311573554	PER3D	No-Essential3D
176	H	176	22.044	22.579	46.87	-0.08	0.409893992932862	-0.7908612065924318	-1.124533805062516	9.189112094483125	0.011182257096092319	PER3D	No-Essential3D
177	L	177	20.079	25.356	45.192	0.47	0.409893992932862	-0.8702129862723345	-0.7773220207883952	19.223595962260127	8.7719298245614e-4	PER3D	No-Essential3D
178	S	178	19.739	23.446	41.924	-0.08	0.408450704225352	-0.8686211268623425	-0.8492077899206508	9.531755165225686	0.004362448838734052	PER3D	No-Essential3D
179	E	179	16.154	22.811	40.857	0.47	0.408450704225352	-0.515395901992546	-0.4744504344148229	9.531755165225686	0.004362448838734052	PER3D	No-Essential3D
180	I	180	15.913	19.451	39.038	0.47	0.408187134502924	-0.42449235147458375	-0.5303640042770565	12.788303040023923	0.002130511590871354	PER3D	No-Essential3D
181	G	181	12.237	18.713	39.478	-0.08	0.40962441314554	0.050478699981769216	-0.47900278307346417	4.6658020637461854	0.07816517383472746	No-PER3D	No-Essential3D
182	P	182	11.106	20.422	36.324	-0.63	0.411071849234393	-0.42449235147458386	-0.017212909130852817	5.797853225455887	0.11891701828410695	No-PER3D	No-Essential3D
183	C	183	13.541	18.417	34.242	-0.08	0.411071849234393	-0.5231876348940857	-0.3238062269569521	5.797853225455887	0.11891701828410695	No-PER3D	No-Essential3D
184	F	184	11.753	15.202	35.109	-0.08	0.411071849234393	0.13567006793340006	-0.508946800169749	5.797853225455887	0.11891701828410695	No-PER3D	No-Essential3D
185	L	185	8.348	16.784	34.631	1.57	0.40962441314554	-0.07905885950632713	-0.590707038864503	5.797853225455887	0.11891701828410695	No-PER3D	No-Essential3D
186	E	186	9.092	18.121	31.175	-0.63	0.408187134502924	-0.34224628195833223	-0.5491198823881839	5.40426584714277	0.2969135802469135	No-PER3D	No-Essential3D
187	H	187	10.545	14.77	30.017	0.47	0.454703832752613	-0.42449235147458386	-0.43619637604381556	2.704526849032092	0.412611345522738	No-PER3D	No-Essential3D
188	Q	188	7.847	12.535	31.502	0.47	0.348651348651349	0.7060172586033473	-0.9726975617495435	5.40426584714277	0.2969135802469135	No-PER3D	No-Essential3D
189	D	189	6.272	11.279	28.273	0.47	0.350877192982456	0.06898406562292579	-1.1425085107049961	0	1	No-PER3D	No-Essential3D
190	G	190	9.698	10.351	26.945	-1.18	0.350877192982456	0.17216549828876873	-0.5703643838167555	0	1	No-PER3D	No-Essential3D
191	F	191	10.176	7.846	29.765	0.47	0.354124748490946	1.3910994711432632	-0.7856536648346573	0	0.9999999999999999	No-PER3D	No-Essential3D
192	W	192	7.503	5.644	28.167	-0.63	0.352882205513784	1.6694178092550764	-1.0138701665071261	0	1	No-PER3D	No-Essential3D
193	I	193	10.211	4.312	25.809	-1.18	0.205985915492958	1.1324908659893769	-0.7437445845729173	0	0.9999999999999999	No-PER3D	No-Essential3D
194	Y	194	11.252	2.131	28.74	-1.18	0.247183098591549	0.9980655745401461	-0.8563082497267323	0	0.9999999999999999	No-PER3D	No-Essential3D
195	S	195	8.012	0.149	28.524	-1.18	0.247183098591549	1.083835140443628	-1.1282133304538404	0	0.9999999999999999	No-PER3D	No-Essential3D
196	E	196	8.973	-1.425	25.224	1.02	0.247183098591549	0.14913659882421829	-0.7649318263760664	0	0.9999999999999999	No-PER3D	No-Essential3D
197	Y	197	12.453	-2.092	26.521	2.66	0.309397163120567	0.4364744580523591	-0.6801568616961093	0	0.9999999999999999	No-PER3D	No-Essential3D
198	C	198	11.158	-3.962	29.571	2.12	0.307420494699647	1.0274852690714138	-0.9595056363263181	0	0.9999999999999999	No-PER3D	No-Essential3D
199	N	199	8.532	-5.931	27.72	1.02	0	0.9165339658297932	-1.052993109096367	11.568942591941193	0.06551804969526487	No-PER3D	No-Essential3D
200	N	200	11.088	-7.247	25.209	0.47	0	-0.1788756802374142	-0.6749734509528327	0	0.9999999999999999	No-PER3D	No-Essential3D
201	H	201	13.973	-7.849	27.618	-0.63	0.408187134502924	-0.20957776414206036	-0.8036780000896918	0	1	No-PER3D	No-Essential3D
202	L	202	13.54	-11.561	28.286	-0.08	0.60801393728223	0.653678850729369	-0.7038067652951399	0	0.9999999999999999	No-PER3D	No-Essential3D
203	D	203	13.573	-12.355	24.59	0.47	0.60801393728223	0.4032919074602569	-0.3370645823119237	0	1	No-PER3D	No-Essential3D
204	A	204	16.853	-10.476	24.447	1.57	0.60801393728223	-0.5369355116167436	-0.39159011492536056	0	0.5867936954434845	No-PER3D	No-Essential3D
205	C	205	18.206	-12.631	27.232	1.02	0.612280701754386	-0.42449235147458375	-0.6699558513371229	0	1	No-PER3D	No-Essential3D
206	M	206	17.002	-15.768	25.535	-0.08	0.61013986013986	0.43909137844605794	-0.20416193908422092	0	1	No-PER3D	No-Essential3D
207	E	207	18.729	-14.918	22.268	1.02	0.612280701754386	-0.5524306818331973	0.051351082243732325	0	1	No-PER3D	No-Essential3D
208	L	208	21.99	-13.923	23.909	1.57	0.612676056338028	-0.42449235147458375	-0.09111540284833132	0	1	No-PER3D	No-Essential3D
209	S	209	22.15	-17.139	25.883	-0.63	0.612676056338028	-0.013262003893325802	-0.36107626203071724	0	0.9999999999999999	No-PER3D	No-Essential3D
210	K	210	21.706	-19.036	22.651	1.02	0.610526315789474	0.3027360526691146	0.009862166255347693	0	0.5867936954434845	No-PER3D	No-Essential3D
211	L	211	24.514	-17.128	20.983	-0.63	0.60801393728223	-0.009972161112675718	0.0561168482371317	0	0.5824441553955212	No-PER3D	No-Essential3D
212	M	212	26.781	-17.514	23.98	0.47	0.60801393728223	0.233476204655429	-0.33990406708308646	0	1	No-PER3D	No-Essential3D
213	K	213	26.922	-21.268	23.463	0.47	0.611498257839721	-0.05438503865145161	0.009885050349557386	0	1	No-PER3D	No-Essential3D
214	D	214	28.977	-20.641	20.325	-0.08	0.613636363636364	0.4390913784460581	0.07975372659660476	0	1	No-PER3D	No-Essential3D
215	S	215	32.579	-19.572	20.856	-1.18	0.614982578397212	0.3157222741716806	-0.02927018699188617	0	0.9999999999999999	No-PER3D	No-Essential3D
216	R	216	32.544	-17.37	17.806	-1.18	0.610726643598616	-0.22129617972855042	0.08272448597683509	0	1	No-PER3D	No-Essential3D
217	Y	217	30.039	-15.058	19.48	0.47	0.614583333333333	-0.2863189546872811	-0.04740641926430136	0	1	No-PER3D	No-Essential3D
218	Q	218	31.59	-15.23	22.906	-0.08	0.613793103448276	-0.11046190423071404	-0.37478973225110646	0	1	No-PER3D	No-Essential3D
219	H	219	34.906	-14.07	21.524	-0.63	0.617647058823529	-0.018100007982517076	-0.3207131845995135	0	0.9999999999999999	No-PER3D	No-Essential3D
220	F	220	33.245	-11.394	19.427	1.57	0.620209059233449	-0.35806283378838055	-0.31033089307343725	0	1	No-PER3D	No-Essential3D
221	F	221	31.373	-10.012	22.398	2.12	0.624561403508772	-0.05907510377262628	-0.6004208851127208	0	0.5867936954434845	No-PER3D	No-Essential3D
222	E	222	34.478	-10.109	24.544	0.47	0.503180212014134	-0.22520379841597413	-0.9242875219680524	0	1	No-PER3D	No-Essential3D
223	A	223	36.372	-8.2	21.919	0.47	0.501408450704226	-0.0319542924197466	-0.7661838264438463	0	1	No-PER3D	No-Essential3D
224	C	224	33.751	-5.478	21.801	0.47	0.501766784452297	0.49965439327166145	-0.8385752686904381	0	1	No-PER3D	No-Essential3D
225	R	225	33.877	-5.149	25.553	-0.08	0.498591549295775	0.03503886965894558	-1.184161929524603	0	0.9999999999999999	No-PER3D	No-Essential3D
226	L	226	37.655	-4.868	25.621	-0.63	0.5	-0.16541723249839127	-1.1566315078004226	0	1	No-PER3D	No-Essential3D
227	L	227	37.785	-2.191	22.939	0.47	0.358662613981763	1.3010223165391004	-0.9801608825021266	0	1	No-PER3D	No-Essential3D
228	Q	228	35.004	-0.223	24.575	-0.08	0.358662613981763	0.9693197105232071	-1.1769304490052326	0	1	No-PER3D	No-Essential3D
229	Q	229	36.992	-0.458	27.804	-0.08	0.356636271529889	0.35116285321777435	-1.3718246484966465	0	1	No-PER3D	No-Essential3D
230	M	230	33.995	-1.523	29.826	-0.63	0.356636271529889	-0.041840436129275876	-1.5733981886652613	0	1	No-PER3D	No-Essential3D
231	I	231	34.124	-3.375	33.144	-0.08	0.358163265306122	-1.1356789525857007	-1.6442714164474557	0	1	No-PER3D	No-Essential3D
232	D	232	34.125	-7.178	33.194	-0.08	0.206855791962175	-0.9042610903193848	-1.5345933296422578	0	0.9999999999999999	No-PER3D	No-Essential3D
233	I	233	30.336	-7.571	33.207	-1.18	0.208482676224612	-1.5759373247021062	-1.580352527399104	0	0.9999999999999999	No-PER3D	No-Essential3D
234	A	234	29.014	-9.293	30.081	-1.18	0.251798561151079	-0.23374793166719623	-1.035885882892169	0	0.9999999999999999	No-PER3D	No-Essential3D
235	I	235	26.673	-7.725	27.545	-1.18	0.251985559566787	0.10613858374005763	-0.8769429301007979	0	0.9999999999999999	No-PER3D	No-Essential3D
236	D	236	23.583	-9.171	29.152	-0.63	0.253818181818182	-0.10162979790198022	-0.7414180221538019	0	1	No-PER3D	No-Essential3D
237	G	237	24.36	-7.292	32.366	-1.18	0.254744525547445	-0.42585770124520933	-1.3691081388232158	0	0.9999999999999999	No-PER3D	No-Essential3D
238	F	238	24.819	-4.02	30.531	-1.18	0.254545454545455	-0.27301884162754075	-1.3619597138883603	0	1	No-PER3D	No-Essential3D
239	L	239	21.513	-4.533	28.74	-0.63	0.424574209245742	0.19390606771334432	-0.9045227201001171	0	0.9999999999999999	No-PER3D	No-Essential3D
240	L	240	19.873	-4.706	32.177	-1.18	0.427696078431373	0.4935233226349955	-1.368244626039284	0	0.9999999999999999	No-PER3D	No-Essential3D
241	T	241	20.88	-1.175	33.08	-1.18	0.430864197530864	0.6717593916312887	-1.7520116853254997	0	0.9999999999999999	No-PER3D	No-Essential3D
242	P	242	17.871	0.627	31.579	-0.63	0.431226765799256	0.8131096931762566	-1.040441473740244	0	1	No-PER3D	No-Essential3D
243	V	243	15.56	-1.628	33.58	0.47	0.430864197530864	0.9653456279402204	-1.486449673861225	0	0.9999999999999999	No-PER3D	No-Essential3D
244	Q	244	17.458	-0.919	36.757	1.57	0.427696078431373	0.806207925104963	-1.4847752410989163	0	1	No-PER3D	No-Essential3D
245	K	245	17.566	2.748	36.004	1.02	0.427350427350427	1.467794343530412	-1.7283908182939136	0	1	No-PER3D	No-Essential3D
246	I	246	13.843	3.241	35.498	2.66	0.424242424242424	1.5879194312798817	-1.289738767117494	0	1	No-PER3D	No-Essential3D
247	C	247	13.339	1.667	38.91	0.47	0.421818181818182	1.8555930029782277	-1.1305963154370093	0	1	No-PER3D	No-Essential3D
248	K	248	16.054	3.855	40.516	0.47	0.421497584541063	1.6611932023034512	-1.558051344766899	0	1	No-PER3D	No-Essential3D
249	Y	249	14.577	7.297	39.859	1.57	0.421818181818182	1.4033495752772345	-1.4366547889874353	2.704526849032092	0.412611345522738	No-PER3D	No-Essential3D
250	P	250	11.864	7.208	42.454	-0.08	0.424574209245742	1.0137670969023396	-0.9483241918930246	2.704526849032092	0.412611345522738	No-PER3D	No-Essential3D
251	L	251	14.406	6.311	45.093	-0.63	0.429274292742927	1.0941588913967704	-1.1959557962913079	0	0.9999999999999999	No-PER3D	No-Essential3D
252	Q	252	16.739	9.091	44.143	1.57	0.258518518518519	0.8083014614199221	-1.7015119045586447	9.441276413817734	0.027375929274663438	PER3D	Essential3D
253	L	253	13.955	11.63	44.037	1.57	0.325559701492537	0.3928132072732773	-0.7945378576956328	9.189112094483125	0.011182257096092319	PER3D	Essential3D
254	A	254	12.72	10.458	47.439	-1.18	0.325842696629213	0.06898406562292583	-0.843563673670566	9.441276413817734	0.027375929274663438	PER3D	Essential3D
255	E	255	16.162	11.016	48.896	-1.18	0.521348314606742	-0.286318954687281	-1.3703305130176586	3.8455763531442293	0.17994441095706926	No-PER3D	No-Essential3D
256	L	256	16.245	14.45	47.375	-1.18	0.52330827067669194	-0.2085964189944233	-1.0067444775515109	9.531755165225686	0.004362448838734052	PER3D	No-Essential3D
257	L	257	12.868	15.285	48.842	-1.18	0.521348314606742	-0.4711725530919158	-0.3744896223176741	9.189112094483125	0.011182257096092319	PER3D	No-Essential3D
258	K	258	13.868	14.209	52.33	-1.18	0.866416978776529	-0.7999635383966018	-0.30895276360532614	3.8455763531442293	0.17994441095706926	No-PER3D	No-Essential3D
259	Y	259	16.679	16.773	52.27	-1.18	0.866416978776529	-0.5972090974587121	-0.7407343446909518	4.6658020637461854	0.07816517383472746	No-PER3D	No-Essential3D
260	T	260	14.623	19.595	50.765	-1.18	0.866416978776529	-0.7205782017330896	-0.531327163583473	9.531755165225686	0.004362448838734052	PER3D	No-Essential3D
261	A	261	12.933	22.154	53.016	-1.18	0.868913857677903	-0.8357226990558418	0.29074965966078553	6.269439634625853	0.04945820951816958	PER3D	No-Essential3D
262	Q	262	9.302	22.977	52.381	-0.63	0.86318407960199	-1.460792827379354	1.2571074237982036	0	1	No-PER3D	No-Essential3D
263	D	263	10.181	26.544	51.408	1.02	0.857496902106568	-0.9559284929642096	1.1887244141081612	5.40426584714277	0.2969135802469135	No-PER3D	No-Essential3D
264	H	264	12.661	25.463	48.735	1.02	0.854320987654321	-0.9282495272616248	0.27771525208718106	19.223595962260127	8.7719298245614e-4	PER3D	No-Essential3D
265	S	265	11.764	26.556	45.221	-0.63	0.853628536285363	-0.6835674704507764	0.3387913812167583	9.441276413817734	0.027375929274663438	PER3D	No-Essential3D
266	D	266	12.184	22.887	44.281	1.02	0.853628536285363	-0.47846633459462395	-0.018312149980300407	12.788303040023923	0.002130511590871354	PER3D	No-Essential3D
267	Y	267	10.045	21.329	47.034	0.47	0.85679012345679	-0.7329151121605272	0.1521385520511945	12.788303040023923	0.002130511590871354	PER3D	No-Essential3D
268	R	268	6.741	21.144	45.201	-0.08	0.85679012345679	-0.35252704064786367	0.27207222515029794	11.568942591941193	0.06551804969526487	No-PER3D	No-Essential3D
269	Y	269	8.474	20.283	41.964	-1.18	0.866416978776529	-0.2394386950630177	-0.02695563113478209	5.797853225455887	0.11891701828410695	No-PER3D	No-Essential3D
270	V	270	10.482	17.466	43.478	-0.63	0.653558052434457	-0.33113194823991976	-0.25009982248496154	3.8455763531442293	0.17994441095706926	No-PER3D	No-Essential3D
271	A	271	7.39	16.105	45.141	-0.63	0.652255639097744	-0.5291691672225404	-0.05209599324125477	5.797853225455887	0.11891701828410695	No-PER3D	No-Essential3D
272	A	272	5.549	16.181	41.835	-0.08	0.649253731343284	0.06898406562292579	-0.6326313304307681	1.7899649669906987	0.5105094546022817	No-PER3D	No-Essential3D
273	A	273	8.469	14.625	40.009	1.02	0.432465923172243	0.3082453587611123	-0.6459937517700428	3.8455763531442293	0.17994441095706926	No-PER3D	No-Essential3D
274	L	274	8.595	11.79	42.495	-0.08	0.648148148148148	0.26637463246192966	-0.558694325585049	1.7899649669906987	0.5105094546022817	No-PER3D	No-Essential3D
275	A	275	4.931	11.087	42.004	-0.63	0.643382352941177	0.47363472764288367	-0.6073435079233024	2.704526849032092	0.412611345522738	No-PER3D	No-Essential3D
276	V	276	5.282	11.215	38.255	0.47	0.514705882352941	0.6549873109262183	-0.9257343164860617	1.7899649669906987	0.5105094546022817	No-PER3D	No-Essential3D
277	M	277	8.257	8.866	38.159	0.47	0.427350427350427	1.1609370416377098	-1.0214088146100102	1.7899649669906987	0.5105094546022817	No-PER3D	No-Essential3D
278	R	278	6.625	6.385	40.506	1.02	0.425790754257908	1.8760714435193953	-0.8903852704142742	0	1	No-PER3D	No-Essential3D
279	N	279	3.658	6.367	38.19	1.02	0.425790754257908	2.0679789390573156	-0.9211383012184999	0	1	No-PER3D	No-Essential3D
280	V	280	5.842	5.774	35.158	0.47	0.545454545454545	1.3546864011914657	-1.1371558986949593	0	1	No-PER3D	No-Essential3D
281	T	281	7.357	2.691	36.728	1.57	0.541925465838509	1.516608350551586	-1.0925638113938647	0	1	No-PER3D	No-Essential3D
282	Q	282	4.038	1.437	38.008	0.47	0.541925465838509	1.6286686202674787	-0.977231148909034	0	1	No-PER3D	No-Essential3D
283	Q	283	2.496	1.846	34.609	1.02	0.545454545454545	1.7939084508410388	-1.1235092070709207	11.568942591941193	0.06551804969526487	No-PER3D	No-Essential3D
284	I	284	5.379	0.04	32.952	3.21	0.549450549450549	2.1947541936853967	-1.3210828256641844	11.568942591941193	0.06551804969526487	No-PER3D	No-Essential3D
285	N	285	4.953	-2.83	35.357	1.02	0.555555555555555	2.335207218904544	-1.229681352672077	11.568942591941193	0.06551804969526487	No-PER3D	No-Essential3D
286	E	286	1.195	-2.904	34.785	1.02	0.432098765432099	1.615278144486734	-0.8266240845606513	11.568942591941193	0.06551804969526487	No-PER3D	No-Essential3D
287	R	287	1.452	-2.862	31.034	-0.08	0.431226765799256	1.7652661133451695	-1.022121610527694	18.83775396659865	0.012119081106422893	PER3D	Essential3D
288	K	288	3.86	-5.744	31.198	0.47	0.430864197530864	1.5879194312798817	-1.1914064191895937	11.568942591941193	0.06551804969526487	No-PER3D	No-Essential3D
289	R	289	1.5	-7.682	33.418	0.47	0.432465923172243	0.7756500969052489	-0.719828721335879	9.441276413817734	0.027375929274663438	PER3D	Essential3D
290	R	290	-1.355	-7.048	31.06	1.02	0.432098765432099	1.1561275663195605	-0.4768900380400662	6.269439634625853	0.04945820951816958	PER3D	Essential3D
291	L	291	0.586	-8.308	28.081	0.47	0.551470588235294	0.8695747832095294	-0.909837376534831	9.441276413817734	0.027375929274663438	PER3D	Essential3D
292	E	292	1.729	-11.418	29.899	-0.63	0.549450549450549	0.2118325021511523	-0.7306971822993024	9.441276413817734	0.027375929274663438	PER3D	Essential3D
293	N	293	-1.749	-12.227	31.29	-1.18	0.551470588235294	-0.3422462819583322	-0.2518364229765026	9.441276413817734	0.027375929274663438	PER3D	No-Essential3D
294	I	294	-3.498	-12.367	27.924	-1.18	0.547445255474453	0.0779563641156078	-0.1307691776694972	6.269439634625853	0.04945820951816958	PER3D	Essential3D
295	D	295	-2.693	-16.036	27.726	-1.18	0.638181818181818	-0.6163998470125042	-0.03542050055844874	6.269439634625853	0.04945820951816958	PER3D	No-Essential3D
296	K	296	-4.341	-16.43	31.124	0.47	0.633574007220217	-0.510850724466648	-0.033831115620944846	6.269439634625853	0.04945820951816958	PER3D	No-Essential3D
297	I	297	-7.511	-14.739	30.023	-1.18	0.70450885668277	0.3486722669120473	0.01422440748481216	6.269439634625853	0.04945820951816958	PER3D	No-Essential3D
298	A	298	-7.849	-17.261	27.204	-1.18	0.707623682076237	-0.42449235147458375	0.1729824450316097	1.7899649669906987	0.5105094546022817	No-PER3D	No-Essential3D
299	Q	299	-7.158	-20.184	29.524	-0.08	0.712250712250712	-0.8850703407655928	0.23834773805994053	0	0.9999999999999999	No-PER3D	No-Essential3D
300	W	300	-9.702	-18.994	32.068	1.02	0.714869281045752	-0.064665797340983	0.11224325535849271	0	0.9999999999999999	No-PER3D	No-Essential3D
301	Q	301	-12.345	-18.67	29.415	-0.08	0.71078431372549	0.9431643894530282	0.13201447733442617	0	1	No-PER3D	No-Essential3D
302	A	302	-11.622	-22.207	28.235	-0.63	0.639705882352941	0.4802144132041838	0.20933522652361675	0	1	No-PER3D	No-Essential3D
303	S	303	-12.144	-23.493	31.769	1.02	0.643911439114391	1.01306925146402	0.1598694030515275	0	1	No-PER3D	No-Essential3D
304	V	304	-15.631	-21.99	32.06	1.02	0.715457154571546	0.8697617060947938	-0.006655605960233169	0	1	No-PER3D	No-Essential3D
305	L	305	-18.448	-24.319	31.021	-0.63	0.639194139194139	1.3874633291225444	-0.08830218175074188	0	1	No-PER3D	No-Essential3D
306	D	306	-21.241	-23.453	28.586	0.47	0.643911439114391	2.1117653195009054	-0.06783653206030027	0	1	No-PER3D	No-Essential3D
307	W	307	-19.525	-20.38	27.22	1.57	0.642066420664207	1.7505098331318705	-0.06815609751527854	0	1	No-PER3D	No-Essential3D
308	E	308	-21.748	-18.264	25.038	0.47	0.73109243697479	1.572080176265388	-0.08759590063892622	0	1	No-PER3D	No-Essential3D
309	G	309	-20.872	-15.364	22.803	2.66	0.731681602530311	1.0976316986957024	-0.1059053992559402	0	1	No-PER3D	No-Essential3D
310	E	310	-17.546	-14.021	21.612	0.47	0.723670490093848	0.545076654390864	0.11869845376598961	0	0.9999999999999999	No-PER3D	No-Essential3D
311	D	311	-14.183	-14.544	23.188	1.02	0.633211678832117	0.3591563555112548	0.23048110264551322	2.704526849032092	0.412611345522738	No-PER3D	No-Essential3D
312	I	312	-13.314	-12.091	25.912	-0.08	0.630909090909091	0.8436364840131608	0.08530887151670713	1.0493656063502614	1	No-PER3D	No-Essential3D
313	L	313	-10.204	-11.113	23.966	-1.18	0.544316996871741	0.3038167242486987	0.1562168239851832	1.3281889603164112	0.9999999999999999	No-PER3D	No-Essential3D
314	D	314	-12.307	-9.656	21.216	-1.18	0.639705882352941	0.8925882890247051	0.1547074755219948	1.7899649669906987	0.5105094546022817	No-PER3D	No-Essential3D
315	R	315	-13.25	-6.669	23.402	0.47	0.637362637362637	1.4641764812349758	-0.06403082551121668	1.3281889603164112	0.9999999999999999	No-PER3D	No-Essential3D
316	S	316	-11.05	-6.822	26.497	1.02	0.637867647058824	0.46593591667819534	-0.09726140427910697	4.6658020637461854	0.07816517383472746	No-PER3D	No-Essential3D
317	S	317	-7.47	-7.403	27.568	1.02	0.546743697478992	-0.12778772200968616	-0.0819983472732369	4.6658020637461854	0.07816517383472746	No-PER3D	No-Essential3D
318	E	318	-7.429	-6.985	31.346	1.57	0.642592592592593	-0.23345716273456302	-0.15171576604333759	3.695184781491841	0.11292387657477598	No-PER3D	No-Essential3D
319	L	319	-9.241	-8.397	34.364	-0.63	0.57119341563786	-0.04154966719664261	-0.07718857218030042	6.844582001680832	0.020234002601313292	PER3D	No-Essential3D
320	I	320	-9.773	-5.48	36.717	-1.18	0.570725707257073	0.06808683577365761	-0.001929895031632891	5.425215309714554	0.03293124561137667	PER3D	Essential3D
321	Y	321	-11.629	-7.117	39.584	-1.18	0.571895424836601	0.17216549828876873	0.07268049040689896	0.8626360090237486	1	No-PER3D	No-Essential3D
322	T	322	-13.6	-10.216	40.501	-1.18	0.4875	0.7742847471346233	-0.07985658536786547	2.261936657336257	0.3119964468132356	No-PER3D	No-Essential3D
323	G	323	-15.635	-11.537	43.397	-1.18	0.430147058823529	0.006177976174151872	0.02341665206019929	1.8617212234959857	0.608174623657635	No-PER3D	No-Essential3D
324	E	324	-19.025	-12.725	44.499	-1.18	0.512408759124088	-0.055506575963036826	0.06123529225162798	1.8617212234959857	0.608174623657635	No-PER3D	No-Essential3D
325	M	325	-22.153	-10.622	44.684	-0.63	0.508695652173913	0.03503886965894562	0.31487999020692575	1.5743130994583	0.6316573088836328	No-PER3D	No-Essential3D
326	A	326	-25.876	-11.248	44.66	-1.18	0.419664268585132	0.020215281880444656	0.47651704820065277	1.5743130994583	0.6316573088836328	No-PER3D	No-Essential3D
327	W	327	-27.886	-9.505	41.972	-1.18	0.41816009557945	-0.22221979869103242	0.4368500772658887	0.5497929625183063	1	No-PER3D	No-Essential3D
328	I	328	-31.354	-8.948	40.543	-1.18	0.316546762589928	-0.9796533207092821	0.6568789413169848	0.5497929625183063	1	No-PER3D	No-Essential3D
329	Y	329	-31.627	-8.75	36.754	0.47	0.424789410348977	-0.30112324720020645	0.06888183820888302	0.8626360090237486	1	No-PER3D	No-Essential3D
330	Q	330	-35.005	-7.013	36.659	-0.08	0.422062350119904	-1.4007174374718312	0.7664598345902341	0.728821351666949	1	No-PER3D	No-Essential3D
331	P	331	-37.466	-5.582	39.089	0.47	0.422062350119904	-1.6806141404500627	0.8547603147195202	0.728821351666949	1	No-PER3D	No-Essential3D
332	Y	332	-39.375	-8.179	41.085	-0.08	0.506859205776173	-1.8789491597619805	0.7339928868673941	0	0.5907952722876106	No-PER3D	No-Essential3D
333	G	333	-36.933	-10.751	39.792	-0.08	0.561151079136691	-1.4404732102047506	0.3447650657080578	0	0.5824441553955212	No-PER3D	No-Essential3D
334	R	334	-35.232	-13.473	41.779	1.02	0.561151079136691	-1.1801281151551455	-0.15762426506822724	0	1	No-PER3D	No-Essential3D
335	N	335	-32.037	-12.698	43.611	0.47	0.563176895306859	-0.8562842164349047	-0.04255079970530927	0.8626360090237486	1	No-PER3D	No-Essential3D
336	Q	336	-29.246	-14.948	42.349	-0.08	0.567272727272727	0.005991053288887647	-0.3281623395595292	0.8626360090237486	1	No-PER3D	No-Essential3D
337	Q	337	-25.733	-15.356	43.729	-0.08	0.56980056980057	0.039306462916362285	-0.22524357517162066	2.261936657336257	0.3119964468132356	No-PER3D	No-Essential3D
338	R	338	-23.058	-15.033	41.065	1.02	0.635869565217391	0.16824011769822034	-0.4005826019309073	2.261936657336257	0.3119964468132356	No-PER3D	No-Essential3D
339	V	339	-19.325	-14.583	40.544	0.47	0.63768115942029	0.08257445892801768	-0.27283464015832076	2.858745375837731	0.24518751167651912	No-PER3D	No-Essential3D
340	F	340	-18.56	-11.464	38.533	-0.08	0.63768115942029	0.43734676485025875	-0.2825596429927995	2.858745375837731	0.24518751167651912	No-PER3D	No-Essential3D
341	F	341	-15.513	-10.775	36.416	1.57	0.636363636363636	0.8010527886903078	-0.21803105414316004	2.858745375837731	0.24518751167651912	No-PER3D	No-Essential3D
342	L	342	-14.964	-7.164	35.456	1.02	0.636363636363636	0.6192456876543831	-0.11070136509509317	1.8617212234959857	0.608174623657635	No-PER3D	No-Essential3D
343	F	343	-12.841	-6.671	32.364	3.21	0.561996779388084	0.24631157611023796	-0.18329153677014648	6.269439634625853	0.04945820951816958	PER3D	Essential3D
344	D	344	-12.357	-3.5	30.416	-0.08	0.632246376811594	0.5397658453565928	-0.12837533257189776	6.269439634625853	0.04945820951816958	PER3D	Essential3D
345	H	345	-15.558	-2.904	28.426	-0.08	0.636363636363636	0.5905648882931012	-0.1258836825022975	1.3281889603164112	0.9999999999999999	No-PER3D	No-Essential3D
346	Q	346	-17.492	-5.865	29.861	0.47	0.641025641025641	0.7937610600391345	-0.19688771140801686	1.3281889603164112	0.9999999999999999	No-PER3D	No-Essential3D
347	M	347	-18.49	-7.756	33.001	0.47	0.565656565656566	1.114256840020378	-0.23749965953388535	2.858745375837731	0.24518751167651912	No-PER3D	No-Essential3D
348	V	348	-19.07	-11.496	32.837	-0.63	0.635379061371841	1.4365512464022443	-0.23851705519939395	2.261936657336257	0.3119964468132356	No-PER3D	No-Essential3D
349	L	349	-21.078	-13.375	35.419	1.02	0.474820143884892	1.0976316986957024	-0.4229302402577667	5.797853225455887	0.11891701828410695	No-PER3D	No-Essential3D
350	C	350	-20.923	-17.062	36.26	2.66	0.474462365591398	0.5082629499335591	-0.3186077906243705	3.8455763531442293	0.17994441095706926	No-PER3D	No-Essential3D
351	K	351	-22.428	-19.507	38.733	-0.08	0.562749800159872	0.11426613457818026	-0.33681453724894744	6.269439634625853	0.04945820951816958	PER3D	Essential3D
352	K	352	-20.41	-21.962	40.73	0.47	0.559139784946237	0.2218869857690481	-0.30017721044862294	9.441276413817734	0.027375929274663438	PER3D	Essential3D
353	D	353	-21.493	-25.567	40.754	-0.08	0.562325766626842	0.5737939123954022	-0.23649631111252334	5.797853225455887	0.11891701828410695	No-PER3D	No-Essential3D
354	L	354	-23.086	-26.459	44.051	0.47	0.632616487455197	-0.29163331610217735	-0.2257431260158257	11.568942591941193	0.06551804969526487	No-PER3D	No-Essential3D
355	I	355	-20.879	-29.462	44.661	-1.18	0.538383324860193	-0.5972090974587121	-0.2369630611997003	5.40426584714277	0.2969135802469135	No-PER3D	No-Essential3D
356	R	356	-17.695	-28.597	42.845	-1.18	0.54030612244898	-0.5815075750965186	-0.25784183686335144	5.40426584714277	0.2969135802469135	No-PER3D	No-Essential3D
357	R	357	-16.632	-25.128	43.863	-1.18	0.54030612244898	0.23738720656249557	-0.2709977083605432	2.704526849032092	0.412611345522738	No-PER3D	No-Essential3D
358	D	358	-13.943	-24.831	41.211	-1.18	0.629893238434164	0.5896412693306191	-0.10703095115684251	2.704526849032092	0.412611345522738	No-PER3D	No-Essential3D
359	I	359	-16.349	-25.339	38.304	1.02	0.627659574468085	0.5609650996383218	-0.06021018095341358	1.7899649669906987	0.5105094546022817	No-PER3D	No-Essential3D
360	L	360	-17.995	-22.213	36.887	1.57	0.536474164133739	0.8846897544489973	-0.1297866687460358	3.8455763531442293	0.17994441095706926	No-PER3D	No-Essential3D
361	Y	361	-20.856	-21.927	34.42	-0.08	0.536474164133739	0.9314462582319823	-0.0969043313312589	3.8455763531442293	0.17994441095706926	No-PER3D	No-Essential3D
362	Y	362	-21.251	-19.021	32.019	1.02	0.536474164133739	1.7939084508410388	-0.09613032659077139	1.7899649669906987	0.5105094546022817	No-PER3D	No-Essential3D
363	K	363	-24.337	-17.021	32.959	0.47	0.412865497076023	1.8121022783400884	-0.2741013280503201	1.7899649669906987	0.5105094546022817	No-PER3D	No-Essential3D
364	G	364	-24.037	-13.975	30.683	-0.08	0.412865497076023	2.0040097738780087	-0.23855901136386923	1.0493656063502614	1	No-PER3D	No-Essential3D
365	R	365	-22.393	-10.565	30.503	-0.08	0.412865497076023	2.533001539175718	-0.27844728427914106	1.3281889603164112	0.9999999999999999	No-PER3D	No-Essential3D
366	I	366	-23.036	-6.847	30.802	1.57	0.415783274440518	1.775886506454876	0.05017768651985445	0	1	No-PER3D	No-Essential3D
367	D	367	-21.655	-4.367	28.287	1.02	0.415492957746479	1.0357492282094105	0.060969431377963644	0	1	No-PER3D	No-Essential3D
368	M	368	-19.991	-1.719	30.422	1.57	0.415492957746479	0.7445113134267894	0.2045507616326104	0	1	No-PER3D	No-Essential3D
369	D	369	-19.889	0.892	27.647	0.47	0.412865497076023	0.9816662067396328	0.33438872038271056	0	1	No-PER3D	No-Essential3D
370	K	370	-23.701	1.007	27.886	-0.63	0.527127924340468	0.36058376663509056	0.6778567768828705	1.3281889603164112	0.9999999999999999	No-PER3D	No-Essential3D
371	Y	371	-23.967	1.126	31.682	1.57	0.618881118881119	0.1512301351391774	0.7466688602504818	1.3281889603164112	0.9999999999999999	No-PER3D	No-Essential3D
372	E	372	-23.523	3.867	34.252	-0.08	0.687185443283004	0.1923531698973032	0.9441104669246612	1.7899649669906987	0.5105094546022817	No-PER3D	No-Essential3D
373	V	373	-22.988	3.042	37.885	0.47	0.742160278745645	-0.02148661084495098	0.9226146254567987	0	1	No-PER3D	No-Essential3D
374	V	374	-25.465	4.6	40.231	1.02	0.830409356725146	0.3157222741716806	1.367491305359115	0	1	No-PER3D	No-Essential3D
375	D	375	-24.456	4.42	43.86	-0.08	0.821759259259259	0.47363472764288367	1.2938312994795882	0	0.5867936954434845	No-PER3D	No-Essential3D
376	I	376	-27.474	3.519	45.96	-0.08	0.737024221453287	-0.23258485593666342	1.6878855435279108	0	0.5824441553955212	No-PER3D	No-Essential3D
377	E	377	-27.862	4.5	49.591	0.47	0.729896907216495	-0.15178169992069693	1.8516251884788246	0	1	No-PER3D	No-Essential3D
378	D	378	-29.045	2.13	52.298	-0.63	0.808219178082192	-0.22129617972855042	1.860127511871887	0	1	No-PER3D	No-Essential3D
379	G	379	-32.693	1.878	53.109	0.47	0.813793103448276	-1.000214838088345	2.1642505648317307	0	1	No-PER3D	No-Essential3D
380	R	380	-35.535	0.78	50.882	-0.08	0.912931034482759	-1.3960240476353059	2.1626161024077697	0	1	No-PER3D	No-Essential3D
381	D	381	-35.758	0.755	47.1	-1.18	1.03326810176125	-1.5471512003714183	1.8061090947385692	0	1	No-PER3D	No-Essential3D
382	D	382	-38.601	2.036	44.953	-1.18	1.00682593856655	-2.036515313993115	1.629121678240824	0	1	No-PER3D	No-Essential3D
383	D	383	-40.206	-0.655	42.741	-1.18	1.00564971751412	-2.275028915590245	1.3849003831108493	0	0.5867936954434845	No-PER3D	No-Essential3D
384	F	384	-37.749	-2.639	42.443	-1.18	1.01535836177474	-1.626000149625042	1.0884780611909621	0	0.3418138798084587	No-PER3D	No-Essential3D
385	N	385	-39.423	-2.481	45.894	-1.18	1.00847457627119	-2.2596077775559475	1.2215078880044623	0	0.5867936954434845	No-PER3D	No-Essential3D
386	V	386	-36.896	-4.426	47.984	-1.18	1.0016835016835	-1.3600413922219456	1.105251216168291	0	0.3418138798084587	No-PER3D	No-Essential3D
387	S	387	-34.81	-3.577	51.083	-1.18	1.03378378378378	-1.2017177084031614	1.8592458154797524	0	0.5824441553955212	No-PER3D	No-Essential3D
388	M	388	-31.087	-3.132	50.831	-1.18	1.03438256658596	-1.3226194305920513	1.5699658377026224	0	0.5824441553955212	No-PER3D	No-Essential3D
389	K	389	-27.754	-3.116	52.585	1.02	1.00967007963595	-0.35252704064786367	1.5776241773060453	0	0.5824441553955212	No-PER3D	No-Essential3D
390	N	390	-24.51	-2.569	50.673	1.57	1.04926108374384	0.1512301351391774	1.2280799706032886	0	0.3418138798084587	No-PER3D	No-Essential3D
391	A	391	-26.127	-1.986	47.312	0.47	1.07112068965517	-0.1366311081677032	1.2521451586548547	0	0.3418138798084587	No-PER3D	No-Essential3D
392	F	392	-25.579	-0.204	44.004	-0.08	1.07044673539519	-0.1366311081677032	1.1518166497635023	0	0.351989710073058	No-PER3D	No-Essential3D
393	K	393	-27.218	-0.214	40.574	-0.63	0.951508209240168	-0.1704971367920421	1.036781305334904	0	0.5824441553955212	No-PER3D	No-Essential3D
394	L	394	-26.291	-0.217	36.917	-0.08	0.948249619482496	0.255906950887134	0.7467950461540266	0.8626360090237486	1	No-PER3D	No-Essential3D
395	H	395	-28.557	1.87	34.714	-0.63	0.948249619482496	0.21519930031848417	0.9359741072679384	1.3281889603164112	0.9999999999999999	No-PER3D	No-Essential3D
396	N	396	-28.488	1.671	30.924	1.02	0.946162657502864	0.43909137844605794	1.0222043553950622	1.7899649669906987	0.5105094546022817	No-PER3D	No-Essential3D
397	K	397	-27.71	5.001	29.372	-0.08	0.976551724137931	0.4898904213825663	1.0721804339913452	1.7899649669906987	0.5105094546022817	No-PER3D	No-Essential3D
398	E	398	-30.193	4.941	26.486	-0.08	0.979310344827586	-0.2805617298211435	1.3624398868622378	2.704526849032092	0.412611345522738	No-PER3D	No-Essential3D
399	T	399	-32.851	2.669	27.938	-0.63	1.00852272727273	-0.42449235147458375	1.6430833699258185	2.704526849032092	0.412611345522738	No-PER3D	No-Essential3D
400	E	400	-34.818	2.13	31.142	-1.18	0.961822660098522	-0.42449235147458386	1.242876599117931	2.704526849032092	0.412611345522738	No-PER3D	No-Essential3D
401	E	401	-32.869	-1.08	31.928	0.47	0.941644562334218	-0.5889844905070871	0.9604820762348869	2.704526849032092	0.412611345522738	No-PER3D	No-Essential3D
402	I	402	-31.585	-1.452	35.483	-0.63	0.918685121107267	-0.6031648473202338	0.9195425764229839	1.0493656063502614	1	No-PER3D	No-Essential3D
403	H	403	-29.828	-4.1	37.587	-0.63	0.81712962962963	-0.20859641899442338	0.6746087136995806	0.6282060638218061	1	No-PER3D	No-Essential3D
404	L	404	-29.394	-4.214	41.364	-0.63	0.782705099778271	-0.9559284929642096	1.0721676750469373	0	0.19683231671026882	No-PER3D	No-Essential3D
405	F	405	-26.238	-5.585	43.049	-0.08	0.783216783216783	-0.3813131649785517	0.8848632771220313	0.48689986969564575	0.6829601250172115	No-PER3D	No-Essential3D
406	F	406	-25.61	-6.48	46.701	0.47	0.780487804878049	-0.20859641899442333	0.8444397722823347	1.0538513057369563	1	No-PER3D	No-Essential3D
407	A	407	-22.205	-6.941	48.322	-0.08	0.858536585365854	0.1512301351391774	0.8723021749140689	1.1892380416112556	1	No-PER3D	No-Essential3D
408	K	408	-22.014	-8.464	51.807	0.47	0.859090909090909	0.02607307283183802	0.9115405364636916	0.6282060638218061	1	No-PER3D	No-Essential3D
409	K	409	-19.632	-6.082	53.594	-0.63	0.784250960307298	1.0867791758865393	1.1329449406135454	0	0.5824441553955212	No-PER3D	No-Essential3D
410	L	410	-19.166	-2.348	53.187	1.02	0.783732057416268	1.49458260390462	1.3864089119352727	0	0.5824441553955212	No-PER3D	No-Essential3D
411	E	411	-15.582	-3.021	52.261	2.12	0.784250960307298	1.7632530976577088	1.1985109995829286	0	0.5824441553955212	No-PER3D	No-Essential3D
412	E	412	-16.87	-4.971	49.261	1.02	0.7792663476874	0.26637463246192966	0.8107084693445042	0.728821351666949	1	No-PER3D	No-Essential3D
413	K	413	-19.273	-2.367	47.91	-0.08	0.716842723004695	0.43909137844605794	0.9586753524759779	0.6282060638218061	1	No-PER3D	No-Essential3D
414	I	414	-16.471	0.164	48.023	0.47	0.721436984687868	1.2204290388504482	1.134854494042341	0	0.5824441553955212	No-PER3D	No-Essential3D
415	R	415	-14.018	-2.156	46.298	-0.08	0.716374269005848	0.05911453728097565	0.5710582528270092	1.0493656063502614	1	No-PER3D	No-Essential3D
416	W	416	-16.444	-2.679	43.445	0.47	0.716842723004695	0.11833170733267677	0.6774080154362214	0.5497929625183063	1	No-PER3D	No-Essential3D
417	L	417	-17.177	0.976	42.995	1.57	0.719375736160188	0.35551875942147976	0.9492266179213453	0	0.3418138798084587	No-PER3D	No-Essential3D
418	R	418	-13.509	1.694	42.536	0.47	0.676982591876209	-0.01326200389332578	0.4803541503738944	0	0.5824441553955212	No-PER3D	No-Essential3D
419	A	419	-13.258	-1.22	40.103	-0.08	0.676982591876209	0.2891147682968305	0.15037240520516673	0.728821351666949	1	No-PER3D	No-Essential3D
420	F	420	-15.988	0.438	38.047	0.47	0.672215108834827	0.2942884499947181	0.3901359240451844	0	0.5907952722876106	No-PER3D	No-Essential3D
421	R	421	-14.257	3.799	38.22	-0.08	0.616197183098592	0.023291804780563793	0.25929102056026354	0	0.5824441553955212	No-PER3D	No-Essential3D
422	E	422	-11.129	1.944	37.211	-1.18	0.616197183098592	0.37145405134737836	0.10611500257462884	0	1	No-PER3D	No-Essential3D
423	E	423	-12.665	0.287	34.169	-1.18	0.616197183098592	0.9461581888486594	-1.729104050699982e-4	1.3281889603164112	0.9999999999999999	No-PER3D	No-Essential3D
424	R	424	-14.014	3.559	32.855	-1.18	0.685119748723989	0.49965439327166145	-0.1016284528652385	0	1	No-PER3D	No-Essential3D
425	K	425	-10.606	5.076	33.496	-1.18	0.682707355242567	-0.510850724466648	-0.2731584937964882	0	1	No-PER3D	No-Essential3D
426	M	426	-8.749	2.333	31.678	0.47	0.687549251379039	0.49965439327166145	-0.22012536868929877	18.83775396659865	0.012119081106422893	PER3D	Essential3D
427	V	427	-11.108	2.539	28.744	-0.08	0.685119748723989	0.4752731473676343	-0.17368901310172616	5.40426584714277	0.2969135802469135	No-PER3D	No-Essential3D
428	Q	428	-10.584	6.255	28.303	1.02	0.548095798979191	-0.8850703407655928	-0.34706632318339115	0	1	No-PER3D	No-Essential3D
429	E	429	-7.004	6.13	29.658	0.47	0.551615445232467	-0.6547813461200883	-0.4535620041201235	0	1	No-PER3D	No-Essential3D
430	D	430	-6.38	8.493	32.502	-0.08	0.467081850533808	-0.20859641899442333	-0.623686703136136	0	1	No-PER3D	No-Essential3D
431	E	431	-6.08	12.197	32.165	-1.18	0.246643109540636	-0.2805617298211435	-0.8660856840260142	0	1	No-PER3D	No-Essential3D
432	K	432	-2.453	13.213	32.317	0.47	0.24822695035461	0.8420971190756908	-1.2357854932213057	0	1	No-PER3D	No-Essential3D
433	I	433	-3.196	16.352	34.247	0.47	0.24982206405694	0.5175989902570255	-1.3994109286814302	0	1	No-PER3D	No-Essential3D
434	G	434	-5.707	18.13	36.463	1.02	0.312277580071174	-0.17775414292582903	-1.913830076197354	0	1	No-PER3D	No-Essential3D
435	F	435	-5.088	20.845	38.976	-0.63	0.311387900355872	-0.17775414292582903	-1.750128062184428	0	1	No-PER3D	No-Essential3D
436	E	436	-7.431	22.369	41.461	-0.08	0.309397163120567	0.43909137844605794	-1.981035883874418	0	1	No-PER3D	No-Essential3D
