Uniprot_position	aminoacid	Position_in_structure	x	y	z	paraz	mtr	paraz3dscore	mtr3dscore	PER3D_OR	PER3D_pvalue	PER3D	Essential3D
1	M	1	-40.377	1.445	47.133	NA	0.462765957446809	Inf	-0.4731500015886313	0	1	No-PER3D	No-Essential3D
2	M	2	-36.715	0.761	47.482	NA	0.460570469798658	Inf	-0.518403930440837	0	1	No-PER3D	No-Essential3D
3	M	3	-34.336	2.843	49.524	NA	0.412903225806452	Inf	-0.5495640846508537	0	1	No-PER3D	No-Essential3D
4	M	4	-31.343	4.873	48.428	NA	0.411522633744856	Inf	-0.5762113816118988	0	0.5767558911004346	No-PER3D	No-Essential3D
5	A	5	-27.797	3.787	47.783	NA	0.409803921568627	Inf	-0.38631196082963404	0	0.5767558911004346	No-PER3D	No-Essential3D
6	L	6	-24.462	5.574	48.068	NA	0.409090909090909	Inf	-0.1131404071542032	0	0.3384788609677453	No-PER3D	No-Essential3D
7	S	7	-21.627	5.343	45.632	NA	0.405405405405405	Inf	0.09899478650365781	0.7494764745324304	1	No-PER3D	No-Essential3D
8	K	8	-18.296	6.796	46.774	NA	0.443181818181818	Inf	0.2799120367471866	1.9831696615976875	0.6014265940558801	No-PER3D	No-Essential3D
9	T	9	-16.02	4.612	44.702	NA	0.446280991735537	Inf	0.19214608282435885	7.856215278067449	0.00909808026589067	PER3D	No-Essential3D
10	F	10	-15.902	4.527	40.961	NA	0.449197860962567	Inf	-0.024439579982551925	23.793434493560934	0.001312837739682656	PER3D	Essential3D
11	G	11	-14.065	2.229	38.601	NA	0.44808272296424	Inf	-0.056705761765549346	23.793434493560934	0.001312837739682656	PER3D	Essential3D
12	Q	12	-11.66	-0.586	39.326	NA	0.516513056835638	Inf	0.056304121497835764	58.0047433218053	0.00145847632120796	PER3D	No-Essential3D
13	K	13	-9.921	-0.841	42.692	NA	0.519894894894895	Inf	-0.19465320241007034	8.944559171701702	0.01620769266840706	PER3D	Essential3D
14	P	14	-6.709	1.056	43.103	NA	0.518115942028986	Inf	-0.16571309300927098	7.856215278067449	0.00909808026589067	PER3D	Essential3D
15	V	15	-3.383	-0.715	42.833	NA	0.517302259887006	Inf	-0.23920614743472174	4.406065735597887	0.055975653655385815	No-PER3D	No-Essential3D
16	K	16	-2.377	-2.22	46.144	NA	0.519972451790634	Inf	-0.22888070778952965	2.0408047311861273	0.38876420455900984	No-PER3D	No-Essential3D
17	F	17	0.881	-3.927	47.006	NA	0.522513440860215	Inf	-0.19259362929747545	0.7494764745324304	1	No-PER3D	No-Essential3D
18	Q	18	2.753	-5.351	49.959	NA	0.518806744487678	Inf	-0.24581797109319023	0	0.580206250683855	No-PER3D	No-Essential3D
19	L	19	5.708	-3.469	51.379	NA	0.517295597484277	Inf	-0.15958362152414643	0	0.580206250683855	No-PER3D	No-Essential3D
20	E	20	6.282	-5.67	54.39	NA	0.341669482933423	Inf	-0.390944871525812	0	0.9999999999999999	No-PER3D	No-Essential3D
21	D	21	6.44	-9.386	55.071	NA	0.419393939393939	Inf	-0.7153741596871365	0	0.9999999999999999	No-PER3D	No-Essential3D
22	D	22	4.232	-8.559	58.021	NA	0.421115065243179	Inf	-0.8348421797364132	0	0.9999999999999999	No-PER3D	No-Essential3D
23	G	23	1.43	-8.374	55.496	NA	0.320397111913357	Inf	-0.47846481122709844	0	1	No-PER3D	No-Essential3D
24	E	24	1.186	-4.647	55.331	NA	0.286293592862936	Inf	-0.37658954480545254	0	0.580206250683855	No-PER3D	No-Essential3D
25	F	25	-0.477	-3.586	52.116	NA	0.323529411764706	Inf	-0.24814347332775358	0.7494764745324304	1	No-PER3D	No-Essential3D
26	Y	26	-0.428	-0.108	50.648	NA	0.368697478991597	Inf	-0.1384471112542321	2.4366038949341418	0.23283763707007854	No-PER3D	No-Essential3D
27	M	27	-2.065	1.578	47.679	NA	0.365253793825222	Inf	-0.09663189312601611	2.4366038949341418	0.23283763707007854	No-PER3D	No-Essential3D
28	I	28	-0.902	4.237	45.243	NA	0.367949393779652	Inf	-0.0765541456280692	2.876332796081438	0.20884171119891912	No-PER3D	No-Essential3D
29	G	29	-2.485	7.584	46.058	NA	0.324626865671642	Inf	0.27183313851775187	4.6308746666520175	0.030317897185774986	PER3D	No-Essential3D
30	S	30	-2.58	8.343	42.366	NA	0.324626865671642	Inf	0.22588254712355352	4.6308746666520175	0.030317897185774986	PER3D	No-Essential3D
31	E	31	-4.938	5.439	41.835	NA	0.370251471375067	Inf	-0.07950018255782161	7.856215278067449	0.00909808026589067	PER3D	Essential3D
32	V	32	-6.948	6.402	44.868	NA	0.368869936034115	Inf	0.24374906133479157	7.856215278067449	0.00909808026589067	PER3D	No-Essential3D
33	G	33	-7.222	9.945	43.622	NA	0.373045822102426	Inf	0.3396320931188652	7.856215278067449	0.00909808026589067	PER3D	No-Essential3D
34	N	34	-8.514	8.986	40.201	NA	0.565453557848995	Inf	0.15651140138261685	58.0047433218053	2.536480558622545e-4	PER3D	No-Essential3D
35	Y	35	-10.708	6.393	41.837	NA	0.565453557848995	Inf	-0.002115939585664861	7.856215278067449	0.00909808026589067	PER3D	Essential3D
36	L	36	-12.434	9.138	43.837	NA	0.565453557848995	Inf	0.3022014649394263	23.793434493560934	0.001312837739682656	PER3D	No-Essential3D
37	R	37	-11.823	11.603	41.021	NA	0.569247546346783	Inf	0.20994452635459296	58.0047433218053	2.536480558622545e-4	PER3D	No-Essential3D
38	M	38	-10.029	13.868	43.471	NA	0.664750957854406	Inf	0.46683495429086097	58.0047433218053	0.007978723404255319	PER3D	No-Essential3D
39	F	39	-7.305	16.028	42.007	NA	0.664750957854406	Inf	0.5509586252569909	58.0047433218053	0.007978723404255319	PER3D	No-Essential3D
40	R	40	-5.079	18.883	43.054	NA	0.659695817490494	Inf	0.7707414435193313	58.0047433218053	0.2083333333333334	No-PER3D	No-Essential3D
41	G	41	-4.216	17.022	46.207	NA	0.659695817490494	Inf	0.722743092302693	58.0047433218053	0.041666666666666664	PER3D	No-Essential3D
42	S	42	-7.873	17.061	47.081	NA	0.733672603901612	Inf	0.7745347433020703	58.0047433218053	0.041666666666666664	PER3D	No-Essential3D
43	L	43	-7.474	13.595	48.52	NA	0.662835249042146	Inf	0.6932974415751583	5.925003341813525	0.03253686696063828	PER3D	No-Essential3D
44	Y	44	-4.71	14.637	50.888	NA	0.662835249042146	Inf	0.8214828578322352	2.6688571290859873	0.2779547511762307	No-PER3D	No-Essential3D
45	K	45	-6.275	17.988	51.634	NA	0.667307692307692	Inf	1.259859660633183	3.872983588284918	0.37500000000000006	No-PER3D	No-Essential3D
46	R	46	-9.625	16.333	52.166	NA	0.673151750972763	Inf	1.2840895412472477	1.9316049262261559	0.5079787234042553	No-PER3D	No-Essential3D
47	Y	47	-8.202	13.56	54.296	NA	0.67843137254902	Inf	1.0048576903061432	0.9479248659072176	1	No-PER3D	No-Essential3D
48	P	48	-5.651	14.993	56.686	NA	0.681102362204724	Inf	1.322196176207242	1.2771856210293162	1	No-PER3D	No-Essential3D
49	S	49	-5.796	11.881	58.871	NA	0.759771629336847	Inf	1.1734472224115005	0.9479248659072176	1	No-PER3D	No-Essential3D
50	L	50	-4.982	9.729	55.859	NA	0.617394416607015	Inf	0.8051922152519254	0.9450110122549755	1	No-PER3D	No-Essential3D
51	W	51	-1.602	8.015	55.985	NA	0.562091503267974	Inf	0.5699374037269563	1.094191054389262	1	No-PER3D	No-Essential3D
52	R	52	0.429	8.998	52.965	NA	0.565944881889764	Inf	0.36525618507015456	1.094191054389262	1	No-PER3D	No-Essential3D
53	R	53	4.131	8.824	52.189	NA	0.518853695324284	Inf	0.06581765726200398	0.7494764745324304	1	No-PER3D	No-Essential3D
54	L	54	6.581	8.705	49.303	NA	0.518329326923077	Inf	-0.029378504227173932	0.5217657039756488	1	No-PER3D	No-Essential3D
55	A	55	8.248	5.53	48.117	NA	0.5615234375	Inf	0.017745956505349738	0.450409297058035	0.6796281348033432	No-PER3D	No-Essential3D
56	T	56	11.964	5.094	47.644	NA	0.564778645833333	Inf	0.24956598388890922	0.9479248659072176	1	No-PER3D	No-Essential3D
57	V	57	13.504	4.143	44.349	NA	0.560959792477302	Inf	0.12726069031448228	0	0.5767558911004346	No-PER3D	No-Essential3D
58	E	58	13.659	0.582	45.574	NA	0.513810513810514	Inf	0.19272271128836302	0	0.5767558911004346	No-PER3D	No-Essential3D
59	E	59	10.089	0.717	46.76	NA	0.515802027429935	Inf	0.01913758457804548	0.7494764745324304	1	No-PER3D	No-Essential3D
60	R	60	8.892	2.1	43.467	NA	0.563725490196079	Inf	-0.08557102628337043	0.5217657039756488	1	No-PER3D	No-Essential3D
61	K	61	10.679	-0.67	41.633	NA	0.557717250324254	Inf	-0.13502293578411637	0	0.5767558911004346	No-PER3D	No-Essential3D
62	K	62	8.913	-3.187	43.817	NA	0.557717250324254	Inf	-0.07985076579640998	0	1	No-PER3D	No-Essential3D
63	I	63	5.697	-1.261	43.437	NA	0.557717250324254	Inf	-0.14855597750080402	0	0.3384788609677453	No-PER3D	No-Essential3D
64	V	64	5.67	-1.511	39.673	NA	0.514815923376235	Inf	-0.2714737917836424	0	0.3384788609677453	No-PER3D	No-Essential3D
65	A	65	6.637	-5.164	39.573	NA	0.480822679266259	Inf	-0.2727923820700965	0	1	No-PER3D	No-Essential3D
66	S	66	4.603	-6.129	42.608	NA	0.484095982142857	Inf	-0.18595868581679362	0	1	No-PER3D	No-Essential3D
67	S	67	1.568	-3.931	42.224	NA	0.449612403100775	Inf	-0.25496212660085477	4.207582891127866	0.10265626245080753	No-PER3D	No-Essential3D
68	H	68	1.628	-3.569	38.47	NA	0.452196382428941	Inf	-0.36380833025899856	2.4767904832492094	0.3570080459912708	No-PER3D	No-Essential3D
69	G	69	3.038	-5.564	35.596	NA	0.387596899224806	Inf	-0.5537166670256874	0	1	No-PER3D	No-Essential3D
70	K	70	1.576	-5.506	32.097	NA	0.33976833976834	Inf	-0.9604718005973344	0	1	No-PER3D	No-Essential3D
71	K	71	-0.752	-2.539	32.422	NA	0.387596899224806	Inf	-0.9074164109766538	0	1	No-PER3D	No-Essential3D
72	T	72	-3.122	-1.522	29.635	NA	0.388704318936877	Inf	-1.2023217196003364	0	1	No-PER3D	No-Essential3D
73	K	73	-2.383	0.476	26.521	NA	0.315175097276265	Inf	-1.3327787750736817	0	1	No-PER3D	No-Essential3D
74	P	74	0.303	-0.601	24.199	NA	0.291528239202658	Inf	-1.3028902211997986	0	1	No-PER3D	No-Essential3D
75	N	75	3.007	-2.284	26.223	NA	0.288461538461538	Inf	-1.2474508761024854	0	1	No-PER3D	No-Essential3D
76	T	76	6.139	-4.171	25.438	NA	0.358974358974359	Inf	-1.2741561121677811	0	1	No-PER3D	No-Essential3D
77	K	77	7.706	-7.213	27.049	NA	0.356577266922095	Inf	-1.2909298540609837	0	0.9999999999999999	No-PER3D	No-Essential3D
78	D	78	11.112	-5.645	26.542	NA	0.33206106870229	Inf	-1.3431796250660044	0	0.9999999999999999	No-PER3D	No-Essential3D
79	H	79	10.515	-2.699	28.843	NA	0.350542386500603	Inf	-1.0623370613138143	0	1	No-PER3D	No-Essential3D
80	G	80	8.006	-2.424	31.683	NA	0.299145299145299	Inf	-0.9389237869508201	0	1	No-PER3D	No-Essential3D
81	Y	81	7.415	1.134	33.053	NA	0.335249042145594	Inf	-0.7078506175168894	0	0.5767558911004346	No-PER3D	No-Essential3D
82	T	82	9.785	4.03	33.694	NA	0.385714285714286	Inf	-0.4502066420014145	0	0.5767558911004346	No-PER3D	No-Essential3D
83	T	83	7.313	6.901	34.152	NA	0.385331143951834	Inf	-0.49965656135202335	0	1	No-PER3D	No-Essential3D
84	L	84	5.483	6.175	37.438	NA	0.413388138578978	Inf	-0.3509311420907935	1.9831696615976875	0.6014265940558801	No-PER3D	No-Essential3D
85	A	85	8.826	5.461	38.994	NA	0.381314502987507	Inf	-0.12739881753988194	0	0.580206250683855	No-PER3D	No-Essential3D
86	T	86	9.568	9.151	39.44	NA	0.497159090909091	Inf	-0.02461894127121914	0	0.5767558911004346	No-PER3D	No-Essential3D
87	S	87	7.276	9.59	42.422	NA	0.493867924528302	Inf	-0.10449457092476497	0.7494764745324304	1	No-PER3D	No-Essential3D
88	V	88	4.986	7.065	44.009	NA	0.460930640913082	Inf	-0.1621683525935417	1.4930971016513337	0.6930590322973312	No-PER3D	No-Essential3D
89	T	89	2.714	7.921	46.892	NA	0.541795665634675	Inf	0.03749113028887409	1.7281938461834918	0.4297878251276481	No-PER3D	No-Essential3D
90	L	90	1.825	5.05	49.171	NA	0.541795665634675	Inf	-0.0707238167971746	2.876332796081438	0.20884171119891912	No-PER3D	No-Essential3D
91	L	91	-1.237	4.859	51.402	NA	0.545394006659268	Inf	0.06857538430301759	2.4366038949341418	0.23283763707007854	No-PER3D	No-Essential3D
92	K	92	-2.448	2.541	54.135	NA	0.546947835738069	Inf	0.02137690443662978	0.9450110122549755	1	No-PER3D	No-Essential3D
93	A	93	-4.599	-0.217	52.72	NA	0.512692467748648	Inf	0.005471379578534028	0.5217657039756488	1	No-PER3D	No-Essential3D
94	S	94	-6.702	-0.095	55.836	NA	0.488919667590028	Inf	0.24310777334165098	0	0.19817579733039306	No-PER3D	No-Essential3D
95	E	95	-7.389	3.569	55.376	NA	0.512692467748648	Inf	0.4687103132672519	0.450409297058035	0.6796281348033432	No-PER3D	No-Essential3D
96	V	96	-8.391	3.255	51.749	NA	0.546947835738069	Inf	0.3292153856040266	1.4930971016513337	0.6930590322973312	No-PER3D	No-Essential3D
97	E	97	-10.492	0.245	52.581	NA	0.546947835738069	Inf	0.28424541341863985	0.5217657039756488	1	No-PER3D	No-Essential3D
98	E	98	-12.344	2.172	55.228	NA	0.58499053030303	Inf	0.7173829106604133	0	0.5767558911004346	No-PER3D	No-Essential3D
99	I	99	-13.061	5.036	52.883	NA	0.630444544229906	Inf	0.6619601606347297	0	0.3386633856927192	No-PER3D	No-Essential3D
100	L	100	-14.098	2.582	50.23	NA	0.635294117647059	Inf	0.31052629548019467	1.5694491726572608	0.6331648467514301	No-PER3D	No-Essential3D
101	D	101	-16.279	0.916	52.833	NA	0.632240682532555	Inf	0.4556284108721348	0	0.580206250683855	No-PER3D	No-Essential3D
102	G	102	-17.635	4.344	53.635	NA	0.626362484157161	Inf	0.5585488020026119	0	0.5767558911004346	No-PER3D	No-Essential3D
103	N	103	-15.892	4.814	56.97	NA	0.622222222222222	Inf	1.0005178707291122	0	0.5767558911004346	No-PER3D	No-Essential3D
104	D	104	-13.608	7.852	56.471	NA	0.61811320754717	Inf	1.1174555965142474	0.6168039177913184	1	No-PER3D	No-Essential3D
105	E	105	-14.941	10.225	59.142	NA	0.659774436090226	Inf	1.3473253540893397	0.6168039177913184	1	No-PER3D	No-Essential3D
106	K	106	-11.732	10.271	61.175	NA	0.655430711610487	Inf	1.3343885015871968	0.9479248659072176	1	No-PER3D	No-Essential3D
107	Y	107	-9.701	10.65	58.008	NA	0.652985074626866	Inf	1.1457045405668502	0.9479248659072176	1	No-PER3D	No-Essential3D
108	K	108	-11.426	13.7	56.606	NA	0.614574187884109	Inf	1.2800579135968815	1.2771856210293162	1	No-PER3D	No-Essential3D
109	A	109	-11.682	15.385	60.002	NA	0.648148148148148	Inf	1.4484287705100265	0.9479248659072176	1	No-PER3D	No-Essential3D
110	V	110	-8.216	14.246	61.112	NA	0.693443088277037	Inf	1.4233598023037923	0.9479248659072176	1	No-PER3D	No-Essential3D
111	S	111	-10.296	13.134	64.021	NA	0.684418145956608	Inf	1.5129636238954418	0.9479248659072176	1	No-PER3D	No-Essential3D
112	I	112	-13.701	14.306	64.928	NA	0.68585064570466	Inf	1.5430549469277208	0.9479248659072176	1	No-PER3D	No-Essential3D
113	S	113	-13.013	13.832	68.595	NA	0.690335305719921	Inf	1.5463945461304023	0	1	No-PER3D	No-Essential3D
114	T	114	-14.24	10.841	69.408	NA	0.690335305719921	Inf	1.5186018495805684	0	0.580206250683855	No-PER3D	No-Essential3D
115	E	115	-16.699	9.983	66.541	NA	0.692307692307692	Inf	1.4328700492378856	0	0.3384788609677453	No-PER3D	No-Essential3D
116	P	116	-20.095	7.94	66.623	NA	0.754901960784314	Inf	1.4926603644487906	0	0.580206250683855	No-PER3D	No-Essential3D
117	P	117	-21.033	4.595	66.616	NA	0.642335766423358	Inf	1.524939970344159	0	0.580206250683855	No-PER3D	No-Essential3D
118	T	118	-20.508	4.857	70.469	NA	0.641818181818182	Inf	1.718938062362181	0	0.580206250683855	No-PER3D	No-Essential3D
119	Y	119	-20.372	1.032	70.882	NA	0.717761557177616	Inf	1.8310931811243887	0	0.580206250683855	No-PER3D	No-Essential3D
120	L	120	-16.598	1.093	69.951	NA	0.643636363636364	Inf	1.8893599385339463	0	0.580206250683855	No-PER3D	No-Essential3D
121	R	121	-15.82	2.842	73.336	NA	0.636690647482014	Inf	1.8893599385339463	0	0.580206250683855	No-PER3D	No-Essential3D
122	E	122	-16.895	-0.284	75.251	NA	0.711111111111111	Inf	1.9718573012165108	0	0.5767558911004346	No-PER3D	No-Essential3D
123	Q	123	-15.076	-2.521	72.692	NA	0.705976734857601	Inf	2.0301355589202905	0	0.5767558911004346	No-PER3D	No-Essential3D
124	K	124	-11.793	-0.494	72.911	NA	0.711111111111111	Inf	2.0996136795190834	0	0.5767558911004346	No-PER3D	No-Essential3D
125	A	125	-11.64	0.115	76.738	NA	0.85958485958486	Inf	2.040481716066719	0	0.580206250683855	No-PER3D	No-Essential3D
126	K	126	-12.936	-2.83	78.899	NA	0.865196078431373	Inf	2.1076911617497167	0	1	No-PER3D	No-Essential3D
127	R	127	-11.922	-6.451	77.958	NA	0.811121323529412	Inf	2.127633807506156	0	1	No-PER3D	No-Essential3D
128	N	128	-8.521	-7.22	76.274	NA	0.815716911764706	Inf	1.7580604256569308	0	1	No-PER3D	No-Essential3D
129	S	129	-5.376	-4.97	76.71	NA	0.821033210332103	Inf	1.5512972258127848	0	0.9999999999999999	No-PER3D	No-Essential3D
130	Q	130	-4.69	-5.122	80.542	NA	0.75065893516078	Inf	0.8223534216125754	0	1	No-PER3D	No-Essential3D
131	W	131	-3.287	-8.681	80.607	NA	0.654411764705882	Inf	0.8972470080399603	0	1	No-PER3D	No-Essential3D
132	V	132	0.085	-9.986	81.464	NA	0.577453365774534	Inf	0.7750763188147001	0	0.5767558911004346	No-PER3D	No-Essential3D
133	P	133	1.295	-12.893	79.346	NA	0.51970802919708	Inf	1.092903461074898	0	0.5767558911004346	No-PER3D	No-Essential3D
134	T	134	-1.067	-15.776	79.91	NA	0.472461844724619	Inf	0.8365313349153758	0	0.5767558911004346	No-PER3D	No-Essential3D
135	L	135	-1.418	-19.074	81.821	NA	0.541362530413625	Inf	0.37316217869985724	0	0.5767558911004346	No-PER3D	No-Essential3D
136	P	136	0.129	-21.966	82.424	NA	0.517391304347826	Inf	0.2870086946011401	0	0.5767558911004346	No-PER3D	No-Essential3D
137	N	137	1.157	-22.352	86.029	NA	0.517391304347826	Inf	0.3374804971560908	0	0.5767558911004346	No-PER3D	No-Essential3D
138	S	138	4.827	-23.227	86.507	NA	0.4330900243309	Inf	0.45727299821541606	0	1	No-PER3D	No-Essential3D
139	S	139	7.661	-22.231	84.186	NA	0.483695652173913	Inf	0.5709415375701665	0	1	No-PER3D	No-Essential3D
140	H	140	7.871	-19.395	81.643	NA	0.57280385078219	Inf	0.698379192889058	0	1	No-PER3D	No-Essential3D
141	H	141	6.16	-16.283	80.29	NA	0.640287769784173	Inf	0.8006568872904793	0	1	No-PER3D	No-Essential3D
142	L	142	4.069	-14.136	82.596	NA	0.640794223826715	Inf	0.5888010899277051	0	0.5767558911004346	No-PER3D	No-Essential3D
143	D	143	7.335	-13.852	84.437	NA	0.703557312252964	Inf	0.7171289506299624	0	1	No-PER3D	No-Essential3D
144	A	144	10.559	-12.204	83.593	NA	0.702986544141779	Inf	1.0178602792728468	0	0.9999999999999999	No-PER3D	No-Essential3D
145	V	145	9.025	-9.935	81.08	NA	0.707509881422925	Inf	0.9923103823408703	0	1	No-PER3D	No-Essential3D
146	P	146	6.365	-7.97	83.047	NA	0.707509881422925	Inf	0.7837673926073689	0	1	No-PER3D	No-Essential3D
147	C	147	7.329	-5.262	80.622	NA	0.707509881422925	Inf	0.9165194679140839	0	1	No-PER3D	No-Essential3D
148	S	148	5.08	-6.319	77.761	NA	0.704955694125369	Inf	1.184567566394888	0	0.9999999999999999	No-PER3D	No-Essential3D
149	T	149	2.475	-4.72	79.933	NA	0.646209386281588	Inf	0.779361390598039	0	0.5767558911004346	No-PER3D	No-Essential3D
150	T	150	-0.418	-2.318	79.788	NA	0.646209386281588	Inf	0.8853055879837971	0	1	No-PER3D	No-Essential3D
151	I	151	1.543	-0.241	82.265	NA	0.596015495296071	Inf	0.48234499631391137	0	0.3384788609677453	No-PER3D	No-Essential3D
152	N	152	4.452	0.231	79.831	NA	0.554531490015361	Inf	0.7689872738119865	0	0.580206250683855	No-PER3D	No-Essential3D
153	R	153	1.848	1.542	77.405	NA	0.497656465398401	Inf	0.9569600870606694	0	0.5767558911004346	No-PER3D	No-Essential3D
154	N	154	0.116	4.322	79.424	NA	0.497656465398401	Inf	0.687477185698612	0	0.5767558911004346	No-PER3D	No-Essential3D
155	R	155	3.431	5.346	80.942	NA	0.497656465398401	Inf	0.43901149164372544	0	0.580206250683855	No-PER3D	No-Essential3D
156	M	156	5.004	6.131	77.52	NA	0.428232502965599	Inf	0.43909370875736975	0	0.5767558911004346	No-PER3D	No-Essential3D
157	G	157	8.439	7.346	78.592	NA	0.490622451753194	Inf	0.27486194812901416	0	0.5767558911004346	No-PER3D	No-Essential3D
158	R	158	8.113	8.036	82.37	NA	0.547112462006079	Inf	0.3000834470102972	0	0.5767558911004346	No-PER3D	No-Essential3D
159	D	159	10.62	5.418	83.721	NA	0.595744680851064	Inf	0.44887590762351326	0	0.5767558911004346	No-PER3D	No-Essential3D
160	K	160	9.221	3.926	86.998	NA	0.558510638297872	Inf	0.48908877735304473	0	0.580206250683855	No-PER3D	No-Essential3D
161	K	161	10.692	0.43	86.793	NA	0.529411764705882	Inf	0.7005706890237351	0	0.5767558911004346	No-PER3D	No-Essential3D
162	R	162	8.365	-1.69	88.904	NA	0.562948028673835	Inf	0.3971894765281927	0	0.3384788609677453	No-PER3D	No-Essential3D
163	T	163	10.732	-4.574	88.15	NA	0.601666666666667	Inf	0.6159128074652382	0	0.9999999999999999	No-PER3D	No-Essential3D
164	F	164	9.512	-7.1	90.584	NA	0.602150537634409	Inf	0.5296435952053766	0	1	No-PER3D	No-Essential3D
165	P	165	10.235	-10.239	88.619	NA	0.602150537634409	Inf	0.7967264459970393	0	1	No-PER3D	No-Essential3D
166	L	166	7.166	-11.346	90.365	NA	0.554984583761562	Inf	0.5651686238209568	0	0.5767558911004346	No-PER3D	No-Essential3D
167	C	167	7.933	-14.975	90.591	NA	0.554984583761562	Inf	0.717806959814918	0	0.5767558911004346	No-PER3D	No-Essential3D
168	F	168	4.316	-15.769	90.758	NA	0.52129963898917	Inf	0.5159783903198728	0	0.3384788609677453	No-PER3D	No-Essential3D
169	D	169	4.384	-18.3	93.589	NA	0.568120503597122	Inf	0.5843100656655092	0	0.580206250683855	No-PER3D	No-Essential3D
170	D	170	2.515	-15.33	95.184	NA	0.570171480144404	Inf	0.479421683026102	0	0.3384788609677453	No-PER3D	No-Essential3D
171	H	171	0.287	-15.051	92.063	NA	0.490489130434783	Inf	0.19977116985318263	0	0.5767558911004346	No-PER3D	No-Essential3D
172	D	172	-3.306	-15.325	91.046	NA	0.434416365824308	Inf	-0.09990165120943506	0	0.5767558911004346	No-PER3D	No-Essential3D
173	P	173	-3.959	-13.075	88.919	NA	0.432853717026379	Inf	0.010983406775711007	0	0.5767558911004346	No-PER3D	No-Essential3D
174	A	174	-5.289	-10.283	91.081	NA	0.369989722507708	Inf	-0.21455182530285022	0	0.5767558911004346	No-PER3D	No-Essential3D
175	V	175	-2.33	-9.515	93.371	NA	0.37132542547705	Inf	-0.04617498900172794	0	0.580206250683855	No-PER3D	No-Essential3D
176	I	176	-0.143	-8.801	90.325	NA	0.368663594470046	Inf	0.29313265546882017	0	0.3384788609677453	No-PER3D	No-Essential3D
177	H	177	-2.918	-6.672	88.773	NA	0.347826086956522	Inf	0.012100225924934082	0	0.3384788609677453	No-PER3D	No-Essential3D
178	E	178	-3.701	-4.97	92.15	NA	0.405009025270758	Inf	-0.38584556537466014	0	0.3384788609677453	No-PER3D	No-Essential3D
179	N	179	-0.038	-4.272	93.158	NA	0.377100840336134	Inf	0.17265237404191536	0	0.19654108544101576	No-PER3D	No-Essential3D
180	A	180	0.756	-2.858	89.715	NA	0.381184964960714	Inf	0.22719930744216743	0	0.3386633856927192	No-PER3D	No-Essential3D
181	S	181	-0.723	0.707	89.309	NA	0.385358522971232	Inf	-0.06847808811821923	0	0.580206250683855	No-PER3D	No-Essential3D
182	Q	182	-2.146	2.545	92.434	NA	0.409090909090909	Inf	-0.3381839510969278	0	0.5767558911004346	No-PER3D	No-Essential3D
183	P	183	-0.29	1.107	94.089	NA	0.437575757575758	Inf	0.040946600069076265	0	0.3386633856927192	No-PER3D	No-Essential3D
184	E	184	0.67	-1.844	96.244	NA	0.434416365824308	Inf	0.3061793669370784	0	0.19654108544101576	No-PER3D	No-Essential3D
185	V	185	4.358	-2.321	96.615	NA	0.437575757575758	Inf	0.5085693119836313	0	0.19817579733039306	No-PER3D	No-Essential3D
186	L	186	5.452	-5.794	97.347	NA	0.464544513457557	Inf	0.644768493240951	0	0.19654108544101576	No-PER3D	No-Essential3D
187	V	187	8.973	-6.112	98.624	NA	0.484262589928058	Inf	0.8360537182757352	0	0.19654108544101576	No-PER3D	No-Essential3D
188	P	188	10.606	-9.444	98.288	NA	0.482142857142857	Inf	0.7149884960634404	0	0.580206250683855	No-PER3D	No-Essential3D
189	I	189	11.836	-10.731	101.594	NA	0.428571428571429	Inf	0.7673266376998461	0.39485188153798084	0.6823899612274522	No-PER3D	No-Essential3D
190	R	190	14.357	-13.491	101.468	NA	0.367639528929852	Inf	0.648412902217514	0.7494764745324304	1	No-PER3D	No-Essential3D
191	L	191	14.858	-15.262	104.736	NA	0.396236856668511	Inf	0.6448986436053531	0.5217657039756488	1	No-PER3D	No-Essential3D
192	D	192	17.931	-17.417	104.745	NA	0.497491638795987	Inf	0.7850483275856214	0.7494764745324304	1	No-PER3D	No-Essential3D
193	M	193	19.151	-18.51	108.111	NA	0.495695640099972	Inf	0.9474215908831117	0.9479248659072176	1	No-PER3D	No-Essential3D
194	E	194	19.517	-21.446	110.428	NA	0.6014440433213	Inf	1.0163219889296549	0.9479248659072176	1	No-PER3D	No-Essential3D
195	I	195	18.813	-21.311	114.13	NA	0.687364620938628	Inf	0.7904108730560896	0.9479248659072176	1	No-PER3D	No-Essential3D
196	D	196	18.46	-24.126	116.642	NA	0.731757451181912	Inf	1.0395928478048437	0	1	No-PER3D	No-Essential3D
197	G	197	19.569	-26.353	113.839	NA	0.726530612244898	Inf	1.3123986979190674	0	1	No-PER3D	No-Essential3D
198	Q	198	16.407	-25.496	111.966	NA	0.726530612244898	Inf	1.181235304123163	1.9316049262261559	0.5079787234042553	No-PER3D	No-Essential3D
199	K	199	17.047	-24.193	108.487	NA	0.753875557443194	Inf	1.2040980173500577	1.9316049262261559	0.5079787234042553	No-PER3D	No-Essential3D
200	L	200	14.842	-21.492	107.114	NA	0.754475703324808	Inf	0.9608347865406719	0.7494764745324304	1	No-PER3D	No-Essential3D
201	R	201	14.796	-20.711	103.452	NA	0.709987966305656	Inf	1.0100925112668084	0.9479248659072176	1	No-PER3D	No-Essential3D
202	D	202	11.716	-18.747	102.668	NA	0.751751964323636	Inf	0.8298633767926895	0.9479248659072176	1	No-PER3D	No-Essential3D
203	A	203	10.892	-15.975	100.26	NA	0.780986762936221	Inf	0.6742726460555633	0.9479248659072176	1	No-PER3D	No-Essential3D
204	F	204	7.723	-13.983	100.644	NA	0.775388291517324	Inf	0.8053959714842602	0.7494764745324304	1	No-PER3D	No-Essential3D
205	T	205	6.07	-10.747	99.656	NA	0.800751879699248	Inf	0.6520711280415177	0	0.11493961277920943	No-PER3D	No-Essential3D
206	W	206	5.544	-7.877	102.016	NA	0.763440860215054	Inf	1.018718588541716	0	0.11273030188207765	No-PER3D	No-Essential3D
207	N	207	3.186	-5.076	101.102	NA	0.75531914893617	Inf	0.9235284341937252	0	0.11493961277920943	No-PER3D	No-Essential3D
208	M	208	5.2	-1.999	101.918	NA	0.815957446808511	Inf	1.1039711266448995	0	0.11493961277920943	No-PER3D	No-Essential3D
209	N	209	2.053	0.051	102.175	NA	0.747887323943662	Inf	1.1728388253279705	0	0.19654108544101576	No-PER3D	No-Essential3D
210	E	210	1.056	-1.982	105.236	NA	0.774356385663806	Inf	1.5004791839584117	0	0.19654108544101576	No-PER3D	No-Essential3D
211	K	211	1.254	0.273	108.265	NA	0.813074204946996	Inf	1.1089602217267323	0	0.19817579733039306	No-PER3D	No-Essential3D
212	L	212	-0.719	-1.855	110.697	NA	0.810211267605634	Inf	1.000082943052722	0	0.19817579733039306	No-PER3D	No-Essential3D
213	M	213	1.111	-5.136	110.347	NA	0.810211267605634	Inf	1.3332492409108034	0	0.11273030188207765	No-PER3D	No-Essential3D
214	T	214	4.468	-5.257	112.037	NA	0.779867819013727	Inf	0.9229149760109373	0	0.06366307044835712	No-PER3D	No-Essential3D
215	P	215	7.356	-7.578	111.413	NA	0.749188311688312	Inf	0.9571290837912341	0	0.06579795782058682	No-PER3D	No-Essential3D
216	E	216	6.923	-9.133	114.824	NA	0.719183419043167	Inf	0.6567577861767557	0	0.19654108544101576	No-PER3D	No-Essential3D
217	M	217	3.269	-9.802	114.133	NA	0.687603763143332	Inf	0.8894357446976114	0	0.19654108544101576	No-PER3D	No-Essential3D
218	F	218	4.079	-11.359	110.806	NA	0.691696642685851	Inf	1.2630948734260719	0	0.06579795782058682	No-PER3D	No-Essential3D
219	S	219	6.58	-13.647	112.471	NA	0.670538377020876	Inf	0.9146189985278447	0	0.11273030188207765	No-PER3D	No-Essential3D
220	E	220	4.133	-14.35	115.255	NA	0.674858223062382	Inf	1.0356453243616632	0	0.11273030188207765	No-PER3D	No-Essential3D
221	I	221	1.571	-15.505	112.757	NA	0.670003127932437	Inf	1.2065826649219171	0	0.11493961277920943	No-PER3D	No-Essential3D
222	L	222	4.114	-17.62	110.912	NA	0.665217391304348	Inf	1.1827283994277114	0	0.11493961277920943	No-PER3D	No-Essential3D
223	C	223	5.394	-19.31	114.028	NA	0.69115890083632	Inf	0.9143914489591863	0	0.19654108544101576	No-PER3D	No-Essential3D
224	D	224	1.933	-20.731	114.455	NA	0.686755952380952	Inf	1.0385283142785988	0	0.580206250683855	No-PER3D	No-Essential3D
225	D	225	1.237	-21.16	110.752	NA	0.636200716845878	Inf	1.205668693592742	0	0.5767558911004346	No-PER3D	No-Essential3D
226	L	226	4.612	-22.724	109.965	NA	0.574675324675325	Inf	1.2633341198538681	0	0.580206250683855	No-PER3D	No-Essential3D
227	D	227	4.926	-24.345	113.381	NA	0.57999348321929	Inf	1.0205320904175437	0	0.5767558911004346	No-PER3D	No-Essential3D
228	L	228	8.156	-22.612	114.273	NA	0.580899245159173	Inf	1.1240093889059917	0	0.3384788609677453	No-PER3D	No-Essential3D
229	N	229	9.444	-21.742	117.75	NA	0.617899079657252	Inf	1.0090197325766852	0	0.3384788609677453	No-PER3D	No-Essential3D
230	P	230	8.392	-18.164	118.309	NA	0.557773109243697	Inf	0.9348356567052407	0	0.19654108544101576	No-PER3D	No-Essential3D
231	L	231	10.672	-17.817	121.281	NA	0.52014652014652	Inf	0.8073099995138022	0	0.3386633856927192	No-PER3D	No-Essential3D
232	T	232	13.923	-17.895	119.365	NA	0.547061083365348	Inf	0.8374030276334143	0	0.3386633856927192	No-PER3D	No-Essential3D
233	F	233	12.652	-17.143	115.875	NA	0.519272727272727	Inf	0.8988782816008251	0	0.11493961277920943	No-PER3D	No-Essential3D
234	V	234	10.352	-14.168	116.207	NA	0.485336958632744	Inf	0.8396035442457106	0	0.11493961277920943	No-PER3D	No-Essential3D
235	P	235	12.974	-11.714	117.41	NA	0.49859943977591	Inf	0.7631209461965418	0	0.11493961277920943	No-PER3D	No-Essential3D
236	A	236	15.359	-12.859	114.692	NA	0.454744525547445	Inf	0.5966918042751558	0	0.19654108544101576	No-PER3D	No-Essential3D
237	I	237	12.751	-13	111.967	NA	0.494960027806743	Inf	0.7039487772152917	0.25772155256353435	0.28758370546595835	No-PER3D	No-Essential3D
238	A	238	11.276	-9.648	112.794	NA	0.501327668613914	Inf	0.6893577037872344	0	0.11273030188207765	No-PER3D	No-Essential3D
239	S	239	14.695	-8.078	112.494	NA	0.460594795539033	Inf	0.5163073658888244	0	0.19817579733039306	No-PER3D	No-Essential3D
240	A	240	15.389	-9.844	109.25	NA	0.480843653250774	Inf	0.4819656739222155	0	0.11493961277920943	No-PER3D	No-Essential3D
241	I	241	12.165	-8.632	107.706	NA	0.483977471353661	Inf	0.8693278480989303	0	0.06579795782058682	No-PER3D	No-Essential3D
242	R	242	12.624	-5.148	109.095	NA	0.485769980506823	Inf	0.6693991575175481	0	0.19654108544101576	No-PER3D	No-Essential3D
243	Q	243	16.123	-4.776	107.792	NA	0.483977471353661	Inf	0.22776259333892315	0	0.580206250683855	No-PER3D	No-Essential3D
244	Q	244	15.184	-5.768	104.295	NA	0.526937269372694	Inf	0.6908110480320261	0	0.19817579733039306	No-PER3D	No-Essential3D
245	I	245	12.276	-3.377	104.353	NA	0.555165692007797	Inf	0.8606447437780108	0	0.11273030188207765	No-PER3D	No-Essential3D
246	E	246	14.476	-0.596	105.623	NA	0.6	Inf	0.7061190823853808	0	0.3384788609677453	No-PER3D	No-Essential3D
247	S	247	17.037	-1.43	102.983	NA	0.624561403508772	Inf	0.630306979590717	0	1	No-PER3D	No-Essential3D
248	Y	248	14.312	-1.036	100.337	NA	0.661710037174721	Inf	0.8250316359977916	0	0.580206250683855	No-PER3D	No-Essential3D
249	P	249	14.502	2.363	98.72	NA	0.697416974169742	Inf	0.9383925921290568	0	0.5767558911004346	No-PER3D	No-Essential3D
250	T	250	10.923	3.246	97.972	NA	0.702602230483271	Inf	0.8933679748111781	0	0.11493961277920943	No-PER3D	No-Essential3D
251	D	251	11.463	6.862	97.073	NA	0.70324846356453	Inf	1.086011701927427	0	0.5767558911004346	No-PER3D	No-Essential3D
252	S	252	14.229	9.411	97.434	NA	0.695463425222488	Inf	1.1552629835970276	0	1	No-PER3D	No-Essential3D
253	I	253	12.284	12.659	97.727	NA	0.654411764705882	Inf	1.1279574207645258	0	1	No-PER3D	No-Essential3D
254	L	254	11.041	12.757	101.294	NA	0.542919389978214	Inf	0.9237809082058361	0	0.5767558911004346	No-PER3D	No-Essential3D
255	E	255	12.595	11.386	104.437	NA	0.5449376776733	Inf	0.7214452065732954	0	0.580206250683855	No-PER3D	No-Essential3D
256	D	256	9.363	11.644	106.388	NA	0.5449376776733	Inf	0.19498144559214506	0	0.3384788609677453	No-PER3D	No-Essential3D
257	Q	257	7.294	8.688	105.375	NA	0.574723247232472	Inf	0.5976328381643665	0	0.19654108544101576	No-PER3D	No-Essential3D
258	S	258	5.567	9.004	108.731	NA	0.573108856088561	Inf	6.555460394291275e-4	0.6168039177913184	1	No-PER3D	No-Essential3D
259	D	259	5.382	12.775	108.337	NA	0.535444947209653	Inf	-0.18886405603733358	0.9479248659072176	1	No-PER3D	No-Essential3D
260	Q	260	6.308	13.761	111.833	NA	0.484489051094891	Inf	-0.15416245586034819	0.6168039177913184	1	No-PER3D	No-Essential3D
261	R	261	8.54	10.925	112.96	NA	0.548571428571429	Inf	-0.3749532691405014	0.5217657039756488	1	No-PER3D	No-Essential3D
262	V	262	8.964	7.187	112.862	NA	0.546583850931677	Inf	-0.40971057071031214	0	0.3384788609677453	No-PER3D	No-Essential3D
263	I	263	6.003	5.494	114.552	NA	0.542242703533026	Inf	-0.29577435073691216	0	0.3384788609677453	No-PER3D	No-Essential3D
264	I	264	4.254	8.149	116.568	NA	0.588628762541806	Inf	-0.5622946200082032	0.6168039177913184	1	No-PER3D	No-Essential3D
265	K	265	3.435	6.981	120.015	NA	0.546583850931677	Inf	-1.0320066791777276	0.7494764745324304	1	No-PER3D	No-Essential3D
266	L	266	-0.207	7.079	119.474	NA	0.529891304347826	Inf	-0.898936606319672	0.7494764745324304	1	No-PER3D	No-Essential3D
267	N	267	-0.814	9.919	117.099	NA	0.529891304347826	Inf	-0.468026961024032	0.7494764745324304	1	No-PER3D	No-Essential3D
268	I	268	0.533	13.43	117.18	NA	0.505035971223022	Inf	-0.32604157936264633	0.7494764745324304	1	No-PER3D	No-Essential3D
269	H	269	-0.802	16.289	115.126	NA	0.462450592885376	Inf	-0.18681151691325906	0.9479248659072176	1	No-PER3D	No-Essential3D
270	V	270	1.545	18.964	113.954	NA	0.423913043478261	Inf	-0.18142308244807037	0.9479248659072176	1	No-PER3D	No-Essential3D
271	G	271	1.131	20.834	110.675	NA	0.421179302045728	Inf	-0.3960736732762493	3.872983588284918	0.37500000000000006	No-PER3D	No-Essential3D
272	N	272	-0.736	17.85	109.239	NA	0.379347826086957	Inf	-0.5579853886000827	3.872983588284918	0.37500000000000006	No-PER3D	No-Essential3D
273	I	273	2.438	15.83	109.482	NA	0.379347826086957	Inf	-0.19316905205240675	0.9479248659072176	1	No-PER3D	No-Essential3D
274	S	274	1.086	13.107	111.663	NA	0.346115702479339	Inf	-0.22870150932416647	0.7494764745324304	1	No-PER3D	No-Essential3D
275	L	275	3.448	10.947	113.588	NA	0.253818181818182	Inf	-0.433562981877977	0.7494764745324304	1	No-PER3D	No-Essential3D
276	V	276	2.258	7.474	114.413	NA	0.253818181818182	Inf	-0.268436796823893	0.7494764745324304	1	No-PER3D	No-Essential3D
277	D	277	3.784	4.691	116.435	NA	0.160386029411765	Inf	-0.5379085367446967	0	0.580206250683855	No-PER3D	No-Essential3D
278	Q	278	2.828	1.37	117.948	NA	0.160386029411765	Inf	-0.11095277660715004	0	1	No-PER3D	No-Essential3D
279	F	279	4.569	-0.079	120.965	NA	0.16025641025641	Inf	-0.8012094159923416	0	1	No-PER3D	No-Essential3D
280	E	280	4.02	-2.063	124.117	NA	0	Inf	-2.6734612898673635	0	1	No-PER3D	No-Essential3D
281	W	281	4.118	0.014	127.255	NA	0	Inf	-2.334896818014455	0	1	No-PER3D	No-Essential3D
282	D	282	4.576	-1.183	130.805	NA	0	Inf	-2.6514849594204324	0	1	No-PER3D	No-Essential3D
283	M	283	2.432	1.159	132.856	NA	0	Inf	-1.8715444819899572	0	0.9999999999999999	No-PER3D	No-Essential3D
284	S	284	3.554	-0.288	136.177	NA	0.129739776951673	Inf	-2.1356763953134905	0	1	No-PER3D	No-Essential3D
285	E	285	7.265	0.434	136.233	NA	0.14469320066335	Inf	-3.3432845930616106	0	1	No-PER3D	No-Essential3D
286	K	286	8.53	3.932	135.881	NA	0.14469320066335	Inf	-3.277816371875071	0	1	No-PER3D	No-Essential3D
287	E	287	11.82	2.958	134.32	NA	0.128782287822878	Inf	-3.277816371875071	0	1	No-PER3D	No-Essential3D
288	N	288	11.262	5.122	131.319	NA	0.129739776951673	Inf	-3.038043678289087	0	0.9999999999999999	No-PER3D	No-Essential3D
289	S	289	9.932	8.619	131.431	NA	0.118385345997286	Inf	-2.420732601029553	0	1	No-PER3D	No-Essential3D
290	P	290	7.619	9.409	128.608	NA	0.131203007518797	Inf	-1.7570759209931675	0	1	No-PER3D	No-Essential3D
291	E	291	9.569	12.536	127.853	NA	0.130711610486891	Inf	-1.4563443507622906	0	1	No-PER3D	No-Essential3D
292	K	292	12.637	10.364	127.566	NA	0.130597014925373	Inf	-1.6987932891472906	0	1	No-PER3D	No-Essential3D
293	F	293	10.718	8.041	125.296	NA	0.118933697881066	Inf	-1.5188560056951037	0	0.580206250683855	No-PER3D	No-Essential3D
294	A	294	9.643	11.02	123.262	NA	0.118488253319714	Inf	-0.8589598618545858	0	0.3386633856927192	No-PER3D	No-Essential3D
295	L	295	13.224	12.231	122.932	NA	0.118046132971506	Inf	-0.9566215211560148	0	0.3384788609677453	No-PER3D	No-Essential3D
296	K	296	14.574	8.914	121.728	NA	0.21641791044776101	Inf	-1.0431844176050202	0	0.3384788609677453	No-PER3D	No-Essential3D
297	L	297	12.204	8.916	118.788	NA	0.371321562332798	Inf	-0.9337195833239026	0	0.3384788609677453	No-PER3D	No-Essential3D
298	C	298	13.159	12.372	117.639	NA	0.371643394199785	Inf	-0.6134151396493609	0	0.3386633856927192	No-PER3D	No-Essential3D
299	S	299	16.828	11.561	117.977	NA	0.375541125541126	Inf	-0.8743737676494406	0	1	No-PER3D	No-Essential3D
300	E	300	16.665	8.498	115.788	NA	0.404428904428904	Inf	-0.9174443592492894	0	1	No-PER3D	No-Essential3D
301	L	301	14.182	9.955	113.329	NA	0.504079254079254	Inf	-0.31703489362319626	0	0.3384788609677453	No-PER3D	No-Essential3D
302	G	302	15.988	13.263	113.069	NA	0.505079825834543	Inf	-0.24321958965534463	0	0.580206250683855	No-PER3D	No-Essential3D
303	L	303	12.836	15.264	113.677	NA	0.505536130536131	Inf	-0.30392163232791064	0	0.3386633856927192	No-PER3D	No-Essential3D
304	G	304	12.807	18.821	114.969	NA	0.5079271873165	Inf	-0.3073342526129598	0	0.3384788609677453	No-PER3D	No-Essential3D
305	G	305	12.692	20.046	118.562	NA	0.549242424242424	Inf	-0.44856762452370597	0	0.5767558911004346	No-PER3D	No-Essential3D
306	E	306	8.959	20.711	118.432	NA	0.549746514575412	Inf	-0.2984659779974186	0.9479248659072176	1	No-PER3D	No-Essential3D
307	F	307	8.313	16.973	118.623	NA	0.553435114503817	Inf	-0.5876362591866553	0.5217657039756488	1	No-PER3D	No-Essential3D
308	V	308	9.904	16.681	122.04	NA	0.552915082382763	Inf	-0.690157265575841	0	0.3384788609677453	No-PER3D	No-Essential3D
309	T	309	6.974	18.318	123.82	NA	0.552915082382763	Inf	-0.8609605698608773	0.9479248659072176	1	No-PER3D	No-Essential3D
310	T	310	4.19	17.115	121.567	NA	0.506072874493927	Inf	-0.575439959110688	0.6168039177913184	1	No-PER3D	No-Essential3D
311	I	311	4.924	13.427	121.831	NA	0.466417910447761	Inf	-0.7756280513337103	0.6168039177913184	1	No-PER3D	No-Essential3D
312	A	312	5.241	13.63	125.605	NA	0.438202247191011	Inf	-0.9435094288099171	0	0.5767558911004346	No-PER3D	No-Essential3D
313	Y	313	2.07	15.634	125.97	NA	0.474393530997305	Inf	-0.7283535424108011	1.2771856210293162	1	No-PER3D	No-Essential3D
314	S	314	0.158	13.21	123.776	NA	0.446134347275032	Inf	-0.6852339886968967	0.9479248659072176	1	No-PER3D	No-Essential3D
315	I	315	1.485	10.223	125.73	NA	0.446134347275032	Inf	-1.1058434707650648	0	0.5767558911004346	No-PER3D	No-Essential3D
316	R	316	0.563	11.481	129.166	NA	0.444444444444444	Inf	-0.8419366286420318	1.2771856210293162	1	No-PER3D	No-Essential3D
317	G	317	-2.989	11.884	128.037	NA	0.444444444444444	Inf	-0.18891703740585855	1.2771856210293162	1	No-PER3D	No-Essential3D
318	Q	318	-2.809	8.381	126.679	NA	0.44110275689223	Inf	-0.5295488415127313	1.2771856210293162	1	No-PER3D	No-Essential3D
319	L	319	-1.457	7.085	129.956	NA	0.444025157232704	Inf	-0.9192125454384611	1.9316049262261559	0.5079787234042553	No-PER3D	No-Essential3D
320	S	320	-4.083	8.869	131.995	NA	0.482124616956078	Inf	-0.2885656073280527	3.872983588284918	0.37500000000000006	No-PER3D	No-Essential3D
321	W	321	-6.617	7.179	129.79	NA	0.487135506003431	Inf	-0.22545223092845074	3.872983588284918	0.37500000000000006	No-PER3D	No-Essential3D
322	H	322	-5.184	3.785	130.585	NA	0.551927860696518	Inf	-0.8383993542878749	3.872983588284918	0.37500000000000006	No-PER3D	No-Essential3D
323	Q	323	-5.071	4.818	134.204	NA	0.551927860696518	Inf	-0.9013226600650792	3.872983588284918	0.37500000000000006	No-PER3D	No-Essential3D
324	K	324	-8.626	6.015	133.898	NA	0.553482587064677	Inf	-0.3497775875793866	3.872983588284918	0.37500000000000006	No-PER3D	No-Essential3D
325	T	325	-9.885	2.588	133.029	NA	0.549382716049383	Inf	-0.14508706984190756	58.0047433218053	0.2083333333333334	No-PER3D	No-Essential3D
326	Y	326	-8.114	1.055	135.949	NA	0.608547008547009	Inf	-0.80532086512146706	58.0047433218053	0.2083333333333334	No-PER3D	No-Essential3D
327	A	327	-9.82	3.465	138.283	NA	0.548892988929889	Inf	-0.57854721693714	58.0047433218053	0.2083333333333334	No-PER3D	No-Essential3D
328	F	328	-11.825	4.09	140.732	NA	0.405698005698006	Inf	-0.753810393793761	1.9316049262261559	0.5079787234042553	No-PER3D	No-Essential3D
329	S	329	-11.439	0.504	141.775	NA	0.373220875065894	Inf	-0.7083198998432655	3.872983588284918	0.37500000000000006	No-PER3D	No-Essential3D
330	E	330	-8.585	-0.851	143.826	NA	0.346078431372549	Inf	-0.7382966898943414	0	0.9999999999999999	No-PER3D	No-Essential3D
331	N	331	-5.365	0.553	142.478	NA	0.324448529411765	Inf	-0.7582569944883376	3.872983588284918	0.37500000000000006	No-PER3D	No-Essential3D
332	P	332	-2.065	1.35	144.083	NA	0.261481481481482	Inf	-0.9225416596132552	0	0.9999999999999999	No-PER3D	No-Essential3D
333	L	333	-2.908	5.007	144.341	NA	0.262453531598513	Inf	-0.8636351239647437	3.872983588284918	0.37500000000000006	No-PER3D	No-Essential3D
334	P	334	-6.337	6.384	144.288	NA	0.327777777777778	Inf	-0.8046380076851674	1.9316049262261559	0.5079787234042553	No-PER3D	No-Essential3D
335	T	335	-6.767	9.87	142.937	NA	0.330223880597015	Inf	-0.8786271510303323	1.9316049262261559	0.5079787234042553	No-PER3D	No-Essential3D
336	V	336	-8.526	12.408	145.028	NA	0.332706766917293	Inf	-1.131863195889389	0	1	No-PER3D	No-Essential3D
337	E	337	-9.657	15.955	144.628	NA	0.331460674157303	Inf	-1.3081309435422968	0	1	No-PER3D	No-Essential3D
338	I	338	-9.205	18.125	147.616	NA	0.328703703703704	Inf	-1.2987264995070722	0	1	No-PER3D	No-Essential3D
339	A	339	-12.114	16.816	149.597	NA	0.330855018587361	Inf	-1.2987264995070722	0	1	No-PER3D	No-Essential3D
340	I	340	-12.994	13.633	151.353	NA	0.327490774907749	Inf	-1.2228968637273128	0	1	No-PER3D	No-Essential3D
341	R	341	-16.013	11.827	150.025	NA	0.348039215686275	Inf	-1.1590974814826465	0	1	No-PER3D	No-Essential3D
342	N	342	-17.113	9.472	147.304	NA	0.373949579831933	Inf	-1.1185423604182871	0	1	No-PER3D	No-Essential3D
343	T	343	-20.349	7.758	146.516	NA	0.374275171323142	Inf	-0.9950711727286804	0	1	No-PER3D	No-Essential3D
344	G	344	-21.944	5.217	144.262	NA	0.374275171323142	Inf	-0.9569406980937533	0	1	No-PER3D	No-Essential3D
345	D	345	-19.401	2.487	144.512	NA	0.404200965086574	Inf	-0.8411669780330318	0	1	No-PER3D	No-Essential3D
346	A	346	-17.19	0.893	147.08	NA	0.404200965086574	Inf	-0.8320734821727913	0	1	No-PER3D	No-Essential3D
347	D	347	-14.055	-0.623	145.686	NA	0.40349394195548	Inf	-0.7799830318471211	0	1	No-PER3D	No-Essential3D
348	Q	348	-12.998	-3.907	147.127	NA	0.400898371701291	Inf	-0.8122879251398907	0	0.9999999999999999	No-PER3D	No-Essential3D
349	W	349	-9.4	-3.758	148.218	NA	0.434306569343066	Inf	-1.0716299951012538	0	0.9999999999999999	No-PER3D	No-Essential3D
350	C	350	-7.885	-2.689	151.455	NA	0.435897435897436	Inf	-1.0986993339377145	0	0.9999999999999999	No-PER3D	No-Essential3D
351	P	351	-10.878	-0.624	152.182	NA	0.402021336327906	Inf	-0.9774084405196393	0	0.9999999999999999	No-PER3D	No-Essential3D
352	L	352	-10.148	3.014	151.484	NA	0.404977375565611	Inf	-1.1058415119907663	0	1	No-PER3D	No-Essential3D
353	L	353	-13.65	4.117	152.527	NA	0.327838827838828	Inf	-0.9786168493971998	0	1	No-PER3D	No-Essential3D
354	E	354	-13.74	2.061	155.718	NA	0.327838827838828	Inf	-0.9392427398402174	1.9316049262261559	0.5079787234042553	No-PER3D	No-Essential3D
355	T	355	-12.3	5.122	157.613	NA	0.353754940711462	Inf	-1.0858563253480222	3.872983588284918	0.37500000000000006	No-PER3D	No-Essential3D
356	L	356	-11.985	4.258	161.265	NA	0.352477847062685	Inf	-0.9721683976284212	58.0047433218053	0.007978723404255319	PER3D	Essential3D
357	T	357	-11.25	5.887	164.582	NA	0.323104693140794	Inf	-0.9748658100570959	58.0047433218053	0.007978723404255319	PER3D	Essential3D
358	D	358	-8.027	6.686	166.396	NA	0.354743083003953	Inf	-1.1042539824788347	58.0047433218053	0.00145847632120796	PER3D	Essential3D
359	A	359	-8.586	3.588	168.42	NA	0.326363636363636	Inf	-1.169980002590399	58.0047433218053	0.00145847632120796	PER3D	Essential3D
360	E	360	-8.506	1.392	165.386	NA	0.370293965961836	Inf	-1.185185534608328	58.0047433218053	0.00145847632120796	PER3D	Essential3D
361	M	361	-5.466	2.973	163.879	NA	0.433574879227053	Inf	-1.2803031663564348	58.0047433218053	2.536480558622545e-4	PER3D	Essential3D
362	E	362	-3.665	2.911	167.174	NA	0.432009626955475	Inf	-1.3241927477857975	58.0047433218053	2.536480558622545e-4	PER3D	Essential3D
363	K	363	-4.759	-0.68	167.499	NA	0.435151515151515	Inf	-1.3241927477857975	58.0047433218053	2.536480558622545e-4	PER3D	Essential3D
364	K	364	-3.127	-1.581	164.203	NA	0.435151515151515	Inf	-1.3946622682428313	23.793434493560934	0.001312837739682656	PER3D	Essential3D
365	I	365	-0.047	0.469	164.862	NA	0.258695652173913	Inf	-1.440938575090191	17.93575651545933	0.006277789382590786	PER3D	Essential3D
366	R	366	0.315	-0.974	168.316	NA	0.259701492537313	Inf	-1.4401010708246567	30.43688769945456	2.5364805586225453e-4	PER3D	Essential3D
367	D	367	-0.301	-4.434	166.95	NA	0.258778625954198	Inf	-1.4576995407358493	30.43688769945456	2.5364805586225453e-4	PER3D	Essential3D
368	Q	368	2.261	-3.876	164.243	NA	0.259842519685039	Inf	-1.4840398599096356	30.43688769945456	2.5364805586225453e-4	PER3D	Essential3D
369	D	369	4.54	-2.624	166.946	NA	0.260728744939271	Inf	-1.4823763903861402	46.78437206563296	7.513578774264908e-6	PER3D	Essential3D
370	R	370	3.992	-5.866	168.792	NA	0.2625	Inf	-1.5393786624321093	57.0047433218053	1.1480319530238336e-6	PER3D	Essential3D
371	N	371	4.724	-7.861	165.651	NA	0.263519313304721	Inf	-1.6640211177373858	38.03803652114609	4.538042140318631e-5	PER3D	Essential3D
372	T	372	7.872	-5.944	164.867	NA	0.262555066079295	Inf	-1.652779123982019	38.03803652114609	4.538042140318631e-5	PER3D	Essential3D
373	R	373	8.866	-6.023	168.485	NA	0.26036036036036	Inf	-1.7255736045036065	38.03803652114609	4.538042140318631e-5	PER3D	Essential3D
374	R	374	8.259	-9.746	168.648	NA	0.32258064516129	Inf	-1.7099862386491242	38.03803652114609	4.538042140318631e-5	PER3D	Essential3D
375	M	375	10.367	-10.243	165.575	NA	0.323809523809524	Inf	-1.6573129603572423	15.170866401561018	8.784509592394572e-4	PER3D	Essential3D
376	R	376	12.919	-7.857	166.967	NA	0.322303921568627	Inf	-1.5825337941386832	10.052834026086009	0.0022795241365095504	PER3D	Essential3D
377	R	377	13.312	-9.821	170.17	NA	0.319095477386935	Inf	-1.5562989700653456	10.052834026086009	0.0022795241365095504	PER3D	Essential3D
378	L	378	13.435	-13.013	168.224	NA	0.317357512953368	Inf	-1.609177355651252	11.865086771917497	0.003960811949233657	PER3D	Essential3D
379	A	379	15.748	-11.594	165.629	NA	0.318918918918919	Inf	-1.4931742409442643	7.856215278067449	0.00909808026589067	PER3D	Essential3D
380	N	380	17.889	-8.521	165.87	NA	0.317039106145251	Inf	-1.3763673518517439	7.856215278067449	0.00909808026589067	PER3D	Essential3D
381	T	381	21.545	-8.172	166.516	NA	0.318313953488372	Inf	-1.2463333368086515	6.352621116002851	0.059431977559607226	No-PER3D	No-Essential3D
382	A	382	22.792	-4.658	166.657	NA	0.429447852760736	Inf	-1.1900419019400605	4.031041227103609	0.1905456417295813	No-PER3D	No-Essential3D
383	P	383	26.064	-4.154	168.242	NA	0.431623931623932	Inf	-0.9970727545199678	0	1	No-PER3D	No-Essential3D
