Uniprot_position	aminoacid	Position_in_structure	x	y	z	paraz	mtr	paraz3dscore	mtr3dscore	PER3D_OR	PER3D_pvalue	PER3D	Essential3D
198	D	198	-43.073	27.995	51.242	-0.73	0.500602651667336	-0.9481463172948269	-0.4890077951517637	0	1	No-PER3D	No-Essential3D
199	L	199	-39.435	27.102	51.053	-0.73	0.503932244404114	-0.7132469372907221	-0.47962249053804945	0	1	No-PER3D	No-Essential3D
200	P	200	-37.661	27.557	54.271	-0.73	0.501109094575519	-0.5566473506213188	-0.47212011825322914	0	1	No-PER3D	No-Essential3D
201	P	201	-35.238	30.332	54.561	-0.73	0.450381679389313	-0.5286831387160682	-0.4628722627645084	0	1.0000000000000002	No-PER3D	No-Essential3D
202	G	202	-31.596	29.451	54.707	0.31	0.501109094575519	-0.31895154942668885	-0.45705746688640214	0	1	No-PER3D	No-Essential3D
203	T	203	-28.15	30.429	53.581	0.31	0.503036437246964	-0.15116627799518548	-0.45198966434854637	0	1	No-PER3D	No-Essential3D
204	P	204	-25.548	28.675	51.61	-0.21	0.510057471264368	0.22635058272569733	-0.41958077515079356	0	1	No-PER3D	No-Essential3D
205	D	205	-23.166	26.67	53.746	0.57	0.511100386100386	0.5619211255887043	-0.3699403270509436	0	1	No-PER3D	No-Essential3D
206	A	206	-19.57	26.325	52.798	0.31	0.513081395348837	0.7034899483590353	-0.32189350724098403	0	1	No-PER3D	No-Essential3D
207	F	207	-16.958	24.046	54.174	1.61	0.559618441971383	1.0102896193579862	-0.22894320430530962	0	1	No-PER3D	No-Essential3D
208	A	208	-13.621	22.654	53.164	1.35	0.54	1.1306784473125062	-0.19071826321437657	0	1	No-PER3D	No-Essential3D
209	Q	209	-10.845	21.2	55.25	0.83	0.586116412213741	1.0733435394712678	-0.17837298104960653	0	1	No-PER3D	No-Essential3D
210	L	210	-11.312	22.497	58.769	1.09	0.53384030418251	1.1078506599312723	-0.14896476653953108	0	1	No-PER3D	No-Essential3D
211	L	211	-8.528	20.658	60.516	1.09	0.53384030418251	1.134943027234582	-0.1688069820095474	0	1	No-PER3D	No-Essential3D
212	T	212	-5.039	21.459	59.355	1.61	0.530798479087452	1.0316076546461235	-0.09582182356753813	0	1	No-PER3D	No-Essential3D
213	C	213	-1.907	19.616	60.262	0.57	0.534865900383142	1.0218965598763516	-0.03780193754713036	0	1	No-PER3D	No-Essential3D
214	P	214	0.763	21.657	61.835	2.14	0.530798479087452	0.5482079062890141	0.2803037370010326	0	1	No-PER3D	No-Essential3D
215	Y	215	3.676	19.703	60.44	1.35	0.568712656165128	0.4414354608326028	0.36541029457599644	0	1	No-PER3D	No-Essential3D
216	C	216	2.442	19.712	56.886	0.57	0.568712656165128	0.4681285721967057	0.3752596027299699	0	1	No-PER3D	No-Essential3D
217	D	217	-0.142	21.836	55.274	0.31	0.611888111888112	0.574901017653117	0.2792210400113314	0	1	No-PER3D	No-Essential3D
218	R	218	-2.511	18.988	54.694	0.57	0.663498098859316	0.8032092524665472	0.07453125361215286	0	1	No-PER3D	No-Essential3D
219	G	219	-6.027	19.572	55.803	2.14	0.569247546346783	1.1465040905176966	-0.16929178452609558	0	1	No-PER3D	No-Essential3D
220	Y	220	-8.786	17.18	56.671	0.83	0.562803234501348	1.1852939128845952	-0.18169802862463588	0	1	No-PER3D	No-Essential3D
221	K	221	-12.548	17.302	57.024	1.09	0.601555747623163	1.1567880307654608	-0.1604019406201766	0	1	No-PER3D	No-Essential3D
222	R	222	-12.504	15.591	60.413	1.35	0.651685393258427	1.2552901746240201	-0.19667202843358442	0	1	No-PER3D	No-Essential3D
223	L	223	-10.189	15.263	63.395	0.57	0.646840148698885	1.2121839535574044	-0.1965080456260299	0	1	No-PER3D	No-Essential3D
224	T	224	-10.099	11.532	62.925	1.61	0.705643798580602	1.229455966793	-0.1952908763734896	0	1	No-PER3D	No-Essential3D
225	S	225	-8.453	11.994	59.586	1.61	0.517472118959108	1.1502451222107068	-0.14749836444377465	0	1	No-PER3D	No-Essential3D
226	L	226	-5.882	14.353	61.012	1.09	0.517910447761194	1.1654268763071967	-0.14161973093583916	0	1	No-PER3D	No-Essential3D
227	K	227	-5.005	12.093	63.887	0.83	0.535493827160494	1.2449139076325497	-0.11223482369312925	0	1	No-PER3D	No-Essential3D
228	E	228	-4.305	9.191	61.6	2.14	0.4951205510907	1.2069802059800134	-0.09059560742709023	0	1	No-PER3D	No-Essential3D
229	H	229	-2.385	11.501	59.335	0.57	0.536380597014925	1.109044747970651	-0.10453343656556455	0	1	No-PER3D	No-Essential3D
230	I	230	-0.004	12.486	62.07	1.09	0.535935563816605	1.0987533281736348	-0.11561321314821271	0	1	No-PER3D	No-Essential3D
231	K	231	0.548	8.928	63.092	1.09	0.591452991452992	1.1760093524101245	-0.10248525595111112	0	1	No-PER3D	No-Essential3D
232	Y	232	1.344	7.847	59.582	0.83	0.6769987699877	1.1682067506267715	-0.10953180659604572	0	1	No-PER3D	No-Essential3D
233	R	233	3.52	10.635	58.323	0.57	0.634686346863469	1.0360758493744628	-0.11485206655806632	0	1	No-PER3D	No-Essential3D
234	H	234	4.867	12.678	61.163	2.14	0.601307189542484	0.9859695291964615	-0.11509342695540943	0	1	No-PER3D	No-Essential3D
235	E	235	5.751	10.229	63.794	0.31	0.5973518558715	1.0507570606247192	-0.08596998629562753	0	1	No-PER3D	No-Essential3D
236	K	236	8.193	7.511	62.941	-0.73	0.638376383763838	1.0420699533760467	-0.02179963552186798	0	1.0000000000000002	No-PER3D	No-Essential3D
237	N	237	4.853	5.873	63.07	1.09	0.638376383763838	1.2029186023277834	-0.08442560963422294	0	1	No-PER3D	No-Essential3D
238	E	238	2.562	5.166	65.921	2.14	0.645522388059702	1.183452623848192	-0.08206015159803333	0	1	No-PER3D	No-Essential3D
239	E	239	1.611	1.703	64.884	0.83	0.604777626723636	1.2695635744506581	-0.04840501941858124	0	1	No-PER3D	No-Essential3D
240	N	240	-0.641	0.272	67.525	1.61	0.561232765612328	1.497137208355192	-0.04061300829923887	0	1	No-PER3D	No-Essential3D
241	F	241	-1.493	-2.946	65.775	2.14	0.571532846715328	1.5250731164022384	0.03360052858881541	0	1	No-PER3D	No-Essential3D
242	S	242	0.977	-5.78	65.757	0.83	0.605552342394448	1.5250731164022384	0.038384868045548824	0	1	No-PER3D	No-Essential3D
243	C	243	0.991	-9.116	64	2.14	0.634545454545455	1.380971381361259	0.06002395676287777	0	1	No-PER3D	No-Essential3D
244	P	244	1.559	-12.148	66.055	0.31	0.665522501906941	1.046365245293446	0.08441146575711311	0	1	No-PER3D	No-Essential3D
245	L	245	3.342	-14.104	63.35	1.09	0.665522501906941	0.47740798221233316	0.10117903843726613	0	0.6038493970251096	No-PER3D	No-Essential3D
246	C	246	5.831	-11.472	62.4	2.14	0.631294964028777	1.0676969197596307	0.06545497413386123	0	1	No-PER3D	No-Essential3D
247	S	247	7.278	-8.191	63.59	2.14	0.629032258064516	1.4484404203157346	0.044689784933512104	0	1	No-PER3D	No-Essential3D
248	Y	248	4.96	-6.192	61.348	1.09	0.628571428571429	1.5449707287194359	0.04593791918656568	0	1	No-PER3D	No-Essential3D
249	T	249	2.933	-3.365	62.875	1.09	0.595488721804511	1.486676102363106	0.05140313524459387	0	1	No-PER3D	No-Essential3D
250	F	250	0.269	-1.178	61.31	2.14	0.628571428571429	1.4725161175477701	0.016435660334033833	0	0.6038493970251096	No-PER3D	No-Essential3D
251	A	251	-1.227	2.274	61.78	1.35	0.593796992481203	1.2001753053018864	-0.052798251305456304	0	1	No-PER3D	No-Essential3D
252	Y	252	-4.692	0.943	60.893	1.09	0.591265397536394	1.453078715078865	-0.05115861159249029	0	1	No-PER3D	No-Essential3D
253	R	253	-6.334	-2.305	61.895	0.83	0.596740962727102	1.543498928092844	-0.007136183212753977	0	1	No-PER3D	No-Essential3D
254	T	254	-7.593	-2.83	58.377	1.61	0.596740962727102	1.43804874202289	0.0014261392724197197	0	1	No-PER3D	No-Essential3D
255	Q	255	-4.022	-3.011	57.22	1.09	0.59718045112782	1.4034141280696932	0.004012333407269703	0	1	No-PER3D	No-Essential3D
256	L	256	-3.349	-5.648	59.859	2.14	0.634892086330935	1.486676102363106	0.0527507291934866	0	1	No-PER3D	No-Essential3D
257	E	257	-6.225	-7.815	58.823	0.57	0.672620178605358	1.379202107184946	0.018578858733419842	0	1	No-PER3D	No-Essential3D
258	R	258	-5.175	-7.533	55.222	1.61	0.643636363636364	1.4150685990570113	-0.06745320411171153	0	1	No-PER3D	No-Essential3D
259	H	259	-1.668	-8.466	56.314	2.14	0.680946291560102	1.3161481870716647	0.03195243264844611	0	0.6016620624074569	No-PER3D	No-Essential3D
260	M	260	-3.041	-11.428	58.266	1.61	0.719191919191919	0.9498023445681765	0.04306089405771188	0	0.6016620624074569	No-PER3D	No-Essential3D
261	V	261	-4.672	-12.984	55.222	0.31	0.68190549366116	1.019483474529498	0.05592630428170189	0	1	No-PER3D	No-Essential3D
262	T	262	-1.196	-13.625	53.961	1.61	0.68190549366116	0.9408651539290118	0.036031997697796206	0	1	No-PER3D	No-Essential3D
263	H	263	0.078	-15.349	57.089	2.14	0.605775401069519	0.4558583516503036	0.09532858458954335	0	1	No-PER3D	No-Essential3D
264	K	264	-1.119	-18.873	57.638	-0.73	0.643636363636364	0.3075750355007854	0.10673646616860868	0	1	No-PER3D	No-Essential3D
265	P	265	-3.694	-21.409	58.478	-0.73	0.686545454545455	-0.06673586897356347	0.1020506352034993	0	1	No-PER3D	No-Essential3D
266	G	266	-4.296	-22.21	62.123	-0.73	0.677109974424552	-0.01479329437127677	0.11448088186417242	0	1	No-PER3D	No-Essential3D
267	T	267	-2.195	-21.052	65.006	-0.73	0.639492753623188	-0.2500829554436859	0.11640305972149365	0	1	No-PER3D	No-Essential3D
268	D	268	0.101	-23.975	64.51	-0.73	0.682052382996994	-0.4230106841125732	0.10442121532942322	0	1	No-PER3D	No-Essential3D
269	Q	269	2.743	-23.103	62.04	-0.73	0.643636363636364	-0.44659362526117535	0.08633640329735479	0	1	No-PER3D	No-Essential3D
270	H	270	3.609	-26.325	60.331	-0.73	0.643636363636364	-0.5950443646604512	0.07179327300931167	0	1	No-PER3D	No-Essential3D
271	Q	271	4.777	-24.392	57.341	-0.73	0.643636363636364	-0.5950443646604512	0.07179327300931167	0	1	No-PER3D	No-Essential3D
272	M	272	7.642	-21.997	57.8	-0.73	0.639492753623188	-0.24194241202607575	0.06667895792117093	0	1	No-PER3D	No-Essential3D
273	L	273	7.054	-18.417	58.794	-0.73	0.596859903381643	-0.019128779474948617	0.08436493677789329	0	1	No-PER3D	No-Essential3D
274	T	274	6.703	-17.229	55.304	-0.73	0.593020457280385	0.14131913295045584	0.08652599546530633	0	1	No-PER3D	No-Essential3D
275	Q	275	3.572	-19.286	54.959	-0.73	0.588769414575866	0.040525461306366195	0.10026184032205472	0	1	No-PER3D	No-Essential3D
276	G	276	0.213	-18.289	53.675	-0.73	0.588333333333333	0.2022910726500261	0.0826093619128987	0	1	No-PER3D	No-Essential3D
277	A	277	-3.019	-18.02	55.564	1.09	0.632616487455197	0.2276053871060612	0.09524184374707416	0	1	No-PER3D	No-Essential3D
278	G	278	-4.022	-17.877	51.997	1.61	0.632616487455197	0.8162878992653105	0.027978195235518095	0	1	No-PER3D	No-Essential3D
279	N	279	-7.43	-16.417	52.439	1.09	0.584578884934757	0.9309505206560705	0.06066717469002687	0	1	No-PER3D	No-Essential3D
280	R	280	-8.662	-14.845	49.227	2.14	0.626334519572954	1.4405996855161471	-0.059629155194073795	0	1	No-PER3D	No-Essential3D
281	K	281	-12.08	-13.354	49.894	0.31	0.635379061371841	1.5170065168141853	-0.1430947712137994	0	1	No-PER3D	No-Essential3D
282	F	282	-12.667	-11.452	46.691	1.61	0.680727272727273	1.5127532188495758	-0.28515698156517866	2.1723692112857877	0.4245473168273346	No-PER3D	No-Essential3D
283	K	283	-13.543	-13.527	43.678	1.09	0.678260869565217	1.5661394415777814	-0.29335698440202557	2.1723692112857877	0.4245473168273346	No-PER3D	No-Essential3D
284	C	284	-13.529	-12.457	40.072	2.14	0.678260869565217	1.6651092852508396	-0.405113468851551	2.7264879376610116	0.36813038710452434	No-PER3D	No-Essential3D
285	T	285	-16.914	-13.042	38.568	1.09	0.635379061371841	1.8578472380747206	-0.2787146211742277	10.868730690575696	0.16635300443608014	No-PER3D	No-Essential3D
286	E	286	-15.658	-13.888	35.151	1.35	0.635379061371841	1.9963776416668848	-0.42730203741778094	10.868730690575696	0.16635300443608014	No-PER3D	No-Essential3D
287	C	287	-12.432	-15.827	35.771	2.14	0.631294964028777	1.9564748623713157	-0.2805671430374718	10.868730690575696	0.16635300443608014	No-PER3D	No-Essential3D
288	G	288	-12.833	-17.241	39.236	2.14	0.585424133811231	1.8483420948934648	-0.1976754394588751	3.6451513722746	0.3065846455887312	No-PER3D	No-Essential3D
289	K	289	-9.455	-15.85	40.355	2.14	0.589651022864019	1.7568534112322964	-0.34921659153398	3.6451513722746	0.3065846455887312	No-PER3D	No-Essential3D
290	A	290	-9.426	-14.741	43.966	2.14	0.590096618357488	1.5645994543836985	-0.31540859463027116	2.1723692112857877	0.4245473168273346	No-PER3D	No-Essential3D
291	F	291	-7.537	-11.937	45.632	2.14	0.542337662337662	1.5294166700265752	-0.26999708336885625	1.801766118122719	0.4762346835793705	No-PER3D	No-Essential3D
292	K	292	-6.623	-10.886	49.162	0.57	0.542337662337662	1.4153673620047171	-0.14924795483024092	1.5362859576529946	0.5235628748221984	No-PER3D	No-Essential3D
293	Y	293	-7.531	-7.28	48.583	1.35	0.492081447963801	1.460788522762062	-0.20241980652727315	2.1723692112857877	0.4245473168273346	No-PER3D	No-Essential3D
294	K	294	-10.49	-5.592	46.912	0.83	0.486713286713287	1.5031140397458718	-0.4119149913931515	2.7264879376610116	0.36813038710452434	No-PER3D	No-Essential3D
295	H	295	-8.329	-3.219	44.907	0.31	0.386845039018952	1.5031140397458718	-0.4662284986716649	3.6451513722746	0.3065846455887312	No-PER3D	No-Essential3D
296	H	296	-6.188	-5.967	43.527	2.14	0.386845039018952	1.646732104734784	-0.4651564603508133	2.1723692112857877	0.4245473168273346	No-PER3D	No-Essential3D
297	L	297	-9.287	-7.609	42.18	2.14	0.384061981184283	1.6651092852508396	-0.405113468851551	2.7264879376610116	0.36813038710452434	No-PER3D	No-Essential3D
298	K	298	-10.068	-4.332	40.459	0.83	0.384061981184283	1.7005888791056263	-0.607170108263711	5.4685880424552815	0.23947993387151176	No-PER3D	No-Essential3D
299	E	299	-6.613	-4.288	38.934	1.35	0.309821428571429	1.8373746219920155	-0.8267242880750273	5.4685880424552815	0.23947993387151176	No-PER3D	No-Essential3D
300	H	300	-7.359	-7.786	37.773	2.14	0.340418574231524	1.7209524070886855	-0.5949335721889939	5.4685880424552815	0.23947993387151176	No-PER3D	No-Essential3D
301	L	301	-10.564	-6.68	36.086	1.09	0.371785714285714	1.7772887968553641	-0.6108802164717341	5.4685880424552815	0.23947993387151176	No-PER3D	No-Essential3D
302	R	302	-8.687	-4.492	33.68	2.14	0.374193548387097	1.8418215935597884	-0.9531268809350525	10.868730690575696	0.16635300443608014	No-PER3D	No-Essential3D
303	I	303	-7.255	-7.671	32.22	2.14	0.376895306859206	1.9402341085340356	-0.8456125869471072	10.868730690575696	0.16635300443608014	No-PER3D	No-Essential3D
304	H	304	-10.723	-8.708	31.141	2.14	0.421497584541063	1.8406894392316409	-0.7096420014587073	10.868730690575696	0.16635300443608014	No-PER3D	No-Essential3D
305	S	305	-11.777	-5.221	30.047	2.14	0.281212121212121	1.763844464208609	-1.01195751816659	126.01624682317738	0.086705202312138685	No-PER3D	No-Essential3D
306	G	306	-8.519	-4.463	28.272	2.14	0.279181708784597	1.8194502240355879	-1.1021287625417602	126.01624682317738	0.086705202312138685	No-PER3D	No-Essential3D
307	E	307	-8.46	-1.048	29.913	2.14	0.253090909090909	1.7013731318433538	-1.1490632845025832	126.01624682317738	0.086705202312138685	No-PER3D	No-Essential3D
308	K	308	-5.139	0.748	29.973	0.83	0.252898550724638	1.7656682171589515	-1.0833325289948077	126.01624682317738	0.086705202312138685	No-PER3D	No-Essential3D
309	P	309	-5.449	3.752	32.19	2.14	0.251985559566787	1.729426972632916	-1.0783694210621988	0	1	No-PER3D	No-Essential3D
310	Y	310	-1.818	4.807	32.268	2.14	0.251798561151079	1.5810259844539156	-0.9215344006918874	0	1	No-PER3D	No-Essential3D
311	E	311	0.001	6.571	29.471	0.31	0.138888888888889	1.5271264326610157	-0.9324075161855393	0	1	No-PER3D	No-Essential3D
312	C	312	3.63	7.591	29.381	2.14	0.312724014336918	1.1709171280883577	-0.7221856910401684	0	1	No-PER3D	No-Essential3D
313	P	313	3.94	11.195	28.611	2.14	0.312724014336918	0.9564252960303106	-0.7098445359300893	0	1	No-PER3D	No-Essential3D
314	N	314	6.834	10.87	26.253	1.09	0.3125	0.490486904792279	-0.4501848891011096	0	1	No-PER3D	No-Essential3D
315	C	315	5.935	7.873	24.069	2.14	0.313392857142857	0.9653519374862076	-0.7195067799180093	0	1	No-PER3D	No-Essential3D
316	K	316	2.171	8.034	24.562	0.57	0.34434270765206	1.147081749823235	-0.8763829109747797	0	1	No-PER3D	No-Essential3D
317	K	317	2.372	4.29	25.171	2.14	0.346115702479339	1.2730285456373445	-0.8124011531489548	0	1	No-PER3D	No-Essential3D
318	R	318	-0.437	2.981	27.333	0.31	0.314981949458484	1.560425865901184	-0.9485017649663554	0	1	No-PER3D	No-Essential3D
319	F	319	-0.225	0.429	30.08	2.14	0.317028985507246	1.5993478833783885	-0.9087725430534739	0	1	No-PER3D	No-Essential3D
320	S	320	-2.427	-1.69	32.305	0.83	0.425454545454545	1.7465943512433877	-0.9732374965753701	126.01624682317738	0.086705202312138685	No-PER3D	No-Essential3D
321	H	321	-0.668	-0.723	35.498	2.14	0.392727272727273	1.6896937987645826	-0.9264657501886109	10.868730690575696	0.16635300443608014	No-PER3D	No-Essential3D
322	S	322	1.193	2.241	36.897	2.14	0.391304347826087	1.4371047251051545	-0.8248169090087887	0	1	No-PER3D	No-Essential3D
323	G	323	4.226	0.223	37.853	1.35	0.489130434782609	1.2916795016545701	-0.7207223583019349	0	1	No-PER3D	No-Essential3D
324	S	324	4.596	-1.094	34.344	2.14	0.485611510791367	1.0980811115412972	-0.6517923536273342	0	1	No-PER3D	No-Essential3D
325	Y	325	4.502	2.496	33.165	1.09	0.487736900780379	1.1709171280883577	-0.7301357995965788	0	1	No-PER3D	No-Essential3D
326	S	326	7.226	3.577	35.518	0.83	0.585284280936455	1.1120632174939225	-0.6295732109326846	0	1	No-PER3D	No-Essential3D
327	S	327	9.394	0.671	34.442	0.83	0.629496402877698	0.8768411735062954	-0.2808563257387165	0	1	No-PER3D	No-Essential3D
328	H	328	8.827	1.499	30.814	2.14	0.631294964028777	0.9708009255079374	-0.5804546629357346	0	1	No-PER3D	No-Essential3D
329	I	329	10.018	5.007	31.381	-0.73	0.631294964028777	0.9201482916425037	-0.5614620626584467	0	1	No-PER3D	No-Essential3D
330	S	330	13.029	3.741	33.276	-0.73	0.679856115107914	0.5677538975985272	-0.19232718750616898	0	1	No-PER3D	No-Essential3D
331	S	331	13.968	1.422	30.486	-0.73	0.683729939125623	0.14832456489216603	0.07263094570841577	0	1	No-PER3D	No-Essential3D
332	K	332	12.886	3.635	27.579	-0.73	0.68814218272702	0.6379264194850264	-0.3181760307667652	0	1.0000000000000002	No-PER3D	No-Essential3D
333	K	333	12.606	2.113	24.181	-0.73	0.734989648033126	0.25055038148985653	-0.1396113954306898	0	1.0000000000000002	No-PER3D	No-Essential3D
334	C	334	14.044	3.502	21.019	-0.73	0.734989648033126	-0.17199277147706782	0.022160588689854745	0	1	No-PER3D	No-Essential3D
335	I	335	14.506	2.042	17.601	-0.73	0.680946291560102	-0.9481463172948269	0.40022270438174345	0	1.0000000000000002	No-PER3D	No-Essential3D
336	G	336	16.68	3.508	14.936	-0.73	0.728181818181818	-0.9481463172948269	0.44633196434282324	0	1.0000000000000002	No-PER3D	No-Essential3D
337	L	337	19.221	2.116	12.537	-0.73	0.68978102189781	-0.9481463172948269	0.4696453053989925	0	1.0000000000000002	No-PER3D	No-Essential3D
338	I	338	21.47	4.258	10.395	-0.73	0.77138547726783	-0.9481463172948269	0.4902818283886137	0	1	No-PER3D	No-Essential3D
339	S	339	23.241	2.955	7.333	-0.73	0.77138547726783	-0.9481463172948269	0.6904329549641497	0	1.0000000000000002	No-PER3D	No-Essential3D
340	V	340	24.755	4.675	4.351	-0.73	0.777078359018884	-0.9481463172948269	0.8053725813700121	0	1.0000000000000002	No-PER3D	No-Essential3D
341	N	341	25.934	3.334	1.008	-0.73	0.825645756457565	-0.9481463172948269	0.9415827774756805	0	1.0000000000000002	No-PER3D	No-Essential3D
438	H	438	27.813	5.17	-1.667	-0.73	0.988888888888889	-0.15310226189631815	0.7093783985314827	0	1	No-PER3D	No-Essential3D
439	L	439	27.93	4.041	-5.226	-0.73	0.935687928307854	-0.22788860296600108	0.8475817383379923	0	1	No-PER3D	No-Essential3D
440	G	440	29.98	5.56	-7.957	-0.73	0.935687928307854	-0.38025770629589206	0.7150166822662047	0	1	No-PER3D	No-Essential3D
441	V	441	30.255	4.82	-11.605	-0.73	0.929621848739496	-0.9481463172948269	0.9711643108959958	0	1	No-PER3D	No-Essential3D
442	G	442	31.492	6.547	-14.702	-0.73	0.904379562043795	-0.9481463172948269	0.8906506772507476	0	1	No-PER3D	No-Essential3D
443	M	443	31.16	5.643	-18.325	-0.73	0.904379562043795	-0.9481463172948269	0.8941437053848332	0	1	No-PER3D	No-Essential3D
444	E	444	32.863	6.955	-21.404	-0.73	0.842857142857143	-0.9481463172948269	0.8592640316344896	0	1	No-PER3D	No-Essential3D
445	A	445	29.69	6.093	-23.225	-0.73	0.865196078431373	-0.9481463172948269	0.8991891904674009	0	1	No-PER3D	No-Essential3D
446	P	446	27.309	8.976	-23.273	-0.73	0.840476190476191	-0.9481463172948269	0.8591603361573403	0	1	No-PER3D	No-Essential3D
447	L	447	25.948	9.912	-19.819	-0.73	0.802050747306222	-0.9481463172948269	0.8592640316344896	0	1	No-PER3D	No-Essential3D
448	L	448	28.224	10.181	-16.703	-0.73	0.79559910606842	-0.9481463172948269	0.8334966125776722	0	1	No-PER3D	No-Essential3D
449	G	449	31.184	12.573	-16.718	-0.73	0.738728541784569	-0.9481463172948269	0.8006335276857721	0	1	No-PER3D	No-Essential3D
450	F	450	33.459	14.323	-14.169	-0.73	0.744062321869656	-0.7166349091177043	0.6904729360571218	0	1	No-PER3D	No-Essential3D
451	P	451	33.981	17.106	-12.602	-0.73	0.744062321869656	-0.2253789942052735	0.4007305340392356	0	1	No-PER3D	No-Essential3D
452	T	452	30.607	18.47	-11.297	-0.73	0.744062321869656	-0.15310226189631815	0.3286489463926669	0	1	No-PER3D	No-Essential3D
453	M	453	29.8	19.982	-7.84	-0.73	0.711430855315748	-0.0019341856162039574	0.25685554030540936	0	1	No-PER3D	No-Essential3D
454	N	454	28.4	17.13	-5.67	-0.73	0.673987126088603	0.013284798939922798	0.27823130029196663	0	1	No-PER3D	No-Essential3D
455	S	455	29.306	15.892	-2.156	0.57	0.6102802131683	0.1105948786371361	0.32319039125733895	0	1	No-PER3D	No-Essential3D
456	N	456	32.323	13.815	-3.226	2.14	0.633928571428572	0.16631809947566045	0.3843824634063817	0	1	No-PER3D	No-Essential3D
457	L	457	35.146	12.513	-0.991	2.14	0.57258064516129	0.16631809947566045	0.4081973193146974	0	1	No-PER3D	No-Essential3D
458	S	458	37.598	15.314	-2.094	2.14	0.602716468590832	0.37528017762012683	0.23022573361329637	0	1	No-PER3D	No-Essential3D
459	E	459	35.642	18.168	-0.368	1.09	0.565947242206235	0.29743156027218837	0.23310568488993855	0	1	No-PER3D	No-Essential3D
460	V	460	34.891	16.276	2.921	0.31	0.56710473914775	0.014345679006957648	0.26069985353757896	0	1	No-PER3D	No-Essential3D
461	Q	461	38.597	15.221	2.987	1.35	0.704365079365079	0.014345679006957648	0.41984639240624605	0	1	No-PER3D	No-Essential3D
462	K	462	39.553	18.918	2.435	0.83	0.666945781871467	0.29743156027218837	0.3411071286406586	0	1	No-PER3D	No-Essential3D
463	V	463	37.459	20.085	5.472	1.61	0.697399527186761	0.12111812446336893	0.26957649251462773	0	1	No-PER3D	No-Essential3D
464	L	464	38.945	17.286	7.556	-0.73	0.714801444043321	-0.07731207732234416	0.3645445730537884	0	1	No-PER3D	No-Essential3D
465	Q	465	42.437	18.204	6.342	-0.73	0.794223826714801	-0.13012297472200354	0.46184174956717383	0	1	No-PER3D	No-Essential3D
466	I	466	41.916	21.765	7.657	-0.73	0.819919303461457	-0.22272176139979719	0.4500187447786441	0	1	No-PER3D	No-Essential3D
467	V	467	40.674	20.673	11.105	-0.73	0.81464240372408	-0.22743231046405063	0.4480592907128006	0	1	No-PER3D	No-Essential3D
468	D	468	43.594	18.228	11.476	-0.73	0.742146320893949	-0.32701814901474197	0.5111173347841511	0	1	No-PER3D	No-Essential3D
469	N	469	46.076	20.836	10.121	-0.73	0.737929580434324	-0.6265578803844453	0.6083410098437267	0	1	No-PER3D	No-Essential3D
470	T	470	44.624	23.036	12.961	-0.73	0.77846975088968	-0.581116036038413	0.5731106608607768	0	1	No-PER3D	No-Essential3D
471	V	471	45.353	20.321	15.574	-0.73	0.775709219858156	-0.4777828953154535	0.577789794301598	0	1	No-PER3D	No-Essential3D
472	S	472	48.961	19.865	14.317	-0.73	0.770759717314488	-0.8587824227280478	0.6238949984571787	0	1	No-PER3D	No-Essential3D
473	R	473	49.584	23.654	14.428	-0.73	0.765350877192982	-0.9481463172948269	0.6454452417450658	0	1	No-PER3D	No-Essential3D
474	Q	474	47.937	24.192	17.877	-0.73	0.773492907801419	-0.8963302775880391	0.578785949561863	0	1	No-PER3D	No-Essential3D
475	K	475	50.088	21.429	19.412	-0.73	0.774021352313167	-0.8930917751063648	0.5769046087082018	0	1	No-PER3D	No-Essential3D
476	M	476	53.494	21.575	17.653	-0.73	0.779569892473118	-0.9481463172948269	0.595419850495713	0	1	No-PER3D	No-Essential3D
477	D	477	55.373	23.549	20.284	-0.73	0.734236140499365	-0.9481463172948269	0.5706202085059771	0	1	No-PER3D	No-Essential3D
478	C	478	53.314	26.136	22.286	-0.73	0.750537634408602	-0.9481463172948269	0.5569799787360198	0	1	No-PER3D	No-Essential3D
479	K	479	53.753	29.714	21.197	-0.73	0.736352094794753	-0.9481463172948269	0.633699360556798	0	1	No-PER3D	No-Essential3D
480	A	480	51.416	31.991	19.143	-0.73	0.736352094794753	-0.9481463172948269	0.6712805200679588	0	1	No-PER3D	No-Essential3D
481	E	481	54.326	34.506	18.954	-0.73	0.731604469744887	-0.9481463172948269	0.6926329642144392	0	1	No-PER3D	No-Essential3D
482	E	482	56.546	32.023	17.026	-0.73	0.765543521861211	-0.9481463172948269	0.7636657296684979	0	1	No-PER3D	No-Essential3D
483	I	483	53.649	31.204	14.597	-0.73	0.770531400966184	-0.9481463172948269	0.7549853787510334	0	1	No-PER3D	No-Essential3D
484	S	484	53.244	34.9	13.621	-0.73	0.796338672768879	-0.9481463172948269	0.8316753947475035	0	1	No-PER3D	No-Essential3D
485	K	485	57.067	34.934	13.093	-0.73	0.83754512635379	-0.9481463172948269	0.9044801621345306	0	1	No-PER3D	No-Essential3D
486	L	486	57.116	31.657	11.027	-0.73	0.948369565217391	-0.9481463172948269	0.9208843893395177	0	1	No-PER3D	No-Essential3D
487	K	487	54.817	32.847	8.153	-0.73	0.923947051744886	-0.9481463172948269	1.0122161997023817	0	1	No-PER3D	No-Essential3D
488	G	488	56.886	35.823	6.836	-0.73	0.960008463817181	-0.9481463172948269	1.112466767326826	0	1.0000000000000002	No-PER3D	No-Essential3D
489	Y	489	60.232	33.98	6.343	-0.73	0.983494363929147	-0.9481463172948269	1.1296739129005835	0	1.0000000000000002	No-PER3D	No-Essential3D
490	H	490	59.06	31.471	3.623	-0.73	0.990673154906732	-0.9481463172948269	1.2781497540814724	0	1	No-PER3D	No-Essential3D
491	M	491	62.172	29.152	3.356	-0.73	0.990673154906732	-0.9481463172948269	1.2265637074043123	0	1	No-PER3D	No-Essential3D
492	K	492	61.285	27.344	0.029	-0.73	0.95529197080292	-0.8432805226501372	1.1222012155397287	0	1	No-PER3D	No-Essential3D
493	D	493	62.591	29.867	-2.636	-0.73	0.95529197080292	-0.8146807604743128	1.1312295574494893	0	1	No-PER3D	No-Essential3D
494	P	494	65.576	28.971	-4.999	-0.73	0.902391725921138	-0.67899077770679	1.04905905641351	0	1	No-PER3D	No-Essential3D
495	C	495	69.027	29.815	-3.358	-0.73	0.908304498269896	-0.9481463172948269	1.1007514048393896	0	1	No-PER3D	No-Essential3D
496	S	496	70.924	26.414	-3.045	-0.73	0.838072498372043	-0.8013342047922614	1.029171826969221	0	1	No-PER3D	No-Essential3D
497	Q	497	70.414	22.847	-4.516	-0.73	0.821052631578947	-0.6251596697891828	0.9676431963178912	0	1	No-PER3D	No-Essential3D
498	P	498	67.749	20.501	-2.764	-0.73	0.821052631578947	-0.4088941348334804	0.9995489313596814	0	1	No-PER3D	No-Essential3D
499	E	499	66.145	17.52	-4.652	-0.73	0.804076612194693	-0.3601449846563465	0.8783975111038949	0	1	No-PER3D	No-Essential3D
500	E	500	62.564	18.47	-5.938	0.57	0.809347442680776	-0.39689506794625146	0.9059321987981462	0	1	No-PER3D	No-Essential3D
501	Q	501	63.3	19.12	-9.73	0.83	0.831986531986532	-0.06614431833710627	0.8104564824546362	0	1	No-PER3D	No-Essential3D
502	G	502	62.654	17.327	-13.062	2.14	0.837445082798243	0.15435618140232388	0.7740335851287549	0	1	No-PER3D	No-Essential3D
503	V	503	62.032	13.641	-13.991	1.35	0.801034427024406	0.03185590376930714	0.8024884848301399	0	1	No-PER3D	No-Essential3D
504	T	504	60.583	11.048	-11.499	-0.73	0.798067632850242	-0.06614431833710627	0.8281807128430094	0	1	No-PER3D	No-Essential3D
505	S	505	63.145	8.777	-9.723	-0.73	0.815018315018315	-0.14632631824235356	0.8492016266717208	0	1	No-PER3D	No-Essential3D
506	P	506	61.449	7.152	-6.607	-0.73	0.852842809364549	-0.6011358695614902	0.9057941064642502	0	1	No-PER3D	No-Essential3D
507	N	507	63.279	8.54	-3.469	-0.73	0.84901185770751	-0.6011358695614902	0.9057941064642502	0	1	No-PER3D	No-Essential3D
508	I	508	60.262	10.245	-1.772	-0.73	0.888354346383543	-0.8352139230620842	0.9441257818703412	0	1	No-PER3D	No-Essential3D
509	P	509	57.52	8.325	0.225	-0.73	0.888354346383543	-0.9481463172948269	0.9525162681477612	0	1	No-PER3D	No-Essential3D
510	P	510	54.047	8.108	-1.523	-0.73	0.914598540145985	-0.9481463172948269	0.9503425522541042	0	1	No-PER3D	No-Essential3D
511	V	511	51.988	11.28	-2.212	-0.73	0.915384615384615	-0.9481463172948269	0.9503425522541042	0	1	No-PER3D	No-Essential3D
512	G	512	49.709	13.153	0.147	-0.73	0.919557195571956	-0.7063381319964837	0.7795610002744718	0	1	No-PER3D	No-Essential3D
513	L	513	51.511	15.797	2.201	-0.73	0.904678362573099	-0.9481463172948269	0.8273965661377337	0	1	No-PER3D	No-Essential3D
514	P	514	52.22	16.857	5.103	-0.73	0.835087719298246	-0.9481463172948269	0.7729754493398321	0	1	No-PER3D	No-Essential3D
515	V	515	54.469	14.023	6.363	-0.73	0.802788027880279	-0.9481463172948269	0.7493434994917444	0	1	No-PER3D	No-Essential3D
516	V	516	54.881	15.503	9.864	-0.73	0.808024691358025	-0.9481463172948269	0.6508035189640347	0	1	No-PER3D	No-Essential3D
517	S	517	56.792	13.109	12.058	-0.73	0.802788027880279	-0.9481463172948269	0.6516470878903136	0	1	No-PER3D	No-Essential3D
518	H	518	57.473	13.176	15.773	-0.73	0.808024691358025	-0.9481463172948269	0.5961397585042862	0	1	No-PER3D	No-Essential3D
519	N	519	59.577	10.016	15.188	-0.73	0.772737139136097	-0.9481463172948269	0.6026952266978375	0	1	No-PER3D	No-Essential3D
520	G	520	58.814	6.524	13.86	-0.73	0.74375	-0.9481463172948269	0.6026952266978375	0	1	No-PER3D	No-Essential3D
521	A	521	56.533	5.666	10.888	-0.73	0.74375	-0.9481463172948269	0.6251760685553651	0	1	No-PER3D	No-Essential3D
522	T	522	53.706	4.853	13.395	-0.73	0.743081180811808	-0.8126274442155356	0.5984467266382734	0	1	No-PER3D	No-Essential3D
523	K	523	49.951	5.723	13.511	-0.73	0.740349264705882	-0.4676703127409761	0.6487868776367742	1.801766118122719	0.4762346835793705	No-PER3D	No-Essential3D
524	S	524	50.244	8.762	11.275	-0.73	0.740349264705882	-0.8146807604743128	0.681832521624637	0	1	No-PER3D	No-Essential3D
525	I	525	47.288	10.03	9.293	-0.73	0.752100840336134	-0.7279281485409786	0.6549734194625232	0	1	No-PER3D	No-Essential3D
526	I	526	47.617	6.905	7.139	-0.73	0.746611053180396	-0.7572905710414917	0.8034415204532459	1.801766118122719	0.4762346835793705	No-PER3D	No-Essential3D
527	D	527	45.531	6.484	3.937	-0.73	0.805429864253394	-0.6728736063525165	0.8192023902385528	5.4685880424552815	0.23947993387151176	No-PER3D	No-Essential3D
528	Y	528	42.338	7.751	5.484	-0.73	0.788191881918819	-0.02425177780981741	0.5682331861476029	2.1723692112857877	0.4245473168273346	No-PER3D	No-Essential3D
529	T	529	40.068	4.716	5.803	-0.73	0.788888888888889	0.08034513018193715	0.6732823418227237	5.4685880424552815	0.23947993387151176	No-PER3D	No-Essential3D
530	L	530	38.911	6.289	9.102	-0.73	0.933052187664734	-0.12065986500763935	0.5673193827554389	3.6451513722746	0.3065846455887312	No-PER3D	No-Essential3D
531	E	531	36.802	3.835	11.155	-0.73	0.911029411764706	0.10890089272364493	0.5990780631050077	2.7264879376610116	0.36813038710452434	No-PER3D	No-Essential3D
532	K	532	38.406	0.358	11.609	1.09	0.861313868613139	0.29411001926534297	0.7393539554478877	3.6451513722746	0.3065846455887312	No-PER3D	No-Essential3D
533	V	533	42.051	-0.21	12.776	1.09	0.855072463768116	0.04283544209749045	0.7251868504459457	3.6451513722746	0.3065846455887312	No-PER3D	No-Essential3D
534	N	534	43.529	2.429	15.133	0.83	0.798736462093863	0.14071018376586747	0.6043107107273336	2.7264879376610116	0.36813038710452434	No-PER3D	No-Essential3D
535	E	535	40.434	3.528	17.105	0.31	0.793615107913669	0.520409163093262	0.6059881217418276	2.7264879376610116	0.36813038710452434	No-PER3D	No-Essential3D
536	A	536	39.006	0.002	17.78	1.09	0.720942140296979	0.6341620063439349	0.6084207097393797	5.4685880424552815	0.23947993387151176	No-PER3D	No-Essential3D
537	K	537	42.437	-1.379	18.864	0.31	0.783482142857143	0.6484354061705732	0.6053647648543731	5.4685880424552815	0.23947993387151176	No-PER3D	No-Essential3D
538	A	538	43.254	1.789	20.878	0.57	0.716845878136201	0.630554443750389	0.618710269503353	2.7264879376610116	0.36813038710452434	No-PER3D	No-Essential3D
539	C	539	39.724	1.592	22.453	1.61	0.792572463768116	0.7926856263965626	0.6079285385857199	2.1723692112857877	0.4245473168273346	No-PER3D	No-Essential3D
540	L	540	40.277	-1.944	23.861	0.57	0.798357664233577	0.7809741188465005	0.5562713709932859	2.1723692112857877	0.4245473168273346	No-PER3D	No-Essential3D
541	Q	541	43.864	-1.081	24.986	1.35	0.709651257096513	0.7157242910675825	0.5908147630104058	0	1	No-PER3D	No-Essential3D
542	S	542	42.973	2.399	26.425	0.83	0.637362637362637	0.7670708863120695	0.61158400172242	0	1	No-PER3D	No-Essential3D
543	L	543	40.037	0.89	28.368	1.35	0.692767086927671	0.5425612865773769	0.6181824252576918	0	1	No-PER3D	No-Essential3D
544	T	544	41.89	-2.192	29.756	0.57	0.692231404958678	0.4854307812596365	0.5850625513020382	0	1	No-PER3D	No-Essential3D
545	T	545	44.785	0.031	31.002	0.83	0.784446322907861	0.4736130879931761	0.634441617293378	0	1	No-PER3D	No-Essential3D
546	D	546	42.618	2.749	32.649	1.09	0.822478991596639	0.4588030941880928	0.6390061910041372	0	1	No-PER3D	No-Essential3D
547	S	547	39.949	0.296	33.972	1.61	0.825513969425409	0.4920105958255779	0.5924854279948332	0	1	No-PER3D	No-Essential3D
548	R	548	42.666	-1.873	35.652	0.05	0.825513969425409	0.44167501439612683	0.6510391669384822	0	1	No-PER3D	No-Essential3D
549	R	549	44.351	1.185	37.289	0.31	0.854700854700855	0.4098657233539043	0.6490727875055843	0	1	No-PER3D	No-Essential3D
550	Q	550	40.992	2.742	38.361	-0.73	0.849148418491484	0.4896613755946712	0.7007004053012068	0	1	No-PER3D	No-Essential3D
551	I	551	39.547	-0.539	39.774	-0.73	0.842358604091456	0.5390321492576038	0.7193716523279996	0	1	No-PER3D	No-Essential3D
552	S	552	42.85	-1.102	41.713	-0.73	0.844765342960289	0.47883514983175784	0.7792806565320561	0	1	No-PER3D	No-Essential3D
553	N	553	42.682	2.493	43.088	-0.73	0.791967509025271	0.3188139805037555	0.799589250813786	0	1	No-PER3D	No-Essential3D
554	I	554	38.983	2.429	44.202	1.35	0.786290322580645	0.06385341546858425	0.7977591639239904	0	1	No-PER3D	No-Essential3D
555	K	555	39.632	-1.028	45.814	1.09	0.786290322580645	0.20618408375556477	0.7875423166712845	0	1	No-PER3D	No-Essential3D
556	K	556	42.478	0.239	48.109	0.31	0.785714285714286	0.10494825892549897	0.7828401113473111	0	1	No-PER3D	No-Essential3D
557	E	557	41.277	3.789	49.045	2.14	0.81055055474147	-0.27387349290521595	0.7426880740041265	0	1	No-PER3D	No-Essential3D
558	K	558	37.892	2.393	50.298	1.61	0.815756302521008	-0.1839704496532678	0.7091014643662803	0	1	No-PER3D	No-Essential3D
559	L	559	36.888	5.558	52.291	-0.73	0.815756302521008	-0.4023064118365704	0.688424669152651	0	1	No-PER3D	No-Essential3D
560	R	560	33.095	5.273	51.55	-0.73	0.820999367488931	-0.3750144165636576	0.6885617224381869	0	1	No-PER3D	No-Essential3D
561	T	561	31.344	2.82	53.986	-0.73	0.769869513641756	-0.49554802963898875	0.714343124783598	0	1	No-PER3D	No-Essential3D
562	L	562	33.067	3.948	57.25	-0.73	0.761870503597122	-0.49554802963898875	0.714343124783598	0	1	No-PER3D	No-Essential3D
563	I	563	31.22	6.521	59.417	-0.73	0.762454873646209	-0.9481463172948269	0.7260608558623506	0	1	No-PER3D	No-Essential3D
564	D	564	28.048	8.779	59.016	-0.73	0.79136690647482	-0.9481463172948269	0.7260608558623506	0	1	No-PER3D	No-Essential3D
565	L	565	27.381	11.409	56.307	-0.73	0.838095238095238	-0.9481463172948269	0.6743897138066182	0	1	No-PER3D	No-Essential3D
566	V	566	27.905	10.968	52.557	-0.73	0.832740213523132	-0.9481463172948269	0.6546440044005499	0	1	No-PER3D	No-Essential3D
567	T	567	30.681	13.607	52.101	-0.73	0.833333333333333	-0.8272422246456552	0.7395403897304395	0	1	No-PER3D	No-Essential3D
568	D	568	33.343	10.914	51.339	-0.73	0.797324583543665	-0.5070825775969484	0.7094178223638609	0	1	No-PER3D	No-Essential3D
569	D	569	32.509	10.433	47.637	-0.73	0.741549295774648	-0.31133309426019434	0.7320941176542838	0	1	No-PER3D	No-Essential3D
570	K	570	31.703	13.98	46.339	-0.73	0.703296703296703	-0.6372500790540999	0.8767454564440585	0	1	No-PER3D	No-Essential3D
571	M	571	35.045	15.421	47.626	-0.73	0.707769423558897	-0.570629456573944	0.8094384893015748	0	1	No-PER3D	No-Essential3D
572	I	572	37.312	12.482	46.56	-0.73	0.799044265593562	-0.08295869703398127	0.7645460610073439	0	1	No-PER3D	No-Essential3D
573	E	573	35.876	12.605	42.964	-0.73	0.894123606889565	0.06385341546858425	0.7702383308237836	0	1	No-PER3D	No-Essential3D
574	N	574	36.834	16.282	42.28	1.09	0.869696140158774	-0.046300483350495754	0.7761935515969575	0	1	No-PER3D	No-Essential3D
575	H	575	40.641	16.646	42.81	0.31	0.872802197802198	0.10400715564022608	0.7761817233463546	0	1	No-PER3D	No-Essential3D
576	N	576	42.486	13.48	41.595	1.09	0.885663082437276	0.18720068605834658	0.7603592975582908	0	1	No-PER3D	No-Essential3D
577	I	577	42.935	13.364	37.772	1.09	0.842857142857143	0.2814051249141594	0.7956030314487054	0	1	No-PER3D	No-Essential3D
578	S	578	42.674	16.302	35.295	0.83	0.842857142857143	0.44167501439612683	0.7840124342284475	0	1	No-PER3D	No-Essential3D
579	T	579	39.199	17.375	34.081	0.57	0.842230130486358	0.6186024320274237	0.6878595204858957	0	1	No-PER3D	No-Essential3D
580	P	580	37.43	15.093	31.544	1.09	0.781802120141343	0.6950200187915796	0.711972377940382	0	1	No-PER3D	No-Essential3D
581	F	581	37.15	17.41	28.492	-0.73	0.714790509843513	0.8152123526535701	0.6456476587046287	0	1	No-PER3D	No-Essential3D
582	S	582	33.794	15.859	27.779	0.83	0.710752145381121	0.7565681736484243	0.583456511369618	0	1	No-PER3D	No-Essential3D
583	C	583	32.996	15.086	24.192	2.14	0.712273641851107	0.5565649034622371	0.4972977881780185	0	1	No-PER3D	No-Essential3D
584	Q	584	29.842	13.667	25.81	0.57	0.828638497652582	0.5954983463739751	0.45525977057475686	0	1.0000000000000002	No-PER3D	No-Essential3D
585	F	585	29.141	11.18	23.016	1.35	0.829210836277974	0.4599423244807915	0.41700293683431444	0	1	No-PER3D	No-Essential3D
586	C	586	32.288	9.369	24.124	2.14	0.771416083916084	0.6746430867887152	0.4719654607285874	0	1	No-PER3D	No-Essential3D
587	K	587	30.245	7.64	26.821	0.05	0.766059027777778	0.9056823695718882	0.45079769236276107	0	1.0000000000000002	No-PER3D	No-Essential3D
588	E	588	33.219	5.245	26.917	0.31	0.695996045477014	1.010961835990324	0.5237009954845028	0	1	No-PER3D	No-Essential3D
589	S	589	34.691	8.014	29.05	1.09	0.696428571428571	0.8884167439151515	0.591632765574186	0	1	No-PER3D	No-Essential3D
590	F	590	38.394	8.198	28.463	-0.73	0.698855151816824	0.7886874751846192	0.6025502304361698	0	1	No-PER3D	No-Essential3D
591	P	591	40.163	10.353	31.156	1.09	0.698855151816824	0.7810223805534375	0.6585663955308285	0	1	No-PER3D	No-Essential3D
592	G	592	43.614	11.061	29.622	0.83	0.823943661971831	0.7060160677037151	0.6428863484783264	0	1	No-PER3D	No-Essential3D
593	P	593	45.933	9.632	27.758	0.31	0.885916203937405	0.7582083822313285	0.6066363205487969	0	1	No-PER3D	No-Essential3D
594	I	594	44.327	11.353	24.802	0.57	0.894763599389934	0.7507497002933896	0.5575548877797827	0	1	No-PER3D	No-Essential3D
595	P	595	42.881	9.058	22.071	0.83	0.835714285714286	0.7337675126748827	0.5199416562161882	0	1	No-PER3D	No-Essential3D
596	L	596	40.571	12.123	22.286	2.14	0.841726618705036	0.6122678333624146	0.5175591020476465	0	1	No-PER3D	No-Essential3D
597	H	597	41.861	14.216	19.405	0.05	0.789118705035971	0.13730773342680405	0.55061236581404	0	1	No-PER3D	No-Essential3D
598	Q	598	41.36	11.192	17.172	0.31	0.699440447641887	0.13939263916648545	0.5765535540007181	0	1	No-PER3D	No-Essential3D
599	H	599	37.916	10.708	18.704	0.57	0.625	0.37899146396285605	0.5353349344212708	0	1	No-PER3D	No-Essential3D
600	E	600	36.714	14.338	18.861	0.83	0.747330960854093	0.17118745169662689	0.4953768952303602	0	1	No-PER3D	No-Essential3D
601	R	601	37.147	14.306	15.13	1.35	0.67939178259463	0.017828983374526004	0.5216732812873279	0	1	No-PER3D	No-Essential3D
602	Y	602	35.995	10.824	14.177	0.83	0.731780167264038	0.17323053062362953	0.5579546770545725	0	1	No-PER3D	No-Essential3D
603	L	603	32.576	11.447	15.583	-0.73	0.678445229681979	0.14781123582747174	0.4794636627203089	0	1.0000000000000002	No-PER3D	No-Essential3D
604	C	604	32.207	15.199	15.277	-0.73	0.621908127208481	0.0944250130992661	0.4009530634353549	0	1	No-PER3D	No-Essential3D
605	K	605	32.572	14.132	11.597	-0.73	0.682785299806576	-0.36089786728456474	0.37499285540903077	0	1	No-PER3D	No-Essential3D
606	M	606	28.986	12.919	12.166	-0.73	0.688172043010753	-0.37635177386378216	0.2883288657968005	0	1	No-PER3D	No-Essential3D
607	N	607	28.378	16.486	13.399	-0.73	0.692609548724657	-0.27387349290521595	0.30764331980931636	0	1	No-PER3D	No-Essential3D
608	E	608	24.874	17.16	12.105	-0.73	0.69208211143695	-0.9481463172948269	0.2524971697441564	0	1	No-PER3D	No-Essential3D
609	E	609	25.922	20.866	11.92	-0.73	0.696533682145193	-0.9481463172948269	0.28165155707171885	0	1	No-PER3D	No-Essential3D
610	I	610	28.665	20.183	9.282	-0.73	0.589374654122856	-0.6236142791312609	0.26090122826501794	0	1	No-PER3D	No-Essential3D
611	K	611	26.122	17.85	7.503	-0.73	0.6810551558753	-0.6372500790540999	0.2386561134832146	0	1	No-PER3D	No-Essential3D
612	A	612	23.799	20.908	7.428	-0.73	0.676702508960574	-0.9481463172948269	0.3281070265734514	0	1	No-PER3D	No-Essential3D
613	V	613	26.652	22.936	5.816	-0.73	0.671726755218216	-0.5163459864049282	0.24595251811554603	0	1	No-PER3D	No-Essential3D
614	L	614	27.574	19.951	3.517	-0.73	0.734578381437465	-0.3198315421090219	0.220387278166506	0	1	No-PER3D	No-Essential3D
615	Q	615	24.38	19.874	1.387	-0.73	0.737220749716017	-0.5511889515667363	0.24345968745008556	0	1	No-PER3D	No-Essential3D
616	P	616	24.124	23.738	1.446	-0.73	0.725590955806783	-0.8563887469807233	0.3046728618032414	0	1	No-PER3D	No-Essential3D
617	H	617	21.049	25.832	2.302	-0.73	0.738367658276125	-0.9481463172948269	0.34858026660208513	0	1	No-PER3D	No-Essential3D
618	E	618	19.627	25.628	-1.268	-0.73	0.743757203227046	-0.9481463172948269	0.3900073060567073	0	1	No-PER3D	No-Essential3D
619	N	619	16.946	22.861	-1.403	-0.73	0.711172161172161	-0.9481463172948269	0.4654633526852484	0	1	No-PER3D	No-Essential3D
620	I	620	15.134	21.224	1.571	-0.73	0.682305394482516	-0.9481463172948269	0.5064598834954813	0	0.6016620624074569	No-PER3D	No-Essential3D
621	V	621	15.749	23.859	4.298	-0.73	0.715151515151515	-0.9481463172948269	0.42642408420556843	0	1	No-PER3D	No-Essential3D
622	P	622	13.468	23.243	7.37	-0.73	0.736242579817103	-0.9481463172948269	0.473550974304096	0	1	No-PER3D	No-Essential3D
623	N	623	10.455	25.538	6.562	-0.73	0.735613810741688	-0.9481463172948269	0.4926044770679685	0	1	No-PER3D	No-Essential3D
624	K	624	7.47	23.112	6.332	-0.73	0.759840098400984	-0.9481463172948269	0.5962894152209653	0	1	No-PER3D	No-Essential3D
625	A	625	7.665	19.836	8.37	-0.73	0.756410256410256	-0.9481463172948269	0.47959698357033137	0	1	No-PER3D	No-Essential3D
626	G	626	8.503	16.718	6.274	-0.73	0.761335784313726	-0.9481463172948269	0.5322082992222621	0	1	No-PER3D	No-Essential3D
627	V	627	5.34	16.198	4.117	-0.73	0.764145141451415	-0.9481463172948269	0.5465423865993043	0	0.6038493970251096	No-PER3D	No-Essential3D
628	F	628	6.462	16.481	0.435	-0.73	0.803297236140294	-0.9481463172948269	0.6381946461729462	0	0.6038493970251096	No-PER3D	No-Essential3D
629	V	629	3.085	16.859	-1.434	-0.73	0.842176410949645	-0.9481463172948269	0.6832527562246232	0	1	No-PER3D	No-Essential3D
630	D	630	4.129	19.995	-3.444	-0.73	0.901515151515152	-0.9481463172948269	0.8915164799056076	0	1	No-PER3D	No-Essential3D
631	N	631	6.743	18.391	-5.794	-0.73	0.884758364312268	-0.9481463172948269	0.8448657916037481	0	1	No-PER3D	No-Essential3D
632	K	632	4.434	15.452	-6.787	-0.73	0.929850746268657	-0.9481463172948269	0.8721142925790755	0	1	No-PER3D	No-Essential3D
633	A	633	1.292	17.504	-7.731	-0.73	0.902954412052436	-0.9481463172948269	0.8968838617616515	0	1	No-PER3D	No-Essential3D
634	L	634	3.4	20.025	-9.768	-0.73	0.896290541852787	-0.9481463172948269	0.95258125994126	0	1	No-PER3D	No-Essential3D
635	L	635	5.098	17.299	-11.923	-0.73	0.886477141759508	-0.9481463172948269	0.9979425379785115	0	1	No-PER3D	No-Essential3D
636	L	636	1.889	15.353	-12.817	-0.73	0.814645308924485	-0.9481463172948269	1.0095441416687043	0	1	No-PER3D	No-Essential3D
637	S	637	-0.137	18.51	-13.749	-0.73	0.838405797101449	-0.9481463172948269	1.0194812331182885	0	1	No-PER3D	No-Essential3D
638	S	638	2.424	19.899	-16.27	-0.73	0.804310045185958	-0.9481463172948269	1.0273151716468416	0	1	No-PER3D	No-Essential3D
639	V	639	3.353	16.784	-18.372	-0.73	0.832167832167832	-0.9481463172948269	1.036628836063592	0	1	No-PER3D	No-Essential3D
640	L	640	-0.064	15.116	-19.021	-0.73	0.853580562659847	-0.9481463172948269	1.0263911953808496	0	1	No-PER3D	No-Essential3D
641	S	641	-2.567	17.85	-20.158	-0.73	0.955384099295538	-0.9481463172948269	1.0145896185451275	0	1	No-PER3D	No-Essential3D
642	E	642	-0.686	19.747	-22.987	-0.73	0.914391143911439	-0.9481463172948269	0.997952884125882	0	1	No-PER3D	No-Essential3D
643	K	643	-1.764	18.132	-26.349	-0.73	0.927780706378492	-0.9481463172948269	1.0498177228489838	0	1	No-PER3D	No-Essential3D
644	G	644	-3.976	15.039	-25.912	-0.73	0.915985130111524	-0.9481463172948269	1.0854926783195071	0	1	No-PER3D	No-Essential3D
645	M	645	-2.937	11.602	-27.328	-0.73	0.868388683886839	-0.9481463172948269	1.1128845199898227	0	1	No-PER3D	No-Essential3D
646	T	646	-4.603	8.344	-26.059	-0.73	0.884711779448622	-0.9481463172948269	1.1348382825018586	0	1	No-PER3D	No-Essential3D
647	S	647	-1.382	7.731	-25.936	-0.73	0.902102357188363	-0.9481463172948269	1.1692435629457956	0	1	No-PER3D	No-Essential3D
648	P	648	1.38	5.449	-26.925	-0.73	0.896318239526026	-0.9481463172948269	1.2652589931779767	0	1	No-PER3D	No-Essential3D
649	I	649	1.616	1.952	-25.546	-0.73	0.902813299232737	-0.9481463172948269	1.2943385317162943	0	1	No-PER3D	No-Essential3D
650	N	650	4.231	0.843	-23.058	-0.73	0.971011426153195	-0.9481463172948269	1.3183648372250403	0	1	No-PER3D	No-Essential3D
651	P	651	5.389	-2.712	-22.866	-0.73	1.03917572463768	-0.9481463172948269	1.2196438562909542	0	1	No-PER3D	No-Essential3D
652	Y	652	5.957	-2.916	-19.089	-0.73	1.05328218243819	-0.9481463172948269	1.0894100598580907	0	1	No-PER3D	No-Essential3D
653	K	653	4.192	0.256	-18.045	-0.73	1.05328218243819	-0.9481463172948269	1.1621841624362803	0	1	No-PER3D	No-Essential3D
654	D	654	0.931	-1.328	-18.984	-0.73	0.998383838383838	-0.9481463172948269	0.9545000756507308	0	1	No-PER3D	No-Essential3D
655	H	655	0.85	-3.164	-15.694	-0.73	0.966240875912409	-0.9481463172948269	0.5450872462205603	0	1	No-PER3D	No-Essential3D
656	M	656	1.027	0.208	-14	-0.73	0.903529411764706	-0.9481463172948269	0.5934576277374487	0	1	No-PER3D	No-Essential3D
657	S	657	-1.349	2.136	-16.234	-0.73	0.923711755233494	-0.9481463172948269	0.8875197643189218	0	1	No-PER3D	No-Essential3D
658	V	658	-4	-0.494	-15.879	-0.73	0.922262190247802	-0.9481463172948269	0.5582837231705964	0	0.6038493970251096	No-PER3D	No-Essential3D
659	L	659	-3.958	-0.172	-12.116	-0.73	0.848267622461171	-0.9481463172948269	0.2235924672373254	0	0.603003267584536	No-PER3D	No-Essential3D
660	K	660	-4.337	3.546	-12.55	-0.73	0.803621958121109	-0.9481463172948269	0.5281701176724689	0	0.6016620624074569	No-PER3D	No-Essential3D
661	A	661	-7.275	3.008	-14.829	-0.73	0.736653461611017	-0.9481463172948269	0.7041545449215699	0	1	No-PER3D	No-Essential3D
662	Y	662	-9.223	0.987	-12.298	-0.73	0.736653461611017	-0.9481463172948269	0.33688636661872656	0	1	No-PER3D	No-Essential3D
663	Y	663	-8.455	3.231	-9.35	-0.73	0.70431654676259	-0.9481463172948269	0.2841096447126312	0	1	No-PER3D	No-Essential3D
664	A	664	-9.32	6.341	-11.286	-0.73	0.70884476534296	-0.9481463172948269	0.5185933954068527	0	1	No-PER3D	No-Essential3D
665	M	665	-12.799	4.964	-11.729	-0.73	0.703763440860215	-0.9481463172948269	0.48835475276943385	0	1	No-PER3D	No-Essential3D
666	N	666	-13.164	3.647	-8.197	-0.73	0.701017394158188	-0.9481463172948269	0.29869809413242715	0	1	No-PER3D	No-Essential3D
667	M	667	-11.462	4.846	-5.034	-0.73	0.729134664618536	-0.9481463172948269	0.25930560162056043	0	1	No-PER3D	No-Essential3D
668	E	668	-11.925	1.677	-3.042	-0.73	0.706859205776173	-0.9481463172948269	0.09340278548668157	0	1	No-PER3D	No-Essential3D
669	P	669	-12.257	-1.564	-4.821	-0.73	0.73930329420674	-0.9481463172948269	0.06155708517386638	0	1	No-PER3D	No-Essential3D
670	N	670	-13.933	-4.672	-3.506	-0.73	0.670200681560015	-0.9481463172948269	0.014190388917267639	0	1	No-PER3D	No-Essential3D
671	S	671	-12.422	-8.074	-2.932	-0.73	0.635379061371841	-0.9481463172948269	-0.13617874049150944	0	1	No-PER3D	No-Essential3D
672	D	672	-13.894	-9.137	-6.203	-0.73	0.593717056715159	-0.9481463172948269	-0.10304165598662632	0	1	No-PER3D	No-Essential3D
673	E	673	-12.231	-6.32	-8.115	-0.73	0.59327731092437	-0.9481463172948269	0.026768785337025137	0	1	No-PER3D	No-Essential3D
674	L	674	-8.944	-6.408	-6.258	-0.73	0.5515625	-0.9481463172948269	-0.12563605402954006	0	1	No-PER3D	No-Essential3D
675	L	675	-8.408	-9.976	-7.296	-0.73	0.595169082125604	-0.9481463172948269	-0.2104194632799444	0	1	No-PER3D	No-Essential3D
676	K	676	-9.181	-9.332	-10.944	-0.73	0.638181818181818	-0.9481463172948269	-0.12113406089321437	0	1	No-PER3D	No-Essential3D
677	I	677	-7.064	-6.22	-10.954	-0.73	0.564568014705882	-0.9481463172948269	0.059402663860922425	0	1	No-PER3D	No-Essential3D
678	S	678	-4.075	-8.312	-10.035	-0.73	0.52833044982699	-0.9481463172948269	-0.06751410381503699	0	1	No-PER3D	No-Essential3D
679	I	679	-5.283	-10.942	-12.48	-0.73	0.524886877828054	-0.9481463172948269	-0.12401907206797143	0	1	No-PER3D	No-Essential3D
680	A	680	-5.343	-8.837	-15.598	-0.73	0.563288563288563	-0.9481463172948269	0.13074317627576473	0	1	No-PER3D	No-Essential3D
681	V	681	-1.821	-7.7	-14.898	-0.73	0.526143790849673	-0.9481463172948269	0.32951287336642343	0	1	No-PER3D	No-Essential3D
682	G	682	-0.786	-11.08	-13.568	-0.73	0.493259803921569	-0.9481463172948269	0.09478657760257489	0	1	No-PER3D	No-Essential3D
683	L	683	0.443	-9.614	-10.297	-0.73	0.450259515570934	-0.9481463172948269	-0.12399083689733356	0	1	No-PER3D	No-Essential3D
684	P	684	-0.338	-11.175	-6.974	-0.73	0.399496336996337	-0.9481463172948269	-0.31267959055257316	0	1	No-PER3D	No-Essential3D
685	Q	685	-3.502	-9.822	-5.41	-0.73	0.426129426129426	-0.9481463172948269	-0.26250338636532106	0	1	No-PER3D	No-Essential3D
686	E	686	-1.678	-9.37	-2.167	-0.73	0.484722222222222	-0.9481463172948269	-0.35409651985591606	0	1	No-PER3D	No-Essential3D
687	F	687	0.644	-6.946	-3.921	-0.73	0.52089552238806	-0.9481463172948269	-0.3073409586337376	0	1.0000000000000002	No-PER3D	No-Essential3D
688	V	688	-2.14	-4.955	-5.519	-0.73	0.472132034632035	-0.9481463172948269	-0.005330919207891853	0	1	No-PER3D	No-Essential3D
689	K	689	-3.971	-4.737	-2.248	-0.73	0.472132034632035	-0.9481463172948269	-0.12007451924412692	0	1	No-PER3D	No-Essential3D
690	E	690	-1.134	-2.795	-0.671	-0.73	0.470779220779221	-0.9481463172948269	-0.22366316479116535	0	1.0000000000000002	No-PER3D	No-Essential3D
691	W	691	-0.923	-0.511	-3.641	-0.73	0.506993006993007	-0.9481463172948269	-0.036185582896581935	0	1	No-PER3D	No-Essential3D
692	F	692	-4.533	0.483	-3.221	-0.73	0.608391608391608	-0.9481463172948269	0.030762359281658876	0	1	No-PER3D	No-Essential3D
693	E	693	-4.139	1.007	0.495	-0.73	0.608949985375841	-0.9481463172948269	-0.04134678590961468	0	1	No-PER3D	No-Essential3D
694	Q	694	-1.153	3.274	0.001	-0.73	0.66412213740458	-0.9481463172948269	-0.020008765989542432	0	1	No-PER3D	No-Essential3D
695	R	695	-3.279	5.627	-2.04	-0.73	0.66030534351145	-0.9481463172948269	0.14295005094729285	0	1	No-PER3D	No-Essential3D
696	K	696	-5.36	6.049	1.071	-0.73	0.65779467680608406	-0.9481463172948269	0.09405846176477958	0	1	No-PER3D	No-Essential3D
697	V	697	-2.432	7.593	2.878	-0.73	0.662213740458015	-0.9481463172948269	0.1418956463662132	0	1	No-PER3D	No-Essential3D
698	Y	698	-2.356	10.879	0.989	-0.73	0.659695817490494	-0.9481463172948269	0.40209525354609804	0	1	No-PER3D	No-Essential3D
699	Q	699	-4.634	13.328	2.722	-0.73	0.654716981132076	-0.9481463172948269	0.34325270077309106	0	1	No-PER3D	No-Essential3D
700	Y	700	-2.368	14.663	5.58	-0.73	0.652255639097744	-0.9481463172948269	0.3869758652478428	0	1	No-PER3D	No-Essential3D
701	S	701	-1.501	14.018	8.857	-0.73	0.711551606288448	-0.9481463172948269	0.39986489146292326	0	1	No-PER3D	No-Essential3D
702	N	702	-1.541	15.336	12.496	-0.73	0.711551606288448	-0.9481463172948269	0.3802539375896585	0	1	No-PER3D	No-Essential3D
703	S	703	0.427	17.807	15.083	-0.73	0.711551606288448	-0.9481463172948269	0.35719996308667723	0	1	No-PER3D	No-Essential3D
704	R	704	1.689	17.887	18.656	-0.73	0.706843718079673	-0.5566473506213188	0.008798470531158653	0	1.0000000000000002	No-PER3D	No-Essential3D
705	S	705	1.536	20.924	21.245	-0.73	0.701588374450828	-0.9481463172948269	0.38278631051376344	0	1	No-PER3D	No-Essential3D
706	P	706	3.097	21.48	24.879	-0.73	0.706241519674355	-0.35964306290420095	0.09142442330459383	0	1	No-PER3D	No-Essential3D
707	S	707	3.538	22.979	28.178	-0.73	0.650375939849624	-0.5430013529848624	0.2988541691254076	0	1	No-PER3D	No-Essential3D
887	N	887	5.962	24.911	30.347	-0.73	0.808784551306323	-0.9481463172948269	0.5664184849728449	0	1	No-PER3D	No-Essential3D
888	P	888	6.845	24.872	34.166	-0.73	0.837725631768953	-0.9481463172948269	0.7431854566406328	0	1.0000000000000002	No-PER3D	No-Essential3D
889	F	889	7.59	26.787	37.25	-0.73	0.813328284740629	-0.9481463172948269	0.9252991911329034	0	1	No-PER3D	No-Essential3D
890	S	890	10.123	26.52	40.281	-0.73	0.810413129598189	-0.9481463172948269	1.0609662203676673	0	1	No-PER3D	No-Essential3D
891	A	891	8.735	26.274	43.994	-0.73	0.876568645813823	-0.9481463172948269	1.1805700620839983	0	1	No-PER3D	No-Essential3D
892	K	892	9.987	28.531	46.673	-0.73	0.882852292020374	-0.9481463172948269	1.2205678375979954	0	1	No-PER3D	No-Essential3D
893	P	893	9.928	27.767	50.367	-0.73	0.858837485172005	-0.9481463172948269	1.239800896723095	0	1	No-PER3D	No-Essential3D
894	L	894	10.263	29.685	53.454	-0.73	0.85952380952381	-0.9481463172948269	1.2835558860613874	0	1	No-PER3D	No-Essential3D
895	Y	895	11.532	27.915	56.487	-0.73	0.916631400761744	-0.9481463172948269	1.289738833341679	0	1	No-PER3D	No-Essential3D
896	T	896	13.247	28.686	59.902	-0.73	0.879003558718861	-0.9481463172948269	1.2848849642024947	0	1	No-PER3D	No-Essential3D
897	A	897	14.193	24.995	60.403	-0.73	0.882142857142857	-0.7803610458633234	1.1692852112554495	0	1.0000000000000002	No-PER3D	No-Essential3D
898	L	898	17.359	23.546	58.979	-0.73	0.937849720223821	-0.9481463172948269	1.1482925215917397	0	1	No-PER3D	No-Essential3D
899	P	899	19.683	26.14	57.646	-0.73	0.922488851136123	-0.9481463172948269	1.140769088686937	0	1	No-PER3D	No-Essential3D
900	P	900	20.536	25.519	54.063	-0.73	0.908302919708029	-0.9481463172948269	1.1737080942450102	0	1	No-PER3D	No-Essential3D
901	Q	901	24.031	24.548	53.037	-0.73	0.912454044117647	-0.9481463172948269	1.2672607283337445	0	1	No-PER3D	No-Essential3D
902	S	902	26.296	25.838	50.312	-0.73	0.965637860082305	-0.9481463172948269	1.2695376175310362	0	1	No-PER3D	No-Essential3D
903	A	903	26.682	23.527	47.355	-0.73	0.960288065843621	-0.9481463172948269	1.0731375641768912	0	1	No-PER3D	No-Essential3D
904	F	904	24.75	23.007	44.211	-0.73	0.960288065843621	-0.9481463172948269	1.2148808281977865	0	1	No-PER3D	No-Essential3D
905	P	905	21.93	20.666	44.81	-0.73	0.968372867249272	-0.9481463172948269	1.222809070524332	0	1	No-PER3D	No-Essential3D
906	P	906	19.813	19.254	42.072	-0.73	0.999202551834131	-0.9481463172948269	1.3837124779354852	0	1	No-PER3D	No-Essential3D
907	A	907	16.85	21.181	40.795	-0.73	0.952851711026616	-0.9481463172948269	1.2098979447621856	0	1	No-PER3D	No-Essential3D
908	T	908	13.888	20.059	42.773	-0.73	0.95381679389313	-0.9481463172948269	1.2202457694361224	0	1	No-PER3D	No-Essential3D
909	F	909	10.51	20.934	44.186	-0.73	0.950943396226415	-0.9481463172948269	1.2151757409883632	0	1	No-PER3D	No-Essential3D
910	M	910	9.584	19.921	47.685	-0.73	1.03018867924528	-0.8432805226501372	1.1575443977066018	0	1	No-PER3D	No-Essential3D
911	P	911	7.149	20.456	50.43	-0.73	1.03018867924528	-0.5444130079127717	0.9555256820900906	0	1	No-PER3D	No-Essential3D
912	P	912	6.762	23.828	51.909	-0.73	1.03409090909091	-0.43757301915837427	0.9135552869676082	0	1	No-PER3D	No-Essential3D
913	V	913	7.571	24.391	55.512	-0.73	0.983100971694128	-0.4162885177891957	0.8889935959926986	0	1	No-PER3D	No-Essential3D
914	Q	914	4.778	26.191	57.204	-0.73	0.995431976166832	-0.2575647265616052	0.7952974827938566	0	1	No-PER3D	No-Essential3D
915	T	915	6.028	29.409	58.631	-0.73	1.04089219330855	-0.43359809607189287	0.9599982294278869	0	1	No-PER3D	No-Essential3D
916	S	916	4.906	30.221	62.093	-0.73	1.04667492771582	-0.3992948813236973	0.9421519582619776	0	1	No-PER3D	No-Essential3D
917	I	917	2.89	33.378	62.193	-0.73	0.986108393660732	-0.6534954341603073	1.2169300082879235	0	1	No-PER3D	No-Essential3D
918	P	918	3.894	35.229	65.241	-0.73	1.04089219330855	-0.9481463172948269	1.4351998639430306	0	1	No-PER3D	No-Essential3D
919	G	919	0.956	37.023	66.709	-0.73	0.96117306897976	-0.9481463172948269	1.312509016562368	0	1	No-PER3D	No-Essential3D
920	L	920	-0.841	37.818	69.886	-0.73	0.98063001369595	-0.9481463172948269	1.1659723407444609	0	1	No-PER3D	No-Essential3D
921	R	921	-4.551	37.934	70.272	-0.73	0.840540011739386	-0.9481463172948269	1.053323333799717	0	1	No-PER3D	No-Essential3D
922	P	922	-5.861	40.873	72.1	-0.73	0.819392426133999	-0.9481463172948269	0.845305786632688	0	1	No-PER3D	No-Essential3D
923	Y	923	-8.096	39.466	74.708	-0.73	0.782125124131083	-0.9481463172948269	0.7240652501300534	0	1	No-PER3D	No-Essential3D
924	P	924	-11.015	41.483	75.698	-0.73	0.782125124131083	-0.9481463172948269	0.5908131348320246	0	1	No-PER3D	No-Essential3D
925	G	925	-10.868	39.902	79.075	-0.73	0.788072843706224	-0.9481463172948269	0.5457767429744251	0	1	No-PER3D	No-Essential3D
926	L	926	-14.057	38.597	80.466	-0.73	0.711022840119166	-0.9481463172948269	0.46953424572828123	0	1	No-PER3D	No-Essential3D
927	D	927	-15.957	41.656	81.44	-0.73	0.711022840119166	-0.9481463172948269	0.42922351676253007	0	1.0000000000000002	No-PER3D	No-Essential3D
928	Q	928	-18.045	40.34	84.243	-0.73	0.705696826335502	-0.9481463172948269	0.33786377816826957	0	1.0000000000000002	No-PER3D	No-Essential3D
929	M	929	-18.478	43.354	86.389	-0.73	0.662962962962963	-0.9481463172948269	0.23589309967894054	0	1.0000000000000002	No-PER3D	No-Essential3D
930	S	930	-20.026	42.129	89.564	-0.73	0.663568773234201	-0.9481463172948269	0.12982702477572594	0	1	No-PER3D	No-Essential3D
931	F	931	-19.661	43.138	93.141	-0.73	0.666666666666667	-0.9481463172948269	-0.01082161820170954	0	1	No-PER3D	No-Essential3D
932	L	932	-18.797	40.128	95.185	-0.73	0.629222309505106	-0.9481463172948269	-0.05735662835750903	0	1	No-PER3D	No-Essential3D
933	P	933	-19.112	42.197	98.25	-0.73	0.545434591747147	-0.9481463172948269	-0.10687896672110184	0	1	No-PER3D	No-Essential3D
934	H	934	-22.668	42.213	99.567	-0.73	0.541876230045922	-0.9481463172948269	-0.1577321839661166	0	1	No-PER3D	No-Essential3D
935	M	935	-23.737	38.737	100.847	-0.73	0.542361720807726	-0.9481463172948269	-0.14488888227896665	0	1	No-PER3D	No-Essential3D
936	A	936	-27.316	37.625	101.534	-0.73	0.538814782418544	-0.9481463172948269	-0.16516741814046124	0	1	No-PER3D	No-Essential3D
937	Y	937	-27.099	34.539	103.751	-0.73	0.544891640866873	-0.9481463172948269	-0.051074907847427915	2.7264879376610116	0.36813038710452434	No-PER3D	No-Essential3D
938	T	938	-26.911	35.002	107.48	-0.73	0.527819548872181	-0.9481463172948269	-0.08265734463177385	2.1723692112857877	0.4245473168273346	No-PER3D	No-Essential3D
939	Y	939	-26.752	32.469	110.291	-0.73	0.52434456928839	-0.9481463172948269	0.12056855140283357	1.5362859576529946	0.5235628748221984	No-PER3D	No-Essential3D
940	P	940	-29.269	32.711	113.021	-0.73	0.524812030075188	-0.9481463172948269	0.0649278209216281	3.6451513722746	0.3065846455887312	No-PER3D	No-Essential3D
941	T	941	-26.701	32.517	115.757	-0.73	0.463356346255975	-0.9481463172948269	0.33350606073423184	0	1	No-PER3D	No-Essential3D
942	G	942	-23.603	34.612	115.246	-0.73	0.561351102941177	-0.9481463172948269	0.13577176661812002	0	1	No-PER3D	No-Essential3D
943	A	943	-25.125	36.56	112.359	-0.73	0.528760581723464	-0.9481463172948269	-0.01992834121197715	0	1	No-PER3D	No-Essential3D
944	A	944	-22.149	35.999	110.109	-0.73	0.561351102941177	-0.9481463172948269	-6.241634885342263e-4	2.1723692112857877	0.4245473168273346	No-PER3D	No-Essential3D
945	T	945	-23.119	36.397	106.48	-0.73	0.559742647058824	-0.9481463172948269	-0.090812027182714	2.1723692112857877	0.4245473168273346	No-PER3D	No-Essential3D
946	F	946	-22.12	34.295	103.506	-0.73	0.559294871794872	-0.9481463172948269	-0.019148247875636404	2.1723692112857877	0.4245473168273346	No-PER3D	No-Essential3D
947	A	947	-22.438	34.325	99.707	-0.73	0.553215579710145	-0.9481463172948269	-0.06075114552797912	2.7264879376610116	0.36813038710452434	No-PER3D	No-Essential3D
948	D	948	-23.781	30.8	99.244	-0.73	0.594871794871795	-0.9481463172948269	-0.015621434353059124	2.7264879376610116	0.36813038710452434	No-PER3D	No-Essential3D
949	M	949	-26.335	28.696	101.067	-0.73	0.598774509803922	-0.9481463172948269	0.047707342815838695	2.7264879376610116	0.36813038710452434	No-PER3D	No-Essential3D
950	Q	950	-23.935	25.789	101.242	-0.73	0.601481481481482	-0.9481463172948269	0.15641489373375284	2.1723692112857877	0.4245473168273346	No-PER3D	No-Essential3D
951	Q	951	-21.297	28.03	102.745	-0.73	0.644444444444445	-0.9481463172948269	0.1666585018418774	1.801766118122719	0.4762346835793705	No-PER3D	No-Essential3D
952	R	952	-23.687	28.796	105.566	-0.73	0.73773987206823	-0.9481463172948269	0.12056855140283357	1.5362859576529946	0.5235628748221984	No-PER3D	No-Essential3D
953	R	953	-24.415	25.11	105.92	-0.73	0.726890756302521	-0.9481463172948269	0.41177475222990945	1.5362859576529946	0.5235628748221984	No-PER3D	No-Essential3D
954	K	954	-20.784	24.384	106.547	-0.73	0.784045584045584	-0.9481463172948269	0.5583520596693877	1.5362859576529946	0.5235628748221984	No-PER3D	No-Essential3D
955	Y	955	-20.578	27.311	108.961	-0.73	0.789896670493685	-0.9481463172948269	0.3464243063428077	1.3367648139132178	0.5668753407474532	No-PER3D	No-Essential3D
956	Q	956	-23.52	25.927	110.857	-0.73	0.837662337662338	-0.9481463172948269	0.44695878291389013	1.3367648139132178	0.5668753407474532	No-PER3D	No-Essential3D
957	R	957	-21.38	22.886	111.52	-0.73	0.923737916219119	-0.9481463172948269	0.7854480449772342	1.3367648139132178	0.5668753407474532	No-PER3D	No-Essential3D
958	K	958	-19.008	24.955	113.656	-0.73	0.968283582089552	-0.9481463172948269	0.7395309811188967	1.5362859576529946	0.5235628748221984	No-PER3D	No-Essential3D
959	Q	959	-21.546	26.111	116.151	-0.73	0.957564575645756	-0.9481463172948269	0.6813967873978904	1.5362859576529946	0.5235628748221984	No-PER3D	No-Essential3D
960	G	960	-22.524	22.64	117.1	-0.73	1.05065414290507	-0.9481463172948269	1.0210078978933999	2.1723692112857877	0.4245473168273346	No-PER3D	No-Essential3D
961	F	961	-19.744	20.825	118.826	-0.73	0.956043956043956	-0.9481463172948269	1.077503504159233	0	1	No-PER3D	No-Essential3D
962	Q	962	-18.133	17.931	117.104	-0.73	0.956043956043956	-0.9481463172948269	1.0342608243026152	1.3367648139132178	0.5668753407474532	No-PER3D	No-Essential3D
963	G	963	-20.342	14.91	117.347	-0.73	0.948369565217391	-0.9481463172948269	1.0063091005905238	1.3367648139132178	0.5668753407474532	No-PER3D	No-Essential3D
964	E	964	-22.581	12.915	115.116	-0.73	0.972686733556299	-0.9481463172948269	1.0088626709930104	1.3367648139132178	0.5668753407474532	No-PER3D	No-Essential3D
965	L	965	-25.203	13.59	117.707	-0.73	0.966398222715912	-0.9481463172948269	1.2626909274094495	0	1	No-PER3D	No-Essential3D
966	L	966	-23.71	17.058	117.973	-0.73	0.969899665551839	-0.9481463172948269	1.1397756690592846	0	1	No-PER3D	No-Essential3D
967	D	967	-23.042	19.276	115.024	-0.73	0.907194994786236	-0.9481463172948269	1.0189816777414102	1.801766118122719	0.4762346835793705	No-PER3D	No-Essential3D
968	G	968	-21.839	16.587	112.848	-0.73	0.879281302638967	-0.9481463172948269	0.9423546552524971	2.8590005343258658	0.2103397980700518	No-PER3D	No-Essential3D
969	A	969	-18.781	16.204	110.799	-0.73	0.907901622187337	-0.9481463172948269	0.8041272239992945	2.2625582981382353	0.27878926944524046	No-PER3D	No-Essential3D
970	Q	970	-20.056	14.144	107.931	-0.73	0.851168511685117	-0.9481463172948269	0.7071906240022442	2.528012462774263	0.24436500323353919	No-PER3D	No-Essential3D
971	D	971	-16.676	13.172	106.615	-0.73	0.853628536285363	-0.9481463172948269	0.5060509204506306	1.1813171129578672	1	No-PER3D	No-Essential3D
972	Y	972	-14.925	10.673	108.823	-0.73	0.853628536285363	-0.9481463172948269	0.4759813440673301	1.5362859576529946	0.5235628748221984	No-PER3D	No-Essential3D
973	M	973	-11.502	9.296	108.134	-0.73	0.729573010015814	-0.9481463172948269	0.2200832428111847	1.3367648139132178	0.5668753407474532	No-PER3D	No-Essential3D
974	S	974	-11.546	5.586	107.611	-0.73	0.768265682656827	-0.9481463172948269	0.23324736252800873	2.1723692112857877	0.4245473168273346	No-PER3D	No-Essential3D
975	G	975	-7.986	5.114	108.797	-0.73	0.768265682656827	-0.9481463172948269	0.10442543594224672	2.7264879376610116	0.36813038710452434	No-PER3D	No-Essential3D
976	L	976	-8.426	6.874	112.1	-0.73	0.681807081807082	-0.9481463172948269	0.20048305520235937	2.1723692112857877	0.4245473168273346	No-PER3D	No-Essential3D
977	D	977	-11.662	7.843	113.638	-0.73	0.686274509803922	-0.9481463172948269	0.4122011188466262	1.801766118122719	0.4762346835793705	No-PER3D	No-Essential3D
978	D	978	-11.354	11.547	113.215	-0.73	0.676328502415459	-0.9481463172948269	0.4506940412774888	1.801766118122719	0.4762346835793705	No-PER3D	No-Essential3D
979	M	979	-14.218	13.505	111.767	-0.73	0.676848484848485	-0.9481463172948269	0.5836573270531681	1.056811871202438	1	No-PER3D	No-Essential3D
980	T	980	-14.274	16.547	109.561	-0.73	0.681265206812652	-0.9481463172948269	0.5516182177528172	1.056811871202438	1	No-PER3D	No-Essential3D
981	D	981	-16.868	19.202	108.944	-0.73	0.72463768115942	-0.9481463172948269	0.7122246823184784	2.0450150179790643	0.31331072443788965	No-PER3D	No-Essential3D
982	S	982	-15.646	19.628	105.403	-0.73	0.634057971014493	-0.9481463172948269	0.4488709520324506	1.056811871202438	1	No-PER3D	No-Essential3D
983	D	983	-14.165	17.399	102.743	-0.73	0.68585064570466	-0.9481463172948269	0.2854532373873195	0	1	No-PER3D	No-Essential3D
984	S	984	-11.181	19.611	102.178	-0.73	0.680880713489409	-0.9481463172948269	0.24621195288893893	0	1	No-PER3D	No-Essential3D
985	C	985	-10.291	19.186	105.788	-0.73	0.631768953068592	-0.8413738718384155	0.1767258107714096	1.3367648139132178	0.5668753407474532	No-PER3D	No-Essential3D
986	L	986	-10.579	15.435	105.429	-0.73	0.629496402877698	-0.9481463172948269	0.2200832428111847	1.3367648139132178	0.5668753407474532	No-PER3D	No-Essential3D
987	S	987	-8.444	15.337	102.325	-0.73	0.572269457161544	-0.7523968339580728	4.8023066878574906e-4	1.5362859576529946	0.5235628748221984	No-PER3D	No-Essential3D
988	R	988	-5.605	17.187	103.914	-0.73	0.503597122302158	-0.46204601168432563	-0.2731079188356946	1.801766118122719	0.4762346835793705	No-PER3D	No-Essential3D
989	K	989	-5.786	15.068	107.012	-0.73	0.5	-0.7861467448782028	0.0011883030440846924	1.3367648139132178	0.5668753407474532	No-PER3D	No-Essential3D
990	K	990	-5.526	12.008	104.842	-0.73	0.496797153024911	-0.8578004019086327	0.01221337253660575	1.3367648139132178	0.5668753407474532	No-PER3D	No-Essential3D
991	I	991	-2.13	13.22	103.964	-0.73	0.49645390070922	-0.5511889515667362	-0.27576599933136914	1.801766118122719	0.4762346835793705	No-PER3D	No-Essential3D
992	K	992	-0.994	12.309	107.404	-0.73	0.551615445232467	-0.5511889515667362	-0.24891923282380743	5.810111116441957	0.0860457384904727	No-PER3D	No-Essential3D
993	K	993	-1.653	8.657	107.09	-0.73	0.554767533490938	-0.8245150646610875	-0.1379728029096716	2.7264879376610116	0.36813038710452434	No-PER3D	No-Essential3D
994	T	994	-0.23	8.859	103.639	-0.73	0.560732775786539	-0.7915467306254236	-0.30159755701702645	0	1	No-PER3D	No-Essential3D
995	E	995	2.85	10.912	103.4	-0.73	0.474107142857143	-0.19502841325522388	-0.48843762777326766	2.7264879376610116	0.36813038710452434	No-PER3D	No-Essential3D
996	S	996	1.923	12.87	100.338	-0.73	0.476169064748201	-0.09864375178852888	-0.4851073772468259	2.7264879376610116	0.36813038710452434	No-PER3D	No-Essential3D
997	G	997	3.825	16.093	100.134	-0.73	0.471085409252669	0.43306596521258733	-0.6457560875074762	2.1723692112857877	0.4245473168273346	No-PER3D	No-Essential3D
998	M	998	2.962	18.066	97.024	-0.73	0.538775510204082	0.8023057933126853	-0.7124024545267524	2.7264879376610116	0.36813038710452434	No-PER3D	No-Essential3D
999	Y	999	5.17	21.042	97.739	1.61	0.539568345323741	1.1749826942807364	-1.0230287071915967	3.6451513722746	0.3065846455887312	No-PER3D	No-Essential3D
1000	A	1000	8.92	20.739	97.394	2.14	0.421497584541063	1.2581420027612102	-0.9554649878758353	3.6451513722746	0.3065846455887312	No-PER3D	No-Essential3D
1001	C	1001	11.517	23.32	98.256	2.14	0.502158273381295	1.3579331729377795	-1.200868310406708	3.6451513722746	0.3065846455887312	No-PER3D	No-Essential3D
1002	D	1002	13.896	24.122	95.499	0.31	0.505797101449275	1.5822921961468281	-1.207402694464238	10.868730690575696	0.16635300443608014	No-PER3D	No-Essential3D
1003	L	1003	16.984	24.589	97.631	1.09	0.506181818181818	1.5235673511458019	-1.4545032139992666	0	1	No-PER3D	No-Essential3D
1004	C	1004	16.774	21.792	100.239	2.14	0.506569343065694	1.562717247813153	-1.207402694464238	10.868730690575696	0.16635300443608014	No-PER3D	No-Essential3D
1005	D	1005	14.471	19.417	98.348	0.57	0.420924574209246	1.2487651918461282	-0.9463625875372108	3.6451513722746	0.3065846455887312	No-PER3D	No-Essential3D
1006	K	1006	12.475	19.142	101.548	1.61	0.317765567765568	1.2577997833847476	-1.0079300445721484	3.6451513722746	0.3065846455887312	No-PER3D	No-Essential3D
1007	T	1007	8.806	18.614	100.926	0.57	0.419082125603865	1.1622164236283394	-0.9376959777057992	3.6451513722746	0.3065846455887312	No-PER3D	No-Essential3D
1008	F	1008	5.672	19.723	102.681	2.14	0.416365824308063	0.9300062698681713	-0.9487875120468606	2.7264879376610116	0.36813038710452434	No-PER3D	No-Essential3D
1009	Q	1009	2.076	18.642	103.126	1.35	0.413669064748201	0.4639603401913881	-0.6972701576631368	2.1723692112857877	0.4245473168273346	No-PER3D	No-Essential3D
1010	K	1010	0.918	22.21	102.831	1.35	0.413669064748201	0.6456120963147547	-0.8366938154704259	2.1723692112857877	0.4245473168273346	No-PER3D	No-Essential3D
1011	S	1011	2.019	25.102	100.689	2.14	0.414868105515588	1.2910520994643881	-1.1180979043868091	2.7264879376610116	0.36813038710452434	No-PER3D	No-Essential3D
1012	S	1012	1.879	27.457	103.605	2.14	0.413669064748201	1.5520514105800605	-1.3280535753071896	5.4685880424552815	0.23947993387151176	No-PER3D	No-Essential3D
1013	S	1013	4.492	25.408	105.348	1.61	0.413669064748201	1.351054563470876	-1.3812072911583089	3.6451513722746	0.3065846455887312	No-PER3D	No-Essential3D
1014	L	1014	6.586	25.682	102.208	2.14	0	1.3579331729377795	-1.200868310406708	3.6451513722746	0.3065846455887312	No-PER3D	No-Essential3D
1015	L	1015	6.413	29.44	102.161	0.83	0	1.593284282518815	-1.5798478653469263	10.868730690575696	0.16635300443608014	No-PER3D	No-Essential3D
1016	R	1016	7.318	29.609	105.806	1.35	0	1.5980448172910877	-1.9206807618986335	37.0816623885523	0.002032492410580946	PER3D	Essential3D
1017	H	1017	10.239	27.286	105.15	2.14	0	1.594445872859495	-1.5248732836100436	10.868730690575696	0.16635300443608014	No-PER3D	No-Essential3D
1018	K	1018	11.576	29.36	102.285	1.09	0	1.6016161836044311	-1.5524197616863256	10.868730690575696	0.16635300443608014	No-PER3D	No-Essential3D
1019	Y	1019	11.972	32.216	104.725	1.09	0	1.6718852289048043	-2.046131975239886	0	1	No-PER3D	No-Essential3D
1020	E	1020	14.753	30.314	106.384	0.57	0	1.7001183274629899	-2.011174887502029	0	1	No-PER3D	No-Essential3D
1021	H	1021	16.772	30.406	103.189	2.14	0	1.5443380542419416	-1.9241816357692296	0	1	No-PER3D	No-Essential3D
1022	T	1022	15.929	34.019	102.399	2.14	0	1.5315263960726808	-2.2448757539844006	0	1	No-PER3D	No-Essential3D
1023	G	1023	16.326	35.279	105.943	2.14	0	1.700494768777099	-2.3850652381396396	0	1	No-PER3D	No-Essential3D
1024	K	1024	13.233	37.407	105.496	1.09	0	1.5853037266597017	-2.3850652381396396	0	1	No-PER3D	No-Essential3D
1025	R	1025	11.293	38.313	108.593	2.14	0	1.5283669779006934	-2.3850652381396396	126.01624682317738	0.086705202312138685	No-PER3D	No-Essential3D
1026	P	1026	8.184	40.09	107.621	2.14	0	1.4940167079882343	-2.3850652381396396	126.01624682317738	0.00705740018819734	PER3D	Essential3D
1027	H	1027	6.704	40.519	111.061	1.09	0	1.3674587748861062	-2.3850652381396396	126.01624682317738	5.365274996875171e-4	PER3D	Essential3D
1028	Q	1028	8.323	43.119	113.214	1.09	0	1.3792876620290617	-2.3850652381396396	126.01624682317738	5.365274996875171e-4	PER3D	Essential3D
1029	C	1029	7.004	43.973	116.575	2.14	0	1.4654448122473502	-2.3850652381396396	126.01624682317738	3.787252938970714e-5	PER3D	Essential3D
1030	Q	1030	6.274	47.609	117.081	0.57	0	1.5837979614032647	-2.3850652381396396	126.01624682317738	0.00705740018819734	PER3D	Essential3D
1031	I	1031	7.455	47.628	120.667	0.31	0	1.5907150705500201	-2.3850652381396396	126.01624682317738	0.00705740018819734	PER3D	Essential3D
1032	C	1032	10.996	46.494	119.985	2.14	0	1.5837979614032647	-2.3850652381396396	126.01624682317738	0.00705740018819734	PER3D	Essential3D
1033	K	1033	13.522	45.574	117.278	0.57	0	1.6562484358571936	-2.3850652381396396	126.01624682317738	0.086705202312138685	No-PER3D	No-Essential3D
1034	K	1034	12.735	41.894	116.991	2.14	0	1.5271264326610157	-2.3850652381396396	126.01624682317738	5.365274996875171e-4	PER3D	Essential3D
1035	A	1035	11.385	40.593	113.702	1.88	0	1.393789208106675	-2.3850652381396396	126.01624682317738	5.365274996875171e-4	PER3D	Essential3D
1036	F	1036	10.056	37.118	113.071	2.14	0	1.3943321523097172	-2.3850652381396396	126.01624682317738	5.365274996875171e-4	PER3D	Essential3D
1037	K	1037	9.659	34.626	110.24	0.57	0	1.5694095378417596	-2.325659798784484	126.01624682317738	5.365274996875171e-4	PER3D	Essential3D
1038	H	1038	6.088	33.868	111.161	1.61	0	1.5146164132325401	-2.2662543594293285	126.01624682317738	5.365274996875171e-4	PER3D	Essential3D
1039	K	1039	3.145	35.646	112.674	0.57	0	1.422179157212406	-2.3850652381396396	126.01624682317738	5.365274996875171e-4	PER3D	Essential3D
1040	H	1040	2.638	33.126	115.426	0.31	0	1.422179157212406	-2.3850652381396396	126.01624682317738	5.365274996875171e-4	PER3D	Essential3D
1041	H	1041	6.165	33.649	116.656	0.31	0	1.4999199922322188	-2.3850652381396396	126.01624682317738	5.365274996875171e-4	PER3D	Essential3D
1042	L	1042	5.339	37.335	116.815	2.14	0	1.4654448122473502	-2.3850652381396396	126.01624682317738	3.787252938970714e-5	PER3D	Essential3D
1043	I	1043	2.297	36.778	118.977	1.88	0	1.4427265789408636	-2.3850652381396396	126.01624682317738	3.787252938970714e-5	PER3D	Essential3D
1044	E	1044	4.378	34.546	121.208	0.83	0	1.6542677754044963	-2.3850652381396396	126.01624682317738	3.787252938970714e-5	PER3D	Essential3D
1045	H	1045	6.888	37.355	121.434	2.14	0	1.4569242578135144	-2.3850652381396396	126.01624682317738	3.787252938970714e-5	PER3D	Essential3D
1046	S	1046	4.303	39.882	122.488	0.31	0	1.5198608520530352	-2.3850652381396396	126.01624682317738	3.787252938970714e-5	PER3D	Essential3D
1047	R	1047	3.931	37.886	125.661	2.14	0	1.6030502457534181	-2.3850652381396396	126.01624682317738	2.465075877436554e-6	PER3D	Essential3D
1048	L	1048	7.224	39.233	126.88	1.88	0	1.729964745938786	-2.3850652381396396	126.01624682317738	5.365274996875171e-4	PER3D	Essential3D
1049	H	1049	5.928	42.752	126.595	2.14	0	1.7346254479229946	-2.3850652381396396	126.01624682317738	0.00705740018819734	PER3D	Essential3D
1050	S	1050	2.537	41.953	128.101	1.61	0	1.7017316473806003	-2.3850652381396396	126.01624682317738	0.00705740018819734	PER3D	Essential3D
1051	G	1051	3.604	39.513	130.814	2.14	0	1.6641211268013032	-2.3850652381396396	37.0816623885523	0.002032492410580946	PER3D	Essential3D
1052	E	1052	0.755	37.263	129.608	2.14	0	1.6354959018742536	-2.3850652381396396	37.0816623885523	0.002032492410580946	PER3D	Essential3D
1053	K	1053	1.58	33.722	131.05	2.14	0	1.6105089276913571	-2.3850652381396396	73.00102789286126	1.4056801729667983e-5	PER3D	Essential3D
1054	P	1054	-1.328	31.743	129.601	2.14	0	1.5874548198831822	-2.3850652381396396	37.0816623885523	0.002032492410580946	PER3D	Essential3D
1055	Y	1055	-0.355	28.266	130.696	1.61	0	1.4823552107576796	-2.3850652381396396	73.00102789286126	1.4056801729667983e-5	PER3D	Essential3D
1056	Q	1056	-0.775	27.003	134.236	0.83	0	1.3916075595817243	-2.3850652381396396	73.00102789286126	1.4056801729667983e-5	PER3D	Essential3D
1057	C	1057	0.591	23.917	135.951	2.14	0	1.051660519778581	-2.3850652381396396	73.00102789286126	1.4056801729667983e-5	PER3D	Essential3D
1058	D	1058	-2.227	21.813	137.201	1.35	0	1.1892874642168838	-2.3850652381396396	73.00102789286126	1.4056801729667983e-5	PER3D	Essential3D
1059	K	1059	-0.281	20.73	140.241	1.09	0	0.7187358215804557	-2.3850652381396396	37.0816623885523	0.002032492410580946	PER3D	Essential3D
1060	C	1060	1.51	23.859	141.443	2.14	0	1.1109876708821822	-2.3850652381396396	53.46985850374632	1.7950234343878913e-4	PER3D	Essential3D
1061	G	1061	-0.481	26.49	139.609	2.14	0	1.5431422994794772	-2.3850652381396396	53.46985850374632	1.7950234343878913e-4	PER3D	Essential3D
1062	K	1062	2.783	28.169	138.579	1.61	0	1.272669215292059	-2.3850652381396396	73.00102789286126	1.4056801729667983e-5	PER3D	Essential3D
1063	R	1063	1.885	29.487	135.097	0.31	0	1.4307991177383839	-2.3850652381396396	73.00102789286126	1.4056801729667983e-5	PER3D	Essential3D
1064	F	1064	4.353	30.113	132.33	2.14	0	1.4507983494260888	-2.3850652381396396	73.00102789286126	1.4056801729667983e-5	PER3D	Essential3D
1065	S	1065	4.764	32.172	129.161	0.83	0	1.5528718595979905	-2.3850652381396396	125.01624682317738	6.059350456765855e-8	PER3D	Essential3D
1066	H	1066	4.713	29.251	126.859	0.83	0	1.4395051100028142	-2.3850652381396396	125.01624682317738	6.059350456765855e-8	PER3D	Essential3D
1067	S	1067	3.658	25.695	126.667	0.83	0	1.175610096470918	-2.3850652381396396	73.00102789286126	1.4056801729667983e-5	PER3D	Essential3D
1068	G	1068	6.692	23.621	126.383	1.09	0	1.0062484111329912	-2.3850652381396396	73.00102789286126	1.4056801729667983e-5	PER3D	Essential3D
1069	S	1069	8.033	25.606	129.288	1.35	0	1.0072780888451132	-2.3850652381396396	73.00102789286126	1.4056801729667983e-5	PER3D	Essential3D
1070	Y	1070	5.118	24.192	131.179	1.09	0	0.9747448721988347	-2.3850652381396396	73.00102789286126	1.4056801729667983e-5	PER3D	Essential3D
1071	S	1071	5.847	20.756	129.845	0.31	0	0.641633796063374	-2.3850652381396396	73.00102789286126	1.4056801729667983e-5	PER3D	Essential3D
1072	Q	1072	9.44	21.066	131.01	0.83	0	0.3837916264501681	-2.358450697549785	126.01624682317738	3.787252938970714e-5	PER3D	Essential3D
1073	H	1073	8.314	22.184	134.435	2.14	0	0.7923677426202038	-2.3850652381396396	73.00102789286126	1.4056801729667983e-5	PER3D	Essential3D
1074	M	1074	6.007	19.262	134.904	-0.73	0	0.651428114617741	-2.366967350538539	73.00102789286126	1.4056801729667983e-5	PER3D	Essential3D
1075	N	1075	8.685	16.804	134.016	-0.73	0	-0.0042692539180088016	-2.262968338348439	126.01624682317738	2.465075877436554e-6	PER3D	No-Essential3D
1076	H	1076	11.301	18.218	136.303	-0.73	0	-0.28678598356932733	-2.240075169637589	126.01624682317738	5.365274996875171e-4	PER3D	No-Essential3D
1077	R	1077	9.3	18.584	139.467	-0.73	0	0.19379948085861276	-2.3316588194148458	126.01624682317738	2.465075877436554e-6	PER3D	Essential3D
1078	Y	1078	6.224	16.453	139.171	-0.73	0	0.17652746762301677	-2.3316588194148458	126.01624682317738	2.465075877436554e-6	PER3D	Essential3D
1079	S	1079	7.111	13.35	137.197	-0.73	0	-0.3600912073257595	-2.2844282924650066	126.01624682317738	5.365274996875171e-4	PER3D	No-Essential3D
1080	Y	1080	8.773	10.348	138.712	-0.73	0	-0.9481463172948269	-2.1741705930457482	126.01624682317738	0.086705202312138685	No-PER3D	No-Essential3D
1081	C	1081	10.884	7.656	137.162	-0.73	0.117466802860061	-0.9481463172948269	-1.9046296357333845	126.01624682317738	0.086705202312138685	No-PER3D	No-Essential3D
1082	K	1082	12.302	10.131	134.719	-0.73	0.116689280868385	-0.8445142378812511	-1.8995680984130945	126.01624682317738	0.086705202312138685	No-PER3D	No-Essential3D
1083	R	1083	15.841	9.036	134.242	-0.73	0.129213483146067	-0.9481463172948269	-1.7014557153137153	126.01624682317738	0.086705202312138685	No-PER3D	No-Essential3D
1084	E	1084	18.702	11.475	134.267	-0.73	0.234933605720123	-0.9481463172948269	-1.6526264636832921	126.01624682317738	0.086705202312138685	No-PER3D	No-Essential3D
1085	A	1085	21.215	11.716	131.467	-0.73	0.258646616541353	-0.9481463172948269	-1.4681593840430807	0	1	No-PER3D	No-Essential3D
1086	E	1086	21.749	8.732	130.365	-0.73	0.259176029962547	-0.9481463172948269	-1.4051971467301503	0	1	No-PER3D	No-Essential3D
1087	E	1087	21.316	5.297	131.96	-0.73	0.262121212121212	-0.9481463172948269	-1.4528704342861065	126.01624682317738	0.086705202312138685	No-PER3D	No-Essential3D
1088	R	1088	24.339	5.747	134.153	-0.73	0.258955223880597	-0.9481463172948269	-1.296799952341766	0	1	No-PER3D	No-Essential3D
1089	E	1089	24.153	3.781	137.303	-0.73	0.257037037037037	-0.9481463172948269	-1.255541380582657	0	1	No-PER3D	No-Essential3D
1090	A	1090	20.628	2.599	137.422	-0.73	0.351515151515152	-0.9481463172948269	-1.3594751187974623	126.01624682317738	0.086705202312138685	No-PER3D	No-Essential3D
1091	A	1091	20.184	4.007	140.872	-0.73	0.398860398860399	-0.9481463172948269	-1.35758160109546	126.01624682317738	0.086705202312138685	No-PER3D	No-Essential3D
1092	E	1092	21.148	4.01	144.517	-0.73	0.396253193301164	-0.9481463172948269	-1.0536149512231672	0	1	No-PER3D	No-Essential3D
1093	R	1093	19.745	5.68	147.564	-0.73	0.397720797720798	-0.9481463172948269	-0.9881377920183675	0	1	No-PER3D	No-Essential3D
