Uniprot_position	aminoacid	Position_in_structure	x	y	z	paraz	mtr	paraz3dscore	mtr3dscore	PER3D_OR	PER3D_pvalue	PER3D	Essential3D
1	M	1	37.061	-53.489	59.285	-0.97	0	-1.1573445041407004	-1.3223985559200555	0	1	No-PER3D	No-Essential3D
2	G	2	38.944	-53.08	62.497	0.56	0	-0.9020895775985877	-1.3223985559200555	0	1	No-PER3D	No-Essential3D
3	C	3	41.998	-50.915	62.433	-0.05	0	-0.6607235220595015	-1.3223985559200555	0	1	No-PER3D	No-Essential3D
4	T	4	45.103	-52.836	61.575	-0.97	0	-0.6607235220595015	-1.3223985559200555	0	1	No-PER3D	No-Essential3D
5	L	5	48.725	-51.991	61.882	-0.67	0	-0.44263070982278435	-1.3223985559200555	0	1	No-PER3D	No-Essential3D
6	S	6	48.924	-50.933	58.288	0.56	0	-0.545400013580916	-1.3223985559200555	0	1	No-PER3D	No-Essential3D
7	A	7	47.342	-48.409	56.031	-0.97	0	-1.0789935266887365	-1.3223985559200555	0	1	No-PER3D	No-Essential3D
8	E	8	47.641	-46.48	52.843	0.56	0	-1.1900438280637426	-1.3223985559200555	0	1	No-PER3D	No-Essential3D
9	E	9	48.843	-42.982	53.212	-1.28	0	-1.6408273650028204	-1.3223985559200555	0	1	No-PER3D	No-Essential3D
10	R	10	45.631	-41.368	52.207	0.56	0	-2.2588445871483125	-1.3223985559200555	0	1	No-PER3D	No-Essential3D
11	A	11	45.456	-37.662	51.628	-2.2	0	-2.624142748688581	-1.3223985559200555	0	1	No-PER3D	No-Essential3D
12	A	12	42.299	-35.764	51.058	-2.2	0	-2.839024020182856	-1.3223985559200555	0	1	No-PER3D	No-Essential3D
13	L	13	41.827	-34.779	47.462	-2.2	0	-2.839024020182856	-1.3223985559200555	0	1	No-PER3D	No-Essential3D
14	E	14	38.529	-34.384	45.784	-1.59	0	-2.839024020182856	-1.3223985559200555	0	1	No-PER3D	No-Essential3D
15	R	15	36.914	-37.602	46.789	-1.28	0	-1.9246107833349342	-1.3223985559200555	0	1	No-PER3D	No-Essential3D
16	S	16	36.443	-40.004	43.965	-0.05	0	-1.9351212803101976	-1.3223985559200555	0	1	No-PER3D	No-Essential3D
17	K	17	32.866	-40.893	43.318	-1.28	0	-1.7417281359653496	-1.3223985559200555	0	1	No-PER3D	No-Essential3D
18	A	18	31.753	-44.366	42.467	-1.28	0	-0.9020895775985878	-1.3223985559200555	0	1	No-PER3D	No-Essential3D
19	I	19	28.888	-42.728	40.679	0.87	0	-1.1442063829216211	-1.3223985559200555	0	1	No-PER3D	No-Essential3D
20	E	20	28.64	-39.155	39.575	-0.05	0	-0.8399274954877437	-1.3223985559200555	0	1	No-PER3D	No-Essential3D
21	K	21	26.72	-37.295	42.187	0.56	0	-0.8507883423621826	-1.3223985559200555	0	1	No-PER3D	No-Essential3D
22	N	22	25.711	-33.706	41.768	-1.28	0	-0.6465343511428958	-1.3223985559200555	0	1	No-PER3D	No-Essential3D
23	L	23	22.734	-31.799	42.954	1.17	0	-0.8326869309047844	-1.3223985559200555	0	1	No-PER3D	No-Essential3D
24	K	24	20.744	-31.212	39.839	-0.67	0	-1.2996404631904213	-1.3223985559200555	0	1	No-PER3D	No-Essential3D
25	E	25	17.159	-31.373	38.798	-0.67	0	-1.456142918151762	-1.3223985559200555	0	1	No-PER3D	No-Essential3D
26	D	26	15.793	-34.813	39.395	-0.05	0	-1.2799669688521076	-1.3223985559200555	0	1	No-PER3D	No-Essential3D
27	G	27	14.507	-36.777	36.474	-0.97	0	-1.2799669688521076	-1.3223985559200555	0	1	No-PER3D	No-Essential3D
28	I	28	15.722	-35.107	33.346	-1.28	0	-1.4095964315470237	-1.3223985559200555	0	1	No-PER3D	No-Essential3D
29	S	29	18.03	-32.261	34.124	-0.97	0	-1.2068056663772344	-1.3223985559200555	0	1	No-PER3D	No-Essential3D
30	A	30	17.786	-29.168	32.012	-0.97	0	-1.332519453728425	-1.3223985559200555	0	1	No-PER3D	No-Essential3D
31	A	31	18.428	-25.494	32.425	-0.97	0	-1.225662734479913	-1.2833561482257805	0	1	No-PER3D	No-Essential3D
32	K	32	15.408	-23.46	33.325	-0.97	0	-0.9661535591620983	-1.2628203729678125	0	1	No-PER3D	No-Essential3D
33	D	33	14.054	-21.602	30.367	-0.05	0	-0.2604487622515509	-1.2332081362556362	2.08034248470824	0.6162271805273833	No-PER3D	No-Essential3D
34	V	34	11.979	-18.657	31.399	0.56	0.1440329218107	0.18274386020539224	-1.242005183880119	3.1851009511851465	0.3603786342123057	No-PER3D	No-Essential3D
35	K	35	11.057	-15.965	28.946	1.17	0.144444444444444	0.7536549459072036	-1.220213152995609	4.344135348887819	0.20239986314426053	No-PER3D	No-Essential3D
36	L	36	8.305	-13.387	28.74	1.17	0.143382352941176	0.9637250561844208	-1.1598411139940223	4.344135348887819	0.20239986314426053	No-PER3D	No-Essential3D
37	L	37	7.159	-11.487	25.683	1.17	0.161305147058824	1.3766407666228204	-1.0458844565544905	9.617513268298113	0.014920991211445868	PER3D	Essential3D
38	L	38	5.564	-8.117	26.131	1.17	0.184348739495798	1.5313407221028887	-0.90562652537889	40.4707529462326	2.0539016242476156e-4	PER3D	Essential3D
39	L	39	4.02	-7.928	22.679	1.17	0.183003128258603	1.6294386938720145	-0.9007828215384072	40.4707529462326	5.756799813553968e-6	PER3D	Essential3D
40	G	40	1.319	-5.683	21.32	1.17	0.183673469387755	1.3747713106390778	-0.8701582338390481	27.211552509947524	1.0483862195669374e-5	PER3D	Essential3D
41	A	41	0.214	-3.126	18.755	-0.36	0.214111922141119	1.0640168565904937	-0.8503904391441844	12.64874829875116	9.89798115564778e-6	PER3D	Essential3D
42	G	42	1.544	0.392	18.582	0.25	0.215506715506716	1.0250658677999045	-0.7586055551241411	39.4707529462326	2.174754656346355e-7	PER3D	Essential3D
43	E	43	1.141	2.713	21.551	-0.05	0.217283950617284	0.9676444176581233	-0.43670368070621113	36.02091161554824	5.98107825468801e-7	PER3D	Essential3D
44	S	44	-0.473	-0.025	23.635	1.17	0.215867158671587	1.380828701587819	-0.69935287723858	16.11768384349273	1.158886721568028e-5	PER3D	Essential3D
45	G	45	1.879	0.655	26.528	1.17	0.215686274509804	1.3262635683545363	-0.5068528993260428	14.680298999864835	2.8374754284366876e-5	PER3D	Essential3D
46	K	46	4.127	-2.367	26.169	1.17	0.260516605166052	1.4908534784352578	-0.6122295306688025	22.355182556567758	6.204550910163752e-5	PER3D	Essential3D
47	S	47	6.841	-0.016	27.364	1.17	0.217283950617284	1.3397540330521283	-0.4449681116250285	22.355182556567758	6.204550910163752e-5	PER3D	Essential3D
48	T	48	4.897	1.75	30.109	1.17	0.32380073800738	1.3467814002158218	-0.17921647093439597	22.355182556567758	6.204550910163752e-5	PER3D	Essential3D
49	I	49	4.395	-1.706	31.575	0.25	0.323148148148148	1.5973399697761306	-0.49688262600753075	16.21249580498021	7.46034723305658e-4	PER3D	Essential3D
50	V	50	8.157	-2.239	31.684	0.56	0.287484510532838	1.550491427117968	-0.4913714981497023	11.124428380322344	0.007301418911295921	PER3D	Essential3D
51	K	51	8.546	0.893	33.8	1.17	0.388104089219331	1.3568937723056589	0.06977633098180387	18.127545091917483	3.3329885817093464e-4	PER3D	No-Essential3D
52	Q	52	6.295	-0.816	36.335	1.17	0.388104089219331	1.1497095819296317	-0.03841154713309816	11.124428380322344	0.007301418911295921	PER3D	Essential3D
53	M	53	8.651	-3.759	36.338	1.17	0.390671641791045	0.9927258771067862	-0.35500682430532843	8.192114299018886	0.029779157196738255	PER3D	Essential3D
54	K	54	11.245	-1.253	37.43	0.56	0.43483709273183	0.7599151165194293	0.15171527509806834	40.4707529462326	0.012072631295974984	PER3D	No-Essential3D
55	I	55	8.941	0.128	40.133	1.17	0.554904051172708	1.0919018485656826	0.15493632660353376	4.344135348887819	0.20239986314426053	No-PER3D	No-Essential3D
56	I	56	8.589	-3.411	41.399	1.17	0.554434413170473	0.7168873164882819	-0.09895958853724182	40.4707529462326	0.24137931034482765	No-PER3D	No-Essential3D
57	H	57	12.285	-3.619	42.099	1.17	0.648148148148148	0.8007610823508843	0.23422972794200214	40.4707529462326	0.24137931034482765	No-PER3D	No-Essential3D
58	E	58	13.37	-2.289	45.438	-1.28	0.645756457564576	1.0258358675783121	0.6483681851758829	40.4707529462326	0.24137931034482765	No-PER3D	No-Essential3D
59	D	59	15.725	-0.032	43.576	-0.67	0.639194139194139	0.8752239109217894	1.044375530780197	2.08034248470824	0.6162271805273833	No-PER3D	No-Essential3D
60	G	60	13.746	2.414	41.529	1.17	0.639194139194139	0.3141250723961856	1.0836431528032855	0.6697488329822402	1	No-PER3D	No-Essential3D
61	F	61	14.72	4.887	38.861	0.56	0.733193277310924	0.406294045871573	0.9501972733114146	1.7862839068211966	0.48393601451105284	No-PER3D	No-Essential3D
62	S	62	17.979	6.381	40.046	0.56	0.733193277310924	-0.29548375216909584	1.1423525412620317	0.32928256402382905	0.6162271805273833	No-PER3D	No-Essential3D
63	G	63	18.39	10.122	39.956	-1.59	0.732600732600733	-0.5638105573022927	1.0672610911191118	0.24157179394200967	0.3603786342123057	No-PER3D	No-Essential3D
64	E	64	20.669	9.583	37.039	-0.05	0.73469387755102	-0.5574376767833545	1.212309310371374	0.32928256402382905	0.6162271805273833	No-PER3D	No-Essential3D
65	D	65	17.717	8.327	35.053	-0.97	0.641818181818182	-0.35749568432315026	0.9966911831142798	0.18884762846595624	0.20239986314426067	No-PER3D	No-Essential3D
66	V	66	15.201	10.787	36.499	-0.97	0.551688311688312	-0.1807441601891362	0.913889967409445	0.5885674292103201	0.7132977858394737	No-PER3D	No-Essential3D
67	K	67	17.523	13.444	35.252	-0.67	0.555265901981231	-0.3825707271069931	0.9761912327665965	0.5885674292103201	0.7132977858394737	No-PER3D	No-Essential3D
68	Q	68	17.15	11.842	31.847	-0.97	0.553246753246753	-0.7509386210971797	1.0711169493715258	0.7524738277538889	1	No-PER3D	No-Essential3D
69	Y	69	13.347	12.017	31.759	0.56	0.480595667870036	-0.47575470029028144	0.8804839351751074	0.8350800461954163	1	No-PER3D	No-Essential3D
70	K	70	13.32	15.731	32.382	-0.97	0.482336956521739	-1.0025535486868205	0.893910142209761	0.34156654393624225	0.19588583334000714	No-PER3D	No-Essential3D
71	P	71	13.975	16.388	28.728	-1.59	0.570048309178744	-0.7186160174958318	0.8898594697524816	1.0253482475968003	0.9999999999999999	No-PER3D	No-Essential3D
72	V	72	11.516	13.771	27.519	0.56	0.573737373737374	-0.6044923632418419	0.8319511892416339	1.7862839068211966	0.48393601451105284	No-PER3D	No-Essential3D
73	V	73	8.742	15.255	29.619	0.56	0.575353535353535	-0.21677723993572745	0.8128091762412476	1.0267189685765765	1	No-PER3D	No-Essential3D
74	Y	74	9.486	18.6	28.08	-0.05	0.52014652014652	-0.4718773101017784	0.9467455441642011	0.8350800461954163	1	No-PER3D	No-Essential3D
75	S	75	9.073	17.258	24.581	-0.67	0.520588235294118	-0.8519561753594341	1.0322400355314336	0.49172680288378184	0.6763361763483955	No-PER3D	No-Essential3D
76	N	76	5.918	15.31	25.307	1.17	0.522509225092251	-0.3607027334002179	0.894990821113887	2.196470232799013	0.31409217118557664	No-PER3D	No-Essential3D
77	T	77	4.386	18.515	26.619	-0.67	0.520588235294118	-0.30205281277863544	1.068940017101403	1.0267189685765765	1	No-PER3D	No-Essential3D
78	I	78	5.472	21.006	23.981	0.25	0.473666554847367	-0.8411887551247753	1.2067312314330545	0.09466690014728947	0.014920991211445871	No-PER3D	No-Essential3D
79	Q	79	4.606	18.51	21.308	-0.97	0.434194341943419	-0.6096623914837282	1.121625841448143	0.40052303542310363	0.3140921711855768	No-PER3D	No-Essential3D
80	S	80	1.148	17.639	22.564	0.25	0.392565055762082	0.036540152280252904	1.1949736396881452	0.4789769070553525	0.4839360145110529	No-PER3D	No-Essential3D
81	L	81	0.374	21.313	22.678	0.56	0.6	-0.21057542366304577	1.3518503327387321	0.10700334800873171	0.0016478343190452242	No-PER3D	No-Essential3D
82	A	82	1.796	21.554	19.181	-1.28	0.654850746268657	-0.5914820723913806	1.2623533763326247	0.10941448902190093	0.029779157196738276	No-PER3D	No-Essential3D
83	A	83	-0.478	18.803	17.95	-0.97	0.65	-0.17169345446043713	1.2678811450204643	0.26157949181202733	0.15667592615220852	No-PER3D	No-Essential3D
84	I	84	-3.597	20.65	19.053	0.56	0.649446494464945	0.01744240777624852	1.4274887334245523	0.05245434233180049	3.332988581709358e-4	No-PER3D	No-Essential3D
85	V	85	-2.321	23.807	17.434	0.56	0.649446494464945	-0.4103659284103477	1.4064068561489929	0	0.0010994414576854868	No-PER3D	No-Essential3D
86	R	86	-1.909	22.113	14.061	-0.05	0.647058823529412	-0.43141951304917003	1.3160384355732044	0	0.026051467533419696	No-PER3D	No-Essential3D
87	A	87	-5.164	20.189	14.318	1.17	0.647058823529412	0.061873144989862315	1.5154351231608223	0	0.005514658740136718	No-PER3D	No-Essential3D
88	M	88	-6.807	23.5	14.927	0.56	0.554621848739496	-0.09972574600481361	1.5739106014676914	0	4.792437123244433e-4	No-PER3D	No-Essential3D
89	D	89	-6.276	24.292	11.28	-0.97	0.565705128205128	-0.022210830812245484	1.4707595708541763	0	0.24137931034482757	No-PER3D	No-Essential3D
90	T	90	-7.077	20.861	9.939	-0.97	0.568910256410256	0.16931378073700004	1.4026088959251293	0	0.11643002028397567	No-PER3D	No-Essential3D
91	L	91	-10.386	20.82	11.794	1.17	0.615916955017301	0.06274901973780093	1.5679600714168282	0	0.012072631295974964	No-PER3D	No-Essential3D
92	G	92	-11.205	24.463	11.232	-0.97	0.584671532846715	0.3462748278499327	1.5708088897614578	0	0.11643002028397567	No-PER3D	No-Essential3D
93	I	93	-11.457	25.322	14.919	1.17	0.62096633525205	-0.310845247748327	1.6648735807793362	0	4.792437123244433e-4	No-PER3D	No-Essential3D
94	E	94	-11.579	29.058	15.562	-1.28	0.614216701173223	-0.664227021051256	1.5681150982784564	0	0.005514658740136718	No-PER3D	No-Essential3D
95	Y	95	-9.381	30.386	18.358	0.56	0.613718411552347	-0.5321394582572864	1.5840338328886066	0	0.0010994414576854868	No-PER3D	No-Essential3D
96	G	96	-11.161	31.633	21.431	-1.59	0.585822120118149	-0.7229106291631437	1.7450929066325502	0	0.005514658740136718	No-PER3D	No-Essential3D
97	D	97	-8.879	34.647	21.371	-1.28	0.590082644628099	-1.0912785231533302	1.6120738656708227	0	0.0024815964330615232	No-PER3D	No-Essential3D
98	K	98	-7.141	35.973	18.26	-1.59	0.586297760210804	-1.3009879628026346	1.4524094278982098	0	0.05544286680189315	No-PER3D	No-Essential3D
99	E	99	-4.257	37.127	20.421	-1.59	0.588429752066116	-1.664321417065174	1.3265358791562554	0	0.005514658740136718	No-PER3D	No-Essential3D
100	R	100	-3.462	33.444	20.787	-0.97	0.615942028985507	-1.1207524035601537	1.531418514732125	0	2.053901624247606e-4	No-PER3D	No-Essential3D
101	K	101	-2.168	33.113	17.251	-0.97	0.587944664031621	-1.028793041135555	1.3936956804299154	0	8.64800683893728e-5	No-PER3D	No-Essential3D
102	A	102	1.008	34.829	18.38	-1.59	0.504316433840841	-1.456643418007727	1.2995405814318295	0	0.0024815964330615232	No-PER3D	No-Essential3D
103	D	103	1.98	32.726	21.372	-0.97	0.501094776352831	-1.2056927902269123	1.4276557967494916	0	2.053901624247606e-4	No-PER3D	No-Essential3D
104	A	104	0.684	29.81	19.415	-0.36	0.502903782765657	-1.0234739637189236	1.4501978251732213	0	3.5745094934274076e-5	No-PER3D	No-Essential3D
105	K	105	3.118	30.156	16.529	-1.28	0.527667984189723	-1.5231097988798694	1.2943004217266394	0	0.012072631295974964	No-PER3D	No-Essential3D
106	M	106	5.835	30.824	19.036	-0.67	0.527667984189723	-1.5924790789166083	1.2861903369987604	0	0.026051467533419696	No-PER3D	No-Essential3D
107	V	107	5.463	27.194	20.061	0.56	0.525763045618641	-1.3239358811986266	1.2873769957095076	0	4.792437123244433e-4	No-PER3D	No-Essential3D
108	C	108	5.674	25.665	16.603	-0.97	0.552795031055901	-1.4801669112380786	1.1831272079617885	0	0.012072631295974964	No-PER3D	No-Essential3D
109	D	109	8.957	27.423	16.081	-1.89	0.605442176870748	-2.0013374112543576	1.1084727295574035	0	0.11643002028397567	No-PER3D	No-Essential3D
110	V	110	10.253	25.77	19.203	-0.36	0.611999312360323	-1.798823867921297	1.2229525952239293	0	0.026051467533419696	No-PER3D	No-Essential3D
111	V	111	9.258	22.363	17.943	-2.2	0.642599277978339	-1.4835323413040498	1.1422826630647824	0	0.026051467533419696	No-PER3D	No-Essential3D
112	S	112	10.85	23.275	14.634	-2.2	0.558678057553957	-2.346885455929343	1.119590801123103	0	0.24137931034482757	No-PER3D	No-Essential3D
113	R	113	14.013	24.734	16.181	-1.59	0.510791366906475	-2.541496105806167	1.205295881587857	0	0.24137931034482757	No-PER3D	No-Essential3D
114	M	114	14.139	21.387	17.971	-0.67	0.556675627240144	-2.3730586542795087	1.1447043299159623	0	0.49425287356321845	No-PER3D	No-Essential3D
115	E	115	14.677	23.582	21.025	-0.67	0.641304347826087	-2.1357762225652275	1.1863194389801615	0	0.24137931034482757	No-PER3D	No-Essential3D
116	D	116	11.749	21.636	22.51	-0.97	0.614718614718615	-1.5920044113112737	1.14874658388266	0	0.11643002028397567	No-PER3D	No-Essential3D
117	T	117	13.886	19.222	24.551	-2.2	0.612491373360939	-1.657468985213654	1.136916270869308	0	1	No-PER3D	No-Essential3D
118	E	118	15.143	22.068	26.749	-0.97	0.615652173913044	-1.527464147626764	1.1152114274427634	0	0.24137931034482757	No-PER3D	No-Essential3D
119	P	119	13.388	23.686	29.656	-1.89	0.671620553359684	-1.2583808944190398	1.0281662377598693	0	0.026051467533419696	No-PER3D	No-Essential3D
120	F	120	10.576	26.087	28.889	0.25	0.674285714285714	-1.2272083957998046	1.1430649651208302	0	0.005514658740136718	No-PER3D	No-Essential3D
121	S	121	11.746	29.626	28.492	-0.97	0.67130823448513	-1.4644338070701375	1.219737691886295	0	0.026051467533419696	No-PER3D	No-Essential3D
122	A	122	9.732	31.972	30.635	-1.89	0.640287769784173	-1.3959946119319768	1.280046443723593	0	0.05544286680189315	No-PER3D	No-Essential3D
123	E	123	7.868	33.304	27.653	-0.97	0.676420292608778	-1.2908278157265465	1.3696851568090902	0	0.005514658740136718	No-PER3D	No-Essential3D
124	L	124	7.144	29.754	26.524	-0.36	0.613205741626794	-1.2265901312718481	1.2936054718966659	0	0.0024815964330615232	No-PER3D	No-Essential3D
125	L	125	5.829	28.296	29.773	-0.67	0.615443718786016	-0.7529995028570352	1.207438463074442	0	4.792437123244433e-4	No-PER3D	No-Essential3D
126	S	126	3.376	31.172	29.665	-0.97	0.615443718786016	-0.63619902911722	1.378470679837389	0	0.0024815964330615232	No-PER3D	No-Essential3D
127	A	127	2.59	31.023	25.968	-0.05	0.687512138279278	-1.0088413533289136	1.3970857014510787	0	4.792437123244433e-4	No-PER3D	No-Essential3D
128	M	128	1.58	27.433	26.473	0.56	0.751354489164087	-0.6898776386694585	1.3061085534058585	0	4.792437123244433e-4	No-PER3D	No-Essential3D
129	M	129	-0.275	28.046	29.691	-0.36	0.718450184501845	-0.23987983268705676	1.3449282087887409	0	0.0010994414576854868	No-PER3D	No-Essential3D
130	R	130	-2.165	30.909	28.145	-0.97	0.746441750131787	-0.7057555651345527	1.5427551905107826	0	8.64800683893728e-5	No-PER3D	No-Essential3D
131	L	131	-2.814	28.819	25.054	1.17	0.740973312401884	-0.7494235945061507	1.510635295595869	0	3.5745094934274076e-5	No-PER3D	No-Essential3D
132	W	132	-3.823	25.696	26.96	1.17	0.778021978021978	-0.3554704910035263	1.4828074708534413	0	8.64800683893728e-5	No-PER3D	No-Essential3D
133	G	133	-6.246	28.161	28.503	-1.28	0.870848708487085	-0.3635917725688031	1.6832003468549694	0	4.792437123244433e-4	No-PER3D	No-Essential3D
134	D	134	-8.037	29.181	25.286	1.17	0.862026862026862	-0.4762643001436275	1.6721006986861546	0	4.792437123244433e-4	No-PER3D	No-Essential3D
135	S	135	-11.538	27.912	24.519	-1.59	0.821052631578947	-0.507695691098225	1.833355978611427	0	0.0010994414576854868	No-PER3D	No-Essential3D
136	G	136	-10.686	27.006	20.956	1.17	0.821756994717276	-0.3045928495476575	1.6906242723344966	0	8.64800683893728e-5	No-PER3D	No-Essential3D
137	I	137	-7.767	24.858	21.987	-0.05	0.831024930747922	-0.39007822494646704	1.6156497230388063	0	2.238755483048764e-6	No-PER3D	No-Essential3D
138	Q	138	-10.16	23.115	24.308	0.25	0.824823252160251	3.672738012834397e-4	1.7655066131992458	0	4.792437123244433e-4	No-PER3D	No-Essential3D
139	E	139	-12.773	22.713	21.606	-0.97	0.797397769516729	0.09887009434278969	1.7563196201284643	0	0.0010994414576854868	No-PER3D	No-Essential3D
140	C	140	-10.218	21.202	19.258	1.17	0.800373134328358	0.061216238928908304	1.6090696666509423	0	4.792437123244433e-4	No-PER3D	No-Essential3D
141	F	141	-8.797	19.232	22.157	0.56	0.800373134328358	0.2931040784456587	1.5836574517209154	0.16897968862179782	0.026350349661670807	No-PER3D	No-Essential3D
142	N	142	-12.147	17.585	22.799	-0.97	0.803370786516854	0.3048758350579538	1.4442910784792464	0	0.026051467533419696	No-PER3D	No-Essential3D
143	R	143	-12.041	16.488	19.144	1.17	0.758248232521603	0.2876541911251517	1.3146962791415548	0.15358440700072176	0.10992448495808793	No-PER3D	No-Essential3D
144	S	144	-8.697	14.792	19.82	-0.97	0.693869505223734	0.2504438260166481	1.1076504534117138	0.34156654393624225	0.19588583334000714	No-PER3D	No-Essential3D
145	R	145	-10.172	11.539	18.494	-0.97	0.622152395915161	0.30164385723806025	0.5904358671927425	0.6983890136161923	0.7573659381064624	No-PER3D	No-Essential3D
146	E	146	-10.097	13.086	15.012	1.17	0.525373134328358	0.10055177385883186	0.8508209175599845	0.18884762846595624	0.20239986314426067	No-PER3D	No-Essential3D
147	Y	147	-6.332	13.355	14.961	0.56	0.558730158730159	0.09521679056656021	0.8495737327617715	0.4789769070553525	0.4839360145110529	No-PER3D	No-Essential3D
148	Q	148	-3.206	11.966	16.531	-0.36	0.604938271604938	0.04270694462320538	0.6320703474885321	0.652780853036094	0.7387017794992674	No-PER3D	No-Essential3D
149	L	149	-2.581	13.484	19.941	1.17	0.558102345415778	0.004374543889891542	0.9545025652109226	0.5459060440321578	0.5209532624153235	No-PER3D	No-Essential3D
150	N	150	-0.352	12.191	22.738	-1.28	0.526792452830189	-0.24096054910991652	0.9112082648947827	2.13545693927714	0.43358830860969233	No-PER3D	No-Essential3D
151	D	151	-2.035	9.953	25.275	1.17	0.540247678018576	0.41646412189217197	0.4291022329295509	3.3899787969133692	0.05069908897602375	No-PER3D	No-Essential3D
152	S	152	-0.521	11.868	28.172	0.56	0.536682088565763	0.5837943947900884	0.5475756589412308	6.24120268186106	0.013717900848264297	PER3D	No-Essential3D
153	A	153	-1.369	15.157	26.506	-0.05	0.538224278475435	0.0983507521393061	1.0399509267470233	2.196470232799013	0.31409217118557664	No-PER3D	No-Essential3D
154	K	154	-3.959	16.134	29.101	-1.28	0.567611524163569	0.1527138688474966	1.1825860924367984	0.7524738277538889	1	No-PER3D	No-Essential3D
155	Y	155	-1.914	15.007	32.078	1.17	0.56972947761194	0.664755251490975	0.7257944807786069	1.7862839068211966	0.48393601451105284	No-PER3D	No-Essential3D
156	Y	156	1.159	16.975	31.115	1.17	0.577777777777778	0.5385383861923516	0.8569151178958451	1.228533846285502	0.7716929017611285	No-PER3D	No-Essential3D
157	L	157	-0.634	20.124	29.999	1.17	0.579925650557621	0.08505013831993044	1.203911545479765	0.5956611255240264	0.549393885054859	No-PER3D	No-Essential3D
158	D	158	-2.462	20.032	33.283	-0.05	0.539288849868306	0.3821930528074157	1.0966198785159058	0.3845298345180418	0.43358830860969233	No-PER3D	No-Essential3D
159	S	159	0.927	20.45	34.917	-1.28	0.492537313432836	0.5017569072879261	0.9430488076422818	0.4789769070553525	0.4839360145110529	No-PER3D	No-Essential3D
160	L	160	2.588	23.097	32.749	0.56	0.528838951310862	-0.20599437792256678	1.1853167003012908	0	0.005514658740136718	No-PER3D	No-Essential3D
161	D	161	3.484	25.048	35.842	0.56	0.472177635098983	-0.6419408746870399	1.1458515024748213	0	0.012072631295974964	No-PER3D	No-Essential3D
162	R	162	4.338	22.031	37.925	1.17	0.475741239892183	0.1407018723043383	0.8156173091223886	0.4789769070553525	0.4839360145110529	No-PER3D	No-Essential3D
163	I	163	7.011	20.851	35.47	0.56	0.419439163498099	-0.12917059414875023	0.8628587777170872	0.40052303542310363	0.3140921711855768	No-PER3D	No-Essential3D
164	G	164	7.979	24.398	34.525	-0.36	0.417850378787879	-0.7638577736292743	1.023294187283377	0.12835744277030586	0.0579784391868428	No-PER3D	No-Essential3D
165	A	165	9.88	24.931	37.787	-0.97	0.41627358490566	-0.9382836198141565	0.8415639125002633	0.24157179394200967	0.3603786342123057	No-PER3D	No-Essential3D
166	A	166	13.617	25.573	37.783	-1.59	0.414708646616541	-1.055949121555806	0.8599388733855271	0.24157179394200967	0.3603786342123057	No-PER3D	No-Essential3D
167	D	167	14.032	22.999	40.531	-0.97	0.414708646616541	-0.7563286195460327	0.6434283331810889	0.24157179394200967	0.3603786342123057	No-PER3D	No-Essential3D
168	Y	168	11.707	20.483	38.803	0.56	0.392525431225122	-0.5130053417441137	0.7559011409948093	0.4789769070553525	0.4839360145110529	No-PER3D	No-Essential3D
169	Q	169	12.455	16.779	39.139	-0.36	0.392156862745098	-0.7377031804616627	0.8232260252106073	0.40052303542310363	0.3140921711855768	No-PER3D	No-Essential3D
170	P	170	10.384	14.099	37.418	1.17	0.36761668731929	-0.37829372833783825	0.8194554894966093	0.4655773822460838	0.35208706549308105	No-PER3D	No-Essential3D
171	T	171	7.549	12.414	39.299	0.56	0.37037037037037	0.11354975511824103	0.7716099945862792	0.8020506761556395	1	No-PER3D	No-Essential3D
172	E	172	7.311	8.668	39.604	-1.28	0.37037037037037	0.6787584674610952	0.5671210494594576	1.5094257242816898	0.5493938850548589	No-PER3D	No-Essential3D
173	Q	173	4.316	9.108	37.341	0.25	0.348586017282011	1.2054152158985283	0.42086443595829975	1.9297674036504184	0.3520870654930813	No-PER3D	No-Essential3D
174	D	174	5.909	11.673	35.021	1.17	0.36522633744856	0.503882152922564	0.661791015296623	1.027461469602558	1	No-PER3D	No-Essential3D
175	I	175	8.378	9.032	33.928	0.56	0.389241198338071	0.5545847349034329	0.6107909367988619	1.593054278654699	0.428543985367517	No-PER3D	No-Essential3D
176	L	176	5.502	6.632	33.219	1.17	0.412822878228782	1.373128659525435	0.35141258471087244	4.2619604971385705	0.015774461877454807	PER3D	No-Essential3D
177	R	177	3.253	9.013	31.286	0.25	0.412087912087912	1.0421152839460135	0.3496618552095965	4.741889258859178	0.008400367581846143	PER3D	No-Essential3D
178	T	178	6.104	9.566	28.844	-0.36	0.409090909090909	0.38191777788663495	0.4872808083468935	3.33316667163678	0.03642192590515912	PER3D	No-Essential3D
179	R	179	6.069	8.401	25.263	1.17	0.352941176470588	0.6844655246422338	0.4478335119170896	5.806928769287297	0.00573750019732079	PER3D	No-Essential3D
180	V	180	8.984	7.22	23.148	-0.97	0.378151260504202	0.8342000338388522	0.2390769999190131	18.127545091917483	3.3329885817093464e-4	PER3D	No-Essential3D
181	K	181	8.376	4.895	20.23	-0.97	0.327272727272727	1.0498598606646286	-0.31797024950540675	14.41382559081141	0.0016323112908494153	PER3D	Essential3D
182	T	182	10.335	1.736	20.901	1.17	0.263736263736264	1.380396868990156	-0.5592626844936991	40.4707529462326	8.64800683893729e-5	PER3D	Essential3D
183	T	183	12.309	0.264	18.033	1.17	0.263003663003663	1.4374869891123456	-0.8510302469868104	40.4707529462326	4.7924371232444267e-4	PER3D	Essential3D
184	G	184	13.661	-3.267	17.802	1.17	0.263970588235294	1.7759600267057472	-1.031208692789481	40.4707529462326	0.0024815964330615237	PER3D	Essential3D
185	I	185	13.593	-5.689	20.705	1.17	0.145706145706146	1.7608199060628078	-0.9452584527392832	40.4707529462326	4.7924371232444267e-4	PER3D	Essential3D
186	V	186	14.815	-4.527	24.095	-0.36	0.164667896678967	1.5885228306468817	-0.8636812131886863	40.4707529462326	0.012072631295974984	PER3D	Essential3D
187	E	187	15.633	-7.153	26.704	1.17	0	1.4349262498492816	-0.8809389821428026	40.4707529462326	0.026051467533419654	PER3D	Essential3D
188	T	188	15.641	-6.596	30.47	-0.05	0	1.0818483297197785	-0.82038722263336	40.4707529462326	0.11643002028397562	No-PER3D	No-Essential3D
189	H	189	15.984	-9.086	33.311	-1.28	0	0.704924459930982	-0.8258109968137023	1.023537036466105	1	No-PER3D	No-Essential3D
190	F	190	14.663	-9.52	36.864	1.17	0	0.3570079000552606	-0.5265855946530081	2.08034248470824	0.6162271805273833	No-PER3D	No-Essential3D
191	T	191	13.379	-12.203	39.245	-0.05	0	0.19901010552425238	-0.6809880688484212	2.08034248470824	0.6162271805273833	No-PER3D	No-Essential3D
192	F	192	10.252	-11.577	41.331	-0.05	0	0.24283648421613774	-0.7135607250746052	40.4707529462326	0.4942528735632184	No-PER3D	No-Essential3D
193	K	193	9.28	-14.87	42.847	-0.36	0	0.23938376057208977	-1.0326393779964607	40.4707529462326	0.4942528735632184	No-PER3D	No-Essential3D
194	N	194	12.415	-16.848	42.293	-0.97	0	-0.2097827768323321	-1.274346361834794	0	1	No-PER3D	No-Essential3D
195	L	195	11.669	-17.192	38.619	-0.36	0	-0.07938793435767878	-1.2474786034019432	1.023537036466105	1	No-PER3D	No-Essential3D
196	H	196	14.095	-17.066	35.771	-1.28	0	-0.07125981669680835	-1.2443569387136886	1.023537036466105	1	No-PER3D	No-Essential3D
197	F	197	14.496	-13.551	34.51	0.25	0	0.10391513289091618	-1.136878911884255	1.023537036466105	1	No-PER3D	No-Essential3D
198	R	198	13.819	-12.617	30.925	0.56	0	0.538832249108715	-1.0800712629689504	3.1851009511851465	0.3603786342123057	No-PER3D	No-Essential3D
199	L	199	11.859	-9.685	29.549	0.56	0	1.0640799448076323	-0.8666332913161554	5.560458939264766	0.1099244849580879	No-PER3D	No-Essential3D
200	F	200	11.422	-8.706	25.944	-0.05	0	1.504236729902942	-0.908223310533886	11.124428380322344	0.007301418911295921	PER3D	Essential3D
201	D	201	10.107	-5.352	24.765	1.17	0	1.527702942661973	-0.7654373290743449	40.4707529462326	1.4491254703084116e-5	PER3D	Essential3D
202	V	202	9.293	-4.708	21.128	1.17	0	1.581117707777946	-0.8517533022835301	40.4707529462326	2.2387554830487692e-6	PER3D	Essential3D
203	G	203	8.007	-2.238	18.559	1.17	0	1.4676521154313518	-0.7700889100951767	40.4707529462326	3.57450949342741e-5	PER3D	Essential3D
204	G	204	4.258	-2.19	17.96	1.17	0	1.4271867020765874	-0.8090421502476778	40.4707529462326	8.513577189058669e-7	PER3D	Essential3D
205	Q	205	4.129	-0.685	14.482	1.17	0	1.475184638263624	-0.8026172108379199	40.4707529462326	8.64800683893729e-5	PER3D	Essential3D
206	R	206	3.78	-2.938	11.453	0.56	0	1.1915569309978102	-0.9090464148193835	7.070682758188397	0.006949970696111959	PER3D	Essential3D
207	S	207	7.332	-2.429	10.243	1.17	0	1.3629620337172144	-0.9654767864122304	40.4707529462326	0.0010994414576854833	PER3D	Essential3D
208	E	208	8.67	-3.798	13.526	1.17	0	1.8022362691439058	-0.929458658981822	40.4707529462326	4.7924371232444267e-4	PER3D	Essential3D
209	R	209	6.605	-6.983	13.449	1.17	0	1.9650815972798787	-1.0148025924618564	40.4707529462326	0.0010994414576854833	PER3D	Essential3D
210	K	210	8.827	-8.719	10.927	0.56	0	2.168643872031563	-1.1603179428348236	40.4707529462326	0.005514658740136715	PER3D	Essential3D
211	K	211	11.596	-8.609	13.549	1.17	0	2.0358445769155353	-1.11166908179299	40.4707529462326	0.005514658740136715	PER3D	Essential3D
212	W	212	9.435	-10.259	16.211	1.17	0	1.9124454744965966	-1.0379459474571773	40.4707529462326	0.0010994414576854833	PER3D	Essential3D
213	I	213	9.89	-13.746	14.79	1.17	0	1.5801622080529223	-1.0407200850554297	40.4707529462326	0.026051467533419654	PER3D	Essential3D
214	H	214	13.353	-13.921	16.323	1.17	0	1.8112869748726048	-1.1516100174423491	40.4707529462326	0.026051467533419654	PER3D	Essential3D
215	C	215	12.578	-13.852	20.055	1.17	0	1.6688918894146292	-1.0752280241005654	40.4707529462326	0.012072631295974984	PER3D	Essential3D
216	F	216	9.73	-16.28	19.328	1.17	0	1.3704300184101645	-1.06882989836595	40.4707529462326	0.012072631295974984	PER3D	Essential3D
217	E	217	11.616	-19.364	20.435	1.17	0	0.662342406967958	-1.1093563745007256	3.1851009511851465	0.3603786342123057	No-PER3D	No-Essential3D
218	D	218	10.647	-20.776	23.826	-0.67	0	0.6450110882841097	-1.1629836338366673	3.1851009511851465	0.3603786342123057	No-PER3D	No-Essential3D
219	V	219	8.389	-18.085	25.188	1.17	0	0.988651672396918	-1.113790745639142	4.344135348887819	0.20239986314426053	No-PER3D	No-Essential3D
220	T	220	7.128	-18.95	28.628	-0.36	0	0.4476083839820317	-1.2096994056428771	4.344135348887819	0.20239986314426053	No-PER3D	No-Essential3D
221	A	221	4.236	-16.537	28.627	-0.05	0	0.869899644161337	-1.11936706060072	3.1851009511851465	0.3603786342123057	No-PER3D	No-Essential3D
222	I	222	3.144	-13.537	26.648	0.87	0	1.0708808546151558	-1.0448211830552898	4.344135348887819	0.20239986314426053	No-PER3D	No-Essential3D
223	I	223	1.432	-10.426	27.907	0.56	0	1.4413758729931931	-0.9240501989043598	40.4707529462326	0.0024815964330615237	PER3D	Essential3D
224	F	224	-0.49	-8.765	25.144	0.56	0	1.319476956986605	-0.7941477714312775	40.4707529462326	4.7924371232444267e-4	PER3D	Essential3D
225	C	225	-1.285	-5.085	25.57	0.25	0	1.4325277505395273	-0.7535975659962376	18.127545091917483	3.3329885817093464e-4	PER3D	Essential3D
226	V	226	-4.336	-3.541	23.945	0.25	0	1.108353061222617	-0.6473119277095957	5.806928769287297	0.00573750019732079	PER3D	Essential3D
227	A	227	-5.363	0.07	24.143	-0.97	0	1.024269085420509	-0.5932268399897721	14.680298999864835	2.8374754284366876e-5	PER3D	Essential3D
228	L	228	-9.036	0.085	25.037	1.17	0	0.8195234375897058	-0.3228875168308887	5.806928769287297	0.00573750019732079	PER3D	Essential3D
229	S	229	-9.008	3.716	23.982	1.17	0	0.5193300133418057	-0.19992623129223194	3.0182108620251715	0.04387523042082296	PER3D	Essential3D
230	G	230	-8.118	2.681	20.437	-0.97	0.104093567251462	0.5193300133418057	-0.3487112198560691	4.540634098318741	0.005974273106445751	PER3D	Essential3D
231	Y	231	-11.583	1.497	19.41	1.17	0.104020979020979	0.49100904588232697	-0.08575414045505503	2.0292949099161484	0.20280893491142296	No-PER3D	No-Essential3D
232	D	232	-12.336	4.948	17.92	1.17	0.113398796325626	0.21622730056944583	0.05091237570438415	1.8044893793465306	0.30008445149971913	No-PER3D	No-Essential3D
233	Q	233	-8.888	5.773	16.553	-0.05	0.104895104895105	0.17322759943049146	-0.10163337945974035	2.0292949099161484	0.20280893491142296	No-PER3D	No-Essential3D
234	V	234	-6.672	4.853	13.618	-0.67	0.114431023521933	0.008981611824020266	-0.2830736374831242	2.0477032353409754	0.2564999103405174	No-PER3D	No-Essential3D
235	L	235	-3.15	3.5	13.322	1.17	0.11451355661882	0.36159183292963354	-0.4988914739515356	2.9926552185364472	0.0866560670150411	No-PER3D	No-Essential3D
236	H	236	-0.132	5.721	13.228	-1.89	0.114431023521933	0.18476510962371215	-0.4981287769320883	5.4592570062818675	0.026350349661670793	PER3D	Essential3D
237	E	237	1.113	3.946	10.118	1.17	0.114431023521933	0.44655733428450534	-0.7703734311046789	8.192114299018886	0.029779157196738255	PER3D	Essential3D
238	D	238	-1.981	4.506	8.005	-0.67	0.114431023521933	0.3067058980607056	-0.7562543725127429	8.192114299018886	0.029779157196738255	PER3D	Essential3D
239	E	239	-4.665	7.009	8.873	-0.05	0.114431023521933	-0.13151999935498562	-0.2900073748551373	1.5668640038985941	0.6763361763483956	No-PER3D	No-Essential3D
240	T	240	-7.161	4.385	7.722	-0.05	0.113636363636364	0.2683734973273917	-0.5848857947901819	3.360517939747206	0.15667592615220863	No-PER3D	No-Essential3D
241	T	241	-7.087	1.282	9.922	-0.97	0.103806228373702	0.0312971537890958	-0.7402508603747678	1.9297674036504184	0.3520870654930813	No-PER3D	No-Essential3D
242	N	242	-9.024	1.138	13.166	0.56	0.112464854732896	-0.08382408894310035	-0.5703011326060575	1.9049167201290842	0.28002470446931216	No-PER3D	No-Essential3D
243	R	243	-6.538	0.718	15.976	1.17	0.137931034482759	0.22549601682099094	-0.6361606457903848	2.4264810352993407	0.11867875840262623	No-PER3D	No-Essential3D
244	M	244	-8.814	-1.624	17.845	1.17	0.13840830449827	0.47756330036153255	-0.37265626217447884	3.33316667163678	0.03642192590515912	PER3D	Essential3D
245	H	245	-9.29	-3.749	14.762	-1.59	0.15625	0.17375908053298955	-0.42060148598243424	1.7710785533391138	0.38266962252515685	No-PER3D	No-Essential3D
246	E	246	-5.57	-3.935	14.14	1.17	0.139274691358025	0.34380176973810606	-0.7138630777828199	3.3899787969133692	0.05069908897602375	No-PER3D	No-Essential3D
247	S	247	-5.13	-5.276	17.636	1.17	0.139274691358025	0.7321562020941645	-0.6326209383366195	3.8122645303106553	0.028725380174401998	PER3D	Essential3D
248	L	248	-7.616	-8.031	17.035	-0.36	0.12448275862069	0.11982291209672032	-0.3323679742197796	2.2644207742697473	0.22877030326697004	No-PER3D	No-Essential3D
249	M	249	-6.038	-8.998	13.757	-1.28	0.12448275862069	0.1745456725646867	-0.4378027790099332	1.7862839068211966	0.48393601451105284	No-PER3D	No-Essential3D
250	L	250	-2.679	-8.813	15.459	1.17	0.113166144200627	0.5801493751494059	-0.6900468131371967	5.4592570062818675	0.026350349661670793	PER3D	Essential3D
251	F	251	-3.713	-10.849	18.474	1.17	0.112464854732896	0.38127546973814663	-0.5355341089490495	2.7324686516548944	0.2657626222718233	No-PER3D	No-Essential3D
252	D	252	-5.412	-13.409	16.297	-1.28	0.123630136986301	-0.26314376147597746	-0.3132133036124888	1.5668640038985941	0.6763361763483956	No-PER3D	No-Essential3D
253	S	253	-2.112	-13.936	14.566	0.56	0.123630136986301	0.3009869511771063	-0.5385501624940646	6.841720963550053	0.057978439186842784	No-PER3D	No-Essential3D
254	I	254	-0.079	-14.007	17.765	1.17	0.138220694921726	0.679027967383538	-0.8170796045385391	5.560458939264766	0.1099244849580879	No-PER3D	No-Essential3D
255	C	255	-2.583	-16.062	19.708	0.25	0.137277208949564	0.07791548247842232	-0.6033817901753713	2.08034248470824	0.6162271805273833	No-PER3D	No-Essential3D
256	N	256	-2.888	-19.008	17.37	-0.05	0.123549488054608	-0.5190069878430323	-0.4376917416735029	0	0.49425287356321845	No-PER3D	No-Essential3D
257	N	257	0.785	-19.273	16.629	-1.28	0.137366818873668	0.2275185773200146	-0.817094383076233	40.4707529462326	0.4942528735632184	No-PER3D	No-Essential3D
258	K	258	2.347	-22.725	16.78	-0.97	0.137366818873668	-0.011700333836982059	-0.9053520115431608	40.4707529462326	0.4942528735632184	No-PER3D	No-Essential3D
259	F	259	5.33	-21.56	18.799	0.56	0.137838869797633	0.6065910751861258	-1.122647999304184	40.4707529462326	0.11643002028397562	No-PER3D	No-Essential3D
260	F	260	2.849	-20.701	21.536	1.17	0.124054982817869	0.3412489355581559	-0.9037671495939358	40.4707529462326	0.11643002028397562	No-PER3D	No-Essential3D
261	I	261	0.823	-23.924	21.934	-1.28	0	-0.2607182621739935	-0.8050909797135058	2.08034248470824	0.6162271805273833	No-PER3D	No-Essential3D
262	D	262	2.48	-24.624	25.303	-0.97	0	-0.3087191928046128	-1.0531478008350785	2.08034248470824	0.6162271805273833	No-PER3D	No-Essential3D
263	T	263	2.695	-20.924	26.195	0.56	0	0.3827524349993765	-1.028479316116176	1.0241113108357995	0.9999999999999999	No-PER3D	No-Essential3D
264	S	264	0.642	-18.829	28.585	1.17	0	0.5318810097298493	-1.0578218296159658	1.023537036466105	1	No-PER3D	No-Essential3D
265	I	265	-1.248	-16.061	26.82	0.56	0	0.6633969718818641	-0.8092130736250959	40.4707529462326	0.4942528735632184	No-PER3D	No-Essential3D
266	I	266	-2.158	-13.161	29.067	0.56	0	1.1329428367548067	-0.8617061458122405	40.4707529462326	0.11643002028397562	No-PER3D	No-Essential3D
267	L	267	-4.117	-10.245	27.645	1.17	0	0.9804416945954466	-0.6122970151550358	40.4707529462326	0.026051467533419654	PER3D	Essential3D
268	F	268	-3.859	-6.738	29.115	1.17	0.138694638694639	1.3626722706427083	-0.6436151152668547	40.4707529462326	0.012072631295974984	PER3D	Essential3D
269	L	269	-6.787	-4.606	28.049	1.17	0.124825174825175	0.8986000998467065	-0.4092390959175208	12.720116601960616	0.0034916327612209324	PER3D	Essential3D
270	N	270	-4.712	-1.581	28.999	1.17	0.125352112676056	1.2294938089691316	-0.6284544394386921	8.891708299462973	0.0016478343190452261	PER3D	Essential3D
271	K	271	-5.668	2.101	29.183	1.17	0.113316261203585	1.2333674565030126	-0.5228682364470043	7.9525843058233	0.003428817846681355	PER3D	Essential3D
272	K	272	-8.862	1.235	30.964	-0.36	0.125531914893617	1.0066500397663232	-0.43309826233952475	4.077070764680039	0.0385336447394895	PER3D	Essential3D
273	D	273	-8.832	4.698	32.503	1.17	0.126428571428571	1.128057958160589	-0.412957867240321	9.617513268298113	0.014920991211445868	PER3D	Essential3D
274	L	274	-8.842	6.596	29.218	0.56	0.22987012987013	0.5223642937185932	-0.17145007456363323	2.2644207742697473	0.22877030326697004	No-PER3D	No-Essential3D
275	F	275	-11.462	4.174	27.979	0.25	0.209964412811388	0.39879296469691916	-0.0968824623597584	3.3899787969133692	0.05069908897602375	No-PER3D	No-Essential3D
276	G	276	-13.768	4.962	30.871	-1.28	0.211309523809524	-0.02454649680674852	0.06953072882024192	2.6285727543854143	0.19588583334000728	No-PER3D	No-Essential3D
277	E	277	-13.791	8.713	30.469	0.56	0.230869849574886	-0.15534379249891617	0.09037585451890023	1.3962911671691858	0.7132977858394739	No-PER3D	No-Essential3D
278	K	278	-14.567	8.513	26.729	1.17	0.231046931407942	-0.03197057800356161	0.21609240238357894	0.8763439520393648	1	No-PER3D	No-Essential3D
279	I	279	-16.958	5.585	26.462	0.56	0.346304774362328	-0.28533568612401383	0.27382472363714644	1.0267189685765765	1	No-PER3D	No-Essential3D
280	K	280	-19.816	7.717	27.64	-1.28	0.426328502415459	-0.6925469712346047	0.580118722824152	0.7524738277538889	1	No-PER3D	No-Essential3D
281	K	281	-19.333	10.297	24.876	-0.67	0.536800486618005	-0.7229106291631437	0.6778602158287408	0.34156654393624225	0.19588583334000714	No-PER3D	No-Essential3D
282	S	282	-18.02	8.049	22.089	-0.67	0.538766788766789	-0.3730439712279366	0.517080694856784	0.45146890017230623	0.2564999103405172	No-PER3D	No-Essential3D
283	P	283	-20.043	5.161	20.817	-1.28	0.539667896678967	-0.30708154193490383	0.5624426027590039	1.0267189685765765	1	No-PER3D	No-Essential3D
284	L	284	-18.437	1.712	20.781	1.17	0.496323529411765	-0.1915466154137126	0.5159863966863067	1.4414676593467879	0.5719241908021161	No-PER3D	No-Essential3D
285	T	285	-20.229	1.255	17.48	-0.67	0.549450549450549	0.12859195187631733	0.7814571383947675	1.026015564189398	1	No-PER3D	No-Essential3D
286	I	286	-17.599	3.45	15.919	-1.28	0.514705882352941	-0.1143798042876329	0.26499351390067505	1.228533846285502	0.7716929017611285	No-PER3D	No-Essential3D
287	C	287	-15.547	0.316	16.166	-0.05	0.549894957983193	0.2564868631769988	0.09934497801842047	1.9049167201290842	0.28002470446931216	No-PER3D	No-Essential3D
288	F	288	-18.181	-2.351	15.794	0.56	0.509489051094891	0.22703809745828826	0.6288610352054687	1.3116457952943819	0.7387017794992673	No-PER3D	No-Essential3D
289	P	289	-21.252	-1.428	13.908	1.17	0.50989010989011	0.18314811008905615	0.687323833601151	1.5668640038985941	0.6763361763483956	No-PER3D	No-Essential3D
290	E	290	-22.673	-4.651	15.237	-0.36	0.506181818181818	0.018517344966900422	1.0693373903044663	0.49172680288378184	0.6763361763483955	No-PER3D	No-Essential3D
291	Y	291	-22.268	-3.758	18.911	0.56	0.542752867570386	-0.37591190293632937	1.0276344284232108	0.5885674292103201	0.7132977858394737	No-PER3D	No-Essential3D
292	T	292	-25.806	-4.018	20.292	-1.28	0.542337662337662	-0.47766569974032935	1.0581040371845285	0.3845298345180418	0.43358830860969233	No-PER3D	No-Essential3D
293	G	293	-24.992	-3.128	23.885	1.17	0.545881126173097	-0.3921803243415197	1.0911059854900302	0.49172680288378184	0.6763361763483955	No-PER3D	No-Essential3D
294	P	294	-25.322	0.144	25.632	-0.67	0.593162393162393	-0.8770645848003413	1.017149263702892	0.7524738277538889	1	No-PER3D	No-Essential3D
295	N	295	-22.383	2.507	25.826	-0.67	0.593162393162393	-0.597563220791483	0.8235951507529439	0.8020506761556395	1	No-PER3D	No-Essential3D
296	T	296	-21.238	1.835	29.341	-0.97	0.593162393162393	-0.5729608723160515	0.8175951083707667	1.0253482475968003	0.9999999999999999	No-PER3D	No-Essential3D
297	Y	297	-17.888	0.881	30.809	-0.97	0.547179757511861	-0.21937325683098102	0.45881894885019403	1.3116457952943819	0.7387017794992673	No-PER3D	No-Essential3D
298	E	298	-19.125	-2.542	31.802	-1.28	0.547179757511861	-0.5855734686863677	0.7326665121715198	1.0247143109832748	1	No-PER3D	No-Essential3D
299	D	299	-21.018	-3.268	28.618	-0.36	0.492478001703094	-0.8770645848003413	0.9985117053012249	0.7524738277538889	1	No-PER3D	No-Essential3D
300	A	300	-18.397	-2.173	26.136	1.17	0.532407407407407	-0.510021543370062	0.6812345457515593	1.2614505161366074	0.7573659381064626	No-PER3D	No-Essential3D
301	A	301	-15.692	-3.842	28.161	0.25	0.58974358974359	0.22880456753816447	0.278722909493284	3.566618016362527	0.06845851237302582	No-PER3D	No-Essential3D
302	A	302	-17.598	-7.095	28.115	-1.59	0.638376383763838	-0.26353184136429486	0.7988098972552962	1.0247143109832748	1	No-PER3D	No-Essential3D
303	Y	303	-17.945	-6.946	24.339	0.56	0.630434782608696	-0.3555437348848871	0.9255899175991877	1.3962911671691858	0.7132977858394739	No-PER3D	No-Essential3D
304	I	304	-14.378	-5.826	23.735	1.17	0.630434782608696	0.006143068004744319	0.25154076154154925	2.2644207742697473	0.22877030326697004	No-PER3D	No-Essential3D
305	Q	305	-13.28	-8.686	25.919	-0.67	0.571053495241221	0.03734865204758081	0.18493794146864015	4.344135348887819	0.20239986314426053	No-PER3D	No-Essential3D
306	A	306	-15.358	-11.209	24.009	-1.59	0.628158844765343	-0.07926781439224723	0.6177219150633529	1.023537036466105	1	No-PER3D	No-Essential3D
307	Q	307	-13.974	-10.174	20.662	-0.67	0.630434782608696	-0.21607110835599402	0.4355928578329699	1.0247143109832748	1	No-PER3D	No-Essential3D
308	F	308	-10.379	-10.893	21.585	0.56	0.629963898916968	0.24836709132017823	-0.2047931198767216	2.13545693927714	0.43358830860969233	No-PER3D	No-Essential3D
309	E	309	-11.153	-14.149	23.331	-0.97	0.634545454545455	-0.2625508616466036	0.04307904408030914	0	1	No-PER3D	No-Essential3D
310	S	310	-13.016	-15.403	20.267	-0.67	0.559967910148416	-0.9356685679351437	0.27825615733784204	0	1	No-PER3D	No-Essential3D
311	K	311	-9.853	-15.009	18.219	-0.67	0.472122302158273	-0.7400388464561657	0.01034650642389562	0	0.49425287356321845	No-PER3D	No-Essential3D
312	N	312	-8.537	-18.162	19.935	-0.36	0.36047107014849	-0.5955765623593771	-0.22848940055046793	0	0.49425287356321845	No-PER3D	No-Essential3D
313	R	313	-8.56	-21.406	17.892	-1.28	0.358163265306122	-0.7885216102814551	-0.214543766741974	0	1	No-PER3D	No-Essential3D
314	S	314	-7.635	-24.463	19.977	-1.28	0.313392857142857	-1.3797244927752224	-0.26886219680482587	0	1	No-PER3D	No-Essential3D
315	P	315	-10.232	-25.359	22.441	-0.97	0.358163265306122	-1.4500214199134218	-0.0027020974312756433	0	1	No-PER3D	No-Essential3D
316	N	316	-7.443	-26.908	24.398	-0.67	0.179081632653061	-1.225662734479913	-0.49508476442326266	0	1	No-PER3D	No-Essential3D
317	K	317	-6.182	-23.579	25.66	0.56	0.207446808510638	-0.5677556738140161	-0.40779758180106385	0	1	No-PER3D	No-Essential3D
318	E	318	-7.137	-20.691	27.895	-1.28	0.178824721377913	-0.42248559062019614	-0.489600312739425	0	1	No-PER3D	No-Essential3D
319	I	319	-6.518	-16.933	27.836	0.87	0.209964412811388	0.022304215200635084	-0.44915637813263576	1.023537036466105	1	No-PER3D	No-Essential3D
320	Y	320	-6.371	-14.428	30.69	0.56	0.211469534050179	0.6635990968236961	-0.6901075948159886	40.4707529462326	0.4942528735632184	No-PER3D	No-Essential3D
321	C	321	-8.066	-11.026	30.395	0.56	0.179969496695475	0.46617692863833055	-0.37195248886074234	40.4707529462326	0.4942528735632184	No-PER3D	No-Essential3D
322	H	322	-7.205	-8.132	32.707	1.17	0.156914893617021	1.0059630791797047	-0.5864567429132066	40.4707529462326	0.24137931034482765	No-PER3D	No-Essential3D
323	M	323	-8.47	-4.565	32.661	-0.36	0.156360424028269	0.7669773420732517	-0.540937195735406	40.4707529462326	0.012072631295974984	PER3D	Essential3D
324	T	324	-5.085	-3.049	33.375	1.17	0.139280125195618	1.2700797972891968	-0.7755360744675364	12.720116601960616	0.0034916327612209324	PER3D	Essential3D
325	C	325	-3.765	0.498	33.425	1.17	0.125795053003534	1.2680236897728003	-0.6951843489910381	14.41382559081141	0.0016323112908494153	PER3D	Essential3D
326	A	326	-0.018	0.69	32.837	1.17	0.125704225352113	1.3392651727276974	-0.5021682183953333	16.21249580498021	7.46034723305658e-4	PER3D	Essential3D
327	T	327	0.158	4.119	34.474	1.17	0.124825174825175	1.477097359334798	-0.14162456106215054	20.17066897162359	1.4550807804603722e-4	PER3D	Essential3D
328	D	328	-1.009	2.93	37.917	1.17	0.139571150097466	1.303513187667654	-0.36680227003131893	12.720116601960616	0.0034916327612209324	PER3D	Essential3D
329	T	329	1.617	0.886	39.769	1.17	0.141055949566588	1.2315413083798974	-0.25087481026035247	5.560458939264766	0.1099244849580879	No-PER3D	No-Essential3D
330	N	330	-0.748	-0.888	42.121	-0.97	0.141953341241597	1.329770990637435	-0.5710585831033519	3.1851009511851465	0.3603786342123057	No-PER3D	No-Essential3D
331	N	331	-2.937	-2.168	39.323	1.17	0.142063492063492	1.1532831509012214	-0.7518966115008746	5.560458939264766	0.1099244849580879	No-PER3D	No-Essential3D
332	I	332	0.086	-3.343	37.431	0.56	0	1.282291993774741	-0.5934737766993805	8.192114299018886	0.029779157196738255	PER3D	Essential3D
333	Q	333	1.636	-4.779	40.569	-0.05	0	1.1682002710527803	-0.5111952689972044	3.1851009511851465	0.3603786342123057	No-PER3D	No-Essential3D
334	V	334	-1.516	-6.579	41.579	-0.36	0	1.083302351040467	-0.8094613604193149	40.4707529462326	0.11643002028397562	No-PER3D	No-Essential3D
335	V	335	-2.11	-7.911	38.085	1.17	0	1.0871551725123378	-0.8815673334092577	40.4707529462326	0.11643002028397562	No-PER3D	No-Essential3D
336	F	336	1.474	-8.847	37.444	1.17	0	1.025919284220973	-0.8258756702670659	40.4707529462326	0.24137931034482765	No-PER3D	No-Essential3D
337	D	337	1.423	-10.839	40.617	-1.28	0	0.4994920190508323	-0.9757727579396323	40.4707529462326	0.24137931034482765	No-PER3D	No-Essential3D
338	A	338	-1.605	-12.763	39.436	-0.67	0	0.5663769998025089	-1.151044135393181	0	1	No-PER3D	No-Essential3D
339	V	339	0.203	-13.339	36.175	1.17	0	0.6370839794542813	-1.1673586817673647	40.4707529462326	0.4942528735632184	No-PER3D	No-Essential3D
340	T	340	3.256	-14.731	37.88	-0.36	0	0.10194441470805427	-1.2638673430152805	1.023537036466105	1	No-PER3D	No-Essential3D
341	D	341	1.005	-17.329	39.352	1.17	0	-0.05565332118808382	-1.2807097043359885	40.4707529462326	0.4942528735632184	No-PER3D	No-Essential3D
342	I	342	-0.489	-18.393	36.037	-0.67	0	0.38365605238639017	-1.192248883397559	40.4707529462326	0.4942528735632184	No-PER3D	No-Essential3D
343	I	343	3.043	-18.923	34.821	0.56	0	0.29730827723576414	-1.2293934376599795	1.023537036466105	1	No-PER3D	No-Essential3D
344	I	344	4.235	-20.397	38.116	0.87	0	-0.2607534143377904	-1.295238620132734	1.023537036466105	1	No-PER3D	No-Essential3D
345	A	345	1.173	-22.544	37.997	-0.97	0	-0.1404539217839596	-1.3223985559200555	40.4707529462326	0.4942528735632184	No-PER3D	No-Essential3D
346	N	346	2.827	-24.428	35.243	-1.28	0	-0.0908056531771229	-1.2895207389143504	1.023537036466105	1	No-PER3D	No-Essential3D
347	N	347	6.221	-25.695	36.144	-0.05	0	-0.4531412067980478	-1.2911646297646358	0	1	No-PER3D	No-Essential3D
348	L	348	8.132	-25.845	32.934	1.17	0	-0.6652975346320699	-1.2760599691794219	1.023537036466105	1	No-PER3D	No-Essential3D
349	R	349	9.142	-29.337	32.002	-0.36	0	-1.1173045156635064	-1.2926519595815604	0	1	No-PER3D	No-Essential3D
350	G	350	10.544	-30.83	28.86	-1.28	0	-1.4714228843426913	-1.3223985559200555	0	1	No-PER3D	No-Essential3D
351	C	351	12.26	-33.945	27.672	-0.36	0	-1.4180048291272345	-1.3223985559200555	0	1	No-PER3D	No-Essential3D
352	G	352	15.148	-34.597	25.358	-0.05	0	-1.8323519765520657	-1.3223985559200555	0	1	No-PER3D	No-Essential3D
