Uniprot_position	aminoacid	Position_in_structure	x	y	z	paraz	mtr	paraz3dscore	mtr3dscore	PER3D_OR	PER3D_pvalue	PER3D	Essential3D
1	M	1	20.655	-27.476	30.204	0.32	0.7	-0.6824631864712771	1.510942490077932	0	0.9999999999999999	No-PER3D	No-Essential3D
2	A	2	17.998	-29.591	28.565	-1.12	0.702290076335878	-0.6824631864712771	1.5173498708966735	0	0.9999999999999999	No-PER3D	No-Essential3D
3	D	3	14.466	-28.475	27.871	0.32	0.704379562043796	-0.5922342785110827	1.3581307488481007	0	0.9999999999999999	No-PER3D	No-Essential3D
4	G	4	12.12	-28.165	24.937	-2.56	0.707746478873239	-0.2764331006504022	1.146481075393791	0	0.9999999999999999	No-PER3D	No-Essential3D
5	E	5	12.738	-27.637	21.237	-0.64	0.467561521252797	-0.3512281164595108	1.0825620547354622	0	0.5520188623636899	No-PER3D	No-Essential3D
6	L	6	12.697	-23.87	20.935	0.32	0.465811965811966	-0.20030245955898818	0.7766041824483421	0	0.14771588564692018	No-PER3D	No-Essential3D
7	N	7	15.911	-22.255	21.937	0.32	0.467078189300412	-0.3584199449026943	0.7992326120533434	0	0.28323017978190396	No-PER3D	No-Essential3D
8	V	8	14.792	-18.755	22.744	-0.64	0.463510848126233	-0.009975856830453069	0.6233114652102363	0	0.5520188623636899	No-PER3D	No-Essential3D
9	D	9	18.336	-17.924	23.703	0.32	0.456928838951311	0.11114107217861473	0.7175951131005438	0	0.5402298850574714	No-PER3D	No-Essential3D
10	S	10	19.361	-18.47	20.12	0.32	0.458333333333333	-0.018050318764390925	0.6882635291084429	0	0.5520188623636899	No-PER3D	No-Essential3D
11	L	11	16.381	-16.526	18.795	-0.16	0.455497382198953	-0.024301515100342813	0.5676125088162046	0	0.28323017978190396	No-PER3D	No-Essential3D
12	I	12	16.469	-13.61	21.195	0.32	0.456852791878173	0.1380559452917409	0.36384643452660026	0	0.5402298850574714	No-PER3D	No-Essential3D
13	T	13	20.117	-13.182	20.443	-2.08	0.454248366013072	0.014247528971360486	0.6691853654211638	0	0.5402298850574714	No-PER3D	No-Essential3D
14	R	14	19.761	-13.282	16.677	0.32	0.455555555555556	-0.18375232019128948	0.7934746722367638	0	0.5520188623636899	No-PER3D	No-Essential3D
15	L	15	16.934	-10.792	17.029	0.32	0.689252336448598	-0.10924424178298316	0.34308431652653926	0	0.5402298850574714	No-PER3D	No-Essential3D
16	L	16	19.089	-8.324	18.959	0.32	0.690909090909091	-0.06744702706612839	0.1521484561774715	0	0.5402298850574714	No-PER3D	No-Essential3D
17	E	17	21.913	-8.707	16.466	0.32	0.691111111111111	-0.34102879612190506	0.6880725260873537	0	0.5402298850574714	No-PER3D	No-Essential3D
18	V	18	20.419	-6.158	14.077	0.32	0.6875	-0.2764331006504022	0.46666697716112476	0	0.9999999999999999	No-PER3D	No-Essential3D
19	R	19	20.861	-3.546	16.744	-1.12	0.686192468619247	-0.21958888863547976	0.16394618082431534	0	0.9999999999999999	No-PER3D	No-Essential3D
20	G	20	23.078	-1.028	15.051	0.32	0.682926829268293	-0.14320447874042763	0.31304855308122964	0	0.9999999999999999	No-PER3D	No-Essential3D
21	C	21	22.346	-2.264	11.552	-1.6	0.456349206349206	-0.36525218192371867	0.5796670409296188	0	0.9999999999999999	No-PER3D	No-Essential3D
22	R	22	20.22	-0.182	9.225	-0.64	0.344357976653697	-0.5497225814913758	0.5288150889005852	0	0.9999999999999999	No-PER3D	No-Essential3D
23	P	23	16.547	-0.368	9.977	0.32	0.273643410852713	-0.21958888863547976	-0.08840515413672197	0	0.9999999999999999	No-PER3D	No-Essential3D
24	G	24	14.587	-2.877	7.951	0.32	0.274708171206226	-0.12196513321854764	-0.14689345054359756	0	0.9999999999999999	No-PER3D	No-Essential3D
25	K	25	17.491	-5.27	8.127	0.32	0.340733590733591	-0.14724170970739658	0.3475942794205868	0	0.9999999999999999	No-PER3D	No-Essential3D
26	I	26	15.937	-8.678	8.526	-2.08	0.457364341085271	-0.13432257061309602	0.37831859235238163	0	0.9999999999999999	No-PER3D	No-Essential3D
27	V	27	16.52	-11.244	11.235	0.32	0.38752052545156	-0.2535120474185787	0.4502320362561008	0	0.5520188623636899	No-PER3D	No-Essential3D
28	Q	28	16.266	-14.566	9.461	0.32	0.387912087912088	-0.10590046460563476	0.6452808992699909	0	0.5402298850574714	No-PER3D	No-Essential3D
29	M	29	14.703	-17.584	11.097	-0.64	0.387912087912088	-0.22379957100695547	0.6603260568646262	0	0.5520188623636899	No-PER3D	No-Essential3D
30	T	30	12.873	-20.864	10.556	-0.64	0.389409817981247	-0.005746376769818961	0.7635401051023513	0	0.5520188623636899	No-PER3D	No-Essential3D
31	E	31	9.113	-20.958	10.212	0.32	0.392440244580322	0.07884322444286332	1.028154572853936	0	0.5402298850574714	No-PER3D	No-Essential3D
32	A	32	9.341	-23.844	12.626	-1.6	0.391328515842135	-0.10725389822503768	0.9813650232815812	0	0.5402298850574714	No-PER3D	No-Essential3D
33	E	33	11.053	-21.498	15.032	0.32	0.390216787103947	-0.15392402303203478	0.7602783381725343	0	0.28323017978190396	No-PER3D	No-Essential3D
34	V	34	8.359	-18.918	14.443	-0.64	0.389105058365759	0.12216960555179814	0.8583039289007723	0	0.5520188623636899	No-PER3D	No-Essential3D
35	R	35	5.674	-21.576	14.722	0.32	0.50530888030888	0.11114107217861473	1.105341444441655	0	0.5520188623636899	No-PER3D	No-Essential3D
36	G	36	7.352	-22.735	17.871	0.32	0.575274725274725	-0.10492039198468783	0.8463515983211166	0	0.5520188623636899	No-PER3D	No-Essential3D
37	L	37	7.315	-19.274	19.364	0.32	0.501436781609196	0.06192530420032687	0.6839286346700509	0	0.28323017978190396	No-PER3D	No-Essential3D
38	C	38	3.612	-19.03	18.702	0.32	0.506756756756757	0.2658307639656346	0.809081071720067	0	0.5402298850574714	No-PER3D	No-Essential3D
39	I	39	2.792	-22.365	20.243	-0.16	0.503365384615385	0.12064043915971807	0.8867314966953883	0	0.5520188623636899	No-PER3D	No-Essential3D
40	K	40	5.077	-21.949	23.228	0.32	0.499049429657795	0.07884322444286332	0.6152173309897808	0	0.28323017978190396	No-PER3D	No-Essential3D
41	S	41	3.794	-18.501	24.107	0.32	0.495283018867925	0.3474667873182592	0.36658432437152266	0	0.5402298850574714	No-PER3D	No-Essential3D
42	R	42	0.226	-19.478	23.324	0.32	0.443599493029151	0.41191477921779973	0.5585719974197778	0	0.5402298850574714	No-PER3D	No-Essential3D
43	E	43	0.6	-22.182	25.923	0.32	0.440251572327044	0.4078027847144055	0.39301210708219564	0.8616000751336015	1	No-PER3D	No-Essential3D
44	I	44	1.892	-19.69	28.479	0.32	0.394736842105263	0.41119849630430527	0.12233222994807784	0.6168511655712522	0.9999999999999999	No-PER3D	No-Essential3D
45	F	45	-0.931	-17.257	27.924	0.32	0.355863467387631	0.4138180452450851	0.11859963854927981	0.6168511655712522	0.9999999999999999	No-PER3D	No-Essential3D
46	L	46	-3.514	-19.939	28.479	0.32	0.262921348314607	0.4087426691723242	0.23757131960095518	0.6168511655712522	0.9999999999999999	No-PER3D	No-Essential3D
47	S	47	-1.675	-20.882	31.635	0.32	0.262172284644195	0.43411954953612886	0.01068389931835136	0.6168511655712522	0.9999999999999999	No-PER3D	No-Essential3D
48	Q	48	-2.096	-17.368	32.995	0.32	0.260674157303371	0.43411954953612886	-0.2001746584490078	0.6168511655712522	0.9999999999999999	No-PER3D	No-Essential3D
49	P	49	-5.255	-15.464	33.686	0.32	0.262406015037594	0.43411954953612886	-0.2696854082190005	3.416781153921468	0.30450928381962866	No-PER3D	No-Essential3D
50	I	50	-7.168	-13.449	31.111	0.32	0.263396226415094	0.43411954953612886	-0.2935902308541279	2.459430395413547	0.3568062122784761	No-PER3D	No-Essential3D
51	L	51	-7.175	-10.58	33.574	0.32	0.238980716253444	0.43411954953612886	-0.38302551801728085	3.416781153921468	0.30450928381962866	No-PER3D	No-Essential3D
52	L	52	-3.584	-10.353	34.686	0.32	0.221374045801527	0.43411954953612886	-0.35280553104172857	0.8616000751336015	1	No-PER3D	No-Essential3D
53	E	53	-2.941	-9.299	38.258	0.32	0.240804996530187	0.43411954953612886	-0.3545512180698508	1.9479919528343907	0.5968169761273209	No-PER3D	No-Essential3D
54	L	54	0.459	-7.683	38.058	0.32	0.241958041958042	0.43411954953612886	-0.43823779382908834	5.283388485022152	0.11187739463601533	No-PER3D	No-Essential3D
55	E	55	2.69	-5.975	40.565	0.32	0.240111034004164	0.43411954953612886	-0.4366124997397293	6.1427095377860095	0.17624521072796942	No-PER3D	No-Essential3D
56	A	56	4.817	-2.834	40.354	0.32	0.237392795883362	0.36061410296510843	-0.45956251009237187	6.1427095377860095	0.17624521072796942	No-PER3D	No-Essential3D
57	P	57	7.452	-1.936	39.585	0.32	0.129811320754717	0.34885323151374514	-0.5325193049328355	7.1427095377860095	0.06896551724137927	No-PER3D	No-Essential3D
58	L	58	7.056	-2.213	35.825	0.32	0.144654088050314	0.3780232876792975	-0.5808133594974014	6.1427095377860095	0.17624521072796942	No-PER3D	No-Essential3D
59	K	59	7.181	-0.229	32.594	0.32	0.145622895622896	0.37095931396399273	-0.7192841504248708	7.1427095377860095	0.06896551724137927	No-PER3D	No-Essential3D
60	I	60	3.957	-0.122	30.554	0.32	0.145073375262055	0.38244299315892666	-0.5800088625989811	6.1427095377860095	0.17624521072796942	No-PER3D	No-Essential3D
61	C	61	4.052	0.45	26.791	0.32	0.146043771043771	0.41990849653239826	-0.6511068551242002	7.1427095377860095	0.2758620689655171	No-PER3D	No-Essential3D
62	G	62	1.546	1.371	24.094	0.32	0.146043771043771	0.41900140804279845	-0.6449853415828403	0	1	No-PER3D	No-Essential3D
63	D	63	1.253	0.444	20.421	0.32	0.130075187969925	0.42143110935422656	-0.7709352181658204	0	1	No-PER3D	No-Essential3D
64	I	64	4.399	-0.632	18.533	0.32	0.130943396226415	0.36579717932588546	-0.8857935296149579	0	1	No-PER3D	No-Essential3D
65	H	65	2.874	-1.473	15.139	0.32	0.130451127819549	0.37490682868725134	-0.8021776009481079	0	1	No-PER3D	No-Essential3D
66	G	66	5.767	-3.463	13.679	0.32	0	0.36306428451747574	-0.8028151507934549	0	1	No-PER3D	No-Essential3D
67	Q	67	8.25	-0.695	14.239	0.32	0	0.3065844584770079	-0.8802479580033169	0	1	No-PER3D	No-Essential3D
68	Y	68	11.026	-3.011	15.341	0.32	0	0.12959698517047266	-0.5545580033983861	0	0.9999999999999999	No-PER3D	No-Essential3D
69	T	69	13.826	-0.469	15.167	-1.6	0	0.02555177567887347	-0.1831749265073848	0	0.9999999999999999	No-PER3D	No-Essential3D
70	D	70	11.863	1.592	17.661	0.32	0	0.20882236776966778	-0.5222702426028485	0	0.9999999999999999	No-PER3D	No-Essential3D
71	L	71	10.983	-1.328	19.927	0.32	0	0.26042890171275457	-0.6935622983622082	0	0.9999999999999999	No-PER3D	No-Essential3D
72	L	72	14.654	-2.073	20.237	0.32	0	0.21080300233464763	-0.45065331316117135	0	0.9999999999999999	No-PER3D	No-Essential3D
73	R	73	15.044	1.556	21.19	0.32	0	0.19726866614061847	-0.30355370161402323	0	0.9999999999999999	No-PER3D	No-Essential3D
74	L	74	12.382	1.208	23.874	0.32	0	0.2434834726568156	-0.7101214194577776	0	1	No-PER3D	No-Essential3D
75	F	75	14.259	-1.644	25.491	0.32	0	0.21080300233464763	-0.8660688348952539	2.7386133469725276	0.4827586206896553	No-PER3D	No-Essential3D
76	E	76	17.495	0.246	25.225	0.32	0	0.07884322444286329	-0.7454145220829778	0	0.9999999999999999	No-PER3D	No-Essential3D
77	Y	77	15.905	3.012	27.274	0.32	0	0.32043112550628383	-0.6636887518672837	0	1	No-PER3D	No-Essential3D
78	G	78	13.955	0.989	29.867	0.32	0	0.34243533660883446	-0.809815003823534	7.1427095377860095	0.2758620689655171	No-PER3D	No-Essential3D
79	G	79	16.484	-1.802	29.796	0.32	0	0.3326120280809101	-1.1946849870063179	7.1427095377860095	0.2758620689655171	No-PER3D	No-Essential3D
80	F	80	16.222	-5.143	28.048	0.32	0	0.21548796486335003	-0.9036755926558262	7.1427095377860095	0.2758620689655171	No-PER3D	No-Essential3D
81	P	81	14.358	-7.808	29.94	0.32	0	0.3675052385811416	-0.8080667751712624	2.7386133469725276	0.4827586206896553	No-PER3D	No-Essential3D
82	P	82	14.746	-9.215	32.542	0.32	0	0.33722600632887456	-0.9218034194249876	2.7386133469725276	0.4827586206896553	No-PER3D	No-Essential3D
83	E	83	16.291	-5.943	33.642	0.32	0	0.321927025822466	-1.163655948920092	7.1427095377860095	0.2758620689655171	No-PER3D	No-Essential3D
84	A	84	12.875	-4.4	34.088	-1.12	0	0.35798890844471476	-0.9681797564022311	7.1427095377860095	0.06896551724137927	No-PER3D	No-Essential3D
85	N	85	9.312	-5.672	34.18	0.32	0	0.3732150366629976	-0.7897413451164653	6.1427095377860095	0.17624521072796942	No-PER3D	No-Essential3D
86	Y	86	7.345	-4.981	31.01	0.32	0	0.3821278922054071	-0.799187440898721	6.1427095377860095	0.17624521072796942	No-PER3D	No-Essential3D
87	L	87	3.668	-4.734	30.139	0.32	0	0.3906163260553208	-0.6600713491916558	3.0217822139532777	0.30002947244326555	No-PER3D	No-Essential3D
88	F	88	2.732	-3.979	26.538	0.32	0	0.4196184750425262	-0.7194984695811323	7.1427095377860095	0.2758620689655171	No-PER3D	No-Essential3D
89	L	89	-0.771	-2.709	25.792	0.32	0	0.41990849653239826	-0.6347869731797584	0	1	No-PER3D	No-Essential3D
90	G	90	-1.186	-4.283	22.353	0.32	0	0.43411954953612886	-0.6487302153905058	0	1	No-PER3D	No-Essential3D
91	D	91	-0.962	-3.497	18.616	0.32	0	0.43411954953612886	-0.5410555705671038	0	1	No-PER3D	No-Essential3D
92	Y	92	2.37	-5.141	17.844	0.32	0	0.43411954953612886	-0.5475539006120613	0	1	No-PER3D	No-Essential3D
93	V	93	1.716	-5.695	14.146	0.32	0	0.43411954953612886	-0.1245718885776857	0	1	No-PER3D	No-Essential3D
94	D	94	0.338	-3.938	11.082	0.32	0	0.43411954953612886	-0.3911691740655588	0	1	No-PER3D	No-Essential3D
95	R	95	1.405	-0.639	9.509	0.32	0	0.43411954953612886	-0.6673570132743137	7.1427095377860095	0.2758620689655171	No-PER3D	No-Essential3D
96	G	96	5.059	-0.821	10.47	0.32	0	0.3573030468132606	-0.8272300948712751	7.1427095377860095	0.2758620689655171	No-PER3D	No-Essential3D
97	K	97	7.771	-2.48	8.416	0.32	0	0.24033246312162035	-0.6399267748601963	0	1	No-PER3D	No-Essential3D
98	Q	98	8.796	-5.3	10.734	0.32	0	0.2658307639656346	-0.3613182729903317	0	0.9999999999999999	No-PER3D	No-Essential3D
99	S	99	5.837	-6.881	12.493	0.32	0.321828358208955	0.2818582673533007	-0.276145129876527	0	1	No-PER3D	No-Essential3D
100	L	100	7.52	-10.257	12.322	0.32	0.321161048689139	0.21207184635283788	0.06998280690163108	0	1	No-PER3D	No-Essential3D
101	E	101	10.705	-9.162	14.024	0.32	0.322641509433962	0.17152400490197606	-0.07611793457345367	0	0.9999999999999999	No-PER3D	No-Essential3D
102	T	102	8.727	-7.197	16.559	0.32	0.322916666666667	0.2480224268682278	-0.5544209462536464	0	1	No-PER3D	No-Essential3D
103	I	103	6.223	-9.846	17.574	0.32	0.320488721804511	0.4018217018003775	-0.2862698899158966	0	0.9999999999999999	No-PER3D	No-Essential3D
104	C	104	8.741	-12.688	17.654	0.32	0.256179775280899	0.18625234598268778	0.25802326316635454	0	1	No-PER3D	No-Essential3D
105	L	105	10.998	-10.816	20.022	0.32	0.254477611940299	0.17573676765011753	-0.07576214182920027	0	0.5402298850574714	No-PER3D	No-Essential3D
106	L	106	8.072	-9.942	22.222	0.32	0.254681647940075	0.3551692550709587	-0.4117293838818927	0	1	No-PER3D	No-Essential3D
107	L	107	6.882	-13.525	22.328	0.32	0.256179775280899	0.3372260063288746	0.2974991485258129	0	0.5402298850574714	No-PER3D	No-Essential3D
108	A	108	10.397	-14.806	22.81	0.32	0.254275092936803	0.2434834726568156	0.3626690437571552	0	0.28323017978190396	No-PER3D	No-Essential3D
109	Y	109	10.791	-12.598	25.864	0.32	0.255223880597015	0.2434834726568156	-0.17547827028225058	0.4682517822005019	0.6472148541114059	No-PER3D	No-Essential3D
110	K	110	7.392	-13.74	26.983	0.32	0.211562115621156	0.3765071724939777	-0.17516547259687643	0.8616000751336015	1	No-PER3D	No-Essential3D
111	I	111	8.752	-17.263	26.982	0.32	0.253676470588235	0.23674381337320355	0.19744470253964228	0	0.5402298850574714	No-PER3D	No-Essential3D
112	K	112	12.083	-16.46	28.575	0.32	0.254612546125461	0.23110450662569137	0.08510862303506253	0	0.28323017978190396	No-PER3D	No-Essential3D
113	Y	113	10.667	-14.472	31.454	0.32	0.212177121771218	0.29747480911564206	-0.44096721592731425	0.8616000751336015	1	No-PER3D	No-Essential3D
114	P	114	7.029	-15.43	31.628	0.32	0.212345679012346	0.43411954953612886	-0.31136748212751586	0.8616000751336015	1	No-PER3D	No-Essential3D
115	E	115	6.557	-13.808	35.009	0.32	0.254814814814815	0.35213270528383683	-0.571097661401702	1.3421641620082778	1	No-PER3D	No-Essential3D
116	N	116	8.262	-10.51	34.285	0.32	0.254074074074074	0.36061410296510843	-0.7767228164609835	6.1427095377860095	0.17624521072796942	No-PER3D	No-Essential3D
117	F	117	7.086	-10.03	30.711	0.32	0.21001221001221	0.3765071724939777	-0.6278860332828163	0.8616000751336015	1	No-PER3D	No-Essential3D
118	F	118	3.509	-9.468	29.597	0.32	0.21001221001221	0.3877791593065725	-0.5539265637526505	1.3989728342369714	1	No-PER3D	No-Essential3D
119	L	119	1.591	-8.852	26.403	0.32	0.21001221001221	0.43411954953612886	-0.38401809737047443	1.3989728342369714	1	No-PER3D	No-Essential3D
120	L	120	-2.007	-7.751	26.18	0.32	0.208637469586375	0.43411954953612886	-0.4447889177220296	1.3421641620082778	1	No-PER3D	No-Essential3D
121	R	121	-4.207	-8.008	23.109	0.32	0.210171568627451	0.43411954953612886	-0.3756646148712842	0	0.9999999999999999	No-PER3D	No-Essential3D
122	G	122	-4.533	-4.986	20.864	0.32	0.253136531365314	0.43411954953612886	-0.4768915966804561	0	1	No-PER3D	No-Essential3D
123	N	123	-7.273	-4.595	18.276	0.32	0.251282051282051	0.43411954953612886	-0.4371451914241279	7.1427095377860095	0.2758620689655171	No-PER3D	No-Essential3D
124	H	124	-4.669	-5.567	15.655	0.32	0.25036496350365	0.43411954953612886	-0.1044341023752876	0	1	No-PER3D	No-Essential3D
125	E	125	-4.506	-8.999	17.276	0.32	0.418491484184915	0.43411954953612886	0.1375536070797412	0	1	No-PER3D	No-Essential3D
126	C	126	-7.49	-10.243	15.312	0.32	0.536103896103896	0.43411954953612886	0.24793518692357122	0	1	No-PER3D	No-Essential3D
127	A	127	-7.199	-11.981	11.963	0.32	0.532608695652174	0.43411954953612886	0.8545955525425867	0	1	No-PER3D	No-Essential3D
128	S	128	-10.123	-9.85	10.962	0.32	0.529138731304796	0.43411954953612886	0.7647551781174926	0	1	No-PER3D	No-Essential3D
129	I	129	-8.071	-6.633	10.747	0.32	0.525693730729702	0.43411954953612886	0.21071273807621724	0	1	No-PER3D	No-Essential3D
130	N	130	-4.376	-7.544	10.551	0.32	0.411270983213429	0.43411954953612886	0.3605233919776078	0	1	No-PER3D	No-Essential3D
131	R	131	-5.233	-9.23	7.312	0.32	0.410991636798088	0.43411954953612886	0.7791551216853255	0	0.9999999999999999	No-PER3D	No-Essential3D
132	I	132	-6.134	-5.798	5.936	0.32	0.412470023980815	0.43411954953612886	0.32095638125136833	0	1	No-PER3D	No-Essential3D
133	Y	133	-3.218	-3.983	7.573	0.32	0.412186379928315	0.43411954953612886	-0.13558681423009822	0	1	No-PER3D	No-Essential3D
134	G	134	-0.109	-5.656	6.229	0.32	0.411904761904762	0.43411954953612886	0.038710579221048355	0	1	No-PER3D	No-Essential3D
135	F	135	0.71	-8.317	8.776	0.32	0.490780141843972	0.400283709051056	0.3873492483792901	0	1	No-PER3D	No-Essential3D
136	Y	136	-0.889	-10.881	6.501	0.32	0.408716136631331	0.3935165409540414	0.8095748007990173	0	1	No-PER3D	No-Essential3D
137	D	137	1.2	-9.811	3.55	0.32	0.408983451536643	0.37946165336793414	0.3359433176093056	0	1	No-PER3D	No-Essential3D
138	E	138	4.326	-9.6	5.656	0.32	0.413381123058542	0.26260684087041447	0.2794608973717812	0	1	No-PER3D	No-Essential3D
139	C	139	3.728	-13.183	6.709	0.32	0.416365824308063	0.3479919555741251	0.7558713662980413	0	1	No-PER3D	No-Essential3D
140	K	140	2.869	-14.553	3.305	0.32	0.414868105515588	0.3593245337270203	1.1268965011121397	0	1	No-PER3D	No-Essential3D
141	R	141	5.755	-12.606	1.902	0.32	0.498924731182796	0.3505251201024193	0.9215629856667902	0	1	No-PER3D	No-Essential3D
142	R	142	8.332	-14.344	4.09	0.32	0.500358422939068	0.0646321714391327	0.7501423546394783	0	0.5402298850574714	No-PER3D	No-Essential3D
143	F	143	6.457	-17.551	4.741	-0.64	0.498220640569395	0.09305427744659393	1.0496251346647056	0	0.5520188623636899	No-PER3D	No-Essential3D
144	N	144	2.957	-18.794	4.171	0.32	0.627240143369176	0.11114107217861473	1.2308529613965544	0	0.5520188623636899	No-PER3D	No-Essential3D
145	I	145	-0.647	-18.192	5.111	0.32	0.627240143369176	0.369523854064626	1.3494645686423576	0	1	No-PER3D	No-Essential3D
146	K	146	-0.557	-21.061	7.552	0.32	0.627240143369176	0.14989848946151643	1.4209846083217947	0	0.5402298850574714	No-PER3D	No-Essential3D
147	L	147	2.221	-19.414	9.496	0.32	0.627240143369176	0.18198796398606945	1.2114058997814054	0	0.5520188623636899	No-PER3D	No-Essential3D
148	W	148	-0.179	-16.521	9.682	0.32	0.9375	0.3505251201024193	1.1061523136107052	0	1	No-PER3D	No-Essential3D
149	K	149	-2.923	-18.786	10.956	0.32	0.9375	0.3072351477171054	1.3418399540374895	0	0.9999999999999999	No-PER3D	No-Essential3D
150	T	150	-0.602	-19.957	13.69	0.32	0.747857142857143	0.2209537544801695	1.2666366276457106	0	1	No-PER3D	No-Essential3D
151	F	151	-0.115	-16.404	14.868	0.32	0.748387096774194	0.38336578880851946	0.8604598757609233	0	0.9999999999999999	No-PER3D	No-Essential3D
152	T	152	-3.857	-16.065	14.722	0.32	0.743060498220641	0.4138180452450851	0.9467258430773073	0	1	No-PER3D	No-Essential3D
153	D	153	-4.263	-19	17.065	0.32	0.621863799283154	0.41043446119657784	1.0675262610324279	0	0.9999999999999999	No-PER3D	No-Essential3D
154	C	154	-1.756	-17.298	19.341	0.32	0.62589928057554	0.37946165336793414	0.7773809889355898	0	1	No-PER3D	No-Essential3D
155	F	155	-3.237	-13.81	19.385	0.32	0.623655913978495	0.41797062566825316	0.4418330495343693	0	1	No-PER3D	No-Essential3D
156	N	156	-6.555	-15.399	20.203	0.32	0.419393939393939	0.4154207955838517	0.5054838152154458	0	1	No-PER3D	No-Essential3D
157	C	157	-5.012	-16.552	23.495	0.32	0.210909090909091	0.4154207955838517	0.4127950934435103	0.8616000751336015	1	No-PER3D	No-Essential3D
158	L	158	-3.68	-13.173	24.644	0.32	0.210909090909091	0.43411954953612886	-0.015305087401268918	0.8616000751336015	1	No-PER3D	No-Essential3D
159	P	159	-4.839	-11.7	27.905	0.32	0.182626896912611	0.43411954953612886	-0.2424138628610156	0.6168511655712522	0.9999999999999999	No-PER3D	No-Essential3D
160	I	160	-7.374	-8.875	27.736	0.32	0.182626896912611	0.43411954953612886	-0.3924495490188722	0.8616000751336015	1	No-PER3D	No-Essential3D
161	A	161	-6.473	-6.697	30.713	0.32	0.183823529411765	0.43411954953612886	-0.5430128673741592	3.416781153921468	0.30450928381962866	No-PER3D	No-Essential3D
162	A	162	-4.205	-6.233	33.712	0.32	0.181021144920062	0.43411954953612886	-0.5185190105028733	1.9479919528343907	0.5968169761273209	No-PER3D	No-Essential3D
163	I	163	-4.484	-4.621	37.127	0.32	0.180369989722508	0.43411954953612886	-0.4134186812124732	1.9479919528343907	0.5968169761273209	No-PER3D	No-Essential3D
164	V	164	-1.372	-3.333	38.843	0.32	0.180505415162455	0.43411954953612886	-0.40912332076119884	6.1427095377860095	0.17624521072796942	No-PER3D	No-Essential3D
165	D	165	-1.222	-3.172	42.631	0.32	0.181159420289855	0.43411954953612886	-0.25407290963453943	2.7386133469725276	0.4827586206896553	No-PER3D	No-Essential3D
166	E	166	-5.022	-3.197	42.487	0.32	0.182481751824818	0.43411954953612886	-0.3287820742163219	1.3421641620082778	1	No-PER3D	No-Essential3D
167	K	167	-4.937	0.476	41.464	0.32	0.366300366300366	0.23810502534674094	-0.38734317353476727	2.7386133469725276	0.4827586206896553	No-PER3D	No-Essential3D
168	I	168	-4.33	0.626	37.741	0.32	0.366006256517205	0.43411954953612886	-0.43065663028817297	2.7386133469725276	0.4827586206896553	No-PER3D	No-Essential3D
169	F	169	-6.6	-0.914	35.15	0.32	0.365424430641822	0.43411954953612886	-0.48875794679315604	0	1	No-PER3D	No-Essential3D
170	C	170	-4.913	-1.533	31.82	0.32	0.366753246753247	0.43411954953612886	-0.5748992425731735	0	0.9999999999999999	No-PER3D	No-Essential3D
171	C	171	-6.268	-2.494	28.425	0.32	0.320909090909091	0.43411954953612886	-0.7206097433811145	0	1	No-PER3D	No-Essential3D
172	H	172	-5.526	-1.634	24.829	0.32	0.323260073260073	0.43411954953612886	-0.760485042734808	0	1	No-PER3D	No-Essential3D
173	G	173	-8.724	0.237	23.946	0.32	0.320909090909091	0.43411954953612886	-0.8667626072941113	7.1427095377860095	0.2758620689655171	No-PER3D	No-Essential3D
174	G	174	-10.827	1.303	26.901	0.32	0.323260073260073	0.43411954953612886	-0.7907675294761547	0	1	No-PER3D	No-Essential3D
175	L	175	-14.16	0.854	28.715	0.32	0.28921568627451	0.3616141770681155	-0.8437055201717122	0	1	No-PER3D	No-Essential3D
176	S	176	-17.441	-0.893	27.9	0.32	0.28921568627451	0.39672204163157465	-0.9625169023604997	0	0.9999999999999999	No-PER3D	No-Essential3D
177	P	177	-21.024	-0.251	28.945	0.32	0.291358024691358	0.38336578880851946	-0.9895710877338	0	1	No-PER3D	No-Essential3D
178	D	178	-21.062	-3.953	29.779	0.32	0.293267244940107	0.37233236256338703	-0.819338129005049	6.1427095377860095	0.17624521072796942	No-PER3D	No-Essential3D
179	L	179	-18.079	-3.915	32.108	0.32	0.163888888888889	0.37946165336793414	-0.6852803909206822	6.1427095377860095	0.17624521072796942	No-PER3D	No-Essential3D
180	Q	180	-19.622	-3.759	35.581	0.32	0.163888888888889	0.1349394862996947	-0.5203799565512444	6.1427095377860095	0.17624521072796942	No-PER3D	No-Essential3D
181	S	181	-17.534	-6.412	37.269	0.32	0.186772486772487	0.36306428451747574	-0.47555782859338014	6.1427095377860095	0.17624521072796942	No-PER3D	No-Essential3D
182	M	182	-14.089	-7.758	36.506	0.32	0.185399159663866	0.38511591848878185	-0.5154284330396774	1.9479919528343907	0.5968169761273209	No-PER3D	No-Essential3D
183	E	183	-15.539	-11.227	36.771	0.32	0.184873949579832	0.43411954953612886	-0.4692036117718282	5.283388485022152	0.11187739463601533	No-PER3D	No-Essential3D
184	Q	184	-17.028	-10.774	33.323	0.32	0.217283950617284	0.43411954953612886	-0.6011508381471964	3.0217822139532777	0.30002947244326555	No-PER3D	No-Essential3D
185	I	185	-13.502	-10.548	31.969	0.32	0.215252152521525	0.43411954953612886	-0.5785598965531307	3.416781153921468	0.30450928381962866	No-PER3D	No-Essential3D
186	R	186	-12.36	-13.619	33.889	0.32	0.216852540272615	0.43411954953612886	-0.47741359642108827	5.283388485022152	0.11187739463601533	No-PER3D	No-Essential3D
187	R	187	-15.233	-15.714	32.564	0.32	0.26	0.43411954953612886	-0.47263760948651506	5.283388485022152	0.11187739463601533	No-PER3D	No-Essential3D
188	I	188	-14.081	-15.181	28.979	0.32	0.327137546468401	0.43411954953612886	-0.37276810460437193	5.283388485022152	0.11187739463601533	No-PER3D	No-Essential3D
189	M	189	-13.342	-18.282	26.973	0.32	0.260740740740741	0.43411954953612886	-0.23216784250565786	2.7386133469725276	0.4827586206896553	No-PER3D	No-Essential3D
190	R	190	-10.03	-18.507	25.167	0.32	0.326208178438662	0.43411954953612886	0.061281677887168214	2.7386133469725276	0.4827586206896553	No-PER3D	No-Essential3D
191	P	191	-8.955	-19.038	22.501	0.32	0.325925925925926	0.43411954953612886	0.4459276324969019	0	0.9999999999999999	No-PER3D	No-Essential3D
192	T	192	-11.426	-16.614	21.007	0.32	0.328066914498141	0.43411954953612886	0.21282112944777876	0	0.9999999999999999	No-PER3D	No-Essential3D
193	D	193	-11.883	-14.016	18.277	0.32	0.328358208955224	0.38827744307248174	0.13372819765284577	0	1	No-PER3D	No-Essential3D
194	V	194	-13.18	-10.467	18.554	0.32	0.328066914498141	0.3935165409540414	-0.23559399899476577	0	1	No-PER3D	No-Essential3D
195	P	195	-16.73	-9.64	17.623	0.32	0.324723247232472	0.369523854064626	-0.4717702532038645	0	1	No-PER3D	No-Essential3D
196	D	196	-17.962	-6.44	16.06	0.32	0.260740740740741	0.37233236256338703	-0.7984761493654479	7.1427095377860095	0.2758620689655171	No-PER3D	No-Essential3D
197	T	197	-19.739	-5.75	19.306	-0.64	0.215506715506716	0.36644786856598305	-0.9623200453899451	0	1	No-PER3D	No-Essential3D
198	G	198	-19.431	-6.952	22.876	0.32	0	0.3772753375212064	-0.807064079230341	0	1	No-PER3D	No-Essential3D
199	L	199	-17.475	-6.378	26.068	0.32	0	0.391055752555127	-0.6929297183484173	6.1427095377860095	0.17624521072796942	No-PER3D	No-Essential3D
200	L	200	-14.234	-7.791	24.699	0.32	0	0.4018217018003775	-0.45080454118583546	0	1	No-PER3D	No-Essential3D
201	C	201	-14.696	-5.748	21.562	0.32	0	0.3946444023035438	-0.5805853171883539	0	1	No-PER3D	No-Essential3D
202	D	202	-15.08	-2.585	23.588	0.32	0	0.3976809520906658	-0.855273532860388	7.1427095377860095	0.2758620689655171	No-PER3D	No-Essential3D
203	L	203	-11.964	-3.193	25.619	0.32	0	0.40569744352866766	-0.6990684931181336	0	0.9999999999999999	No-PER3D	No-Essential3D
204	L	204	-10.008	-3.521	22.407	0.32	0	0.4018217018003775	-0.6385870871523709	0	1	No-PER3D	No-Essential3D
205	W	205	-11.759	-0.688	20.529	0.32	0	0.4018217018003775	-0.8085471540859587	7.1427095377860095	0.2758620689655171	No-PER3D	No-Essential3D
206	S	206	-13.415	2.128	22.551	0.32	0	0.3985919170268023	-0.9844223823250082	7.1427095377860095	0.2758620689655171	No-PER3D	No-Essential3D
207	D	207	-11.881	5.596	23.012	0.32	0	0.43411954953612886	-1.0146091614100232	2.7386133469725276	0.4827586206896553	No-PER3D	No-Essential3D
208	P	208	-12.093	8.54	25.377	0.32	0	0.3372260063288746	-1.0011755124915587	0	0.9999999999999999	No-PER3D	No-Essential3D
209	D	209	-13.681	11.787	24.23	0.32	0	0.29200901949882263	-1.1010845095566584	0	0.9999999999999999	No-PER3D	No-Essential3D
210	K	210	-13.936	14.945	26.31	0.32	0	0.24033246312162035	-1.163006945202859	0	0.9999999999999999	No-PER3D	No-Essential3D
211	D	211	-16.592	16.307	24.02	0.32	0	0.2097345021088032	-1.2726734180306316	0	0.9999999999999999	No-PER3D	No-Essential3D
212	V	212	-18.689	13.341	25.056	0.32	0	0.23110450662569137	-1.269116718873582	0	0.9999999999999999	No-PER3D	No-Essential3D
213	Q	213	-20.647	12.853	28.256	-1.6	0	0.12959698517047266	-1.1800768290648396	0	1	No-PER3D	No-Essential3D
214	G	214	-21.644	9.345	29.149	0.32	0	0.16766230571617968	-1.0548506061604381	0	1	No-PER3D	No-Essential3D
215	W	215	-21.427	7.073	26.145	0.32	0	0.2762189606057886	-1.1559293857168151	0	0.9999999999999999	No-PER3D	No-Essential3D
216	G	216	-20.997	8.273	22.597	0.32	0	0.2818582673533007	-1.255292090241905	2.7386133469725276	0.4827586206896553	No-PER3D	No-Essential3D
217	E	217	-20.564	6.714	19.181	0.32	0	0.31569410783837365	-1.4619806714495007	2.7386133469725276	0.4827586206896553	No-PER3D	No-Essential3D
218	N	218	-17.126	6.191	17.703	0.32	0	0.43411954953612886	-1.5228254500227971	2.7386133469725276	0.4827586206896553	No-PER3D	No-Essential3D
219	D	219	-15.811	7.527	14.404	0.32	0	0.43411954953612886	-1.5228254500227971	7.1427095377860095	0.2758620689655171	No-PER3D	No-Essential3D
220	R	220	-13.976	4.24	14.042	0.32	0	0.43411954953612886	-1.12837647743696	7.1427095377860095	0.2758620689655171	No-PER3D	No-Essential3D
221	G	221	-17.251	2.69	13.015	0.32	0	0.33937919617792467	-1.3625178462701102	7.1427095377860095	0.2758620689655171	No-PER3D	No-Essential3D
222	V	222	-17.062	0.172	15.805	0.32	0	0.37490682868725134	-1.1649233993132386	7.1427095377860095	0.2758620689655171	No-PER3D	No-Essential3D
223	S	223	-17.498	0.263	19.56	0.32	0	0.3923223348192741	-1.049466944829006	7.1427095377860095	0.2758620689655171	No-PER3D	No-Essential3D
224	F	224	-18.085	3.558	21.303	0.32	0	0.31231052378986635	-1.193412552686439	7.1427095377860095	0.2758620689655171	No-PER3D	No-Essential3D
225	T	225	-16.367	6.433	23.085	0.32	0	0.31231052378986635	-1.1891703792403936	2.7386133469725276	0.4827586206896553	No-PER3D	No-Essential3D
226	F	226	-16.669	7.41	26.731	0.32	0	0.2564813869894961	-1.0486036417727025	0	1	No-PER3D	No-Essential3D
227	G	227	-16.767	10.681	28.614	0.32	0	0.24033246312162035	-1.0545924892324736	0	1	No-PER3D	No-Essential3D
228	A	228	-14.688	11.576	31.631	0.32	0.214371980676329	0.23427661667116695	-1.0328925483575442	0	1	No-PER3D	No-Essential3D
229	D	229	-17.772	10.926	33.718	-0.64	0.214371980676329	0.03936807721027825	-1.050600458849804	0	1	No-PER3D	No-Essential3D
230	V	230	-17.827	7.295	32.743	0.32	0.185088633993743	0.06807727519761284	-0.8917212658275264	0	0.9999999999999999	No-PER3D	No-Essential3D
231	V	231	-14.197	6.95	33.695	0.32	0.185088633993743	0.13950015799537205	-0.8418755807765999	0	0.9999999999999999	No-PER3D	No-Essential3D
232	S	232	-14.922	8.359	37.113	-1.12	0.185088633993743	-0.013265452433168496	-0.7913655153566405	0	0.9999999999999999	No-PER3D	No-Essential3D
233	K	233	-17.871	6.067	37.636	0.32	0.185243328100471	-0.03047256789352609	-0.6725079035965553	0	0.9999999999999999	No-PER3D	No-Essential3D
234	F	234	-15.677	3.136	36.691	0.32	0.185399159663866	0.15420486915961662	-0.5614078139503702	0	1	No-PER3D	No-Essential3D
235	L	235	-12.842	4.021	39.023	0.32	0.184196755625327	0.11559594772837355	-0.5417663934265236	0	0.9999999999999999	No-PER3D	No-Essential3D
236	N	236	-15.136	4.986	41.823	-2.56	0.184567257559958	-0.07905736448747692	-0.5619583292643063	0	0.9999999999999999	No-PER3D	No-Essential3D
237	R	237	-16.854	1.649	41.41	-0.64	0.18308406395049	-0.025649812349273615	-0.5197106005431769	0	1	No-PER3D	No-Essential3D
238	H	238	-13.819	-0.664	41.501	0.32	0.184265010351967	0.09429002118604878	-0.46004794708003766	1.9479919528343907	0.5968169761273209	No-PER3D	No-Essential3D
239	D	239	-11.954	1.884	43.619	0.32	0.215151515151515	0.06192530420032687	-0.48310861986452835	0	1	No-PER3D	No-Essential3D
240	L	240	-9.202	2.241	41.039	0.32	0.217712177121771	0.10844958486730212	-0.49834114786445194	0	1	No-PER3D	No-Essential3D
241	D	241	-6.776	5.133	40.728	0.32	0.216299019607843	0.17358357780106745	-0.5551783359074037	0	1	No-PER3D	No-Essential3D
242	L	242	-5.927	4.989	37.038	0.32	0.184873949579832	0.2564813869894961	-0.5061144321397264	0	1	No-PER3D	No-Essential3D
243	I	243	-6.919	3.522	33.679	0.32	0.184873949579832	0.29805627609615476	-0.6101627165177775	0	1	No-PER3D	No-Essential3D
244	C	244	-3.902	3.032	31.463	0.32	0.184873949579832	0.43411954953612886	-0.6011103537925088	0	0.9999999999999999	No-PER3D	No-Essential3D
245	R	245	-4.355	2.381	27.784	0.32	0.216852540272615	0.42096116712526715	-0.6672533821995368	0	0.9999999999999999	No-PER3D	No-Essential3D
246	A	246	-3.079	2.984	24.259	0.32	0.25830258302583	0.41990849653239826	-0.7253674026746239	0	1	No-PER3D	No-Essential3D
247	H	247	-4.848	2.605	20.917	0.32	0.325842696629213	0.43411954953612886	-0.8053595580421269	7.1427095377860095	0.2758620689655171	No-PER3D	No-Essential3D
248	Q	248	-4.646	6.301	20.068	0.32	0.325559701492537	0.4172016292935924	-0.6584772078529465	7.1427095377860095	0.06896551724137927	No-PER3D	No-Essential3D
249	V	249	-1.758	8.353	18.736	0.32	0.325559701492537	0.4138180452450851	-0.5561580302581879	7.1427095377860095	0.06896551724137927	No-PER3D	No-Essential3D
250	V	250	-0.71	11.113	21.127	0.32	0.325559701492537	0.41119849630430527	-0.3600362381457989	7.1427095377860095	0.2758620689655171	No-PER3D	No-Essential3D
251	E	251	1.909	13.721	20.297	0.32	0.323694029850746	0.4078027847144055	-0.12385904839790912	7.1427095377860095	0.2758620689655171	No-PER3D	No-Essential3D
252	D	252	3.97	13.308	23.487	0.32	0.321561338289963	0.41119849630430527	-0.04700447027482699	7.1427095377860095	0.2758620689655171	No-PER3D	No-Essential3D
253	G	253	3.77	9.538	23.785	0.32	0.259176029962547	0.4167889970925549	-0.2223394834541759	7.1427095377860095	0.2758620689655171	No-PER3D	No-Essential3D
254	Y	254	1.333	9.97	26.629	0.32	0.259176029962547	0.4163557332814656	-0.31953771029507577	7.1427095377860095	0.2758620689655171	No-PER3D	No-Essential3D
255	E	255	-1.754	12.055	27.35	0.32	0.259176029962547	0.4132209421777015	-0.385803926773011	7.1427095377860095	0.2758620689655171	No-PER3D	No-Essential3D
256	F	256	-3.936	12.59	30.424	0.32	0.256296296296296	0.43411954953612886	-0.6943660344565851	7.1427095377860095	0.2758620689655171	No-PER3D	No-Essential3D
257	F	257	-7.717	12.562	30.512	0.32	0.256296296296296	0.3116104719177614	-0.936385520002524	0	1	No-PER3D	No-Essential3D
258	A	258	-10.497	13.221	32.996	0.32	0.256296296296296	0.21360320982306744	-0.9738747973922061	0	1	No-PER3D	No-Essential3D
259	K	259	-8.112	14.924	35.361	0.32	0	0.23674381337320355	-0.8459582323859546	0	0.9999999999999999	No-PER3D	No-Essential3D
260	R	260	-5.266	12.451	35.151	0.32	0	0.32753665200814913	-0.7306090882520393	0	0.9999999999999999	No-PER3D	No-Essential3D
261	Q	261	-7.651	9.652	35.953	0.32	0	0.18198796398606945	-0.6645054624939265	0	0.9999999999999999	No-PER3D	No-Essential3D
262	L	262	-6.892	8.024	32.617	0.32	0	0.34530046826281247	-0.6615255665420368	0	0.9999999999999999	No-PER3D	No-Essential3D
263	V	263	-3.76	8.037	30.473	0.32	0	0.4183294906430949	-0.4396090260603625	7.1427095377860095	0.2758620689655171	No-PER3D	No-Essential3D
264	T	264	-3.058	7.054	26.888	0.32	0	0.41759506929923285	-0.517719109139495	7.1427095377860095	0.2758620689655171	No-PER3D	No-Essential3D
265	L	265	0.296	5.689	25.822	0.32	0	0.4196184750425262	-0.42012237436219024	7.1427095377860095	0.2758620689655171	No-PER3D	No-Essential3D
266	F	266	1.549	5.336	22.283	0.32	0	0.4193163693239095	-0.5167859363101223	7.1427095377860095	0.2758620689655171	No-PER3D	No-Essential3D
267	S	267	5.006	3.837	21.798	0.32	0	0.36579717932588546	-0.6227103772267566	7.1427095377860095	0.2758620689655171	No-PER3D	No-Essential3D
268	A	268	5.461	4.119	18.038	0.32	0	0.3288524902492353	-0.6235871594088463	7.1427095377860095	0.06896551724137927	No-PER3D	No-Essential3D
269	P	269	7.47	7.194	17.214	0.32	0	0.26887474716716814	-0.3709467438793418	7.1427095377860095	0.06896551724137927	No-PER3D	No-Essential3D
270	N	270	6.543	9.026	14.043	0.32	0	0.30492815859312317	-0.20971253619529037	7.1427095377860095	0.06896551724137927	No-PER3D	No-Essential3D
271	Y	271	3.707	6.583	13.45	0.32	0	0.3675052385811416	-0.5467724468927809	7.1427095377860095	0.2758620689655171	No-PER3D	No-Essential3D
272	C	272	3.347	5.513	9.815	0.32	0	0.43411954953612886	-0.7764795262040173	7.1427095377860095	0.2758620689655171	No-PER3D	No-Essential3D
273	G	273	5.64	8.359	8.915	0.32	0	0.2471320100133575	-0.4128157368195691	7.1427095377860095	0.2758620689655171	No-PER3D	No-Essential3D
274	E	274	2.418	10.3	8.599	0.32	0	0.43411954953612886	-0.6398338699939314	7.1427095377860095	0.2758620689655171	No-PER3D	No-Essential3D
275	F	275	2.421	11.781	12.074	0.32	0.630434782608696	0.43411954953612886	-0.23290380504763017	7.1427095377860095	0.06896551724137927	No-PER3D	No-Essential3D
276	D	276	5.319	13.391	13.962	0.32	0.420289855072464	0.27965158210427427	0.205510927912706	7.1427095377860095	0.06896551724137927	No-PER3D	No-Essential3D
277	N	277	4.551	11.967	17.415	0.32	0.423357664233577	0.33937919617792467	-0.0430463821822288	7.1427095377860095	0.06896551724137927	No-PER3D	No-Essential3D
278	A	278	7.008	10.744	20.033	0.32	0.426470588235294	0.31569410783837365	0.013125140013852898	7.1427095377860095	0.2758620689655171	No-PER3D	No-Essential3D
279	G	279	6.804	7.341	21.686	0.32	0.423687423687424	0.369523854064626	-0.30201437033421913	7.1427095377860095	0.2758620689655171	No-PER3D	No-Essential3D
280	G	280	5.865	6.924	25.323	-0.16	0.317765567765568	0.41900140804279845	-0.4873705681651667	7.1427095377860095	0.2758620689655171	No-PER3D	No-Essential3D
281	M	281	6.577	4.539	28.168	0.32	0.314311594202899	0.41867275279294347	-0.6205420664416452	7.1427095377860095	0.2758620689655171	No-PER3D	No-Essential3D
282	M	282	5.283	4.756	31.71	0.32	0.253090909090909	0.41759506929923285	-0.5025933101182888	7.1427095377860095	0.015325670498084304	PER3D	Essential3D
283	S	283	7.475	3.717	34.605	0.32	0.252173913043478	0.34243533660883446	-0.45623998878465755	7.1427095377860095	0.06896551724137927	No-PER3D	No-Essential3D
284	V	284	5.7	2.502	37.694	0.32	0.313405797101449	0.3675052385811416	-0.3829177413115411	7.1427095377860095	0.06896551724137927	No-PER3D	No-Essential3D
285	D	285	7.854	1.847	40.741	0.32	0.311371841155235	0.33722600632887456	-0.39548198567867904	7.1427095377860095	0.06896551724137927	No-PER3D	No-Essential3D
286	E	286	6.844	-0.04	43.863	0.32	0.310251798561151	0.43411954953612886	-0.3532940462434174	7.1427095377860095	0.06896551724137927	No-PER3D	No-Essential3D
287	T	287	5.373	3.184	45.201	0.32	0.3125	0.43411954953612886	-0.18801300855283118	7.1427095377860095	0.2758620689655171	No-PER3D	No-Essential3D
288	L	288	3.261	3.712	42.084	0.32	0.312274368231047	0.43411954953612886	-0.2425955214568635	7.1427095377860095	0.2758620689655171	No-PER3D	No-Essential3D
289	M	289	5.132	6.883	41.35	0.32	0.313405797101449	0.43411954953612886	-0.09822441379661008	7.1427095377860095	0.2758620689655171	No-PER3D	No-Essential3D
290	C	290	4.431	7.092	37.666	0.32	0.311151079136691	0.43411954953612886	-0.25581797999281364	7.1427095377860095	0.2758620689655171	No-PER3D	No-Essential3D
291	S	291	6.841	8.871	35.375	0.32	0.313405797101449	0.400283709051056	-0.15957720332452852	0	1	No-PER3D	No-Essential3D
292	F	292	7.147	9.012	31.614	0.32	0.504727272727273	0.41119849630430527	-0.29815169553652676	7.1427095377860095	0.2758620689655171	No-PER3D	No-Essential3D
293	Q	293	10.15	8.133	29.505	0.32	0.508029197080292	0.41043446119657784	-0.3868845430542043	7.1427095377860095	0.2758620689655171	No-PER3D	No-Essential3D
294	I	294	9.812	9.61	26.063	0.32	0.508029197080292	0.3479919555741251	-0.19054216869314228	7.1427095377860095	0.2758620689655171	No-PER3D	No-Essential3D
295	L	295	11.318	8.52	22.8	0.32	0.511355311355311	0.31569410783837365	-0.20407780093973912	7.1427095377860095	0.2758620689655171	No-PER3D	No-Essential3D
296	K	296	11.546	11.243	20.175	0.32	0.515129151291513	0.189101394299394	0.18190478256260487	7.1427095377860095	0.2758620689655171	No-PER3D	No-Essential3D
297	P	297	11.185	10.244	16.609	0.32	0.648698884758364	0.11322480429059868	0.04066574117735945	7.1427095377860095	0.06896551724137927	No-PER3D	No-Essential3D
298	S	298	14.429	8.872	15.298	-1.12	0.746923488496522	0.06463217143913268	0.09700575147038401	0	1	No-PER3D	No-Essential3D
299	E	299	16.469	10.791	12.805	-0.64	0.750404312668464	-0.31823031536725704	0.676609183731371	0	1	No-PER3D	No-Essential3D
300	K	300	15.043	13.89	14.387	0.32	0.820754716981132	-0.2764331006504022	1.2019108941110388	0	1	No-PER3D	No-Essential3D
301	K	301	18.457	15.351	14.829	0.32	0.820018796992481	-1.5412826098944818	2.1345894608093374	0	1	No-PER3D	No-Essential3D
302	A	302	18.691	18.63	16.67	-1.6	0.731656184486373	-2.1268306271778266	2.1428542922557656	0	1	No-PER3D	No-Essential3D
303	K	303	21.193	21.174	15.51	-2.08	0.740033927056828	-3.914725837253658	2.2816480399582115	0	0.9999999999999999	No-PER3D	No-Essential3D
304	Y	304	24.374	21.182	17.538	-4.97	0.745726495726496	-5.2595536395887565	2.2335607692362984	0	0.9999999999999999	No-PER3D	No-Essential3D
305	Q	305	25.207	24.329	19.45	-4.97	0.740740740740741	-5.130530466602708	2.3406761991114036	0	0.9999999999999999	No-PER3D	No-Essential3D
306	Y	306	28.463	25.609	20.838	-4.97	0.667307692307692	-4.6581744434673436	2.5267338742342615	0	0.9999999999999999	No-PER3D	No-Essential3D
307	G	307	27.047	25.436	24.323	-4.97	0.764835164835165	-3.8365979416891673	2.5951025617108163	0	0.9999999999999999	No-PER3D	No-Essential3D
308	G	308	28.253	28.815	25.46	-4.97	0.741469816272966	-3.6271764804515927	2.643118447932035	0	0.5402298850574714	No-PER3D	No-Essential3D
309	L	309	24.713	29.944	26.183	-4.97	0.728005865102639	-3.1245649734814145	2.6393290556309927	0	0.5402298850574714	No-PER3D	No-Essential3D
310	N	310	23.104	28.585	29.304	-4.97	0.734880182578927	-4.0142361042358	2.5279239535787803	0	0.5402298850574714	No-PER3D	No-Essential3D
311	S	311	20.869	29.572	32.197	-1.12	0.812068965517242	-3.7568252483233184	2.577726599944241	0	0.5402298850574714	No-PER3D	No-Essential3D
312	G	312	22.304	32.163	34.504	-1.6	0.807894736842105	-2.886727211405089	2.659165449185174	0	1	No-PER3D	No-Essential3D
313	R	313	24.053	33.124	31.305	0.32	0.903030303030303	-2.994835285076146	2.670031286093705	0	0.5402298850574714	No-PER3D	No-Essential3D
314	P	314	27.599	33.888	32.02	0.32	0.907668231611894	-2.709089048858456	2.704633049665233	0	0.5402298850574714	No-PER3D	No-Essential3D
315	V	315	29.562	36.09	29.711	-0.64	0.909385113268608	-2.2829368912339585	2.7378821833543032	0	1	No-PER3D	No-Essential3D
316	T	316	31.733	33.74	27.745	0.32	0.91	-3.171935150160517	2.717221497187624	0	0.5520188623636899	No-PER3D	No-Essential3D
317	P	317	33.545	33.677	24.512	0.32	0.915371329879102	-2.9909662720661343	2.8259764045064766	0	0.5520188623636899	No-PER3D	No-Essential3D
318	P	318	32.128	31.914	21.535	0.32	0.912655971479501	-3.480396417832638	2.774763038750997	0	0.5520188623636899	No-PER3D	No-Essential3D
319	R	319	35.283	29.878	21.099	0.32	0.9097605893186	-4.0011409832788365	2.7206141856869435	0	1	No-PER3D	No-Essential3D
320	T	320	35.236	30.912	17.485	-4.97	0.915708812260536	-3.3616625765471286	2.8247688343533235	0	0.5402298850574714	No-PER3D	No-Essential3D
321	A	321	37.882	33.064	15.791	-4.97	0.922155688622755	-2.411380646812711	3.038893063995653	0	1	No-PER3D	No-Essential3D
322	N	322	40.445	35.137	17.591	0.32	0.929166666666667	-2.411380646812711	3.038893063995653	0	1	No-PER3D	No-Essential3D
323	P	323	39.086	37.952	19.575	-1.6	0.868506493506494	-2.1268306271778266	3.0421879798214726	0	1	No-PER3D	No-Essential3D
324	P	324	38.464	41.357	18.233	-2.08	0.875850340136054	-2.767068171356316	3.0349255198340135	0	1	No-PER3D	No-Essential3D
325	K	325	40.959	44.16	18.497	-2.08	0.88209219858156	-3.12160433743897	2.9989045363626454	0	1	No-PER3D	No-Essential3D
