Uniprot_position	aminoacid	Position_in_structure	x	y	z	paraz	mtr	paraz3dscore	mtr3dscore	PER3D_OR	PER3D_pvalue	PER3D	Essential3D
1	M	1	-17.923	-8.949	17.363	NA	0.649253731343284	Inf	-0.05986781697534443	0	1	No-PER3D	No-Essential3D
2	A	2	-14.289	-8.378	18.062	NA	0.653571428571429	Inf	-0.39770942307666396	0.850591950945543	1	No-PER3D	No-Essential3D
3	P	3	-13.47	-4.798	18.512	NA	0.556851311953353	Inf	-0.15844989351587138	0.850591950945543	1	No-PER3D	No-Essential3D
4	I	4	-10.946	-3.176	16.26	NA	0.553803339517625	Inf	-0.17644122590314645	2.9450545801030508	0.14927586738367177	No-PER3D	No-Essential3D
5	G	5	-7.912	-2.459	18.425	NA	0.551020408163265	Inf	-0.5394251033872534	4.227367184439711	0.04097928922737994	PER3D	Essential3D
6	L	6	-4.432	-1.045	17.816	NA	0.554319931565441	Inf	-0.8273087277349486	6.377444979636128	0.013897488429421437	PER3D	Essential3D
7	K	7	-3.145	-4.167	16.092	NA	0.551724137931035	Inf	-0.692031942594288	5.579197986230569	0.010279102233873768	PER3D	Essential3D
8	A	8	-6.036	-4.091	13.646	NA	0.546961325966851	Inf	-0.3664469205809652	3.648547156681552	0.035160705876249164	PER3D	Essential3D
9	V	9	-5.603	-0.401	12.903	NA	0.54483282674772	Inf	-0.3650660254182604	2.736505452515655	0.09289446032095736	No-PER3D	No-Essential3D
10	V	10	-1.855	-0.68	12.296	NA	0.710194730813288	Inf	-0.4353493705668153	2.736505452515655	0.09289446032095736	No-PER3D	No-Essential3D
11	G	11	-2.094	-4.04	10.524	NA	0.717476270240089	Inf	-0.33484711388272825	2.073768433335184	0.23918573770455395	No-PER3D	No-Essential3D
12	E	12	-4.742	-2.911	8.061	NA	0.720867208672087	Inf	-0.014387601421032143	1.7551509460875878	0.36698829234030433	No-PER3D	No-Essential3D
13	K	13	-2.857	0.244	7.195	NA	0.724065297525013	Inf	0.027323226958585363	2.1955793503411125	0.29609182257096184	No-PER3D	No-Essential3D
14	I	14	0.477	-1.463	6.629	NA	0.720446473871132	Inf	-0.12972860870334385	0.8448234042452694	1	No-PER3D	No-Essential3D
15	M	15	-1.053	-4.227	4.584	NA	0.71779744346116	Inf	0.11714230127076088	0.7208142574684466	0.7481968126022434	No-PER3D	No-Essential3D
16	H	16	-3.104	-1.82	2.484	NA	0.719095719095719	Inf	0.6177133983291504	0.23510653138030815	0.26308992735449815	No-PER3D	No-Essential3D
17	D	17	-0.732	1.128	2.207	NA	0.715946071594607	Inf	0.13758705270162297	0.8467555675738563	1	No-PER3D	No-Essential3D
18	V	18	2.574	-0.746	2.13	NA	0.913018433179723	Inf	-0.154433842198993	2.04382261048795	0.26670884998833033	No-PER3D	No-Essential3D
19	I	19	2.298	-4.438	1.297	NA	0.913165266106443	Inf	0.1449056676314677	1.4942175806341793	0.5574939233473678	No-PER3D	No-Essential3D
20	K	20	-0.64	-4.652	-1.113	NA	0.906385281385281	Inf	0.6027196665541468	0.2042135563157996	0.15901436077469677	No-PER3D	No-Essential3D
21	K	21	0.277	-1.391	-2.826	NA	0.799256505576208	Inf	0.5615223565102675	0.7208142574684466	0.7481968126022434	No-PER3D	No-Essential3D
22	V	22	3.692	-2.581	-4.011	NA	0.802272727272727	Inf	0.16937180635623686	0.9432272854986113	1	No-PER3D	No-Essential3D
23	K	23	2.528	-6.036	-5.054	NA	0.802272727272727	Inf	0.48860906489858086	0.4752169831254643	0.4902769485875373	No-PER3D	No-Essential3D
24	K	24	3.136	-7.072	-8.65	NA	0.797101449275362	Inf	0.7797902175902962	0	0.29923801261272437	No-PER3D	No-Essential3D
25	K	25	1.478	-10.127	-10.143	NA	0.794836956521739	Inf	0.7197366740723247	0	0.2975995978383813	No-PER3D	No-Essential3D
26	G	26	4.285	-12.567	-10.864	NA	0.78971119133574	Inf	0.448411680251808	0	0.2975995978383813	No-PER3D	No-Essential3D
27	E	27	7.048	-11.027	-8.816	NA	0.78125	Inf	0.2256204837498871	0.3338711243975191	0.4166186916291405	No-PER3D	No-Essential3D
28	W	28	8.312	-11.357	-5.265	NA	0.629032258064516	Inf	0.20825345375143373	0.2042135563157996	0.15901436077469677	No-PER3D	No-Essential3D
29	K	29	9.883	-8.595	-3.217	NA	0.555160142348754	Inf	0.20829903279016174	0.8448234042452694	1	No-PER3D	No-Essential3D
30	V	30	12.297	-8.166	-0.343	NA	0.553191489361702	Inf	-0.0666730640442705	0.9722940467071081	1	No-PER3D	No-Essential3D
31	L	31	11.123	-6.341	2.753	NA	0.461842105263158	Inf	-0.07191006433593404	2.504995227335332	0.13217252432883403	No-PER3D	No-Essential3D
32	V	32	13.851	-4.202	4.3	NA	0.351648351648352	Inf	0.011783756692571442	2.0243562593430635	0.19249449123104267	No-PER3D	No-Essential3D
33	V	33	13.137	-2.976	7.803	NA	0.351648351648352	Inf	-0.1185945147255041	2.736505452515655	0.09289446032095736	No-PER3D	No-Essential3D
34	D	34	14.84	-1.321	10.799	NA	0.530827067669173	Inf	-0.18056233224243357	2.04382261048795	0.26670884998833033	No-PER3D	No-Essential3D
35	Q	35	14.404	-2.09	14.519	NA	0.619298245614035	Inf	-0.397495003362133	2.1955793503411125	0.29609182257096184	No-PER3D	No-Essential3D
36	L	36	11.338	0.102	15.081	NA	0.625886524822695	Inf	-0.6026943502873892	2.899962881638241	0.07622236087744728	No-PER3D	No-Essential3D
37	S	37	9.647	-0.746	11.791	NA	0.558323448003163	Inf	-0.46315549476400714	6.283193570403137	0.005105034420231442	PER3D	Essential3D
38	M	38	10.413	-4.422	12.251	NA	0.632616487455197	Inf	-0.6232249417933777	4.894149995393213	0.0206498380702579	PER3D	Essential3D
39	R	39	8.881	-4.639	15.726	NA	0.628571428571429	Inf	-0.7557007026812999	4.227367184439711	0.04097928922737994	PER3D	Essential3D
40	M	40	5.891	-2.567	14.61	NA	0.626334519572954	Inf	-0.6097473074629972	5.579197986230569	0.010279102233873768	PER3D	Essential3D
41	L	41	5.241	-4.942	11.715	NA	0.418742586002372	Inf	-0.47090364853343086	2.073768433335184	0.23918573770455395	No-PER3D	No-Essential3D
42	S	42	5.828	-8.04	13.8	NA	0.418439716312057	Inf	-0.752731642537791	4.227367184439711	0.04097928922737994	PER3D	Essential3D
43	S	43	3.309	-6.752	16.355	NA	0.415783274440518	Inf	-0.8155552479490158	10.570904954383396	4.190253911810497e-4	PER3D	Essential3D
44	C	44	0.423	-6.753	13.857	NA	0.418439716312057	Inf	-0.6978616592956447	2.736505452515655	0.09289446032095736	No-PER3D	No-Essential3D
45	C	45	1.527	-9.19	11.132	NA	0.377935943060498	Inf	-0.5024977253305097	1.765341832605331	0.3915265537510298	No-PER3D	No-Essential3D
46	K	46	2.789	-12.735	10.765	NA	0.377935943060498	Inf	-0.7149299948720299	1.3796697721525903	0.7288273366485698	No-PER3D	No-Essential3D
47	M	47	5.049	-14.122	8.072	NA	0.377935943060498	Inf	-0.9417065213179666	1.286905395275729	0.7113806134711104	No-PER3D	No-Essential3D
48	T	48	2.039	-15.842	6.576	NA	0.380357142857143	Inf	-1.0174885184400884	0.5638486010862173	0.9999999999999999	No-PER3D	No-Essential3D
49	D	49	0.296	-12.501	6.107	NA	0.465298142717498	Inf	-0.34070864239567733	1.1421448566350463	1	No-PER3D	No-Essential3D
50	I	50	3.11	-10.793	4.163	NA	0.464935064935065	Inf	-0.11883847521188254	1.1421448566350463	1	No-PER3D	No-Essential3D
51	M	51	4.277	-13.854	2.21	NA	0.466601498859563	Inf	-0.2453451959824749	0	0.29923801261272437	No-PER3D	No-Essential3D
52	T	52	0.757	-14.351	0.984	NA	0.529359430604982	Inf	-0.20678688433934206	0	0.08707988402798855	No-PER3D	No-Essential3D
53	E	53	1.036	-10.756	-0.176	NA	0.529359430604982	Inf	0.1956680513502513	0.23510653138030815	0.26308992735449815	No-PER3D	No-Essential3D
54	G	54	4.222	-10.875	-2.261	NA	0.488639474404599	Inf	0.215223409266671	0.23510653138030815	0.26308992735449815	No-PER3D	No-Essential3D
55	I	55	7.111	-10.561	0.168	NA	0.54531490015361	Inf	0.08695228593619538	0.4752169831254643	0.4902769485875373	No-PER3D	No-Essential3D
56	T	56	9.584	-13.456	0.04	NA	0.548818088386434	Inf	-0.3400978223174175	0.42018267679002713	0.653693203907451	No-PER3D	No-Essential3D
57	I	57	12.212	-12.284	2.539	NA	0.596666666666667	Inf	-0.6101978271752041	0.5638486010862173	0.9999999999999999	No-PER3D	No-Essential3D
58	V	58	12.539	-9.876	5.48	NA	0.600959232613909	Inf	-0.5260107253085972	4.442044599818148	0.1039895704787659	No-PER3D	No-Essential3D
59	E	59	15.873	-8.176	6.019	NA	0.607515151515151	Inf	-0.24030365335255235	1.0229824983153044	1	No-PER3D	No-Essential3D
60	D	60	17.419	-5.96	8.689	NA	0.653284671532847	Inf	-0.15915062775155206	0.8486981248273713	0.9999999999999999	No-PER3D	No-Essential3D
61	I	61	18.711	-2.775	7.09	NA	0.65625	Inf	-0.10000703713394814	1.2983740516581574	0.7758503221229827	No-PER3D	No-Essential3D
62	N	62	21.446	-2.45	9.73	NA	0.60632603406326	Inf	-0.07842251309868348	0.9722940467071081	1	No-PER3D	No-Essential3D
63	K	63	22.89	-5.908	9.046	NA	0.64963503649635	Inf	-0.20784588018642208	0.5638486010862173	0.9999999999999999	No-PER3D	No-Essential3D
64	R	64	25.074	-6.972	6.135	NA	0.611421210820095	Inf	-0.11988826581053723	0.42018267679002713	0.653693203907451	No-PER3D	No-Essential3D
65	R	65	22.642	-8.277	3.584	NA	0.534545454545455	Inf	-0.1698430231742795	0.8486981248273713	0.9999999999999999	No-PER3D	No-Essential3D
66	E	66	22.958	-10.616	0.65	NA	0.489963503649635	Inf	-0.0929202996165792	1.13854733918147	1	No-PER3D	No-Essential3D
67	P	67	22.591	-8.893	-2.612	NA	0.493131868131868	Inf	-0.043362385399017066	0.4937445496204192	0.38086676001328934	No-PER3D	No-Essential3D
68	L	68	19.445	-9.784	-4.426	NA	0.496771217712177	Inf	-0.13881705092694135	0.8467555675738563	1	No-PER3D	No-Essential3D
69	P	69	19.683	-7.781	-7.581	NA	0.493131868131868	Inf	-0.1025453892026123	0.6262564057701573	0.750090069650347	No-PER3D	No-Essential3D
70	S	70	16.883	-8.797	-9.945	NA	0.553691922112975	Inf	0.08913901844069783	0.6745666398959944	1	No-PER3D	No-Essential3D
71	L	71	14.547	-8.455	-6.929	NA	0.551671148674606	Inf	0.04498532915660636	1.0229824983153044	1	No-PER3D	No-Essential3D
72	E	72	12.941	-5.164	-5.952	NA	0.584967320261438	Inf	-0.21699954204549032	1.2299922077171923	0.7639072052225633	No-PER3D	No-Essential3D
73	A	73	12.986	-4.035	-2.339	NA	0.580697485806975	Inf	-0.13265794121711363	1.5339570479718916	0.4208079986762288	No-PER3D	No-Essential3D
74	V	74	10.43	-2.463	-0.044	NA	0.584452584452584	Inf	-0.15062317964878888	1.7551509460875878	0.36698829234030433	No-PER3D	No-Essential3D
75	Y	75	11.912	-0.269	2.634	NA	0.584452584452584	Inf	-0.32825908719025015	2.329680357291096	0.11167702181942403	No-PER3D	No-Essential3D
76	L	76	9.754	0.198	5.68	NA	0.659926470588235	Inf	-0.31888203641302365	2.9253736032785675	0.03952918323067777	PER3D	Essential3D
77	I	77	12.119	2.326	7.719	NA	0.659926470588235	Inf	-0.3842003908853768	2.0243562593430635	0.19249449123104267	No-PER3D	No-Essential3D
78	T	78	12.139	5.257	10.129	NA	0.658088235294118	Inf	-0.35508293624245446	0.8427775532945622	1	No-PER3D	No-Essential3D
79	P	79	13.346	8.607	8.799	NA	0.623249299719888	Inf	-0.4245646821424239	0.8427775532945622	1	No-PER3D	No-Essential3D
80	S	80	16.527	8.183	10.868	NA	0.601010101010101	Inf	-0.056421049813875135	0.6661097467487258	0.5792882969077522	No-PER3D	No-Essential3D
81	E	81	20.023	9.008	9.625	NA	0.605495251017639	Inf	-0.129353664944484	0.8448234042452694	1	No-PER3D	No-Essential3D
82	K	82	21.2	5.435	10.158	NA	0.607763023493361	Inf	-0.017288673251004135	1.1421448566350463	1	No-PER3D	No-Essential3D
83	S	83	18.359	3.96	8.115	NA	0.601685393258427	Inf	-0.0652464627029309	1.4942175806341793	0.5574939233473678	No-PER3D	No-Essential3D
84	V	84	18.546	6.51	5.294	NA	0.576799140708915	Inf	-0.32055816028071576	1.0239021677468163	0.9999999999999999	No-PER3D	No-Essential3D
85	H	85	22.302	6.091	5.057	NA	0.667910447761194	Inf	-0.26090760426098836	1.068749695335296	1	No-PER3D	No-Essential3D
86	S	86	21.884	2.337	4.883	NA	0.6331569664903	Inf	-0.16559761187000674	1.1459341932330058	0.788424572345352	No-PER3D	No-Essential3D
87	L	87	19.47	2.86	1.992	NA	0.608313619466036	Inf	-0.23605635066723663	1.7867290699215475	0.30801808249056123	No-PER3D	No-Essential3D
88	I	88	22.036	5.059	0.289	NA	0.543441798054344	Inf	-0.39914857661331804	0.9722940467071081	1	No-PER3D	No-Essential3D
89	S	89	24.771	2.503	0.989	NA	0.577570993101235	Inf	-0.13723253431132026	0.5526588613354563	0.5418718440272945	No-PER3D	No-Essential3D
90	D	90	22.717	-0.191	-0.734	NA	0.599933155080214	Inf	-0.30278348480580103	0.6338403181927214	0.4558254267837549	No-PER3D	No-Essential3D
91	F	91	22.967	1.743	-4.031	NA	0.604377104377104	Inf	-0.389772546739188	0.6661097467487258	0.5792882969077522	No-PER3D	No-Essential3D
92	K	92	26.26	3.643	-3.672	NA	0.626199197627769	Inf	-0.4043373625489263	0.5583245798304646	0.7131958297385877	No-PER3D	No-Essential3D
93	D	93	28.309	1.204	-5.741	NA	0.630252100840336	Inf	-0.10784730490745784	0.8486981248273713	0.9999999999999999	No-PER3D	No-Essential3D
94	P	94	26.48	0.003	-8.804	NA	0.597785977859779	Inf	-0.2871583197891426	0.4752169831254643	0.4902769485875373	No-PER3D	No-Essential3D
95	P	95	28.204	-3.364	-9.324	NA	0.624638519375362	Inf	0.14728474561530897	0.5583245798304646	0.7131958297385877	No-PER3D	No-Essential3D
96	T	96	27.437	-4.184	-5.658	NA	0.692822966507177	Inf	0.032490014995057236	0.5583245798304646	0.7131958297385877	No-PER3D	No-Essential3D
97	A	97	23.902	-2.692	-5.611	NA	0.688405797101449	Inf	-0.1681578973589252	0.5526588613354563	0.5418718440272945	No-PER3D	No-Essential3D
98	K	98	21.696	-4.864	-3.43	NA	0.72463503649635	Inf	-0.14884314876105365	0.4937445496204192	0.38086676001328934	No-PER3D	No-Essential3D
99	Y	99	18.376	-4.707	-5.239	NA	0.72463503649635	Inf	-0.2629647256924328	1.068749695335296	1	No-PER3D	No-Essential3D
100	R	100	16.861	-3.75	-8.582	NA	0.688995215311005	Inf	-0.31069591823679743	0.8448234042452694	1	No-PER3D	No-Essential3D
101	A	101	14.686	-0.935	-7.226	NA	0.654545454545455	Inf	-0.5266035271265318	1.1459341932330058	0.788424572345352	No-PER3D	No-Essential3D
102	A	102	13.452	0.582	-3.99	NA	0.661764705882353	Inf	-0.5643977028860125	1.5339570479718916	0.4208079986762288	No-PER3D	No-Essential3D
103	H	103	10.008	1.453	-2.656	NA	0.666051660516605	Inf	-0.404247471329913	2.1202878401499006	0.33613669784040867	No-PER3D	No-Essential3D
104	V	104	10.508	3.712	0.303	NA	0.666051660516605	Inf	-0.47809985311845404	2.073768433335184	0.23918573770455395	No-PER3D	No-Essential3D
105	F	105	7.936	3.907	3.053	NA	0.622837370242215	Inf	-0.4988999173536706	2.899962881638241	0.07622236087744728	No-PER3D	No-Essential3D
106	F	106	8.847	6.105	5.998	NA	0.627450980392157	Inf	-0.5183597442049624	2.4007050800272025	0.1508702380058914	No-PER3D	No-Essential3D
107	T	107	7.177	5.583	9.349	NA	0.590405904059041	Inf	-0.26777310828058093	1.5339570479718916	0.4208079986762288	No-PER3D	No-Essential3D
108	D	108	6.99	9.337	9.762	NA	0.555727554179567	Inf	-0.24528514953282407	0.7455547016657293	0.7716629105582471	No-PER3D	No-Essential3D
109	S	109	7.879	12.473	7.769	NA	0.557778209361041	Inf	-0.42946900522848747	0.6262564057701573	0.750090069650347	No-PER3D	No-Essential3D
110	C	110	11.51	12.572	6.686	NA	0.586054104477612	Inf	-0.5916563951229409	1.1421448566350463	1	No-PER3D	No-Essential3D
111	P	111	13.462	15.604	7.816	NA	0.578410311493018	Inf	-0.2517494609442334	0.7208142574684466	0.7481968126022434	No-PER3D	No-Essential3D
112	D	112	14.344	18.027	5.039	NA	0.540377358490566	Inf	-0.41420296227502934	1.13854733918147	1	No-PER3D	No-Essential3D
113	A	113	18.103	17.69	5.378	NA	0.54188679245283	Inf	-0.475230117409924	1.286905395275729	0.7113806134711104	No-PER3D	No-Essential3D
114	L	114	18.012	13.884	5.147	NA	0.592688679245283	Inf	-0.37559535491736773	0.7208142574684466	0.7481968126022434	No-PER3D	No-Essential3D
115	F	115	15.536	13.927	2.293	NA	0.59046052631579	Inf	-0.6526020042093731	0.7208142574684466	0.7481968126022434	No-PER3D	No-Essential3D
116	N	116	17.733	16.34	0.373	NA	0.449874686716792	Inf	-0.7842641715249367	0.5638486010862173	0.9999999999999999	No-PER3D	No-Essential3D
117	E	117	20.701	14.065	0.863	NA	0.446517412935323	Inf	-0.7070505147077822	0.2762750605615551	0.26393281384685896	No-PER3D	No-Essential3D
118	L	118	18.814	10.983	-0.335	NA	0.446517412935323	Inf	-0.6691357122177896	0.7455547016657293	0.7716629105582471	No-PER3D	No-Essential3D
119	V	119	17.728	12.671	-3.559	NA	0.481540930979133	Inf	-1.0405997919710743	0.3338711243975191	0.4166186916291405	No-PER3D	No-Essential3D
120	K	120	21.344	13.5	-4.402	NA	0.385232744783307	Inf	-1.091777316761166	0	0.2975995978383813	No-PER3D	No-Essential3D
121	S	121	22.381	9.839	-4.048	NA	0.381306425916091	Inf	-0.7427379796826239	0.5583245798304646	0.7131958297385877	No-PER3D	No-Essential3D
122	R	122	22.59	6.991	-6.559	NA	0.381306425916091	Inf	-0.6883289219035086	0.3338711243975191	0.4166186916291405	No-PER3D	No-Essential3D
123	A	123	19.692	5.433	-4.67	NA	0.378835978835979	Inf	-0.5904072838102474	1.0239021677468163	0.9999999999999999	No-PER3D	No-Essential3D
124	A	124	17.453	8.257	-5.836	NA	0.356218905472637	Inf	-0.9549459127247362	1.3796697721525903	0.7288273366485698	No-PER3D	No-Essential3D
125	K	125	17.63	6.998	-9.402	NA	0.354228855721393	Inf	-1.0928252250105326	0.5583245798304646	0.7131958297385877	No-PER3D	No-Essential3D
126	V	126	16.321	3.568	-8.284	NA	0.356892230576441	Inf	-0.6803663851232638	1.068749695335296	1	No-PER3D	No-Essential3D
127	I	127	13.52	4.807	-6.004	NA	0.288149350649351	Inf	-0.856416532598517	1.4942175806341793	0.5574939233473678	No-PER3D	No-Essential3D
128	K	128	10.137	4.025	-7.544	NA	0.285982814178303	Inf	-0.8451990620269566	1.3796697721525903	0.7288273366485698	No-PER3D	No-Essential3D
129	T	129	8.04	4.921	-4.516	NA	0.206876456876457	Inf	-0.6019822339616188	2.3281144532950897	0.4277869376529228	No-PER3D	No-Essential3D
130	L	130	8.731	7.39	-1.739	NA	0.224116161616162	Inf	-0.7212028992569923	2.9450545801030508	0.14927586738367177	No-PER3D	No-Essential3D
131	T	131	6.008	8.04	0.862	NA	0.223899371069182	Inf	-0.46093175779553075	2.1955793503411125	0.29609182257096184	No-PER3D	No-Essential3D
132	E	132	5.082	8.139	4.587	NA	0.223899371069182	Inf	-0.4618801749647538	2.1202878401499006	0.33613669784040867	No-PER3D	No-Essential3D
133	I	133	2.55	6.049	6.605	NA	0.223899371069182	Inf	-0.08461969892994024	0.8448234042452694	1	No-PER3D	No-Essential3D
134	N	134	2.654	8.129	9.827	NA	0.307981492192019	Inf	-0.06504961625044153	1.7452281200414368	0.5046948291846326	No-PER3D	No-Essential3D
135	I	135	2.802	5.062	12.118	NA	0.304546754360881	Inf	-0.13415195280744385	2.9253736032785675	0.03952918323067777	PER3D	Essential3D
136	A	136	5.857	5.187	14.449	NA	0.304546754360881	Inf	-0.2521022371240417	2.2435498059821497	0.09229048912703287	No-PER3D	No-Essential3D
137	F	137	4.645	3.055	17.418	NA	0.305099394987035	Inf	-0.5374445740340087	2.011989266321559	0.14549414555380377	No-PER3D	No-Essential3D
138	L	138	4.148	-0.634	18.235	NA	0.330223880597015	Inf	-0.8957206753341852	4.894149995393213	0.0206498380702579	PER3D	Essential3D
139	P	139	0.615	-1.894	18.687	NA	0.438661710037175	Inf	-0.9976705062030587	5.579197986230569	0.010279102233873768	PER3D	Essential3D
140	Y	140	1.52	-3.974	21.728	NA	0.435424354243542	Inf	-1.1087344172185858	10.570904954383396	4.190253911810497e-4	PER3D	Essential3D
141	E	141	-2.072	-4.834	22.617	NA	0.435424354243542	Inf	-0.9787212619254729	8.806072168028011	2.017189485832651e-5	PER3D	Essential3D
142	S	142	-5.49	-3.619	21.577	NA	0.435424354243542	Inf	-0.9420324194431761	6.283193570403137	0.005105034420231442	PER3D	Essential3D
143	Q	143	-5.258	-0.757	24.106	NA	0.430656934306569	Inf	-0.77293868284479506	3.235923596372421	0.022844474799969233	PER3D	Essential3D
144	V	144	-1.488	-0.618	24.731	NA	0.39322410441544	Inf	-0.9676549802404378	15.273275068115666	8.969016174451693e-6	PER3D	Essential3D
145	Y	145	1.302	0.893	22.613	NA	0.317446043165468	Inf	-0.8314260459909185	5.579197986230569	0.010279102233873768	PER3D	Essential3D
146	S	146	5.077	0.971	22.872	NA	0.422939068100358	Inf	-0.8666116681242294	5.579197986230569	0.010279102233873768	PER3D	Essential3D
147	L	147	7.532	3.468	21.44	NA	0.528673835125448	Inf	-0.35854019670152343	1.5965014853538204	0.33164721205014713	No-PER3D	No-Essential3D
148	D	148	10.233	0.75	21.539	NA	0.528673835125448	Inf	-0.6467051185082804	2.04382261048795	0.26670884998833033	No-PER3D	No-Essential3D
149	S	149	12.656	3.12	23.259	NA	0.582540203478832	Inf	-0.24042663032963604	1.0239021677468163	0.9999999999999999	No-PER3D	No-Essential3D
150	A	150	13.961	1.199	26.295	NA	0.578809679529104	Inf	-0.6208207752921618	1.2299922077171923	0.7639072052225633	No-PER3D	No-Essential3D
151	D	151	17.291	3.027	25.889	NA	0.634408602150538	Inf	-0.054903180455920436	0.8448234042452694	1	No-PER3D	No-Essential3D
152	S	152	15.53	6.336	26.548	NA	0.636690647482014	Inf	0.6046022083739695	0.6919043269664036	0.6065763954034739	No-PER3D	No-Essential3D
153	F	153	15.397	5.398	30.25	NA	0.747593261131167	Inf	-0.3617811792526338	1.440628332783455	0.4714027364437079	No-PER3D	No-Essential3D
154	Q	154	19.166	5.773	30.486	NA	0.78644820883088	Inf	-0.08239424586781502	0.8406769307595287	0.8044436550408762	No-PER3D	No-Essential3D
155	S	155	19.056	8.848	28.284	NA	0.930171277997365	Inf	0.4919374274337692	0.29362623586556447	0.13882939490110027	No-PER3D	No-Essential3D
156	F	156	16.317	10.421	30.389	NA	0.983835005574136	Inf	0.6703128292573387	1.0916923491706496	1	No-PER3D	No-Essential3D
157	Y	157	17.338	9.467	33.971	NA	0.983835005574136	Inf	0.31238062998691796	0.9932738579782221	1	No-PER3D	No-Essential3D
158	S	158	21.14	9.084	33.86	NA	0.991016282987086	Inf	0.32517066061234107	0.8448234042452694	1	No-PER3D	No-Essential3D
159	P	159	23.181	11.944	35.175	NA	0.991016282987086	Inf	0.560746624959967	0.4128387834732865	0.3297578779398755	No-PER3D	No-Essential3D
160	H	160	25.734	11.178	32.449	NA	0.984615384615385	Inf	0.47957671041990185	0.3338711243975191	0.4166186916291405	No-PER3D	No-Essential3D
161	K	161	23.202	11.709	29.631	NA	0.919480519480519	Inf	0.8294052116478376	0.2042135563157996	0.15901436077469677	No-PER3D	No-Essential3D
162	A	162	21.502	14.785	31.124	NA	0.86374695863747	Inf	1.4729861981721484	0.23510653138030815	0.26308992735449815	No-PER3D	No-Essential3D
163	Q	163	22.457	16.943	28.111	NA	0.866910866910867	Inf	2.318981705290022	0	0.08707988402798855	No-PER3D	No-Essential3D
164	M	164	21.318	14.456	25.398	NA	0.866910866910867	Inf	2.0985679371000705	0	0.04832736077405895	No-PER3D	No-Essential3D
165	K	165	17.669	14.14	26.554	NA	0.830552659019812	Inf	1.4411468179823042	0	0.007871137928000906	No-PER3D	No-Essential3D
166	N	166	16.179	16.915	24.401	NA	0.888229927007299	Inf	1.1830945409473146	0.23510653138030815	0.26308992735449815	No-PER3D	No-Essential3D
167	P	167	16.525	15.131	21.03	NA	0.947445255474453	Inf	1.4104631652255917	0.23510653138030815	0.26308992735449815	No-PER3D	No-Essential3D
168	I	168	15.096	12.008	22.669	NA	0.890739051094891	Inf	0.9977872878004985	0.13204171910480975	0.03434433812863768	No-PER3D	No-Essential3D
169	L	169	11.997	13.914	23.806	NA	0.815716911764706	Inf	0.576372768613356	0.5526588613354563	0.5418718440272945	No-PER3D	No-Essential3D
170	E	170	11.683	15.229	20.278	NA	0.785977859778598	Inf	0.6921177766988343	0.23510653138030815	0.26308992735449815	No-PER3D	No-Essential3D
171	R	171	11.61	11.726	18.823	NA	0.781549815498155	Inf	0.3528185329712921	0.4937445496204192	0.38086676001328934	No-PER3D	No-Essential3D
172	L	172	9.09	10.496	21.385	NA	0.697322212467076	Inf	0.05156031583285379	0.7455547016657293	0.7716629105582471	No-PER3D	No-Essential3D
173	A	173	6.857	13.439	20.515	NA	0.697322212467076	Inf	-0.02868360123580989	0.7455547016657293	0.7716629105582471	No-PER3D	No-Essential3D
174	E	174	7.044	12.483	16.849	NA	0.741573033707865	Inf	0.14221646116904144	0.3420863171349195	0.11655546539524372	No-PER3D	No-Essential3D
175	Q	175	6.141	8.876	17.676	NA	0.791729323308271	Inf	-0.23407051575525697	0.7604920808266663	0.7898074182777353	No-PER3D	No-Essential3D
176	I	176	3.241	9.796	19.996	NA	0.825471698113208	Inf	-0.48883345033564934	1.0239021677468163	0.9999999999999999	No-PER3D	No-Essential3D
177	A	177	1.847	12.202	17.39	NA	0.776914539400666	Inf	-0.1485148632143434	0.6262564057701573	0.750090069650347	No-PER3D	No-Essential3D
178	T	178	1.699	9.428	14.776	NA	0.697951090548579	Inf	-0.2681618188254147	0.9722940467071081	1	No-PER3D	No-Essential3D
179	L	179	-0.505	7.466	17.187	NA	0.703218645948946	Inf	-0.5257453577382871	3.151273987224949	0.10439883978200315	No-PER3D	No-Essential3D
180	C	180	-2.926	10.386	17.282	NA	0.705882352941177	Inf	-0.3907120026804258	1.1459341932330058	0.788424572345352	No-PER3D	No-Essential3D
181	A	181	-2.705	10.877	13.519	NA	0.713995943204868	Inf	-0.25272294217801333	0.4752169831254643	0.4902769485875373	No-PER3D	No-Essential3D
182	T	182	-3.455	7.196	12.783	NA	0.678846153846154	Inf	-0.2312657259304933	1.7551509460875878	0.36698829234030433	No-PER3D	No-Essential3D
183	L	183	-6.477	7.323	15.135	NA	0.674329501915709	Inf	-0.05143703875021732	0.8448234042452694	1	No-PER3D	No-Essential3D
184	K	184	-7.44	10.734	13.715	NA	0.56120826709062	Inf	-0.2908017658090309	0.6262564057701573	0.750090069650347	No-PER3D	No-Essential3D
185	E	185	-7.369	12.166	17.219	NA	0.515077821011673	Inf	-0.20157040039913307	0.4455160489044069	0.2629145416145649	No-PER3D	No-Essential3D
186	Y	186	-6.454	15.738	18.176	NA	0.515077821011673	Inf	-0.2928918507768386	0.4937445496204192	0.38086676001328934	No-PER3D	No-Essential3D
187	P	187	-6.455	15.577	21.953	NA	0.392440244580322	Inf	-0.3140478560020975	1.1459341932330058	0.788424572345352	No-PER3D	No-Essential3D
188	A	188	-6.074	18.079	24.762	NA	0.389811738648948	Inf	-0.49034464956005264	1.068749695335296	1	No-PER3D	No-Essential3D
189	V	189	-2.503	17.655	25.907	NA	0.391328515842135	Inf	-0.41322359816165666	0.9432272854986113	1	No-PER3D	No-Essential3D
190	R	190	-1.919	17.551	29.673	NA	0.361025641025641	Inf	-0.5129262829004108	1.3796697721525903	0.7288273366485698	No-PER3D	No-Essential3D
191	Y	191	1.169	16.782	31.749	NA	0.363449163449163	Inf	-0.6242092164631239	1.3796697721525903	0.7288273366485698	No-PER3D	No-Essential3D
192	R	192	2.087	15.94	35.333	NA	0.451737451737452	Inf	-0.8326878743214264	2.073768433335184	0.23918573770455395	No-PER3D	No-Essential3D
193	G	193	3.211	19.392	36.464	NA	0.478927203065134	Inf	-0.7908874560468376	1.7261454062353296	0.6723031485572841	No-PER3D	No-Essential3D
194	E	194	5.461	18.07	39.225	NA	0.446998722860792	Inf	-0.6941911717017116	1.7355629098563032	0.47177206616410783	No-PER3D	No-Essential3D
195	Y	195	8.164	16.864	36.836	NA	0.551638976201168	Inf	-0.6193871463643449	1.444784064069184	0.5402298076259587	No-PER3D	No-Essential3D
196	K	196	9.561	19.66	34.628	NA	0.551107134869157	Inf	-0.7267427836004157	1.716966201383537	0.6277201942005097	No-PER3D	No-Essential3D
197	D	197	10.507	17.503	31.647	NA	0.447837150127226	Inf	-0.03505597949921136	0.8448234042452694	1	No-PER3D	No-Essential3D
198	N	198	6.864	16.433	31.219	NA	0.447837150127226	Inf	-0.4316763852364859	2.899962881638241	0.07622236087744728	No-PER3D	No-Essential3D
199	A	199	6.05	19.995	30.102	NA	0.474393530997305	Inf	-0.5966099664223742	1.3796697721525903	0.7288273366485698	No-PER3D	No-Essential3D
200	L	200	8.81	19.909	27.493	NA	0.51088534107402	Inf	-0.2357341152511196	1.1421448566350463	1	No-PER3D	No-Essential3D
201	L	201	7.441	16.7	26.047	NA	0.51088534107402	Inf	-0.02196936476275213	0.6010719415077658	0.5806760904105556	No-PER3D	No-Essential3D
202	A	202	3.876	17.995	26.225	NA	0.51088534107402	Inf	-0.42049990156687383	0.9722940467071081	1	No-PER3D	No-Essential3D
203	Q	203	4.845	21.125	24.314	NA	0.60377358490566	Inf	-0.306101188546701	1.1421448566350463	1	No-PER3D	No-Essential3D
204	L	204	6.711	19.15	21.659	NA	0.597014925373134	Inf	0.16670169553181802	0.6661097467487258	0.5792882969077522	No-PER3D	No-Essential3D
205	I	205	3.743	16.807	21.177	NA	0.54726368159204	Inf	-0.1341693141073552	0.8427775532945622	1	No-PER3D	No-Essential3D
206	Q	206	1.378	19.742	20.78	NA	0.550873907615481	Inf	-0.3398988755467529	1.7452281200414368	0.5046948291846326	No-PER3D	No-Essential3D
207	D	207	3.624	21.246	18.13	NA	0.511380005762028	Inf	0.007842821597518588	0.42018267679002713	0.653693203907451	No-PER3D	No-Essential3D
208	K	208	3.5	17.995	16.156	NA	0.553995006242197	Inf	0.03645628699140957	0.4128387834732865	0.3297578779398755	No-PER3D	No-Essential3D
209	L	209	-0.263	17.546	16.475	NA	0.600407055630936	Inf	-0.14423726862718975	0.4752169831254643	0.4902769485875373	No-PER3D	No-Essential3D
210	D	210	-0.78	21.051	15.19	NA	0.600407055630936	Inf	-0.19032393608379222	0.23510653138030815	0.26308992735449815	No-PER3D	No-Essential3D
211	A	211	1.172	20.157	12.045	NA	0.600407055630936	Inf	-0.03888739518656498	0.2762750605615551	0.26393281384685896	No-PER3D	No-Essential3D
212	Y	212	-0.889	16.991	11.612	NA	0.509007720903632	Inf	-0.09240877889970478	0.4752169831254643	0.4902769485875373	No-PER3D	No-Essential3D
213	K	213	-4.124	18.946	11.955	NA	0.551425030978934	Inf	-0.14931426258142	0.23510653138030815	0.26308992735449815	No-PER3D	No-Essential3D
214	A	214	-2.802	21.555	9.562	NA	0.547355473554736	Inf	-0.26903683146677476	0	0.08707988402798855	No-PER3D	No-Essential3D
215	D	215	-2.442	18.845	6.949	NA	0.553482587064677	Inf	-0.21044526237153	0	0.29923801261272437	No-PER3D	No-Essential3D
216	D	216	-5.762	17.229	7.853	NA	0.556592039800995	Inf	-0.1482921215049637	0.3338711243975191	0.4166186916291405	No-PER3D	No-Essential3D
217	P	217	-8.559	19.292	9.321	NA	0.556071871127633	Inf	-0.23256082246632853	0	0.08707988402798855	No-PER3D	No-Essential3D
218	T	218	-10.626	16.197	9.871	NA	0.556071871127633	Inf	-0.2966842119671575	0.42018267679002713	0.653693203907451	No-PER3D	No-Essential3D
219	M	219	-8.741	15.183	12.98	NA	0.560237203495631	Inf	-0.304610495668438	0.4128387834732865	0.3297578779398755	No-PER3D	No-Essential3D
220	G	220	-10.358	15.227	16.383	NA	0.556071871127633	Inf	-0.38610534910248107	0.5526588613354563	0.5418718440272945	No-PER3D	No-Essential3D
221	E	221	-13.554	16.543	14.868	NA	0.604377104377104	Inf	-0.49756505054186706	0.5638486010862173	0.9999999999999999	No-PER3D	No-Essential3D
222	G	222	-16.776	15.169	16.291	NA	0.602146930560215	Inf	-0.5720401351538317	0	0.2975995978383813	No-PER3D	No-Essential3D
223	P	223	-18.605	15.312	19.57	NA	0.529889298892989	Inf	0.29679078377377355	0.36429406125632063	0.21951206367723716	No-PER3D	No-Essential3D
224	D	224	-16.679	12.32	20.921	NA	0.484848484848485	Inf	-0.05607344156322885	0.4128387834732865	0.3297578779398755	No-PER3D	No-Essential3D
225	K	225	-13.234	13.238	19.577	NA	0.527472527472528	Inf	-0.46719665360250007	0.8467555675738563	1	No-PER3D	No-Essential3D
226	A	226	-13.6	16.744	20.961	NA	0.328754578754579	Inf	-0.38327700517909724	0.2762750605615551	0.26393281384685896	No-PER3D	No-Essential3D
227	R	227	-13.558	15.223	24.464	NA	0.329963235294118	Inf	-0.47491197296676013	0.4128387834732865	0.3297578779398755	No-PER3D	No-Essential3D
228	S	228	-10.378	13.123	23.953	NA	0.332407407407407	Inf	-0.6860909425199931	1.2299922077171923	0.7639072052225633	No-PER3D	No-Essential3D
229	Q	229	-7.345	13.867	26.149	NA	0.33210332103321	Inf	-0.7056250792816171	1.2299922077171923	0.7639072052225633	No-PER3D	No-Essential3D
230	L	230	-3.626	12.942	26.319	NA	0.329963235294118	Inf	-0.7033301869449256	2.073768433335184	0.23918573770455395	No-PER3D	No-Essential3D
231	L	231	-1.665	12.807	29.609	NA	0.332407407407407	Inf	-0.8321352640319962	1.1459341932330058	0.788424572345352	No-PER3D	No-Essential3D
232	I	232	2.102	12.931	29.875	NA	0.328754578754579	Inf	-0.758196361982974	2.736505452515655	0.09289446032095736	No-PER3D	No-Essential3D
233	L	233	3.46	11.276	33.011	NA	0.328181818181818	Inf	-1.0108699307990672	4.591811054737159	0.006937021234392071	PER3D	Essential3D
234	D	234	6.882	10.352	34.387	NA	0.328467153284672	Inf	-0.675193183131753	2.2795791131288463	0.1245794292352048	No-PER3D	No-Essential3D
235	R	235	7.747	7.02	36.037	NA	0.326086956521739	Inf	-1.1836650479938844	2.004699109487137	0.15446816035148822	No-PER3D	No-Essential3D
236	G	236	8.247	8.75	39.411	NA	0.32967032967033	Inf	-0.6309610861256012	1.7977920196027242	0.22958522096176134	No-PER3D	No-Essential3D
237	F	237	4.497	9.419	39.778	NA	0.333333333333333	Inf	-0.9843705977526851	2.541947126820985	0.07897034694960466	No-PER3D	No-Essential3D
238	D	238	4.001	5.821	40.973	NA	0.222222222222222	Inf	-0.9406026111390807	3.0894099964256023	0.017159047141244357	PER3D	Essential3D
239	P	239	7.235	4.022	41.868	NA	0	Inf	-0.7343850671684105	2.9789523038515004	0.020573757314041794	PER3D	Essential3D
240	S	240	5.361	1.32	43.82	NA	0	Inf	-0.9550056139677828	4.176103449307564	0.0050604251480463065	PER3D	Essential3D
241	S	241	3.338	-0.271	41.01	NA	0	Inf	-1.40725359958519	9.208607808803668	1.5614833469336367e-6	PER3D	Essential3D
242	P	242	6.306	-1.33	38.867	NA	0	Inf	-2.1945465004648477	9.46871806491873	7.910760712269439e-6	PER3D	Essential3D
243	V	243	8.047	-3.105	41.829	NA	0	Inf	-1.270815006485784	8.806072168028011	2.017189485832651e-5	PER3D	Essential3D
244	L	244	5.109	-5.039	43.343	NA	0	Inf	-1.1287886458176504	4.176103449307564	0.0050604251480463065	PER3D	Essential3D
245	H	245	4.491	-8.758	42.906	NA	0	Inf	-1.3131975686360386	2.6617917835703775	0.026111513238002614	PER3D	Essential3D
246	E	246	1.278	-8.996	40.927	NA	0	Inf	-1.8352282324328497	6.08071426627012	6.082001420112047e-5	PER3D	Essential3D
247	L	247	-1.091	-11.988	40.966	NA	0	Inf	-1.394842274039945	4.940225868510106	2.1042138706472228e-4	PER3D	Essential3D
248	T	248	-2.954	-11.299	37.721	NA	0	Inf	-1.779689528224807	11.587111517163343	4.251919612485618e-7	PER3D	Essential3D
249	F	249	-2.016	-13.806	34.997	NA	0	Inf	-1.413349919310539	17.612886013126065	1.1481167274574805e-8	PER3D	Essential3D
250	Q	250	-0.047	-11.647	32.542	NA	0	Inf	-1.752548438308332	13.925305432036879	1.93898849478889e-8	PER3D	Essential3D
251	A	251	1.652	-9.529	35.199	NA	0	Inf	-2.635268906199722	23.47366159464422	1.6968759724664497e-8	PER3D	Essential3D
252	M	252	2.486	-12.555	37.376	NA	0	Inf	-1.6980772055803268	8.629310923990404	4.038971122279788e-6	PER3D	Essential3D
253	S	253	3.796	-14.73	34.563	NA	0	Inf	-1.4107414623961347	8.629310923990404	4.038971122279788e-6	PER3D	Essential3D
254	Y	254	6.054	-12.018	33.174	NA	0	Inf	-2.1590287995736843	6.487989537197386	1.8042104838606463e-4	PER3D	Essential3D
255	D	255	7.495	-11.242	36.599	NA	0	Inf	-2.509784791945613	4.151050514640659	0.012792172812833942	PER3D	Essential3D
256	L	256	8.022	-14.802	37.888	NA	0.162408759124088	Inf	-1.5779299877004285	4.683230848776755	0.008755592410652269	PER3D	Essential3D
257	L	257	8.86	-16.724	34.69	NA	0.161363636363636	Inf	-1.2679442842232787	4.227367184439711	0.04097928922737994	PER3D	Essential3D
258	P	258	11.544	-16.202	32.091	NA	0.161496350364964	Inf	-1.6835478415363945	3.5778973119540365	0.07951982481166113	No-PER3D	No-Essential3D
259	I	259	9.319	-14.751	29.429	NA	0.162683823529412	Inf	-1.9027976617534283	14.848811948315111	0.0017384231907237974	PER3D	Essential3D
260	E	260	11.44	-12.914	26.9	NA	0.390441176470588	Inf	-2.260538468579261	7.0547619676406725	0.06365602424143266	No-PER3D	No-Essential3D
261	N	261	9.777	-10.818	24.199	NA	0.478540047313282	Inf	-1.602229462624696	7.0547619676406725	0.06365602424143266	No-PER3D	No-Essential3D
262	D	262	6.445	-12.492	24.905	NA	0.544280442804428	Inf	-1.9216323546577547	14.848811948315111	0.0017384231907237974	PER3D	Essential3D
263	V	263	7.849	-15.968	24.36	NA	0.540747549019608	Inf	-1.0728650193296154	2.6032959931486834	0.3614968447043628	No-PER3D	No-Essential3D
264	Y	264	7.124	-18.703	26.874	NA	0.536800486618005	Inf	-0.5607979694654117	2.9450545801030508	0.14927586738367177	No-PER3D	No-Essential3D
265	K	265	8.973	-22.02	26.862	NA	0.532910628019324	Inf	-0.27560823504599613	1.1421448566350463	1	No-PER3D	No-Essential3D
266	Y	266	7.62	-25.194	28.432	NA	0.532910628019324	Inf	0.39989941387591577	0.4752169831254643	0.4902769485875373	No-PER3D	No-Essential3D
267	E	267	7.9	-28.951	27.896	NA	0.538321167883212	Inf	0.46917860142754353	0.2762750605615551	0.26393281384685896	No-PER3D	No-Essential3D
268	T	268	4.962	-31.22	27.04	NA	0.534848484848485	Inf	0.954026359995194	0.2042135563157996	0.15901436077469677	No-PER3D	No-Essential3D
269	S	269	4.112	-34.177	24.784	NA	0.491917502787068	Inf	0.9436416116855072	0	0.027449144256388447	No-PER3D	No-Essential3D
270	G	270	2.129	-33.302	21.74	NA	0.460114702815433	Inf	1.376376945339598	0.7455547016657293	0.7716629105582471	No-PER3D	No-Essential3D
271	I	271	2.196	-36.387	19.506	NA	0.520588235294118	Inf	1.2578574217097795	0.7208142574684466	0.7481968126022434	No-PER3D	No-Essential3D
272	G	272	5.599	-37.727	20.441	NA	0.557773109243697	Inf	0.1693566391292088	0	0.1603333381506027	No-PER3D	No-Essential3D
273	E	273	8.018	-37.451	23.344	NA	0.55983131259884	Inf	-0.48300318407595166	0	0.08707988402798855	No-PER3D	No-Essential3D
274	A	274	8.229	-34.558	25.747	NA	0.56031746031746	Inf	-0.48538817090910175	0	0.08707988402798855	No-PER3D	No-Essential3D
275	R	275	9.379	-31.727	23.548	NA	0.559348739495798	Inf	-0.4779524775381148	0	0.08707988402798855	No-PER3D	No-Essential3D
276	V	276	10.142	-28.12	24.271	NA	0.561412756984713	Inf	-0.24624905093328703	0.2762750605615551	0.26393281384685896	No-PER3D	No-Essential3D
277	K	277	7.585	-25.677	22.977	NA	0.559348739495798	Inf	0.49521711871470225	0.23510653138030815	0.26308992735449815	No-PER3D	No-Essential3D
278	E	278	8.199	-22.014	22.365	NA	0.553701772679875	Inf	-0.2890560789097227	0.7208142574684466	0.7481968126022434	No-PER3D	No-Essential3D
279	V	279	4.959	-20.103	22.385	NA	0.553701772679875	Inf	0.3921286141576093	3.151273987224949	0.10439883978200315	No-PER3D	No-Essential3D
280	L	280	4.092	-16.494	21.765	NA	0.518681318681319	Inf	-0.15744581299837157	4.894149995393213	0.0206498380702579	PER3D	Essential3D
281	L	281	1.741	-14.898	24.281	NA	0.457659987071752	Inf	-0.8403151463710757	7.00696346667488	0.0013509517009786826	PER3D	Essential3D
282	D	282	-0.055	-12.36	22.13	NA	0.486672794117647	Inf	-0.8527938324121169	8.517343790865123	2.3484626754457258e-4	PER3D	Essential3D
283	E	283	-3.497	-11.404	20.794	NA	0.490277777777778	Inf	-0.6905894759901635	11.701179804252655	1.6486367032714835e-4	PER3D	Essential3D
284	D	284	-3.504	-14.276	18.301	NA	0.490277777777778	Inf	-0.4698387815174251	3.5112045185824625	0.19706180116252095	No-PER3D	No-Essential3D
285	D	285	-4.313	-16.407	21.354	NA	0.527881040892193	Inf	0.4178336062084825	7.751375592988149	5.698693393301127e-4	PER3D	No-Essential3D
286	D	286	-7.972	-16.036	22.323	NA	0.53134328358209	Inf	0.4431033040938698	6.283193570403137	0.005105034420231442	PER3D	No-Essential3D
287	L	287	-7.477	-17.746	25.668	NA	0.515701526937482	Inf	0.09522760494890425	5.777000703942099	0.00201358372108785	PER3D	No-Essential3D
288	W	288	-4.721	-15.281	26.496	NA	0.515701526937482	Inf	-0.23833324322806862	11.701179804252655	1.6486367032714835e-4	PER3D	Essential3D
289	I	289	-6.938	-12.277	25.82	NA	0.511867314841293	Inf	-0.8138986485162121	15.273275068115666	8.969016174451693e-6	PER3D	Essential3D
290	A	290	-9.552	-13.847	28.089	NA	0.621065675340768	Inf	-1.227101607692339	11.701179804252655	1.6486367032714835e-4	PER3D	Essential3D
291	L	291	-7.04	-14.854	30.827	NA	0.511867314841293	Inf	-0.8221292640781881	20.566346464468975	1.4605353829324957e-7	PER3D	Essential3D
292	R	292	-4.392	-12.089	30.862	NA	0.445273631840796	Inf	-1.451079484936891	10.858108339232713	1.1479477934548079e-6	PER3D	Essential3D
293	H	293	-6.247	-9.862	33.338	NA	0.361616161616162	Inf	-1.8121775987045006	9.46871806491873	7.910760712269439e-6	PER3D	Essential3D
294	K	294	-7.774	-12.595	35.53	NA	0.361616161616162	Inf	-1.6181690168867076	11.815609641716161	5.505591540761486e-6	PER3D	Essential3D
295	H	295	-6.4	-13.364	38.976	NA	0.360606060606061	Inf	-1.4016745838475253	17.83823689524846	1.1817480441756237e-6	PER3D	Essential3D
296	I	296	-4.235	-16.486	39.183	NA	0.355341738553417	Inf	-0.8936586121221307	24.47366159464422	3.782793059411066e-6	PER3D	Essential3D
297	A	297	-6.637	-18.118	41.603	NA	0.323369565217391	Inf	-0.850420000809502	12.823181598644142	0.004440437688212157	PER3D	Essential3D
298	E	298	-9.235	-18.109	38.782	NA	0.35504132231405	Inf	-0.8932434299329488	6.377444979636128	0.013897488429421437	PER3D	Essential3D
299	V	299	-7.083	-18.985	35.735	NA	0.437118437118437	Inf	-0.6391270719743906	8.517343790865123	2.3484626754457258e-4	PER3D	Essential3D
300	S	300	-6.763	-22.763	36.074	NA	0.47378898473789	Inf	0.3919314842425525	2.667241865318048	0.17833971420076	No-PER3D	No-Essential3D
301	Q	301	-10.419	-23.141	36.974	NA	0.517818181818182	Inf	-0.21298238100373781	1.286905395275729	0.7113806134711104	No-PER3D	No-Essential3D
302	E	302	-11.339	-21.19	33.848	NA	0.429951690821256	Inf	-0.42391191746649065	3.648547156681552	0.035160705876249164	PER3D	Essential3D
303	V	303	-9.072	-23.072	31.432	NA	0.577453365774534	Inf	0.49756911090665507	3.3056467803052603	0.04275168492716083	PER3D	No-Essential3D
304	T	304	-10.22	-26.474	32.639	NA	0.517391304347826	Inf	0.8107530521083129	1.0229824983153044	1	No-PER3D	No-Essential3D
305	R	305	-13.818	-25.381	32.451	NA	0.523076923076923	Inf	0.0938963698004028	0.42018267679002713	0.653693203907451	No-PER3D	No-Essential3D
306	S	306	-13.248	-23.962	28.993	NA	0.523076923076923	Inf	0.6028479248186578	1.3796697721525903	0.7288273366485698	No-PER3D	No-Essential3D
307	L	307	-11.483	-27.154	27.973	NA	0.528888888888889	Inf	1.1541312158366412	0.7208142574684466	0.7481968126022434	No-PER3D	No-Essential3D
308	K	308	-14.126	-29.475	29.361	NA	0.585485854858549	Inf	0.9735856534652886	0.5583245798304646	0.7131958297385877	No-PER3D	No-Essential3D
309	D	309	-16.763	-27.626	27.382	NA	0.587125871258713	Inf	0.45971362508416147	0	0.29923801261272437	No-PER3D	No-Essential3D
310	F	310	-14.625	-27.807	24.246	NA	0.596070596070596	Inf	1.1724553082112588	0.6745666398959944	1	No-PER3D	No-Essential3D
311	S	311	-13.909	-31.488	24.673	NA	0.658088235294118	Inf	1.3540348559596294	0.4752169831254643	0.4902769485875373	No-PER3D	No-Essential3D
312	S	312	-17.6	-32.29	25.012	NA	0.814324817518248	Inf	1.0075195059305402	0	0.1603333381506027	No-PER3D	No-Essential3D
313	S	313	-18.393	-30.286	21.921	NA	0.863030303030303	Inf	1.044958277866857	0	0.5317330652255876	No-PER3D	No-Essential3D
314	K	314	-15.892	-32.359	19.967	NA	0.859903381642512	Inf	1.6575469458670513	2.6032959931486834	0.3614968447043628	No-PER3D	No-Essential3D
315	R	315	-17.266	-35.377	21.759	NA	0.865454545454545	Inf	1.294013780937031	0	0.2975995978383813	No-PER3D	No-Essential3D
316	M	316	-13.743	-36.348	22.594	NA	0.8661800486618	Inf	1.6802346874309178	1.286905395275729	0.7113806134711104	No-PER3D	No-Essential3D
317	N	317	-14.086	-39.17	25.031	NA	0.864468864468864	Inf	1.6504385398945869	0	0.2975995978383813	No-PER3D	No-Essential3D
318	T	318	-12.293	-42.315	26.011	NA	0.858880778588808	Inf	1.8048501472646923	0	0.5317330652255876	No-PER3D	No-Essential3D
319	G	319	-13.094	-45.254	28.182	NA	0.858880778588808	Inf	1.6535154283669073	0	1	No-PER3D	No-Essential3D
320	E	320	-10.398	-44.684	30.735	NA	0.853333333333333	Inf	1.705760296320824	0	1	No-PER3D	No-Essential3D
321	K	321	-9.465	-42.008	33.161	NA	0.731428571428571	Inf	1.7582629875932088	0	0.2975995978383813	No-PER3D	No-Essential3D
322	T	322	-10.618	-38.797	31.622	NA	0.730848861283644	Inf	1.5969694962575758	0	0.2975995978383813	No-PER3D	No-Essential3D
323	T	323	-8.005	-36.802	29.815	NA	0.799365942028986	Inf	1.4975670352645774	0	0.29923801261272437	No-PER3D	No-Essential3D
324	M	324	-9.843	-33.892	31.32	NA	0.794836956521739	Inf	1.2612646342514127	0.5583245798304646	0.7131958297385877	No-PER3D	No-Essential3D
325	R	325	-7.007	-31.979	32.902	NA	0.794836956521739	Inf	1.1561490781084824	1.0229824983153044	1	No-PER3D	No-Essential3D
326	D	326	-3.458	-31.628	31.582	NA	0.791967509025271	Inf	1.619519054549529	1.286905395275729	0.7113806134711104	No-PER3D	No-Essential3D
327	L	327	-3.906	-35.261	30.539	NA	0.838709677419355	Inf	1.4326378594794948	0.8486981248273713	0.9999999999999999	No-PER3D	No-Essential3D
328	S	328	-5.363	-34.051	27.25	NA	0.943548387096774	Inf	1.6078766807648157	0.9722940467071081	1	No-PER3D	No-Essential3D
329	Q	329	-3.876	-36.554	24.833	NA	0.942857142857143	Inf	1.669693306953322	1.1421448566350463	1	No-PER3D	No-Essential3D
330	M	330	-6.883	-35.73	22.626	NA	0.904419321685509	Inf	1.6939414516738451	0.8448234042452694	1	No-PER3D	No-Essential3D
331	L	331	-4.398	-34.224	20.209	NA	0.910973084886128	Inf	1.8265137401190947	1.3796697721525903	0.7288273366485698	No-PER3D	No-Essential3D
332	K	332	-3.592	-37.78	19.154	NA	0.905105724600309	Inf	1.8370557693380052	1.0229824983153044	1	No-PER3D	No-Essential3D
333	K	333	-7.279	-38.562	18.855	NA	0.898617511520737	Inf	1.9472735323295858	1.0229824983153044	1	No-PER3D	No-Essential3D
334	M	334	-8.116	-35.451	16.889	NA	0.839328537170264	Inf	2.0146972517762762	1.0229824983153044	1	No-PER3D	No-Essential3D
335	P	335	-5.186	-33.727	15.296	NA	1.00285714285714	Inf	2.100761723111065	1.0229824983153044	1	No-PER3D	No-Essential3D
336	Q	336	-7.529	-31.415	13.407	NA	0.999288256227758	Inf	2.4588848995313315	1.7261454062353296	0.6723031485572841	No-PER3D	No-Essential3D
337	Y	337	-7.933	-29.559	16.737	NA	1.00285714285714	Inf	2.1395372698486756	1.7355629098563032	0.47177206616410783	No-PER3D	No-Essential3D
338	Q	338	-4.186	-29.185	17.348	NA	1.00431654676259	Inf	2.267330997815197	1.7355629098563032	0.47177206616410783	No-PER3D	No-Essential3D
339	K	339	-4.117	-25.38	17.141	NA	0.831541218637993	Inf	1.7028807262332204	2.9450545801030508	0.14927586738367177	No-PER3D	No-Essential3D
340	E	340	-6.956	-25.101	19.641	NA	0.830952380952381	Inf	1.685192007227468	1.7551509460875878	0.36698829234030433	No-PER3D	No-Essential3D
341	L	341	-5.685	-27.813	21.997	NA	0.940860215053763	Inf	1.5899112653918726	1.4942175806341793	0.5574939233473678	No-PER3D	No-Essential3D
342	S	342	-2.167	-26.414	21.873	NA	1.0521582733813	Inf	1.4118792465651864	1.4942175806341793	0.5574939233473678	No-PER3D	No-Essential3D
343	K	343	-3.397	-23.131	23.325	NA	1.04464285714286	Inf	0.9177390645276913	2.0243562593430635	0.19249449123104267	No-PER3D	No-Essential3D
344	Y	344	-5.135	-24.892	26.205	NA	0.99644128113879	Inf	1.1135429728856534	1.2983740516581574	0.7758503221229827	No-PER3D	No-Essential3D
345	S	345	-1.94	-26.769	26.964	NA	1.00719424460432	Inf	1.2817349538182963	1.1421448566350463	1	No-PER3D	No-Essential3D
346	T	346	0.015	-23.526	27.161	NA	0.997142857142857	Inf	0.826641052258514	2.4007050800272025	0.1508702380058914	No-PER3D	No-Essential3D
347	H	347	-2.278	-21.796	29.648	NA	0.900621118012422	Inf	0.31983998104558936	4.176103449307564	0.0050604251480463065	PER3D	No-Essential3D
348	L	348	-2.541	-24.878	31.827	NA	0.942238267148014	Inf	0.8121932804315526	2.073768433335184	0.23918573770455395	No-PER3D	No-Essential3D
349	H	349	1.247	-25.066	31.988	NA	0.970823341326938	Inf	0.9157741861538649	2.1955793503411125	0.29609182257096184	No-PER3D	No-Essential3D
350	L	350	1.687	-21.318	32.466	NA	0.998561151079137	Inf	-0.22038016999353813	6.3477017713827335	9.539648789423312e-4	PER3D	Essential3D
351	A	351	-0.86	-21.27	35.298	NA	1.00216606498195	Inf	-0.4677068706627469	9.305832454853935	9.469262175024273e-5	PER3D	Essential3D
352	E	352	0.875	-24.225	36.922	NA	1.00216606498195	Inf	0.23780086159052571	3.5778973119540365	0.07951982481166113	No-PER3D	No-Essential3D
353	D	353	4.224	-22.508	36.442	NA	0.91699604743083	Inf	-0.37354901874932384	3.5778973119540365	0.07951982481166113	No-PER3D	No-Essential3D
354	C	354	3.132	-19.334	38.203	NA	0.798888162197515	Inf	-1.0673329796544406	4.683230848776755	0.008755592410652269	PER3D	Essential3D
355	M	355	1.826	-21.446	41.089	NA	0.807603305785124	Inf	-0.2463498883935585	3.151273987224949	0.10439883978200315	No-PER3D	No-Essential3D
356	K	356	5.091	-23.366	41.396	NA	0.807603305785124	Inf	0.589946850931197	2.1955793503411125	0.29609182257096184	No-PER3D	No-Essential3D
357	H	357	7.069	-20.125	41.631	NA	0.806982872200264	Inf	-0.37215826909479344	2.504995227335332	0.13217252432883403	No-PER3D	No-Essential3D
358	Y	358	4.474	-18.575	43.941	NA	0.765217391304348	Inf	-0.28642398186676044	2.4007050800272025	0.1508702380058914	No-PER3D	No-Essential3D
359	Q	359	4.438	-21.262	46.653	NA	0.765217391304348	Inf	1.3948988784475493	1.1421448566350463	1	No-PER3D	No-Essential3D
360	G	360	6.881	-20.446	49.431	NA	0.817518248175183	Inf	1.4518868743071534	0.7208142574684466	0.7481968126022434	No-PER3D	No-Essential3D
361	T	361	9.019	-17.342	49.241	NA	0.817518248175183	Inf	0.8157865219284092	0.9722940467071081	1	No-PER3D	No-Essential3D
362	V	362	6.811	-15.373	46.848	NA	0.812231404958678	Inf	0.0798792195304216	2.623414128679077	0.06723791200414893	No-PER3D	No-Essential3D
363	D	363	3.798	-15.831	49.121	NA	0.815195753151958	Inf	0.6972581510562881	1.444784064069184	0.5402298076259587	No-PER3D	No-Essential3D
364	K	364	5.837	-14.533	52.048	NA	0.815195753151958	Inf	1.1606698326965006	0.8448234042452694	1	No-PER3D	No-Essential3D
365	L	365	6.814	-11.446	50.024	NA	0.813899868247694	Inf	0.7078042894673489	2.073768433335184	0.23918573770455395	No-PER3D	No-Essential3D
366	C	366	3.3	-10.471	48.881	NA	0.852657004830918	Inf	0.3676080973942199	2.4007050800272025	0.1508702380058914	No-PER3D	No-Essential3D
367	R	367	2.127	-10.399	52.473	NA	0.843488649940263	Inf	0.8655690106445659	0.9722940467071081	1	No-PER3D	No-Essential3D
368	V	368	4.756	-7.806	53.448	NA	0.853333333333333	Inf	1.1698673420068164	1.2097195599086623	0.7951728357242955	No-PER3D	No-Essential3D
369	E	369	4.572	-6.007	50.113	NA	0.85024154589372	Inf	0.5505435824998254	1.0239021677468163	0.9999999999999999	No-PER3D	No-Essential3D
370	Q	370	0.831	-5.476	50.447	NA	0.930909090909091	Inf	0.2254921820325146	1.068749695335296	1	No-PER3D	No-Essential3D
371	D	371	1.272	-4.193	53.99	NA	0.930909090909091	Inf	1.2318040562535522	0.2042135563157996	0.15901436077469677	No-PER3D	No-Essential3D
372	L	372	3.998	-1.814	52.867	NA	0.930909090909091	Inf	0.8684446650837486	0.8448234042452694	1	No-PER3D	No-Essential3D
373	A	373	2.141	-0.639	49.759	NA	0.816859504132231	Inf	0.09070829041204993	2.073768433335184	0.23918573770455395	No-PER3D	No-Essential3D
374	M	374	-1.203	-0.043	51.463	NA	0.865196078431373	Inf	0.6186667541778825	0.5583245798304646	0.7131958297385877	No-PER3D	No-Essential3D
375	G	375	0.075	0.937	54.89	NA	0.874074074074074	Inf	1.4285521014067364	0	0.08707988402798855	No-PER3D	No-Essential3D
376	T	376	-2.749	-1.173	56.263	NA	0.911066628538747	Inf	1.3968003448510051	0	0.29923801261272437	No-PER3D	No-Essential3D
377	D	377	-3.158	-4.917	56.808	NA	0.851545842217484	Inf	1.357242698847329	0	0.2975995978383813	No-PER3D	No-Essential3D
378	A	378	-5.687	-7.222	55.118	NA	0.883084577114428	Inf	1.2031871537210799	0	0.29923801261272437	No-PER3D	No-Essential3D
379	E	379	-8.104	-6.307	57.909	NA	0.77705223880597	Inf	1.3026137638481605	0	0.2975995978383813	No-PER3D	No-Essential3D
380	G	380	-7.731	-2.582	57.336	NA	0.725920919229469	Inf	1.372490529561593	0	0.2975995978383813	No-PER3D	No-Essential3D
381	E	381	-5.749	-1.896	60.494	NA	0.66542750929368	Inf	1.5319801149611776	0	0.5317330652255876	No-PER3D	No-Essential3D
382	K	382	-2.718	0.366	60.115	NA	0.661710037174721	Inf	1.6849469390207992	0	0.2975995978383813	No-PER3D	No-Essential3D
383	I	383	0.655	-1.337	60.045	NA	0.716538074471654	Inf	1.6834595489018027	0	0.1603333381506027	No-PER3D	No-Essential3D
384	K	384	2.458	-1.491	63.351	NA	0.788888888888889	Inf	1.7046433268030163	0.42018267679002713	0.653693203907451	No-PER3D	No-Essential3D
385	D	385	6.259	-1.666	63.181	NA	0.879012345679012	Inf	1.7013523539802908	0.3338711243975191	0.4166186916291405	No-PER3D	No-Essential3D
386	P	386	6.926	-2.481	59.523	NA	0.922962962962963	Inf	1.5960319559188736	0.2762750605615551	0.26393281384685896	No-PER3D	No-Essential3D
387	M	387	10.576	-3.332	60.27	NA	0.841414141414141	Inf	1.506952400979702	1.0229824983153044	1	No-PER3D	No-Essential3D
388	R	388	9.569	-6.317	62.346	NA	0.834498834498834	Inf	1.5160285815013568	0.5638486010862173	0.9999999999999999	No-PER3D	No-Essential3D
389	A	389	8.232	-7.914	59.164	NA	0.834498834498834	Inf	1.4923392699507583	0.3338711243975191	0.4166186916291405	No-PER3D	No-Essential3D
390	I	390	11.018	-6.687	56.862	NA	0.839906417112299	Inf	1.4627914108642222	1.068749695335296	1	No-PER3D	No-Essential3D
391	V	391	14.123	-7.632	58.857	NA	0.792619926199262	Inf	1.4168714923934105	0.6745666398959944	1	No-PER3D	No-Essential3D
392	P	392	13.449	-11.374	58.848	NA	0.723232323232323	Inf	1.2594539571544894	0.4752169831254643	0.4902769485875373	No-PER3D	No-Essential3D
393	I	393	13.049	-11.294	55.06	NA	0.655677655677656	Inf	1.2730125245518666	1.0239021677468163	0.9999999999999999	No-PER3D	No-Essential3D
394	L	394	16.302	-9.467	54.444	NA	0.653846153846154	Inf	1.2158077197289434	1.0239021677468163	0.9999999999999999	No-PER3D	No-Essential3D
395	L	395	18.065	-11.901	56.741	NA	0.656826568265683	Inf	1.2410716947944778	0.4128387834732865	0.3297578779398755	No-PER3D	No-Essential3D
396	D	396	16.701	-14.926	54.811	NA	0.652014652014652	Inf	1.0891105935392382	0.4128387834732865	0.3297578779398755	No-PER3D	No-Essential3D
397	A	397	19.159	-16.517	52.368	NA	0.652014652014652	Inf	0.925765335022516	0.42018267679002713	0.653693203907451	No-PER3D	No-Essential3D
398	N	398	16.331	-17.946	50.258	NA	0.654411764705882	Inf	0.9648114787879501	0.2762750605615551	0.26393281384685896	No-PER3D	No-Essential3D
399	V	399	15.116	-14.486	49.242	NA	0.704751131221719	Inf	1.0240424868530082	0.9432272854986113	1	No-PER3D	No-Essential3D
400	S	400	16.697	-13.051	46.1	NA	0.704751131221719	Inf	0.7480925688736555	0.9722940467071081	1	No-PER3D	No-Essential3D
401	T	401	18.669	-9.806	45.978	NA	0.699606962380685	Inf	0.566127005515486	0.6262564057701573	0.750090069650347	No-PER3D	No-Essential3D
402	Y	402	16.067	-8.222	43.697	NA	0.699020979020979	Inf	-0.6645226203712988	1.4942175806341793	0.5574939233473678	No-PER3D	No-Essential3D
403	D	403	13.235	-9.354	45.95	NA	0.749345892203035	Inf	0.0397117417041801	1.4004560570865827	0.6112774431868083	No-PER3D	No-Essential3D
404	K	404	15.006	-7.763	48.926	NA	0.746611053180396	Inf	0.8148869767745559	0.923957076936258	1	No-PER3D	No-Essential3D
405	I	405	15.461	-4.543	46.973	NA	0.703537338573835	Inf	0.2704942068480628	1.567332376423891	0.43543790946258926	No-PER3D	No-Essential3D
406	R	406	11.753	-4.519	46.177	NA	0.71132557479421	Inf	-0.10576716008593676	1.5339570479718916	0.4208079986762288	No-PER3D	No-Essential3D
407	I	407	10.973	-4.97	49.891	NA	0.658088235294118	Inf	0.7675558746148834	1.0916923491706496	1	No-PER3D	No-Essential3D
408	I	408	13.344	-2.123	50.835	NA	0.721212121212121	Inf	1.064981745210485	0.9099367340447427	0.9999999999999999	No-PER3D	No-Essential3D
409	L	409	12.028	0.199	48.115	NA	0.712674187126742	Inf	0.303876835990761	1.2638430398141434	0.6273859574191091	No-PER3D	No-Essential3D
410	L	410	8.421	-0.284	49.219	NA	0.783941605839416	Inf	0.3830323571029238	1.5339570479718916	0.4208079986762288	No-PER3D	No-Essential3D
411	Y	411	9.41	0.438	52.822	NA	0.781751824817518	Inf	0.9573103484457475	1.1459341932330058	0.788424572345352	No-PER3D	No-Essential3D
412	I	412	11.087	3.659	51.697	NA	0.826115702479339	Inf	1.090631828396079	0.9099367340447427	0.9999999999999999	No-PER3D	No-Essential3D
413	F	413	7.999	4.606	49.687	NA	0.826115702479339	Inf	0.3435775553445036	0.5840494160622921	0.45639577022226335	No-PER3D	No-Essential3D
414	L	414	5.837	4.015	52.773	NA	0.710683477106835	Inf	1.1650174339770454	0	0.007871137928000906	No-PER3D	No-Essential3D
415	K	415	8.159	6.085	54.953	NA	0.752415458937198	Inf	1.4320382382943226	0.13204171910480975	0.03434433812863768	No-PER3D	No-Essential3D
416	N	416	8.515	8.711	52.21	NA	0.744324970131422	Inf	0.921121857495256	0	1.0876083612988619e-4	No-PER3D	No-Essential3D
417	G	417	12.283	8.509	52.389	NA	0.744324970131422	Inf	1.2404800283816944	0.18124852816880183	0.012254928681476634	No-PER3D	No-Essential3D
418	I	418	14.552	7.119	55.077	NA	0.806818181818182	Inf	1.3609305198549135	0.24466345440680487	0.055451935784985806	No-PER3D	No-Essential3D
419	T	419	17.82	8.249	56.63	NA	0.783016266887235	Inf	1.4231873955763499	0.3254346877490911	0.21784332749701774	No-PER3D	No-Essential3D
420	E	420	21.124	7.193	55.173	NA	0.78021978021978	Inf	1.5326961616602597	0.4128387834732865	0.3297578779398755	No-PER3D	No-Essential3D
421	E	421	22.1	5.523	58.413	NA	0.820914696813978	Inf	1.6602134935794683	0.5583245798304646	0.7131958297385877	No-PER3D	No-Essential3D
422	N	422	18.829	3.584	58.31	NA	0.815051020408163	Inf	1.610738731020667	0.4128387834732865	0.3297578779398755	No-PER3D	No-Essential3D
423	L	423	19.248	2.66	54.644	NA	0.873335145419951	Inf	1.5025503286951765	0.3254346877490911	0.21784332749701774	No-PER3D	No-Essential3D
424	N	424	22.738	1.41	55.406	NA	0.952846975088968	Inf	1.5886402370157209	0.3254346877490911	0.21784332749701774	No-PER3D	No-Essential3D
425	K	425	21.323	-0.787	58.136	NA	0.878887070376432	Inf	1.5781538582947434	0.6262564057701573	0.750090069650347	No-PER3D	No-Essential3D
426	L	426	18.877	-2.31	55.659	NA	0.882014782370654	Inf	1.4022903908347633	0.5526588613354563	0.5418718440272945	No-PER3D	No-Essential3D
427	I	427	21.617	-2.997	53.121	NA	0.882014782370654	Inf	1.3759583826231305	0.5526588613354563	0.5418718440272945	No-PER3D	No-Essential3D
428	Q	428	23.807	-4.508	55.839	NA	0.852380952380952	Inf	1.5246866085945918	0.5583245798304646	0.7131958297385877	No-PER3D	No-Essential3D
429	H	429	21.091	-6.965	56.869	NA	0.88833746898263	Inf	1.3415139780623755	0.8467555675738563	1	No-PER3D	No-Essential3D
430	A	430	20.019	-7.652	53.279	NA	0.821938775510204	Inf	1.1886052860629441	1.1459341932330058	0.788424572345352	No-PER3D	No-Essential3D
431	Q	431	23.588	-8.586	52.382	NA	0.767142857142857	Inf	1.2294656360926284	0.2042135563157996	0.15901436077469677	No-PER3D	No-Essential3D
432	I	432	23.24	-7.533	48.765	NA	0.756302521008403	Inf	1.235131828662151	0.23510653138030815	0.26308992735449815	No-PER3D	No-Essential3D
433	P	433	26.1	-6.544	46.517	NA	0.782918149466192	Inf	1.0568791840412881	0	0.04832736077405895	No-PER3D	No-Essential3D
434	P	434	27.17	-2.963	46.142	NA	0.759013282732448	Inf	1.1232409825110765	0	0.04832736077405895	No-PER3D	No-Essential3D
435	E	435	26.212	-3.002	42.477	NA	0.76112165296226	Inf	-0.2979766064770447	0.2762750605615551	0.26393281384685896	No-PER3D	No-Essential3D
436	D	436	22.667	-4.012	43.44	NA	0.798636181307662	Inf	-0.1444349052697356	1.2299922077171923	0.7639072052225633	No-PER3D	No-Essential3D
437	S	437	22.375	-1.648	46.405	NA	0.762105263157895	Inf	0.5622265804245948	1.765341832605331	0.3915265537510298	No-PER3D	No-Essential3D
438	E	438	22.888	1.257	43.996	NA	0.762105263157895	Inf	-0.06480854021178695	0.7455547016657293	0.7716629105582471	No-PER3D	No-Essential3D
439	I	439	19.49	0.42	42.46	NA	0.767688451898978	Inf	-0.44908044772410993	1.0239021677468163	0.9999999999999999	No-PER3D	No-Essential3D
440	I	440	17.773	1.868	45.532	NA	0.762105263157895	Inf	0.21136309373440898	0.8990425687046467	1	No-PER3D	No-Essential3D
441	T	441	19.706	5.154	45.552	NA	0.762105263157895	Inf	0.5788065744128582	0.4615782487459816	0.2102747819098299	No-PER3D	No-Essential3D
442	N	442	19.481	5.333	41.746	NA	0.766999615827891	Inf	-0.045858637036201404	0.7455547016657293	0.7716629105582471	No-PER3D	No-Essential3D
443	M	443	15.709	5.508	42.144	NA	0.736670736670737	Inf	-0.31250367144457264	1.6224371313018295	0.34350612712877926	No-PER3D	No-Essential3D
444	A	444	16.32	9.089	43.348	NA	0.736670736670737	Inf	0.5557988962888636	1.4942175806341793	0.5574939233473678	No-PER3D	No-Essential3D
445	H	445	17.16	9.993	39.716	NA	0.811070261437908	Inf	0.3159852697655665	1.2097195599086623	0.7951728357242955	No-PER3D	No-Essential3D
446	L	446	13.474	9.368	38.929	NA	0.780709342560554	Inf	-0.0940589376274583	2.011989266321559	0.14549414555380377	No-PER3D	No-Essential3D
447	G	447	12.481	12.157	41.301	NA	0.808099308099308	Inf	0.23335680935099712	2.073768433335184	0.23918573770455395	No-PER3D	No-Essential3D
448	V	448	11.5	9.723	44.041	NA	0.777849601379013	Inf	0.37675036881020124	0.7701249327916447	0.8043625786126178	No-PER3D	No-Essential3D
449	P	449	12.734	10.549	47.513	NA	0.777157578359811	Inf	0.7778143574707858	0.37121356732542454	0.09601626039839056	No-PER3D	No-Essential3D
450	I	450	15.063	7.842	48.854	NA	0.793406593406593	Inf	1.0694286276521496	0.5408800515356357	0.3327106957173773	No-PER3D	No-Essential3D
451	V	451	17.372	9.411	51.421	NA	0.788321167883212	Inf	1.3349514669330163	0.4615782487459816	0.2102747819098299	No-PER3D	No-Essential3D
452	T	452	15.875	12.078	53.569	NA	0.755625327053898	Inf	1.293788604860101	0.10317175403677402	0.006635405962192252	No-PER3D	No-Essential3D
453	D	453	18.326	13.121	56.254	NA	0.703921568627451	Inf	1.2769095434192586	0.16095381370558498	0.057773852776470874	No-PER3D	No-Essential3D
454	S	454	16.086	16.08	57.023	NA	0.699389499389499	Inf	1.1823915741640079	0	0.007871137928000906	No-PER3D	No-Essential3D
455	T	455	12.366	16.274	57.838	NA	0.699389499389499	Inf	1.137629941962281	0	0.014731148394635827	No-PER3D	No-Essential3D
456	L	456	11.87	19.354	55.695	NA	0.755555555555556	Inf	1.0362144715771426	0	0.04832736077405895	No-PER3D	No-Essential3D
457	R	457	12.223	17.44	52.427	NA	0.764044943820225	Inf	1.1672750669475818	0	0.0042993258852535125	No-PER3D	No-Essential3D
458	R	458	9.787	14.642	53.26	NA	0.762620837808808	Inf	1.1917817581982046	0	0.002553688447562378	No-PER3D	No-Essential3D
459	R	459	6.298	14.813	51.793	NA	0.767654986522911	Inf	1.18464347954459	0	0.007871137928000906	No-PER3D	No-Essential3D
460	S	460	3.012	13.234	52.895	NA	0.726107226107226	Inf	1.204720248642411	0	0.027449144256388447	No-PER3D	No-Essential3D
461	K	461	1.541	10.131	51.33	NA	0.735537190082645	Inf	0.9854703903866942	0	0.04832736077405895	No-PER3D	No-Essential3D
462	P	462	-0.944	11.09	48.636	NA	0.806037735849057	Inf	0.6155948869507324	0	0.1603333381506027	No-PER3D	No-Essential3D
463	E	463	-4.45	9.856	49.496	NA	0.840435606060606	Inf	1.0348558354081445	0	0.2975995978383813	No-PER3D	No-Essential3D
464	R	464	-6.029	7.095	47.417	NA	0.771319934818034	Inf	-0.09479102125958276	1.7261454062353296	0.6723031485572841	No-PER3D	No-Essential3D
465	K	465	-9.39	7.261	45.641	NA	0.768398268398268	Inf	-0.1306389735051135	3.5112045185824625	0.19706180116252095	No-PER3D	No-Essential3D
466	E	466	-12.533	5.937	47.298	NA	0.80377358490566	Inf	0.20537339567321974	24.47366159464422	0.3698630136986302	No-PER3D	No-Essential3D
467	R	467	-14.015	2.975	45.506	NA	0.665413533834586	Inf	0.23032311459792562	1.708016357723378	1	No-PER3D	No-Essential3D
468	I	468	-17.016	0.767	45.978	NA	0.880597014925373	Inf	1.0894843948128499	0	1	No-PER3D	No-Essential3D
469	S	469	-14.86	-1.867	47.598	NA	0.880597014925373	Inf	0.3435971341141991	0	0.5317330652255876	No-PER3D	No-Essential3D
470	E	470	-13.919	-3.899	44.605	NA	0.657992565055762	Inf	0.001690713829319282	0	0.5317330652255876	No-PER3D	No-Essential3D
471	Q	471	-14.057	-7.44	45.893	NA	0.656133828996283	Inf	0.40656894882761796	0	0.5317330652255876	No-PER3D	No-Essential3D
472	T	472	-10.353	-8.045	46.049	NA	0.651291512915129	Inf	-0.5374271771208915	1.716966201383537	0.6277201942005097	No-PER3D	No-Essential3D
473	Y	473	-8.035	-10.851	47.192	NA	0.647058823529412	Inf	-0.5621967473274254	1.716966201383537	0.6277201942005097	No-PER3D	No-Essential3D
474	Q	474	-6.016	-10.66	50.382	NA	0.651851851851852	Inf	0.6452552221989307	0.5638486010862173	0.9999999999999999	No-PER3D	No-Essential3D
475	L	475	-2.735	-10.386	48.451	NA	0.776470588235294	Inf	0.014455146772495592	1.1421448566350463	1	No-PER3D	No-Essential3D
476	S	476	-4.05	-8.157	45.669	NA	0.517647058823529	Inf	-0.6618903426940943	4.158672500183491	0.01777956037654615	PER3D	Essential3D
477	R	477	-5.202	-5.112	47.669	NA	0.512408759124088	Inf	-0.02129258139851427	2.9450545801030508	0.14927586738367177	No-PER3D	No-Essential3D
478	W	478	-3.116	-2.5	45.794	NA	0.317934782608696	Inf	-0.5808647109680498	2.4007050800272025	0.1508702380058914	No-PER3D	No-Essential3D
479	T	479	-4.448	-0.519	42.846	NA	0.316123188405797	Inf	-0.7204280545512247	3.081562097217381	0.03393618666844146	PER3D	Essential3D
480	P	480	-2.091	1.479	40.658	NA	0.251985559566787	Inf	-1.343196109682556	3.4363930207653826	0.018365961997364875	PER3D	Essential3D
481	I	481	-2.373	5.275	40.997	NA	0.420606060606061	Inf	-1.0513250647287529	3.7224151087381214	0.023516635009354744	PER3D	Essential3D
482	I	482	-2.919	5.44	37.228	NA	0.421818181818182	Inf	-1.240027474197894	5.370740709410376	6.936338773449534e-4	PER3D	Essential3D
483	K	483	-6.425	4.037	37.795	NA	0.421818181818182	Inf	-0.8336753807497387	5.777000703942099	0.00201358372108785	PER3D	Essential3D
484	D	484	-7.201	6.966	40.109	NA	0.509489051094891	Inf	-0.5443028850413801	2.1955793503411125	0.29609182257096184	No-PER3D	No-Essential3D
485	I	485	-5.932	9.328	37.418	NA	0.507636363636364	Inf	-0.8396676663670325	2.899962881638241	0.07622236087744728	No-PER3D	No-Essential3D
486	M	486	-7.85	7.624	34.587	NA	0.510948905109489	Inf	-0.8695865664674545	2.504995227335332	0.13217252432883403	No-PER3D	No-Essential3D
487	E	487	-11.173	7.726	36.382	NA	0.428571428571429	Inf	-0.764609623790293	2.667241865318048	0.17833971420076	No-PER3D	No-Essential3D
488	D	488	-10.635	11.299	37.562	NA	0.428571428571429	Inf	-0.2792046389867272	1.13854733918147	1	No-PER3D	No-Essential3D
489	T	489	-9.847	12.585	34.072	NA	0.368697478991597	Inf	-0.6736310532223865	1.7452281200414368	0.5046948291846326	No-PER3D	No-Essential3D
490	I	490	-12.941	11.022	32.493	NA	0.573529411764706	Inf	-0.9049636753174093	1.286905395275729	0.7113806134711104	No-PER3D	No-Essential3D
491	E	491	-14.991	12.38	35.404	NA	0.573056573056573	Inf	-0.4448082778237663	2.6032959931486834	0.3614968447043628	No-PER3D	No-Essential3D
492	D	492	-13.077	15.658	34.978	NA	0.576797385620915	Inf	-0.3279441604406246	1.716966201383537	0.6277201942005097	No-PER3D	No-Essential3D
493	K	493	-11.99	15.525	38.63	NA	0.648897058823529	Inf	-0.22906352385940745	1.716966201383537	0.6277201942005097	No-PER3D	No-Essential3D
494	L	494	-8.293	15.778	37.637	NA	0.652573529411765	Inf	-0.5092413675388815	1.3796697721525903	0.7288273366485698	No-PER3D	No-Essential3D
495	D	495	-6.869	19.049	39.011	NA	0.656826568265683	Inf	-0.18497036734186423	0.8467555675738563	1	No-PER3D	No-Essential3D
496	T	496	-5.5	21.439	36.448	NA	0.652014652014652	Inf	-0.18318382084306842	0.6745666398959944	1	No-PER3D	No-Essential3D
497	K	497	-2.869	22.348	39.048	NA	0.650909090909091	Inf	-0.15248148108020174	0.6745666398959944	1	No-PER3D	No-Essential3D
498	H	498	-1.11	19.005	39.327	NA	0.589591567852437	Inf	-0.6919463663977298	2.3281144532950897	0.4277869376529228	No-PER3D	No-Essential3D
499	Y	499	-1.884	18.131	35.721	NA	0.600839160839161	Inf	-0.7551896887653416	1.3796697721525903	0.7288273366485698	No-PER3D	No-Essential3D
500	P	500	-2.134	21.265	33.6	NA	0.650909090909091	Inf	-0.5202917390987264	1.0229824983153044	1	No-PER3D	No-Essential3D
501	Y	501	-3.153	21.728	29.932	NA	0.646209386281588	Inf	-0.38916947750552633	1.0229824983153044	1	No-PER3D	No-Essential3D
502	I	502	-0.456	22.784	27.459	NA	0.685439229843562	Inf	-0.5775967507535736	0.8467555675738563	1	No-PER3D	No-Essential3D
503	S	503	-2.331	25.088	25.065	NA	0.720323741007194	Inf	-0.08120565162996311	0.5583245798304646	0.7131958297385877	No-PER3D	No-Essential3D
504	T	504	-5.341	26.392	26.947	NA	0.75327972915785	Inf	0.25346267400038375	1.13854733918147	1	No-PER3D	No-Essential3D
505	R	505	-7.42	25.075	29.816	NA	0.75327972915785	Inf	0.27687985879760213	1.13854733918147	1	No-PER3D	No-Essential3D
506	S	506	-10.679	23.275	29.5	NA	0.71830035971223	Inf	-0.03081374702611959	0.8486981248273713	0.9999999999999999	No-PER3D	No-Essential3D
507	S	507	-11.951	26.012	31.73	NA	0.774545454545455	Inf	0.9136642608108818	0	0.29923801261272437	No-PER3D	No-Essential3D
508	A	508	-11.298	28.477	28.999	NA	0.77956204379562	Inf	1.1831352001939004	0	0.29923801261272437	No-PER3D	No-Essential3D
509	S	509	-13.756	27.958	26.219	NA	0.785294117647059	Inf	1.3694849918257184	0	0.29923801261272437	No-PER3D	No-Essential3D
510	F	510	-15.319	29.792	23.341	NA	0.812728937728938	Inf	1.4086331770468428	0	0.29923801261272437	No-PER3D	No-Essential3D
511	S	511	-18.838	30.963	22.753	NA	0.811121323529412	Inf	1.551916462115899	0	0.5317330652255876	No-PER3D	No-Essential3D
512	T	512	-20.963	27.887	22.605	NA	0.816420664206642	Inf	1.5767460960853152	0	0.5317330652255876	No-PER3D	No-Essential3D
513	T	513	-24.241	26.576	23.851	NA	0.816420664206642	Inf	1.624476930340439	0.5638486010862173	0.9999999999999999	No-PER3D	No-Essential3D
514	A	514	-24.418	23.608	26.145	NA	0.803497942386832	Inf	1.6597693900416375	0.42018267679002713	0.653693203907451	No-PER3D	No-Essential3D
515	V	515	-20.991	22.45	27.096	NA	0.830409356725146	Inf	0.9695406037718668	0.3338711243975191	0.4166186916291405	No-PER3D	No-Essential3D
516	S	516	-21.723	19.225	28.851	NA	0.836606441476826	Inf	0.6886371889521785	0.23510653138030815	0.26308992735449815	No-PER3D	No-Essential3D
517	A	517	-23.811	16.145	28.4	NA	0.836606441476826	Inf	1.0242053034827665	0.23510653138030815	0.26308992735449815	No-PER3D	No-Essential3D
518	R	518	-27.53	15.595	28.382	NA	0.863432835820896	Inf	1.8191857488590826	0.2762750605615551	0.26393281384685896	No-PER3D	No-Essential3D
519	Y	519	-28.939	12.175	28.666	NA	0.866666666666667	Inf	1.8697832906056646	0.42018267679002713	0.653693203907451	No-PER3D	No-Essential3D
520	G	520	-26.396	10.86	26.205	NA	0.865055762081784	Inf	1.117084011973046	0.3338711243975191	0.4166186916291405	No-PER3D	No-Essential3D
521	H	521	-27.814	9.14	23.168	NA	0.837426900584795	Inf	1.2203217335810415	0.2042135563157996	0.15901436077469677	No-PER3D	No-Essential3D
522	W	522	-27.972	10.617	19.734	NA	0.842105263157895	Inf	1.399515500670702	0.18017767876142363	0.09565807057761606	No-PER3D	No-Essential3D
523	H	523	-30.457	11.919	17.212	NA	0.845235765994913	Inf	1.6882797285472086	0	0.08707988402798855	No-PER3D	No-Essential3D
524	K	524	-31.119	9.986	14.075	NA	0.817843866171004	Inf	1.6267979480733779	0	0.29923801261272437	No-PER3D	No-Essential3D
525	N	525	-30.529	10.941	10.484	NA	0.817843866171004	Inf	1.6096019753767121	0	0.29923801261272437	No-PER3D	No-Essential3D
526	K	526	-27.219	9.776	9.229	NA	0.769081375024277	Inf	1.6096019753767121	0	0.29923801261272437	No-PER3D	No-Essential3D
527	A	527	-28.473	7.304	11.768	NA	0.825396825396826	Inf	1.5868668980050047	0	0.29923801261272437	No-PER3D	No-Essential3D
528	P	528	-26.996	6.175	14.911	NA	0.819327731092437	Inf	1.5804726725145495	0	0.29923801261272437	No-PER3D	No-Essential3D
529	G	529	-26.082	2.578	15.446	NA	0.8140589569161	Inf	1.5804726725145495	0	0.29923801261272437	No-PER3D	No-Essential3D
530	E	530	-22.521	3.473	14.908	NA	0.780434782608696	Inf	1.5519705148097014	0	0.1603333381506027	No-PER3D	No-Essential3D
531	Y	531	-21.721	2.633	18.443	NA	0.758547829427584	Inf	0.6796977615159269	0	0.1603333381506027	No-PER3D	No-Essential3D
532	R	532	-18.092	3.143	18.168	NA	0.801383801383802	Inf	0.1698519074166052	0.2762750605615551	0.26393281384685896	No-PER3D	No-Essential3D
533	S	533	-15.244	3.968	20.571	NA	0.801383801383802	Inf	-0.46575110359562966	0.4752169831254643	0.4902769485875373	No-PER3D	No-Essential3D
534	G	534	-16.109	7.542	21.42	NA	0.767076061193708	Inf	-0.2974924186630817	0.36429406125632063	0.21951206367723716	No-PER3D	No-Essential3D
535	P	535	-13.861	9.693	23.542	NA	0.728786496350365	Inf	-0.6747562328653569	0.4128387834732865	0.3297578779398755	No-PER3D	No-Essential3D
536	R	536	-10.339	8.433	24.096	NA	0.728786496350365	Inf	-0.7767053000239773	0.6262564057701573	0.750090069650347	No-PER3D	No-Essential3D
537	L	537	-7.974	8.915	26.994	NA	0.690960207612457	Inf	-0.9644470667528011	2.4007050800272025	0.1508702380058914	No-PER3D	No-Essential3D
538	I	538	-4.398	8.448	25.91	NA	0.682475419317525	Inf	-0.9305310401355925	2.329680357291096	0.11167702181942403	No-PER3D	No-Essential3D
539	I	539	-1.757	8	28.574	NA	0.648351648351648	Inf	-1.0221349457926387	2.8117794719063216	0.030406874965683225	PER3D	Essential3D
540	F	540	1.985	8.085	28.063	NA	0.647272727272727	Inf	-0.8719217417669021	3.235923596372421	0.022844474799969233	PER3D	Essential3D
541	I	541	4.424	7.244	30.838	NA	0.613714944295044	Inf	-1.212081533676008	2.623414128679077	0.06723791200414893	No-PER3D	No-Essential3D
542	L	542	8.067	8.245	30.567	NA	0.648351648351648	Inf	-0.45804165430075783	1.7977920196027242	0.22958522096176134	No-PER3D	No-Essential3D
543	G	543	10.207	5.421	31.869	NA	0.648351648351648	Inf	-0.8569700891193807	2.9253736032785675	0.03952918323067777	PER3D	Essential3D
544	G	544	8.067	2.354	31.215	NA	0.648897058823529	Inf	-1.4618878689690733	2.9253736032785675	0.03952918323067777	PER3D	Essential3D
545	V	545	4.562	1.068	31.913	NA	0.614716735402648	Inf	-1.722280703190384	4.940225868510106	2.1042138706472228e-4	PER3D	Essential3D
546	S	546	3.958	-1.972	34.129	NA	0.587064676616915	Inf	-2.3312426147040735	6.08071426627012	6.082001420112047e-5	PER3D	Essential3D
547	L	547	1.479	-4.759	33.371	NA	0.588723051409619	Inf	-2.4963265647476494	13.119421576213867	5.5246702669756915e-8	PER3D	Essential3D
548	N	548	-0.82	-3.883	36.269	NA	0.589263420724095	Inf	-2.452148507314022	9.807263387269824	5.920050316859218e-7	PER3D	Essential3D
549	E	549	-1.14	-0.353	34.857	NA	0.580056179775281	Inf	-1.888310460798949	8.629310923990404	4.038971122279788e-6	PER3D	Essential3D
550	M	550	-1.941	-1.864	31.469	NA	0.580056179775281	Inf	-1.5119979081873738	11.587111517163343	4.251919612485618e-7	PER3D	Essential3D
551	R	551	-4.676	-3.943	33.087	NA	0.6181592039801	Inf	-1.7965630460412376	6.228679077386059	7.781771429098005e-5	PER3D	Essential3D
552	C	552	-6.2	-0.725	34.509	NA	0.568773234200743	Inf	-1.3904674616926036	5.992656378229476	3.9822401202927127e-4	PER3D	Essential3D
553	A	553	-6.65	0.806	31.052	NA	0.568773234200743	Inf	-0.9372187585346872	4.2233730146108	0.0021234204495194225	PER3D	Essential3D
554	Y	554	-8.923	-2.121	30.207	NA	0.534831460674157	Inf	-1.0361501585785022	3.5553739547232444	0.013066493196651603	PER3D	Essential3D
555	E	555	-10.568	-2.096	33.632	NA	0.501404494382023	Inf	-1.1920593785183085	4.591811054737159	0.006937021234392071	PER3D	Essential3D
556	V	556	-11.561	1.56	33.299	NA	0.498134328358209	Inf	-1.0386431853264422	2.9253736032785675	0.03952918323067777	PER3D	Essential3D
557	T	557	-12.704	1.171	29.689	NA	0.465777389022524	Inf	-0.7468042111177446	2.04382261048795	0.26670884998833033	No-PER3D	No-Essential3D
558	Q	558	-14.898	-1.756	30.664	NA	0.353233830845771	Inf	-1.0265668814674032	3.151273987224949	0.10439883978200315	No-PER3D	No-Essential3D
559	A	559	-16.38	-0.025	33.678	NA	0.355889724310777	Inf	-1.0861936919973354	1.286905395275729	0.7113806134711104	No-PER3D	No-Essential3D
560	N	560	-16.954	3.313	31.958	NA	0.37988228999465	Inf	-0.7042926164154449	0.9722940467071081	1	No-PER3D	No-Essential3D
561	G	561	-18.472	1.906	28.78	NA	0.412191582002903	Inf	-0.5197802071119112	0.5583245798304646	0.7131958297385877	No-PER3D	No-Essential3D
562	K	562	-18.223	5.087	26.681	NA	0.415326118748172	Inf	-0.3950765967955917	0.23510653138030815	0.26308992735449815	No-PER3D	No-Essential3D
563	W	563	-14.52	6.038	26.874	NA	0.412587412587413	Inf	-0.7252229450587213	0.7208142574684466	0.7481968126022434	No-PER3D	No-Essential3D
564	E	564	-11.582	4.052	25.515	NA	0.307402031930334	Inf	-0.7921996152622949	1.2299922077171923	0.7639072052225633	No-PER3D	No-Essential3D
565	V	565	-8.359	4.301	27.506	NA	0.308566433566434	Inf	-0.8979352807956985	2.541947126820985	0.07897034694960466	No-PER3D	No-Essential3D
566	L	566	-5.037	3.762	25.734	NA	0.2843716433942	Inf	-0.7094142925276575	5.511896342186628	8.707248648988593e-4	PER3D	Essential3D
567	I	567	-1.85	3.412	27.768	NA	0.284636118598383	Inf	-0.9343215003880491	4.607635087331018	4.455186622065313e-4	PER3D	Essential3D
568	G	568	1.703	3.407	26.521	NA	0.305378831694621	Inf	-0.9320424772175446	5.792875667913856	1.7662982475806754e-4	PER3D	Essential3D
569	S	569	5.342	4.102	27.218	NA	0.240601503759399	Inf	-0.8583473751428746	4.591811054737159	0.006937021234392071	PER3D	Essential3D
570	T	570	8.836	3.9	25.798	NA	0.240601503759399	Inf	-0.4659332625493591	1.7977920196027242	0.22958522096176134	No-PER3D	No-Essential3D
571	H	571	8.818	0.224	26.788	NA	0.241735537190083	Inf	-1.1720566155577887	3.7224151087381214	0.023516635009354744	PER3D	Essential3D
572	I	572	6.889	-2.426	28.761	NA	0.24082332761578	Inf	-1.606514302000766	4.562863257682991	0.002609582796115824	PER3D	Essential3D
573	L	573	8.203	-3.11	32.254	NA	0.220551378446115	Inf	-2.12494806877017	3.081562097217381	0.03393618666844146	PER3D	Essential3D
574	T	574	8.586	-6.088	34.557	NA	0.119402985074627	Inf	-2.799868552754114	11.701179804252655	1.6486367032714835e-4	PER3D	Essential3D
575	P	575	10	-5.484	38.019	NA	0.11970853573907	Inf	-2.632703799914741	8.517343790865123	2.3484626754457258e-4	PER3D	Essential3D
576	Q	576	13.23	-7.104	36.88	NA	0.132156862745098	Inf	-2.3989144488043745	6.377444979636128	0.013897488429421437	PER3D	Essential3D
577	K	577	13.593	-4.835	33.867	NA	0.14636323070058	Inf	-2.249651583667353	7.0547619676406725	0.06365602424143266	No-PER3D	No-Essential3D
578	L	578	12.999	-1.771	36.034	NA	0.14586191129401	Inf	-1.893216691443136	7.00696346667488	0.0013509517009786826	PER3D	Essential3D
579	L	579	15.62	-2.847	38.561	NA	0.146421845574388	Inf	-1.2933420401735263	4.158672500183491	0.01777956037654615	PER3D	Essential3D
580	D	580	18.066	-3.778	35.792	NA	0.145893719806763	Inf	-1.3514975389627788	0.6745666398959944	1	No-PER3D	No-Essential3D
581	T	581	17.769	-0.354	34.101	NA	0.146646646646647	Inf	-0.8497780380296321	2.504995227335332	0.13217252432883403	No-PER3D	No-Essential3D
582	L	582	18.172	1.409	37.476	NA	0.145929339477727	Inf	-0.4149207383700547	2.329680357291096	0.11167702181942403	No-PER3D	No-Essential3D
583	K	583	21.412	-0.513	38.075	NA	0.146560846560847	Inf	-0.6373636794338277	0.6262564057701573	0.750090069650347	No-PER3D	No-Essential3D
584	K	584	22.962	1.123	34.992	NA	0.147783251231527	Inf	-0.5044944159582399	0.6262564057701573	0.750090069650347	No-PER3D	No-Essential3D
585	L	585	21.873	4.697	35.668	NA	0.167091836734694	Inf	-0.07804974319031129	0.4937445496204192	0.38086676001328934	No-PER3D	No-Essential3D
586	N	586	25.208	5.68	37.37	NA	0.190225563909774	Inf	-0.10231992148990215	0.4937445496204192	0.38086676001328934	No-PER3D	No-Essential3D
587	K	587	27.29	3.452	35.124	NA	0.188416988416988	Inf	-0.6867696643157285	0.42018267679002713	0.653693203907451	No-PER3D	No-Essential3D
588	T	588	29.899	4.702	32.683	NA	0.264044943820225	Inf	-1.100207524903363	0	0.29923801261272437	No-PER3D	No-Essential3D
589	D	589	28.815	4.56	29.071	NA	0.26242774566474	Inf	-0.7068046898080773	0	0.29923801261272437	No-PER3D	No-Essential3D
590	E	590	32.122	3.01	28.13	NA	0.261077844311377	Inf	-2.16545485822817	0	0.5317330652255876	No-PER3D	No-Essential3D
591	E	591	31.417	-0.699	28.161	NA	0.259627329192547	Inf	-2.755261342023624	0	0.5317330652255876	No-PER3D	No-Essential3D
592	I	592	28.187	-0.372	30.078	NA	0.261437908496732	Inf	-2.590778043911752	0	0.2975995978383813	No-PER3D	No-Essential3D
