Uniprot_position	aminoacid	Position_in_structure	x	y	z	paraz	mtr	paraz3dscore	mtr3dscore	PER3D_OR	PER3D_pvalue	PER3D	Essential3D
1	M	1	0.156	-1.205	-11.246	NA	0.835820895522388	Inf	0.21134197995773876	0	1	No-PER3D	No-Essential3D
2	N	2	0.57	-2.59	-14.695	NA	0.837525150905433	Inf	0.7560352766153746	0	1	No-PER3D	No-Essential3D
3	L	3	1.256	0.895	-15.887	NA	0.84402332361516	Inf	0.7560352766153746	0	1	No-PER3D	No-Essential3D
4	L	4	4.329	2.332	-14.299	NA	0.87012987012987	Inf	0.3161728434439424	0	1	No-PER3D	No-Essential3D
5	P	5	3.86	5.951	-13.47	NA	0.864197530864198	Inf	-0.039487143534693146	0	1	No-PER3D	No-Essential3D
6	C	6	7.582	6.567	-13.415	NA	0.814732142857143	Inf	0.5983992074206698	0	1	No-PER3D	No-Essential3D
7	N	7	9.284	9.715	-12.241	NA	0.810714285714286	Inf	0.5012120591471901	0	1	No-PER3D	No-Essential3D
8	P	8	9.618	13.117	-13.788	NA	0.814917127071823	Inf	0.5390099336499764	0	1	No-PER3D	No-Essential3D
9	H	9	13.291	12.647	-14.653	NA	0.805921052631579	Inf	0.4352356899433509	0	1	No-PER3D	No-Essential3D
10	G	10	13.128	8.914	-15.279	NA	0.80266497461929	Inf	0.4011284275100824	0	1	No-PER3D	No-Essential3D
11	N	11	15.573	8.578	-12.385	NA	0.807188703465982	Inf	0.34280342547196635	0	1	No-PER3D	No-Essential3D
12	G	12	13.007	7.241	-9.914	NA	0.81203007518797	Inf	0.7646876628778326	0	1	No-PER3D	No-Essential3D
13	L	13	13.198	10.233	-7.576	NA	0.767889908256881	Inf	0.5871415581947879	0	1	No-PER3D	No-Essential3D
14	L	14	9.717	11.17	-6.329	NA	0.775675675675676	Inf	0.23513379471956491	0	1	No-PER3D	No-Essential3D
15	Y	15	10.491	13.49	-3.42	NA	0.767145135566188	Inf	0.3600771372651247	0	1	No-PER3D	No-Essential3D
16	A	16	13.344	15.352	-1.781	NA	0.765151515151515	Inf	0.7047359168147419	0	1	No-PER3D	No-Essential3D
17	G	17	13.367	17.333	1.439	NA	0.7618332081142	Inf	0.8301417248019466	0	1	No-PER3D	No-Essential3D
18	F	18	15.554	18.526	4.295	NA	0.823680351906159	Inf	0.8407264127798854	0	1	No-PER3D	No-Essential3D
19	N	19	15.363	17.803	8.007	NA	0.8203125	Inf	-0.005655447201385321	0	1	No-PER3D	No-Essential3D
20	Q	20	14.91	20.661	10.457	NA	0.882199861207495	Inf	-0.13626110424016522	0	1	No-PER3D	No-Essential3D
21	D	21	18.505	21.965	10.526	NA	0.906692721055203	Inf	0.2870372123835395	0	1	No-PER3D	No-Essential3D
22	H	22	19.034	20.972	6.882	NA	0.885865958858659	Inf	0.7149521499369527	0	1	No-PER3D	No-Essential3D
23	G	23	22.017	18.872	7.902	NA	0.961140308966396	Inf	1.1818141856198527	0	1	No-PER3D	No-Essential3D
24	C	24	20.452	15.919	6.121	NA	0.968978102189781	Inf	1.2878733886283829	0	1	No-PER3D	No-Essential3D
25	F	25	18.155	15.47	3.169	NA	0.972028985507246	Inf	1.1007933145943283	0	1	No-PER3D	No-Essential3D
26	A	26	16.122	12.482	2.133	NA	0.928630935851152	Inf	0.922213930303605	0	1	No-PER3D	No-Essential3D
27	C	27	14.781	11.356	-1.185	NA	0.965776173285198	Inf	0.924153777548795	0	1	No-PER3D	No-Essential3D
28	G	28	11.68	9.299	-1.743	NA	0.924901185770751	Inf	0.5431540019320845	0	1	No-PER3D	No-Essential3D
29	M	29	12.233	6.922	-4.619	NA	0.918247220405494	Inf	0.7057745438078302	0	1	No-PER3D	No-Essential3D
30	E	30	10.138	4.521	-6.614	NA	0.957272727272727	Inf	0.7409159568289948	0	1	No-PER3D	No-Essential3D
31	N	31	12.174	1.744	-4.943	NA	0.951086956521739	Inf	1.2379496733260973	0	1	No-PER3D	No-Essential3D
32	G	32	12.404	3.124	-1.406	NA	0.971575091575092	Inf	0.9713182521950627	0	1	No-PER3D	No-Essential3D
33	F	33	14.185	6.012	0.261	NA	0.988636363636363	Inf	0.7302788753951737	0	1	No-PER3D	No-Essential3D
34	R	34	17.677	7.448	0.57	NA	0.985014985014985	Inf	1.1872792239084136	0	1	No-PER3D	No-Essential3D
35	V	35	19.202	9.734	3.175	NA	0.971219256933543	Inf	1.3295339476951626	0	1	No-PER3D	No-Essential3D
36	Y	36	22.212	11.969	2.7	NA	0.983471074380165	Inf	1.486619731576736	0	1	No-PER3D	No-Essential3D
37	N	37	24.3	14.223	4.842	NA	1.03030303030303	Inf	1.5340062959528753	0	1	No-PER3D	No-Essential3D
38	T	38	23.847	17.62	3.247	NA	1.0236369910283	Inf	1.0746610936531646	0	1	No-PER3D	No-Essential3D
39	D	39	27.294	19.141	3.612	NA	1.01994155062747	Inf	0.9829029982434597	0	1	No-PER3D	No-Essential3D
40	P	40	29.64	17.548	3.123	NA	0.978599867285999	Inf	1.0872016677711838	0	1	No-PER3D	No-Essential3D
41	L	41	27.496	15.421	0.868	NA	0.949090909090909	Inf	1.0042715443115318	0	1	No-PER3D	No-Essential3D
42	K	42	27.513	11.805	1.98	NA	0.997611084567606	Inf	1.592604733975957	0	1	No-PER3D	No-Essential3D
43	E	43	25.137	8.911	1.5	NA	0.998401534526854	Inf	1.7593056775905058	0	1	No-PER3D	No-Essential3D
44	K	44	23.934	7.831	4.931	NA	1.03537190082645	Inf	2.004182936389809	0	1	No-PER3D	No-Essential3D
45	E	45	21.292	5.23	4.153	NA	0.991113932085053	Inf	1.799704289400252	0	1	No-PER3D	No-Essential3D
46	K	46	19.828	3.573	1.105	NA	1.0305745914602	Inf	1.8663955675208515	0	1	No-PER3D	No-Essential3D
47	Q	47	16.731	1.392	1.093	NA	1.05166051660517	Inf	1.727320988227446	0	1	No-PER3D	No-Essential3D
48	E	48	16.111	0.242	-2.488	NA	1.01239157372986	Inf	1.9914921370485439	0	1	No-PER3D	No-Essential3D
49	F	49	13.956	-2.808	-1.659	NA	1.00080814611282	Inf	2.1122391499842204	0	1	No-PER3D	No-Essential3D
50	L	50	10.75	-1.231	-0.297	NA	0.955867930696306	Inf	0.7314818684718453	0	1	No-PER3D	No-Essential3D
51	E	51	7.806	-2.381	-2.36	NA	0.946826758147513	Inf	0.8669621853287892	0	1	No-PER3D	No-Essential3D
52	G	52	5.639	0.473	-3.558	NA	0.937840785169029	Inf	0.13300114265941698	0	1	No-PER3D	No-Essential3D
53	G	53	8.37	3.064	-3.027	NA	0.888429752066116	Inf	0.32820510287425436	0	1	No-PER3D	No-Essential3D
54	V	54	8.162	6.223	-0.951	NA	0.847718631178707	Inf	-0.07799703352432587	0	1	No-PER3D	No-Essential3D
55	G	55	6.64	9.531	-2.098	NA	0.819860973187686	Inf	-0.3125048992685458	0	1	No-PER3D	No-Essential3D
56	H	56	7.364	11.597	1.016	NA	0.716374269005848	Inf	-0.5492182056585727	0	1	No-PER3D	No-Essential3D
57	V	57	9.988	11.253	3.729	NA	0.758513931888545	Inf	-0.2570844491645738	0	1	No-PER3D	No-Essential3D
58	E	58	10.146	13.118	7.027	NA	0.764260249554367	Inf	-0.45140458281559487	0	1	No-PER3D	No-Essential3D
59	M	59	13.197	12.811	9.241	NA	0.764260249554367	Inf	-0.2266190703914444	0	1	No-PER3D	No-Essential3D
60	L	60	13.355	12.816	13.017	NA	0.721801346801347	Inf	-0.5963775278468519	0	1	No-PER3D	No-Essential3D
61	F	61	16.88	11.495	13.555	NA	0.645283018867925	Inf	0.03352614683373329	0	1	No-PER3D	No-Essential3D
62	R	62	16.964	12.856	17.074	NA	0.642857142857143	Inf	-0.6482214120836574	0	1	No-PER3D	No-Essential3D
63	C	63	14.527	10.047	17.9	NA	0.59726368159204	Inf	-1.3162056021953044	0	1	No-PER3D	No-Essential3D
64	N	64	16.004	7.718	15.278	NA	0.599004975124378	Inf	-1.1713180124797662	0	1	No-PER3D	No-Essential3D
65	Y	65	12.713	7.696	13.364	NA	0.559934701492537	Inf	-1.2078261373001218	0	1	No-PER3D	No-Essential3D
66	L	66	11.581	8.527	9.848	NA	0.559479553903346	Inf	-0.4830915224648467	0	1	No-PER3D	No-Essential3D
67	A	67	8.043	8.842	8.542	NA	0.511111111111111	Inf	-1.0608238977120366	0	1	No-PER3D	No-Essential3D
68	L	68	7.407	7.444	5.098	NA	0.516417910447761	Inf	-0.6326400882955409	0	1	No-PER3D	No-Essential3D
69	V	69	4.479	7.827	2.773	NA	0.516417910447761	Inf	-0.8157003447157148	0	1	No-PER3D	No-Essential3D
70	G	70	4.135	4.825	0.51	NA	0.51685393258427	Inf	-0.6034240683831621	0	1	No-PER3D	No-Essential3D
71	G	71	4.19	5.395	-3.256	NA	0.548061603823686	Inf	-0.4853288798166058	0	1	No-PER3D	No-Essential3D
72	G	72	0.504	4.32	-3.442	NA	0.536380597014925	Inf	-1.1388063389290295	0	1	No-PER3D	No-Essential3D
73	K	73	-0.93	7.961	-3.308	NA	0.385873605947955	Inf	-1.5625118623689414	0	1	No-PER3D	No-Essential3D
74	K	74	-4.467	9.029	-4.492	NA	0.384132841328413	Inf	-2.2508578264716474	0	1	No-PER3D	No-Essential3D
75	P	75	-5.45	12.402	-2.872	NA	0.381617647058824	Inf	-2.209694834300241	0	1	No-PER3D	No-Essential3D
76	K	76	-6.165	13.085	1.036	NA	0.506959706959707	Inf	-2.0797295906558766	0	1	No-PER3D	No-Essential3D
77	Y	77	-4.632	10.089	3.434	NA	0.634191176470588	Inf	-2.0658036843809717	0	1	No-PER3D	No-Essential3D
78	P	78	-0.84	8.644	2.972	NA	0.457863304578633	Inf	-1.7632083261762168	0	1	No-PER3D	No-Essential3D
79	P	79	-0.061	7.062	-0.502	NA	0.633699633699634	Inf	-1.548795000422444	0	1	No-PER3D	No-Essential3D
80	N	80	-2.691	5.755	1.615	NA	0.640740740740741	Inf	-1.6645502451966303	0	1	No-PER3D	No-Essential3D
81	K	81	-0.189	4.411	4.181	NA	0.744178921568628	Inf	-1.5305197612857242	0	1	No-PER3D	No-Essential3D
82	V	82	2.052	6.24	6.627	NA	0.790883190883191	Inf	-1.3302649539133702	0	1	No-PER3D	No-Essential3D
83	M	83	4.862	4.124	7.92	NA	0.785694010786262	Inf	-1.0876247960496401	0	1	No-PER3D	No-Essential3D
84	I	84	6.993	4.996	10.902	NA	0.790883190883191	Inf	-1.2704421309700484	0	1	No-PER3D	No-Essential3D
85	W	85	10.475	3.716	10.241	NA	0.796785304247991	Inf	-0.6820682687059854	0	1	No-PER3D	No-Essential3D
86	D	86	12.701	2.826	13.155	NA	0.796110952244781	Inf	-1.1938389223783779	0	1	No-PER3D	No-Essential3D
87	D	87	16.141	3.698	11.858	NA	0.867410161090458	Inf	-0.21146145212425177	0	1	No-PER3D	No-Essential3D
88	L	88	17.893	1.53	14.415	NA	0.870646766169154	Inf	-0.894987655437933	0	1	No-PER3D	No-Essential3D
89	K	89	15.751	-1.536	13.685	NA	0.76685393258427	Inf	-0.8890313189219465	0	1	No-PER3D	No-Essential3D
90	K	90	15.625	-0.553	10.04	NA	0.652416356877323	Inf	0.14775270823462838	0	1	No-PER3D	No-Essential3D
91	K	91	11.995	-1.551	9.745	NA	0.693928128872367	Inf	-0.5558039478998563	0	1	No-PER3D	No-Essential3D
92	T	92	8.52	-0.071	9.916	NA	0.691358024691358	Inf	-1.0055776759571255	0	1	No-PER3D	No-Essential3D
93	V	93	7.297	-0.187	13.498	NA	0.728551660516605	Inf	-1.0241802877511337	0	1	No-PER3D	No-Essential3D
94	I	94	4.001	1.658	13.035	NA	0.733333333333333	Inf	-1.2476623329204783	0	1	No-PER3D	No-Essential3D
95	E	95	1.676	1.961	10.116	NA	0.738150557620818	Inf	-1.4363405725318301	0	1	No-PER3D	No-Essential3D
96	I	96	-1.431	4.035	9.759	NA	0.785130111524164	Inf	-1.300589479468829	0	1	No-PER3D	No-Essential3D
97	E	97	-3.72	3.503	6.798	NA	0.784444444444445	Inf	-1.6130889359610803	0	1	No-PER3D	No-Essential3D
98	F	98	-5.939	6.177	5.549	NA	0.821759259259259	Inf	-1.9585471408658426	0	1	No-PER3D	No-Essential3D
99	S	99	-8.949	6.426	3.162	NA	0.812728937728938	Inf	-1.956107397754552	0	1	No-PER3D	No-Essential3D
100	T	100	-7.679	9.3	1.003	NA	0.809762773722628	Inf	-2.062558908338399	0	1	No-PER3D	No-Essential3D
101	E	101	-3.998	10.279	-0.218	NA	0.762766645119586	Inf	-2.059089841741234	0	1	No-PER3D	No-Essential3D
102	V	102	-1.537	11.744	2.171	NA	0.767733564013841	Inf	-1.9125183899253138	0	1	No-PER3D	No-Essential3D
103	K	103	0.234	14.711	1.007	NA	0.762129669386003	Inf	-1.8568826430367824	0	1	No-PER3D	No-Essential3D
104	A	104	2.757	14.95	3.819	NA	0.770566529194704	Inf	-1.66448706928359	0	1	No-PER3D	No-Essential3D
105	V	105	3.742	13.744	7.261	NA	0.725081699346405	Inf	-1.5700707772677676	0	1	No-PER3D	No-Essential3D
106	K	106	5.471	15.686	10.028	NA	0.724538745387454	Inf	-1.3547181455066695	0	1	No-PER3D	No-Essential3D
107	L	107	6.966	14.304	13.206	NA	0.718550821871855	Inf	-1.3062090525102568	0	1	No-PER3D	No-Essential3D
108	R	108	7.928	15.514	16.645	NA	0.658671586715867	Inf	-1.2362312474202912	0	1	No-PER3D	No-Essential3D
109	R	109	8.929	13.4	19.612	NA	0.690789473684211	Inf	-1.450123273945223	0	1	No-PER3D	No-Essential3D
110	D	110	5.344	13.314	20.904	NA	0.617108381814264	Inf	-1.2020132716740324	0	1	No-PER3D	No-Essential3D
111	R	111	3.187	13.69	17.809	NA	0.617108381814264	Inf	-1.2332089747317743	0	1	No-PER3D	No-Essential3D
112	I	112	2.572	12.274	14.349	NA	0.575827205882353	Inf	-1.3132109813081487	0	1	No-PER3D	No-Essential3D
113	V	113	0.969	14.779	12.012	NA	0.571624087591241	Inf	-1.4669288410582888	0	1	No-PER3D	No-Essential3D
114	V	114	-0.65	13.537	8.816	NA	0.571624087591241	Inf	-1.531768787433367	0	1	No-PER3D	No-Essential3D
115	V	115	-1.508	15.997	6.071	NA	0.607515151515151	Inf	-1.7219633883099354	0	1	No-PER3D	No-Essential3D
116	L	116	-4.478	15.082	3.886	NA	0.607515151515151	Inf	-1.884756331410219	0	1	No-PER3D	No-Essential3D
117	D	117	-5.875	16.981	0.947	NA	0.571624087591241	Inf	-1.9867266534152275	0	1	No-PER3D	No-Essential3D
118	S	118	-8.424	18.877	3.038	NA	0.537999141262344	Inf	-1.8027553175038535	0	1	No-PER3D	No-Essential3D
119	M	119	-7.446	18.193	6.612	NA	0.581699346405229	Inf	-1.814736974229471	0	1	No-PER3D	No-Essential3D
120	I	120	-4.589	17.535	8.996	NA	0.577453365774534	Inf	-1.518717961393747	0	1	No-PER3D	No-Essential3D
121	K	121	-4.858	14.794	11.559	NA	0.687848862172606	Inf	-1.5939668852803306	0	1	No-PER3D	No-Essential3D
122	V	122	-2.709	14.746	14.678	NA	0.730839416058394	Inf	-1.388447450798957	0	1	No-PER3D	No-Essential3D
123	F	123	-1.941	11.518	16.465	NA	0.730839416058394	Inf	-1.3980888714776096	0	1	No-PER3D	No-Essential3D
124	T	124	-0.012	10.477	19.518	NA	0.735576923076923	Inf	-1.3595073335149104	0	1	No-PER3D	No-Essential3D
125	F	125	3.357	8.977	18.74	NA	0.687848862172606	Inf	-1.4298969516728797	0	1	No-PER3D	No-Essential3D
126	T	126	2.555	5.616	20.232	NA	0.721816707218167	Inf	-1.173781525042307	0	1	No-PER3D	No-Essential3D
127	H	127	2.678	2.015	19.144	NA	0.726495726495727	Inf	-0.9456223866717727	0	1	No-PER3D	No-Essential3D
128	N	128	-1	2.47	18.504	NA	0.719191919191919	Inf	-1.066393514807975	0	1	No-PER3D	No-Essential3D
129	P	129	-1.485	6.029	17.437	NA	0.682864450127877	Inf	-1.1665959212607717	0	1	No-PER3D	No-Essential3D
130	H	130	-4.563	7.728	18.826	NA	0.675	Inf	-1.379433974240993	0	1	No-PER3D	No-Essential3D
131	Q	131	-6.139	10.565	16.875	NA	0.675	Inf	-1.5541459165803768	0	1	No-PER3D	No-Essential3D
132	L	132	-6.052	13.715	19.008	NA	0.672090112640801	Inf	-1.4290461872644311	0	1	No-PER3D	No-Essential3D
133	H	133	-7.162	16.432	16.603	NA	0.669715235917689	Inf	-1.3659078315299362	0	1	No-PER3D	No-Essential3D
134	V	134	-8.462	17.14	13.136	NA	0.669715235917689	Inf	-1.6062692627318766	0	1	No-PER3D	No-Essential3D
135	F	135	-7.982	20.525	11.543	NA	0.665798772549749	Inf	-1.3511446592774936	0	1	No-PER3D	No-Essential3D
136	E	136	-9.759	21.447	8.355	NA	0.66815976110489	Inf	-1.6295921007757432	0	1	No-PER3D	No-Essential3D
137	T	137	-7.693	23.148	5.694	NA	0.707249802994484	Inf	-1.4651154671949829	0	1	No-PER3D	No-Essential3D
138	C	138	-8.247	24.509	2.239	NA	0.636524822695035	Inf	-1.5374248380581126	0	1	No-PER3D	No-Essential3D
139	Y	139	-7.459	22.097	-0.537	NA	0.636524822695035	Inf	-1.783025582772266	0	1	No-PER3D	No-Essential3D
140	N	140	-3.787	21.435	-0.013	NA	0.64336917562724	Inf	-1.454396530978928	0	1	No-PER3D	No-Essential3D
141	P	141	-2.361	19.419	-2.868	NA	0.611700113593336	Inf	-1.5972019160906716	0	1	No-PER3D	No-Essential3D
142	K	142	1.204	20.379	-1.956	NA	0.611205432937182	Inf	-0.9492034740180779	0	1	No-PER3D	No-Essential3D
143	G	143	0.766	19.198	1.61	NA	0.645161290322581	Inf	-1.5392923332616908	0	1	No-PER3D	No-Essential3D
144	L	144	1.856	22.52	3.054	NA	0.649819494584838	Inf	-1.1233668590062467	0	1	No-PER3D	No-Essential3D
145	C	145	2.384	22.236	6.788	NA	0.645161290322581	Inf	-1.2358525642336537	0	1	No-PER3D	No-Essential3D
146	V	146	5.175	23.073	9.209	NA	0.649819494584838	Inf	-0.9978743454303074	0	1	No-PER3D	No-Essential3D
147	L	147	5.67	21.464	12.603	NA	0.671510791366907	Inf	-1.0272998972650331	0	1	No-PER3D	No-Essential3D
148	C	148	8.263	22.665	15.072	NA	0.722624798711755	Inf	-0.907804366247829	0	1	No-PER3D	No-Essential3D
149	P	149	10.116	19.75	16.612	NA	0.755895564289725	Inf	-0.9679080285343993	0	1	No-PER3D	No-Essential3D
150	N	150	11.667	21.8	19.412	NA	0.743271221532091	Inf	-0.8954752036283674	0	1	No-PER3D	No-Essential3D
151	S	151	11.01	20.5	22.896	NA	0.751439037153323	Inf	-0.9761717033213627	0	1	No-PER3D	No-Essential3D
152	N	152	9.77	23.911	23.972	NA	0.756302521008403	Inf	-0.7608825232011418	0	1	No-PER3D	No-Essential3D
153	N	153	7.775	24.823	20.868	NA	0.731954582319546	Inf	-0.7824647348022207	0	1	No-PER3D	No-Essential3D
154	S	154	5.088	22.574	19.435	NA	0.73733660130719	Inf	-0.8979009729808756	0	1	No-PER3D	No-Essential3D
155	L	155	3.864	24.994	16.798	NA	0.732600732600733	Inf	-0.7590414725621331	0	1	No-PER3D	No-Essential3D
156	L	156	1.767	23.567	13.995	NA	0.761453619909502	Inf	-1.0191537112590183	0	1	No-PER3D	No-Essential3D
157	A	157	1	25.827	11.063	NA	0.715299460686915	Inf	-0.8639085214009863	0	1	No-PER3D	No-Essential3D
158	F	158	-0.961	25.069	7.926	NA	0.715299460686915	Inf	-1.1632239822099169	0	1	No-PER3D	No-Essential3D
159	P	159	-3.14	26.66	5.303	NA	0.716269841269841	Inf	-1.0591247147476006	0	1	No-PER3D	No-Essential3D
160	G	160	-6.481	27.721	6.691	NA	0.714942226890756	Inf	-0.8830963471972864	0	1	No-PER3D	No-Essential3D
161	T	161	-9.821	27.165	5.022	NA	0.717580390089615	Inf	-1.1077068066386702	0	1	No-PER3D	No-Essential3D
162	H	162	-9.838	30.743	3.807	NA	0.739025321287696	Inf	-0.7161510280346232	0	1	No-PER3D	No-Essential3D
163	T	163	-7.625	31.251	0.801	NA	0.743805874840358	Inf	-0.44799261480525	0	1	No-PER3D	No-Essential3D
164	G	164	-4.283	32.796	1.628	NA	0.758333333333333	Inf	-0.39420286834163054	0	1	No-PER3D	No-Essential3D
165	H	165	-4.641	32.346	5.369	NA	0.753479853479853	Inf	-0.39091107231634903	0	1	No-PER3D	No-Essential3D
166	V	166	-2.296	30.522	7.701	NA	0.764705882352941	Inf	-0.39413493067896466	0	1	No-PER3D	No-Essential3D
167	Q	167	-3.521	28.855	10.884	NA	0.847549019607843	Inf	-0.5960185012666068	0	1	No-PER3D	No-Essential3D
168	L	168	-1.132	28.524	13.783	NA	0.80590405904059	Inf	-0.4292030426302094	0	1	No-PER3D	No-Essential3D
169	V	169	-1.81	26.058	16.535	NA	0.805147058823529	Inf	-0.4513382455626792	0	1	No-PER3D	No-Essential3D
170	D	170	0.1	25.196	19.685	NA	0.791666666666667	Inf	-0.33863933765690607	0	1	No-PER3D	No-Essential3D
171	L	171	-0.026	21.444	20.053	NA	0.802941176470588	Inf	-0.7709368312887973	0	1	No-PER3D	No-Essential3D
172	A	172	1.127	21.929	23.633	NA	0.836781609195402	Inf	-0.5395180789238775	0	1	No-PER3D	No-Essential3D
173	S	173	-1.876	24.061	24.57	NA	0.814925373134328	Inf	-0.0167447008672232	0	1	No-PER3D	No-Essential3D
174	T	174	-4.824	23.099	22.428	NA	0.796191456510551	Inf	-0.3226250468260234	0	1	No-PER3D	No-Essential3D
175	E	175	-7.364	25.1	24.382	NA	0.807879040088778	Inf	0.07586630777443544	0	1	No-PER3D	No-Essential3D
176	K	176	-6.017	28.486	23.432	NA	0.822361407249467	Inf	0.15602817196348986	0	1	No-PER3D	No-Essential3D
177	P	177	-7.441	29.752	20.211	NA	0.800442233278054	Inf	0.13276068009653752	0	1	No-PER3D	No-Essential3D
178	P	178	-5.433	29.415	17.059	NA	0.779276693455798	Inf	-0.056459098709388846	0	1	No-PER3D	No-Essential3D
179	V	179	-3.883	32.405	15.387	NA	0.767080745341615	Inf	-0.004270775980126831	0	1	No-PER3D	No-Essential3D
180	D	180	-5.216	33.21	11.963	NA	0.764207783748575	Inf	-0.08384057420028988	0	1	No-PER3D	No-Essential3D
181	I	181	-2.835	35.097	9.718	NA	0.798944501191692	Inf	-0.065303644648891	0	1	No-PER3D	No-Essential3D
182	P	182	-4.166	36.639	6.55	NA	0.836989477438916	Inf	-0.005369440289379702	0	1	No-PER3D	No-Essential3D
183	A	183	-0.818	36.068	4.905	NA	0.778436657681941	Inf	0.11492730580551264	0	1	No-PER3D	No-Essential3D
184	H	184	-1.713	36.579	1.279	NA	0.778436657681941	Inf	0.10581993451655458	0	1	No-PER3D	No-Essential3D
185	E	185	-4.608	37.345	-1.012	NA	0.799726589200273	Inf	0.15229094913769434	0	1	No-PER3D	No-Essential3D
186	G	186	-3.855	34.364	-3.228	NA	0.774123989218329	Inf	0.040171034108299246	0	1	No-PER3D	No-Essential3D
187	V	187	-3.563	30.633	-2.679	NA	0.73893653516295	Inf	-0.5531885925883107	0	1	No-PER3D	No-Essential3D
188	L	188	-0.598	29.695	-0.53	NA	0.779220779220779	Inf	-0.3312929804448483	0	1	No-PER3D	No-Essential3D
189	S	189	2.209	27.902	-2.397	NA	0.743801652892562	Inf	-0.08436872562103886	0	1	No-PER3D	No-Essential3D
190	C	190	4.983	27.936	0.208	NA	0.711590296495957	Inf	-0.029698473181960287	0	1	No-PER3D	No-Essential3D
191	I	191	5.436	27.837	3.945	NA	0.682509505703422	Inf	-0.32273332559753487	0	1	No-PER3D	No-Essential3D
192	A	192	8.684	27.605	5.883	NA	0.677358490566038	Inf	-0.2576267869050798	0	1	No-PER3D	No-Essential3D
193	L	193	9.541	27.663	9.561	NA	0.643054877055854	Inf	-0.4554350583721374	0	1	No-PER3D	No-Essential3D
194	N	194	12.776	28.93	11.036	NA	0.672284644194757	Inf	-0.2623759591700102	0	1	No-PER3D	No-Essential3D
195	L	195	14.845	26.743	13.315	NA	0.672284644194757	Inf	-0.35445954842997396	0	1	No-PER3D	No-Essential3D
196	Q	196	13.716	28.537	16.46	NA	0.678030303030303	Inf	-0.5672002414852194	0	1	No-PER3D	No-Essential3D
197	G	197	10.07	28.144	15.491	NA	0.713643178410795	Inf	-0.5983996902558123	0	1	No-PER3D	No-Essential3D
198	T	198	9.58	31.87	16.016	NA	0.61551724137931	Inf	-0.5639811294587039	0	1	No-PER3D	No-Essential3D
199	R	199	9.122	32.882	12.379	NA	0.678707224334601	Inf	-0.18012748550205746	0	1	No-PER3D	No-Essential3D
200	I	200	7.28	31.534	9.352	NA	0.713137806347931	Inf	-0.15476137328115153	0	1	No-PER3D	No-Essential3D
201	A	201	7.826	32.624	5.754	NA	0.720081135902637	Inf	0.16499706572688733	0	1	No-PER3D	No-Essential3D
202	T	202	5.094	32.322	3.189	NA	0.718052738336714	Inf	0.1870909566904451	0	1	No-PER3D	No-Essential3D
203	A	203	4.488	32.757	-0.527	NA	0.780032141422258	Inf	0.5128276247445688	0	1	No-PER3D	No-Essential3D
204	S	204	1.361	32.693	-2.641	NA	0.854204476709014	Inf	0.39113852686265316	0	1	No-PER3D	No-Essential3D
205	E	205	0.989	31.258	-6.115	NA	0.865041982387876	Inf	0.5539106896013876	0	1	No-PER3D	No-Essential3D
206	K	206	1.743	34.699	-7.473	NA	0.840277777777778	Inf	0.9205985540399537	0	1	No-PER3D	No-Essential3D
207	G	207	5.168	34.465	-5.889	NA	0.841176470588236	Inf	0.92873471973429	0	1	No-PER3D	No-Essential3D
208	T	208	6.07	38.127	-6.102	NA	0.890657439446367	Inf	1.1507206087666932	0	1	No-PER3D	No-Essential3D
209	L	209	6.326	38.72	-2.344	NA	0.881208514534218	Inf	0.9919601843430901	0	1	No-PER3D	No-Essential3D
210	I	210	7.55	36.557	0.497	NA	0.915032679738562	Inf	0.8289748647017733	0	1	No-PER3D	No-Essential3D
211	R	211	6.333	37.436	3.901	NA	0.921259842519685	Inf	0.6182047765137069	0	1	No-PER3D	No-Essential3D
212	I	212	7.817	36.62	7.27	NA	0.809688581314879	Inf	0.45057974835850173	0	1	No-PER3D	No-Essential3D
213	F	213	5.515	36.452	10.271	NA	0.806525735294118	Inf	0.17580576825665775	0	1	No-PER3D	No-Essential3D
214	D	214	5.951	36.155	14.01	NA	0.85205078125	Inf	-0.1722167268016161	0	1	No-PER3D	No-Essential3D
215	T	215	4.638	32.776	15.115	NA	0.802768166089965	Inf	-0.46335718809623094	0	1	No-PER3D	No-Essential3D
216	S	216	3.331	34.028	18.445	NA	0.761673151750973	Inf	-0.134353232039765	0	1	No-PER3D	No-Essential3D
217	S	217	1.581	37.221	17.385	NA	0.82665805340224	Inf	0.08134980322833174	0	1	No-PER3D	No-Essential3D
218	G	218	0.947	36.494	13.738	NA	0.867703403200361	Inf	0.12596670685982356	0	1	No-PER3D	No-Essential3D
219	H	219	2.23	39.979	12.951	NA	0.861104898233057	Inf	0.27099215557293216	0	1	No-PER3D	No-Essential3D
220	L	220	4.085	40.602	9.72	NA	0.857843137254902	Inf	0.5678825141977235	0	1	No-PER3D	No-Essential3D
221	I	221	7.732	41.332	10.458	NA	0.854605993340733	Inf	0.7403892754580189	0	1	No-PER3D	No-Essential3D
222	Q	222	9.216	41.611	6.982	NA	0.953878406708595	Inf	0.9850739662893683	0	1	No-PER3D	No-Essential3D
223	E	223	8.026	41.681	3.403	NA	0.973187686196624	Inf	1.0701951442745952	0	1	No-PER3D	No-Essential3D
224	L	224	10.388	40.674	0.767	NA	1.00998890122087	Inf	1.258115187119628	0	1	No-PER3D	No-Essential3D
225	R	225	10.179	41.094	-3.037	NA	1.0061919504644	Inf	1.3225797908676296	0	1	No-PER3D	No-Essential3D
226	R	226	10.766	38.289	-5.577	NA	1.0233918128655	Inf	1.279782348015477	0	1	No-PER3D	No-Essential3D
227	G	227	10.52	40.16	-8.574	NA	0.993396226415094	Inf	1.378433514020285	0	1	No-PER3D	No-Essential3D
228	S	228	7.922	42.097	-10.409	NA	0.927169811320755	Inf	1.5339626503698274	0	1	No-PER3D	No-Essential3D
229	Q	229	6.695	39.117	-12.386	NA	0.876404494382023	Inf	1.5951482322739963	0	1	No-PER3D	No-Essential3D
230	A	230	4.936	36.08	-10.998	NA	0.889658668469077	Inf	1.3653020875458461	0	1	No-PER3D	No-Essential3D
231	A	231	6.899	32.964	-10.232	NA	0.866666666666667	Inf	1.2050437297562162	0	1	No-PER3D	No-Essential3D
232	N	232	6.219	29.547	-8.818	NA	0.902564102564103	Inf	1.05546790193028	0	1	No-PER3D	No-Essential3D
233	I	233	8.112	29.539	-5.584	NA	0.905919359450958	Inf	0.8887848265780407	0	1	No-PER3D	No-Essential3D
234	Y	234	9.43	26.027	-4.863	NA	0.84374531835206	Inf	0.6541826576292796	0	1	No-PER3D	No-Essential3D
235	C	235	11.287	26.289	-1.546	NA	0.84374531835206	Inf	0.5031571391486498	0	1	No-PER3D	No-Essential3D
236	I	236	12.084	28.751	1.206	NA	0.808266360505167	Inf	0.5078724403644033	0	1	No-PER3D	No-Essential3D
237	N	237	14.37	28.339	4.141	NA	0.819444444444445	Inf	0.2611587614137421	0	1	No-PER3D	No-Essential3D
238	F	238	16.016	30.364	6.877	NA	0.769937821032712	Inf	0.1543955391423926	0	1	No-PER3D	No-Essential3D
239	N	239	19.661	30.262	7.824	NA	0.769937821032712	Inf	0.36285015298311857	0	1	No-PER3D	No-Essential3D
240	Q	240	20.65	29.29	11.347	NA	0.789508110936682	Inf	0.2890575477566219	0	1	No-PER3D	No-Essential3D
241	D	241	19.836	32.619	13.032	NA	0.785326086956522	Inf	-0.03879232940012764	0	1	No-PER3D	No-Essential3D
242	A	242	17.121	33.567	10.545	NA	0.788181818181818	Inf	0.15527157823668017	0	1	No-PER3D	No-Essential3D
243	S	243	19.17	36.573	9.542	NA	0.834545454545455	Inf	0.504645291932388	0	1	No-PER3D	No-Essential3D
244	L	244	18.874	35.373	5.947	NA	0.852915360501567	Inf	0.6587809605543363	0	1	No-PER3D	No-Essential3D
245	I	245	16.539	33.261	3.925	NA	0.843711237906227	Inf	0.5846290041072993	0	1	No-PER3D	No-Essential3D
246	C	246	16.897	31.619	0.553	NA	0.878635415388391	Inf	0.7092040867086301	0	1	No-PER3D	No-Essential3D
247	V	247	14.142	31.038	-1.891	NA	0.875519686965028	Inf	0.8973748053050882	0	1	No-PER3D	No-Essential3D
248	S	248	13.959	28.978	-5.008	NA	0.860802624936901	Inf	0.9272369697664095	0	1	No-PER3D	No-Essential3D
249	S	249	11.681	28.894	-8.011	NA	0.854761904761905	Inf	1.0277465550341893	0	1	No-PER3D	No-Essential3D
250	D	250	10.576	26.068	-10.244	NA	0.857771629778672	Inf	0.9529130534860006	0	1	No-PER3D	No-Essential3D
251	H	251	13.066	27.468	-12.745	NA	0.889540949400104	Inf	1.1867888536535007	0	1	No-PER3D	No-Essential3D
252	G	252	15.887	26.725	-10.381	NA	0.949468085106383	Inf	0.8689794168624551	0	1	No-PER3D	No-Essential3D
253	T	253	16.691	30.313	-9.579	NA	0.897222222222222	Inf	1.051914268790534	0	1	No-PER3D	No-Essential3D
254	V	254	17.606	30.84	-5.965	NA	0.879551053928278	Inf	0.8448661040531384	0	1	No-PER3D	No-Essential3D
255	H	255	17.839	34.155	-4.318	NA	0.87822777928785	Inf	0.9132764441888849	0	1	No-PER3D	No-Essential3D
256	I	256	19.39	35.085	-0.966	NA	0.88379705400982	Inf	0.7573758749272362	0	1	No-PER3D	No-Essential3D
257	F	257	17.84	37.808	1.121	NA	0.871174377224199	Inf	1.0184758297266034	0	1	No-PER3D	No-Essential3D
258	A	258	18.541	39.694	4.235	NA	0.854761904761905	Inf	1.0469854485235368	0	1	No-PER3D	No-Essential3D
259	A	259	15.637	38.769	6.48	NA	0.924604316546763	Inf	0.8777212231501497	0	1	No-PER3D	No-Essential3D
260	E	260	16.064	41.313	9.25	NA	0.975971223021583	Inf	1.0325138338851507	0	1	No-PER3D	No-Essential3D
261	D	261	15.912	45.067	8.698	NA	0.908900836320191	Inf	1.388504781485919	0	1	No-PER3D	No-Essential3D
262	P	262	17.284	44.576	5.204	NA	0.955266049285826	Inf	1.3179386638471553	0	1	No-PER3D	No-Essential3D
263	K	263	18.839	47.252	3.022	NA	0.91726618705036	Inf	1.283886413588422	0	1	No-PER3D	No-Essential3D
264	R	264	16.447	46.192	0.262	NA	0.867546432062561	Inf	1.4768849830257753	0	1	No-PER3D	No-Essential3D
265	N	265	13.312	44.027	0.42	NA	0.861371724361048	Inf	1.4818297608707953	0	1	No-PER3D	No-Essential3D
266	K	266	13.418	40.38	-0.425	NA	0.839243498817967	Inf	1.3042841498032771	0	1	No-PER3D	No-Essential3D
267	Q	267	11.007	37.57	-2.007	NA	0.886832740213523	Inf	1.1274614838394001	0	1	No-PER3D	No-Essential3D
268	S	268	11.434	35.363	-5.178	NA	0.881205673758865	Inf	1.1342591462954688	0	1	No-PER3D	No-Essential3D
269	S	269	11.083	32.569	-7.602	NA	0.921052631578947	Inf	1.146409801014848	0	1	No-PER3D	No-Essential3D
270	L	270	10.988	32.84	-11.368	NA	0.921703552166636	Inf	1.2684044636866376	0	1	No-PER3D	No-Essential3D
271	A	271	9.009	30.008	-12.832	NA	0.909845788849348	Inf	1.270144066662949	0	1	No-PER3D	No-Essential3D
272	S	272	5.728	29.087	-14.412	NA	0.91636798088411	Inf	1.1854581155656814	0	1	No-PER3D	No-Essential3D
273	A	273	5.035	26.054	-12.296	NA	0.917769755314882	Inf	1.083663139315728	0	1	No-PER3D	No-Essential3D
274	S	274	6.404	22.658	-11.479	NA	0.897005733701423	Inf	0.9097447759069333	0	1	No-PER3D	No-Essential3D
275	F	275	4.796	19.265	-11.338	NA	0.897005733701423	Inf	0.5451746622045771	0	1	No-PER3D	No-Essential3D
276	L	276	7.117	18.345	-8.525	NA	0.903529411764706	Inf	0.33745208585988046	0	1	No-PER3D	No-Essential3D
277	P	277	5.864	19.083	-5.114	NA	0.8775	Inf	0.166985017226959	0	1	No-PER3D	No-Essential3D
278	K	278	7.275	21.673	-2.725	NA	0.828896522112495	Inf	0.08338749904792289	0	1	No-PER3D	No-Essential3D
279	Y	279	6.836	25.356	-3.344	NA	0.795454545454546	Inf	0.3943639938729704	0	1	No-PER3D	No-Essential3D
280	F	280	8.23	28.322	-1.227	NA	0.823529411764706	Inf	0.5335627131374909	0	1	No-PER3D	No-Essential3D
281	S	281	9.305	32.096	-1.796	NA	0.822890025575448	Inf	0.8562867000894722	0	1	No-PER3D	No-Essential3D
282	S	282	11.806	35.058	-0.8	NA	0.854700854700855	Inf	0.9167335664725196	0	1	No-PER3D	No-Essential3D
283	K	283	14.698	37.714	-2.33	NA	0.801282051282051	Inf	1.2160244165464462	0	1	No-PER3D	No-Essential3D
284	W	284	15.143	41.758	-3.549	NA	0.854700854700855	Inf	1.3476237060264247	0	1	No-PER3D	No-Essential3D
285	S	285	17.893	39.653	-2.82	NA	0.857843137254902	Inf	1.1620834289706385	0	1	No-PER3D	No-Essential3D
286	F	286	21.422	40.672	-2.488	NA	0.857843137254902	Inf	0.919437094191272	0	1	No-PER3D	No-Essential3D
287	S	287	22.458	37.591	-4.387	NA	0.863468634686347	Inf	0.560641617828881	0	1	No-PER3D	No-Essential3D
288	K	288	20.965	35.061	-6.758	NA	0.838095238095238	Inf	0.6855834762973563	0	1	No-PER3D	No-Essential3D
289	F	289	22.072	32.055	-8.749	NA	0.927780706378492	Inf	0.5536398564116269	0	1	No-PER3D	No-Essential3D
290	Q	290	20.5	29.684	-11.227	NA	0.905919359450958	Inf	0.6953661783969763	0	1	No-PER3D	No-Essential3D
291	V	291	21.136	25.995	-11.651	NA	0.840476190476191	Inf	0.45550623905787996	0	1	No-PER3D	No-Essential3D
292	P	292	21.956	25.24	-15.267	NA	0.835002635740643	Inf	0.6114045967211199	0	1	No-PER3D	No-Essential3D
293	S	293	19.152	22.695	-15.58	NA	0.833594976452119	Inf	0.5540207295458158	0	1	No-PER3D	No-Essential3D
294	G	294	16.561	25.41	-15.233	NA	0.804545454545455	Inf	0.9764866299463685	0	1	No-PER3D	No-Essential3D
295	S	295	14.522	22.95	-13.187	NA	0.81043956043956	Inf	0.915971604461166	0	1	No-PER3D	No-Essential3D
296	P	296	13.061	23.08	-9.703	NA	0.864468864468864	Inf	0.80595958189815875	0	1	No-PER3D	No-Essential3D
297	C	297	15.337	22.823	-6.71	NA	0.886446886446887	Inf	0.6839923550966619	0	1	No-PER3D	No-Essential3D
298	I	298	15.048	22.776	-2.947	NA	0.881410256410256	Inf	0.6506904966955547	0	1	No-PER3D	No-Essential3D
299	C	299	17.469	25.053	-1.205	NA	0.801282051282051	Inf	0.6851976030907482	0	1	No-PER3D	No-Essential3D
300	A	300	18.986	25.53	2.224	NA	0.828235294117647	Inf	0.5993353441452923	0	1	No-PER3D	No-Essential3D
301	F	301	22.016	27.193	3.735	NA	0.837370242214533	Inf	0.5534112600686016	0	1	No-PER3D	No-Essential3D
302	G	302	25.093	25.034	4.009	NA	0.862745098039216	Inf	0.7147693837387004	0	1	No-PER3D	No-Essential3D
303	T	303	27.284	24.241	6.963	NA	0.831258050665522	Inf	0.9854703681694312	0	1	No-PER3D	No-Essential3D
304	E	304	29.068	27.533	6.541	NA	0.836673130790778	Inf	0.6023388398504073	0	1	No-PER3D	No-Essential3D
305	P	305	27.12	30.739	6.628	NA	0.839043309631545	Inf	0.31124299263274197	0	1	No-PER3D	No-Essential3D
306	N	306	28.11	31.997	3.203	NA	0.816420664206642	Inf	0.14773122073834838	0	1	No-PER3D	No-Essential3D
307	A	307	26.953	28.961	1.262	NA	0.769063180827887	Inf	0.435012223242026	0	1	No-PER3D	No-Essential3D
308	V	308	23.669	27.713	-0.15	NA	0.779335793357934	Inf	0.507079030943161	0	1	No-PER3D	No-Essential3D
309	I	309	22.804	24.167	-1.179	NA	0.781549815498155	Inf	0.6946755434126519	0	1	No-PER3D	No-Essential3D
310	A	310	20.474	23.482	-4.079	NA	0.791011235955056	Inf	0.5235774822900859	0	1	No-PER3D	No-Essential3D
311	I	311	19.17	19.998	-4.838	NA	0.790298507462687	Inf	0.6190805461075104	0	1	No-PER3D	No-Essential3D
312	C	312	17.317	19.04	-7.997	NA	0.815387348969439	Inf	0.42776260194893617	0	1	No-PER3D	No-Essential3D
313	A	313	15.052	16.082	-8.762	NA	0.748400852878465	Inf	0.4842049869581277	0	1	No-PER3D	No-Essential3D
314	D	314	17.253	15.395	-11.762	NA	0.747089947089947	Inf	0.23643680610028614	0	1	No-PER3D	No-Essential3D
315	G	315	19.796	14.146	-9.266	NA	0.767527675276753	Inf	0.11510150368363069	0	1	No-PER3D	No-Essential3D
316	S	316	22.115	17.128	-9.21	NA	0.761904761904762	Inf	0.1301787886015717	0	1	No-PER3D	No-Essential3D
317	Y	317	23.497	18.68	-6.028	NA	0.787723785166241	Inf	0.5496695957745563	0	1	No-PER3D	No-Essential3D
318	Y	318	25.035	22.14	-5.938	NA	0.754901960784314	Inf	0.4152273057063722	0	1	No-PER3D	No-Essential3D
319	K	319	26.675	24.201	-3.274	NA	0.761286834279535	Inf	0.42022646780418893	0	1	No-PER3D	No-Essential3D
320	F	320	27.22	27.837	-4.133	NA	0.738880167451596	Inf	0.32284569511252953	0	1	No-PER3D	No-Essential3D
321	L	321	29.094	30.505	-2.216	NA	0.713131313131313	Inf	-0.004080930688952325	0	1	No-PER3D	No-Essential3D
322	F	322	27.708	34.01	-2.072	NA	0.740559440559441	Inf	0.21638239731467349	0	1	No-PER3D	No-Essential3D
323	N	323	28.709	37.557	-1.176	NA	0.735212440988614	Inf	0.1624716864656722	0	1	No-PER3D	No-Essential3D
324	P	324	26.395	40.522	-1.185	NA	0.716231884057971	Inf	0.3996436840048634	0	1	No-PER3D	No-Essential3D
325	K	325	28.885	42.4	-3.339	NA	0.690591935945096	Inf	-0.18559614493475726	0	1	No-PER3D	No-Essential3D
326	G	326	29.754	39.649	-5.745	NA	0.737057619186897	Inf	-0.09765735852131734	0	1	No-PER3D	No-Essential3D
327	E	327	28.535	36.89	-7.986	NA	0.778571428571429	Inf	0.08838757706981767	0	1	No-PER3D	No-Essential3D
328	C	328	27.749	33.47	-6.623	NA	0.756804997768853	Inf	0.1339187110530831	0	1	No-PER3D	No-Essential3D
329	I	329	30.357	30.838	-7.377	NA	0.753543667123914	Inf	-0.04928318333147199	0	1	No-PER3D	No-Essential3D
330	R	330	29.916	27.087	-7.384	NA	0.782268578878749	Inf	-0.06318798217134904	0	1	No-PER3D	No-Essential3D
331	D	331	31.851	25.33	-4.649	NA	0.759130434782609	Inf	0.06564974613352811	0	1	No-PER3D	No-Essential3D
332	V	332	30.558	21.841	-5.267	NA	0.758744394618834	Inf	0.19465214936768152	0	1	No-PER3D	No-Essential3D
333	Y	333	28.722	19.882	-7.912	NA	0.739969135802469	Inf	0.14992466500741272	0	1	No-PER3D	No-Essential3D
334	A	334	27.689	16.282	-7.555	NA	0.736111111111111	Inf	0.3690937760477592	0	1	No-PER3D	No-Essential3D
335	Q	335	25.264	13.68	-8.768	NA	0.739273927392739	Inf	0.1845189239276945	0	1	No-PER3D	No-Essential3D
336	F	336	24.036	12.467	-5.432	NA	0.735119047619048	Inf	0.9193961620051947	0	1	No-PER3D	No-Essential3D
337	L	337	22.294	9.375	-6.702	NA	0.738475177304965	Inf	1.0092684441184183	0	1	No-PER3D	No-Essential3D
338	E	338	25.754	8.213	-7.569	NA	0.772575250836121	Inf	0.6277585412101564	0	1	No-PER3D	No-Essential3D
339	M	339	26.629	8.695	-3.868	NA	0.763636363636364	Inf	1.2593463991209137	0	1	No-PER3D	No-Essential3D
340	T	340	29.066	10.986	-2.179	NA	0.807225163500467	Inf	1.1124192158718929	0	1	No-PER3D	No-Essential3D
341	D	341	31.132	13.395	-4.18	NA	0.81203007518797	Inf	0.711083480986601	0	1	No-PER3D	No-Essential3D
342	D	342	34.051	11.062	-3.916	NA	0.775641025641026	Inf	0.5106589340604509	0	1	No-PER3D	No-Essential3D
