Uniprot_position	aminoacid	Position_in_structure	x	y	z	paraz	mtr	paraz3dscore	mtr3dscore	PER3D_OR	PER3D_pvalue	PER3D	Essential3D
113	S	113	5.423	-22.004	82.467	NA	0.735135135135135	Inf	1.5157414410114067	0	1	No-PER3D	No-Essential3D
114	L	114	8.884	-23.271	81.771	NA	0.781609195402299	Inf	1.4839680679184188	0	1	No-PER3D	No-Essential3D
115	K	115	11.834	-21.095	82.553	NA	0.83937518420277	Inf	1.6908804740764523	0	1	No-PER3D	No-Essential3D
116	K	116	12.84	-18.72	79.802	NA	0.83299210295408	Inf	1.5283437496577457	0	1	No-PER3D	No-Essential3D
117	K	117	16.376	-18.076	78.758	NA	0.861389561009333	Inf	1.3631138988740577	0	1	No-PER3D	No-Essential3D
118	K	118	17.157	-14.401	78.59	NA	0.736988202637058	Inf	1.2435233764910354	0	1	No-PER3D	No-Essential3D
119	R	119	18.913	-12.585	75.784	NA	0.67557251908397	Inf	-0.20111160179746873	0	0.9999999999999999	No-PER3D	No-Essential3D
120	L	120	18.838	-8.842	75.148	NA	0.562977099236641	Inf	-0.6198763339519481	0	1	No-PER3D	No-Essential3D
121	S	121	16.562	-7.521	72.452	NA	0.558712121212121	Inf	-1.0599511228221372	0	1	No-PER3D	No-Essential3D
122	Q	122	14.755	-4.604	71.129	NA	0.60548885077187	Inf	-1.654725421477947	0	0.9999999999999999	No-PER3D	No-Essential3D
123	S	123	11.286	-4.912	69.582	NA	0.60548885077187	Inf	-1.5599282557498027	0	0.9999999999999999	No-PER3D	No-Essential3D
124	D	124	7.62	-4.132	69.77	NA	0.60548885077187	Inf	-1.5051669442033195	0	0.9999999999999999	No-PER3D	No-Essential3D
125	E	125	8.06	-3.797	73.474	NA	0.528838951310862	Inf	-1.1487648989192083	0	1	No-PER3D	No-Essential3D
126	D	126	10.847	-1.395	72.746	NA	0.397752808988764	Inf	-1.059690350597199	0	1	No-PER3D	No-Essential3D
127	V	127	8.321	0.571	70.736	NA	0.294631710362047	Inf	-1.2866959858055622	0	1	No-PER3D	No-Essential3D
128	I	128	6.078	1.03	73.746	NA	0.163888888888889	Inf	-1.0444058136218035	0	1	No-PER3D	No-Essential3D
129	R	129	8.92	2.463	75.746	NA	0.289462894628946	Inf	-0.7972125327066837	0	1	No-PER3D	No-Essential3D
130	L	130	9.713	4.952	73.059	NA	0.289462894628946	Inf	-1.0067513795535417	0	1	No-PER3D	No-Essential3D
131	I	131	6.032	5.836	73.011	NA	0.288888888888889	Inf	-1.0903117465314809	0	1	No-PER3D	No-Essential3D
132	G	132	5.852	6.255	76.734	NA	0.289136720363486	Inf	-0.7737790650915052	0	1	No-PER3D	No-Essential3D
133	Q	133	8.732	8.7	76.451	NA	0.390671641791045	Inf	-0.9529848616441027	0	1	No-PER3D	No-Essential3D
134	H	134	7.012	10.692	73.793	NA	0.477101845522898	Inf	-1.208145722006189	0	1	No-PER3D	No-Essential3D
135	L	135	3.731	10.575	75.751	NA	0.476157804459691	Inf	-1.243792749441302	0	1	No-PER3D	No-Essential3D
136	N	136	5.344	12.078	78.741	NA	0.436477987421384	Inf	-0.976050476878338	0	1	No-PER3D	No-Essential3D
137	G	137	6.942	15.026	77.07	NA	0.43609022556390997	Inf	-1.109584177063106	0	1	No-PER3D	No-Essential3D
138	L	138	3.691	15.358	75.29	NA	0.54874213836478	Inf	-1.309212289584705	0	0.9999999999999999	No-PER3D	No-Essential3D
139	G	139	2.286	15.485	78.794	NA	0.611888111888112	Inf	-1.288142174569881	0	1	No-PER3D	No-Essential3D
140	L	140	-0.295	12.747	78.589	NA	0.609579100145138	Inf	-1.226100028369047	0	1	No-PER3D	No-Essential3D
141	N	141	-0.093	11.72	82.243	NA	0.609579100145138	Inf	-0.7855533955712358	0	0.9999999999999999	No-PER3D	No-Essential3D
142	Q	142	-2.754	9.055	82.709	NA	0.546679197994988	Inf	-0.5458127771515893	0	1	No-PER3D	No-Essential3D
143	T	143	-1.824	7.495	79.45	NA	0.546192259675406	Inf	-1.0339737815000367	0	1	No-PER3D	No-Essential3D
144	V	144	1.698	7.003	80.526	NA	0.547752808988764	Inf	-0.6672707856344763	0	1	No-PER3D	No-Essential3D
145	D	145	0.571	5.384	83.824	NA	0.606741573033708	Inf	0.029813732066069732	0	1	No-PER3D	No-Essential3D
146	L	146	-1.696	2.829	82.232	NA	0.606199770378875	Inf	0.04940496433427634	0	1	No-PER3D	No-Essential3D
147	L	147	0.84	2.183	79.565	NA	0.610757663389242	Inf	-0.6389759014431983	0	1	No-PER3D	No-Essential3D
148	M	148	3.43	1.252	82.102	NA	0.603946239633972	Inf	-0.23156479778203026	0	1	No-PER3D	No-Essential3D
149	Q	149	1.12	-0.83	84.178	NA	0.652416356877323	Inf	0.23383652081730735	0	1	No-PER3D	No-Essential3D
150	E	150	-0.48	-2.629	81.329	NA	0.764669163545568	Inf	0.084832379952059625	0	1	No-PER3D	No-Essential3D
151	S	151	2.691	-3.235	79.345	NA	0.864197530864198	Inf	-0.4262900606873995	0	1	No-PER3D	No-Essential3D
152	G	152	4.58	-4.056	82.481	NA	0.859259259259259	Inf	0.08240046951744867	0	1	No-PER3D	No-Essential3D
153	C	153	7.668	-2.891	80.716	NA	0.852258852258852	Inf	-0.38844538151808333	0	1	No-PER3D	No-Essential3D
154	R	154	8.484	-0.016	83.068	NA	0.852258852258852	Inf	-0.2606205037002479	0	1	No-PER3D	No-Essential3D
155	L	155	7.893	0.276	86.771	NA	0.792506386602328	Inf	0.32811880082318656	0	1	No-PER3D	No-Essential3D
156	E	156	4.557	1.282	88.258	NA	0.789592760180996	Inf	0.6528061547376438	0	1	No-PER3D	No-Essential3D
157	H	157	2.662	4.351	87.27	NA	0.855392156862745	Inf	0.4276294992207603	0	1	No-PER3D	No-Essential3D
158	P	158	5.394	6.179	85.527	NA	0.926343729263437	Inf	0.06640875333665873	0	1	No-PER3D	No-Essential3D
159	S	159	8.279	5.25	87.726	NA	0.931652289316523	Inf	0.162251589074169	0	1	No-PER3D	No-Essential3D
160	A	160	8.844	5.916	91.355	NA	0.890217391304348	Inf	0.43407738767731824	3.366773045217595	0.31515378434588537	No-PER3D	No-Essential3D
161	T	161	7.723	9.511	91.295	NA	0.884476534296029	Inf	0.7077959977345103	0	1	No-PER3D	No-Essential3D
162	K	162	4.11	8.798	90.528	NA	0.92899800928998	Inf	0.5185704089443242	0	1	No-PER3D	No-Essential3D
163	F	163	4.204	5.878	92.919	NA	0.92899800928998	Inf	0.5608800499610875	12.490761172173853	0.008711960784486402	PER3D	No-Essential3D
164	R	164	5.449	8.321	95.532	NA	0.894160583941606	Inf	0.6354246033908952	7.9294197386136185	0.05501840010517524	No-PER3D	No-Essential3D
165	N	165	2.547	10.669	94.998	NA	0.892307692307692	Inf	0.7499055225819884	5.085514754409148	0.23531792206992067	No-PER3D	No-Essential3D
166	H	166	0.081	7.818	95.211	NA	0.817175444481718	Inf	0.7139723792435025	9.532471304384611	0.04232886916660404	PER3D	No-Essential3D
167	V	167	1.627	6.565	98.425	NA	0.892307692307692	Inf	0.17245984116568652	17.514987635306536	0.004260276350890322	PER3D	No-Essential3D
168	M	168	1.521	10.025	99.967	NA	0.892307692307692	Inf	0.10795468852164933	28.83923409472547	0.0015937205407573895	PER3D	No-Essential3D
169	E	169	-2.067	10.379	98.868	NA	0.82020202020202	Inf	0.3295340418098828	6.779755382669531	0.19249572570583612	No-PER3D	No-Essential3D
170	G	170	-2.866	7.071	100.475	NA	0.772693726937269	Inf	-0.410776329973063	15.811849024426731	0.021206940249498363	PER3D	Essential3D
171	D	171	-4.46	5.79	97.314	NA	0.707070707070707	Inf	0.18655297675506333	11.91249579436187	0.03101355010386886	PER3D	No-Essential3D
172	W	172	-3.677	2.22	98.245	NA	0.752136752136752	Inf	-0.15735105452988624	9.532471304384611	0.04232886916660404	PER3D	Essential3D
173	D	173	-5.812	0.679	95.553	NA	0.792813026389669	Inf	0.4021284364207391	15.811849024426731	0.021206940249498363	PER3D	No-Essential3D
174	K	174	-4.018	2.524	92.789	NA	0.864468864468864	Inf	0.6527186109732469	9.532471304384611	0.04232886916660404	PER3D	No-Essential3D
175	A	175	-0.714	1.745	94.416	NA	0.862026862026862	Inf	0.6440804122224384	6.772952581403219	0.0689542242609276	No-PER3D	No-Essential3D
176	E	176	-1.543	-1.944	94.445	NA	0.896967995508142	Inf	0.6658493322515786	9.532471304384611	0.04232886916660404	PER3D	No-Essential3D
177	N	177	-3.021	-1.803	90.965	NA	0.931449502878074	Inf	0.8213062241621577	3.366773045217595	0.31515378434588537	No-PER3D	No-Essential3D
178	D	178	0.052	-0.148	89.57	NA	0.963345633456334	Inf	0.7311823567503994	1.970515720227591	0.4536228572705489	No-PER3D	No-Essential3D
179	L	179	2.173	-2.695	91.447	NA	0.957107843137255	Inf	1.036639615899769	5.899732071204046	0.08401479013003789	No-PER3D	No-Essential3D
180	N	180	0.253	-5.644	90.091	NA	0.953601953601954	Inf	1.1973463424202997	3.366773045217595	0.31515378434588537	No-PER3D	No-Essential3D
181	E	181	1.431	-4.867	86.646	NA	0.928833071690214	Inf	0.7274885309113713	0	1	No-PER3D	No-Essential3D
182	L	182	5.051	-5.433	87.748	NA	0.922836287799791	Inf	1.206232138663621	0	1	No-PER3D	No-Essential3D
183	K	183	4.859	-8.246	90.196	NA	0.928833071690214	Inf	1.8236338358500634	0	1	No-PER3D	No-Essential3D
184	P	184	2.757	-10.399	92.343	NA	0.933052187664734	Inf	2.10169901870056	0	1	No-PER3D	No-Essential3D
185	L	185	3.353	-10.524	96.071	NA	0.926216640502355	Inf	1.37925917555682	2.2046455436874655	0.4214830253452871	No-PER3D	No-Essential3D
186	V	186	4.095	-14.213	95.637	NA	1.00569800569801	Inf	2.1459210680528193	0	1	No-PER3D	No-Essential3D
187	H	187	7.105	-13.651	93.398	NA	1.00943665999428	Inf	2.8123149674277155	0	1	No-PER3D	No-Essential3D
188	S	188	9.809	-14.708	95.761	NA	1.02724867724868	Inf	2.762237820356992	0	1	No-PER3D	No-Essential3D
189	P	189	10.879	-18.153	96.678	NA	1.03879079721776	Inf	2.5870372449889176	0	0.9999999999999999	No-PER3D	No-Essential3D
190	H	190	8.283	-20.614	95.515	NA	1.04173354735152	Inf	2.3831289907948774	0	0.9999999999999999	No-PER3D	No-Essential3D
191	A	191	6.286	-22.877	97.782	NA	1.02925672113864	Inf	1.8134187867772762	0	1	No-PER3D	No-Essential3D
192	I	192	5.784	-26.634	97.584	NA	1.03015873015873	Inf	1.9984464760526806	0	1	No-PER3D	No-Essential3D
193	V	193	8.49	-29.141	96.892	NA	1.01050241271643	Inf	1.9984464760526806	0	1	No-PER3D	No-Essential3D
194	V	194	10.048	-28.739	93.513	NA	1.0151558478696	Inf	2.073784338355559	0	1	No-PER3D	No-Essential3D
195	R	195	12.993	-30.78	92.379	NA	1.02564102564103	Inf	2.0394115275443383	0	1	No-PER3D	No-Essential3D
196	G	196	14.171	-27.605	90.769	NA	1.00375939849624	Inf	1.8425664042816507	0	1	No-PER3D	No-Essential3D
197	A	197	12.965	-24.994	88.369	NA	1.09501025290499	Inf	1.930744457226964	0	1	No-PER3D	No-Essential3D
198	L	198	14.09	-21.619	87.255	NA	1.09605488850772	Inf	1.9912387931780384	0	1	No-PER3D	No-Essential3D
199	E	199	11.509	-18.972	87.814	NA	1.09710743801653	Inf	2.0643886844274895	0	1	No-PER3D	No-Essential3D
200	I	200	12.034	-16.091	85.529	NA	1.18071278825996	Inf	2.065148097546427	0	1	No-PER3D	No-Essential3D
201	S	201	14.191	-14.115	87.853	NA	1.19423240033927	Inf	2.1989651669468295	0	1	No-PER3D	No-Essential3D
202	Q	202	17.863	-14.081	88.626	NA	1.34351145038168	Inf	1.9951834243562663	0	1	No-PER3D	No-Essential3D
203	T	203	17.286	-13.964	92.321	NA	1.33079847908745	Inf	2.636685537013679	0	1	No-PER3D	No-Essential3D
204	L	204	14.701	-14.288	95.034	NA	1.3448275862069	Inf	2.725464226226888	0	1	No-PER3D	No-Essential3D
205	L	205	11.971	-11.723	95.017	NA	1.33587786259542	Inf	2.3510849210745715	0	1	No-PER3D	No-Essential3D
206	G	206	11.929	-11.208	98.731	NA	1.32830188679245	Inf	2.0642581064817653	0	1	No-PER3D	No-Essential3D
207	I	207	11.874	-7.546	97.944	NA	1.32830188679245	Inf	1.6049850747168888	0	1	No-PER3D	No-Essential3D
208	I	208	8.494	-7.771	96.344	NA	1.32954545454545	Inf	1.4230170418758878	2.496502488223116	0.38773620182376223	No-PER3D	No-Essential3D
209	V	209	7.02	-9.679	99.245	NA	1.32954545454545	Inf	1.1747997628624853	2.496502488223116	0.38773620182376223	No-PER3D	No-Essential3D
210	R	210	8.364	-6.987	101.515	NA	1.33460076045627	Inf	0.9505626160744312	3.366773045217595	0.31515378434588537	No-PER3D	No-Essential3D
211	M	211	7.003	-4.171	99.377	NA	1.33587786259542	Inf	0.8331207244316654	6.772952581403219	0.0689542242609276	No-PER3D	No-Essential3D
212	K	212	3.449	-5.475	99.514	NA	1.33587786259542	Inf	0.7208184225753961	5.216351844283662	0.10008470609266876	No-PER3D	No-Essential3D
213	F	213	3.809	-6.197	103.208	NA	0.670498084291188	Inf	0.0845213535894549	2.870427155199339	0.35231598209455833	No-PER3D	No-Essential3D
214	L	214	4.817	-2.678	104.068	NA	0.444020356234097	Inf	0.02454603699090703	28.83923409472547	0.0015937205407573895	PER3D	No-Essential3D
215	L	215	1.99	-1.203	102.046	NA	0.444020356234097	Inf	0.009642430409761076	11.91249579436187	0.03101355010386886	PER3D	No-Essential3D
216	L	216	-0.618	-3.431	103.647	NA	0.446998722860792	Inf	-0.6692610700375051	11.91249579436187	0.03101355010386886	PER3D	Essential3D
217	Q	217	0.901	-2.925	107.072	NA	0.335249042145594	Inf	-0.9747590879569091	9.64979132774409	0.015235549809977537	PER3D	Essential3D
218	Q	218	0.563	0.818	106.65	NA	0.266412213740458	Inf	-0.8477668754298265	11.91249579436187	0.03101355010386886	PER3D	Essential3D
219	K	219	-2.984	0.499	105.419	NA	0	Inf	-1.2514135148747387	23.45053457044038	0.013050331418244169	PER3D	Essential3D
220	Y	220	-3.775	-1.645	108.473	NA	0	Inf	-1.8151502550396421	21.819508368951354	0.0027252524470309106	PER3D	Essential3D
221	L	221	-2.197	0.717	110.976	NA	0	Inf	-1.4889685414083644	11.91249579436187	0.03101355010386886	PER3D	Essential3D
222	E	222	-4.068	3.635	109.495	NA	0.222222222222222	Inf	-1.592097424576398	15.811849024426731	0.021206940249498363	PER3D	Essential3D
223	Y	223	-7.324	1.837	110.065	NA	0.19249862107005	Inf	-2.081392877638686	0	0.9999999999999999	No-PER3D	No-Essential3D
224	L	224	-6.379	1.223	113.675	NA	0.191208791208791	Inf	-1.5199941369185699	10.11371492296127	0.14763437713393815	No-PER3D	No-Essential3D
225	E	225	-5.53	4.856	114.217	NA	0.190659340659341	Inf	-1.5622128068743162	0	1	No-PER3D	No-Essential3D
226	D	226	-8.947	5.811	112.939	NA	0.295165394402036	Inf	-2.150318687894395	0	1	No-PER3D	No-Essential3D
227	G	227	-10.339	3.278	115.31	NA	0.265399239543726	Inf	-1.7786847411708202	0	0.9999999999999999	No-PER3D	No-Essential3D
228	K	228	-11.994	1.442	112.489	NA	0.264638783269962	Inf	-2.7860549386973936	0	1	No-PER3D	No-Essential3D
229	V	229	-11.579	-2.025	113.971	NA	0.265648854961832	Inf	-1.753831721968772	19.829690836881078	0.10065359477124185	No-PER3D	No-Essential3D
230	L	230	-13.814	-3.841	111.553	NA	0.330798479087453	Inf	-2.270192328331272	0	1	No-PER3D	No-Essential3D
231	E	231	-11.996	-2.311	108.598	NA	0.329545454545455	Inf	-2.4678685756741205	0	0.9999999999999999	No-PER3D	No-Essential3D
232	A	232	-8.672	-3.121	110.191	NA	0.41025641025641	Inf	-1.9734609258356122	6.779755382669531	0.19249572570583612	No-PER3D	No-Essential3D
233	L	233	-9.708	-6.697	110.739	NA	0.41301775147929	Inf	-1.8254866421159308	5.085514754409148	0.23531792206992067	No-PER3D	No-Essential3D
234	Q	234	-10.845	-6.968	107.144	NA	0.479395604395604	Inf	-1.9536121595986746	6.779755382669531	0.19249572570583612	No-PER3D	No-Essential3D
235	V	235	-7.519	-5.742	105.792	NA	0.538461538461538	Inf	-1.9098922605892346	28.83923409472547	0.0015937205407573895	PER3D	Essential3D
236	L	236	-5.833	-8.143	108.161	NA	0.533333333333333	Inf	-1.593540654885491	3.366773045217595	0.31515378434588537	No-PER3D	No-Essential3D
237	R	237	-7.753	-11.125	106.88	NA	0.583333333333333	Inf	-1.3488053035426897	5.085514754409148	0.23531792206992067	No-PER3D	No-Essential3D
238	C	238	-7.671	-10.301	103.189	NA	0.580560836501901	Inf	-1.7423206393327426	0	1	No-PER3D	No-Essential3D
239	E	239	-4.351	-8.581	102.597	NA	0.54641019906061306	Inf	-0.9437159354353969	11.91249579436187	0.03101355010386886	PER3D	Essential3D
240	L	240	-2.117	-9.643	105.456	NA	0.545900178253119	Inf	-0.85127122456596	5.899732071204046	0.08401479013003789	No-PER3D	No-Essential3D
241	T	241	-3.08	-13.297	105.618	NA	0.588137009189641	Inf	-0.5918165158087368	2.870427155199339	0.35231598209455833	No-PER3D	No-Essential3D
242	P	242	-0.85	-14.519	102.78	NA	0.585934248855597	Inf	0.103874362822042	0	1	No-PER3D	No-Essential3D
243	L	243	2.104	-13.184	104.782	NA	0.585934248855597	Inf	0.354087430683625	2.496502488223116	0.38773620182376223	No-PER3D	No-Essential3D
244	K	244	1.352	-15.726	107.485	NA	0.619287120052482	Inf	-0.37824384306588016	2.496502488223116	0.38773620182376223	No-PER3D	No-Essential3D
245	Y	245	4.263	-17.744	106.151	NA	0.619287120052482	Inf	0.24566569034924282	0	1	No-PER3D	No-Essential3D
246	N	246	6.118	-15.741	108.784	NA	0.623353819139596	Inf	0.0050337656948373	0	1	No-PER3D	No-Essential3D
247	T	247	3.325	-16.864	111.137	NA	0.63217253660467	Inf	-0.49208311469977084	3.366773045217595	0.31515378434588537	No-PER3D	No-Essential3D
248	E	248	4.695	-15.403	114.318	NA	0.662921348314607	Inf	-0.3618006143129203	3.366773045217595	0.31515378434588537	No-PER3D	No-Essential3D
249	R	249	4.648	-11.877	113.009	NA	0.706545776205219	Inf	-0.4995436061229824	2.870427155199339	0.35231598209455833	No-PER3D	No-Essential3D
250	I	250	1.163	-12.305	111.684	NA	0.701916721744878	Inf	-0.5312871977693095	2.496502488223116	0.38773620182376223	No-PER3D	No-Essential3D
251	H	251	-0.087	-13.193	115.084	NA	0.692761863109556	Inf	-0.32237546438356735	2.496502488223116	0.38773620182376223	No-PER3D	No-Essential3D
252	V	252	1.65	-10.213	116.607	NA	0.692761863109556	Inf	-0.1367738483708383	2.2046455436874655	0.4214830253452871	No-PER3D	No-Essential3D
253	L	253	0.175	-8.006	113.903	NA	0.692761863109556	Inf	-0.9009407223222688	2.2046455436874655	0.4214830253452871	No-PER3D	No-Essential3D
254	S	254	-3.228	-9.428	114.769	NA	0.73125	Inf	-0.9441111957332257	2.496502488223116	0.38773620182376223	No-PER3D	No-Essential3D
255	G	255	-2.545	-8.62	118.422	NA	0.769735403455062	Inf	-0.36933176763257763	4.057765006826294	0.2761787964631309	No-PER3D	No-Essential3D
256	Y	256	-2.544	-4.937	117.572	NA	0.769735403455062	Inf	-0.9924442549970834	2.496502488223116	0.38773620182376223	No-PER3D	No-Essential3D
257	L	257	-6.336	-4.951	117.408	NA	0.814814814814815	Inf	-1.245288498137249	5.085514754409148	0.23531792206992067	No-PER3D	No-Essential3D
258	M	258	-6.547	-5.416	121.171	NA	0.869135802469136	Inf	-0.3469276618480331	6.779755382669531	0.19249572570583612	No-PER3D	No-Essential3D
259	C	259	-4.182	-2.582	121.986	NA	0.878901373283396	Inf	-0.5699401961424116	3.366773045217595	0.31515378434588537	No-PER3D	No-Essential3D
260	S	260	-5.668	0.721	122.957	NA	0.884711779448622	Inf	-0.5381554403898212	0	0.9999999999999999	No-PER3D	No-Essential3D
261	H	261	-2.949	2.198	120.864	NA	0.915298184961106	Inf	-0.9241779732861479	0	1	No-PER3D	No-Essential3D
262	A	262	-0.614	0.484	118.423	NA	0.8531149301826	Inf	-0.9627266384697247	2.496502488223116	0.38773620182376223	No-PER3D	No-Essential3D
263	E	263	2.245	2.486	119.876	NA	0.814343551185656	Inf	-0.3990329095137126	0	1	No-PER3D	No-Essential3D
264	D	264	2.033	0.228	122.905	NA	0.736059479553903	Inf	0.24039708464344414	0	1	No-PER3D	No-Essential3D
265	L	265	3.969	-2.287	120.851	NA	0.697893432465923	Inf	0.18865955393319978	2.870427155199339	0.35231598209455833	No-PER3D	No-Essential3D
266	R	266	7.71	-1.811	121.186	NA	0.657992565055762	Inf	0.07109408290089614	0	1	No-PER3D	No-Essential3D
267	A	267	8.579	-1.658	117.526	NA	0.658582089552239	Inf	-0.12736127488185597	0	1	No-PER3D	No-Essential3D
268	K	268	5.728	0.686	116.651	NA	0.607921928817451	Inf	-0.4698031463584755	0	1	No-PER3D	No-Essential3D
269	A	269	6.252	3.009	119.585	NA	0.608470181503889	Inf	-0.05307393945773835	0	1	No-PER3D	No-Essential3D
270	E	270	8.675	5.079	117.525	NA	0.657894736842105	Inf	-0.12823582563812946	0	1	No-PER3D	No-Essential3D
271	W	271	5.921	5.474	114.951	NA	0.711175616835994	Inf	-0.5849272343704711	0	1	No-PER3D	No-Essential3D
272	E	272	5.366	9.171	114.91	NA	0.665399239543726	Inf	-0.27285646608842945	0	1	No-PER3D	No-Essential3D
273	G	273	2.89	8.116	112.419	NA	0.666666666666667	Inf	-0.9329648248576061	0	1	No-PER3D	No-Essential3D
274	K	274	0.426	10.946	112.252	NA	0.666666666666667	Inf	-1.0990372614946526	0	1	No-PER3D	No-Essential3D
275	G	275	-0.088	9.43	108.842	NA	0.66412213740458	Inf	-1.1801938620045427	0	0.9999999999999999	No-PER3D	No-Essential3D
276	T	276	2.227	11.643	106.859	NA	0.724496877168633	Inf	-0.1327141944662842	0	1	No-PER3D	No-Essential3D
277	A	277	5.263	10.823	108.918	NA	0.728660652324774	Inf	-0.2546147218615962	6.779755382669531	0.19249572570583612	No-PER3D	No-Essential3D
278	S	278	4.44	7.164	108.664	NA	0.739332488381918	Inf	-0.8278820734828711	9.532471304384611	0.04232886916660404	PER3D	Essential3D
279	R	279	3.997	7.182	104.944	NA	0.750750750750751	Inf	-0.49314654369949623	14.600552677676298	0.006243015560042075	PER3D	Essential3D
280	S	280	7.091	9.224	104.289	NA	0.755813953488372	Inf	0.06504263349842368	7.9294197386136185	0.05501840010517524	No-PER3D	No-Essential3D
281	K	281	9.187	6.913	106.397	NA	0.760348583877996	Inf	-0.17033121540016408	9.532471304384611	0.04232886916660404	PER3D	Essential3D
282	L	282	7.727	3.826	104.789	NA	0.68503937007874	Inf	-0.045323822757952194	11.91249579436187	0.03101355010386886	PER3D	Essential3D
283	L	283	8.217	5.304	101.375	NA	0.747315676449535	Inf	0.3253845141178983	7.9294197386136185	0.05501840010517524	No-PER3D	No-Essential3D
284	D	284	11.91	5.598	102.047	NA	0.766359244620114	Inf	0.2922334497912015	5.085514754409148	0.23531792206992067	No-PER3D	No-Essential3D
285	K	285	12.054	1.906	102.845	NA	0.8376	Inf	0.46466954044445846	15.811849024426731	0.021206940249498363	PER3D	No-Essential3D
286	L	286	9.936	0.957	99.852	NA	0.775555555555556	Inf	0.6376180029112926	11.91249579436187	0.03101355010386886	PER3D	No-Essential3D
287	Q	287	12.323	3.113	97.919	NA	0.693227091633466	Inf	0.5669552315505196	11.91249579436187	0.03101355010386886	PER3D	No-Essential3D
288	T	288	15.184	0.987	99.084	NA	0.554581673306773	Inf	0.6898799895615685	6.779755382669531	0.19249572570583612	No-PER3D	No-Essential3D
289	Y	289	13.418	-2.215	97.972	NA	0.581666666666667	Inf	1.102708055458828	5.085514754409148	0.23531792206992067	No-PER3D	No-Essential3D
290	L	290	12.348	-0.973	94.637	NA	0.577689243027889	Inf	1.2564228290934512	5.085514754409148	0.23531792206992067	No-PER3D	No-Essential3D
291	P	291	15.993	-0.334	93.878	NA	0.646895273401298	Inf	0.6137037615579322	6.779755382669531	0.19249572570583612	No-PER3D	No-Essential3D
292	P	292	16.902	-3.93	93.85	NA	0.602409638554217	Inf	1.5803850857692305	0	1	No-PER3D	No-Essential3D
293	S	293	15.013	-3.198	90.563	NA	0.604130808950086	Inf	1.4135302523917117	0	1	No-PER3D	No-Essential3D
294	V	294	16.497	-0.781	87.555	NA	0.699203187250996	Inf	-0.01351289191856704	0	1	No-PER3D	No-Essential3D
295	M	295	15.917	1.981	84.299	NA	0.761198640716713	Inf	0.0590600680643797	0	1	No-PER3D	No-Essential3D
296	L	296	16.846	3.738	80.421	NA	0.756	Inf	-0.46744898238160915	0	1	No-PER3D	No-Essential3D
297	P	297	18.054	6.755	78.143	NA	0.759036144578313	Inf	-0.4315885376055238	0	1	No-PER3D	No-Essential3D
298	P	298	16.481	10.057	76.88	NA	0.754711152301514	Inf	-0.9040257802506892	0	1	No-PER3D	No-Essential3D
299	R	299	14.656	11.472	73.807	NA	0.74869751762182	Inf	-0.9410511949749184	0	1	No-PER3D	No-Essential3D
300	R	300	14.986	8.151	72.094	NA	0.823529411764706	Inf	-1.0869659760867363	0	1	No-PER3D	No-Essential3D
301	L	301	12.004	8.463	69.822	NA	0.823529411764706	Inf	-1.1480783508753198	0	1	No-PER3D	No-Essential3D
302	Q	302	13.118	11.891	68.75	NA	0.73202614379085	Inf	-0.6546176404820494	0	1	No-PER3D	No-Essential3D
303	T	303	16.625	10.707	68.098	NA	0.729166666666667	Inf	-0.3395293497492853	0	1	No-PER3D	No-Essential3D
304	L	304	15.436	7.739	66.101	NA	0.680232558139535	Inf	-0.535805017510136	0	1	No-PER3D	No-Essential3D
305	L	305	13.077	9.657	63.877	NA	0.680232558139535	Inf	-0.4971280392030449	0	1	No-PER3D	No-Essential3D
306	R	306	15.631	12.179	62.84	NA	0.67953667953668	Inf	-0.23200546608972866	0	1	No-PER3D	No-Essential3D
307	Q	307	17.985	9.31	62.177	NA	0.682170542635659	Inf	0.0065636376038367885	0	1	No-PER3D	No-Essential3D
308	A	308	15.411	7.68	59.917	NA	0.721553486259369	Inf	-0.28736428751900717	0	1	No-PER3D	No-Essential3D
309	V	309	14.995	11.017	58.198	NA	0.681467181467182	Inf	-0.5399421267259059	0	1	No-PER3D	No-Essential3D
310	E	310	18.744	11.161	57.717	NA	0.721398089819142	Inf	-0.3035582719180124	0	1	No-PER3D	No-Essential3D
311	L	311	18.308	7.963	55.746	NA	0.686538461538462	Inf	-0.24528828558903548	0	1	No-PER3D	No-Essential3D
312	Q	312	15.761	9.637	53.54	NA	0.722007722007722	Inf	-0.5828647633145339	0	1	No-PER3D	No-Essential3D
313	R	313	18.318	12.181	52.35	NA	0.758108108108108	Inf	-0.48761890956654064	0	1	No-PER3D	No-Essential3D
314	D	314	21.014	9.549	51.822	NA	0.721173161912415	Inf	-0.3851256689101894	0	1	No-PER3D	No-Essential3D
315	R	315	18.673	7.693	49.505	NA	0.715709728867624	Inf	-0.52814991392088	0	1	No-PER3D	No-Essential3D
316	C	316	18.355	11.002	47.748	NA	0.682509505703422	Inf	-0.8088318818286194	0	1	No-PER3D	No-Essential3D
317	L	317	20.84	12.078	45.168	NA	0.682509505703422	Inf	-0.9740498484492979	0	1	No-PER3D	No-Essential3D
318	Y	318	22.97	15.169	45.541	NA	0.678030303030303	Inf	-0.8184221175960344	0	1	No-PER3D	No-Essential3D
319	H	319	21.906	16.076	48.984	NA	0.712516585581601	Inf	-0.5207965605278133	0	1	No-PER3D	No-Essential3D
320	N	320	21.479	19.728	49.46	NA	0.667910447761194	Inf	-0.5332552713760036	0	1	No-PER3D	No-Essential3D
321	T	321	23.379	20.463	52.607	NA	0.66542750929368	Inf	-0.217569010309356	0	1	No-PER3D	No-Essential3D
322	K	322	20.537	21.449	54.807	NA	0.61820418204182	Inf	-0.3246506701279158	0	1	No-PER3D	No-Essential3D
323	L	323	17.243	20.036	53.919	NA	0.661764705882353	Inf	-0.526774291062515	0	1	No-PER3D	No-Essential3D
324	D	324	15.614	23.281	54.829	NA	0.756302521008403	Inf	-0.4643308548153979	0	1	No-PER3D	No-Essential3D
325	N	325	15.048	24.515	51.323	NA	0.657509157509158	Inf	-0.6636495766036274	0	1	No-PER3D	No-Essential3D
326	N	326	11.686	25.238	49.873	NA	0.651459854014599	Inf	-0.7390045482490795	0	1	No-PER3D	No-Essential3D
327	L	327	11.319	21.562	50.246	NA	0.649090909090909	Inf	-0.7576249364799957	0	1	No-PER3D	No-Essential3D
328	D	328	11.757	21.236	53.968	NA	0.649090909090909	Inf	-0.8039722102490796	0	1	No-PER3D	No-Essential3D
329	S	329	11.257	17.96	55.664	NA	0.552795031055901	Inf	-0.6864003142749909	0	1	No-PER3D	No-Essential3D
330	V	330	7.807	17.59	54.207	NA	0.550799381124291	Inf	-0.803258193757111	0	1	No-PER3D	No-Essential3D
331	S	331	6.149	14.995	56.396	NA	0.461956521739131	Inf	-0.8943436016566966	0	1	No-PER3D	No-Essential3D
332	L	332	6.781	11.917	58.477	NA	0.483303249097473	Inf	-0.8632410401240955	0	1	No-PER3D	No-Essential3D
333	L	333	4.053	9.956	56.774	NA	0.515523465703971	Inf	-1.0834485846637987	0	0.9999999999999999	No-PER3D	No-Essential3D
334	I	334	5.59	10.314	53.359	NA	0.513669064748202	Inf	-1.0853202598161755	0	0.9999999999999999	No-PER3D	No-Essential3D
335	D	335	9.223	9.861	52.477	NA	0.550799381124291	Inf	-0.7145083586867547	0	1	No-PER3D	No-Essential3D
336	H	336	11.089	12.912	51.254	NA	0.544897959183674	Inf	-0.7141374928631624	0	1	No-PER3D	No-Essential3D
337	V	337	11.324	13.438	47.545	NA	0.508571428571429	Inf	-1.0355195208037058	0	1	No-PER3D	No-Essential3D
338	C	338	14.201	14.743	45.539	NA	0.47508896797153	Inf	-0.9373695455388088	0	1	No-PER3D	No-Essential3D
339	S	339	13.746	17.38	42.93	NA	0.394503546099291	Inf	-0.8402733757768032	0	1	No-PER3D	No-Essential3D
340	R	340	15.826	15.309	40.598	NA	0.42080378250591	Inf	-0.9063608633706669	0	1	No-PER3D	No-Essential3D
341	R	341	13.967	12.951	38.361	NA	0.360955770208439	Inf	-0.6577662378639895	0	1	No-PER3D	No-Essential3D
342	Q	342	16.623	10.366	37.809	NA	0.386252045826514	Inf	-0.72115648215622985	0	1	No-PER3D	No-Essential3D
343	F	343	17.099	6.77	38.616	NA	0.313604240282686	Inf	-0.5528095864520075	0	0.9999999999999999	No-PER3D	No-Essential3D
344	P	344	17.463	6.369	35.538	NA	0.313604240282686	Inf	-0.44780260788502946	0	1	No-PER3D	No-Essential3D
345	C	345	14.06	4.763	35.666	NA	0.313604240282686	Inf	-0.037066995471097035	0	0.9999999999999999	No-PER3D	No-Essential3D
346	Y	346	12.033	6.023	38.551	NA	0.313604240282686	Inf	-0.2817692201497662	0	1	No-PER3D	No-Essential3D
347	T	347	8.595	4.572	39.172	NA	0.315836298932384	Inf	-0.2282790565938954	0	1	No-PER3D	No-Essential3D
348	Q	348	6.104	7.361	39.024	NA	0.314716312056738	Inf	-0.16557491022401896	0	1	No-PER3D	No-Essential3D
349	Q	349	2.448	6.8	38.658	NA	0.419928825622776	Inf	0.3754735035783869	0	1	No-PER3D	No-Essential3D
350	I	350	0.8	3.453	38.575	NA	0.421428571428571	Inf	0.29205199918884345	0	1	No-PER3D	No-Essential3D
351	L	351	-2.362	3.351	36.53	NA	0.526785714285714	Inf	0.36883490268004	0	1	No-PER3D	No-Essential3D
352	T	352	-5.166	1.22	37.773	NA	0.526785714285714	Inf	0.3275360936464507	0	1	No-PER3D	No-Essential3D
353	E	353	-8.508	0.737	36.194	NA	0.525297619047619	Inf	0.335206514290711	0	0.9999999999999999	No-PER3D	No-Essential3D
354	H	354	-8.338	-2.307	34.008	NA	0.526079136690648	Inf	0.37979722087336265	0	0.9999999999999999	No-PER3D	No-Essential3D
355	C	355	-10.02	-5.342	35.443	NA	0.457815565729235	Inf	0.4604457864950383	0	0.9999999999999999	No-PER3D	No-Essential3D
356	N	356	-7.908	-7.822	33.583	NA	0.457815565729235	Inf	0.4521520574040202	0	0.9999999999999999	No-PER3D	No-Essential3D
357	E	357	-4.572	-8.262	31.892	NA	0.461133069828722	Inf	0.4113823244999143	0	1	No-PER3D	No-Essential3D
358	V	358	-3.442	-5.269	29.954	NA	0.461133069828722	Inf	0.38862265414667113	0	1	No-PER3D	No-Essential3D
359	W	359	-2.341	-6.421	26.546	NA	0.464132231404959	Inf	0.3875724268524214	0	0.9999999999999999	No-PER3D	No-Essential3D
360	F	360	-0.871	-3.324	25.013	NA	0.569343065693431	Inf	0.23695111684343703	6.779755382669531	0.19249572570583612	No-PER3D	No-Essential3D
361	C	361	0.186	0.238	25.69	NA	0.569343065693431	Inf	0.2582842923771317	4.057765006826294	0.2761787964631309	No-PER3D	No-Essential3D
362	K	362	1.009	3.005	23.249	NA	0.566098945660989	Inf	0.12252044810972905	5.216351844283662	0.10008470609266876	No-PER3D	No-Essential3D
363	F	363	1.903	6.664	23.573	NA	0.545881126173097	Inf	0.19152271671217536	5.216351844283662	0.10008470609266876	No-PER3D	No-Essential3D
364	S	364	0.288	9.147	21.228	NA	0.549894957983193	Inf	-0.019323620138985784	4.66757300338531	0.11705453734920705	No-PER3D	No-Essential3D
365	N	365	2.659	10.735	18.741	NA	0.545881126173097	Inf	-0.21548944368711276	4.66757300338531	0.11705453734920705	No-PER3D	No-Essential3D
366	D	366	1.694	14.014	20.34	NA	0.549450549450549	Inf	-0.13369377810299177	4.216649285208259	0.1348206070224744	No-PER3D	No-Essential3D
367	G	367	3.127	12.698	23.575	NA	0.548571428571429	Inf	0.2401887444698182	4.66757300338531	0.11705453734920705	No-PER3D	No-Essential3D
368	T	368	0.004	13.788	25.421	NA	0.64	Inf	0.16124126392675003	4.216649285208259	0.1348206070224744	No-PER3D	No-Essential3D
369	K	369	-1.773	10.496	25.893	NA	0.730848861283644	Inf	0.24502354036412471	3.8396886198587663	0.1532848013847996	No-PER3D	No-Essential3D
370	L	370	-1.331	6.83	26.741	NA	0.861313868613139	Inf	0.35987528780993316	5.216351844283662	0.10008470609266876	No-PER3D	No-Essential3D
371	A	371	-3.702	4.251	25.369	NA	0.976102941176471	Inf	0.04670628443833495	6.772952581403219	0.0689542242609276	No-PER3D	No-Essential3D
372	T	372	-4.01	0.831	26.908	NA	0.905128205128205	Inf	0.17484345028961895	2.870427155199339	0.35231598209455833	No-PER3D	No-Essential3D
373	G	373	-5.883	-2.217	25.697	NA	0.973345588235294	Inf	0.1606324316531254	10.11371492296127	0.14763437713393815	No-PER3D	No-Essential3D
374	S	374	-7.021	-4.998	27.954	NA	1.00482543286971	Inf	0.2088587493022147	0	1	No-PER3D	No-Essential3D
375	K	375	-8.545	-8.437	28.229	NA	0.958765432098765	Inf	0.21822581415975204	0	0.9999999999999999	No-PER3D	No-Essential3D
376	D	376	-11.492	-6.693	29.821	NA	0.965055762081784	Inf	0.16084015097376292	0	0.9999999999999999	No-PER3D	No-Essential3D
377	T	377	-12.46	-5.677	26.258	NA	0.970426065162907	Inf	-0.060489161718071	0	0.9999999999999999	No-PER3D	No-Essential3D
378	T	378	-11.879	-1.991	26.83	NA	0.970426065162907	Inf	0.003618287143477465	0	0.9999999999999999	No-PER3D	No-Essential3D
379	V	379	-9.419	0.637	25.739	NA	0.971320754716981	Inf	-0.0038165896679039544	10.11371492296127	0.14763437713393815	No-PER3D	No-Essential3D
380	I	380	-8.505	3.297	28.225	NA	0.947905477980666	Inf	0.20089451823246107	0	1	No-PER3D	No-Essential3D
381	I	381	-6.843	6.631	27.612	NA	0.95508658008658	Inf	0.13494442978457274	9.532471304384611	0.04232886916660404	PER3D	No-Essential3D
382	W	382	-4.595	8.28	30.168	NA	0.926586721263527	Inf	0.25125868168765275	0	1	No-PER3D	No-Essential3D
383	Q	383	-2.699	11.534	30.344	NA	0.932765707574868	Inf	0.29545337174155484	0	0.9999999999999999	No-PER3D	No-Essential3D
384	V	384	0.961	10.692	30.216	NA	0.939940828402367	Inf	0.337420899425914	0	1	No-PER3D	No-Essential3D
385	D	385	2.235	14.038	31.317	NA	0.939940828402367	Inf	0.3970729534393543	0	1	No-PER3D	No-Essential3D
386	P	386	-0.114	17.004	30.521	NA	0.874584717607973	Inf	0.39983514724493874	0	1	No-PER3D	No-Essential3D
387	D	387	-2.244	16.884	33.62	NA	0.87798777098388	Inf	0.5415903835408835	0	1	No-PER3D	No-Essential3D
388	T	388	-0.682	18.153	36.949	NA	0.819455252918288	Inf	0.47882968989202	0	1	No-PER3D	No-Essential3D
389	H	389	-0.377	15.018	39.045	NA	0.811627906976744	Inf	0.16727474391587732	0	1	No-PER3D	No-Essential3D
390	L	390	0.386	12.834	35.861	NA	0.810810810810811	Inf	0.37001290547661986	0	1	No-PER3D	No-Essential3D
391	L	391	-1.096	9.558	34.652	NA	0.757211538461538	Inf	0.2896250838400501	0	0.9999999999999999	No-PER3D	No-Essential3D
392	K	392	-4.453	11.2	35.146	NA	0.707229456668164	Inf	0.11378349136875805	0	1	No-PER3D	No-Essential3D
393	L	393	-7.216	9.142	33.615	NA	0.662878787878788	Inf	0.28317439761409996	0	1	No-PER3D	No-Essential3D
394	L	394	-9.271	10.314	30.688	NA	0.657303370786517	Inf	0.5058266931403125	0	1	No-PER3D	No-Essential3D
395	K	395	-11.886	8.154	29.059	NA	0.652416356877323	Inf	0.6157085535228306	0	1	No-PER3D	No-Essential3D
396	T	396	-12.703	4.553	28.362	NA	0.656716417910448	Inf	0.6900478690749523	0	1	No-PER3D	No-Essential3D
397	L	397	-13.528	3.288	24.892	NA	0.661654135338346	Inf	0.5342449142196369	0	1	No-PER3D	No-Essential3D
398	E	398	-15.984	0.431	24.727	NA	0.700574966828837	Inf	0.579756919533084	0	0.9999999999999999	No-PER3D	No-Essential3D
399	G	399	-17.561	-1.654	22.009	NA	0.739466292134832	Inf	0.5205493088900753	0	1	No-PER3D	No-Essential3D
400	H	400	-15.385	-4.715	21.497	NA	0.773298083278255	Inf	0.5311800032478649	0	1	No-PER3D	No-Essential3D
401	A	401	-17.152	-8	22.171	NA	0.733082706766917	Inf	0.5994533771094457	0	1	No-PER3D	No-Essential3D
402	Y	402	-13.986	-9.747	23.315	NA	0.657303370786517	Inf	0.5748075377529895	0	1	No-PER3D	No-Essential3D
403	G	403	-10.566	-8.967	24.705	NA	0.658582089552239	Inf	0.07845251633947509	0	1	No-PER3D	No-Essential3D
404	V	404	-8.301	-6.517	22.909	NA	0.548818407960199	Inf	0.12765586461543801	0	1	No-PER3D	No-Essential3D
405	S	405	-4.771	-7.6	21.99	NA	0.478968792401628	Inf	-0.0014453957563694104	5.085514754409148	0.23531792206992067	No-PER3D	No-Essential3D
406	Y	406	-3.376	-4.466	20.4	NA	0.439450686641698	Inf	-0.11972303914944128	11.91249579436187	0.03101355010386886	PER3D	Essential3D
407	I	407	-3.981	-0.735	20.049	NA	0.439450686641698	Inf	-0.09578400223528873	3.366773045217595	0.31515378434588537	No-PER3D	No-Essential3D
408	A	408	-2.303	1.887	17.881	NA	0.526315789473684	Inf	-0.2635466538519687	6.772952581403219	0.0689542242609276	No-PER3D	No-Essential3D
409	W	409	-2.513	5.629	17.298	NA	0.526315789473684	Inf	-0.22032654893408352	5.899732071204046	0.08401479013003789	No-PER3D	No-Essential3D
410	S	410	-2.735	7.487	14.025	NA	0.596912521440823	Inf	-0.43773950015710994	5.899732071204046	0.08401479013003789	No-PER3D	No-Essential3D
411	P	411	0.063	9.894	13.373	NA	0.649253731343284	Inf	-0.6961200827980081	5.899732071204046	0.08401479013003789	No-PER3D	No-Essential3D
412	D	412	-2.162	12.922	13.991	NA	0.646840148698885	Inf	-0.5477368512193866	9.532471304384611	0.04232886916660404	PER3D	Essential3D
413	D	413	-3.179	11.392	17.337	NA	0.646840148698885	Inf	-0.2684931162098979	7.9294197386136185	0.05501840010517524	No-PER3D	No-Essential3D
414	N	414	-6.808	11.873	16.307	NA	0.644444444444445	Inf	-0.10578382408043689	5.899732071204046	0.08401479013003789	No-PER3D	No-Essential3D
415	Y	415	-7.624	8.218	15.735	NA	0.644981412639405	Inf	-0.10880831104230868	3.8396886198587663	0.1532848013847996	No-PER3D	No-Essential3D
416	L	416	-6.935	4.975	17.498	NA	0.644981412639405	Inf	0.07244564946638772	4.66757300338531	0.11705453734920705	No-PER3D	No-Essential3D
417	V	417	-7.196	1.427	16.158	NA	0.647388059701493	Inf	-0.10059684710192067	3.519131888249039	0.17235437916884044	No-PER3D	No-Essential3D
418	A	418	-7.692	-1.725	18.186	NA	0.596581196581197	Inf	0.10925897033092824	1.778457324670935	0.4842199772633982	No-PER3D	No-Essential3D
419	C	419	-7.539	-5.428	17.384	NA	0.700600514726909	Inf	0.01605227308808066	1.6181007983906466	0.5133365914501419	No-PER3D	No-Essential3D
420	G	420	-9.626	-8.009	19.193	NA	0.695430031223389	Inf	0.23104317740909858	2.2046455436874655	0.4214830253452871	No-PER3D	No-Essential3D
421	P	421	-10.33	-11.649	19.497	NA	0.692873303167421	Inf	0.21208713750690086	2.2046455436874655	0.4214830253452871	No-PER3D	No-Essential3D
422	D	422	-13.963	-10.803	18.792	NA	0.745133819951338	Inf	0.2903871606425622	2.2046455436874655	0.4214830253452871	No-PER3D	No-Essential3D
423	D	423	-16.135	-13.306	17.096	NA	0.850909090909091	Inf	0.32854290847853246	0	1	No-PER3D	No-Essential3D
424	C	424	-16.088	-10.496	14.649	NA	0.957272727272727	Inf	0.430147889211212	0	1	No-PER3D	No-Essential3D
425	S	425	-12.345	-10.623	14.994	NA	0.974729241877256	Inf	0.12321854328975272	1.970515720227591	0.4536228572705489	No-PER3D	No-Essential3D
426	E	426	-12.566	-7.08	13.954	NA	0.989208633093525	Inf	-0.07210086826171948	1.778457324670935	0.4842199772633982	No-PER3D	No-Essential3D
427	L	427	-10.481	-4.024	14.28	NA	0.921904761904762	Inf	-0.18935127732255308	1.3655222666703564	0.5673670618382576	No-PER3D	No-Essential3D
428	W	428	-12.183	-0.833	15.297	NA	0.918623962040332	Inf	0.07247271773697342	1.778457324670935	0.4842199772633982	No-PER3D	No-Essential3D
429	L	429	-11.259	2.69	14.384	NA	0.892221657346213	Inf	-0.07559806314189146	1.6181007983906466	0.5133365914501419	No-PER3D	No-Essential3D
430	W	430	-11.954	5.178	17.115	NA	0.84047619047619	Inf	0.24778743659650015	4.66757300338531	0.11705453734920705	No-PER3D	No-Essential3D
431	N	431	-12.207	8.938	17.229	NA	0.81045918367347	Inf	0.20390467935991932	6.772952581403219	0.0689542242609276	No-PER3D	No-Essential3D
432	V	432	-10.381	9.786	20.373	NA	0.900510204081633	Inf	0.29425538020790426	6.772952581403219	0.0689542242609276	No-PER3D	No-Essential3D
433	Q	433	-12.067	13.076	20.94	NA	0.906988694758479	Inf	0.3135996505251774	3.366773045217595	0.31515378434588537	No-PER3D	No-Essential3D
434	T	434	-15.576	11.746	20.423	NA	0.905105724600309	Inf	0.3996089379097267	0	1	No-PER3D	No-Essential3D
435	G	435	-14.94	8.249	21.667	NA	0.844765342960289	Inf	0.5191187174650829	0	1	No-PER3D	No-Essential3D
436	E	436	-17.053	7.189	18.726	NA	0.849578820697954	Inf	0.38053531825557807	0	1	No-PER3D	No-Essential3D
437	L	437	-16.348	4.079	16.719	NA	0.843488649940263	Inf	0.4107766137847796	0	1	No-PER3D	No-Essential3D
438	R	438	-15.942	5.456	13.286	NA	0.843488649940263	Inf	0.18754683892502105	0	1	No-PER3D	No-Essential3D
439	T	439	-15.503	2.148	11.627	NA	0.813445378151261	Inf	-0.0805551974928691	0	1	No-PER3D	No-Essential3D
440	K	440	-15.564	-1.546	12.209	NA	0.818680160236138	Inf	-0.054038630672888936	0	1	No-PER3D	No-Essential3D
441	M	441	-13.065	-3.506	10.192	NA	0.785142348754448	Inf	-0.268244455922385	0	0.9999999999999999	No-PER3D	No-Essential3D
442	S	442	-14.485	-6.86	9.473	NA	0.75373665480427	Inf	-0.01480298979947512	0	1	No-PER3D	No-Essential3D
443	Q	443	-13.21	-9.845	7.595	NA	0.711693548387097	Inf	-0.47393636393418076	1.778457324670935	0.4842199772633982	No-PER3D	No-Essential3D
444	S	444	-9.873	-8.613	8.456	NA	0.717391304347826	Inf	-0.4798393352669138	1.778457324670935	0.4842199772633982	No-PER3D	No-Essential3D
445	H	445	-9.945	-12.087	9.736	NA	0.755080213903743	Inf	-0.44320061696269697	1.970515720227591	0.4536228572705489	No-PER3D	No-Essential3D
446	E	446	-12.043	-15.047	10.55	NA	0.750213128729753	Inf	0.07163814162122137	2.2046455436874655	0.4214830253452871	No-PER3D	No-Essential3D
447	D	447	-9.845	-15.564	13.58	NA	0.755080213903743	Inf	-0.1157715371224201	2.870427155199339	0.35231598209455833	No-PER3D	No-Essential3D
448	S	448	-8.721	-13.293	16.368	NA	0.802272727272727	Inf	-0.21263850767842757	2.870427155199339	0.35231598209455833	No-PER3D	No-Essential3D
449	L	449	-6.834	-10.172	15.457	NA	0.858181818181818	Inf	-0.30619652901178734	1.6181007983906466	0.5133365914501419	No-PER3D	No-Essential3D
450	T	450	-3.599	-9.973	17.44	NA	0.821557503867973	Inf	-0.5118700313423651	1.778457324670935	0.4842199772633982	No-PER3D	No-Essential3D
451	S	451	-1.892	-6.822	16.203	NA	0.824534161490683	Inf	-0.5211474270095785	1.970515720227591	0.4536228572705489	No-PER3D	No-Essential3D
452	V	452	-2.486	-3.604	14.323	NA	0.825194805194805	Inf	-0.639621774482085	5.216351844283662	0.10008470609266876	No-PER3D	No-Essential3D
453	A	453	-0.665	-0.501	13.186	NA	0.819875776397516	Inf	-0.7617782786404486	2.2046455436874655	0.4214830253452871	No-PER3D	No-Essential3D
454	W	454	-1.23	2.652	11.191	NA	0.728210417741104	Inf	-0.8761430154498263	6.772952581403219	0.0689542242609276	No-PER3D	No-Essential3D
455	N	455	1.102	3.621	8.414	NA	0.684782608695652	Inf	-1.1530431861695414	3.366773045217595	0.31515378434588537	No-PER3D	No-Essential3D
456	P	456	2.981	6.819	8.812	NA	0.679349324510615	Inf	-1.0050292520961943	9.532471304384611	0.04232886916660404	PER3D	Essential3D
457	D	457	0.641	8.546	6.412	NA	0.586054233536248	Inf	-1.0519215276091434	11.91249579436187	0.03101355010386886	PER3D	Essential3D
458	G	458	-2.274	7.302	8.5	NA	0.628113879003559	Inf	-0.9238229790353347	7.9294197386136185	0.05501840010517524	No-PER3D	No-Essential3D
459	K	459	-4.315	6.332	5.474	NA	0.630357142857143	Inf	-0.9898691540338169	5.085514754409148	0.23531792206992067	No-PER3D	No-Essential3D
460	R	460	-3.736	2.645	5.881	NA	0.630357142857143	Inf	-1.1315540358984033	2.870427155199339	0.35231598209455833	No-PER3D	No-Essential3D
461	F	461	-3.895	0.207	8.723	NA	0.572630216758331	Inf	-0.9927945763019934	2.870427155199339	0.35231598209455833	No-PER3D	No-Essential3D
462	V	462	-2.296	-3.192	8.884	NA	0.578809679529104	Inf	-1.1735994264867542	1.778457324670935	0.4842199772633982	No-PER3D	No-Essential3D
463	T	463	-3.563	-6.081	10.947	NA	0.508303249097473	Inf	-0.8758367884600202	1.3655222666703564	0.5673670618382576	No-PER3D	No-Essential3D
464	G	464	-2.218	-9.486	11.882	NA	0.577617328519856	Inf	-0.8747537013457242	1.778457324670935	0.4842199772633982	No-PER3D	No-Essential3D
465	G	465	-4.34	-12.411	12.942	NA	0.577617328519856	Inf	-0.8463438742470855	2.496502488223116	0.38773620182376223	No-PER3D	No-Essential3D
466	Q	466	-4.614	-16.033	14.021	NA	0.64	Inf	-0.767804031223948	2.870427155199339	0.35231598209455833	No-PER3D	No-Essential3D
467	R	467	-5.916	-16.673	10.527	NA	0.642335766423358	Inf	-0.929127658005058	3.366773045217595	0.31515378434588537	No-PER3D	No-Essential3D
468	G	468	-2.298	-16.405	9.525	NA	0.647058823529412	Inf	-1.2049625436057192	3.366773045217595	0.31515378434588537	No-PER3D	No-Essential3D
469	Q	469	-2.738	-13.452	7.271	NA	0.555086979441223	Inf	-1.2204173621149685	3.366773045217595	0.31515378434588537	No-PER3D	No-Essential3D
470	F	470	-1.827	-9.786	7.248	NA	0.483915441176471	Inf	-1.281946034801683	1.778457324670935	0.4842199772633982	No-PER3D	No-Essential3D
471	Y	471	-4.454	-7.432	6.003	NA	0.483915441176471	Inf	-1.0237364810557381	1.4821886038539822	0.5410328829936296	No-PER3D	No-Essential3D
472	Q	472	-4.025	-3.929	4.698	NA	0.482933579335793	Inf	-1.2356191794477165	2.2046455436874655	0.4214830253452871	No-PER3D	No-Essential3D
473	C	473	-7.048	-1.774	4.977	NA	0.479779411764706	Inf	-0.7662970478430499	0	1	No-PER3D	No-Essential3D
474	D	474	-7.985	1.701	3.952	NA	0.478400735294118	Inf	-0.9850653909960903	0	1	No-PER3D	No-Essential3D
475	L	475	-8.922	4.07	6.711	NA	0.479395604395604	Inf	-0.6016921852315004	0	1	No-PER3D	No-Essential3D
476	D	476	-12.139	4.386	4.831	NA	0.365253793825222	Inf	-0.8667823352840165	0	1	No-PER3D	No-Essential3D
477	G	477	-12.776	0.778	5.916	NA	0.365546218487395	Inf	-0.5515786572844426	0	1	No-PER3D	No-Essential3D
478	N	478	-12.201	-1.434	2.867	NA	0.365840801265155	Inf	-1.1230912892652922	0	1	No-PER3D	No-Essential3D
479	L	479	-9.569	-4.178	2.731	NA	0.320110701107011	Inf	-1.1449628554634481	0	1	No-PER3D	No-Essential3D
480	L	480	-6.991	-3.317	0.136	NA	0.28641975308642	Inf	-1.4802910775845817	0	1	No-PER3D	No-Essential3D
481	D	481	-4.924	-6.459	0.316	NA	0.287484510532838	Inf	-1.5434676218972254	0	1	No-PER3D	No-Essential3D
482	S	482	-4.324	-9.742	2.029	NA	0.260674157303371	Inf	-1.4242205682594136	3.366773045217595	0.31515378434588537	No-PER3D	No-Essential3D
483	W	483	-1.009	-11.437	2.882	NA	0.261132075471698	Inf	-1.6228685892356505	2.496502488223116	0.38773620182376223	No-PER3D	No-Essential3D
484	E	484	-0.494	-15.189	3.277	NA	0.353421859039837	Inf	-1.6107584503241907	3.366773045217595	0.31515378434588537	No-PER3D	No-Essential3D
485	G	485	1.602	-16.453	6.3	NA	0.388432835820896	Inf	-1.763794350490986	3.366773045217595	0.31515378434588537	No-PER3D	No-Essential3D
486	V	486	1.08	-18.436	9.853	NA	0.428395061728395	Inf	-1.595551993580578	5.085514754409148	0.23531792206992067	No-PER3D	No-Essential3D
487	R	487	-0.336	-17.007	13.236	NA	0.428395061728395	Inf	-1.080952751572214	3.366773045217595	0.31515378434588537	No-PER3D	No-Essential3D
488	V	488	0.802	-13.434	13.064	NA	0.469470827679783	Inf	-1.0783618749081274	2.496502488223116	0.38773620182376223	No-PER3D	No-Essential3D
489	Q	489	2.09	-11.932	16.292	NA	0.428748451053284	Inf	-0.7365213797520176	3.366773045217595	0.31515378434588537	No-PER3D	No-Essential3D
490	C	490	3.096	-8.475	15.146	NA	0.399884759435321	Inf	-0.8089867415823178	2.496502488223116	0.38773620182376223	No-PER3D	No-Essential3D
491	L	491	2.85	-6.002	12.258	NA	0.402902757619739	Inf	-0.9157857034344887	1.970515720227591	0.4536228572705489	No-PER3D	No-Essential3D
492	W	492	4.643	-2.715	11.675	NA	0.436477987421384	Inf	-0.9466054535046362	0	1	No-PER3D	No-Essential3D
493	C	493	5.154	-0.262	8.867	NA	0.43609022556390997	Inf	-1.001058846196336	0	1	No-PER3D	No-Essential3D
494	L	494	8.555	1.147	8.014	NA	0.435705368289638	Inf	-0.5958473407768503	0	1	No-PER3D	No-Essential3D
495	S	495	9.159	4.859	8.34	NA	0.327067669172932	Inf	-0.6061278382209551	0	1	No-PER3D	No-Essential3D
496	D	496	8.585	5.334	4.627	NA	0.325278810408922	Inf	-0.8636816075491712	0	1	No-PER3D	No-Essential3D
497	G	497	5.362	3.34	4.662	NA	0.403341976375684	Inf	-1.1508036928873129	0	1	No-PER3D	No-Essential3D
498	K	498	6.685	1.408	1.689	NA	0.374531835205993	Inf	-1.428549174346698	0	1	No-PER3D	No-Essential3D
499	T	499	7.31	-1.757	3.632	NA	0.34956304619226	Inf	-0.922626855662098	0	1	No-PER3D	No-Essential3D
500	V	500	5.553	-3.759	6.303	NA	0.348258706467662	Inf	-1.1065160083408445	0	0.9999999999999999	No-PER3D	No-Essential3D
501	L	501	7.185	-6.264	8.592	NA	0.37037037037037	Inf	-0.8494563997449488	0	1	No-PER3D	No-Essential3D
502	A	502	5.408	-9.204	10.165	NA	0.371747211895911	Inf	-1.0737605115154518	1.970515720227591	0.4536228572705489	No-PER3D	No-Essential3D
503	S	503	6.299	-11.639	12.926	NA	0.371747211895911	Inf	-0.7708817891443375	2.870427155199339	0.35231598209455833	No-PER3D	No-Essential3D
504	D	504	4.783	-15.023	13.309	NA	0.372809346787042	Inf	-0.9033660043939747	3.366773045217595	0.31515378434588537	No-PER3D	No-Essential3D
505	T	505	4.584	-18.081	15.508	NA	0.401486988847584	Inf	-0.6085649888183855	4.057765006826294	0.2761787964631309	No-PER3D	No-Essential3D
506	H	506	5.926	-19.956	12.527	NA	0.370057986294149	Inf	-1.1273726372062796	0	1	No-PER3D	No-Essential3D
507	Q	507	9.308	-18.543	13.497	NA	0.36734693877551	Inf	-0.808480846265207	0	1	No-PER3D	No-Essential3D
508	R	508	9.69	-16.127	10.632	NA	0.368393511250654	Inf	-0.982361035426708	0	1	No-PER3D	No-Essential3D
509	I	509	10.002	-12.408	10.127	NA	0.367049009384776	Inf	-0.3472557385893778	0	1	No-PER3D	No-Essential3D
510	R	510	8.778	-11.239	6.804	NA	0.393534002229654	Inf	-1.0458279300682227	0	1	No-PER3D	No-Essential3D
511	G	511	9.074	-7.984	4.959	NA	0.429090909090909	Inf	-0.7668824235236781	0	1	No-PER3D	No-Essential3D
512	Y	512	6.35	-7.129	2.529	NA	0.4915301305193	Inf	-1.6187626381757028	0	1	No-PER3D	No-Essential3D
513	N	513	5.954	-4.519	-0.146	NA	0.53743961352657	Inf	-1.8300085567826518	0	1	No-PER3D	No-Essential3D
514	F	514	2.927	-2.476	0.744	NA	0.596989966555184	Inf	-1.7217348788356897	0	1	No-PER3D	No-Essential3D
515	E	515	2.173	-1.325	-2.781	NA	0.599663110612016	Inf	-1.7614387871327197	0	1	No-PER3D	No-Essential3D
516	D	516	2.274	-4.784	-4.216	NA	0.557299843014129	Inf	-1.8403140394340771	0	0.9999999999999999	No-PER3D	No-Essential3D
517	L	517	1.644	-7.412	-1.547	NA	0.500140884756269	Inf	-1.7736530864393725	0	1	No-PER3D	No-Essential3D
518	T	518	4.872	-9.235	-2.416	NA	0.4330900243309	Inf	-1.7763722937180246	0	1	No-PER3D	No-Essential3D
519	D	519	7.105	-10.795	0.163	NA	0.505251206358217	Inf	-1.7168795887439663	0	1	No-PER3D	No-Essential3D
520	R	520	10.415	-9.084	-0.229	NA	0.546296296296296	Inf	-0.8681606282748436	0	1	No-PER3D	No-Essential3D
521	N	521	12.332	-10.924	2.422	NA	0.595959595959596	Inf	-0.2637018169548758	0	1	No-PER3D	No-Essential3D
522	I	522	12.151	-13.703	4.956	NA	0.592083193559208	Inf	-0.4055191305099889	0	1	No-PER3D	No-Essential3D
523	V	523	14.391	-13.476	7.964	NA	0.590909090909091	Inf	0.39617731822649893	0	1	No-PER3D	No-Essential3D
524	Q	524	15.189	-16.537	9.953	NA	0.644160583941606	Inf	0.21838588995320027	0	1	No-PER3D	No-Essential3D
525	E	525	17.4	-18.173	12.563	NA	0.648897058823529	Inf	1.036262356722181	0	0.9999999999999999	No-PER3D	No-Essential3D
526	D	526	14.953	-20.367	14.749	NA	0.707887700534759	Inf	0.17868653497513098	0	1	No-PER3D	No-Essential3D
527	H	527	11.921	-20.137	17.267	NA	0.713131313131313	Inf	0.43956900355711404	0	0.9999999999999999	No-PER3D	No-Essential3D
528	P	528	8.523	-18.408	17.372	NA	0.653703703703704	Inf	0.09645838838677691	0	0.9999999999999999	No-PER3D	No-Essential3D
529	I	529	8.582	-14.673	16.836	NA	0.723657236572366	Inf	-0.025491572283181534	0	1	No-PER3D	No-Essential3D
530	M	530	6.576	-12.873	19.403	NA	0.81712962962963	Inf	0.17385980011192675	0	1	No-PER3D	No-Essential3D
531	S	531	7.274	-9.315	18.33	NA	0.808150183150183	Inf	0.06724207201211344	0	1	No-PER3D	No-Essential3D
532	F	532	8.757	-7.061	15.68	NA	0.806525735294118	Inf	-0.3057762585427239	0	1	No-PER3D	No-Essential3D
533	T	533	9.386	-3.335	15.258	NA	0.803571428571429	Inf	-0.10369470747921267	0	0.9999999999999999	No-PER3D	No-Essential3D
534	I	534	11.213	-1.172	12.725	NA	0.803571428571429	Inf	-0.2011038295388202	0	1	No-PER3D	No-Essential3D
535	S	535	13.833	1.186	14.099	NA	0.80719557195572	Inf	0.0666003677044036	0	1	No-PER3D	No-Essential3D
536	K	536	13.113	4.885	13.965	NA	0.80719557195572	Inf	-0.4133439263016265	0	1	No-PER3D	No-Essential3D
537	N	537	15.657	5.351	11.223	NA	0.922509225092251	Inf	0.24252380820537267	0	1	No-PER3D	No-Essential3D
538	G	538	14.104	2.438	9.368	NA	0.91987348444913	Inf	0.22046718133696006	0	1	No-PER3D	No-Essential3D
539	R	539	17.418	0.701	8.866	NA	0.91987348444913	Inf	1.5670486684007072	0	1	No-PER3D	No-Essential3D
540	L	540	16.932	-2.068	11.382	NA	0.971082089552239	Inf	1.5763525187412377	0	1	No-PER3D	No-Essential3D
541	A	541	14.277	-4.4	12.687	NA	0.974719101123596	Inf	0.7188543049071379	0	1	No-PER3D	No-Essential3D
542	L	542	14.029	-5.628	16.269	NA	0.979245283018868	Inf	0.8085720364752952	0	1	No-PER3D	No-Essential3D
543	L	543	12.588	-9.106	16.697	NA	0.92991913746630706	Inf	0.5440288777533168	0	1	No-PER3D	No-Essential3D
544	N	544	11.747	-10.893	19.902	NA	0.970754716981132	Inf	0.7258685513285336	0	1	No-PER3D	No-Essential3D
545	V	545	11.571	-14.655	19.975	NA	0.924528301886792	Inf	0.7514321052854807	0	0.9999999999999999	No-PER3D	No-Essential3D
546	A	546	10.264	-17.279	22.4	NA	0.930735930735931	Inf	0.7973517058811324	0	0.9999999999999999	No-PER3D	No-Essential3D
547	T	547	13.755	-18.374	23.111	NA	1.0941475826972	Inf	1.6077159406752504	0	0.9999999999999999	No-PER3D	No-Essential3D
548	Q	548	14.434	-15.488	25.494	NA	1.32307692307692	Inf	1.6184228502238671	0	0.9999999999999999	No-PER3D	No-Essential3D
549	G	549	16.221	-13.425	22.937	NA	1.31417624521073	Inf	1.614049942496132	0	0.9999999999999999	No-PER3D	No-Essential3D
550	V	550	15.875	-10.096	21.21	NA	1.31923076923077	Inf	1.2562802456414184	0	1	No-PER3D	No-Essential3D
551	H	551	17.604	-9.632	17.893	NA	1.32432432432432	Inf	1.4083506774212715	0	1	No-PER3D	No-Essential3D
552	L	552	18.544	-6.605	15.829	NA	1.31660231660232	Inf	1.493377662859663	0	1	No-PER3D	No-Essential3D
553	W	553	18.505	-7.262	12.131	NA	1.32684824902724	Inf	1.7147523891289251	0	1	No-PER3D	No-Essential3D
554	D	554	19.796	-5.303	9.202	NA	1.32170542635659	Inf	2.22764357056747	0	1	No-PER3D	No-Essential3D
555	L	555	16.879	-5.731	6.875	NA	1.31660231660232	Inf	0.9720851939354223	0	1	No-PER3D	No-Essential3D
556	Q	556	18.621	-4.746	3.702	NA	1.31660231660232	Inf	1.7021891542476886	0	1	No-PER3D	No-Essential3D
557	D	557	21.507	-7.135	4.234	NA	1.31660231660232	Inf	2.5192157785774056	0	1	No-PER3D	No-Essential3D
558	R	558	19.28	-9.665	5.981	NA	1.31660231660232	Inf	1.4511469008231839	0	1	No-PER3D	No-Essential3D
559	V	559	21.846	-10.226	8.716	NA	1.31782945736434	Inf	2.3734129909321813	0	1	No-PER3D	No-Essential3D
560	L	560	21.55	-10.33	12.499	NA	1.31153846153846	Inf	2.56945967109704	0	1	No-PER3D	No-Essential3D
561	V	561	23.572	-7.442	13.902	NA	1.3041825095057	Inf	2.5630986671316425	0	1	No-PER3D	No-Essential3D
562	R	562	23.034	-7.851	17.634	NA	1.29433962264151	Inf	1.8801848107120696	0	1	No-PER3D	No-Essential3D
563	K	563	21.466	-10.117	20.211	NA	1.28947368421053	Inf	1.855290447681838	0	1	No-PER3D	No-Essential3D
564	Y	564	20.059	-9.065	23.561	NA	1.28252788104089	Inf	1.4438402580849774	0	1	No-PER3D	No-Essential3D
565	Q	565	19.734	-11.636	26.307	NA	1.28252788104089	Inf	1.3830753356181607	0	1	No-PER3D	No-Essential3D
566	G	566	19.183	-11.883	30.035	NA	1.27777777777778	Inf	1.1588431081867019	0	1	No-PER3D	No-Essential3D
567	V	567	15.414	-11.509	30.032	NA	1.27777777777778	Inf	1.1011903894792165	0	1	No-PER3D	No-Essential3D
568	T	568	12.913	-14.328	30.323	NA	1.26838235294118	Inf	1.4741288137878357	0	1	No-PER3D	No-Essential3D
569	Q	569	10.495	-14.799	27.463	NA	1.27675276752768	Inf	1.1823066505200983	0	0.9999999999999999	No-PER3D	No-Essential3D
570	G	570	9.158	-18.102	26.266	NA	0.949817518248175	Inf	1.2364262610554613	0	0.9999999999999999	No-PER3D	No-Essential3D
571	F	571	5.396	-17.892	26.676	NA	0.838787878787879	Inf	1.0108983263115818	0	0.9999999999999999	No-PER3D	No-Essential3D
572	Y	572	4.088	-14.529	25.611	NA	0.943636363636364	Inf	0.7195804993421479	0	1	No-PER3D	No-Essential3D
573	T	573	4.157	-11.968	22.842	NA	0.938848920863309	Inf	0.2621693618825263	0	1	No-PER3D	No-Essential3D
574	I	574	5.984	-9.237	24.735	NA	0.753237410071943	Inf	0.5573560411058129	0	1	No-PER3D	No-Essential3D
575	H	575	6.635	-5.897	23.168	NA	0.632246376811594	Inf	0.1291374874404986	0	1	No-PER3D	No-Essential3D
576	S	576	10.034	-4.359	22.623	NA	0.630434782608696	Inf	0.533926541974705	0	1	No-PER3D	No-Essential3D
577	C	577	10.937	-0.81	21.773	NA	0.421497584541063	Inf	0.18795545841307762	0	1	No-PER3D	No-Essential3D
578	F	578	13.725	1.485	20.677	NA	0.420606060606061	Inf	0.06622722566714369	0	0.9999999999999999	No-PER3D	No-Essential3D
579	G	579	14.283	4.455	22.852	NA	0.418772563176895	Inf	-0.013430179318753096	0	0.5935942506514656	No-PER3D	No-Essential3D
580	G	580	15.287	7.654	21.119	NA	0.416067146282974	Inf	-0.0407228388498749	0	1	No-PER3D	No-Essential3D
581	H	581	14.998	10.395	23.665	NA	0.416965352449223	Inf	0.17388417670634598	0	1	No-PER3D	No-Essential3D
582	N	582	18.11	10.308	25.62	NA	0.413997627520759	Inf	0.09461193299512181	0	1	No-PER3D	No-Essential3D
583	E	583	20.65	7.411	25.699	NA	0.412529550827423	Inf	-0.2769037991584977	0	1	No-PER3D	No-Essential3D
584	D	584	20.187	4.761	22.971	NA	0.416666666666667	Inf	-0.39596316818290084	0	0.9999999999999999	No-PER3D	No-Essential3D
585	F	585	18.534	1.73	24.427	NA	0.419047619047619	Inf	-0.16775036845806435	0	1	No-PER3D	No-Essential3D
586	I	586	16.31	-1.179	23.742	NA	0.420238095238095	Inf	0.26894621689603543	0	1	No-PER3D	No-Essential3D
587	A	587	13.471	-1.803	26.151	NA	0.630357142857143	Inf	0.14116394311763053	0	0.9999999999999999	No-PER3D	No-Essential3D
588	S	588	11.562	-4.975	26.661	NA	0.501067615658363	Inf	0.7624510150129448	0	1	No-PER3D	No-Essential3D
589	G	589	9.134	-6.583	29.074	NA	0.628571428571429	Inf	0.7634339581769094	0	1	No-PER3D	No-Essential3D
590	S	590	9.818	-9.944	30.636	NA	0.632616487455197	Inf	1.130634762162891	0	1	No-PER3D	No-Essential3D
591	E	591	8.137	-12.965	32.146	NA	0.722990271377368	Inf	1.0805483953748838	0	0.9999999999999999	No-PER3D	No-Essential3D
592	D	592	10.238	-12.567	35.262	NA	0.722990271377368	Inf	0.963263705023686	0	0.9999999999999999	No-PER3D	No-Essential3D
593	H	593	8.221	-9.424	35.931	NA	0.727086533538147	Inf	0.8231542863615949	0	0.9999999999999999	No-PER3D	No-Essential3D
594	K	594	10.809	-6.825	35.064	NA	0.727086533538147	Inf	0.7868214040069698	0	1	No-PER3D	No-Essential3D
595	V	595	11.428	-4.287	32.365	NA	0.638489208633094	Inf	0.4577652308603205	0	1	No-PER3D	No-Essential3D
596	Y	596	14.835	-4.665	30.773	NA	0.643115942028986	Inf	0.347043004723257	0	1	No-PER3D	No-Essential3D
597	I	597	16.838	-1.884	29.231	NA	0.566666666666667	Inf	-0.004894003080051662	0	0.9999999999999999	No-PER3D	No-Essential3D
598	W	598	19.803	-2.671	27.05	NA	0.51	Inf	0.356966876304821	0	1	No-PER3D	No-Essential3D
599	H	599	22.522	-0.488	25.656	NA	0.592695074709463	Inf	-0.12463637321930048	0	1	No-PER3D	No-Essential3D
600	K	600	21.872	-0.735	21.971	NA	0.58800985491377	Inf	0.48335553542820253	0	1	No-PER3D	No-Essential3D
601	R	601	25.495	-0.761	20.895	NA	0.631205673758865	Inf	0.44560874838431536	0	1	No-PER3D	No-Essential3D
602	S	602	27.111	-2.732	23.713	NA	0.631205673758865	Inf	0.28213744494637116	0	1	No-PER3D	No-Essential3D
603	E	603	24.149	-5.046	24.135	NA	0.577922077922078	Inf	0.8895266909847539	0	1	No-PER3D	No-Essential3D
604	L	604	24.709	-5.063	27.882	NA	0.577922077922078	Inf	0.33626231093839154	0	1	No-PER3D	No-Essential3D
605	P	605	21.805	-4.768	30.229	NA	0.695992179863148	Inf	0.18520681121670254	0	1	No-PER3D	No-Essential3D
606	I	606	21.847	-1.279	31.651	NA	0.701017394158188	Inf	-0.298731377896914	0	1	No-PER3D	No-Essential3D
607	A	607	18.922	-1.51	33.993	NA	0.752415458937198	Inf	-0.29348069862801984	0	1	No-PER3D	No-Essential3D
608	E	608	16.095	-3.644	35.249	NA	0.744324970131422	Inf	-0.34941728759004514	0	1	No-PER3D	No-Essential3D
609	L	609	12.81	-2.173	36.439	NA	0.782417582417582	Inf	0.005190813752933002	0	1	No-PER3D	No-Essential3D
610	T	610	11.084	-4.033	39.218	NA	0.81734693877551	Inf	0.11907276550568203	0	1	No-PER3D	No-Essential3D
611	G	611	7.625	-3.502	40.636	NA	0.847619047619047	Inf	0.2381478698210558	0	1	No-PER3D	No-Essential3D
612	H	612	5.068	-5.356	38.536	NA	0.853046594982079	Inf	0.6691999252731041	0	1	No-PER3D	No-Essential3D
613	T	613	4.661	-8.787	40.297	NA	0.860606060606061	Inf	0.9599987863449138	0	1	No-PER3D	No-Essential3D
614	R	614	3.416	-10.176	36.988	NA	0.860606060606061	Inf	0.6994392327867116	0	0.9999999999999999	No-PER3D	No-Essential3D
615	T	615	4.627	-10.642	33.454	NA	0.886775362318841	Inf	0.8269562691159492	0	0.9999999999999999	No-PER3D	No-Essential3D
616	V	616	5.312	-7.394	31.721	NA	0.886775362318841	Inf	0.6612464985797507	0	1	No-PER3D	No-Essential3D
617	N	617	3.511	-7.885	28.428	NA	0.839300937766411	Inf	0.6106798354611643	0	1	No-PER3D	No-Essential3D
618	C	618	3.935	-4.471	26.891	NA	0.813636363636364	Inf	0.33572402705636445	0	1	No-PER3D	No-Essential3D
619	V	619	6.208	-1.473	27.023	NA	0.873479318734793	Inf	0.18357417812085292	0	1	No-PER3D	No-Essential3D
620	S	620	6.279	1.795	25.139	NA	0.845368916797488	Inf	0.07749973954960258	0	1	No-PER3D	No-Essential3D
621	W	621	8.524	4.801	25.018	NA	0.843014128728415	Inf	0.005072320852750046	0	1	No-PER3D	No-Essential3D
622	N	622	7.441	8.392	24.924	NA	0.75	Inf	0.23050873903445082	0	1	No-PER3D	No-Essential3D
623	P	623	8.169	10.036	21.658	NA	0.755555555555556	Inf	-0.07056093047605509	0	1	No-PER3D	No-Essential3D
624	Q	624	10.006	13.176	22.434	NA	0.798513011152416	Inf	-0.03520778853987772	0	0.9999999999999999	No-PER3D	No-Essential3D
625	I	625	11.723	15.09	25.089	NA	0.795555555555556	Inf	0.22302174248667012	0	1	No-PER3D	No-Essential3D
626	P	626	10.06	12.647	27.318	NA	0.846113445378151	Inf	0.3017657182115312	0	1	No-PER3D	No-Essential3D
627	S	627	12.195	10.14	28.961	NA	0.846113445378151	Inf	-0.038979119473825805	0	1	No-PER3D	No-Essential3D
628	M	628	9.263	8.029	29.782	NA	0.933263816475495	Inf	-0.03503464190544446	0	0.5928288914248206	No-PER3D	No-Essential3D
629	M	629	8.478	4.415	29.525	NA	1.0041958041958	Inf	-0.17992835716069494	0	1	No-PER3D	No-Essential3D
630	A	630	5.135	2.805	30.088	NA	0.969314079422383	Inf	0.16875689863399543	0	0.9999999999999999	No-PER3D	No-Essential3D
631	S	631	4.812	-0.806	31.082	NA	0.987041632202923	Inf	0.20165950799612545	0	1	No-PER3D	No-Essential3D
632	A	632	1.8	-2.94	31.431	NA	1.00459183673469	Inf	0.4070745180896188	0	1	No-PER3D	No-Essential3D
633	S	633	1.286	-6.205	33.131	NA	1.03965053763441	Inf	0.4081609905626852	0	1	No-PER3D	No-Essential3D
634	D	634	-1.28	-8.756	33.954	NA	1.04705882352941	Inf	0.5502465295254187	0	1	No-PER3D	No-Essential3D
635	D	635	-4.239	-7.893	36.193	NA	1.05278766310795	Inf	0.43632898652724456	0	1	No-PER3D	No-Essential3D
636	G	636	-4.606	-4.428	34.773	NA	1.03379224030038	Inf	0.546427921730196	0	1	No-PER3D	No-Essential3D
637	T	637	-1.734	-2.369	36.097	NA	1.02651201325601	Inf	0.40222264073308855	0	1	No-PER3D	No-Essential3D
638	V	638	0.152	0.159	34.011	NA	1.01276408450704	Inf	0.4005670585723934	0	1	No-PER3D	No-Essential3D
639	R	639	3.289	1.85	35.2	NA	1.00852272727273	Inf	0.3802970088770272	0	1	No-PER3D	No-Essential3D
640	I	640	5.012	5.053	34.056	NA	0.986111111111111	Inf	0.361126285882397	0	0.9999999999999999	No-PER3D	No-Essential3D
641	W	641	8.755	5.398	34.608	NA	0.968501984126984	Inf	0.20609146089217492	0	1	No-PER3D	No-Essential3D
642	G	642	11.013	8.367	33.977	NA	0.952641664385437	Inf	0.008580361968619409	0	1	No-PER3D	No-Essential3D
643	P	643	14.757	8.762	33.94	NA	0.95519864750634	Inf	-0.2518404149777154	0	1	No-PER3D	No-Essential3D
644	A	644	16.864	11.863	33.705	NA	0.971107544141252	Inf	-0.2948634022372322	0	0.9999999999999999	No-PER3D	No-Essential3D
645	P	645	19.107	10.008	31.313	NA	0.973076923076923	Inf	-0.43418663180286354	0	1	No-PER3D	No-Essential3D
646	F	646	16.934	8.738	28.69	NA	0.951657038613561	Inf	-0.3202438220293371	0	0.5935942506514656	No-PER3D	No-Essential3D
647	I	647	16.567	6.329	25.864	NA	0.946745562130178	Inf	-0.1299752881859281	0	0.5957921185191324	No-PER3D	No-Essential3D
648	D	648	18.647	7.377	22.781	NA	1.02005532503458	Inf	-0.08766935099502822	0	1	No-PER3D	No-Essential3D
649	H	649	21.892	9.321	22.831	NA	1.02729885057471	Inf	-0.07224866275896417	0	1	No-PER3D	No-Essential3D
650	Q	650	23.81	10.413	19.808	NA	1.03512705530643	Inf	0.2604804575364243	0	1	No-PER3D	No-Essential3D
651	N	651	27.354	10.974	20.812	NA	1.0291858678955501	Inf	1.2095503219358241	0	1	No-PER3D	No-Essential3D
652	I	652	29.213	13.956	19.499	NA	1.03269537480064	Inf	2.2744548449987296	0	0.9999999999999999	No-PER3D	No-Essential3D
653	E	653	32.509	14.622	21.142	NA	1.11957008508733	Inf	2.2744548449987296	0	0.9999999999999999	No-PER3D	No-Essential3D
654	E	654	36.062	15.57	20.483	NA	1.11009593421654	Inf	2.3450830028572835	0	1	No-PER3D	No-Essential3D
655	E	655	37.045	12.348	18.851	NA	1.10261780104712	Inf	2.3450830028572835	0	1	No-PER3D	No-Essential3D
656	C	656	36.886	10.724	15.505	NA	1.10655737704918	Inf	2.3312076844083593	0	1	No-PER3D	No-Essential3D
657	S	657	33.286	9.737	15.656	NA	1.09830508474576	Inf	2.2998011679612245	0	0.9999999999999999	No-PER3D	No-Essential3D
658	S	658	32.237	8.545	12.28	NA	1.08947368421053	Inf	2.2998011679612245	0	0.9999999999999999	No-PER3D	No-Essential3D
659	M	659	31.179	5.493	10.415	NA	1.06666666666667	Inf	2.3720470892703407	0	1	No-PER3D	No-Essential3D
