Uniprot_position	aminoacid	Position_in_structure	x	y	z	paraz	mtr	paraz3dscore	mtr3dscore	PER3D_OR	PER3D_pvalue	PER3D	Essential3D
1	M	1	-30.238	-7.525	-35.046	-1.27	0.686046511627907	-2.2090608436417383	1.1867463521261918	0	1	No-PER3D	No-Essential3D
2	T	2	-26.512	-7.47	-35.589	-1.27	0.688888888888889	-2.1480646266791696	1.3120599760439937	0	0.9999999999999999	No-PER3D	No-Essential3D
3	V	3	-24.357	-4.5	-34.853	-1.27	0.821276595744681	-2.1480646266791696	1.3120599760439937	0	0.9999999999999999	No-PER3D	No-Essential3D
4	A	4	-21.892	-2.94	-37.168	-1.27	0.813422818791946	-2.1567783719595366	1.4271294487583952	0	1	No-PER3D	No-Essential3D
5	T	5	-18.496	-3.666	-35.807	-1.02	0.816774193548387	-2.1567783719595366	1.562910887598491	0	1	No-PER3D	No-Essential3D
6	G	6	-17.011	-0.381	-34.782	-1.27	0.811111111111111	-2.1633136809198117	1.5794206805214015	0	1	No-PER3D	No-Essential3D
7	D	7	-13.454	0.778	-34.49	-1.27	0.904761904761905	-2.1633136809198117	1.5517486843120187	0	1	No-PER3D	No-Essential3D
8	P	8	-12.329	1.065	-30.987	-1.27	0.841619318181818	-2.1633136809198117	1.5340472726867458	0	0.5712500432920423	No-PER3D	No-Essential3D
9	A	9	-10.519	4.22	-30.063	-1.27	0.835597826086957	-2.2090608436417383	1.4981131424686496	0	1	No-PER3D	No-Essential3D
10	D	10	-7.516	3.921	-27.864	-1.27	0.738801628853985	-2.2090608436417383	1.4833296919355652	0	1	No-PER3D	No-Essential3D
11	E	11	-8.757	6.57	-25.523	-1.27	0.735129068462402	-2.2090608436417383	1.4833296919355652	0	1	No-PER3D	No-Essential3D
12	A	12	-7.183	4.929	-22.533	-1.27	0.790243902439024	-2.2090608436417383	1.4069243684807158	0	1	No-PER3D	No-Essential3D
13	A	13	-3.471	4.76	-22.119	-1.27	0.786792452830189	-2.2090608436417383	1.3729673772827977	0	1	No-PER3D	No-Essential3D
14	A	14	-2.174	1.263	-22.42	-1.27	0.786301369863014	-2.2090608436417383	1.3759705221754681	0	1	No-PER3D	No-Essential3D
15	L	15	-1.947	-0.284	-19.035	-1.27	0.789333333333333	-2.2090608436417383	1.3802909260056124	0	1	No-PER3D	No-Essential3D
16	P	16	1.512	0.195	-17.75	-1.27	0.792207792207792	-2.2090608436417383	1.4442677158668256	0	0.9999999999999999	No-PER3D	No-Essential3D
17	G	17	1.792	-3.533	-17.536	-1.27	0.791596638655462	-2.168396699000026	1.5365833159873081	0	1	No-PER3D	No-Essential3D
18	H	18	3.365	-2.973	-14.187	-1.27	0.78780487804878	-2.168396699000026	1.6354689193104748	0	0.9999999999999999	No-PER3D	No-Essential3D
19	P	19	1.658	-4.176	-11.135	-1.27	0.787351778656126	-2.168396699000026	1.7068035621013313	0	1	No-PER3D	No-Essential3D
20	Q	20	1.708	-1.55	-8.476	-1.27	0.839405730456314	-2.172463113464197	1.7356566969422993	0	1	No-PER3D	No-Essential3D
21	D	21	4.698	-1.865	-6.25	-1.02	0.926235741444867	-2.142519516046209	1.976644373480582	0	1	No-PER3D	No-Essential3D
22	T	22	3.894	-3.904	-3.212	-1.27	0.932462686567164	-2.0786398415545	2.083726347871192	0	1	No-PER3D	No-Essential3D
23	Y	23	5.7	-3.429	0.021	-1.27	0.891385767790262	-1.8223448280990524	1.9078152496936214	0	1	No-PER3D	No-Essential3D
24	D	24	7.855	-6.465	0.509	-1.27	0.884758364312268	-1.3694043484255776	1.8057709687053072	0	0.5712500432920423	No-PER3D	No-Essential3D
25	P	25	9.704	-6.186	3.714	-1.27	0.879012345679012	-0.6357436852724913	1.161769543999867	0	0.3316191067589131	No-PER3D	No-Essential3D
26	E	26	12.355	-8.786	3.091	-0.54	0.988888888888889	-0.5557045626798748	1.2865190995565616	0	0.3316191067589131	No-PER3D	No-Essential3D
27	A	27	13.83	-7.199	0.043	-1.27	0.981617647058824	-0.4789863261579701	0.8348469640630157	0	0.5850806870568152	No-PER3D	No-Essential3D
28	D	28	13.316	-5.808	-3.414	-1.27	0.992565055762082	-0.8469887987732466	1.0456549596895242	0	1	No-PER3D	No-Essential3D
29	H	29	15.375	-7.224	-6.213	-1.02	0.986111111111111	-1.014683155259392	1.4128844023386558	0	0.9999999999999999	No-PER3D	No-Essential3D
30	E	30	16.474	-5.38	-9.316	-0.78	0.986111111111111	-1.0806308298342167	1.367015786214281	0	0.9999999999999999	No-PER3D	No-Essential3D
31	C	31	19.693	-5.016	-11.231	-0.78	0.991573033707865	-1.2458085853688525	1.4565242600287585	0	1	No-PER3D	No-Essential3D
32	C	32	21.539	-2.295	-9.44	-0.78	0.99812030075188	-0.5001908292184122	0.7744819663403268	0	0.9999999999999999	No-PER3D	No-Essential3D
33	E	33	24.839	-0.806	-8.299	-0.3	0.881398252184769	-0.3407467180782575	0.6475663282671615	0	0.9999999999999999	No-PER3D	No-Essential3D
34	R	34	26.409	-2.237	-5.167	-0.3	0.820167286245353	-0.1098150406579722	0.38629667422275804	0	0.9999999999999999	No-PER3D	No-Essential3D
35	V	35	28.298	-0.693	-2.281	0.92	0.820167286245353	0.05949363108750827	-0.1839643941187657	0	1	No-PER3D	No-Essential3D
36	V	36	31.086	-2.11	-0.217	-0.3	0.814814814814815	0.228870810899331	0.02831531599349379	0	1	No-PER3D	No-Essential3D
37	I	37	31.319	-1.1	3.425	0.92	0.724279835390947	0.31053603166693017	-0.05591149522408796	0	0.34480216185242574	No-PER3D	No-Essential3D
38	N	38	34.414	-2.168	5.231	1.4	0.651851851851852	0.3684650102908098	0.12092669324359245	0	0.3316191067589131	No-PER3D	No-Essential3D
39	I	39	34.181	-2.053	8.994	0.92	0.655430711610487	0.4904961719727489	0.22185086075628707	0	0.5850806870568152	No-PER3D	No-Essential3D
40	S	40	37.688	-2.638	10.071	0.67	0.655430711610487	0.7665272394248788	0.11843392123838845	0	0.5712500432920423	No-PER3D	No-Essential3D
41	G	41	38.718	-5.399	7.722	1.4	0.654850746268657	0.6943590837765342	0.20914431990325055	0	0.5712500432920423	No-PER3D	No-Essential3D
42	L	42	35.298	-7.055	7.747	-0.3	0.659774436090226	0.6029756605453404	0.17430718674866083	0	0.5712500432920423	No-PER3D	No-Essential3D
43	R	43	33.732	-6.44	4.351	1.4	0.52434456928839	0.5736396143793111	0.23972019589093177	0	0.5850806870568152	No-PER3D	No-Essential3D
44	F	44	30.02	-5.862	4.001	0.43	0.523880597014925	0.5808122798923678	0.33005460048136737	0	0.3316191067589131	No-PER3D	No-Essential3D
45	E	45	28.229	-5.531	0.708	0.67	0.53030303030303	0.47233285403278397	0.22722254595790145	0	1	No-PER3D	No-Essential3D
46	T	46	24.747	-4.302	-0.103	1.4	0.52434456928839	0.1803134653244861	0.2432885086353167	0	0.5850806870568152	No-PER3D	No-Essential3D
47	Q	47	22.841	-2.68	-2.94	0.19	0.438202247191011	-0.12974672755466388	0.4561811649667364	0	1	No-PER3D	No-Essential3D
48	L	48	22.753	1.088	-3.227	-0.54	0.435705368289638	-0.011628558838797253	0.08730776579041027	0	0.9999999999999999	No-PER3D	No-Essential3D
49	K	49	18.957	1.128	-3.217	-0.54	0.435705368289638	-0.2800789422839487	0.10935069199490347	0	1	No-PER3D	No-Essential3D
50	T	50	18.939	-0.821	0.016	1.4	0.435705368289638	-0.06397638361060179	0.272849617322052	0	0.5712500432920423	No-PER3D	No-Essential3D
51	L	51	20.708	2.15	1.612	1.4	0.263157894736842	0.15900491847769396	-0.02261702053232748	0	0.5850806870568152	No-PER3D	No-Essential3D
52	A	52	18.509	4.61	-0.277	-0.54	0.264905660377359	0.10208581706999163	-0.6286841807052236	0	0.9999999999999999	No-PER3D	No-Essential3D
53	Q	53	15.686	3.307	1.878	-0.3	0.223282442748092	0.20096746212375582	-0.36331342092250185	0	1	No-PER3D	No-Essential3D
54	F	54	16.711	5.657	4.697	0.43	0.223067173637516	0.36898783500763177	-0.26972271929645575	0	0.5850806870568152	No-PER3D	No-Essential3D
55	P	55	18.075	8.868	3.24	1.4	0.333650190114068	0.04854174661458886	-0.7796066041424861	0	0.9999999999999999	No-PER3D	No-Essential3D
56	E	56	18.401	10.713	6.552	-0.3	0.265399239543726	-0.07508046765310576	-0.4413525771243869	0	0.5712500432920423	No-PER3D	No-Essential3D
57	T	57	20.844	8.183	7.977	1.4	0.263396226415094	0.19760589283337435	0.03493274449953371	0	0.19208687626915646	No-PER3D	No-Essential3D
58	L	58	24.593	8.463	7.47	-0.05	0.357826384142174	0.1889168833460613	-0.2579471971264258	0	0.5712500432920423	No-PER3D	No-Essential3D
59	L	59	24.863	5.558	5.063	1.4	0.262406015037594	0.22888356272169247	-0.3014970036886184	0	1	No-PER3D	No-Essential3D
60	G	60	21.644	6.627	3.389	0.43	0.264393939393939	0.22151640988270127	-0.5797265914342701	0	1	No-PER3D	No-Essential3D
61	D	61	22.98	10.12	2.684	0.19	0.261940298507463	-0.1931358730288411	-0.9394768964490144	0	1	No-PER3D	No-Essential3D
62	P	62	25.559	10.486	-0.018	-0.3	0.261940298507463	-0.33259540544780514	-1.209878261950038	0	0.9999999999999999	No-PER3D	No-Essential3D
63	K	63	26.92	13.781	1.223	-0.54	0.237242311591754	-0.5245893160034397	-1.3815940763721095	0	1	No-PER3D	No-Essential3D
64	K	64	27.378	12.345	4.7	-0.54	0.351938502673797	-0.2612911196664903	-0.6862636112430461	0	1	No-PER3D	No-Essential3D
65	R	65	28.976	9.026	3.731	-1.02	0.351938502673797	0.021148529177352375	-0.5184530777543497	0	0.9999999999999999	No-PER3D	No-Essential3D
66	M	66	31.184	10.657	1.125	-0.3	0.351648351648352	-0.4648130233801223	-0.8635830487220746	0	1	No-PER3D	No-Essential3D
67	R	67	33.825	11.372	3.73	-1.02	0.460491889063318	-0.5341764861048506	-0.952901831808956	0	1	No-PER3D	No-Essential3D
68	Y	68	34.392	7.645	4.349	-1.27	0.497323189630882	-0.20233410254679648	-0.5417727887608232	0	1	No-PER3D	No-Essential3D
69	F	69	34.827	6.6	0.705	-1.27	0.45881126173097	-0.36771765401344547	-0.3937492539588715	0	1	No-PER3D	No-Essential3D
70	D	70	38.155	5.15	-0.376	-1.27	0.459183673469388	-0.44911666354842134	-0.1562907297100667	0	1	No-PER3D	No-Essential3D
71	P	71	38.656	5.699	-4.071	-0.54	0.456567242281528	-0.8949208092666417	-0.3531723676303444	0	0.9999999999999999	No-PER3D	No-Essential3D
72	L	72	41.44	3.183	-4.425	-0.78	0.454900938477581	-0.6670764788280003	-0.4365723941711355	0	0.9999999999999999	No-PER3D	No-Essential3D
73	R	73	39.472	0.339	-2.87	-0.3	0.506181818181818	-0.24059092982571958	0.016571048975804196	0	1	No-PER3D	No-Essential3D
74	N	74	36.03	1.533	-3.948	-0.78	0.510294117647059	-0.253115486375367	0.023187942622496637	0	1	No-PER3D	No-Essential3D
75	E	75	34.718	0.964	-0.43	0.67	0.529193899782135	-0.07500653284466628	0.014616833811136534	0	1	No-PER3D	No-Essential3D
76	Y	76	33.513	2.949	2.552	0.92	0.499794238683128	0.021848066211048924	-0.1875887691424403	0	0.5712500432920423	No-PER3D	No-Essential3D
77	F	77	35.836	2.582	5.502	1.4	0.505409904286309	0.011033188369660593	-0.10336910042486228	0	0.3316191067589131	No-PER3D	No-Essential3D
78	F	78	34.819	2.764	9.149	1.4	0.53359770874642	0.31618253860860795	0.12453486537276143	0	0.5712500432920423	No-PER3D	No-Essential3D
79	D	79	37.36	2.345	11.969	1.4	0.531606672519754	0.8651484912717267	0.4348258342582459	0	1	No-PER3D	No-Essential3D
80	R	80	34.528	1.124	14.203	1.4	0.505409904286309	0.7254671544274444	0.7450984057889699	0	0.5850806870568152	No-PER3D	No-Essential3D
81	N	81	33.14	-1.894	16.067	-0.3	0.547210723437808	0.5441728428998094	0.8742584833916306	0	0.3316191067589131	No-PER3D	No-Essential3D
82	R	82	32.798	-4.988	13.906	-0.05	0.589245283018868	0.6222480006118973	0.5245211338754096	0	0.19208687626915646	No-PER3D	No-Essential3D
83	P	83	30.199	-7.064	15.787	-0.54	0.556982343499197	0.28017037211390744	0.6764510056976845	0	0.34480216185242574	No-PER3D	No-Essential3D
84	S	84	27.633	-4.263	15.696	-0.05	0.560687432867884	0.32264096158111527	0.9750395187189801	0	0.34480216185242574	No-PER3D	No-Essential3D
85	F	85	27.54	-3.487	11.984	1.4	0.564420485175202	0.6550577374957872	0.6822517774730938	0	0.11415171059273646	No-PER3D	No-Essential3D
86	D	86	25.823	-6.724	11.076	-0.54	0.588721804511278	0.4960659275418562	0.6055812843952711	0	0.34480216185242574	No-PER3D	No-Essential3D
87	A	87	22.642	-5.509	12.748	-0.3	0.656603773584906	0.33631129020625566	0.8520266750666017	0	0.34480216185242574	No-PER3D	No-Essential3D
88	I	88	23.032	-2.02	11.346	0.92	0.656603773584906	0.5474136520030731	0.6498852039368259	0	0.06244661272656811	No-PER3D	No-Essential3D
89	L	89	23.111	-3.286	7.774	1.4	0.616875963868694	0.5939767381467068	0.17247275747582017	0	0.19208687626915646	No-PER3D	No-Essential3D
90	Y	90	20.298	-5.727	8.54	0.43	0.621531631520533	0.4028910070292441	0.5101506344211553	0	0.3316191067589131	No-PER3D	No-Essential3D
91	Y	91	18.189	-2.791	9.63	0.92	0.587542087542088	0.42221139118011314	0.5183335943641976	0	0.11415171059273646	No-PER3D	No-Essential3D
92	Y	92	18.22	-1.504	6.05	1.4	0.583647798742138	0.2901574860379119	0.13900761270475454	0	0.34480216185242574	No-PER3D	No-Essential3D
93	Q	93	17.686	-4.929	4.512	0.67	0.654135338345865	-0.09951719658042957	0.3228372158894252	0	0.5850806870568152	No-PER3D	No-Essential3D
94	S	94	14.878	-5.879	6.852	0.92	0.687955844667849	-0.060774082220066916	0.5868209440209601	0	0.3316191067589131	No-PER3D	No-Essential3D
95	G	95	13.152	-2.628	6.141	-1.27	0.653558052434457	-0.11801293221774142	0.5065922967515109	0	0.19208687626915646	No-PER3D	No-Essential3D
96	G	96	13.579	-1.31	9.652	1.4	0.654135338345865	0.13999060903958796	0.8236313145347329	0	0.06244661272656811	No-PER3D	No-Essential3D
97	R	97	14.335	-4.15	12.078	0.92	0.653558052434457	0.22102844014700077	1.0699591498381904	0	0.06450602517868544	No-PER3D	No-Essential3D
98	L	98	16.904	-3.079	14.635	1.16	0.616919191919192	0.2494455012260328	1.1262102658352506	0	0.034791220657044646	No-PER3D	No-Essential3D
99	R	99	18.043	-5.711	17.092	0.67	0.705882352941177	0.14524961060291527	1.060793259945162	0	0.06244661272656811	No-PER3D	No-Essential3D
100	R	100	21.191	-5.807	19.185	-0.3	0.750721153846154	0.11944201335115899	1.12313688159098	0	0.06450602517868544	No-PER3D	No-Essential3D
101	P	101	23.269	-8.864	18.648	1.4	0.742843511450382	-0.05844513575422339	0.9217491951802799	0	0.34480216185242574	No-PER3D	No-Essential3D
102	V	102	23.316	-10.922	21.823	-0.54	0.748557692307692	-0.4065006399639066	0.7793403628837057	0	0.9999999999999999	No-PER3D	No-Essential3D
103	N	103	27.103	-10.691	21.857	-0.3	0.7893536121673	-0.264013477139346	0.960605650925952	0	0.5850806870568152	No-PER3D	No-Essential3D
104	V	104	27.214	-6.888	21.805	-0.3	0.784090909090909	-0.10869968126208521	1.066690639652945	0	0.5850806870568152	No-PER3D	No-Essential3D
105	P	105	26.899	-4.819	24.942	0.19	0.781132075471698	-0.15389497344958852	1.2481345274272218	0	1	No-PER3D	No-Essential3D
106	L	106	24.033	-2.368	25.274	0.19	0.781132075471698	-0.13667459219696768	1.137440029220709	0	0.5712500432920423	No-PER3D	No-Essential3D
107	D	107	26.114	0.752	25.697	-0.3	0.852043107319264	-0.14494886162841178	1.609491392178869	0	0.5850806870568152	No-PER3D	No-Essential3D
108	I	108	28.367	0.001	22.748	0.43	0.871989860583016	0.17920246280123933	1.2627332974716272	0	0.34480216185242574	No-PER3D	No-Essential3D
109	F	109	25.599	-0.941	20.332	0.92	0.822966507177033	0.14073523818172842	1.2638399789138623	0	0.1102510944645401	No-PER3D	No-Essential3D
110	S	110	23.703	2.183	21.28	-0.54	0.865408805031447	0.12495939843095492	1.5617256044031234	0	0.06450602517868544	No-PER3D	No-Essential3D
111	E	111	26.722	4.279	20.421	0.92	0.913962264150943	0.32949080412771387	1.5484472866020123	0	0.3316191067589131	No-PER3D	No-Essential3D
112	E	112	26.876	2.735	16.975	1.4	0.913962264150943	0.30265246866418366	1.1225160148500686	0	0.1102510944645401	No-PER3D	No-Essential3D
113	I	113	23.245	3.467	16.272	0.92	0.895132568262762	0.23250232312158123	1.191853273873706	0	0.03585297862786782	No-PER3D	No-Essential3D
114	R	114	23.905	7.062	17.151	-0.3	0.96398891966759	0.23234046583824075	1.7221799327090377	0	0.1102510944645401	No-PER3D	No-Essential3D
115	F	115	26.986	7.254	14.929	1.4	1.00908715406857	0.43160614916854584	0.9049692208056185	0	0.19208687626915646	No-PER3D	No-Essential3D
116	Y	116	25.238	5.681	11.958	0.92	1.00246913580247	0.463619108752417	0.41900410331552945	0	0.34480216185242574	No-PER3D	No-Essential3D
117	E	117	22.517	8.243	12.523	-0.3	0.979162144562622	0.20990273017302816	0.6395615564166007	0	0.19208687626915646	No-PER3D	No-Essential3D
118	L	118	19.706	5.715	12.328	1.16	0.920634920634921	0.4483410086941736	0.6691046491689231	0	0.06244661272656811	No-PER3D	No-Essential3D
119	G	119	17.326	8.306	13.733	-0.3	0.923280423280423	0.3347629246987443	0.9097745187161155	0	0.1102510944645401	No-PER3D	No-Essential3D
120	E	120	15.468	8.957	16.969	-0.54	0.88114196931443	-0.09533860516552253	1.681684665863718	0	0.1102510944645401	No-PER3D	No-Essential3D
121	E	121	12.385	7.023	15.955	-0.3	0.87719298245614	-0.03785234595097531	1.3609575209747466	0	0.06244661272656811	No-PER3D	No-Essential3D
122	A	122	14.295	3.85	15.206	0.43	0.919910786699108	0.047883316686357265	1.149320965763746	0	0.034791220657044646	No-PER3D	No-Essential3D
123	M	123	16.296	4.464	18.344	0.43	0.913244766505636	0.17805562148692006	1.5278888938498274	0	0.034791220657044646	No-PER3D	No-Essential3D
124	E	124	13.304	4.567	20.665	-0.54	0.87	-0.5071072698200808	1.5682349483553695	0	0.06450602517868544	No-PER3D	No-Essential3D
125	M	125	11.776	1.493	19.101	-0.54	0.812911446166914	-0.29070330007461953	1.4380856713731645	0	0.06450602517868544	No-PER3D	No-Essential3D
126	F	126	15.05	-0.24	19.824	0.67	0.807659754549302	-0.08590452360864523	1.3912626276312814	0	0.019560750294851506	No-PER3D	No-Essential3D
127	R	127	15.006	1.064	23.367	-0.54	0.831541218637993	-0.5150251091837089	1.3314095499282492	0	0.19208687626915646	No-PER3D	No-Essential3D
128	E	128	11.5	-0.317	23.9	-0.78	0.78833775085195	-0.6542351699937753	1.1809834512750608	0	0.19208687626915646	No-PER3D	No-Essential3D
129	D	129	12.349	-3.604	22.216	0.92	0.791183735512065	-0.38778556539468545	1.1215600920928634	0	0.19208687626915646	No-PER3D	No-Essential3D
130	E	130	15.562	-3.917	24.178	-0.54	0.735294117647059	-0.36115699067727086	0.9117264541127532	0	0.19208687626915646	No-PER3D	No-Essential3D
131	G	131	13.523	-3.803	27.355	-0.3	0.694444444444445	-0.6602449025281926	0.36566372963809274	0	0.5850806870568152	No-PER3D	No-Essential3D
132	Y	132	13.624	-0.193	28.489	-0.78	0.728421052631579	-0.7165705520204846	0.44749134410819347	0	0.3316191067589131	No-PER3D	No-Essential3D
133	I	133	10.359	1.625	29.14	-1.02	0.727879481311976	-0.8630776560010545	0.5743980637050743	0	0.5850806870568152	No-PER3D	No-Essential3D
134	K	134	10.451	5.314	30.103	-1.27	0.752173913043478	-1.290980640902275	0.9754075571729925	0	1	No-PER3D	No-Essential3D
135	E	135	6.933	6.291	29.296	-0.54	0.718981569447084	-1.2565439195542647	0.7796812246336453	0	1	No-PER3D	No-Essential3D
136	E	136	3.897	4.431	30.591	-0.78	0.72421052631579	-1.1132202371827888	0.4897552375957413	0	0.9999999999999999	No-PER3D	No-Essential3D
137	E	137	2.761	8.004	30.635	-0.3	0.735294117647059	-1.1111289383155007	0.3590351329794128	0	0.9999999999999999	No-PER3D	No-Essential3D
138	R	138	0.486	10.429	29.011	-0.78	0.713769984528107	-0.996944020161572	0.054469583040260526	0	0.9999999999999999	No-PER3D	No-Essential3D
139	P	139	2.954	12.465	27.068	-0.78	0.671125975473802	-1.1977435664023486	0.15146838261095147	0	0.9999999999999999	No-PER3D	No-Essential3D
140	L	140	2.358	15.963	28.424	0.43	0.670647042488198	-1.0018987897856084	-0.07399530695796375	0	0.9999999999999999	No-PER3D	No-Essential3D
141	P	141	0.945	15.561	31.953	0.43	0.48216276477146	-0.7616206151199818	-0.15349821524348792	0	1	No-PER3D	No-Essential3D
142	E	142	3.665	14.391	34.291	-1.02	0.485314685314685	-0.70530077479121	-0.07921687119732046	0	0.9999999999999999	No-PER3D	No-Essential3D
143	N	143	6.602	16.397	32.967	-1.02	0.386845039018952	-0.7177033389069324	-0.15285847512364126	0	0.9999999999999999	No-PER3D	No-Essential3D
144	E	144	5.344	19.816	31.879	-1.27	0.361835245046924	-0.712945633983852	-0.7339658513616029	0	1	No-PER3D	No-Essential3D
145	F	145	2.386	20.211	34.127	-0.05	0.293093767546322	-0.1931358730288411	-0.5723302949646465	0	1	No-PER3D	No-Essential3D
146	Q	146	0.7	23.251	35.673	-0.54	0.296338347998865	-0.026505298508369197	-0.8174257458689345	0	0.5712500432920423	No-PER3D	No-Essential3D
147	R	147	-0.042	26.507	33.947	-0.3	0.297435897435897	-0.05345453618455866	-1.0840470111635183	0	1	No-PER3D	No-Essential3D
148	Q	148	-0.045	28.443	37.156	0.43	0.296338347998865	-0.10103158541536228	-1.206128313975291	0	1	No-PER3D	No-Essential3D
149	V	149	3.435	29.604	37.872	0.43	0.323148148148148	0.08815052750238937	-1.1753624117261952	0	1	No-PER3D	No-Essential3D
150	W	150	2.398	29.502	41.503	1.4	0.325559701492537	0.15306122696013835	-0.9659775941381633	1.726862301122947	0.542017091698318	No-PER3D	No-Essential3D
151	L	151	1.112	25.928	41.445	-0.54	0.353535353535353	0.3688832700642674	-0.6676126181769714	1.1412554275033475	1	No-PER3D	No-Essential3D
152	L	152	4.285	25.063	39.654	0.43	0.353535353535353	-0.13896014214481411	-0.597516449407963	1.1412554275033475	1	No-PER3D	No-Essential3D
153	F	153	5.876	25.906	43.01	1.4	0.354243542435424	0.21758394789499685	-0.5735218804646787	1.726862301122947	0.542017091698318	No-PER3D	No-Essential3D
154	E	154	3.236	24.126	45.147	1.4	0.356877323420074	0.3107724393649714	-0.48342367839477474	1.726862301122947	0.542017091698318	No-PER3D	No-Essential3D
155	Y	155	3.829	20.886	43.312	-0.3	0.437422552664188	0.09684855568251595	-0.3847127572943394	0.8466458809984959	1	No-PER3D	No-Essential3D
156	P	156	7.364	21.073	44.577	1.4	0.705764411027569	0.26348180715294856	-0.03800107621365849	3.465830964041674	0.4039948453608247	No-PER3D	No-Essential3D
157	E	157	5.636	21.006	47.941	-0.05	0.707769423558897	0.529181328241898	0.11455122366574101	58.72996868105898	0.22680412371134018	No-PER3D	No-Essential3D
158	S	158	3.38	18.373	46.389	0.92	0.667924528301887	0.404017091034707	0.05937753997899943	3.465830964041674	0.4039948453608247	No-PER3D	No-Essential3D
159	S	159	4.298	15.257	44.498	1.4	0.713915298184961	0.3082999505703683	-0.27841933331474106	1.726862301122947	0.542017091698318	No-PER3D	No-Essential3D
160	G	160	7.735	14.87	42.985	-0.3	0.708607377752359	0.3003877287425112	-0.14812565408931477	1.726862301122947	0.542017091698318	No-PER3D	No-Essential3D
161	P	161	10.351	16.479	45.17	-0.54	0.701390860062447	0.448364928779257	0.29489039924591304	3.465830964041674	0.4039948453608247	No-PER3D	No-Essential3D
162	A	162	11.879	15.001	48.301	1.4	0.804558404558405	0.3049592346874953	0.6440749167167218	3.465830964041674	0.4039948453608247	No-PER3D	No-Essential3D
163	R	163	11.287	17.101	51.378	-0.05	0.804558404558405	0.34416903815613953	0.6500982700189679	3.465830964041674	0.4039948453608247	No-PER3D	No-Essential3D
164	I	164	10.13	17.302	54.975	-0.05	0.752665245202559	0.33291292954691254	0.9348960433650656	1.726862301122947	0.542017091698318	No-PER3D	No-Essential3D
165	I	165	6.452	16.966	54.141	0.43	0.711898588303083	0.47455089828596825	0.48987839003916833	1.1412554275033475	1	No-PER3D	No-Essential3D
166	A	166	6.894	13.454	52.765	0.19	0.666037735849057	0.5284493736383472	0.3010938016976965	1.1412554275033475	1	No-PER3D	No-Essential3D
167	I	167	8.526	12.228	55.953	0.19	0.712452830188679	0.4498605635728902	0.36767108352558014	0	1	No-PER3D	No-Essential3D
168	V	168	5.769	13.688	58.091	0.67	0.709113607990012	0.6366159983853025	0.8765870107496386	0	1	No-PER3D	No-Essential3D
169	S	169	2.959	12.053	56.121	0.92	0.716477987421384	0.7503780094349574	0.2568825216025454	0	1	No-PER3D	No-Essential3D
170	V	170	4.505	8.626	56.388	0.43	0.627450980392157	0.8415007271570077	-0.1348309444057133	0	0.5712500432920423	No-PER3D	No-Essential3D
171	M	171	4.963	9.237	60.089	0.67	0.668539325842697	0.5833459689046591	0.8387365446065157	0	0.5850806870568152	No-PER3D	No-Essential3D
172	V	172	1.358	10.231	60.556	0.43	0.796282527881041	0.6612107948341176	0.545453636031993	0	0.5712500432920423	No-PER3D	No-Essential3D
173	I	173	0.391	7.012	58.839	0.92	0.791111111111111	0.8518402257526209	0.1522426631138903	0	0.5850806870568152	No-PER3D	No-Essential3D
174	L	174	2.658	4.896	61.02	0.43	0.824074074074074	0.813911669023169	0.5339527276354411	0	0.5712500432920423	No-PER3D	No-Essential3D
175	I	175	1.942	6.656	64.279	0.92	0.875	0.6713547962363654	1.2162403404688926	0	0.5850806870568152	No-PER3D	No-Essential3D
176	S	176	-1.725	6.583	63.398	1.4	0.873479318734793	0.722795940788049	0.9648255127073453	0	0.5850806870568152	No-PER3D	No-Essential3D
177	I	177	-1.697	2.88	62.639	0.92	0.873479318734793	0.925873613936684	0.5329076314103807	0	0.5850806870568152	No-PER3D	No-Essential3D
178	V	178	0.011	2.169	65.927	0.19	0.872727272727273	0.7436440270822898	1.3880905004750854	0	0.5850806870568152	No-PER3D	No-Essential3D
179	S	179	-2.569	4.296	67.727	-0.05	0.879120879120879	0.5563967312284698	1.6032590597993732	0	0.5850806870568152	No-PER3D	No-Essential3D
180	F	180	-5.665	2.694	66.27	0.19	0.905	0.5990307104093198	1.064131716751484	1.7631078273256922	0.6157486362743548	No-PER3D	No-Essential3D
181	C	181	-4.185	-0.691	66.82	0.92	0.929197860962567	0.6695169881408698	1.0603742906163758	1.7631078273256922	0.6157486362743548	No-PER3D	No-Essential3D
182	L	182	-3.674	-0.248	70.543	0.92	0.943842759727236	0.05310944286181144	1.8550645985190768	0	0.3316191067589131	No-PER3D	No-Essential3D
183	E	183	-6.942	1.578	71.04	1.4	0.956046029051122	-0.058387273730227236	1.5625303493173222	0	0.3316191067589131	No-PER3D	No-Essential3D
184	T	184	-8.952	-1.213	69.526	1.4	0.959485043544112	0.09444334988585806	1.4574233334730347	1.1482643848351755	1	No-PER3D	No-Essential3D
185	L	185	-7.474	-3.799	71.841	-0.3	0.957628728861866	-0.37354391473736176	1.906859677412604	0	0.5850806870568152	No-PER3D	No-Essential3D
186	P	186	-8.991	-2.944	75.215	-0.05	0.892448512585812	-0.7373441207688793	1.6656574012553769	0	0.5712500432920423	No-PER3D	No-Essential3D
187	I	187	-12.278	-1.359	74.369	-1.27	0.776978417266187	-0.7405769202678956	1.6139779168254431	0	0.5712500432920423	No-PER3D	No-Essential3D
188	F	188	-12.686	-0.617	78.029	-1.02	0.725806451612903	-1.1412682455205347	1.3257300461720427	0	0.5850806870568152	No-PER3D	No-Essential3D
189	R	189	-9.536	0.452	79.781	-1.27	0.759013282732448	-1.2005900565272682	1.3047784835065197	0	0.5850806870568152	No-PER3D	No-Essential3D
190	D	190	-8.256	-1.067	82.993	-1.27	0.756302521008403	-1.9539223818325935	1.0601949934281545	0	0.5712500432920423	No-PER3D	No-Essential3D
191	E	191	-11.492	-2.925	83.639	-1.27	0.714285714285714	-2.074564185239274	1.050778652553377	0	0.3316191067589131	No-PER3D	No-Essential3D
192	N	192	-10.07	-6.358	84.191	-1.27	0.718010429201765	-2.0134293405108816	1.1171194480952191	0	0.3316191067589131	No-PER3D	No-Essential3D
193	E	193	-9.259	-6.88	87.816	-1.27	0.713429256594724	-2.2090608436417383	0.985615152579337	0	0.5850806870568152	No-PER3D	No-Essential3D
194	D	194	-11.186	-7.781	90.924	-1.27	0.677951756242065	-2.2090608436417383	1.1932389020601697	0	0.5712500432920423	No-PER3D	No-Essential3D
195	M	195	-14.793	-8.267	90.027	-1.27	0.675521821631879	-2.153882727374061	1.2912288918749437	0	0.34480216185242574	No-PER3D	No-Essential3D
196	H	196	-18.094	-9.097	91.594	-1.27	0.741385838697463	-2.0504706795390595	1.4791404297666721	0	0.19208687626915646	No-PER3D	No-Essential3D
197	G	197	-21.562	-9.928	90.357	-1.27	0.781349206349207	-2.030646909026225	1.543708455247805	0	0.19208687626915646	No-PER3D	No-Essential3D
198	S	198	-25.087	-10.941	91.126	-1.27	0.749424324890098	-2.030646909026225	1.621421689303981	0	0.34480216185242574	No-PER3D	No-Essential3D
199	G	199	-24.616	-13.81	93.477	-1.27	0.749424324890098	-2.0051592040811514	1.5736957334685064	0	0.34480216185242574	No-PER3D	No-Essential3D
200	V	200	-26.938	-14.542	96.348	-1.27	0.749424324890098	-1.989474462576491	1.6395948722645932	0	0.3316191067589131	No-PER3D	No-Essential3D
201	T	201	-24.514	-15.826	98.937	-1.27	0.882168458781362	-2.0602300742530706	1.613608043281311	0	0.3316191067589131	No-PER3D	No-Essential3D
202	F	202	-25.531	-13.378	101.651	-1.27	0.881473214285714	-1.9495496660191731	1.711979368902174	0	1	No-PER3D	No-Essential3D
203	H	203	-26.184	-9.664	102.19	-1.27	0.845700824499411	-1.9495496660191731	1.711979368902174	0	1	No-PER3D	No-Essential3D
204	T	204	-23.217	-8.712	99.977	-1.27	0.848056537102474	-2.0051592040811514	1.663514028274856	0	0.3316191067589131	No-PER3D	No-Essential3D
205	Y	205	-25.076	-9.475	96.741	-1.27	0.880674096221799	-2.018752646718524	1.6817160066496217	0	0.3316191067589131	No-PER3D	No-Essential3D
206	S	206	-27.673	-6.806	97.382	-0.54	0.877573131094258	-2.018752646718524	1.6817160066496217	0	0.3316191067589131	No-PER3D	No-Essential3D
207	N	207	-25.384	-3.867	96.741	-0.54	0.877573131094258	-2.030646909026225	1.6569414030243224	0	0.34480216185242574	No-PER3D	No-Essential3D
208	S	208	-23.184	-5.204	93.983	-0.78	0.880674096221799	-2.0504706795390595	1.6226434051835055	0	0.19208687626915646	No-PER3D	No-Essential3D
209	T	209	-20.59	-2.437	94.284	-1.27	0.881342062193126	-2.030646909026225	1.4263538742888262	0	0.19208687626915646	No-PER3D	No-Essential3D
210	I	210	-20.663	-1.546	90.636	-1.27	0.875135427952329	-2.041141846356549	1.3225380070835242	0	0.34480216185242574	No-PER3D	No-Essential3D
211	G	211	-18.912	1.65	91.642	-1.27	0.845700824499411	-2.0716785949752756	1.281612404799588	0	0.3316191067589131	No-PER3D	No-Essential3D
212	Y	212	-20.258	5.134	91.081	-1.27	0.805011243173787	-2.0304639203753374	1.3002782511001882	0	1	No-PER3D	No-Essential3D
213	Q	213	-17.046	6.782	89.917	-1.27	0.690009637006103	-2.2090608436417383	1.1035167569917677	0	1	No-PER3D	No-Essential3D
214	Q	214	-14.51	4.176	88.827	-1.27	0.57865892972276	-2.180908743505168	1.103641384840768	0	0.5712500432920423	No-PER3D	No-Essential3D
215	S	215	-12.454	5.475	85.92	-1.27	0.636524822695035	-2.0716785949752756	1.0162815843767807	0	0.5712500432920423	No-PER3D	No-Essential3D
216	T	216	-12.31	7.885	83.026	-1.27	0.639285714285714	-1.7980401816478133	0.903744598349302	0	1	No-PER3D	No-Essential3D
217	S	217	-12.958	6.645	79.542	-1.27	0.697402597402597	-1.3636532765405354	1.0595415775531507	0	0.5712500432920423	No-PER3D	No-Essential3D
218	F	218	-11.854	8.728	76.541	-0.3	0.695454545454545	-0.8622643731082205	1.004478398494679	0	0.5712500432920423	No-PER3D	No-Essential3D
219	T	219	-11.369	8.42	72.741	0.19	0.770503597122302	-0.2941281808282942	1.279475915753126	0	0.5850806870568152	No-PER3D	No-Essential3D
220	D	220	-10.857	12.126	71.986	-0.3	0.710872162485066	-0.151222758230276	0.9158054730289141	0	0.9999999999999999	No-PER3D	No-Essential3D
221	P	221	-7.154	12.122	71.305	0.43	0.705812574139976	0.08104212221790547	1.145748321572985	0	1	No-PER3D	No-Essential3D
222	F	222	-7.264	9.074	69.099	0.19	0.700824499411072	0.49185164346080595	1.4017707410943014	0	1	No-PER3D	No-Essential3D
223	F	223	-10.292	10.55	67.423	0.67	0.705812574139976	0.3352133583009294	0.8932917244935193	0	1	No-PER3D	No-Essential3D
224	I	224	-8.053	13.489	66.861	0.19	0.635714285714286	0.2996172502124578	0.9271307434852525	0	1	No-PER3D	No-Essential3D
225	V	225	-5.612	11.108	65.216	0.67	0.635714285714286	0.5186899789243363	1.144771078248385	0	0.5712500432920423	No-PER3D	No-Essential3D
226	E	226	-8.355	10.055	62.796	0.92	0.793439716312057	0.714182854289369	0.6097087471524925	1.726862301122947	0.542017091698318	No-PER3D	No-Essential3D
227	T	227	-9.953	13.473	62.474	0.43	0.630742049469965	0.5473582008967436	0.36266082020270557	58.72996868105898	0.22680412371134018	No-PER3D	No-Essential3D
228	L	228	-6.69	15.225	61.748	-0.05	0.635231316725979	0.6678389894449825	0.4648860130125451	58.72996868105898	0.22680412371134018	No-PER3D	No-Essential3D
229	C	229	-5.42	12.63	59.312	1.4	0.639784946236559	0.7824806772236337	0.28723468571094807	0.8466458809984959	1	No-PER3D	No-Essential3D
230	I	230	-8.54	12.544	57.166	0.92	0.635231316725979	0.8916818456504442	-0.07430771381842723	3.465830964041674	0.4039948453608247	No-PER3D	No-Essential3D
231	I	231	-8.453	16.311	56.89	0.67	0.632978723404255	0.7906800663887298	-0.2031954612572297	3.465830964041674	0.4039948453608247	No-PER3D	No-Essential3D
232	W	232	-4.883	16.488	55.705	0.43	0.506382978723404	0.792538594599485	0.0817376479318243	3.465830964041674	0.4039948453608247	No-PER3D	No-Essential3D
233	F	233	-5.738	13.739	53.297	1.4	0.421361502347418	0.922760402002824	-0.35000865426684974	3.465830964041674	0.4039948453608247	No-PER3D	No-Essential3D
234	S	234	-8.561	15.89	51.977	0.92	0.475352112676056	0.852418845992582	-0.40542756889540216	1.726862301122947	0.542017091698318	No-PER3D	No-Essential3D
235	F	235	-6.551	19.096	52.018	0.19	0.420745920745921	0.8042806873975002	-0.3440021156997405	1.726862301122947	0.542017091698318	No-PER3D	No-Essential3D
236	E	236	-3.799	17.584	49.926	1.4	0.417824074074074	0.7046815204932767	-0.18823542340697427	1.726862301122947	0.542017091698318	No-PER3D	No-Essential3D
237	F	237	-6.129	15.448	47.891	0.43	0.416378316032295	0.9123188990561133	-0.41662460549702496	1.726862301122947	0.542017091698318	No-PER3D	No-Essential3D
238	L	238	-8.15	18.575	47.34	0.92	0.497931034482759	0.7604789829639588	-0.3702718127622422	0	1	No-PER3D	No-Essential3D
239	V	239	-4.944	20.291	46.256	0.67	0.497931034482759	0.6036410738212956	-0.3168927327040476	3.465830964041674	0.4039948453608247	No-PER3D	No-Essential3D
240	R	240	-4.274	17.255	44.084	1.4	0.496219931271478	0.5954513719633843	-0.46771749345186997	1.1412554275033475	1	No-PER3D	No-Essential3D
241	F	241	-7.377	18.347	42.185	0.43	0.499653979238754	0.3796186042496795	-0.4797485058048958	0	0.9999999999999999	No-PER3D	No-Essential3D
242	F	242	-5.425	21.381	41.066	-0.3	0.499653979238754	0.4093403972423493	-0.6802932486789167	0	1	No-PER3D	No-Essential3D
243	A	243	-3.528	18.873	38.889	0.19	0.501388888888889	0.08166428363092368	-0.639389408316645	0	1	No-PER3D	No-Essential3D
244	C	244	-5.826	17.272	36.223	0.43	0.559039876113047	0.05048301751965847	-0.37471716467172994	0	0.5712500432920423	No-PER3D	No-Essential3D
245	P	245	-9.132	15.416	36.432	1.4	0.631118881118881	0.32264096158111527	-0.31303055129856727	0	1	No-PER3D	No-Essential3D
246	S	246	-11.258	12.808	34.632	0.43	0.537962037962038	0.19963284404320739	-0.21241293735345868	0	0.5712500432920423	No-PER3D	No-Essential3D
247	K	247	-13.77	9.987	35.182	0.19	0.537580886012942	0.18376529669350414	-0.24630138232921403	0	1	No-PER3D	No-Essential3D
248	A	248	-12.978	6.329	34.767	-0.54	0.535714285714286	0.11988562220179586	-0.29017121319073236	0	1	No-PER3D	No-Essential3D
249	G	249	-12.115	3.377	36.929	-0.78	0.535714285714286	0.25481096031088496	-0.5139251277252963	0	1	No-PER3D	No-Essential3D
250	F	250	-9.222	1.699	35.193	1.4	0.540959040959041	0.14558081178099266	-0.5121472710817072	0	1	No-PER3D	No-Essential3D
251	F	251	-6.405	4.108	34.268	-0.3	0.475	-0.02875106831471831	-0.1092923567543992	0	1	No-PER3D	No-Essential3D
252	T	252	-6.798	7.315	36.211	0.19	0.476672535211268	0.17711116393395124	-0.24688637396552401	0	1	No-PER3D	No-Essential3D
253	N	253	-5.217	6.668	39.624	0.92	0.546277665995976	0.5615799504306478	-0.6026535511729527	0	0.5712500432920423	No-PER3D	No-Essential3D
254	I	254	-5.467	3.815	42.06	-0.05	0.480053191489362	0.6688515748649146	-1.2413837711520288	0	0.5850806870568152	No-PER3D	No-Essential3D
255	M	255	-3.528	5.933	44.498	0.92	0.426713947990544	0.9022690461660899	-1.3537217216786754	0	0.3316191067589131	No-PER3D	No-Essential3D
256	N	256	-6.278	8.515	44.48	0.92	0.427046263345196	0.8934170828571378	-0.8772649410838145	0.6692046402628616	1	No-PER3D	No-Essential3D
257	I	257	-8.952	5.857	44.885	0.67	0.320284697508897	0.6949690459461599	-0.8867462561121368	0.8466458809984959	1	No-PER3D	No-Essential3D
258	I	258	-7.114	4.232	47.757	1.4	0.32258064516129	0.9529830436978258	-1.2889456133048263	0.8466458809984959	1	No-PER3D	No-Essential3D
259	D	259	-6.575	7.634	49.323	1.4	0.321428571428571	1.062148844570263	-0.9863674466576554	1.726862301122947	0.542017091698318	No-PER3D	No-Essential3D
260	I	260	-10.274	8.489	49.323	0.43	0.425531914893617	1.0128702385338024	-0.7836227432148479	1.726862301122947	0.542017091698318	No-PER3D	No-Essential3D
261	V	261	-11.192	5.006	50.513	0.92	0.427046263345196	1.0030392940051724	-1.0754782350056615	15.810202744517776	0.00892155891572147	PER3D	Essential3D
262	A	262	-9.831	5.436	54.024	0.67	0.427380952380952	0.9609299793935205	-0.8060797943394525	15.810202744517776	0.00892155891572147	PER3D	Essential3D
263	I	263	-11.467	8.747	54.928	1.4	0.427718040621266	0.7303827319120748	-0.6650860024834622	3.465830964041674	0.4039948453608247	No-PER3D	No-Essential3D
264	I	264	-14.879	8.516	53.365	0.67	0.481182795698925	0.6868652628354186	-0.5987131942079449	3.465830964041674	0.4039948453608247	No-PER3D	No-Essential3D
265	P	265	-15.883	5.633	55.59	1.4	0.366615463389657	0.3477480808867373	-0.7056653775012885	13.167128742976876	0.0015233969477183077	PER3D	Essential3D
266	Y	266	-15.049	7.298	58.88	0.92	0.546428571428571	0.42799491425447533	-0.43006725561420184	15.810202744517776	0.00892155891572147	PER3D	Essential3D
267	F	267	-16.67	10.481	57.737	0.92	0.550359712230216	0.1239766816021136	-0.24211982557589365	3.465830964041674	0.4039948453608247	No-PER3D	No-Essential3D
268	I	268	-19.729	8.509	56.671	0.43	0.547959183673469	-0.10568947834704934	-0.48780236407197275	1.726862301122947	0.542017091698318	No-PER3D	No-Essential3D
269	T	269	-19.922	6.5	59.886	-1.27	0.48021582733813	-0.08873474807570844	-0.6409807441175055	32.76540190508961	9.071790102607162e-5	PER3D	No-Essential3D
270	L	270	-20.479	9.665	61.892	-0.78	0.481949458483755	-0.34559053530763795	-0.20959687942363683	3.465830964041674	0.4039948453608247	No-PER3D	No-Essential3D
271	G	271	-23.911	10.158	60.441	-1.02	0.485454545454545	-0.5809846754579747	-0.29245757239159	0	0.9999999999999999	No-PER3D	No-Essential3D
272	T	272	-26.18	7.937	62.438	-1.27	0.487226277372263	-0.9257004387492918	-0.17158499063183502	0	0.9999999999999999	No-PER3D	No-Essential3D
273	E	273	-27.201	5.956	59.376	-1.02	0.64963503649635	-0.8732436921614827	-0.26561344610672816	2.3741109883601332	0.3172691305207595	No-PER3D	No-Essential3D
274	L	274	-27.758	6.724	55.674	-1.27	0.654411764705882	-0.9427793794988111	-0.2520142129122411	7.198930365339868	0.12795035268583832	No-PER3D	No-Essential3D
275	A	275	-27.341	2.997	55.005	-1.27	0.656826568265683	-1.0268077679864458	-0.3588001050922045	3.8732683016896416	0.07534850547138858	No-PER3D	No-Essential3D
276	E	276	-30.865	1.827	54.078	-1.27	0.661710037174721	-1.211406719001964	-0.18747884208043114	1.3947719919288153	0.6551590325539084	No-PER3D	No-Essential3D
277	K	277	-29.75	-0.704	51.45	-1.27	0.608339029391661	-1.2867980431676989	-0.11268498299568235	1.3947719919288153	0.6551590325539084	No-PER3D	No-Essential3D
278	P	278	-32.327	-3.488	51.075	-1.27	0.608919382504288	-1.332967487391674	-0.16129304101363176	2.3741109883601332	0.3172691305207595	No-PER3D	No-Essential3D
279	E	279	-36.044	-3.621	51.669	-1.27	0.560290404040404	-1.6261588139048995	-0.027808373575179908	0	1	No-PER3D	No-Essential3D
280	D	280	-35.859	-6.746	53.741	-0.54	0.51967116852613	-1.3477942601302675	-0.14039114306918382	0	0.5712500432920423	No-PER3D	No-Essential3D
281	A	281	-32.899	-5.541	55.736	-0.78	0.521662245800177	-1.1197401689455104	-0.21395138476255468	1.3947719919288153	0.6551590325539084	No-PER3D	No-Essential3D
282	Q	282	-34.075	-1.941	55.873	-0.3	0.480717001629549	-1.2151435398727233	-0.13106769937972237	1.3947719919288153	0.6551590325539084	No-PER3D	No-Essential3D
283	Q	283	-37.544	-2.946	56.95	-0.54	0.478896103896104	-1.3944999348330345	-0.09748636179852929	0	0.5850806870568152	No-PER3D	No-Essential3D
284	G	284	-36.072	-3.305	60.361	-0.54	0.478896103896104	-1.211650703869814	-0.20975757440737797	1.7631078273256922	0.6157486362743548	No-PER3D	No-Essential3D
285	Q	285	-32.749	-1.531	60.585	-0.54	0.513788098693759	-1.2080257858331815	-0.1920228908450866	1.3947719919288153	0.6551590325539084	No-PER3D	No-Essential3D
286	Q	286	-33.531	-2.35	64.169	0.19	0.510410641989589	-1.0300508899221787	-0.24747449424050533	1.7631078273256922	0.6157486362743548	No-PER3D	No-Essential3D
287	A	287	-30.419	-3.59	65.911	-0.54	0.511856564488144	-0.4839001472727169	-0.575746649127826	2.766564712366578	0.19029549462008588	No-PER3D	No-Essential3D
288	M	288	-28.432	-3.889	62.688	-0.05	0.478896103896104	-0.8784444222393438	-0.3614252089034223	3.066159669491258	0.20249299214072392	No-PER3D	No-Essential3D
289	S	289	-25.328	-1.828	62.13	0.19	0.479359043997827	-0.9141666086327334	-0.4016462087926943	3.066159669491258	0.20249299214072392	No-PER3D	No-Essential3D
290	L	290	-24.681	-4.022	59.132	-0.3	0.444025157232704	-0.800525593504368	-0.4185439323423709	5.131561506632483	0.015261972018643034	PER3D	No-Essential3D
291	A	291	-23.337	-1.28	56.946	1.16	0.379162191192266	-0.6931015313986963	-0.5191046711528434	8.032232611792805	0.0023154048952310612	PER3D	No-Essential3D
292	I	292	-21.063	-0.234	59.739	0.19	0.376672017121455	-0.36345086550321365	-0.5883442266461505	10.80027347920095	9.892520528841243e-4	PER3D	No-Essential3D
293	L	293	-20.178	-3.825	60.313	0.67	0.376672017121455	0.05052607367280852	-0.9334588771239873	10.80027347920095	9.892520528841243e-4	PER3D	Essential3D
294	R	294	-19.134	-4.463	56.763	-0.3	0.353884711779449	0.17625004087095023	-0.9961364992183931	10.80027347920095	9.892520528841243e-4	PER3D	Essential3D
295	V	295	-17.438	-1.184	55.789	0.19	0.352559300873908	0.42841557781973444	-0.8692110241050124	39.91163071518065	1.7129250152634533e-5	PER3D	Essential3D
296	I	296	-15.851	0.093	58.957	0.92	0.376332622601279	0.5079546447389242	-0.9311158994326217	58.72996868105898	2.212631732343215e-6	PER3D	Essential3D
297	R	297	-13.389	-2.71	59.404	1.4	0.307113938692886	0.6036410738212956	-0.6416298997071064	58.72996868105898	1.3275790394059324e-5	PER3D	Essential3D
298	L	298	-12.596	-3.328	55.76	0.43	0.309143686502177	0.852949247879213	-1.2425706192990202	58.72996868105898	4.0862101904067796e-4	PER3D	Essential3D
299	V	299	-12.059	0.36	55.238	0.43	0.307113938692886	0.8510322239175322	-1.182269948596288	26.453146317799018	4.488876626991291e-4	PER3D	Essential3D
300	R	300	-9.657	0.736	58.151	1.4	0.334905660377359	0.8944266754137598	-0.5417549491409406	13.167128742976876	0.0015233969477183077	PER3D	Essential3D
301	V	301	-7.877	-2.43	57.115	0.92	0.33745247148289	1.0080539138697449	-0.9569161192532045	20.834890464046353	0.0020741958249130064	PER3D	Essential3D
302	F	302	-7.291	-0.705	53.783	0.67	0.335227272727273	1.079245212810343	-1.354576436838788	7.874324286354765	0.022616285097338366	PER3D	Essential3D
303	R	303	-5.495	2.282	55.314	1.4	0.33745247148289	1.0202437369970907	-0.47019773223171407	5.211891951564527	0.04458804358652601	PER3D	Essential3D
304	I	304	-2.056	0.634	55.299	1.4	0.134848484848485	0.9792324501699933	-0.6388370646613821	1.1412554275033475	1	No-PER3D	No-Essential3D
305	F	305	-1.886	0.485	51.482	1.4	0.133333333333333	0.9909531887570248	-1.3749005215650516	0	0.5712500432920423	No-PER3D	No-Essential3D
306	K	306	-1.616	4.275	51.061	1.4	0.133834586466165	0.9481033463408202	-1.115820696077264	0.8466458809984959	1	No-PER3D	No-Essential3D
307	L	307	2.036	3.945	52.012	0.67	0.133834586466165	0.92257877555033	-0.9910884129531827	0	0.5850806870568152	No-PER3D	No-Essential3D
308	S	308	2.891	2.727	48.486	0.92	0.14828738512949	1.0337908319298368	-1.7400062064128645	0	1	No-PER3D	No-Essential3D
309	R	309	3.567	6.249	47.183	1.4	0.134980988593156	0.9096288094875077	-1.3067431584284377	0	1	No-PER3D	No-Essential3D
310	H	310	6.381	6.421	49.685	1.4	0.149685534591195	0.717631486556099	-0.6753882606522309	0	0.5712500432920423	No-PER3D	No-Essential3D
311	S	311	6.958	2.697	49.211	-0.05	0.168396226415094	1.0086115935676885	-1.8359205825944769	0	1	No-PER3D	No-Essential3D
312	K	312	8.575	1.565	45.966	-0.3	0.167763157894737	0.9310244055913011	-2.2666923243243025	0	1	No-PER3D	No-Essential3D
313	G	313	8.348	-2.108	46.854	1.4	0.191011235955056	0.9368800424197077	-2.18726926478196	1.1412554275033475	1	No-PER3D	No-Essential3D
314	L	314	4.595	-1.771	46.892	1.4	0.189591078066915	1.1140130564790072	-2.1261028095125187	1.1412554275033475	1	No-PER3D	No-Essential3D
315	Q	315	4.671	-0.228	43.458	0.67	0.189591078066915	1.0217231282052075	-2.034406125160815	1.1412554275033475	1	No-PER3D	No-Essential3D
316	I	316	6.769	-3.194	42.396	0.92	0.188191881918819	0.8461718904389276	-1.8728063869575706	2.3741109883601332	0.3172691305207595	No-PER3D	No-Essential3D
317	L	317	4.485	-5.638	44.172	1.4	0.219557195571956	0.9623520626232763	-1.8872472590396825	2.3741109883601332	0.3172691305207595	No-PER3D	No-Essential3D
318	G	318	1.476	-4.1	42.494	1.4	0.21875	0.9482985342351004	-1.8190393210960962	2.3741109883601332	0.3172691305207595	No-PER3D	No-Essential3D
319	Q	319	2.723	-4.104	38.944	0.19	0.263235294117647	0.7919530309166442	-1.6466504894976217	2.3741109883601332	0.3172691305207595	No-PER3D	No-Essential3D
320	T	320	3.602	-7.742	39.231	1.4	0.262271062271062	1.042986350504816	-1.5555140282572488	3.72328717312984	0.12784944417713154	No-PER3D	No-Essential3D
321	L	321	0.22	-8.801	40.558	1.4	0.328754578754579	1.0753658534115236	-1.426691228110096	5.211891951564527	0.04458804358652601	PER3D	Essential3D
322	K	322	-1.797	-6.655	38.194	0.43	0.326363636363636	0.9564685418099725	-1.3776160880219812	5.625720629051686	0.07523286463723504	No-PER3D	No-Essential3D
323	A	323	0.157	-8.027	35.249	0.67	0.263003663003663	0.972745817993698	-1.383429168186964	5.625720629051686	0.07523286463723504	No-PER3D	No-Essential3D
324	S	324	0.624	-11.508	36.761	0.43	0.262043795620438	1.0993739644079907	-1.3403885148991208	13.167128742976876	0.0015233969477183077	PER3D	Essential3D
325	M	325	-3.057	-12.18	37.411	0.19	0.526007326007326	0.9895807738753669	-1.3099565741434873	10.375795439677697	0.006137466230447706	PER3D	Essential3D
326	R	326	-3.469	-15.264	35.236	0.19	0.441574415744157	0.8911735438424228	-1.2659442414825581	20.834890464046353	0.0020741958249130064	PER3D	Essential3D
327	E	327	-0.586	-17.031	36.919	1.4	0.441975308641975	1.0164191093388972	-1.217373118275672	19.895223986515976	7.357509031123679e-5	PER3D	Essential3D
328	L	328	-1.981	-16.161	40.33	0.67	0.439950980392157	1.0424441619095932	-1.2754178529254059	19.895223986515976	7.357509031123679e-5	PER3D	Essential3D
329	G	329	-5.46	-17.07	39.165	0.43	0.439950980392157	0.7732475243814566	-1.3591685410622396	15.810202744517776	0.00892155891572147	PER3D	Essential3D
330	L	330	-4.283	-20.524	38.268	0.67	0.438339438339438	0.8982455689975032	-1.2926654601313592	32.76540190508961	9.071790102607162e-5	PER3D	Essential3D
331	L	331	-2.657	-21.096	41.637	1.4	0.264944649446494	1.0398080035673027	-1.2152167833913314	57.72996868105898	4.946682668139724e-7	PER3D	Essential3D
332	I	332	-5.919	-20.502	43.436	1.16	0.263003663003663	0.9147941078603914	-1.1500044300812846	13.167128742976876	0.0015233969477183077	PER3D	Essential3D
333	F	333	-7.705	-22.482	40.751	0.67	0.263003663003663	0.8235426506488378	-1.246956733506771	10.375795439677697	0.006137466230447706	PER3D	Essential3D
334	F	334	-5.441	-25.459	41.18	-0.05	0.220172201722017	1.0044909602439949	-1.1108303638216537	19.895223986515976	7.357509031123679e-5	PER3D	Essential3D
335	L	335	-5.632	-25.08	44.915	1.4	0.1875	1.0744013955809626	-0.978495480081331	13.170835900224095	2.3145042868587284e-4	PER3D	Essential3D
336	F	336	-9.404	-25.08	44.665	-0.05	0.165129151291513	1.0223596104691648	-1.0819513142743151	7.874324286354765	0.022616285097338366	PER3D	Essential3D
337	I	337	-9.538	-28.336	42.773	0.92	0.292742927429274	0.9756070950803057	-1.0499238846449075	7.874324286354765	0.022616285097338366	PER3D	Essential3D
338	G	338	-6.973	-29.92	45.048	1.16	0.289537712895377	1.0826435734696862	-0.8664534025661436	5.103258111631478	0.02627001572250667	PER3D	Essential3D
339	V	339	-8.711	-28.763	48.198	0.92	0.355341738553417	1.0009667343750464	-0.860749900416156	5.211891951564527	0.04458804358652601	PER3D	Essential3D
340	I	340	-12.067	-30.09	47.097	0.92	0.542424242424242	0.9654533813879509	-0.93561299952803	3.5878475862261308	0.22045462416734965	No-PER3D	No-Essential3D
341	L	341	-10.811	-33.471	45.964	1.16	0.498885172798216	0.9182152000291616	-0.8339932350496579	3.465830964041674	0.4039948453608247	No-PER3D	No-Essential3D
342	F	342	-8.616	-34.042	48.985	1.4	0.498885172798216	1.0970000575856638	-0.6326966626019647	2.3741109883601332	0.3172691305207595	No-PER3D	No-Essential3D
343	S	343	-11.501	-33.165	51.268	0.67	0.462867457452295	0.9822612278398587	-0.7213946511061236	3.5878475862261308	0.22045462416734965	No-PER3D	No-Essential3D
344	S	344	-13.882	-35.636	49.647	0.92	0.498472646487087	0.8862938464854173	-0.6914524532895934	7.198930365339868	0.12795035268583832	No-PER3D	No-Essential3D
345	A	345	-11.73	-38.719	50.206	0.43	0.462867457452295	0.9383439516268093	-0.5466383045685109	3.465830964041674	0.4039948453608247	No-PER3D	No-Essential3D
346	V	346	-11.067	-38.06	53.862	0.67	0.463636363636364	0.6803299538751434	-0.506875770787614	0	0.5850806870568152	No-PER3D	No-Essential3D
347	Y	347	-14.777	-37.624	54.194	0.92	0.429951690821256	0.7277299173147653	-0.6036745572189159	0.8466458809984959	1	No-PER3D	No-Essential3D
348	F	348	-15.538	-41.064	52.96	0.92	0.432727272727273	0.6207393019121469	-0.64197152332836	0	0.9999999999999999	No-PER3D	No-Essential3D
349	A	349	-12.516	-42.451	54.855	1.4	0.433939393939394	0.42543354054600885	-0.5109588757460166	0	0.5850806870568152	No-PER3D	No-Essential3D
350	E	350	-12.771	-40.937	58.385	1.4	0.433939393939394	0.2689840865865375	-0.5475123927585599	0	0.3316191067589131	No-PER3D	No-Essential3D
351	A	351	-16.336	-40.968	59.747	-0.54	0.433939393939394	0.3381411767151327	-0.6244874181017152	0	0.3316191067589131	No-PER3D	No-Essential3D
352	D	352	-16.671	-44.657	60.558	-0.3	0.427718040621266	0.19248221060851856	-0.5932550938211679	0	0.3316191067589131	No-PER3D	No-Essential3D
353	E	353	-14.977	-44.378	63.93	-0.05	0.429256594724221	0.0843969141508467	-0.6196880948930307	0	0.3316191067589131	No-PER3D	No-Essential3D
354	R	354	-16.348	-41.593	66.067	-1.02	0.432367149758454	-0.02260787789205964	-0.6700008102099461	0	0.5850806870568152	No-PER3D	No-Essential3D
355	E	355	-15.041	-38.159	67.029	-0.78	0.46114212108201	-0.12055037484338434	-0.6377040761814242	0	0.5850806870568152	No-PER3D	No-Essential3D
356	S	356	-12.75	-37.525	64.075	0.92	0.408302919708029	0.24017186823986844	-0.6083991177118965	0	0.3316191067589131	No-PER3D	No-Essential3D
357	Q	357	-12.388	-34.234	62.141	-1.02	0.436274509803922	0.5362263913010746	-0.6296192575549787	0.6692046402628616	1	No-PER3D	No-Essential3D
358	F	358	-15.969	-33.086	61.569	1.4	0.438271604938272	0.43160614916854584	-0.6869806477710291	0.8466458809984959	1	No-PER3D	No-Essential3D
359	P	359	-16.874	-34.469	58.222	-0.54	0.407858455882353	0.48958006020840683	-0.6715087557482442	0.8466458809984959	1	No-PER3D	No-Essential3D
360	S	360	-19.098	-31.725	56.721	0.92	0.403409090909091	0.6925613005397427	-0.72741228677152	58.72996868105898	0.22680412371134018	No-PER3D	No-Essential3D
361	I	361	-17.231	-30.716	53.611	1.4	0.404881386861314	0.6983901381149301	-0.6684149793600663	3.465830964041674	0.4039948453608247	No-PER3D	No-Essential3D
362	P	362	-16.803	-26.998	54.373	1.4	0.404881386861314	0.7358365113110811	-0.680580719831183	3.465830964041674	0.4039948453608247	No-PER3D	No-Essential3D
363	D	363	-15.037	-28.137	57.555	-0.54	0.407858455882353	0.7699943928101195	-0.6257174664114805	1.726862301122947	0.542017091698318	No-PER3D	No-Essential3D
364	A	364	-12.807	-30.621	55.73	0.67	0.407858455882353	0.8664401758662281	-0.6079937261093303	1.1412554275033475	1	No-PER3D	No-Essential3D
365	F	365	-11.932	-27.806	53.386	1.4	0.436654366543665	0.8973544938279631	-0.8139984417861572	3.5878475862261308	0.22045462416734965	No-PER3D	No-Essential3D
366	W	366	-10.259	-25.965	56.232	1.4	0.491236162361624	0.9441995884552159	-0.6402928710298725	3.5878475862261308	0.22045462416734965	No-PER3D	No-Essential3D
367	W	367	-8	-28.933	56.861	1.16	0.539869281045752	1.0366886214372277	-0.5533706858909512	3.72328717312984	0.12784944417713154	No-PER3D	No-Essential3D
368	A	368	-7.173	-29.402	53.193	0.43	0.462339917516822	1.0307328882527802	-0.6202060217180018	5.211891951564527	0.04458804358652601	PER3D	Essential3D
369	V	369	-6.104	-25.832	52.559	0.92	0.511316872427984	1.14898422087088	-0.7926160968142618	8.716030013138287	0.0038736344849887123	PER3D	Essential3D
370	V	370	-4.172	-25.772	55.821	1.4	0.541394335511983	1.2109339419147027	-0.6054444754284949	15.810202744517776	0.00892155891572147	PER3D	Essential3D
371	S	371	-2.373	-29.043	55.268	0.92	0.413568773234201	1.244091846024325	-0.5463732695524398	7.874324286354765	0.022616285097338366	PER3D	Essential3D
372	M	372	-1.284	-28.013	51.747	1.4	0.441140024783147	1.153329475184023	-0.7026112271784808	8.716030013138287	0.0038736344849887123	PER3D	Essential3D
373	T	373	0.045	-24.553	52.615	1.4	0.446115288220551	1.319502534068461	-0.7940464962435506	8.716030013138287	0.0038736344849887123	PER3D	Essential3D
374	T	374	1.563	-26.8	55.241	1.4	0.477980665950591	1.3609681748944158	-0.4767798641919354	5.625720629051686	0.07523286463723504	No-PER3D	No-Essential3D
375	V	375	0.274	-24.635	58.002	0.92	0.475746268656716	1.4246871215416905	-0.46297814418138267	11.294686210717561	0.0354460812043269	PER3D	Essential3D
376	G	376	-1.235	-27.603	59.843	1.4	0.513777267508611	1.2711906766099212	-0.4003207317459519	3.465830964041674	0.4039948453608247	No-PER3D	No-Essential3D
377	Y	377	-2.812	-25.767	62.762	1.4	0.513777267508611	1.2576591474258567	-0.42094964732083806	3.465830964041674	0.4039948453608247	No-PER3D	No-Essential3D
378	G	378	-3.463	-29.105	64.395	1.4	0.517142033995967	0.9026611647037065	-0.398173139444783	1.726862301122947	0.542017091698318	No-PER3D	No-Essential3D
379	D	379	-7.007	-28.058	65.053	1.4	0.521044992743106	0.8928001096280912	-0.5042885255867017	0	1	No-PER3D	No-Essential3D
380	M	380	-7.996	-30.761	62.63	1.4	0.450757575757576	0.7675545441316167	-0.48149887987743	0	0.5712500432920423	No-PER3D	No-Essential3D
381	V	381	-6.254	-34.084	62.898	-0.78	0.510973282442748	0.6596964059991848	-0.4368569655605105	0	0.5850806870568152	No-PER3D	No-Essential3D
382	P	382	-7.549	-37.55	62.409	1.4	0.510973282442748	0.41537500729670257	-0.482660620158527	0	0.3316191067589131	No-PER3D	No-Essential3D
383	T	383	-7	-40.357	64.909	-0.54	0.510973282442748	0.17418334551974793	-0.4980870013519961	0	0.3316191067589131	No-PER3D	No-Essential3D
384	T	384	-7.861	-42.716	62.054	1.4	0.513996138996139	0.2655821986240074	-0.47126041810998637	0	0.3316191067589131	No-PER3D	No-Essential3D
385	I	385	-5.883	-44.766	59.519	-0.3	0.548262548262548	0.4668110912340672	-0.3912600953140131	0	0.5712500432920423	No-PER3D	No-Essential3D
386	G	386	-7.637	-43.829	56.265	0.67	0.53127806046094	0.5064907355318224	-0.4348085411964026	0	0.5712500432920423	No-PER3D	No-Essential3D
387	G	387	-6.528	-40.206	56.275	1.4	0.536358173076923	0.6042282031824326	-0.4643818752160896	0	0.5712500432920423	No-PER3D	No-Essential3D
388	K	388	-2.934	-41.346	56.566	0.43	0.541478129713424	0.7941488947272967	-0.3001511045554919	0	1	No-PER3D	No-Essential3D
389	I	389	-2.488	-41.683	52.824	1.16	0.539362980769231	1.0247145948458065	-0.32466201512692155	0	0.5712500432920423	No-PER3D	No-Essential3D
390	V	390	-4.372	-38.502	52.193	0.43	0.539362980769231	0.9800431835866744	-0.46853753265122977	1.7631078273256922	0.6157486362743548	No-PER3D	No-Essential3D
391	G	391	-2.076	-36.615	54.478	1.4	0.539362980769231	1.0242895889469708	-0.3661907656485578	1.3947719919288153	0.6551590325539084	No-PER3D	No-Essential3D
392	S	392	0.838	-37.886	52.46	0.43	0.535181872391175	1.0233901055631909	-0.3710642945978272	5.625720629051686	0.07523286463723504	No-PER3D	No-Essential3D
393	L	393	-0.594	-37.362	49.007	1.16	0.537264292128105	1.0613123250233478	-0.5495075917409339	15.810202744517776	0.00892155891572147	PER3D	Essential3D
394	C	394	-2.247	-34.081	49.908	1.4	0.533115533115533	1.168503010298902	-0.5814203610040555	6.865377385497875	0.013827581701663361	PER3D	Essential3D
395	A	395	0.811	-32.575	51.548	0.67	0.45945945945946	1.2394212785540484	-0.5749397096829219	10.375795439677697	0.006137466230447706	PER3D	Essential3D
396	I	396	2.959	-33.576	48.644	1.16	0.455938697318008	1.1998513690772403	-0.6072970147744243	26.453146317799018	4.488876626991291e-4	PER3D	Essential3D
397	A	397	0.385	-32.244	46.218	0.67	0.485769020251779	1.138243277837931	-0.770363862195137	26.453146317799018	4.488876626991291e-4	PER3D	Essential3D
398	G	398	0.245	-28.929	48.008	1.4	0.452471482889734	1.1313138016538449	-0.8976348090578906	10.80027347920095	9.892520528841243e-4	PER3D	Essential3D
399	V	399	3.955	-28.231	47.7	1.4	0.453738910012674	1.2367562130744534	-0.86701452996270445	16.31532483055366	3.482781790831027e-4	PER3D	Essential3D
400	L	400	3.966	-29.254	44.088	1.4	0.371616932685635	1.2945618586882108	-0.9822106722419297	32.76540190508961	9.071790102607162e-5	PER3D	Essential3D
401	T	401	1.024	-27.065	43.131	0.43	0.375921375921376	1.156466423484955	-1.0872751087125125	23.99974768316297	1.4371838420748782e-5	PER3D	Essential3D
402	I	402	2.083	-24.184	45.354	1.4	0.410769230769231	1.2079865829994036	-1.0689603055632688	28.700916098367788	2.592380034269243e-6	PER3D	Essential3D
403	A	403	5.576	-24.157	43.912	0.67	0.373815373815374	1.3138684873615802	-1.0543053996443663	39.91163071518065	1.7129250152634533e-5	PER3D	Essential3D
404	L	404	4.302	-24.024	40.355	0.92	0.371328671328671	1.277134368127477	-1.144203014412623	39.91163071518065	1.7129250152634533e-5	PER3D	Essential3D
405	P	405	3.116	-20.408	40.122	1.4	0.368861024033438	1.1296977979836678	-1.1617797970534698	23.99974768316297	1.4371838420748782e-5	PER3D	Essential3D
406	V	406	6.016	-19.105	42.2	1.4	0.367816091954023	1.3608813818584216	-1.1776052562355837	48.22735856780857	3.017790112983943e-6	PER3D	Essential3D
407	P	407	8.718	-18.786	39.581	1.4	0.367816091954023	1.2660969574390122	-1.2297469924239666	26.453146317799018	4.488876626991291e-4	PER3D	Essential3D
408	V	408	6.647	-16.646	37.247	1.4	0.365019011406844	1.108523396952376	-1.2342741917198286	32.76540190508961	9.071790102607162e-5	PER3D	Essential3D
409	I	409	5.489	-14.158	39.863	1.4	0.401908396946565	1.0458497840233365	-1.3745486306303147	16.31532483055366	3.482781790831027e-4	PER3D	Essential3D
410	V	410	8.983	-13.981	41.26	1.4	0.365726227795193	1.079245212810343	-1.4722874915612887	13.167128742976876	0.0015233969477183077	PER3D	Essential3D
411	S	411	10.49	-13.413	37.848	0.92	0.444020356234097	0.8127855850177061	-1.5747476216467733	7.874324286354765	0.022616285097338366	PER3D	Essential3D
412	N	412	8.126	-10.594	37.04	1.4	0.296013570822731	0.892407490300516	-1.5089475324464938	10.375795439677697	0.006137466230447706	PER3D	Essential3D
413	F	413	8.939	-9.076	40.401	1.4	0.266412213740458	0.9268418078567249	-1.704325297386309	3.72328717312984	0.12784944417713154	No-PER3D	No-Essential3D
414	N	414	12.649	-9.339	39.758	0.43	0.239451114922813	0.6841560802118863	-1.679324515305289	3.5878475862261308	0.22045462416734965	No-PER3D	No-Essential3D
415	Y	415	12.391	-7.444	36.501	-0.05	0.239451114922813	0.32732097822785966	-1.3317140787767774	1.726862301122947	0.542017091698318	No-PER3D	No-Essential3D
416	F	416	10.14	-4.809	37.984	0.43	0.239451114922813	0.5592960319308462	-1.5098050494445134	2.3741109883601332	0.3172691305207595	No-PER3D	No-Essential3D
417	Y	417	12.175	-4.391	41.144	1.4	0.218867924528302	0.7283048045209203	-1.8500671024558277	1.1412554275033475	1	No-PER3D	No-Essential3D
418	H	418	15.485	-4.222	39.36	-0.3	0.280343716433942	0.32264096158111527	-1.6243464742083837	0	1	No-PER3D	No-Essential3D
419	R	419	15.636	-3.509	35.622	-0.05	0.280343716433942	-0.1726004799847763	-0.9818314223060968	0	1	No-PER3D	No-Essential3D
420	E	420	16.078	-5.529	32.462	-0.3	0.26165413533834597	-0.2258124178302172	-0.5921883648086452	0	0.5712500432920423	No-PER3D	No-Essential3D
421	T	421	17.711	-8.859	33.062	0.43	0.280898876404494	-0.05467446052381002	-1.0926044282185736	0	1	No-PER3D	No-Essential3D
422	E	422	19.324	-11.804	31.291	-0.54	0.280898876404494	-0.5245893160034397	-1.1190842803346237	0	1	No-PER3D	No-Essential3D
423	G	423	19.866	-15.163	32.889	-0.54	0.279850746268657	-0.35867960586525266	-1.6469625009629136	0	1	No-PER3D	No-Essential3D
424	E	424	23.353	-15.807	34.124	0.43	0.280898876404494	-0.6085201105439343	-1.6777402228961702	0	1	No-PER3D	No-Essential3D
425	E	425	25.275	-17.499	36.851	0.43	0.279607010090281	-0.7861410943389345	-1.6745008859634443	0	1	No-PER3D	No-Essential3D
426	Q	426	25.912	-15.226	39.736	-1.27	0.299145299145299	-0.7861410943389345	-1.6745008859634443	0	1	No-PER3D	No-Essential3D
