Uniprot_position	aminoacid	Position_in_structure	x	y	z	paraz	mtr	paraz3dscore	mtr3dscore	PER3D_OR	PER3D_pvalue	PER3D	Essential3D
185	S	185	-115.792	14.118	50.766	-1.34	0.61141072949191	-4.25498616902459	0.09594835817482815	0	1	No-PER3D	No-Essential3D
186	F	186	-114.629	17.58	49.729	-1.34	0.61141072949191	-4.25498616902459	0.04490306708216813	0	1	No-PER3D	No-Essential3D
187	A	187	-111.74	18.55	47.52	-1.34	0.607466063348416	-4.25498616902459	0.04538955895648674	0	1	No-PER3D	No-Essential3D
188	N	188	-108.597	17.29	49.156	-1.34	0.606301447629861	-4.25498616902459	0.011411780692080023	0	1	No-PER3D	No-Essential3D
189	S	189	-107.351	20.239	51.284	-1.34	0.547355473554736	-4.25498616902459	0.04538955895648674	0	1	No-PER3D	No-Essential3D
190	K	190	-103.79	19.519	50.298	-1.34	0.543345543345543	-4.25498616902459	-0.04977338385674658	0	1	No-PER3D	No-Essential3D
191	P	191	-102.189	21.824	48.019	-1.34	0.539393939393939	-4.25498616902459	0.010185217017773572	0	1	No-PER3D	No-Essential3D
192	G	192	-99.937	19.016	47.041	-1.34	0.598478444632291	-4.25498616902459	-0.07282633672378663	0	1	No-PER3D	No-Essential3D
193	S	193	-101.387	16.779	44.496	-1.34	0.602895259721828	-4.25498616902459	-0.12843503315224225	0	1	No-PER3D	No-Essential3D
194	A	194	-104.83	15.488	44.987	-1.34	0.555729984301413	-4.25498616902459	-0.10287779231893887	0	1	No-PER3D	No-Essential3D
195	K	195	-105.779	11.969	46.068	-1.34	0.556197478991597	-4.25498616902459	-0.09638795387387086	0	1	No-PER3D	No-Essential3D
196	K	196	-103.104	9.41	46.66	-1.34	0.499151583710407	-4.25498616902459	-0.17587230919602348	0	1	No-PER3D	No-Essential3D
197	L	197	-99.799	9.91	44.975	-1.34	0.465826144658262	-4.25498616902459	-0.2669086767296251	0	1	No-PER3D	No-Essential3D
198	V	198	-99.635	8.155	41.67	-1.34	0.424242424242424	-4.25498616902459	-0.3793840901894268	0	1	No-PER3D	No-Essential3D
199	I	199	-97.345	5.198	41.803	-1.34	0.509090909090909	-4.25498616902459	-0.44060065817441946	0	1	No-PER3D	No-Essential3D
200	K	200	-95.493	4.096	38.742	-1.34	0.425790754257908	-4.25498616902459	-0.4639923152825765	0	1	No-PER3D	No-Essential3D
201	N	201	-92.443	1.949	38.332	-1.34	0.423030303030303	-4.25498616902459	-0.33257380024198485	0	1	No-PER3D	No-Essential3D
202	F	202	-90.142	2.493	35.429	-1.34	0.420289855072464	-4.25498616902459	-0.2918181108796584	0	1	No-PER3D	No-Essential3D
203	K	203	-86.601	1.866	34.321	-1.34	0.472826086956522	-4.25498616902459	-0.2895515559060033	0	1	No-PER3D	No-Essential3D
204	D	204	-84.501	-1.216	34.687	-1.34	0.540372670807453	-4.25498616902459	-0.2342052439262037	0	1	No-PER3D	No-Essential3D
205	K	205	-83.56	-0.092	38.152	-1.34	0.536874677668901	-3.2974482555461284	0.3056693518567649	0	1	No-PER3D	No-Essential3D
206	P	206	-86.28	-1.789	40.025	-1.34	0.540779220779221	-3.7283403166114364	0.12601446618167772	0	1	No-PER3D	No-Essential3D
207	K	207	-85.041	-0.108	43.145	-1.34	0.633211678832117	-3.22730390957053	0.5994391998668948	9.133274901107175	0.19727345629510823	No-PER3D	No-Essential3D
208	L	208	-86.558	3.068	44.458	-1.34	0.629090909090909	-3.6368606564344796	0.2096429443821263	9.133274901107175	0.19727345629510823	No-PER3D	No-Essential3D
209	P	209	-85.054	4.447	47.581	-1.34	0.629090909090909	-2.1523159174084827	1.1573340965143732	10.26360818359024	0.05156847021085902	No-PER3D	No-Essential3D
210	E	210	-86.746	2.433	50.294	-1.34	0.629090909090909	-2.231013873476	1.1050309607800968	6.850764227878408	0.08121660660283483	No-PER3D	No-Essential3D
211	N	211	-84.436	3.85	52.895	-1.34	0.633211678832117	-1.3237936385881726	1.2370940584018533	6.850764227878408	0.08121660660283483	No-PER3D	No-Essential3D
212	Y	212	-85.592	6.535	55.256	-1.34	0.845588235294118	-1.2666378151458668	1.1522297140742441	10.26360818359024	0.05156847021085902	No-PER3D	No-Essential3D
213	T	213	-83.581	8.665	57.617	-1.34	0.842490842490843	-0.9835860505052372	1.0884584861192197	5.118756374735872	0.11511310400219729	No-PER3D	No-Essential3D
214	D	214	-84.272	6.05	60.249	0.64	0.83698296836983	-1.1499884374862	1.1856382778432486	10.26360818359024	0.05156847021085902	No-PER3D	No-Essential3D
215	E	215	-84.168	3.199	57.755	0.36	0.832116788321168	-1.3732351386958839	1.1659040801650258	10.26360818359024	0.05156847021085902	No-PER3D	No-Essential3D
216	T	216	-80.765	4.184	56.447	-0.21	0.831515151515152	-0.8061373774097935	1.2471843430449536	10.26360818359024	0.05156847021085902	No-PER3D	No-Essential3D
217	W	217	-79.141	4.607	59.844	1.77	0.835164835164835	-0.6724175207134132	1.0545986209370632	4.066735945236875	0.15227370855853548	No-PER3D	No-Essential3D
218	Q	218	-80.311	1.195	60.987	0.36	0.831515151515152	-0.8200160445792696	1.1888471081135905	6.850764227878408	0.08121660660283483	No-PER3D	No-Essential3D
219	K	219	-79.227	-0.166	57.625	-0.78	0.826086956521739	-0.7755830667790339	1.603420743808095	10.26360818359024	0.05156847021085902	No-PER3D	No-Essential3D
220	L	220	-75.713	0.829	58.726	1.21	0.829090909090909	-0.39899093128676116	1.5588673103147812	6.850764227878408	0.08121660660283483	No-PER3D	No-Essential3D
221	K	221	-76.135	0.053	62.431	-0.21	0.829683698296837	-0.07953311920163492	1.4545498281755458	0	1	No-PER3D	No-Essential3D
222	E	222	-76.608	-3.584	61.528	-0.49	0.83028083028083	-0.5915587635752322	1.8402885045599555	0	1	No-PER3D	No-Essential3D
223	A	223	-74.18	-3.55	58.551	0.07	0.627306273062731	-0.21830672985068728	1.6962409809185937	0	1	No-PER3D	No-Essential3D
224	V	224	-71.125	-1.968	60.15	1.21	0.631481481481482	-0.2755864753056149	1.4404929515738925	0	1	No-PER3D	No-Essential3D
225	E	225	-71.671	-4.592	62.787	-0.21	1.2639405204461	-0.37162833602696677	1.4115493061000879	0	1	No-PER3D	No-Essential3D
226	A	226	-71.568	-7.18	59.977	-0.49	1.26296296296296	-0.3113381094837416	1.7184200704599104	0	1	No-PER3D	No-Essential3D
227	I	227	-68.017	-6.337	58.884	1.21	1.26296296296296	-0.38622223575993225	1.2185738904817904	0	1	No-PER3D	No-Essential3D
228	Q	228	-67.284	-6.312	62.543	0.07	1.26296296296296	-0.5522011390432866	1.072244930110186	0	1	No-PER3D	No-Essential3D
229	N	229	-68.094	-9.51	64.422	-0.21	1.26568265682657	-0.5273473976125589	1.3227512510789183	0	1	No-PER3D	No-Essential3D
230	S	230	-67.788	-11.356	61.114	-0.49	NA	-0.502497797781803	1.5742981510514933	0	1	No-PER3D	No-Essential3D
231	T	231	-71.532	-11.987	61.041	0.64	NA	-0.6423386022447686	2.420510925421608	0	1	No-PER3D	No-Essential3D
232	S	232	-73.042	-13.057	57.758	0.36	NA	-0.5746610356903181	2.541947428545536	0	1	No-PER3D	No-Essential3D
233	I	233	-75.94	-11.092	56.382	0.07	NA	-0.7123462258636916	2.5239191781534025	0	1	No-PER3D	No-Essential3D
234	K	234	-77.912	-12.255	53.354	-0.21	NA	-0.5889591131313991	2.7511836339651463	0	1	No-PER3D	No-Essential3D
235	Y	235	-78.471	-9.021	51.453	-0.21	NA	-0.7985371549122233	2.3378993957385137	0	1	No-PER3D	No-Essential3D
236	N	236	-75.574	-8.295	49.06	0.36	NA	-0.4697449207782076	2.2416836757233067	0	1	No-PER3D	No-Essential3D
237	L	237	-72.786	-5.737	49.468	0.64	1.26765799256506	-0.21530268933781366	1.9266905203457705	0	1	No-PER3D	No-Essential3D
238	E	238	-73.346	-4.857	45.848	-0.21	1.27137546468401	-0.4680926984961271	2.3230932820997143	0	1	No-PER3D	No-Essential3D
239	E	239	-76.952	-3.874	46.612	1.21	1.27137546468401	-1.2301150068051405	1.640246164542666	0	1	No-PER3D	No-Essential3D
240	L	240	-76.699	-1.498	49.587	0.07	1.28464419475655	-0.8798632072412959	1.5821327793131685	4.608488899350933	0.28226803151092034	No-PER3D	No-Essential3D
241	Y	241	-73.591	0.014	48.086	1.21	0.850746268656716	-0.1253483650912096	1.8186802414195173	0	1	No-PER3D	No-Essential3D
242	Q	242	-75.67	2.756	46.453	0.36	0.850746268656716	-0.9645219472504625	1.7513307035934942	9.133274901107175	0.19727345629510823	No-PER3D	No-Essential3D
243	A	243	-78.653	2.511	48.798	-0.78	0.853233830845771	-0.8396828194853244	1.676995505602913	10.26360818359024	0.05156847021085902	No-PER3D	No-Essential3D
244	V	244	-76.538	3.708	51.714	0.64	0.847583643122677	-0.36825126630754956	1.6118047693762187	10.26360818359024	0.05156847021085902	No-PER3D	No-Essential3D
245	E	245	-75.262	6.605	49.613	0.07	0.841975308641975	-0.5221786808477618	1.9501829155184571	5.118756374735872	0.11511310400219729	No-PER3D	No-Essential3D
246	N	246	-78.627	8.347	49.485	0.64	0.841328413284133	-1.1818527243548949	1.513367046712302	10.26360818359024	0.05156847021085902	No-PER3D	No-Essential3D
247	L	247	-78.648	9.344	53.148	0.36	0.835164835164835	-0.7280079162459129	1.5096784329342505	3.35881182570544	0.19183426882580384	No-PER3D	No-Essential3D
248	C	248	-74.968	10.155	52.453	1.21	0.93956043956044	-0.4695088890236247	1.840460916882525	4.066735945236875	0.15227370855853548	No-PER3D	No-Essential3D
249	S	249	-75.196	12.463	49.418	0.07	0.93956043956044	-0.38447588387257586	2.0556725850972257	0	1	No-PER3D	No-Essential3D
250	Y	250	-74.908	16.052	50.687	-0.49	0.94649446494465	-0.3498407894500813	1.9772565224019512	0	1	No-PER3D	No-Essential3D
251	K	251	-76.152	18.336	53.455	-0.78	0.757777777777778	-0.5176593669585415	1.6479917404155653	0	1	No-PER3D	No-Essential3D
252	I	252	-76.108	15.438	55.838	-0.49	0.629151291512915	-0.2412125387613484	1.661539339580969	1.8095673781773762	0.49136422513512135	No-PER3D	No-Essential3D
253	S	253	-72.453	15.897	56.6	0.36	0.712727272727273	-0.5820960359596803	1.8037234251284684	0	1	No-PER3D	No-Essential3D
254	A	254	-71.524	15.858	60.277	-0.78	0.710649350649351	-0.5062374824867678	1.6290473476483625	0	1	No-PER3D	No-Essential3D
255	N	255	-74.428	13.828	61.519	-0.21	0.710144927536232	-0.4448179150442108	1.4837261929006522	1.8095673781773762	0.49136422513512135	No-PER3D	No-Essential3D
256	L	256	-72.87	10.557	60.358	1.49	0.623188405797102	-0.36056056497072253	1.5759842054134319	1.264127130211231	1	No-PER3D	No-Essential3D
257	Y	257	-69.314	11.125	61.605	0.92	0.623636363636364	0.05200327272734988	1.6415184792723767	0	0.5930913801080971	No-PER3D	No-Essential3D
258	K	258	-70.164	10.81	65.316	0.36	0.744604316546763	-0.2928853008442014	1.4985003064543707	0	1	No-PER3D	No-Essential3D
259	Q	259	-72.113	7.633	64.793	-0.49	0.750545454545455	0.003157812403938784	1.3876310482281426	0	1	No-PER3D	No-Essential3D
260	L	260	-69.381	6	62.751	0.36	0.753284671532847	0.007095125736966876	1.4459851619274708	0	1	No-PER3D	No-Essential3D
261	R	261	-66.825	6.907	65.39	1.21	0.747826086956522	-0.011166278433396333	1.393926466787987	1.264127130211231	1	No-PER3D	No-Essential3D
262	Q	262	-68.791	5.776	68.471	0.07	0.746762589928058	0.03975912545836053	1.2582319942329423	0	1	No-PER3D	No-Essential3D
263	I	263	-70.095	2.502	67.035	-0.78	0.751624548736462	-0.11864768583610544	1.2598444369758246	0	1	No-PER3D	No-Essential3D
264	C	264	-66.563	1.465	66.138	0.92	0.751624548736462	-0.15334435375979558	1.432092508876729	1.8095673781773762	0.49136422513512135	No-PER3D	No-Essential3D
265	E	265	-65.335	2.752	69.493	-0.49	0.746236559139785	-0.18492311834472092	1.2907672674041604	1.4920253471445561	0.5478793112312189	No-PER3D	No-Essential3D
266	D	266	-67.768	0.426	71.182	0.64	0.794880210042665	-0.3167963438084717	1.1805336919469964	0	1	No-PER3D	No-Essential3D
267	H	267	-66.088	-2.47	69.368	0.64	0.729166666666667	-0.2830438029031133	1.2583174894364622	0	1	No-PER3D	No-Essential3D
268	I	268	-62.435	-1.499	69.797	1.21	0.677387594355103	-0.21530268933781366	1.0513922753698093	1.0926171568507757	1	No-PER3D	No-Essential3D
269	K	269	-62.991	-0.893	73.507	-0.21	0.711707065497679	-0.41555202992596785	0.9987878227414321	0	1	No-PER3D	No-Essential3D
270	A	270	-64.472	-4.388	73.714	-1.34	0.706605222734255	-0.8157352868484247	1.0681677532782323	0	1	No-PER3D	No-Essential3D
271	Q	271	-61.174	-6.147	72.868	0.07	0.667769506479184	-0.4614268361856645	0.9374451069900532	0	1	No-PER3D	No-Essential3D
272	I	272	-59.14	-5.255	75.981	0.64	0.723416965352449	-0.9931181021326245	0.8883417041548757	0	1	No-PER3D	No-Essential3D
273	H	273	-61.554	-7.323	78.007	-0.21	0.719235364396655	-0.7985371549122233	0.7602319791715572	0	1	No-PER3D	No-Essential3D
274	Q	274	-59.803	-10.495	76.713	-0.78	0.659615384615385	-0.8622781513735387	0.5693620847281088	0	1	No-PER3D	No-Essential3D
275	F	275	-56.125	-9.376	76.585	-0.49	0.695035460992908	-1.1462266813975344	0.6506082115627343	0	0.5885844808371424	No-PER3D	No-Essential3D
276	R	276	-56.071	-8.518	80.305	-0.49	0.648699763593381	-1.1853932006736387	0.6810471015572298	0	1	No-PER3D	No-Essential3D
277	E	277	-56.81	-12.12	81.441	0.07	0.64640753828033	-1.079414942865905	0.5543864933871008	0	1	No-PER3D	No-Essential3D
278	D	278	-54.567	-14.201	83.73	0.36	0.64829210836278	-1.07145423550679	0.3874694770479043	0	1	No-PER3D	No-Essential3D
279	S	279	-52.057	-16.027	81.578	-0.78	0.607773851590106	-1.553602737823003	0.44640997556698403	0	1	No-PER3D	No-Essential3D
280	L	280	-49.699	-14.484	79.088	0.07	0.605263157894737	-0.9734474137742888	0.6065117190747554	0	1	No-PER3D	No-Essential3D
281	D	281	-46.818	-16.654	77.969	0.64	0.601045296167247	-0.9353237680549915	0.5845147563414083	0	1	No-PER3D	No-Essential3D
282	S	282	-45.483	-13.704	75.946	0.36	0.642440318302387	-0.6088620369293841	0.6446007408914091	0	1	No-PER3D	No-Essential3D
283	V	283	-45.299	-15.576	72.638	-1.06	0.697988505747127	-0.42507591122338895	0.3601208965739436	0	1	No-PER3D	No-Essential3D
284	L	284	-48.959	-16.619	72.749	-1.34	0.652664576802508	-0.7522749310139699	0.3931617414624329	0	1	No-PER3D	No-Essential3D
285	F	285	-49.87	-13.122	73.877	0.64	0.652296157450797	-0.9540059419066994	0.509055245932144	0	0.5930913801080971	No-PER3D	No-Essential3D
286	L	286	-48.058	-11.588	70.946	1.77	0.654170571696345	-0.44968222163865895	0.28599913177513236	0	1	No-PER3D	No-Essential3D
287	K	287	-49.94	-13.936	68.649	-0.21	0.719587628865979	-0.29155910235691274	0.12956561880270728	0	1	No-PER3D	No-Essential3D
288	K	288	-53.161	-12.601	70.169	-0.49	0.722491349480969	-0.6516663956229977	0.36230888321458304	0	1	No-PER3D	No-Essential3D
289	I	289	-52.41	-8.957	69.443	0.64	0.6	-0.2890004990253508	0.3747817579405055	0	0.5930913801080971	No-PER3D	No-Essential3D
290	D	290	-51.238	-9.783	65.949	-0.78	0.605902777777778	-0.4705710319192479	0.08456969423311847	0	1	No-PER3D	No-Essential3D
291	R	291	-54.514	-11.428	65.043	-0.21	0.601724137931035	-0.5174233352039586	0.10852064329109161	0	1	No-PER3D	No-Essential3D
292	C	292	-56.4	-8.521	66.55	-0.49	0.603806228373703	-0.3070010259932803	0.6002997369601547	0	1	No-PER3D	No-Essential3D
293	W	293	-54.452	-5.894	64.626	1.77	0.605902777777778	0.10378273888897926	0.1958447382775233	3.0650026568252478	0.3591678852776074	No-PER3D	No-Essential3D
294	Q	294	-54.943	-7.668	61.338	0.36	0.606643356643357	-0.44897412637491013	0.07290829453766624	0	1	No-PER3D	No-Essential3D
295	N	295	-58.663	-7.701	62.066	0.07	0.610526315789474	-0.3005573590931664	0.7461294185665079	0	1	No-PER3D	No-Essential3D
296	H	296	-58.975	-4.048	63.081	0.64	0.614840989399293	-0.17747549498491835	0.8598439811327769	1.8095673781773762	0.49136422513512135	No-PER3D	No-Essential3D
297	C	297	-57.113	-3.084	59.946	-0.49	0.525150905432596	-0.08988399792534081	0.6806450132140929	2.2830491991686857	0.4286557049463006	No-PER3D	No-Essential3D
298	R	298	-59.561	-5.021	57.788	-0.21	0.612280701754386	-0.22253116182191565	0.9482254984915313	21.282070137669088	0.10344827586206898	No-PER3D	No-Essential3D
299	Q	299	-62.485	-3.471	59.582	0.36	0.617437722419929	-0.0018462299916096288	1.0969659978068012	9.133274901107175	0.19727345629510823	No-PER3D	No-Essential3D
300	M	300	-61.408	0.073	58.829	0.36	0.61013986013986	0.22666677111871497	1.215641758039288	3.0650026568252478	0.3591678852776074	No-PER3D	No-Essential3D
301	I	301	-60.694	-1.163	55.32	-0.49	0.614035087719298	-0.01894242581363334	1.3038268760552296	4.608488899350933	0.28226803151092034	No-PER3D	No-Essential3D
302	M	302	-64.115	-2.758	54.861	0.36	0.618374558303887	-0.25385454258635815	1.4788470364585469	0	1	No-PER3D	No-Essential3D
303	I	303	-65.883	0.36	56.049	1.21	0.622775800711744	0.06448811027239408	1.721552548593433	0	1	No-PER3D	No-Essential3D
304	R	304	-64.05	2.678	53.679	-0.21	0.620567375886525	5.521571920556049e-4	1.7725048893725537	0	1	No-PER3D	No-Essential3D
305	S	305	-63.821	0.299	50.712	-0.49	0.819787985865724	-0.19698457273213874	1.7877698132394781	0	1	No-PER3D	No-Essential3D
306	I	306	-67.432	-0.773	50.367	0.36	0.614840989399293	-0.022163601880819523	1.7755036666073143	0	1	No-PER3D	No-Essential3D
307	F	307	-68.429	2.822	50.854	0.36	1.21951219512195	0.015036534693406342	2.022169178576358	0	1	No-PER3D	No-Essential3D
308	L	308	-66.196	3.929	48.015	-0.49	1.2280701754386	0.009729985481547802	2.20128991183458	0	1	No-PER3D	No-Essential3D
309	F	309	-68.404	6.955	47.401	0.64	1.24028268551237	-0.22253116182191565	2.1281041115082986	0	1	No-PER3D	No-Essential3D
310	L	310	-68.431	7.548	51.108	1.21	1.23674911660777	-0.046638331375431157	1.8872221530149353	0	1	No-PER3D	No-Essential3D
311	D	311	-64.786	8.49	50.659	0.64	1.24285714285714	-0.24306002367676569	2.2920776353629306	0	1	No-PER3D	No-Essential3D
312	R	312	-64.985	10.287	47.353	-0.21	1.23758865248227	-0.28021142184811815	2.4108099741459594	0	1	No-PER3D	No-Essential3D
313	T	313	-66.665	13.614	48.021	-0.49	1.24113475177305	-0.39869936264874695	2.5508809693317662	0	1	No-PER3D	No-Essential3D
314	Y	314	-67.349	14.064	51.757	0.64	1.25266903914591	-0.2372264080808046	2.234827635716154	0	1	No-PER3D	No-Essential3D
315	V	315	-67.635	11.333	54.518	0.92	1.25177304964539	-0.32421892135390845	1.8943467889160541	0	1	No-PER3D	No-Essential3D
316	L	316	-68.22	10.397	58.319	-0.49	1.25622775800712	-0.236459194169332	1.8085139641248655	0	0.5930913801080971	No-PER3D	No-Essential3D
317	Q	317	-66.587	9.312	61.793	0.64	1.26071428571429	-0.08725546247657633	1.6083059460847013	1.264127130211231	1	No-PER3D	No-Essential3D
318	N	318	-66.645	12.131	64.706	-1.06	0.944839857651246	-0.29938900190798096	1.5470848532533503	0	1	No-PER3D	No-Essential3D
319	S	319	-67.813	15.676	63.652	-0.21	1.00353356890459	-0.2389595083766932	1.5524639611831728	0	1	No-PER3D	No-Essential3D
320	M	320	-67.734	15.487	59.678	0.07	1.07521453811206	-0.22238364197530136	1.8402029680367304	0	1	No-PER3D	No-Essential3D
321	L	321	-65.399	13.378	57.413	1.21	0.944839857651246	-0.3184333382354178	1.88288900573725	0	1	No-PER3D	No-Essential3D
322	P	322	-62.015	12.781	56.936	-0.49	0.983333333333333	-0.09964712959217994	2.011962428499581	0	1	No-PER3D	No-Essential3D
323	S	323	-60.731	9.326	56.365	0.36	0.987609912070344	-0.16013978411351368	2.0495012283089618	2.2830491991686857	0.4286557049463006	No-PER3D	No-Essential3D
324	I	324	-62.358	6.594	58.403	1.21	0.984070091596973	-0.13475685308639013	1.646288622350289	2.2830491991686857	0.4286557049463006	No-PER3D	No-Essential3D
325	W	325	-59.056	4.76	58.575	-0.49	0.981282357626444	0.06690753594012656	1.2299346538444882	2.2830491991686857	0.4286557049463006	No-PER3D	No-Essential3D
326	D	326	-57.128	7.623	60.089	-0.21	0.988367428800642	-0.16367074302279852	1.1910843799502369	3.0650026568252478	0.3591678852776074	No-PER3D	No-Essential3D
327	M	327	-59.767	7.801	62.786	1.21	0.889530685920578	0.0332387482380073	1.3358209267238816	1.4920253471445561	0.5478793112312189	No-PER3D	No-Essential3D
328	G	328	-59.706	4.048	63.362	0.92	0.889530685920578	-0.1850791110070731	1.0337873237041122	1.264127130211231	1	No-PER3D	No-Essential3D
329	L	329	-55.985	4.14	63.913	1.77	0.892057761732852	0.11183732251412154	0.7288121738881633	1.4920253471445561	0.5478793112312189	No-PER3D	No-Essential3D
330	E	330	-56.396	6.683	66.679	-0.21	0.895289855072464	0.023984675653152588	1.0042512251631395	1.4920253471445561	0.5478793112312189	No-PER3D	No-Essential3D
331	L	331	-59.091	4.661	68.397	0.36	0.849578820697954	-0.15522187908034166	1.1500434183147317	1.264127130211231	1	No-PER3D	No-Essential3D
332	F	332	-56.936	1.553	68.31	1.21	0.855757575757576	-0.08395101791241531	0.6228263502260037	1.4920253471445561	0.5478793112312189	No-PER3D	No-Essential3D
333	R	333	-54.019	3.624	69.482	0.64	0.855757575757576	-7.986585780546454e-4	0.6305408014248631	1.4920253471445561	0.5478793112312189	No-PER3D	No-Essential3D
334	A	334	-55.788	4.94	72.552	-0.49	0.852657004830918	0.043306015683479	0.8762362509206008	1.4920253471445561	0.5478793112312189	No-PER3D	No-Essential3D
335	H	335	-58.004	1.944	73.151	-0.78	0.894584837545126	-0.22415388013467333	0.9828198015409334	1.8095673781773762	0.49136422513512135	No-PER3D	No-Essential3D
336	I	336	-55.731	-1.101	72.744	0.92	0.89136690647482	-0.5415049534080274	0.7701537140445969	1.264127130211231	1	No-PER3D	No-Essential3D
337	I	337	-52.032	-0.313	72.271	0.64	0.885663082437276	-0.3816119058893357	0.40193294155118003	1.8095673781773762	0.49136422513512135	No-PER3D	No-Essential3D
338	S	338	-51.675	2.506	74.751	0.07	0.807429130009775	-0.5069834691358677	0.6854509555786791	3.0650026568252478	0.3591678852776074	No-PER3D	No-Essential3D
339	D	339	-51.399	2.991	78.484	-0.49	0.807429130009775	-0.7880730804590469	0.8838565869394645	0	1	No-PER3D	No-Essential3D
340	Q	340	-51.524	-0.611	79.264	-1.34	0.806211582012294	-1.139170315401149	1.113391036669609	0	1	No-PER3D	No-Essential3D
341	K	341	-49.59	-3.458	80.757	-1.34	0.80971000325839	-0.8547127125029597	0.9487029109407021	0	1	No-PER3D	No-Essential3D
342	V	342	-50.433	-4.613	77.265	1.21	0.806818181818182	-0.7733274407372533	0.8966087509261873	0	0.5930913801080971	No-PER3D	No-Essential3D
343	Q	343	-48.11	-2.196	75.543	0.36	0.701858442071965	-0.19652743613235366	0.4885865765477035	0	1	No-PER3D	No-Essential3D
344	N	344	-45.21	-2.858	77.864	-0.49	0.752650176678445	-0.33921936049384965	0.5223009472868267	0	1	No-PER3D	No-Essential3D
345	K	345	-45.928	-6.574	77.781	-0.21	0.753191489361702	-0.7254975354078379	0.6608218600672203	0	0.5930913801080971	No-PER3D	No-Essential3D
346	T	346	-46.202	-6.657	74.014	0.36	0.754770318021201	-0.5876881729144142	0.4019450480275626	0	0.5885844808371424	No-PER3D	No-Essential3D
347	I	347	-43.08	-4.568	73.703	-0.21	0.804545454545455	0.05042972769679699	-0.03271743243728434	0	1	No-PER3D	No-Essential3D
348	D	348	-41.637	-6.816	76.357	0.36	0.813258943222842	-0.31729564175085867	0.24683399960635227	0	1	No-PER3D	No-Essential3D
349	G	349	-42.6	-9.851	74.328	0.36	0.816205533596838	-0.3031708743393665	0.3061018135797636	0	1	No-PER3D	No-Essential3D
350	I	350	-41.009	-8.564	71.148	0.64	0.761290322580645	0.06793541616169742	0.06841512384412567	0	1	No-PER3D	No-Essential3D
351	L	351	-37.83	-7.545	72.963	1.21	0.638489208633094	0.19945369823738937	-0.09790184271636285	0	1	No-PER3D	No-Essential3D
352	L	352	-37.636	-10.913	74.681	-0.49	0.729701952723536	0.056396085937643184	0.27775819437904237	0	1	No-PER3D	No-Essential3D
353	L	353	-37.857	-12.636	71.318	0.07	0.638489208633094	0.1692662901119535	0.30785143193025616	0	1	No-PER3D	No-Essential3D
354	I	354	-35.14	-10.585	69.654	1.21	0.633928571428572	0.6521140087544388	0.3923301252782424	0	1	No-PER3D	No-Essential3D
355	E	355	-33.109	-11.191	72.737	-0.78	0.636200716845878	0.5616009619969864	0.08154706790772934	0	1	No-PER3D	No-Essential3D
356	R	356	-33.348	-14.91	72.045	-0.21	0.640794223826715	0.2086227646170466	0.3627709819208005	0	1	No-PER3D	No-Essential3D
357	E	357	-32.97	-14.895	68.255	1.21	0.638489208633094	0.8120791660649581	0.5857381808310372	1.8095673781773762	0.49136422513512135	No-PER3D	No-Essential3D
358	R	358	-29.787	-12.945	68.685	1.77	0.766787003610108	0.6787331455212909	0.5397412768532944	1.4920253471445561	0.5478793112312189	No-PER3D	No-Essential3D
359	N	359	-27.992	-15.718	70.501	-0.49	0.767391304347826	0.5736334503556157	0.42898191501221483	1.8095673781773762	0.49136422513512135	No-PER3D	No-Essential3D
360	G	360	-29.643	-18.92	69.31	1.77	0.641818181818182	0.5922209510290214	0.49275277022338476	0	1	No-PER3D	No-Essential3D
361	E	361	-33.346	-19.861	69.059	1.77	0.642335766423358	0.29983661503942205	0.2888495940492413	0	1	No-PER3D	No-Essential3D
362	A	362	-35.524	-19.691	65.925	-0.21	0.550573514077164	0.3494032835018365	0.15810335571471268	0	1	No-PER3D	No-Essential3D
363	I	363	-38.04	-16.889	66.384	0.07	0.546583850931677	0.24215635501321955	0.30402584183922876	0	1	No-PER3D	No-Essential3D
364	D	364	-41.095	-16.884	64.031	0.92	0.481363636363636	-0.150393956827509	0.16404456920225222	0	1	No-PER3D	No-Essential3D
365	R	365	-39.855	-13.789	62.231	0.36	0.481363636363636	0.1830664608971467	0.5044974147590507	0	1	No-PER3D	No-Essential3D
366	S	366	-43.078	-12.797	60.469	-0.21	0.366753246753247	0.014828271380539028	0.27788165644732243	0	1	No-PER3D	No-Essential3D
367	L	367	-44.882	-11.969	63.704	0.64	0.364389233954451	-0.20810752778681793	0.2113207094077961	0	1	No-PER3D	No-Essential3D
368	L	368	-42.252	-9.425	64.641	1.21	0.36734693877551	0.009871604534297581	0.4140551328841462	0	1	No-PER3D	No-Essential3D
369	R	369	-42.553	-7.666	61.317	-0.78	0.428571428571429	0.20784979512835391	0.19192886249040025	0	1	No-PER3D	No-Essential3D
370	S	370	-46.326	-7.245	61.528	0.64	0.427350427350427	-0.003818237231512023	-0.09473499750362561	0	1	No-PER3D	No-Essential3D
371	L	371	-46.178	-6.038	65.114	0.64	0.426129426129426	0.15318635909987255	-0.06199438823356582	0	1	No-PER3D	No-Essential3D
372	L	372	-43.474	-3.571	64.246	-0.21	0.476277372262774	0.4241073338273325	-0.1215506558234881	0	1	No-PER3D	No-Essential3D
373	S	373	-45.408	-2.595	61.193	-0.21	0.476277372262774	-0.025297126898558384	-0.3395129780384488	0	1	No-PER3D	No-Essential3D
374	M	374	-48.23	-2.035	63.657	0.36	0.474184782608696	0.2529013816787766	-0.0278838350186042	4.608488899350933	0.28226803151092034	No-PER3D	No-Essential3D
375	L	375	-46.258	0.032	66.12	0.64	0.363920750782065	0.5104949560046833	-0.10610780588536171	3.0650026568252478	0.3591678852776074	No-PER3D	No-Essential3D
376	S	376	-45.082	1.98	63.096	0.07	0.366300366300366	0.5759937679014453	-0.2264781220193023	9.133274901107175	0.19727345629510823	No-PER3D	No-Essential3D
377	D	377	-48.483	2.589	61.581	-0.78	0.365546218487395	0.0612793206824589	0.019057602625695117	9.133274901107175	0.19727345629510823	No-PER3D	No-Essential3D
378	L	378	-49.898	3.441	65.016	1.21	0.214637146371464	0.20526298246449062	0.09160440405745246	1.8095673781773762	0.49136422513512135	No-PER3D	No-Essential3D
379	Q	379	-46.867	5.764	65.34	0.07	0.215432098765432	0.28631199550182035	-0.24307036278527094	4.608488899350933	0.28226803151092034	No-PER3D	No-Essential3D
380	I	380	-45.448	4.109	68.491	0.64	0.258736059479554	-0.04925434998872533	-0.2615277557349924	3.0650026568252478	0.3591678852776074	No-PER3D	No-Essential3D
381	Y	381	-42.328	2.505	66.991	1.77	0.258736059479554	0.3123424910685335	-0.4809438174653125	0	1	No-PER3D	No-Essential3D
382	Q	382	-40.009	5.446	66.76	0.36	0.258736059479554	0.2470018145904747	-0.5763662102075074	0	1	No-PER3D	No-Essential3D
383	D	383	-40.937	6.36	70.316	1.21	0.257037037037037	0.7642912058009554	-1.0627457259045967	0	1	No-PER3D	No-Essential3D
384	S	384	-41.913	3.502	72.623	-0.49	0.21455223880597	0.24890822491595227	-0.6805166300774688	0	1	No-PER3D	No-Essential3D
385	F	385	-40.044	0.579	71.062	1.77	0.213754646840149	0.41348590487110076	-0.40559789918373446	0	1	No-PER3D	No-Essential3D
386	E	386	-36.916	1.925	69.418	1.77	0.212962962962963	0.3249739969025036	-0.39757883176958875	0	1	No-PER3D	No-Essential3D
387	Q	387	-34.986	3.545	72.228	-0.49	0.213135068153656	0.5270708224060753	-0.6957501072156369	0	1	No-PER3D	No-Essential3D
388	R	388	-35.936	0.761	74.594	-0.49	0.212962962962963	0.3191553010395246	-0.7100152793590881	0	1	No-PER3D	No-Essential3D
389	F	389	-34.735	-1.659	71.924	1.21	0.211562115621156	0.22360216527292057	-0.30415926973521024	0	1	No-PER3D	No-Essential3D
390	L	390	-31.47	0.183	71.361	1.77	0.210622710622711	0.2706008636194913	-0.235870373567106	0	1	No-PER3D	No-Essential3D
391	E	391	-31.081	0.465	75.086	-0.21	0.212177121771218	0.23327566024703683	-0.7610011405896892	0	1	No-PER3D	No-Essential3D
392	E	392	-31.027	-3.298	75.286	-0.21	0.361344537815126	0.3619424704640544	-0.47299322810210626	0	1	No-PER3D	No-Essential3D
393	T	393	-28.903	-3.691	72.177	1.21	0.42002442002442	0.3022316431373958	-0.0976301668377432	4.608488899350933	0.28226803151092034	No-PER3D	No-Essential3D
394	N	394	-26.341	-1.181	73.334	-0.21	0.424691358024691	-0.07613473557795775	-0.38876196575728933	0	1	No-PER3D	No-Essential3D
395	R	395	-25.925	-2.992	76.631	-0.21	0.511524163568773	-0.08194474799846056	-0.5145296962594282	0	1	No-PER3D	No-Essential3D
396	L	396	-25.707	-6.433	75.05	0.64	0.505882352941177	0.14024283636373597	-0.24930389083902552	4.608488899350933	0.28226803151092034	No-PER3D	No-Essential3D
397	Y	397	-22.943	-5.404	72.679	1.21	0.42156862745098	0.25424102136695	0.23165767475694085	4.608488899350933	0.28226803151092034	No-PER3D	No-Essential3D
398	A	398	-21.269	-3.675	75.556	-0.21	0.42156862745098	0.032530652974258535	-0.16642398673096873	0	1	No-PER3D	No-Essential3D
399	A	399	-21.026	-7.021	77.335	-0.21	0.42002442002442	0.20992715062921533	-0.3749814414223748	0	1	No-PER3D	No-Essential3D
400	E	400	-20.27	-9.046	74.235	0.92	0.422794117647059	0.5529806718296099	0.14051860716948292	4.608488899350933	0.28226803151092034	No-PER3D	No-Essential3D
401	G	401	-17.375	-6.865	73.219	0.92	0.425925925925926	0.3022316431373958	0.34398219828658344	2.2830491991686857	0.4286557049463006	No-PER3D	No-Essential3D
402	Q	402	-15.984	-6.874	76.713	0.36	0.425584255842558	0.25558066105512334	0.15300121393613028	0	1	No-PER3D	No-Essential3D
403	K	403	-16.255	-10.609	77.219	-0.21	0.319188191881919	0.340945478962615	-0.12638519637901427	0	1	No-PER3D	No-Essential3D
404	L	404	-15.189	-11.929	73.842	0.64	0.511111111111111	0.3823569476993758	0.2844938951850447	0	1	No-PER3D	No-Essential3D
405	M	405	-12.34	-9.468	73.688	1.21	0.511111111111111	0.17723334638872637	0.4511900835571734	0	1	No-PER3D	No-Essential3D
406	Q	406	-10.902	-10.649	76.971	0.36	0.511111111111111	0.32118360460831896	0.07818897838076791	0	1	No-PER3D	No-Essential3D
407	E	407	-11.757	-14.266	76.245	0.92	0.513011152416357	0.35117352166120835	-0.18994795133007794	0	1	No-PER3D	No-Essential3D
408	R	408	-10.58	-14.83	72.691	0.36	0.645522388059702	0.30142982938285673	0.35130856397529386	0	1	No-PER3D	No-Essential3D
409	E	409	-7.899	-14.005	70.12	-0.49	0.640221402214022	-0.13578949201269047	0.7805352017486011	0	1	No-PER3D	No-Essential3D
410	V	410	-8.079	-11.206	67.546	0.92	0.644981412639405	0.10533169727842968	0.949867921546461	0	1	No-PER3D	No-Essential3D
411	P	411	-8.493	-13.153	64.321	0.36	0.734997344662772	-0.14177879778523222	1.1456855270745403	0	1	No-PER3D	No-Essential3D
412	E	412	-11.311	-15.223	65.779	-0.21	0.738362760834671	0.30176778394055503	0.9965880819392942	0	1	No-PER3D	No-Essential3D
413	Y	413	-12.888	-12.153	67.337	1.77	0.73773987206823	0.49461991702708963	0.6953644351139427	2.2830491991686857	0.4286557049463006	No-PER3D	No-Essential3D
414	L	414	-13.164	-10.403	63.987	1.21	0.855018587360595	0.4333125722560665	0.9995838587181316	1.8095673781773762	0.49136422513512135	No-PER3D	No-Essential3D
415	H	415	-14.93	-13.308	62.377	-0.21	0.969101123595506	0.28928599560956514	1.1761324902667047	2.2830491991686857	0.4286557049463006	No-PER3D	No-Essential3D
416	H	416	-17.525	-12.824	65.116	0.64	0.858208955223881	0.8623133990857887	0.8639896687582839	2.2830491991686857	0.4286557049463006	No-PER3D	No-Essential3D
417	V	417	-17.939	-9.072	64.671	0.92	0.852540272614622	0.6131687692482561	0.8436222784671871	1.4920253471445561	0.5478793112312189	No-PER3D	No-Essential3D
418	N	418	-18.482	-9.818	61.028	-0.49	0.851851851851852	0.5795342442201892	1.1943388425003065	1.4920253471445561	0.5478793112312189	No-PER3D	No-Essential3D
419	K	419	-21.198	-12.302	61.905	0.07	0.853233830845771	0.6202497218857437	1.3706382434444848	1.4920253471445561	0.5478793112312189	No-PER3D	No-Essential3D
420	R	420	-22.926	-9.871	64.246	1.21	0.85143570536829	0.8511551617988217	0.952832756682908	1.264127130211231	1	No-PER3D	No-Essential3D
421	L	421	-22.823	-6.902	61.926	1.49	0.853932584269663	0.560415672098972	1.1307625048958492	1.264127130211231	1	No-PER3D	No-Essential3D
422	E	422	-24.169	-9.267	59.313	-0.49	0.960674157303371	0.7193830588105726	1.5008421290051577	1.264127130211231	1	No-PER3D	No-Essential3D
423	E	423	-27.076	-10.42	61.45	1.21	0.921052631578947	0.7760306799104747	1.445695233136791	1.264127130211231	1	No-PER3D	No-Essential3D
424	E	424	-28.039	-6.846	62.252	1.77	0.92722371967655	0.44985002293200566	1.2984590987960523	1.264127130211231	1	No-PER3D	No-Essential3D
425	A	425	-28.386	-5.764	58.637	-0.49	0.922953451043339	-0.022755246464588312	1.6192085200382007	1.4920253471445561	0.5478793112312189	No-PER3D	No-Essential3D
426	D	426	-30.365	-8.935	58.177	-0.49	0.92722371967655	0.7239856780249397	1.5747522194892545	1.4920253471445561	0.5478793112312189	No-PER3D	No-Essential3D
427	R	427	-32.462	-7.912	61.135	1.77	0.92722371967655	0.4712874589934083	1.2428356764699309	2.2830491991686857	0.4286557049463006	No-PER3D	No-Essential3D
428	L	428	-32.881	-4.415	59.794	0.64	1.12012987012987	0.16693258092042063	1.3742082462253609	0	1	No-PER3D	No-Essential3D
429	I	429	-34.437	-5.616	56.54	0.07	1.12764801738186	0.11868224339702649	1.4242453922406164	0	1	No-PER3D	No-Essential3D
430	T	430	-36.501	-8.501	57.784	-0.49	0.993320610687023	0.016008430153453764	0.8849299731005339	0	1	No-PER3D	No-Essential3D
431	Y	431	-38.7	-6.862	60.404	0.64	0.986692015209125	0.02227548018893134	0.615883327316231	0	1	No-PER3D	No-Essential3D
432	L	432	-37.347	-3.519	61.697	1.77	0.979245283018868	0.5194896796252758	0.33013964147968955	0	1	No-PER3D	No-Essential3D
433	D	433	-38.256	-0.082	60.411	0.07	0.98384030418251	0.15245001215751927	0.3327483877856486	0	1	No-PER3D	No-Essential3D
434	Q	434	-35.932	2.179	58.41	-0.78	0.989543726235742	0.17221853682288094	1.0178841692822513	0	1	No-PER3D	No-Essential3D
435	T	435	-35.466	4.744	61.167	1.21	0.938852813852814	0.5836647999253902	0.38409225695256705	0	1	No-PER3D	No-Essential3D
436	T	436	-33.279	2.242	63.012	1.21	0.942422596414992	0.5385903487276187	0.4376057299333978	0	1	No-PER3D	No-Essential3D
437	Q	437	-30.791	1.907	60.158	-0.49	0.830938697318008	0.34609370781257576	1.2181247666100914	0	1	No-PER3D	No-Essential3D
438	K	438	-28.622	4.822	61.141	0.07	0.880407124681934	-0.09138601818177762	1.2256171320735032	0	1	No-PER3D	No-Essential3D
439	S	439	-28.791	3.844	64.804	-0.78	0.734355044699872	0.16693258092042063	0.48305737396425136	0	1	No-PER3D	No-Essential3D
440	L	440	-28.543	0.082	65.029	1.21	0.798461538461539	0.21167875470269923	0.7491936398689053	1.4920253471445561	0.5478793112312189	No-PER3D	No-Essential3D
441	I	441	-25.578	-0.41	62.742	0.64	0.796911196911197	0.2205924244934191	0.9918755391205771	2.2830491991686857	0.4286557049463006	No-PER3D	No-Essential3D
442	A	442	-23.77	2.448	64.423	-0.78	0.729431721798134	0.14851665717630816	0.607241667848037	0	1	No-PER3D	No-Essential3D
443	T	443	-24.545	1.024	67.851	-0.49	0.728770595690748	0.12190085823224805	0.23364512696807885	3.0650026568252478	0.3591678852776074	No-PER3D	No-Essential3D
444	V	444	-23.132	-2.411	67.136	1.21	0.733672603901612	0.11809216401056911	0.5400197721064085	1.8095673781773762	0.49136422513512135	No-PER3D	No-Essential3D
445	E	445	-20.084	-0.871	65.558	-0.21	0.569786535303777	0.20927495762313103	0.6240447946547684	3.0650026568252478	0.3591678852776074	No-PER3D	No-Essential3D
446	K	446	-19.432	1.612	68.349	0.36	0.565453557848995	0.18453510292566266	0.43529374870429455	0	1	No-PER3D	No-Essential3D
447	Q	447	-19.664	-1.291	70.76	-0.78	0.7546346782988	0.3686546234850063	0.21493524714638973	4.608488899350933	0.28226803151092034	No-PER3D	No-Essential3D
448	L	448	-17.631	-3.983	68.992	1.21	0.821496212121212	0.23492788252911742	0.47438982650410433	1.264127130211231	1	No-PER3D	No-Essential3D
449	L	449	-15.188	-2.09	66.802	1.21	0.825381679389313	0.39160082102174887	0.639031416262859	1.8095673781773762	0.49136422513512135	No-PER3D	No-Essential3D
450	G	450	-15.241	1.429	68.144	-0.21	0.825381679389313	-0.09370945576595324	0.5168935608352625	0	1	No-PER3D	No-Essential3D
451	E	451	-13.677	1.769	71.559	-0.21	0.819866920152091	-0.04849178585853425	0.48314900927191895	0	1	No-PER3D	No-Essential3D
452	H	452	-11.934	-1.523	70.839	0.64	0.818396226415094	0.25133208947263064	0.46005880683681083	0	1	No-PER3D	No-Essential3D
453	L	453	-9.784	-0.365	67.96	0.36	0.817669172932331	-0.08863231437831014	0.6393266515500009	0	1	No-PER3D	No-Essential3D
454	T	454	-6.722	0.654	69.9	0.07	0.823863636363636	-0.5073150187576898	0.8685273436400263	0	1	No-PER3D	No-Essential3D
455	A	455	-6.718	-2.623	71.813	-0.21	0.829372623574144	-0.2535103296109247	0.6891288408476725	0	1	No-PER3D	No-Essential3D
456	I	456	-7.487	-4.779	68.792	0.92	0.832538167938931	0.10353155644744673	0.7598318845119898	0	1	No-PER3D	No-Essential3D
457	L	457	-4.411	-3.574	66.935	-0.21	0.827767175572519	0.01050102254651879	0.7710036938116155	0	1	No-PER3D	No-Essential3D
458	Q	458	-2.22	-3.66	70.02	-1.34	0.827767175572519	-0.5600163381900594	0.6946018807227193	0	1	No-PER3D	No-Essential3D
459	K	459	-3.141	-7.286	70.642	-0.21	0.761904761904762	-0.18225824369620394	0.9458005878371044	0	1	No-PER3D	No-Essential3D
460	G	460	-2.779	-8.796	67.228	-0.21	0.754716981132075	-0.07173027034323386	1.0406162055350954	0	1	No-PER3D	No-Essential3D
461	L	461	-1.834	-6.352	64.485	0.64	0.750533049040512	-0.37914806564412795	0.8275189940032106	0	1	No-PER3D	No-Essential3D
462	N	462	1.777	-7.423	64.732	-0.78	0.821629213483146	-0.308010717387885	0.5834011323934677	0	1	No-PER3D	No-Essential3D
463	N	463	0.609	-10.987	65.12	-0.49	0.876404494382023	-0.41592968073330056	1.1318711168128075	0	1	No-PER3D	No-Essential3D
464	L	464	-1.057	-10.545	61.733	1.21	0.880503144654088	-0.3053488037111998	0.9715551217946756	0	1	No-PER3D	No-Essential3D
465	L	465	1.782	-8.687	59.995	1.49	0.880503144654088	-0.28752840624018894	0.29202792366736685	0	1	No-PER3D	No-Essential3D
466	D	466	4.468	-11.063	61.142	0.36	0.887198986058302	0.052593352113807244	0.3030985885946642	0	1	No-PER3D	No-Essential3D
467	E	467	2.445	-13.944	59.694	-0.49	0.80381679389313	-0.08587861057484265	0.9384926034718845	0	1	No-PER3D	No-Essential3D
468	N	468	1.6	-12.579	56.254	-0.21	0.893129770992366	-0.2708173580157177	0.19845833128568155	0	1	No-PER3D	No-Essential3D
469	R	469	-1.993	-13.29	57.161	0.64	0.837309160305344	-0.30927283163114094	0.733730974780965	0	1	No-PER3D	No-Essential3D
470	I	470	-3.505	-11.816	54.053	-0.21	0.953286257468767	-0.045359826038107086	0.4149775266000544	0	1	No-PER3D	No-Essential3D
471	Q	471	-6.848	-13.316	54.937	0.07	0.887198986058302	-0.13772007783142579	0.8871205022830844	0	1	No-PER3D	No-Essential3D
472	D	472	-7.381	-11.854	58.411	0.36	0.887198986058302	-0.09298494297088769	0.970241512051764	0	1	No-PER3D	No-Essential3D
473	L	473	-5.859	-8.538	57.412	1.21	0.888040712468193	-0.027753132993542855	0.611360679332277	0	1	No-PER3D	No-Essential3D
474	S	474	-8.26	-7.951	54.563	-0.49	0.881313131313131	0.11679398936036299	0.5003341937552248	0	1	No-PER3D	No-Essential3D
475	L	475	-11.21	-8.398	56.92	-0.21	0.877987421383648	0.18536121406670295	0.7810849751277941	0	1	No-PER3D	No-Essential3D
476	L	476	-9.642	-6.189	59.555	1.21	0.87218045112781994	0.3287217206155154	0.7804794505584202	0	1	No-PER3D	No-Essential3D
477	Y	477	-9.239	-3.3	57.161	1.21	0.870440251572327	0.20410758226723147	0.43703090567824276	0	1	No-PER3D	No-Essential3D
478	Q	478	-12.821	-3.607	56.025	-0.49	0.780451127819549	0.36848251699728957	0.5520445017575255	0	1	No-PER3D	No-Essential3D
479	L	479	-14.091	-3.601	59.603	1.77	0.650375939849624	0.5249363725679808	0.8472943833087982	1.4920253471445561	0.5478793112312189	No-PER3D	No-Essential3D
480	F	480	-11.966	-0.588	60.457	0.64	0.52377358490566	0.051649225095475426	0.6960307144599484	0	1	No-PER3D	No-Essential3D
481	S	481	-13.711	1.13	57.565	0.07	0.519850187265918	-0.021802041301849602	0.35335624905571594	0	1	No-PER3D	No-Essential3D
482	R	482	-17.235	0.877	58.996	-0.21	0.52089552238806	0.24890822491595227	0.7276094098647544	0	1	No-PER3D	No-Essential3D
483	V	483	-16.303	3.01	61.996	1.21	0.52089552238806	5.593915405597722e-5	0.663872132869795	0	1	No-PER3D	No-Essential3D
484	R	484	-14.806	6.399	61.124	-0.21	0.524812030075188	-0.2495272937523378	0.4816125293580007	0	1	No-PER3D	No-Essential3D
485	G	485	-11.696	6.901	63.292	0.07	0.653558052434457	-0.14545874741350237	0.4878548474228585	0	1	No-PER3D	No-Essential3D
486	G	486	-10.351	3.476	62.379	1.77	0.653558052434457	-0.1947923437671594	0.6373299528947991	0	1	No-PER3D	No-Essential3D
487	V	487	-8.657	3.699	58.987	0.36	0.656015037593985	0.024564581257084765	0.34750816297284354	0	1	No-PER3D	No-Essential3D
488	Q	488	-6.569	6.436	60.503	-0.78	0.655430711610487	-0.2849320569397767	0.19408878378946257	0	1	No-PER3D	No-Essential3D
489	V	489	-5.513	4.301	63.451	-1.34	0.660377358490566	-0.26743315099655984	0.4919409135843573	0	1	No-PER3D	No-Essential3D
490	L	490	-4.455	1.424	61.254	1.21	0.652985074626866	-0.12856101952858834	0.413085467234086	0	1	No-PER3D	No-Essential3D
491	L	491	-2.491	3.76	59.017	0.07	0.651119402985075	-0.16493655848084415	-0.10430155699268241	0	1	No-PER3D	No-Essential3D
492	Q	492	-0.572	5.205	61.933	0.36	0.780669144981413	-0.4321568638608767	-2.4090951147576694e-4	0	1	No-PER3D	No-Essential3D
493	Q	493	0.045	1.698	63.227	-0.78	0.52089552238806	-0.41442396091958184	0.28943946029056367	0	1	No-PER3D	No-Essential3D
494	W	494	1.119	0.323	59.873	0.64	0.326492537313433	-0.3444369045425249	0.057287981330129634	0	1	No-PER3D	No-Essential3D
495	I	495	3.828	2.926	59.512	-0.49	0.322878228782288	-0.5545245766274622	-0.03366445367740818	0	1	No-PER3D	No-Essential3D
496	E	496	4.979	2.281	63.043	0.36	0.322878228782288	-0.6733354219812356	0.059249478239314604	0	1	No-PER3D	No-Essential3D
497	Y	497	5.358	-1.4	62.168	0.92	0.31959706959707	-0.35326324989153374	0.0051199704153284875	0	1	No-PER3D	No-Essential3D
498	I	498	7.139	-0.869	58.853	1.49	0.425790754257908	-0.27625629514970157	-0.3113809017814531	0	1	No-PER3D	No-Essential3D
499	K	499	9.545	1.51	60.493	-0.21	0.427350427350427	-0.5630954797157548	-0.32083048726208757	0	1	No-PER3D	No-Essential3D
500	A	500	10.362	-1.006	63.209	-0.21	0.428921568627451	-0.5543387016207282	-0.19543925235893836	0	1	No-PER3D	No-Essential3D
501	F	501	10.807	-4.023	60.953	-0.49	0.428921568627451	-0.28139158062103287	-0.6068512626715242	0	1	No-PER3D	No-Essential3D
502	G	502	12.872	-2.012	58.522	1.77	0.428921568627451	-0.08855363712678245	-0.5538379441314123	0	1	No-PER3D	No-Essential3D
503	S	503	15.276	-0.719	61.125	-0.49	0.427350427350427	-0.31529062399475305	-0.3855277370935915	0	1	No-PER3D	No-Essential3D
504	T	504	15.484	-4.27	62.245	-0.21	0.318181818181818	-0.5756936746166185	-0.7422234722527302	0	1	No-PER3D	No-Essential3D
505	I	505	17.128	-5.059	58.907	-0.49	0.314748201438849	-0.19802945638879033	-0.6218213631879127	0	1	No-PER3D	No-Essential3D
506	V	506	19.083	-1.899	57.993	0.36	0.314748201438849	-0.35447064309766946	-0.3389390532371872	0	1	No-PER3D	No-Essential3D
507	I	507	20.382	-0.742	61.373	-0.49	0.312277580071174	-0.6386020380068327	-0.08595307355160545	0	1	No-PER3D	No-Essential3D
508	N	508	22.285	-3.821	62.5	-0.49	0.310070671378092	-0.8461511970412698	-0.29310592684975145	0	1	No-PER3D	No-Essential3D
509	P	509	25.5	-4.539	60.698	-0.78	0.31095406360424	-1.0083693847364443	-0.44554269384565626	0	1	No-PER3D	No-Essential3D
510	E	510	25.325	-8.255	61.431	-0.21	0.309859154929578	-1.3972770911338497	-0.9604607508561024	0	1	No-PER3D	No-Essential3D
511	K	511	22.513	-8.273	58.87	0.36	0.307692307692308	-0.4159296807333005	-0.9470083903069269	0	1	No-PER3D	No-Essential3D
512	D	512	24.799	-6.747	56.247	-0.21	0.307491289198606	-0.45360398002249835	-0.5807367381120835	0	1	No-PER3D	No-Essential3D
513	K	513	25.403	-10.167	54.834	-0.49	0.307491289198606	-0.34443690454252485	-0.6846922669521861	0	1	No-PER3D	No-Essential3D
514	T	514	21.758	-10.614	53.698	-0.49	0.491666666666667	0.05141319334089264	-0.9482681579213526	0	1	No-PER3D	No-Essential3D
515	M	515	20.468	-7.038	53.856	0.92	0.497902097902098	-0.07124955911892164	-0.6795087465902647	0	1	No-PER3D	No-Essential3D
516	V	516	19.441	-6.241	50.303	1.21	0.310314685314685	0.4465581189544259	-0.9599485110027339	0	1	No-PER3D	No-Essential3D
517	Q	517	17.662	-9.559	49.967	0.92	0.24808362369338	0.17769018204275785	-1.2344655062888037	0	1	No-PER3D	No-Essential3D
518	E	518	15.675	-9.02	53.14	-0.21	0.206597222222222	0.34278128149825987	-1.1459540362290037	0	1	No-PER3D	No-Essential3D
519	L	519	14.657	-5.559	51.973	1.21	0.206018518518519	0.5345701949721416	-1.0450949055793168	0	1	No-PER3D	No-Essential3D
520	L	520	13.411	-6.839	48.64	1.77	0.205882352941176	0.5372845601498454	-1.5192381284531213	0	1	No-PER3D	No-Essential3D
521	D	521	11.465	-9.564	50.384	0.64	0.205172413793103	0.0443835519544011	-1.482568327828795	0	1	No-PER3D	No-Essential3D
522	F	522	9.863	-7.136	52.799	0.64	0.205172413793103	0.20121721822537855	-1.0054024769017422	0	1	No-PER3D	No-Essential3D
523	K	523	8.626	-4.735	50.15	0.36	0.205172413793103	0.36031023474183765	-1.220914589717676	0	1	No-PER3D	No-Essential3D
524	D	524	7.04	-7.501	48.116	-0.49	0.245360824742268	-0.017036015488155927	-1.4417661748808224	0	1	No-PER3D	No-Essential3D
525	K	525	5.273	-8.59	51.292	1.21	0.243835616438356	0.011877874448252465	-0.6402991368745075	0	1	No-PER3D	No-Essential3D
526	V	526	4.188	-5.053	52.04	0.36	0.243150684931507	0.04206270460164589	-0.5226366584371052	0	1	No-PER3D	No-Essential3D
527	D	527	2.99	-4.496	48.487	-0.21	0.243150684931507	-0.11616935241298472	-0.8972595837992281	0	1	No-PER3D	No-Essential3D
528	H	528	1.091	-7.764	48.419	-0.49	0.242320819112628	-0.10328201861275702	-0.425431694313002	0	1	No-PER3D	No-Essential3D
529	I	529	-0.878	-6.845	51.513	0.64	0.404109589041096	0.015036534693406342	-0.003612208602939793	0	1	No-PER3D	No-Essential3D
530	I	530	-1.877	-3.444	50.195	1.21	0.404109589041096	-0.3200322630245279	-0.34966605549724233	0	1	No-PER3D	No-Essential3D
531	D	531	-2.793	-5.192	47.014	-0.49	0.40386803185438	-0.31443602626264244	-0.7019503430839774	0	1	No-PER3D	No-Essential3D
532	I	532	-5.382	-7.496	48.555	-0.49	0.347147732813262	-0.22149852289561545	0.07727186403054984	0	1	No-PER3D	No-Essential3D
533	C	533	-6.071	-6.283	52.086	0.36	0.347147732813262	0.17883227117783657	0.14190019397927126	0	1	No-PER3D	No-Essential3D
534	F	534	-6.111	-2.504	51.696	0.92	0.347147732813262	-0.13630581147584056	-0.034338731928668084	0	1	No-PER3D	No-Essential3D
535	L	535	-7.696	-2.731	48.282	0.36	0.40386803185438	-0.41464689945839334	-0.12217976151596587	0	1	No-PER3D	No-Essential3D
536	K	536	-4.853	-0.61	46.944	-0.49	0.408045977011494	-0.43463519728399735	-0.5717496218004273	0	1	No-PER3D	No-Essential3D
537	N	537	-5.649	2.294	49.213	0.92	0.405251141552511	-0.4771440031718724	-0.2720650535785163	0	1	No-PER3D	No-Essential3D
538	E	538	-3.529	5.127	47.895	-0.78	0.405251141552511	-0.5343881175646064	-0.49039546142828705	0	1	No-PER3D	No-Essential3D
539	K	539	-3.362	6.244	51.493	-0.78	0.524300441826215	-0.45133444392073946	-0.28063859807148545	0	1	No-PER3D	No-Essential3D
540	F	540	-1.341	3.209	52.611	1.77	0.525773195876289	-0.5537500974327371	-0.4087457425910886	0	1	No-PER3D	No-Essential3D
541	I	541	1.083	2.77	49.742	0.07	0.520721599219893	-0.5003110329966965	-0.7271938001989517	0	1	No-PER3D	No-Essential3D
542	N	542	1.767	6.428	50.22	0.36	0.611683848797251	-0.7171652075197597	-0.41924144456229107	0	1	No-PER3D	No-Essential3D
543	A	543	2.537	5.762	53.899	0.07	0.613793103448276	-0.6067084506444654	-0.3246400689298621	0	1	No-PER3D	No-Essential3D
544	M	544	4.901	2.842	53.318	0.07	0.617647058823529	-0.1781276879910028	-0.5187173252996968	0	1	No-PER3D	No-Essential3D
545	K	545	6.802	4.79	50.712	-0.49	0.494444444444445	-0.07258486807534448	-0.5404538118917769	0	1	No-PER3D	No-Essential3D
546	E	546	7.228	7.581	53.207	-0.49	0.494773519163763	0.059220397530943186	-0.16542363217878997	0	1	No-PER3D	No-Essential3D
547	A	547	8.146	5.04	55.879	0.07	0.494773519163763	-0.1341935954902263	-0.27056896784624673	0	1	No-PER3D	No-Essential3D
548	F	548	10.828	3.432	53.727	0.36	0.618466898954704	0.04427012708377773	-0.6381286212764239	0	1	No-PER3D	No-Essential3D
549	E	549	12.57	6.723	53.091	-0.49	0.831566548881036	-0.025297126898558384	-0.18874086978850438	0	1	No-PER3D	No-Essential3D
550	T	550	12.649	6.963	56.846	-0.49	0.829210836277974	-0.5163743051835901	-0.1482824016553727	0	1	No-PER3D	No-Essential3D
551	F	551	14.111	3.582	57.803	0.64	0.832151300236407	-0.3031708743393665	-0.33763982424343847	0	1	No-PER3D	No-Essential3D
552	I	552	16.36	2.872	54.833	1.21	0.838095238095238	-0.06483244579119843	-0.3494574487048546	0	1	No-PER3D	No-Essential3D
553	N	553	18.238	6.133	55.411	1.77	0.841099163679809	0.01704106907975395	-0.08340756135654621	0	1	No-PER3D	No-Essential3D
554	K	554	18.634	5.534	59.155	-0.78	0.84652278177458	-0.6498961574636257	0.011101655432454798	0	1	No-PER3D	No-Essential3D
555	R	555	21.974	3.866	58.623	-0.78	0.84652278177458	-0.49159097095238286	-0.06431564555884402	0	1	No-PER3D	No-Essential3D
556	P	556	23.925	6.219	56.433	0.36	0.838095238095238	-0.1754723307519449	0.1606313410582119	0	1	No-PER3D	No-Essential3D
557	N	557	25.995	4.711	53.585	0.36	0.838095238095238	0.24991589894513314	0.0065317006058970214	0	1	No-PER3D	No-Essential3D
558	K	558	25.924	0.937	53.878	-0.21	0.844124700239808	0.027711671318190405	-0.25352124719270325	0	1	No-PER3D	No-Essential3D
559	P	559	22.501	0.576	52.33	1.77	0.849578820697954	0.30176778394055503	-0.5116325146591142	0	1	No-PER3D	No-Essential3D
560	A	560	23.409	2.443	49.19	-1.34	0.636690647482014	0.8853315385711836	-0.5024341051984693	0	1	No-PER3D	No-Essential3D
561	E	561	26.627	0.498	49.002	1.77	0.424789410348977	0.5783994761693098	-0.3364414098221474	0	1	No-PER3D	No-Essential3D
562	L	562	25.008	-2.898	49.534	0.64	0.423586040914561	0.3566705769982056	-0.5928172432939501	0	1	No-PER3D	No-Essential3D
563	I	563	22.482	-2.359	46.788	1.49	0.64	0.7963079533723717	-1.0419330107165663	0	1	No-PER3D	No-Essential3D
564	A	564	25.362	-1.91	44.364	0.92	0.635869565217391	1.2544867157629476	-0.942203162615267	0	1	No-PER3D	No-Essential3D
565	K	565	27.182	-5.028	45.523	-0.21	0.638686131386861	0.5713911486870781	-0.8340610505982113	9.133274901107175	0.19727345629510823	No-PER3D	No-Essential3D
566	Y	566	23.891	-6.834	45.051	0.64	0.635869565217391	0.8218422977317973	-1.1504532966160557	9.133274901107175	0.19727345629510823	No-PER3D	No-Essential3D
567	V	567	23.394	-5.784	41.432	0.92	0.638181818181818	1.2621653129072319	-1.5153705265053705	20.282070137669088	0.02728430586348413	PER3D	Essential3D
568	D	568	26.987	-6.715	40.724	1.77	0.422382671480144	1.13745430411558	-1.282965430779465	10.26360818359024	0.05156847021085902	No-PER3D	No-Essential3D
569	S	569	26.255	-10.073	42.258	-0.21	0.422705314009662	1.1017545012349124	-1.383254806873457	10.26360818359024	0.05156847021085902	No-PER3D	No-Essential3D
570	K	570	23.496	-10.88	39.763	0.36	0	1.04281598369347	-1.9079710832277101	20.282070137669088	0.02728430586348413	PER3D	Essential3D
571	L	571	25.087	-9.162	36.754	1.77	0	1.0645341091660665	-1.7652915437176098	6.850764227878408	0.08121660660283483	No-PER3D	No-Essential3D
572	R	572	28.114	-11.435	37.155	1.21	0	0.796541025481129	-1.5453919877672833	10.26360818359024	0.05156847021085902	No-PER3D	No-Essential3D
573	A	573	28.923	-14.619	35.3	0.07	0	0.7727980710977086	-1.8277925152052443	10.26360818359024	0.05156847021085902	No-PER3D	No-Essential3D
574	G	574	27.532	-16.204	38.436	0.64	0	0.8063214217486169	-1.7974155509292873	10.26360818359024	0.05156847021085902	No-PER3D	No-Essential3D
575	N	575	24.003	-17.32	37.784	0.36	0	1.0417630969450855	-2.3086326786887263	9.133274901107175	0.19727345629510823	No-PER3D	No-Essential3D
576	K	576	21.374	-19.624	39.126	1.77	0	0.7462906788330262	-2.5920504602642045	9.133274901107175	0.19727345629510823	No-PER3D	No-Essential3D
577	E	577	18.597	-21.088	37.121	-0.49	0	0.5259443072137475	-2.879698634978729	0	1	No-PER3D	No-Essential3D
578	A	578	17.64	-17.785	35.657	0.07	0	0.5281973375984026	-2.7512923563103735	0	1	No-PER3D	No-Essential3D
579	T	579	16.685	-16.093	32.45	0.64	0	0.6135621555058942	-2.666787723043041	0	1	No-PER3D	No-Essential3D
580	D	580	16.47	-12.5	31.315	0.36	0	0.8654661903970052	-2.52262653538132	0	1	No-PER3D	No-Essential3D
581	E	581	12.873	-12.65	32.432	-0.21	0	0.29983661503942205	-2.7231927479768485	0	1	No-PER3D	No-Essential3D
582	E	582	13.909	-13.239	36.041	1.77	0	0.4951528919567931	-2.879698634978729	0	1	No-PER3D	No-Essential3D
583	L	583	16.949	-11.026	35.559	1.21	0	0.7769157989901608	-2.395305932740981	21.282070137669088	0.10344827586206898	No-PER3D	No-Essential3D
584	E	584	14.763	-8.161	34.346	1.77	0	0.7598261921439162	-2.2716199946028177	0	1	No-PER3D	No-Essential3D
585	K	585	12.16	-8.209	37.112	-0.49	0	0.6851584543960484	-2.444377122961347	0	1	No-PER3D	No-Essential3D
586	M	586	14.941	-8.591	39.64	-0.21	0	0.7521324647589537	-2.1664565141745307	0	1	No-PER3D	No-Essential3D
587	L	587	16.346	-5.213	38.567	1.77	0	1.1996707994251732	-1.7342605870717012	0	1	No-PER3D	No-Essential3D
588	D	588	13.037	-3.343	38.542	0.07	0	1.0486473564537542	-1.790353018129054	0	1	No-PER3D	No-Essential3D
589	K	589	12.399	-4.429	42.097	-0.21	0	0.9771569692483488	-1.931645332910765	0	1	No-PER3D	No-Essential3D
590	I	590	15.772	-2.984	43.045	0.36	0	0.9134011610777376	-1.5195732407336904	0	1	No-PER3D	No-Essential3D
591	M	591	15.205	0.368	41.403	1.21	0	1.1570744437152856	-1.2442277421438646	0	1	No-PER3D	No-Essential3D
592	I	592	11.923	0.694	43.232	0.36	0.308098591549296	0.3842633580248532	-1.4379605887339666	0	1	No-PER3D	No-Essential3D
593	I	593	13.716	0.244	46.543	1.21	0.306140350877193	0.4972181698093937	-1.11038552375278	0	1	No-PER3D	No-Essential3D
594	F	594	16.799	2.152	45.365	0.92	0.244912280701754	1.1744704379352675	-0.954190192001928	0	1	No-PER3D	No-Essential3D
595	R	595	14.85	5.398	45.065	1.21	0.245774647887324	0.652940119895479	-0.7667242182727048	0	1	No-PER3D	No-Essential3D
596	F	596	14.377	5.386	48.834	1.21	0.246975088967972	0.21797836084225733	-0.4628118898508506	0	1	No-PER3D	No-Essential3D
597	I	597	18.109	5.937	49.356	0.92	0.248571428571429	0.5047183893793643	-0.2422623700037292	0	1	No-PER3D	No-Essential3D
598	Y	598	19.017	9.505	50.321	-0.21	0.250359712230216	0.5377908863330636	0.07597543676965682	0	1	No-PER3D	No-Essential3D
599	G	599	22.679	8.956	49.253	-0.21	0.310931899641577	0.6717948918203974	-0.07083773318156993	0	1	No-PER3D	No-Essential3D
600	K	600	22.29	8.287	45.495	1.77	0.308718861209964	1.2365876410404089	-0.4971010806576889	0	1	No-PER3D	No-Essential3D
601	D	601	25.895	9.192	44.643	1.77	0.310931899641577	0.5508563860383637	-0.4147303642223981	0	1	No-PER3D	No-Essential3D
602	V	602	27.242	6.309	46.737	1.77	0.250359712230216	0.5216754075375586	-0.19396321013805484	0	1	No-PER3D	No-Essential3D
603	F	603	25.465	3.787	44.509	1.77	0.251985559566787	1.0368752726939308	-0.6146982131976849	0	1	No-PER3D	No-Essential3D
604	E	604	27.368	4.695	41.336	0.36	0.250179211469534	1.2201212365399445	-0.6644146796301623	0	1	No-PER3D	No-Essential3D
605	A	605	30.599	5.328	43.173	-0.21	0.251798561151079	0.6335265080810333	-0.30076816608878	0	1	No-PER3D	No-Essential3D
606	F	606	30.515	1.634	44.067	1.21	0.251798561151079	0.6142868144015435	-0.17954995014936642	0	1	No-PER3D	No-Essential3D
607	Y	607	28.838	0.499	40.846	0.92	0.252898550724638	1.509617373154208	-0.722899028334843	4.608488899350933	0.28226803151092034	No-PER3D	No-Essential3D
608	K	608	31.499	2.018	38.624	0.07	0.317518248175182	1.2937269949623584	-0.8270032360596499	4.608488899350933	0.28226803151092034	No-PER3D	No-Essential3D
609	K	609	34.395	-0.023	40.022	-0.21	0.316363636363636	0.8972680716901641	-0.5075499170691511	4.608488899350933	0.28226803151092034	No-PER3D	No-Essential3D
610	D	610	32.25	-3.134	40.08	-0.49	0.31959706959707	0.9148173516052351	-0.7113790012227044	10.26360818359024	0.05156847021085902	No-PER3D	No-Essential3D
611	L	611	31.423	-2.422	36.447	1.77	0.320772058823529	1.1308236752203886	-1.0434832026103906	10.26360818359024	0.05156847021085902	No-PER3D	No-Essential3D
612	A	612	35.092	-1.852	35.785	0.64	0.322222222222222	0.8914688419874135	-0.7536706337906779	5.118756374735872	0.11511310400219729	No-PER3D	No-Essential3D
613	K	613	35.891	-5.424	36.763	1.21	0.323420074349442	0.7797857305515669	-0.9666309759808663	4.066735945236875	0.15227370855853548	No-PER3D	No-Essential3D
614	R	614	32.928	-6.903	34.928	1.77	0.322490706319703	0.8271463067623396	-1.3268978749578086	6.850764227878408	0.08121660660283483	No-PER3D	No-Essential3D
615	L	615	34.05	-5.224	31.728	1.77	0.322490706319703	1.1581070826415858	-1.103378057506629	6.850764227878408	0.08121660660283483	No-PER3D	No-Essential3D
616	L	616	37.826	-5.747	32.088	1.21	0.321296296296296	1.1570744437152856	-0.6769856808027352	4.608488899350933	0.28226803151092034	No-PER3D	No-Essential3D
617	V	617	38.613	-8.724	34.285	-0.49	0.321561338289963	0.44108016272506817	-1.172722520290665	13.857286991654673	0.003244200702387576	PER3D	Essential3D
618	G	618	36.269	-11.635	33.697	-0.21	0.430711610486891	0.7411791161478396	-1.3614820856862262	18.466741451961404	0.0017063040611201962	PER3D	Essential3D
619	K	619	32.987	-11.469	31.775	-0.21	0.433208489388265	0.9570567734253798	-1.502195562084587	6.850764227878408	0.08121660660283483	No-PER3D	No-Essential3D
620	S	620	29.485	-10.353	32.729	1.77	0.433208489388265	0.7273491305277464	-1.5907487644321585	10.26360818359024	0.05156847021085902	No-PER3D	No-Essential3D
621	A	621	26.09	-12.085	32.423	0.64	0.43283582089552203	1.0623209201675237	-1.8690521174142893	10.26360818359024	0.05156847021085902	No-PER3D	No-Essential3D
622	S	622	24.985	-10.597	29.121	0.64	0.327067669172932	1.1402379394821287	-2.095425160266376	20.282070137669088	0.02728430586348413	PER3D	Essential3D
623	V	623	25.73	-7.716	26.83	-0.49	0	1.0734306906849616	-1.6383619599520243	20.282070137669088	0.02728430586348413	PER3D	Essential3D
624	D	624	22.015	-7.035	26.934	1.21	0	1.2308777552126307	-1.8809310485626245	0	1	No-PER3D	No-Essential3D
625	A	625	21.485	-7.304	30.688	0.07	0	1.053072951852184	-2.0048020006919685	9.133274901107175	0.19727345629510823	No-PER3D	No-Essential3D
626	E	626	24.43	-4.996	31.136	1.77	0	1.4622192464370247	-1.608443174983863	10.26360818359024	0.05156847021085902	No-PER3D	No-Essential3D
627	K	627	23.005	-2.434	28.747	-0.49	0.436868686868687	1.5215133735851878	-1.3331127334010562	0	1	No-PER3D	No-Essential3D
628	S	628	19.485	-3.025	30.018	0.64	0.434456928838951	0.8967147422537448	-1.7186328620049556	0	1	No-PER3D	No-Essential3D
629	M	629	20.683	-1.768	33.364	1.77	0.43407960199005	1.0231351006275113	-1.6048877034456308	0	1	No-PER3D	No-Essential3D
630	L	630	21.808	1.473	31.764	1.21	0.43407960199005	1.0912437121636414	-1.217099062814952	0	1	No-PER3D	No-Essential3D
631	S	631	18.311	2.197	30.515	0.36	0.43407960199005	1.0909855524320666	-1.2675815131790857	0	1	No-PER3D	No-Essential3D
632	K	632	16.685	1.905	33.938	0.64	0.430147058823529	0.8613954978179663	-1.41207301643092	0	1	No-PER3D	No-Essential3D
633	L	633	19.621	3.545	35.701	1.77	0.641025641025641	1.098965035044387	-1.1008039051612102	0	1	No-PER3D	No-Essential3D
634	K	634	19.581	6.597	33.432	1.21	0.645220588235294	0.877417047219959	-0.7789335341458501	0	1	No-PER3D	No-Essential3D
635	H	635	16.011	7.262	34.374	-0.21	0.645220588235294	0.8764684028474724	-0.8640254043327819	0	1	No-PER3D	No-Essential3D
636	E	636	15.706	8.853	37.808	-0.21	0.425790754257908	0.9705798536254513	-0.7990710368635889	0	1	No-PER3D	No-Essential3D
637	C	637	19.467	9.519	37.568	1.21	0.423586040914561	1.2943256262239822	-0.8556858887113066	0	1	No-PER3D	No-Essential3D
638	G	638	19.593	11.781	34.526	0.64	0.422062350119904	1.0431399488468192	-0.6614455302727767	0	1	No-PER3D	No-Essential3D
639	A	639	22.451	12.088	32.017	0.36	0.41725768321513	0.77052327230354	-0.6624678933317295	0	1	No-PER3D	No-Essential3D
640	A	640	24.948	13.212	34.647	-0.21	0.418439716312057	0.8591277417445224	-0.7507409199822621	0	1	No-PER3D	No-Essential3D
641	F	641	24.805	10.004	36.678	1.21	0.418742586002372	0.901717589225883	-0.8034302735237192	0	1	No-PER3D	No-Essential3D
642	T	642	25.176	7.911	33.498	0.64	0.415783274440518	0.8939651669417368	-0.8412638133997467	0	1	No-PER3D	No-Essential3D
643	S	643	27.862	9.98	31.735	1.21	0.413145539906103	1.3234191055388773	-0.7457834732092925	0	1	No-PER3D	No-Essential3D
644	K	644	30.775	7.936	33.012	1.77	0.410526315789474	1.0957356914930476	-0.7157391864127194	0	1	No-PER3D	No-Essential3D
645	L	645	28.845	4.755	32.292	1.77	0.308303886925795	1.1638563696366633	-0.8311951303483786	0	1	No-PER3D	No-Essential3D
646	E	646	27.801	5.589	28.767	-0.78	0.30506993006993	1.2239664986078496	-0.7987938078703413	0	1	No-PER3D	No-Essential3D
647	G	647	31.376	6.706	28.314	-0.21	0.30506993006993	1.1854513614100177	-0.5773427452553304	0	1	No-PER3D	No-Essential3D
648	M	648	32.904	3.549	29.753	1.77	0.304878048780488	1.37458575210054	-0.5523224908719907	9.133274901107175	0.19727345629510823	No-PER3D	No-Essential3D
649	F	649	31.011	1.546	27.16	1.21	0.302586206896552	1.2852882252420552	-0.7283513076972575	9.133274901107175	0.19727345629510823	No-PER3D	No-Essential3D
650	K	650	32.066	3.901	24.382	0.36	0.30363321799308	1.2307509862395811	-0.4112246987358779	0	1	No-PER3D	No-Essential3D
651	D	651	35.585	3.319	25.621	1.77	0.302586206896552	1.3787967731766215	-0.40404629781200635	0	1	No-PER3D	No-Essential3D
652	M	652	35.204	-0.427	25.06	1.21	0.484137931034483	1.2183178754212498	-0.373091222936504	0	1	No-PER3D	No-Essential3D
653	E	653	33.572	-0.271	21.644	-0.49	0.609375	0.7866521088667064	-0.5365450305582535	0	1	No-PER3D	No-Essential3D
654	L	654	36.388	1.998	20.547	1.21	0.605172413793104	0.8280756817960099	-0.26918202838388683	0	1	No-PER3D	No-Essential3D
655	S	655	39.055	-0.199	22.088	1.77	0.606896551724138	1.3243619497759345	-0.19631871623660155	0	1	No-PER3D	No-Essential3D
656	K	656	37.584	-3.082	20.125	-0.49	0.607266435986159	0.8869656045644498	-0.09686220106812544	0	1	No-PER3D	No-Essential3D
657	D	657	37.436	-0.735	17.165	0.92	0.487804878048781	0.6155912004137124	-0.1207335262519319	0	1	No-PER3D	No-Essential3D
658	I	658	41.247	-0.501	17.188	0.36	0.306818181818182	0.7353860117712949	0.06722692515131586	0	1	No-PER3D	No-Essential3D
659	M	659	41.838	-4.238	17.622	0.64	0.490592334494774	0.6243566744154867	0.15742789623783754	0	1	No-PER3D	No-Essential3D
660	I	660	40.635	-5.067	14.122	-0.21	0.608996539792388	0.2624649205637921	-5.391799968725632e-4	0	1	No-PER3D	No-Essential3D
661	Q	661	42.716	-2.164	12.91	-0.78	0.520197044334975	0.6508748420428783	0.09141928771603827	0	1	No-PER3D	No-Essential3D
662	F	662	45.743	-3.548	14.735	1.77	0.525634644101543	0.021420882456820858	0.14058971694422984	0	1	No-PER3D	No-Essential3D
663	K	663	45.669	-7.133	13.531	0.36	0.525634644101543	-0.01919108802999999	0.12062454697931599	0	1	No-PER3D	No-Essential3D
664	Q	664	45.038	-6.193	9.932	0.07	0.523809523809524	-0.0511131000560658	-0.07983242825797048	0	1	No-PER3D	No-Essential3D
665	Y	665	47.573	-3.376	9.748	0.36	0.527127924340468	-0.05095005180454476	0.06486626434829666	0	1	No-PER3D	No-Essential3D
666	M	666	49.999	-5.625	11.596	0.07	0.524141363862618	-0.6189169896746167	0.0493294811590626	0	1	No-PER3D	No-Essential3D
667	Q	667	49.372	-8.633	9.396	0.36	0.609756097560976	-0.7522749310139699	-0.0289265645952471	0	1	No-PER3D	No-Essential3D
668	N	668	52.145	-7.426	7.088	0.64	0.609375	-0.3054239047240216	0.019466581579018056	0	1	No-PER3D	No-Essential3D
669	Q	669	54.718	-6.952	9.833	0.92	0.615789473684211	-0.37722047298170075	0.11804385113742367	0	1	No-PER3D	No-Essential3D
670	N	670	53.142	-10.214	10.802	-0.49	0.61660777385159	-0.9262745900955704	0.07354843212969621	0	1	No-PER3D	No-Essential3D
671	V	671	53.999	-10.899	14.426	-1.06	0.620567375886525	-0.7515239208857514	0.18088764295974052	0	1	No-PER3D	No-Essential3D
672	P	672	57.493	-11.359	15.623	-0.21	0.625	-1.329094886552067	0.24369803325049014	0	1	No-PER3D	No-Essential3D
673	G	673	55.686	-12.145	18.875	-1.34	0.535714285714286	-1.0072428695441167	0.31119220280395915	0	1	No-PER3D	No-Essential3D
674	N	674	54.113	-15.507	19.649	-1.06	0.535714285714286	-1.5701249606438077	0.31551239280183274	0	1	No-PER3D	No-Essential3D
675	I	675	51.246	-14.148	21.787	-0.21	0.625	-1.0096737707486132	0.01946728309112268	0	1	No-PER3D	No-Essential3D
676	E	676	47.71	-13.377	20.641	0.36	0.709219858156028	-0.35987213901985565	-0.002032888270920908	0	1	No-PER3D	No-Essential3D
677	L	677	46.9	-10.067	22.317	0.64	0.712244897959184	-0.5374860343435073	0.04542417189324004	0	1	No-PER3D	No-Essential3D
678	T	678	43.858	-7.899	23.017	0.92	0.784622302158273	0.37156666525717325	-0.0973273564778305	0	1	No-PER3D	No-Essential3D
679	V	679	44.268	-4.449	24.549	1.21	0.69995988768552	0.8121435383616626	0.013639729223935205	0	1	No-PER3D	No-Essential3D
680	N	680	41.748	-2.087	26.047	0.07	0.703030303030303	1.1129291296159478	-0.24404937115250708	0	1	No-PER3D	No-Essential3D
681	I	681	42.298	1.666	25.877	1.21	0.697954271961492	1.1266419671225532	0.002673467816988948	0	1	No-PER3D	No-Essential3D
682	L	682	40.45	3.638	28.504	1.77	0.702495974235105	1.3313322625284612	-0.12164539154059839	0	1	No-PER3D	No-Essential3D
683	T	683	39.906	7.335	28.988	0.92	0.703030303030303	1.4917733725077391	-0.07019988582734266	0	1	No-PER3D	No-Essential3D
684	M	684	41.621	8.314	32.22	0.36	0.636861313868613	0.967538262606167	0.12280205165183876	0	1	No-PER3D	No-Essential3D
685	G	685	38.952	10.686	33.478	1.77	0.636861313868613	1.443528481870989	-0.15557449499999448	0	1	No-PER3D	No-Essential3D
686	Y	686	36.055	8.303	32.92	0.07	0.694214876033058	0.9476076092034479	-0.5058579494148276	0	1	No-PER3D	No-Essential3D
687	W	687	37.616	5.426	34.852	1.77	0.641025641025641	1.012671548698776	-0.6285226848745874	0	1	No-PER3D	No-Essential3D
688	P	688	38.385	5.176	38.546	0.64	0.698739216987392	0.6255604363638597	-0.29708787571165074	0	1	No-PER3D	No-Essential3D
689	T	689	41.541	6.241	40.333	-1.06	0.699300699300699	-0.3317843602244875	0.18843549752181268	0	1	No-PER3D	No-Essential3D
690	Y	690	43.962	3.55	39.249	0.07	0.645220588235294	-0.01928904587281114	0.2879016268736442	0	1	No-PER3D	No-Essential3D
691	V	691	47.178	2.425	40.842	0.07	0.573529411764706	-0.7123462258636916	0.3183284192797034	0	1	No-PER3D	No-Essential3D
692	P	692	49.975	2.723	38.363	-0.49	0.641544117647059	-0.5168332558175013	0.26660625332304655	0	1	No-PER3D	No-Essential3D
693	M	693	52.497	-0.054	38.803	-0.21	0.643911439114391	-0.5746610356903181	-0.12622782870812127	0	1	No-PER3D	No-Essential3D
694	E	694	55.672	-1.265	37.107	-0.49	0.643382352941177	-0.35987213901985565	-0.010438606523420817	0	1	No-PER3D	No-Essential3D
695	V	695	56.876	-4.807	36.554	0.64	0.643911439114391	-0.02301819961293001	-0.2358628974763923	0	1	No-PER3D	No-Essential3D
696	H	696	59.827	-6.526	34.908	-0.49	0.641544117647059	-0.020848836139110895	-0.4153944589229537	0	1	No-PER3D	No-Essential3D
697	L	697	58.278	-7.961	31.764	1.49	0.641025641025641	-0.04975001667334942	-0.3347032356031826	0	1	No-PER3D	No-Essential3D
698	P	698	59.717	-10.968	30.02	0.92	0.642335766423358	0.0955216274785768	-0.5767249973219413	0	1	No-PER3D	No-Essential3D
699	P	699	61.82	-9.9	27.058	0.36	0.64	-0.519311589240622	0.040209116786973975	0	1	No-PER3D	No-Essential3D
700	E	700	59.42	-11.291	24.46	-0.21	0.635869565217391	-1.103372165956072	0.18191114780577053	0	1	No-PER3D	No-Essential3D
701	M	701	56.617	-9.096	25.819	0.36	0.64051094890511	-0.7811888209503782	0.02004969827601684	0	1	No-PER3D	No-Essential3D
702	V	702	58.418	-5.776	26.077	-0.49	0.638686131386861	-0.6783597236577378	0.31886031771059753	0	1	No-PER3D	No-Essential3D
703	K	703	58.63	-5.99	22.328	0.07	0.630434782608696	-1.1596781621480252	0.2854174580821057	0	1	No-PER3D	No-Essential3D
704	L	704	54.868	-6.536	22.124	0.07	0.715832903558535	-0.6128273704063772	0.37306682202081715	0	1	No-PER3D	No-Essential3D
705	Q	705	54.068	-3.416	24.111	0.07	0.724789915966387	-0.10568409562285866	0.4274967747393508	0	1	No-PER3D	No-Essential3D
706	E	706	56.388	-1.149	22.145	0.07	0.634191176470588	-0.29708769230079735	0.35576873028168754	0	1	No-PER3D	No-Essential3D
707	I	707	55.102	-2.529	18.862	-0.49	0.640221402214022	-0.6128273704063772	0.26245989197032654	0	1	No-PER3D	No-Essential3D
708	F	708	51.554	-1.572	19.947	0.64	0.646840148698885	-0.13940372825474154	0.24261658510316123	0	1	No-PER3D	No-Essential3D
709	K	709	52.348	1.742	21.623	0.07	0.513653136531365	0.4734674745044867	0.32934822371611866	0	1	No-PER3D	No-Essential3D
710	T	710	53.95	2.901	18.411	-0.78	0.637867647058824	0.43649900094293614	0.2696815744892519	0	1	No-PER3D	No-Essential3D
711	F	711	50.761	1.785	16.714	1.77	0.769852941176471	0.3629751093903546	0.12178100805106454	0	1	No-PER3D	No-Essential3D
712	Y	712	48.536	3.843	19.007	1.77	0.768265682656827	0.6750615404500011	0.1915254677056251	0	1	No-PER3D	No-Essential3D
713	L	713	50.785	6.854	19.322	-0.49	0.636029411764706	0.6482008507179324	0.3219984477324049	0	1	No-PER3D	No-Essential3D
714	G	714	51.131	6.755	15.587	-0.21	0.514498141263941	0.8955738214962979	0.24424186275041207	0	1	No-PER3D	No-Essential3D
715	K	715	47.356	6.791	15.068	0.07	0.643122676579926	0.690017931696285	0.08044319827404908	0	1	No-PER3D	No-Essential3D
716	H	716	45.941	9.049	17.798	0.64	0.638376383763838	1.0701262461208003	0.17590252961101852	0	1	No-PER3D	No-Essential3D
717	S	717	48.683	11.663	17.816	1.77	0.425925925925926	1.0791499216613938	0.25619993571663796	0	1	No-PER3D	No-Essential3D
718	G	718	48.478	13.948	20.836	1.77	0.636029411764706	1.4203973699218626	0.22796938117180648	0	1	No-PER3D	No-Essential3D
719	R	719	47.993	11.129	23.354	1.77	0.636029411764706	1.116113099638707	0.3307375201528492	0	1	No-PER3D	No-Essential3D
720	K	720	50.157	9.046	25.674	0.64	0.631868131868132	1.0916920948553246	0.3302352431669008	0	1	No-PER3D	No-Essential3D
721	L	721	49.423	5.649	27.18	1.77	0.631868131868132	0.7334033450327982	0.3752302719723698	0	1	No-PER3D	No-Essential3D
722	Q	722	50.003	4.698	30.773	0.07	0.634686346863469	0.1481862127198921	0.403758787375512	0	1	No-PER3D	No-Essential3D
723	W	723	50.069	0.942	31.169	0.64	0.634686346863469	-0.07849868438154978	0.263356514525586	0	1	No-PER3D	No-Essential3D
724	Q	724	49.087	-0.701	34.425	-0.21	0.634686346863469	-0.021001348965149054	-0.11719295666934465	0	1	No-PER3D	No-Essential3D
725	S	725	49.303	-4.376	35.385	-0.21	0.634686346863469	-0.1178215746950653	-0.4746182132171373	0	1	No-PER3D	No-Essential3D
726	T	726	46.593	-4.35	38.045	-0.49	0.638888888888889	-0.0038698691778271013	-0.5457351684607303	1.8095673781773762	0.49136422513512135	No-PER3D	No-Essential3D
727	L	727	43.979	-5.156	35.387	1.21	0.428748451053284	0.46210844631518355	-0.6854509460437826	4.066735945236875	0.15227370855853548	No-PER3D	No-Essential3D
728	G	728	46.008	-7.418	33.085	0.64	0.32037037037037	0.24678657471501758	-0.8303366293473576	2.2830491991686857	0.4286557049463006	No-PER3D	No-Essential3D
729	H	729	44.769	-11.005	32.859	-0.21	0.320631970260223	0.3452380172444905	-1.0613423599349345	6.850764227878408	0.08121660660283483	No-PER3D	No-Essential3D
730	C	730	45.849	-13.772	30.463	1.21	0.322761194029851	0.5194032512582969	-1.391697677598227	6.850764227878408	0.08121660660283483	No-PER3D	No-Essential3D
731	V	731	45.646	-17.444	29.492	-0.21	0.323970037453184	0.36848251699728957	-1.6006464367673536	6.850764227878408	0.08121660660283483	No-PER3D	No-Essential3D
732	L	732	48.659	-19.789	29.756	1.21	0.261132075471698	0.3152442434635853	-1.9085173003158336	20.282070137669088	0.02728430586348413	PER3D	Essential3D
733	K	733	49.824	-23.322	29.023	-0.21	0.263636363636364	0.2254096454693059	-1.8852503150441482	9.133274901107175	0.19727345629510823	No-PER3D	No-Essential3D
734	A	734	50.473	-25.516	32.028	0.07	0.263636363636364	0.10927904285154533	-1.7410712715756482	21.282070137669088	0.10344827586206898	No-PER3D	No-Essential3D
735	E	735	52.517	-28.646	31.663	0.07	0.260674157303371	0.012057463826739436	-1.82249700652329	0	1	No-PER3D	No-Essential3D
736	F	736	51.491	-31.307	34.123	0.36	0.217039800995025	-0.5926852787675597	-1.5295602955804355	0	1	No-PER3D	No-Essential3D
737	K	737	51.817	-35.015	33.722	-0.49	0.217039800995025	-0.8062898902358316	-1.7009408886721271	0	1	No-PER3D	No-Essential3D
738	E	738	49.466	-36.511	31.141	-0.78	0.217228464419476	-1.052625338720743	-1.8448744460251307	0	1	No-PER3D	No-Essential3D
739	G	739	47.059	-33.631	30.983	-0.21	0.163063909774436	-0.9001053457264339	-1.967316862741195	0	1	No-PER3D	No-Essential3D
740	K	740	47.746	-30.309	29.408	-0.21	0.162593984962406	-0.6873125549230782	-1.9764777856860214	0	1	No-PER3D	No-Essential3D
741	K	741	45.624	-27.534	30.797	0.64	0.162593984962406	-0.5953138142163241	-1.7952334757110007	0	1	No-PER3D	No-Essential3D
742	E	742	45.543	-23.812	30.039	-0.21	0	0.09758690533117745	-1.8654283489598784	21.282070137669088	0.00962309542902967	PER3D	Essential3D
743	L	743	45.489	-21.498	33.071	0.36	0	0.40428066644236677	-1.7421555406374636	20.282070137669088	0.02728430586348413	PER3D	Essential3D
744	Q	744	43.695	-18.169	33.08	0.36	0	0.3274523303256243	-1.6121409061374832	10.26360818359024	0.05156847021085902	No-PER3D	No-Essential3D
745	V	745	45.556	-15.88	35.445	0.92	0	0.35862715601645856	-1.339534426781102	5.118756374735872	0.11511310400219729	No-PER3D	No-Essential3D
746	S	746	46.497	-12.263	36.101	1.21	0	0.4846387501617354	-1.215361482257832	5.118756374735872	0.11511310400219729	No-PER3D	No-Essential3D
747	L	747	49.777	-10.58	35.174	0.36	0	0.5459905006361926	-0.9029726054515516	3.35881182570544	0.19183426882580384	No-PER3D	No-Essential3D
748	F	748	50.795	-10.761	38.813	1.21	0.158882783882784	0.5259443072137475	-0.6587241345668898	2.8497990063202554	0.23304020501738887	No-PER3D	No-Essential3D
749	Q	749	50.115	-14.485	38.732	1.77	0.157727272727273	0.737085440404292	-0.9175547919184668	5.118756374735872	0.11511310400219729	No-PER3D	No-Essential3D
750	T	750	51.57	-15.05	35.26	0.36	0.158882783882784	0.9664710376871196	-1.2688472192243248	6.850764227878408	0.08121660660283483	No-PER3D	No-Essential3D
751	L	751	54.911	-13.442	36.036	0.07	0.159926470588235	1.0786877615824901	-0.9301003035444012	3.0650026568252478	0.3591678852776074	No-PER3D	No-Essential3D
752	V	752	55.535	-15.64	39.067	1.21	0.160055350553506	0.9466322364787849	-0.8421835064000001	2.2830491991686857	0.4286557049463006	No-PER3D	No-Essential3D
753	L	753	55.111	-18.885	37.092	1.77	0.159798534798535	0.9180324868568513	-1.2689797686632	3.0650026568252478	0.3591678852776074	No-PER3D	No-Essential3D
754	L	754	57.291	-17.419	34.319	0.92	0.159798534798535	0.7231595668838994	-1.2470556319673758	4.608488899350933	0.28226803151092034	No-PER3D	No-Essential3D
755	M	755	60.61	-17.801	36.206	0.07	0.158636363636364	0.7567547532862025	-1.1091801116084696	0	1	No-PER3D	No-Essential3D
756	F	756	59.95	-21.537	36.488	1.21	0.142043142043142	0.716325374717112	-1.4745896664547578	0	1	No-PER3D	No-Essential3D
757	N	757	60.881	-21.993	32.873	1.77	0.142156862745098	0.45660103870824853	-1.6586154181219588	0	1	No-PER3D	No-Essential3D
758	E	758	64.453	-20.738	33.197	0.64	0.160648148148148	0.945383463823724	-1.684113825766485	0	1	No-PER3D	No-Essential3D
759	G	759	65.434	-22.059	36.617	-0.49	0.184126984126984	0.7942051250133602	-1.4853104252710365	0	1	No-PER3D	No-Essential3D
760	E	760	63.355	-23.935	39.134	1.21	0.321296296296296	0.727768397460229	-1.4107672769596058	0	1	No-PER3D	No-Essential3D
761	E	761	62.191	-23.796	42.778	-0.49	0.323420074349442	0.43005533404282215	-1.148872934337798	0	1	No-PER3D	No-Essential3D
762	F	762	62.558	-20.249	44.116	0.36	0.290470245526425	0.30349510723545736	-0.9728800106102634	0	1	No-PER3D	No-Essential3D
763	S	763	62.246	-18.366	47.419	1.21	0.290470245526425	-0.1967151886644082	-0.8678304691943153	0	1	No-PER3D	No-Essential3D
764	L	764	60.117	-15.27	47.948	0.36	0.392830188679245	-0.06980053352879066	-0.508244572879377	0	1	No-PER3D	No-Essential3D
765	E	765	63.058	-12.924	48.33	0.36	0.39467680608365	-0.07845558293071296	-0.4555357594419491	0	1	No-PER3D	No-Essential3D
766	E	766	64.674	-13.823	45.024	0.64	0.478396128586243	-0.04632541048867359	-0.7752140475351753	0	1	No-PER3D	No-Essential3D
767	I	767	61.424	-13.583	43.096	1.49	0.522727272727273	0.2001826198324249	-0.7724378966763747	0	1	No-PER3D	No-Essential3D
768	K	768	60.441	-10.229	44.546	0.36	0.522727272727273	9.105368861665999e-4	-0.4608151085389661	0	1	No-PER3D	No-Essential3D
769	Q	769	63.615	-8.688	43.2	-0.21	0.52319391634981	0.35862715601645856	-0.4082251345503638	0	1	No-PER3D	No-Essential3D
770	A	770	63.408	-10.428	39.841	-0.21	0.658396946564885	0.41962273049025695	-0.5366265268412655	0	1	No-PER3D	No-Essential3D
771	T	771	59.704	-9.791	39.207	1.77	0.656488549618321	0.5777640060608171	-0.7358927750990721	0	1	No-PER3D	No-Essential3D
772	G	772	59.301	-6.226	40.49	-0.21	0.653992395437262	0.11355309180705132	-0.30862336353043585	0	1	No-PER3D	No-Essential3D
773	I	773	55.988	-6.825	42.291	1.21	0.583545377438507	0.05881600746190258	-0.3357619325255195	0	1	No-PER3D	No-Essential3D
774	E	774	55.239	-4.8	45.414	-0.49	0.581326573722011	-0.37162833602696677	-0.007449377340209049	0	1	No-PER3D	No-Essential3D
775	D	775	55.269	-6.769	48.664	0.07	0.575262054507338	0.18595129345316033	-0.2669758463515848	0	1	No-PER3D	No-Essential3D
776	G	776	51.727	-5.947	49.726	-0.49	0.577441077441077	0.2252899192169813	-0.061954981777903234	0	1	No-PER3D	No-Essential3D
777	E	777	50.364	-7.249	46.434	0.07	0.581849024597116	-0.0487586833041011	-0.17845038083518253	0	1	No-PER3D	No-Essential3D
778	L	778	52.813	-10.137	46.244	1.77	0.582375478927203	0.32450930938566847	-0.42460129690676124	0	1	No-PER3D	No-Essential3D
779	R	779	51.594	-11.547	49.541	-0.49	0.565384615384615	0.21883295857436783	-0.3767842626760354	0	1	No-PER3D	No-Essential3D
780	R	780	48.036	-11.447	48.201	0.64	0.561068702290076	0.30249197227847996	-0.16598528787097483	0	1	No-PER3D	No-Essential3D
781	T	781	48.855	-13.315	44.982	0.36	0.653992395437262	0.41406356153363266	-0.6159548307065178	2.8497990063202554	0.23304020501738887	No-PER3D	No-Essential3D
782	L	782	50.781	-16.113	46.714	1.49	0.655893536121673	0.2065772501888727	-0.48878839352643294	1.0926171568507757	1	No-PER3D	No-Essential3D
783	Q	783	47.869	-16.892	48.975	0.36	0.656488549618321	0.018140329872267272	-0.2197749212089304	1.8095673781773762	0.49136422513512135	No-PER3D	No-Essential3D
784	S	784	46.307	-17.777	45.689	0.07	0.656488549618321	0.3122282821550257	-0.485133211344014	4.066735945236875	0.15227370855853548	No-PER3D	No-Essential3D
785	L	785	47.983	-20.486	43.657	1.77	0.65779467680608406	0.41341136852754823	-0.7063534819106146	5.118756374735872	0.11511310400219729	No-PER3D	No-Essential3D
786	A	786	49.44	-22.041	46.813	0.64	0.584175084175084	0.07834227079558098	-0.3759195394696894	1.8095673781773762	0.49136422513512135	No-PER3D	No-Essential3D
787	C	787	47.257	-21.654	49.918	-0.49	0.730218855218855	-0.1304674298540659	-0.11079381014422991	1.8095673781773762	0.49136422513512135	No-PER3D	No-Essential3D
788	G	788	44.006	-21.46	48.06	0.07	0.727463312368973	-0.1368221309389908	-0.0619036089006319	3.0650026568252478	0.3591678852776074	No-PER3D	No-Essential3D
789	K	789	41.981	-24.021	46.158	-0.21	0.729559748427673	0.13557714793559378	-0.12324747281010288	4.608488899350933	0.28226803151092034	No-PER3D	No-Essential3D
790	A	790	44.385	-23.6	43.245	-1.34	0.729559748427673	0.18536121406670295	-0.6370557286510502	6.850764227878408	0.08121660660283483	No-PER3D	No-Essential3D
791	R	791	45.523	-26.742	41.436	0.07	0.651685393258427	-0.17458721167225888	-0.936732487427067	9.133274901107175	0.19727345629510823	No-PER3D	No-Essential3D
792	V	792	49.024	-25.365	40.628	0.92	0.646840148698885	0.18440800890396425	-1.028581822918081	20.282070137669088	0.02728430586348413	PER3D	Essential3D
793	L	793	51.45	-24.457	43.449	1.49	0.641544117647059	0.036285703615350565	-0.5614553700030214	3.0650026568252478	0.3591678852776074	No-PER3D	No-Essential3D
794	A	794	52.703	-25.314	46.926	-0.49	0.639194139194139	-0.37639436184066044	-0.39810953124731696	0	1	No-PER3D	No-Essential3D
795	K	795	54.721	-23.43	49.559	-0.21	0.479395604395604	-0.21199824477365264	-0.4833939777436491	0	1	No-PER3D	No-Essential3D
796	N	796	57.009	-25.04	52.129	0.36	0.479395604395604	-0.5655019773874808	-0.7086709968123909	0	1	No-PER3D	No-Essential3D
797	P	797	56.172	-23.318	55.419	0.64	0.362597402597403	-0.8187768778677091	-0.7105781825064027	0	1	No-PER3D	No-Essential3D
798	K	798	52.435	-23.377	54.973	-0.49	0.364963503649635	-0.5492876220726536	-0.43422414301168294	0	1	No-PER3D	No-Essential3D
799	G	799	49.76	-21.231	56.542	-0.78	0.363073749355338	-0.6264144689378391	-0.34113553269797253	0	1	No-PER3D	No-Essential3D
800	K	800	47.368	-18.514	55.445	-0.49	0.363073749355338	-0.24421657927422202	-0.22827250702570026	0	1	No-PER3D	No-Essential3D
801	D	801	50.068	-15.875	55.054	1.21	0.362795477903392	-0.49467845703505847	-0.2949342532999034	0	1	No-PER3D	No-Essential3D
802	I	802	53.712	-15.715	54.083	0.64	0.36047107014849	-0.4110055699911395	-0.44203934261705663	0	1	No-PER3D	No-Essential3D
803	E	803	56.939	-15.16	56.02	0.07	0.357905439755974	-0.4147495219603859	-0.6552099320290758	0	1	No-PER3D	No-Essential3D
804	D	804	60.234	-13.845	54.628	-0.49	0.41725768321513	0.031153801072524728	-0.6652391473166407	0	1	No-PER3D	No-Essential3D
805	G	805	62.384	-16.877	53.848	-0.21	0.414035087719298	-0.24146287547075454	-0.8170394952831559	0	1	No-PER3D	No-Essential3D
806	D	806	59.913	-19.101	52.099	-0.49	0.413472706155633	-0.4393440307879268	-0.7255633096546779	0	1	No-PER3D	No-Essential3D
807	K	807	60.617	-21.574	49.316	-0.49	0.41087962962963	-0.07453335090455665	-0.6973859418911279	0	1	No-PER3D	No-Essential3D
808	F	808	58.13	-22.629	46.644	0.92	0.409195402298851	0.34774368522742527	-0.71088770832256	0	1	No-PER3D	No-Essential3D
809	I	809	57.9	-25.855	44.638	-0.49	0.406643757159221	0.14214924668921353	-0.9444029543850787	0	1	No-PER3D	No-Essential3D
810	C	810	55.78	-26.706	41.604	0.64	0.406643757159221	0.0718421486513458	-0.9979394826044526	0	1	No-PER3D	No-Essential3D
811	N	811	53.391	-29.64	41.584	0.64	0.406643757159221	0.012057463826739574	-0.8420203600937477	0	1	No-PER3D	No-Essential3D
812	D	812	51.678	-31.701	38.905	-0.49	0.2446735395189	-0.7518618754434496	-1.074060705805601	0	1	No-PER3D	No-Essential3D
813	D	813	47.963	-31.871	39.459	-0.21	0.243150684931507	-0.7811888209503782	-1.1425076400855396	0	1	No-PER3D	No-Essential3D
814	F	814	45.255	-32.697	36.915	1.21	0.240816326530612	-0.7811888209503782	-1.6503944455741466	0	1	No-PER3D	No-Essential3D
815	K	815	42.292	-34.908	37.937	0.07	0.239322033898305	-0.8348860451179939	-1.6368230778300157	0	1	No-PER3D	No-Essential3D
816	H	816	39.908	-32.256	36.512	-0.21	0.240816326530612	-0.8395329202863452	-1.6786037765037394	0	1	No-PER3D	No-Essential3D
817	K	817	37.598	-32.836	33.522	0.07	0.301020408163265	-0.45900547594468455	-2.041248772025808	0	1	No-PER3D	No-Essential3D
818	L	818	37.924	-29.746	31.314	0.07	0	-0.3994074579124957	-2.160973906979356	0	1	No-PER3D	No-Essential3D
819	F	819	41.317	-28.222	30.55	-0.49	0	-0.54677978468021	-1.8926224787652255	0	1	No-PER3D	No-Essential3D
820	R	820	41.305	-24.601	31.641	1.21	0	0.09101932175990758	-1.8113882040567841	20.282070137669088	0.02728430586348413	PER3D	Essential3D
821	I	821	41.077	-23.404	35.23	0.36	0.241638225255973	-7.986585780546454e-4	-1.5101064970418465	20.282070137669088	0.02728430586348413	PER3D	No-Essential3D
822	K	822	40.596	-19.755	36.254	0.36	0.243298969072165	0.08769355819855837	-1.288477731863355	10.26360818359024	0.05156847021085902	No-PER3D	No-Essential3D
823	I	823	42.806	-18.824	39.202	1.77	0.242465753424658	0.2750054365336372	-0.913233935800801	6.850764227878408	0.08121660660283483	No-PER3D	No-Essential3D
824	N	824	42.067	-15.12	38.681	1.21	0.303082191780822	0.21874056963035585	-0.9410883598363566	5.118756374735872	0.11511310400219729	No-PER3D	No-Essential3D
825	Q	825	40	-14.742	41.861	0.36	0.404109589041096	0.2529253038160655	-0.6820323900609362	6.850764227878408	0.08121660660283483	No-PER3D	No-Essential3D
826	I	826	42.289	-12.154	43.429	-0.21	0.604452054794521	0.33443672451805545	-0.5944966622173746	4.066735945236875	0.15227370855853548	No-PER3D	No-Essential3D
827	Q	827	41.353	-9.58	40.815	0.36	0.604810996563574	0.2923801573378251	-0.9518509125542421	8.808797835323517	0.022211592611351832	PER3D	Essential3D
828	M	828	37.579	-9.92	41.084	-0.21	0.605172413793104	0.5870577563975199	-1.0570764287518566	13.857286991654673	0.003244200702387576	PER3D	Essential3D
829	K	829	37.478	-9.413	44.863	-0.21	0.605536332179931	-0.24008602356902073	-0.2452048858938042	4.608488899350933	0.28226803151092034	No-PER3D	No-Essential3D
830	E	830	37.595	-6.088	46.691	0.64	0.605536332179931	-0.41592968073330056	0.08693076337210215	0	1	No-PER3D	No-Essential3D
831	T	831	40.302	-5.192	49.185	0.92	0.605172413793104	-0.7078714571830569	0.5673873476075832	0	1	No-PER3D	No-Essential3D
832	V	832	39.286	-4.132	52.666	-0.78	0.609375	-0.6253542193450601	0.894056112382279	0	1	No-PER3D	No-Essential3D
833	E	833	41.37	-1.001	52.277	-0.21	0.818181818181818	-0.8062898902358316	0.8582662355754322	0	1	No-PER3D	No-Essential3D
834	E	834	39.751	-0.563	48.899	0.36	0.821052631578947	-0.7877977100787001	0.4445723164965069	0	1	No-PER3D	No-Essential3D
835	Q	835	36.225	-0.431	50.207	0.36	0.826855123674912	-0.19051935510660642	0.1683205824173043	0	1	No-PER3D	No-Essential3D
836	A	836	37.367	2.003	52.859	-0.78	0.835714285714286	-0.24421657927422202	0.6711251413748295	0	1	No-PER3D	No-Essential3D
837	S	837	39.07	4.222	50.296	0.36	0.838709677419355	-0.5759002024018786	0.5159652243107576	0	1	No-PER3D	No-Essential3D
838	T	838	36.273	4.157	47.726	0.64	0.835112692763938	-0.05061343605946892	-0.009255379792958431	0	1	No-PER3D	No-Essential3D
839	T	839	33.715	5.539	50.162	0.07	0.829787234042553	-0.025581992809261878	0.07798269536079605	0	1	No-PER3D	No-Essential3D
840	E	840	36.278	7.824	51.751	-0.21	0.826855123674912	-0.08616847413310232	0.46036538364389207	0	1	No-PER3D	No-Essential3D
841	R	841	36.74	9.67	48.472	-0.21	0.620567375886525	-0.017036015488155927	0.30533672247567506	0	1	No-PER3D	No-Essential3D
842	V	842	32.978	10.039	48.105	1.21	0.618794326241135	0.4951528919567931	0.041103274013276805	0	1	No-PER3D	No-Essential3D
843	F	843	32.716	12.327	51.102	-0.49	0.622775800711744	-0.1314206350168046	0.4005280226670276	0	1	No-PER3D	No-Essential3D
844	Q	844	35.534	14.241	49.471	0.64	0.625	0.016008430153453764	0.3088253352805439	0	1	No-PER3D	No-Essential3D
845	D	845	33.723	13.94	46.157	-0.21	0.625	0.21663542154894067	0.4572352428972453	0	1	No-PER3D	No-Essential3D
846	R	846	30.723	15.602	47.747	1.77	0.624555160142349	0.18977663568260775	0.2516569014135749	0	1	No-PER3D	No-Essential3D
847	Q	847	32.653	18.646	48.925	0.07	0.622340425531915	0.3927151104678033	0.3475573602213866	0	1	No-PER3D	No-Essential3D
848	Y	848	33.649	19.813	45.459	0.07	0.626334519572954	0.37626472339839323	0.366515701093484	0	1	No-PER3D	No-Essential3D
849	Q	849	30.02	19.686	44.434	-0.49	0.844124700239808	0.6502075984289614	0.5718825949145506	0	1	No-PER3D	No-Essential3D
850	I	850	29.041	22.168	47.147	0.36	0.849578820697954	0.7792916449408969	0.48797965054246856	0	1	No-PER3D	No-Essential3D
851	D	851	31.867	24.504	46.226	0.64	0.856447688564477	1.3047418101762285	0.062484463314656624	3.0650026568252478	0.3591678852776074	No-PER3D	No-Essential3D
852	A	852	30.664	24.302	42.669	-0.21	0.850909090909091	1.350553427997551	0.5679338994775043	0	1	No-PER3D	No-Essential3D
853	A	853	27.075	24.561	43.924	1.77	0.850909090909091	1.276122959933049	0.7326083424465912	0	1	No-PER3D	No-Essential3D
854	I	854	27.308	27.647	46.105	1.77	0.851581508515815	1.4222561199892025	0.28386739858061644	0	1	No-PER3D	No-Essential3D
855	V	855	28.935	29.559	43.314	1.21	0.850909090909091	1.5489609162462497	0.04790865323067921	2.2830491991686857	0.4286557049463006	No-PER3D	No-Essential3D
856	R	856	26.024	28.643	41.032	0.92	0.638181818181818	2.054142630977018	0.7850658792460177	0	1	No-PER3D	No-Essential3D
857	I	857	23.262	29.929	43.318	1.77	0.763636363636364	1.2593056974190153	0.7090166475334942	0	1	No-PER3D	No-Essential3D
858	M	858	25.159	33.069	44.285	1.77	0.849148418491484	1.442782316969404	0.33253242172047565	0	1	No-PER3D	No-Essential3D
859	K	859	25.774	33.857	40.668	1.77	0.842995169082126	1.9367168330720126	0.4196838781935304	0	1	No-PER3D	No-Essential3D
860	M	860	22.056	34.134	40.043	0.36	0.903209109730849	2.145722951755193	0.8198342960626036	0	1	No-PER3D	No-Essential3D
861	R	861	21.062	36.286	42.971	1.77	0.909090909090909	1.6095333416863384	0.5280878875043993	0	1	No-PER3D	No-Essential3D
862	K	862	23.755	38.704	43.957	1.77	0.792572463768116	1.6528886481860439	0.049895528480047975	0	1	No-PER3D	No-Essential3D
863	T	863	22.67	38.883	47.566	-0.21	0.792572463768116	0.8413685610654755	-0.1709201594063133	0	1	No-PER3D	No-Essential3D
864	L	864	21.414	36.032	49.707	1.21	0.72992700729927	0.8551774569714269	-0.001789054955135571	0	1	No-PER3D	No-Essential3D
865	S	865	21.229	35.494	53.458	-0.21	0.729350649350649	0.46147297620669087	-0.2529121130997552	0	1	No-PER3D	No-Essential3D
866	H	866	22.831	32.56	55.224	0.07	0.73469387755102	0.6254948719875867	-0.2061912555753249	0	1	No-PER3D	No-Essential3D
867	N	867	19.501	31.229	56.418	0.36	0.732012513034411	0.43036838668574257	0.046007182739588905	0	1	No-PER3D	No-Essential3D
868	L	868	18.067	31.26	52.894	0.07	0.732012513034411	0.8360324364702397	0.533028443612792	0	1	No-PER3D	No-Essential3D
869	L	869	21.26	29.787	51.381	1.77	0.734098018769552	1.126195208725596	0.5055689279524527	0	1	No-PER3D	No-Essential3D
870	V	870	21.06	26.531	53.283	0.36	0.736183524504692	0.6735928984214852	0.5360722007506681	0	1	No-PER3D	No-Essential3D
871	S	871	17.596	26.597	51.867	0.36	0.734098018769552	0.8076982736503505	0.7551558530903733	0	1	No-PER3D	No-Essential3D
872	E	872	18.974	26.334	48.326	1.77	0.739495798319328	1.1844600280407696	0.9539014441863782	0	1	No-PER3D	No-Essential3D
873	V	873	21.99	24.098	48.859	1.21	0.738007380073801	0.790900680449199	0.7105438303035893	0	1	No-PER3D	No-Essential3D
874	Y	874	20.028	21.399	50.621	0.07	0.735294117647059	0.539102004660134	0.663658049130568	0	1	No-PER3D	No-Essential3D
875	N	875	17.274	21.362	48.046	0.36	0.732600732600733	1.0403862450433516	0.8956880017586966	0	1	No-PER3D	No-Essential3D
876	Q	876	19.734	21.3	45.16	0.64	0.735294117647059	0.8615331830081397	0.9219140980762329	0	1	No-PER3D	No-Essential3D
877	L	877	22.024	18.506	46.373	0.07	0.726708074534161	0.7503622265995815	0.5053299021789331	0	1	No-PER3D	No-Essential3D
878	K	878	21.157	14.808	46.076	0.07	0.725194805194805	1.1372954365884569	-0.14768577752029396	0	1	No-PER3D	No-Essential3D
879	F	879	22.896	13.83	49.32	1.77	0.725194805194805	0.42552352435483004	0.18463823426038314	0	1	No-PER3D	No-Essential3D
880	P	880	22.656	14.748	53.034	-0.49	0.725194805194805	0.2632720406441187	0.21376396187125957	0	1	No-PER3D	No-Essential3D
881	V	881	25.382	17.342	53.763	0.64	0.639705882352941	-0.09716879616905921	0.3275330128681824	0	1	No-PER3D	No-Essential3D
882	K	882	25.777	19.005	57.15	0.07	0.636861313868613	0.09644556757052977	0.3444267337245904	0	1	No-PER3D	No-Essential3D
883	P	883	26.194	22.557	58.333	-0.49	0.545881126173097	0.3361264973065467	0.2534594491763353	0	1	No-PER3D	No-Essential3D
884	A	884	29.317	21.118	59.84	-0.78	0.542337662337662	0.14936637149280685	-0.07359955984012509	0	1	No-PER3D	No-Essential3D
885	D	885	30.499	20.737	56.247	-0.21	0.538421866941722	0.06660773754216841	0.17103284049227493	0	1	No-PER3D	No-Essential3D
886	L	886	28.587	23.666	54.751	1.49	0.542337662337662	0.6049457274756895	0.3126282545699219	0	1	No-PER3D	No-Essential3D
887	K	887	30.232	26.466	56.717	1.77	0.632727272727273	0.8029690866835261	0.028666560503641962	0	1	No-PER3D	No-Essential3D
888	K	888	33.702	25.158	56.093	0.64	0.542752867570386	0.6129824283893747	-0.32844747368714333	0	1	No-PER3D	No-Essential3D
889	R	889	32.945	25.565	52.421	0.07	0.41970802919708	0.967901654603692	-0.07367938676264725	2.2830491991686857	0.4286557049463006	No-PER3D	No-Essential3D
890	I	890	31.379	28.973	52.907	1.77	0.416666666666667	1.0012674527764462	-0.3685142538778406	3.0650026568252478	0.3591678852776074	No-PER3D	No-Essential3D
891	E	891	34.394	30.31	54.77	1.21	0.248550724637681	0.9422855470448231	-0.8617305430651985	4.608488899350933	0.28226803151092034	No-PER3D	No-Essential3D
892	S	892	36.762	28.802	52.219	-0.21	0.206093189964158	1.192841301071687	-0.5803997235125281	4.608488899350933	0.28226803151092034	No-PER3D	No-Essential3D
893	L	893	34.921	30.206	49.222	1.77	0.248920863309353	1.401809869248457	-0.5408797684150443	4.608488899350933	0.28226803151092034	No-PER3D	No-Essential3D
894	I	894	35.356	33.643	50.709	1.77	0.247794117647059	1.4158913091525518	-1.0458097763879948	4.608488899350933	0.28226803151092034	No-PER3D	No-Essential3D
895	D	895	39.093	32.95	50.818	1.21	0.24812030075188	1.452261656790557	-1.486665205011463	21.282070137669088	0.10344827586206898	No-PER3D	No-Essential3D
896	R	896	39.439	32.81	47.004	0.92	0.248837209302326	1.4930951503334033	-1.1756294396342377	21.282070137669088	0.10344827586206898	No-PER3D	No-Essential3D
897	D	897	37.521	36.085	46.758	0.07	0.207835325365206	1.5393573742316566	-1.452578091574375	21.282070137669088	0.10344827586206898	No-PER3D	No-Essential3D
898	Y	898	34.593	34.195	45.3	1.77	0.207482993197279	1.6145334880663185	-0.6539809852272066	9.133274901107175	0.19727345629510823	No-PER3D	No-Essential3D
899	M	899	32.264	35.956	47.732	1.21	0.207983193277311	1.4770449910217642	-0.6321338401997629	4.608488899350933	0.28226803151092034	No-PER3D	No-Essential3D
900	E	900	31.923	38.523	50.522	-0.49	0.208695652173913	0.8063214217486169	-0.9541764745576236	9.133274901107175	0.19727345629510823	No-PER3D	No-Essential3D
901	R	901	29.93	39.021	53.728	1.77	0.207589285714286	0.594616673338038	-1.1355992269786321	0	1	No-PER3D	No-Essential3D
902	D	902	28.404	42.401	54.509	-0.21	0.206422018348624	-0.12856101952858834	-1.1214103809045513	0	1	No-PER3D	No-Essential3D
903	K	903	25.376	44.316	55.8	-0.49	0.248341232227488	-0.7516848516275125	-1.1358961479395495	0	1	No-PER3D	No-Essential3D
904	E	904	25.02	44.483	59.54	-0.21	0.246829268292683	-0.611836037037129	-1.4349467623072105	0	1	No-PER3D	No-Essential3D
905	N	905	24.866	40.731	59.976	0.36	0.245226130653266	-0.37353474635244427	-0.9161810896035057	0	1	No-PER3D	No-Essential3D
906	P	906	27.041	37.811	59.172	-0.78	0.246073298429319	-0.256122298659802	-1.0462903108176433	0	1	No-PER3D	No-Essential3D
907	N	907	23.927	36.696	57.333	0.07	0.244324324324324	-0.2611518576655469	-0.6287813285163194	0	1	No-PER3D	No-Essential3D
908	Q	908	23.978	38.487	53.996	-0.21	0.244943820224719	0.3148451559558362	-0.5166706208136118	0	1	No-PER3D	No-Essential3D
909	Y	909	26.426	37.469	51.29	1.21	0.245614035087719	1.110605692031772	-0.44392490212242786	0	1	No-PER3D	No-Essential3D
910	N	910	27.546	39.447	48.246	-0.78	0.244848484848485	1.1256527163864336	-0.36797906445663575	0	1	No-PER3D	No-Essential3D
911	Y	911	28.749	37.737	45.084	1.77	0.244303797468354	1.4917733725077391	-0.3329604592933273	4.608488899350933	0.28226803151092034	No-PER3D	No-Essential3D
