Uniprot_position	aminoacid	Position_in_structure	x	y	z	paraz	mtr	paraz3dscore	mtr3dscore	PER3D_OR	PER3D_pvalue	PER3D	Essential3D
76	N	76	-10.026	13.338	105.983	-0.71	0.77060270602706	-1.6342089793090944	1.9319346971044224	0	1	No-PER3D	No-Essential3D
77	P	77	-9.627	15.06	109.211	-0.71	0.881481481481482	-1.6748570603733621	1.8581678510614437	0	0.9999999999999999	No-PER3D	No-Essential3D
78	A	78	-12.962	13.624	110.145	-0.71	0.844542075025346	-1.6748570603733621	1.6664377442553453	0	0.9999999999999999	No-PER3D	No-Essential3D
79	P	79	-13.189	10.502	112.032	-0.71	0.885572139303483	-1.6748570603733621	1.684505505523266	0	1	No-PER3D	No-Essential3D
80	G	80	-14.092	7.523	109.885	-0.71	0.989776951672862	-1.6104975986882715	1.7491660609916035	0	0.9999999999999999	No-PER3D	No-Essential3D
81	T	81	-13.072	6.515	106.394	-0.71	1.00766392279307	-1.6233694910252896	1.8146607307951341	0	1.0000000000000002	No-PER3D	No-Essential3D
82	R	82	-14.837	7.131	103.148	-0.71	1.01607347876005	-1.6154483265102015	1.730673200221727	0	1.0000000000000002	No-PER3D	No-Essential3D
83	K	83	-13.739	6.445	99.62	-0.71	0.957933579335793	-1.6233694910252896	1.9062022761381212	0	1	No-PER3D	No-Essential3D
84	K	84	-10.308	7.752	100.26	-0.71	0.933052187664734	-1.6439645187645187	1.8909251748522249	0	1	No-PER3D	No-Essential3D
85	S	85	-8.678	10.339	102.272	-0.71	0.976937269372694	-1.6451526934417817	1.9145920670344214	0	1	No-PER3D	No-Essential3D
86	S	86	-7.321	13.425	100.526	-0.71	0.912734324499031	-1.6439645187645187	1.7246379459268149	0	1	No-PER3D	No-Essential3D
87	N	87	-3.861	12.101	99.817	-0.71	0.953333333333333	-1.6491132756993259	1.5239082645959654	0	1	No-PER3D	No-Essential3D
88	A	88	-3.375	15.478	98.217	-0.71	0.992430795847751	-1.5921091810639598	1.2418721329033102	0	1	No-PER3D	No-Essential3D
89	E	89	-1.349	16.147	101.269	-0.71	1.04761904761905	-1.6412782107985322	1.451381776825238	0	1	No-PER3D	No-Essential3D
90	V	90	1.246	13.684	102.347	-0.71	1.05235239852399	-1.6397518994542217	1.4380629638173938	0	1	No-PER3D	No-Essential3D
91	I	91	-1.667	11.327	102.99	-0.71	1.06017657992565	-1.6462528551799884	1.418635348267212	0	1	No-PER3D	No-Essential3D
92	K	92	-1.971	9.895	106.354	-0.71	1.05625	-1.6426773295308168	1.5606742015502921	0	1	No-PER3D	No-Essential3D
93	E	93	-4.707	7.375	106.873	-0.71	1.05235239852399	-1.648225558986428	1.7193065605336448	0	0.9999999999999999	No-PER3D	No-Essential3D
94	L	94	-4.348	5.573	103.592	-0.32	1.02055877701634	-1.6539837214484678	1.6404941542541454	0	1	No-PER3D	No-Essential3D
95	N	95	-0.629	5.018	103.928	-0.71	1.01391806722689	-1.6233694910252896	1.418804255181683	0	1	No-PER3D	No-Essential3D
96	K	96	-1.348	3.667	107.374	-0.71	0.967830882352941	-1.6380802251247388	1.6187935398233737	0	1	No-PER3D	No-Essential3D
97	C	97	-3.202	0.937	105.639	-0.71	0.995829675153643	-1.6154483265102015	1.5195782165479454	0	1	No-PER3D	No-Essential3D
98	R	98	0.321	-0.215	105.34	-0.71	1.01461988304094	-1.6046467385350816	1.3270655517443108	0	1	No-PER3D	No-Essential3D
99	E	99	1.264	-3.719	104.522	-0.71	1.02602010644589	-1.473383962924383	0.9706286402576382	0	0.9999999999999999	No-PER3D	No-Essential3D
100	E	100	-2.392	-3.837	104.596	-0.71	1.01924587588374	-1.5935608982448266	1.3428723528527395	0	1	No-PER3D	No-Essential3D
101	N	101	-5.128	-5.089	102.481	-0.71	1.01252201134807	-1.5935608982448266	1.3324008651049526	0	1	No-PER3D	No-Essential3D
102	S	102	-4.985	-2.241	100.152	-0.71	1.00958716493837	-1.3169901635309902	1.1807486682395791	0	0.9999999999999999	No-PER3D	No-Essential3D
103	M	103	-4.967	-4.237	96.948	-0.71	1.01252201134807	-0.9960132614303142	1.1191135043914446	0	0.9999999999999999	No-PER3D	No-Essential3D
104	R	104	-6.562	-1.66	94.692	-0.71	1.01252201134807	-0.8499633763883283	1.059932253229538	0	1	No-PER3D	No-Essential3D
105	L	105	-6.415	2.1	94.954	-0.71	1.01714961561206	-0.9831208833229984	1.0682709878581442	0	1	No-PER3D	No-Essential3D
106	D	106	-8.027	4.558	92.583	-0.71	0.966292134831461	-1.1688585340216153	0.9833029921075442	0	1	No-PER3D	No-Essential3D
107	L	107	-6.544	8.064	92.697	-0.71	0.897025171624714	-1.265985186138669	0.9419088352228387	0	1	No-PER3D	No-Essential3D
108	S	108	-7.747	8.934	89.207	-0.71	0.885847107438016	-0.7377550083651748	0.968930254478488	0	1	No-PER3D	No-Essential3D
109	K	109	-9.295	12.289	88.423	-0.71	0.880681818181818	-0.7196023396847647	0.8336353978133699	0	1	No-PER3D	No-Essential3D
110	R	110	-7.993	13.891	91.569	-0.71	0.865139949109415	-1.1195834278656882	0.937328671577863	0	1	No-PER3D	No-Essential3D
111	S	111	-5.839	16.7	90.161	-0.71	0.860050890585242	-0.7030475249574643	1.1032696647325262	0	1	No-PER3D	No-Essential3D
112	I	112	-2.704	15.207	91.641	-0.71	0.835361216730038	-0.9967573708241558	0.9993337308066393	0	1	No-PER3D	No-Essential3D
113	H	113	0.424	17.209	90.965	-0.71	0.834659090909091	-0.8238396419574896	1.222124868703278	1	0.013670539986329482	No-PER3D	No-Essential3D
114	I	114	2.696	14.867	92.839	-0.71	0.856060606060606	-1.0848467917127578	1.1170083351790923	1	0.011961722488038281	No-PER3D	No-Essential3D
115	L	115	2.568	11.374	94.27	-0.71	0.808612440191388	-1.498328251179971	0.7128995515956936	0	0.9999999999999999	No-PER3D	No-Essential3D
116	P	116	3.327	11.008	97.863	-0.71	0.753746365466339	-1.5150680520517579	0.8357963050413882	0	0.9999999999999999	No-PER3D	No-Essential3D
117	S	117	6.356	8.711	98.299	-0.71	0.758868432869331	-1.5821794355468317	0.7428735197362141	0	1	No-PER3D	No-Essential3D
118	S	118	4.504	7.228	101.305	-0.71	0.764029749830967	-1.6001170403519667	1.0331824486453014	0	1	No-PER3D	No-Essential3D
119	I	119	2.571	5.401	98.621	-0.71	0.690076335877863	-1.3783211580136547	0.9518194654635189	0	1	No-PER3D	No-Essential3D
120	K	120	5.423	2.982	99.015	-0.71	0.694763729246488	-1.2541952175645183	0.7731647670043045	0	1	No-PER3D	No-Essential3D
121	E	121	4.085	1.625	102.243	-0.71	0.694763729246488	-1.5093613017545577	0.9874616824766455	0	1	No-PER3D	No-Essential3D
122	L	122	1.086	0.036	100.533	-0.71	0.7001287001287	-1.310703525026952	0.9943393825849166	0	1	No-PER3D	No-Essential3D
123	T	123	3.001	-3.249	100.148	-0.71	0.69948717948718	-1.2378728179576701	0.8357884971273456	0	1	No-PER3D	No-Essential3D
124	Q	124	0.024	-5.345	99.099	-0.32	0.658914728682171	-1.11123573910748	0.9593785231364789	0	1	No-PER3D	No-Essential3D
125	L	125	-1.108	-2.962	96.347	-0.71	0.657587548638132	-0.9733539302113956	0.9220971797876261	0	1	No-PER3D	No-Essential3D
126	T	126	-1.978	-4.942	93.179	-0.71	0.659533073929961	-0.6870878453418793	0.9750398865252953	0	1	No-PER3D	No-Essential3D
127	E	127	-3.535	-2.205	91.112	-0.71	0.703501945525292	-0.6656702351337759	0.7826137639261147	0	1	No-PER3D	No-Essential3D
128	L	128	-3.095	1.517	91.206	-0.32	0.660852713178295	-0.7744846938250177	0.6889663928909868	0	1	No-PER3D	No-Essential3D
129	Y	129	-4.887	3.834	88.881	-0.71	0.603006189213086	-0.3523054850863356	0.9131245478233648	0	1	No-PER3D	No-Essential3D
130	L	130	-3.453	7.366	88.67	-0.32	0.548076923076923	-0.7441202298505135	0.7866044319901072	0	1	No-PER3D	No-Essential3D
131	Y	131	-5.198	8.176	85.379	-0.71	0.551801801801802	-0.470840054079975	0.8754462212970224	0	0.9999999999999999	No-PER3D	No-Essential3D
132	S	132	-6.346	11.704	84.544	-0.32	0.611226611226611	-0.5172118713453864	0.9451833346220464	0	1.0000000000000002	No-PER3D	No-Essential3D
133	N	133	-4.039	13.634	86.851	-0.32	0.615983238551332	-0.5170468470846553	1.0075982112012118	1	0.00512645249487354	No-PER3D	No-Essential3D
134	K	134	-1.298	16.317	86.762	-0.71	0.762645914396887	-0.2809521380655025	1.1329729184377944	1	0.007518796992481208	No-PER3D	No-Essential3D
135	L	135	1.65	13.974	87.454	-0.32	0.665369649805447	-0.4277814162030859	1.1093023850723174	1	0.008885850991114157	No-PER3D	No-Essential3D
136	Q	136	4.968	15.277	86.16	-0.71	0.662162162162162	-0.4475843274908061	1.2951428912182903	1	0.011961722488038281	No-PER3D	No-Essential3D
137	S	137	7.012	12.349	87.51	-0.32	0.714456749476205	-0.7287889436922785	0.9678701995443678	1	0.006265664160401001	No-PER3D	No-Essential3D
138	L	138	6.848	9.425	89.957	-0.32	0.722358722358722	-0.8480855141110445	0.6358100662940157	1	0.007518796992481208	No-PER3D	No-Essential3D
139	P	139	8.637	8.815	93.179	-0.71	0.721003134796238	-1.5277497193788694	0.30597118434239956	0	1	No-PER3D	No-Essential3D
140	A	140	11.52	6.416	93.551	-0.71	0.71825121443442	-1.5203943523291448	0.0820804212483394	0	1.0000000000000002	No-PER3D	No-Essential3D
141	E	141	9.315	4.816	96.192	-0.71	0.721003134796238	-1.4309685739877556	0.08128083166422576	0	1	No-PER3D	No-Essential3D
142	V	142	7.133	3.377	93.442	-0.32	0.665384615384616	-0.90336864145593	0.17433275160533707	0	1	No-PER3D	No-Essential3D
143	G	143	9.729	0.624	93.087	-0.71	0.662213740458015	-0.8263023116945523	0.17556219623405814	0	1.0000000000000002	No-PER3D	No-Essential3D
144	C	144	8.722	-0.79	96.46	-0.71	0.722414989590562	-1.12414752741962	0.1783579764408373	0	1	No-PER3D	No-Essential3D
145	L	145	5.345	-1.994	95.17	-0.71	0.727272727272727	-0.9289474018692352	0.5559074101206349	0	0.9999999999999999	No-PER3D	No-Essential3D
146	V	146	6.471	-5.581	94.883	0.46	0.795454545454545	-0.8649179887056067	0.4172731786685795	0	1	No-PER3D	No-Essential3D
147	N	147	3.204	-7.031	93.805	-0.32	0.789473684210526	-0.6577075260495527	0.6260651059213734	0	1	No-PER3D	No-Essential3D
148	L	148	1.834	-4.252	91.683	2.79	0.924528301886792	-0.6561953037330359	0.5806076406503483	0	1	No-PER3D	No-Essential3D
149	M	149	0.331	-5.976	88.656	0.85	0.918421052631579	-0.1314676618866703	0.6944452432205246	0	1	No-PER3D	No-Essential3D
150	T	150	-1.238	-3.037	86.85	0.07	0.917602996254682	-0.3518339871985327	0.8031058665873102	0	1	No-PER3D	No-Essential3D
151	L	151	-0.36	0.616	86.812	2.02	0.878901373283396	-0.5493916021879317	0.6678581838611735	0	1	No-PER3D	No-Essential3D
152	A	152	-2.489	3.178	85.015	0.85	0.950590762620838	-0.09970049169595252	0.8567931492109044	0	1	No-PER3D	No-Essential3D
153	L	153	-0.581	6.433	84.525	-0.32	0.947030497592295	-0.4577396666127139	0.683668869736071	0	1	No-PER3D	No-Essential3D
154	S	154	-2.366	7.538	81.364	0.46	0.954177897574124	-0.09062415735574744	0.6730973458847086	0	1	No-PER3D	No-Essential3D
155	E	155	-3.735	11.026	80.79	1.24	1.0266049739734	-0.13109097607413217	0.9187915455361898	1	0.0017088174982911833	No-PER3D	No-Essential3D
156	N	156	-1.055	12.676	82.85	2.79	1.02757619738752	-0.17911841717274699	1.0258715684543722	1	0.00512645249487354	No-PER3D	No-Essential3D
157	S	157	1.484	16.029	82.495	0.46	1.07984790874525	0.014812964905897853	1.2501587339625602	1	0.008885850991114157	No-PER3D	No-Essential3D
158	L	158	0.667	19.512	83.655	0.85	1.05256064690027	-0.02965203575934584	1.441295037396178	1	0.01549327865117339	No-PER3D	No-Essential3D
159	T	159	-1.706	20.919	81.068	0.46	1.02276001152406	0.5162392530743871	1.4533126919434762	1	0.0041011619958988355	No-PER3D	No-Essential3D
160	S	160	-1.941	24.292	82.681	1.24	1.01607347876005	0.7199294874209372	1.4393219539438227	1	0.00512645249487354	No-PER3D	No-Essential3D
161	L	161	0.908	26.748	82.387	1.63	0.947030497592295	0.3512283007515091	1.7472877621135858	1	0.0041011619958988355	No-PER3D	No-Essential3D
162	P	162	-0.435	28.467	85.431	1.63	0.950590762620838	0.47844897754400095	1.7449045022930154	0	1.0000000000000002	No-PER3D	No-Essential3D
163	D	163	-0.079	25.671	87.967	-0.32	0.915298184961106	-0.45202728835664074	1.4619200645418506	0	1	No-PER3D	No-Essential3D
164	S	164	3.148	24.611	86.388	-0.71	0.911066628538747	-0.3293906877391165	1.5772757373943715	1	0.010366826156299833	No-PER3D	No-Essential3D
165	L	165	4.468	28.043	87.215	-0.71	0.842944369063772	-0.47004793762846614	1.787328654588301	0	1	No-PER3D	No-Essential3D
166	D	166	3.101	27.928	90.747	-0.71	0.930711610486891	-0.6451056734119126	1.7066803707308522	0	1	No-PER3D	No-Essential3D
167	N	167	5.662	25.301	91.664	-0.71	0.966973101804563	-0.7738245967820938	1.646633805267893	0	1	No-PER3D	No-Essential3D
168	L	168	8.383	25.214	89.003	-0.71	0.974271012006861	-0.6245106456726836	1.5953236774403599	1	0.007518796992481208	No-PER3D	No-Essential3D
169	K	169	10.757	22.579	90.416	-0.71	0.968782161234991	-1.224340828577728	1.4300268236558742	1	0.010366826156299833	No-PER3D	No-Essential3D
170	K	170	8.028	19.978	90.45	-0.71	0.976149325959212	-0.9540310895003474	1.333308437292316	1	0.013670539986329482	No-PER3D	No-Essential3D
171	L	171	7.144	20.098	86.747	0.07	0.979875086745316	-0.34311127627417976	1.47308901991157	1	0.013670539986329482	No-PER3D	No-Essential3D
172	R	172	8.642	17.201	84.884	-0.71	0.968782161234991	-0.6108519890223426	1.4231596319784297	1	0.008885850991114157	No-PER3D	No-Essential3D
173	M	173	6.076	17.131	82.097	0.46	0.888050314465409	-0.18914364101215536	1.4745407257174963	1	0.00512645249487354	No-PER3D	No-Essential3D
174	L	174	4.243	20	80.481	2.02	0.884711779448622	-0.09062415735574744	1.5732318268935541	1	0.0041011619958988355	No-PER3D	No-Essential3D
175	D	175	1.632	19.592	77.749	2.02	0.891414141414141	0.5300556621479394	1.7353069032392314	1	0.0017088174982911833	No-PER3D	No-Essential3D
176	L	176	0.729	22.895	76.018	2.4	0.897338403041825	0.500462740171658	1.8387992371097093	1	0.002392344497607656	No-PER3D	No-Essential3D
177	R	177	-0.501	21.26	72.8	0.85	0.9688013136289	0.4200080551347516	1.7949577511260453	0	0.9999999999999999	No-PER3D	No-Essential3D
178	H	178	-3.578	22.504	70.943	0.85	0.961434003259098	0.21902136459769542	1.731058464006274	0	1	No-PER3D	No-Essential3D
179	N	179	-4.009	25.461	73.152	1.63	0.931851418543434	0.6402832956273794	1.8449561353280781	0	1	No-PER3D	No-Essential3D
180	K	180	-3.775	28.212	70.562	0.07	0.961434003259098	0.1928701516052994	1.8971155213380186	0	1	No-PER3D	No-Essential3D
181	L	181	-0.55	29.467	72.118	2.79	0.961434003259098	0.39335899451613376	1.895642243712505	0	1	No-PER3D	No-Essential3D
182	R	182	1.17	32.043	69.963	0.07	1.03047895500726	0.008390399082853479	1.8223474249354699	0	1	No-PER3D	No-Essential3D
183	E	183	3.979	32.657	72.415	0.85	0.974271012006861	-0.16405995338104315	1.733732525530057	0	1	No-PER3D	No-Essential3D
184	I	184	5.331	31.49	75.738	0.85	0.977961432506887	-0.008244046398831511	1.7851305034378664	0	1	No-PER3D	No-Essential3D
185	P	185	5.827	33.458	78.895	-0.71	0.977961432506887	-0.44707656053471073	1.6432587446803009	0	1	No-PER3D	No-Essential3D
186	S	186	9.378	34.275	79.973	-0.71	0.977961432506887	-0.902543520152275	1.5007984782693675	0	1	No-PER3D	No-Essential3D
187	V	187	8.756	32.539	83.263	-0.71	0.985426786953504	-0.7621228764757136	1.5458222384468459	0	1	No-PER3D	No-Essential3D
188	V	188	8.848	29.167	81.482	-0.71	0.813793103448276	-0.5059194969325079	1.6119680239695913	0	1	No-PER3D	No-Essential3D
189	Y	189	12.651	29.49	81.941	-0.32	0.859819569743234	-1.2114689362407098	1.4586596937713159	0	1.0000000000000002	No-PER3D	No-Essential3D
190	R	190	12.112	28.631	85.542	-0.71	0.934483767183387	-1.1698828225364974	1.556079648086247	0	1	No-PER3D	No-Essential3D
191	L	191	11.072	25.033	84.662	-0.71	0.902408111533587	-0.9454498279423355	1.5192939811025894	1	0.008885850991114157	No-PER3D	No-Essential3D
192	D	192	14.605	23.782	85.265	0.07	0.982389937106918	-1.2335350373898837	1.5098126938476937	1	0.006265664160401001	No-PER3D	No-Essential3D
193	S	193	13.711	20.162	85.717	-0.71	0.971393034825871	-1.040456652334612	1.3598517044554501	1	0.007518796992481208	No-PER3D	No-Essential3D
194	L	194	11.395	19.9	82.725	0.07	1.00188679245283	-0.8233318750013943	1.3601896507488427	1	0.008885850991114157	No-PER3D	No-Essential3D
195	T	195	11.885	16.501	81.052	-0.32	0.966624419095902	-0.7208226871590779	1.2949803389709473	1	0.00512645249487354	No-PER3D	No-Essential3D
196	T	196	9.121	16.564	78.479	-0.71	0.987143431096826	-0.32927462672058044	1.2772632792582643	1	0.00512645249487354	No-PER3D	No-Essential3D
197	L	197	7.556	19.464	76.697	-0.71	0.988993396037623	-0.3567559651492553	1.4790509811822936	1	0.006265664160401001	No-PER3D	No-Essential3D
198	Y	198	4.699	19.349	74.227	-0.32	0.95843776106934	0.04698068774610306	1.5719415115255515	1	0.00512645249487354	No-PER3D	No-Essential3D
199	L	199	4.406	22.539	72.112	-0.32	0.9548481065335	-0.07468522875831414	1.4794514033956876	1	0.007518796992481208	No-PER3D	No-Essential3D
200	R	200	2.531	20.843	69.287	-0.71	1.01864594894562	-0.17682506531405884	1.3156603978255725	0	1	No-PER3D	No-Essential3D
201	F	201	-0.427	22.299	67.389	-0.71	1.01769128704113	-0.26475320488570075	1.2766585548452072	0	1	No-PER3D	No-Essential3D
202	N	202	0.363	25.907	68.212	-0.71	1.01009657594381	-0.07833269517716253	1.4719408100452562	0	1	No-PER3D	No-Essential3D
203	R	203	1.973	28.773	66.293	-0.71	1.01769128704113	-0.29138470627263485	1.3031062513739413	0	1	No-PER3D	No-Essential3D
204	I	204	5.591	29.202	65.146	0.07	1.0812969924812	-0.7744846938250177	0.9013552432217694	0	1	No-PER3D	No-Essential3D
205	T	205	6.228	32.035	67.601	-0.71	1.01387970918705	-0.7797654701684099	1.1845772834052033	0	1	No-PER3D	No-Essential3D
206	T	206	5.954	29.448	70.388	-0.71	0.987873134328358	-0.5064852943978713	1.4913222615911197	0	1	No-PER3D	No-Essential3D
207	V	207	9.654	28.587	70.027	0.07	0.982472324723247	-0.9674530627064689	1.006895614300135	0	0.9999999999999999	No-PER3D	No-Essential3D
208	E	208	10.998	30.968	72.596	-0.71	0.867647058823529	-0.7602559353442114	1.2646915757048212	0	1	No-PER3D	No-Essential3D
209	K	209	14.729	31.291	73.244	-0.71	0.862026862026862	-1.127801636050092	0.8172515940618991	0	1	No-PER3D	No-Essential3D
210	D	210	13.894	30.26	76.788	-0.71	0.870098039215686	-1.1187913114141792	1.0218259217820753	0	1	No-PER3D	No-Essential3D
211	I	211	13.465	26.661	75.572	-0.32	0.842119135477069	-1.1203755443171972	1.1061203231809182	0	1	No-PER3D	No-Essential3D
212	K	212	17.14	26.075	74.711	-0.71	0.839023109243698	-1.1688585340216153	0.5875889612958037	0	1	No-PER3D	No-Essential3D
213	N	213	18.143	26.58	78.353	-0.71	0.803860346295771	-1.3350391026760837	0.7754629340407706	0	1	No-PER3D	No-Essential3D
214	L	214	15.97	23.703	79.582	0.07	0.836659663865546	-1.265985186138669	1.0100218203334712	0	1	No-PER3D	No-Essential3D
215	S	215	18.967	21.374	79.952	-0.71	0.836659663865546	-1.2221215367954834	0.8088374461918598	0	1	No-PER3D	No-Essential3D
216	K	216	16.948	18.516	81.446	-0.32	0.831240188383046	-1.1599813668926373	1.1095581548971916	1	0.00512645249487354	No-PER3D	No-Essential3D
217	L	217	14.68	18.11	78.394	-0.32	0.829569327731093	-0.9669029818373656	0.8725626131389745	1	0.006265664160401001	No-PER3D	No-Essential3D
218	S	218	14.558	14.525	77.14	-0.71	0.824175824175824	-1.1516769202235935	0.6498912474381453	1	0.002392344497607656	No-PER3D	No-Essential3D
219	M	219	11.593	14.887	74.787	-0.71	0.96	-0.5598431387008951	0.6444250508481582	1	0.0041011619958988355	No-PER3D	No-Essential3D
220	L	220	10.434	17.811	72.703	0.07	0.938666666666667	-0.34907753800830066	0.8494393994243472	1	0.006265664160401001	No-PER3D	No-Essential3D
221	S	221	7.29	17.885	70.56	-0.71	0.882943143812709	-0.2109649259503547	0.9322491594794325	1	0.006265664160401001	No-PER3D	No-Essential3D
222	I	222	7.296	20.791	68.035	-0.32	0.856447688564477	-0.48263178761948106	0.6722268882239095	0	0.9999999999999999	No-PER3D	No-Essential3D
223	R	223	4.75	19.191	65.656	-0.32	0.826568265682657	-0.3305222826698434	0.5249682704001728	0	1	No-PER3D	No-Essential3D
224	E	224	1.985	21.104	63.856	-0.71	0.85958485958486	-0.6042222436566193	0.5156692773923796	0	1.0000000000000002	No-PER3D	No-Essential3D
225	N	225	3.45	24.548	64.235	-0.71	0.69683257918552	-0.6242026003859856	0.7912462190078612	0	1	No-PER3D	No-Essential3D
226	K	226	4.348	26.256	61.025	-0.71	0.705882352941176	-1.1688585340216153	0.34399035286987334	0	1	No-PER3D	No-Essential3D
227	I	227	8.065	26.17	61.597	-0.71	0.535279805352798	-1.023836351789561	0.0751144504359073	0	1	No-PER3D	No-Essential3D
228	K	228	10.058	27.53	58.695	-0.71	0.531400966183575	-1.2114689362407098	-0.35886260137048864	0	1	No-PER3D	No-Essential3D
229	Q	229	13.402	27.016	60.373	-0.71	0.531400966183575	-1.2114689362407098	-0.6005653810399108	0	1	No-PER3D	No-Essential3D
230	L	230	14.919	25.494	63.499	-0.32	0.592447552447553	-1.113774573887957	-0.18031485749461307	0	1	No-PER3D	No-Essential3D
231	P	231	17.009	27.769	65.632	-0.32	0.59292532285233	-1.4075177579891396	-0.20423500242730727	0	0.9999999999999999	No-PER3D	No-Essential3D
232	A	232	20.695	26.953	66.084	-0.71	0.548571428571429	-1.42912093393938	-0.4530609807182341	0	1	No-PER3D	No-Essential3D
233	E	233	20.189	27.073	69.853	-0.71	0.601216545012165	-1.3968241858937709	-0.10767003853264286	0	1	No-PER3D	No-Essential3D
234	I	234	18.326	23.757	69.618	-0.32	0.605637254901961	-1.2769985699564383	0.030512631537401753	0	1	No-PER3D	No-Essential3D
235	G	235	21.762	22.134	69.852	-0.71	0.603418803418803	-1.1024890437992563	-0.47597001995975863	0	1	No-PER3D	No-Essential3D
236	E	236	21.99	23.196	73.495	-0.71	0.641304347826087	-1.388815008439626	-0.015546930254269802	0	1	No-PER3D	No-Essential3D
237	L	237	19.498	20.521	74.553	-0.71	0.643115942028986	-1.2672471363677884	0.29209935111699203	0	1	No-PER3D	No-Essential3D
238	C	238	22.222	17.947	75.304	-0.71	0.686545454545455	-1.0896468888707347	0.020580256697505506	0	1	No-PER3D	No-Essential3D
239	N	239	19.849	15.522	77.068	-0.71	0.735584415584416	-1.2221215367954834	0.4355655234070482	0	0.9999999999999999	No-PER3D	No-Essential3D
240	L	240	17.324	15.289	74.218	0.07	0.775824175824176	-0.6536690945093051	0.05247128196511856	0	1	No-PER3D	No-Essential3D
241	I	241	16.372	11.677	73.393	-0.71	0.808150183150183	-0.4217040804473192	-0.3122242787219155	0	0.9999999999999999	No-PER3D	No-Essential3D
242	T	242	13.391	12.336	71.143	-0.71	0.808823529411765	-0.11099286610883104	-0.23675557923046728	0	1	No-PER3D	No-Essential3D
243	L	243	12.615	15.229	68.851	0.07	0.790849673202614	-0.42930471707137213	-0.046343399870168195	0	1	No-PER3D	No-Essential3D
244	D	244	9.355	15.482	66.966	-0.32	0.745870149827123	-0.36197756337937265	0.021810428118871523	0	0.9999999999999999	No-PER3D	No-Essential3D
245	V	245	9.239	18.094	64.158	0.07	0.715151515151515	-0.4814959063443196	-0.30392884416236565	0	1	No-PER3D	No-Essential3D
246	A	246	6.399	16.516	62.118	-0.71	0.72039072039072	-0.0624200109762672	-0.3547589380008744	0	1	No-PER3D	No-Essential3D
247	H	247	3.853	18.617	60.204	-0.32	0.68190549366116	-0.4934896338653049	-0.2187574560932009	0	0.9999999999999999	No-PER3D	No-Essential3D
248	N	248	5.941	21.773	59.798	-0.32	0.682475419317525	-0.7627229646965537	-0.27940801552419436	0	1.0000000000000002	No-PER3D	No-Essential3D
249	Q	249	7.454	23.875	56.97	-0.71	0.682475419317525	-0.7487409091509815	-0.6965805627509671	0	1	No-PER3D	No-Essential3D
250	L	250	11.174	23.043	57.308	-0.32	0.609703735508802	-0.6311271477970513	-0.9711758248393361	0	1	No-PER3D	No-Essential3D
251	E	251	13.292	23.221	54.141	-0.71	0.569594865623747	-0.6870878453418794	-1.5332068006273267	0	0.9999999999999999	No-PER3D	No-Essential3D
252	H	252	16.57	22.434	55.904	-0.71	0.536160545248012	-0.6721696521717968	-1.5591107031166749	0	1	No-PER3D	No-Essential3D
253	L	253	17.999	21.419	59.275	-0.71	0.567990373044525	-0.7300665508721315	-1.6754713382914126	0	1	No-PER3D	No-Essential3D
254	P	254	20.725	23.306	61.081	-0.71	0.573737373737374	-1.1706444729706407	-1.5010400130227928	0	1	No-PER3D	No-Essential3D
255	K	255	24.188	21.806	61.504	-0.71	0.529624893435635	-0.7432951085468585	-1.7321673638877257	0	1	No-PER3D	No-Essential3D
256	E	256	23.648	22.05	65.266	-0.71	0.60024154589372	-0.8468019920831367	-1.5033598635448198	0	1	No-PER3D	No-Essential3D
257	I	257	21.379	19.011	65.094	-0.71	0.604121212121212	-0.4134716201676704	-1.3743534780603612	0	1	No-PER3D	No-Essential3D
258	G	258	24.501	16.87	65.139	-0.71	0.693414499169895	-0.06302009919710717	-1.4138175318197537	0	1	No-PER3D	No-Essential3D
259	N	259	25.093	18.134	68.705	-0.71	0.697861705081922	-0.7323851713096422	-1.2116334497731942	0	1	No-PER3D	No-Essential3D
260	C	260	22.311	15.948	70.081	-0.32	0.65036231884058	-0.5289642747785267	-0.8992307492240377	0	1	No-PER3D	No-Essential3D
261	T	261	24.535	13.013	71.04	-0.71	0.557922077922078	-0.29275042429247755	-1.1126316020976619	0	1	No-PER3D	No-Essential3D
262	Q	262	21.745	11.403	73.072	-0.71	0.555900621118012	-0.41539190247435837	-0.6325488256039843	0	1	No-PER3D	No-Essential3D
263	I	263	19.082	11.53	70.333	0.07	0.600839160839161	0.26261696291169373	-0.7305330512318585	0	1	No-PER3D	No-Essential3D
264	T	264	17.343	8.183	69.842	-0.71	0.540458937198068	0.5094040546621741	-0.503881582342021	0	1.0000000000000002	No-PER3D	No-Essential3D
265	N	265	14.431	9.329	67.706	-0.71	0.540458937198068	0.8516643714182712	-0.4967253425365258	0	0.9999999999999999	No-PER3D	No-Essential3D
266	L	266	14.015	12.063	65.133	2.79	0.497902097902098	0.6577174376223099	-0.5503872868072899	0	1	No-PER3D	No-Essential3D
267	D	267	10.631	12.614	63.51	0.46	0.494307136906415	0.550424370901023	-0.45444305726620016	0	1.0000000000000002	No-PER3D	No-Essential3D
268	L	268	10.866	14.932	60.47	2.79	0.462337662337662	0.029114376011862966	-0.845419529688898	0	1.0000000000000002	No-PER3D	No-Essential3D
269	Q	269	7.68	13.632	58.773	0.46	0.40123978585517	0.6386887754977187	-0.6194351230711767	0	0.9999999999999999	No-PER3D	No-Essential3D
270	H	270	5.541	16.062	56.737	0.07	0.403846153846154	0.03179383969561368	-0.70911502744728	0	1	No-PER3D	No-Essential3D
271	N	271	8.063	18.834	56.064	-0.32	0.329335793357934	-0.28639008037149555	-0.9469676643181627	0	1.0000000000000002	No-PER3D	No-Essential3D
272	E	272	9.688	20.445	52.976	-0.32	0.330555555555556	-0.2527604935239564	-1.1207258347288234	0	1	No-PER3D	No-Essential3D
273	L	273	13.188	18.898	53.38	-0.32	0.33115671641791	-0.024614453063346847	-1.0983778078551238	0	1	No-PER3D	No-Essential3D
274	L	274	15.253	18.496	50.213	-0.71	0.239057239057239	0.3252369796863764	-1.1973275673697648	0	0.9999999999999999	No-PER3D	No-Essential3D
275	D	275	18.472	17.48	51.925	-0.71	0.262222222222222	0.43958282228321227	-1.2977914238516108	0	1.0000000000000002	No-PER3D	No-Essential3D
276	L	276	19.923	16.552	55.304	-0.32	0.240841248303935	0.22869778715874045	-1.380741066245138	0	1	No-PER3D	No-Essential3D
277	P	277	23.054	18.115	56.737	0.07	0.242881646655232	-0.07082124606802727	-1.6770206102934433	0	1	No-PER3D	No-Essential3D
278	D	278	26.304	16.139	56.804	-0.71	0.335227272727273	0.38134522833491685	-1.3949214486349761	0	1	No-PER3D	No-Essential3D
279	T	279	26.233	16.584	60.584	-0.71	0.333646616541353	0.06706569178720956	-1.4020072133719417	0	1	No-PER3D	No-Essential3D
280	I	280	23.467	13.98	60.802	2.4	0.336174242424242	0.8140859897603832	-1.2669292383743467	0	1	No-PER3D	No-Essential3D
281	G	281	26.254	11.402	60.836	0.46	0.224968314321926	0.9421276707099022	-1.1968267407221058	0	1	No-PER3D	No-Essential3D
282	N	282	27.122	12.507	64.37	0.07	0.245907349355625	0.5194578403928629	-1.2914057695155718	0	1	No-PER3D	No-Essential3D
283	L	283	23.855	11.102	65.733	2.79	0.33976833976834	0.49564624260965273	-1.085391603774022	0	1	No-PER3D	No-Essential3D
284	S	284	25.469	7.775	66.614	0.07	0.341085271317829	0.8867453352317325	-1.1042200947167677	0	1	No-PER3D	No-Essential3D
285	S	285	22.728	6.839	69.095	0.46	0.338803088803089	0.8237240569289879	-1.0072844694981857	0	1	No-PER3D	No-Essential3D
286	L	286	19.929	7.453	66.554	3.18	0.417412045319022	1.1449732811491093	-0.9409505565675648	0	1	No-PER3D	No-Essential3D
287	S	287	17.616	4.413	66.448	0.07	0.414201183431953	1.1850666117273883	-1.1029003970083178	0	1.0000000000000002	No-PER3D	No-Essential3D
288	R	288	14.752	5.858	64.441	-0.32	0.417412045319022	1.644330903796182	-1.0945604717585924	0	1	No-PER3D	No-Essential3D
289	L	289	14.707	8.433	61.677	2.4	0.544186046511628	1.6058252429589484	-1.0782103125064588	0	1.0000000000000002	No-PER3D	No-Essential3D
290	G	290	11.428	9.393	60.044	-0.32	0.544186046511628	1.3255516066255393	-0.9213339240156277	0	1.0000000000000002	No-PER3D	No-Essential3D
291	L	291	11.67	11.413	56.8	2.4	0.583657587548638	0.9141378415521504	-1.1368894728017733	0	1	No-PER3D	No-Essential3D
292	R	292	8.187	10.538	55.442	0.07	0.68503937007874	1.365738518489731	-1.2711328286945682	0	0.9999999999999999	No-PER3D	No-Essential3D
293	Y	293	6.381	13.095	53.233	0.46	0.729934640522876	0.6630866480192996	-1.2557428571509937	0	0.9999999999999999	No-PER3D	No-Essential3D
294	N	294	9.342	15.296	52.308	1.24	0.680392156862745	0.3829954709422269	-1.0935931366211884	0	0.9999999999999999	No-PER3D	No-Essential3D
295	R	295	11.12	16.487	49.117	-0.32	0.673151750972763	0.5919574410928576	-1.23252059484563	0	1	No-PER3D	No-Essential3D
296	L	296	14.293	14.346	49.277	0.85	0.673151750972763	0.9261138879023431	-1.241182163828727	0	0.9999999999999999	No-PER3D	No-Essential3D
297	S	297	15.769	13.454	45.918	-0.32	0.712483912483912	1.0853641129611742	-0.9758913236680704	0	0.9999999999999999	No-PER3D	No-Essential3D
298	A	298	18.757	11.839	47.543	0.07	0.707024265644955	0.9998561575547108	-1.1190222260748153	0	0.9999999999999999	No-PER3D	No-Essential3D
299	I	299	20.059	10.738	50.894	1.63	0.76043956043956	1.1831689892984891	-1.2189626747597364	0	1	No-PER3D	No-Essential3D
300	P	300	23.459	11.936	51.906	0.85	0.76043956043956	0.7875587932112283	-1.3656652524089958	0	1.0000000000000002	No-PER3D	No-Essential3D
301	R	301	26.534	9.712	52.216	0.46	0.763375620518478	0.9169479689634555	-1.639496556352166	0	0.9999999999999999	No-PER3D	No-Essential3D
302	S	302	26.615	10.346	55.922	0.46	0.71042471042471	0.694419825836017	-1.6269140204539196	0	1	No-PER3D	No-Essential3D
303	L	303	23.414	8.294	56.324	2.4	0.715953307392996	1.601974676875225	-1.5101509330108032	0	1	No-PER3D	No-Essential3D
304	A	304	25.875	5.383	56.429	0.85	0.708365508365508	1.689837593876549	-1.3823922701500053	0	1	No-PER3D	No-Essential3D
305	K	305	27.346	6.694	59.691	0.46	0.753147235905857	1.217075234465489	-1.476646737679655	0	1	No-PER3D	No-Essential3D
306	C	306	24.19	5.93	61.696	2.4	0.796911196911197	1.1325864398780454	-1.3150937315246933	0	1	No-PER3D	No-Essential3D
307	S	307	25.382	2.59	63.074	0.46	0.853833425261997	1.4355202058845546	-1.4309182481492368	0	1	No-PER3D	No-Essential3D
308	A	308	22.505	2.285	65.598	0.46	0.86218487394958	1.5378352475377757	-1.270584366669913	0	1	No-PER3D	No-Essential3D
309	L	309	19.672	2.983	63.099	3.57	0.88715953307393	1.8463146521107212	-1.294137702205854	0	1	No-PER3D	No-Essential3D
310	E	310	16.921	0.353	63.345	0.07	0.88715953307393	1.3861929541315063	-1.2750603938784655	0	1	No-PER3D	No-Essential3D
311	E	311	14.116	2.157	61.512	0.07	0.818916492068243	1.8583123618773807	-1.1294247300446811	0	1	No-PER3D	No-Essential3D
312	L	312	14.337	4.413	58.492	3.57	0.75234418091561	2.1997388718424156	-1.1465931307513404	0	1	No-PER3D	No-Essential3D
313	N	313	11.137	5.887	57.054	-0.32	0.757475083056478	2.0991609276705736	-1.1843662199946916	0	1.0000000000000002	No-PER3D	No-Essential3D
314	L	314	11.573	7.366	53.55	2.02	0.771794871794872	1.5355172323405308	-1.0755186189107002	0	1.0000000000000002	No-PER3D	No-Essential3D
315	E	315	7.991	6.934	52.332	0.07	0.771794871794872	1.9537352138177184	-1.0419080885804848	0	0.9999999999999999	No-PER3D	No-Essential3D
316	N	316	6.585	9.63	50.036	0.46	0.771794871794872	1.0369416096026232	-1.1091895508913252	0	0.9999999999999999	No-PER3D	No-Essential3D
317	N	317	9.766	11.35	48.828	2.79	0.718913270637409	0.9611304643698355	-1.2151206627384685	0	1	No-PER3D	No-Essential3D
318	N	318	11.346	11.788	45.396	-0.71	0.71616932685635	1.2182245105670084	-0.9660791614412602	0	1	No-PER3D	No-Essential3D
319	I	319	14.078	9.175	45.465	2.02	0.71616932685635	1.4110966152963667	-0.7868112295684052	0	1	No-PER3D	No-Essential3D
320	S	320	15.146	7.682	42.145	0.07	0.584078331204768	1.7539803570374473	-0.5768242826207606	0	1.0000000000000002	No-PER3D	No-Essential3D
321	T	321	17.851	5.46	43.585	0.07	0.579636670891424	1.5140717539925115	-0.5359362459675844	0	1	No-PER3D	No-Essential3D
322	L	322	18.864	4.239	47.008	2.79	0.577441077441077	1.475456076981457	-0.7548872110812573	0	1	No-PER3D	No-Essential3D
323	P	323	22.332	5.174	48.158	0.46	0.482742537313433	0.9440779574276322	-0.6284959267472319	0	1	No-PER3D	No-Essential3D
324	E	324	24.977	2.464	48.33	0.07	0.366137566137566	0.9266587299060265	-0.7669050625696434	0	1	No-PER3D	No-Essential3D
325	S	325	25.765	3.684	51.827	-0.71	0.425925925925926	0.8975411159014897	-0.91026154886307	0	1	No-PER3D	No-Essential3D
326	L	326	22.394	2.453	53.05	-0.71	0.365374402549124	1.6802511845486299	-0.7376050850034839	0	1	No-PER3D	No-Essential3D
327	L	327	23.751	-0.905	52.258	1.24	0.367803837953092	1.0928910113691763	-1.168597409012883	0	1	No-PER3D	No-Essential3D
328	S	328	27.158	0.3	53.181	0.07	0.370569280343716	0.9702460902006909	-1.0319827287752268	0	1.0000000000000002	No-PER3D	No-Essential3D
329	S	329	26.627	-0.122	56.745	0.46	0.370569280343716	1.1357418488194955	-0.9289959417878836	0	1	No-PER3D	No-Essential3D
330	L	330	23.228	0.245	58.18	1.24	0.370569280343716	1.4499407874376637	-1.2120539146156306	0	1	No-PER3D	No-Essential3D
331	V	331	23.714	-3.252	59.544	-0.32	0.373045822102426	1.2658752658530852	-1.1308729350882691	0	1	No-PER3D	No-Essential3D
332	K	332	21.329	-2.678	62.438	0.07	0.375541125541126	1.4824696080625246	-1.3085220446501014	0	1	No-PER3D	No-Essential3D
333	L	333	18.424	-1.617	60.223	2.79	0.43609022556390997	1.6530742944524561	-1.2786636792605446	0	1	No-PER3D	No-Essential3D
334	N	334	15.321	-3.732	60.906	1.24	0.21804511278195499	1.061777518871582	-1.5049709565387037	0	1	No-PER3D	No-Essential3D
335	S	335	12.719	-1.729	59.014	0.07	0.374531835205993	1.366540064898996	-1.500725157069121	0	1.0000000000000002	No-PER3D	No-Essential3D
336	L	336	13.072	0.184	55.771	2.79	0.377013963480129	1.6860524220220199	-1.3633273521909626	0	0.9999999999999999	No-PER3D	No-Essential3D
337	T	337	10.151	2.143	54.357	0.07	0.220754716981132	1.8146243602206995	-1.1970982197868882	0	1	No-PER3D	No-Essential3D
338	L	338	10.771	3.236	50.729	2.79	0.221166032953105	1.567869662990818	-0.8640363967555741	0	1	No-PER3D	No-Essential3D
339	A	339	7.107	3.441	49.659	0.07	0.222860791826309	1.5908759863986104	-1.0909477034731674	0	1	No-PER3D	No-Essential3D
340	R	340	5.888	6.051	47.16	0.46	0.223717948717949	1.1071519314409035	-0.9364604874039462	0	1	No-PER3D	No-Essential3D
341	N	341	9.231	7.041	45.666	2.02	0.222010178117048	1.2786057088237626	-0.7238778467428767	0	1	No-PER3D	No-Essential3D
342	C	342	10.585	6.801	42.076	0.46	0.438993710691824	1.38654925651263	-0.7063403892822067	0	1.0000000000000002	No-PER3D	No-Essential3D
343	F	343	12.811	3.726	42.571	0.85	0.873907615480649	1.1965650763460645	-0.7306121849533002	0	1.0000000000000002	No-PER3D	No-Essential3D
344	Q	344	13.451	1.871	39.328	1.24	0.867410161090458	1.1901998548607258	-0.7375886542906129	0	0.9999999999999999	No-PER3D	No-Essential3D
345	L	345	16.008	-0.409	40.903	0.46	0.866666666666667	1.0251461255117367	-0.8476111606148728	0	0.9999999999999999	No-PER3D	No-Essential3D
346	Y	346	17.432	-1.617	44.162	1.63	0.87719298245614	1.1065518432200636	-0.7531666520410685	0	0.9999999999999999	No-PER3D	No-Essential3D
347	P	347	21.07	-1.109	44.727	0.07	0.873907615480649	0.42766583117458434	-0.8219939214804918	0	1	No-PER3D	No-Essential3D
348	V	348	23.51	-3.258	42.91	-0.71	0.744973544973545	0.06202328382042895	-0.920764743054167	0	1	No-PER3D	No-Essential3D
349	G	349	23.58	-5.787	45.663	0.07	0.646520146520147	-0.04187852957059006	-1.2214399948552357	0	1	No-PER3D	No-Essential3D
350	G	350	24.257	-3.251	48.312	0.07	0.648897058823529	0.1886651777020993	-1.3157457763604423	0	0.9999999999999999	No-PER3D	No-Essential3D
351	P	351	21.011	-4.11	50.026	1.24	0.648897058823529	0.5785057924714293	-1.4158890927978092	0	1	No-PER3D	No-Essential3D
352	S	352	22.552	-7.538	50.477	0.07	0.585600530856005	-0.10595544351398242	-1.56496012393698	0	1	No-PER3D	No-Essential3D
353	Q	353	24.346	-6.204	53.504	-0.32	0.5899064171123	0.1516314573973628	-1.8143149983729978	0	1	No-PER3D	No-Essential3D
354	F	354	21.14	-5.625	55.46	2.02	0.585600530856005	0.7229008468965411	-1.6043608381754455	0	1.0000000000000002	No-PER3D	No-Essential3D
355	S	355	21.139	-8.994	57.187	0.07	0.585600530856005	0.6152538095129881	-1.8617134541639435	0	0.9999999999999999	No-PER3D	No-Essential3D
356	T	356	19.012	-7.768	60.092	0.46	0.5899064171123	1.1446677915920391	-1.5437670698810921	0	0.9999999999999999	No-PER3D	No-Essential3D
357	I	357	16.244	-6.318	57.955	2.79	0.648897058823529	0.9839443446252794	-1.7038466248561694	0	1	No-PER3D	No-Essential3D
358	Y	358	12.841	-7.714	58.959	-0.32	0.648897058823529	0.7417582137714243	-1.7368983227766255	0	1	No-PER3D	No-Essential3D
359	S	359	10.558	-5.416	57.005	0.46	0.645985401459854	1.1592890080397678	-1.5477922854732664	0	1	No-PER3D	No-Essential3D
360	L	360	10.932	-3.803	53.618	3.57	0.645985401459854	1.2877626941184601	-1.4595402245703792	0	1.0000000000000002	No-PER3D	No-Essential3D
361	N	361	8.215	-1.56	52.157	0.07	0.646520146520147	1.2431286785631361	-1.412885448433179	0	1	No-PER3D	No-Essential3D
362	M	362	8.672	-0.882	48.406	2.4	0.646520146520147	1.2849873779098384	-1.1078640987203552	0	0.9999999999999999	No-PER3D	No-Essential3D
363	E	363	5.04	-0.157	47.478	0.07	0.646520146520147	1.5233131125934476	-1.1900533697307691	0	0.9999999999999999	No-PER3D	No-Essential3D
364	H	364	4.244	2.527	44.894	0.07	0.653703703703704	1.2001656056711045	-1.0688830885615341	0	1.0000000000000002	No-PER3D	No-Essential3D
365	N	365	7.558	2.623	43.036	2.4	0.725707257072571	1.0678461529758834	-0.9677253158307634	0	1	No-PER3D	No-Essential3D
366	R	366	8.88	2.006	39.479	0.07	0.647810218978102	1.0251461255117367	-0.9933880916998458	0	1	No-PER3D	No-Essential3D
367	I	367	10.373	-1.487	39.955	3.18	0.647272727272727	1.0579446973320232	-1.0571183953486867	0	1.0000000000000002	No-PER3D	No-Essential3D
368	N	368	10.363	-3.694	36.874	0.07	0.642599277978339	1.1525586068177973	-0.8614948376226621	0	0.9999999999999999	No-PER3D	No-Essential3D
369	K	369	12.437	-6.428	38.472	0.07	0.637992831541219	1.12659478979612	-0.9218761125244188	0	1	No-PER3D	No-Essential3D
370	I	370	13.908	-7.479	41.801	0.07	0.633928571428572	0.6171884718139083	-1.0976062049140953	0	1	No-PER3D	No-Essential3D
371	P	371	17.612	-8.06	42.206	-0.71	0.632616487455197	0.39171818186657986	-1.1304524613708697	0	1	No-PER3D	No-Essential3D
372	F	372	18.325	-11.722	42.16	-0.71	0.702907208283552	0.2246991223794893	-1.3073385829064537	0	1	No-PER3D	No-Essential3D
373	G	373	21.147	-12.695	44.38	-0.71	0.563176895306859	-0.06923701316500967	-1.3603266906221925	0	1	No-PER3D	No-Essential3D
374	I	374	20.682	-9.598	46.313	-0.32	0.364389233954451	0.16203367631516521	-1.2421855760256388	0	1	No-PER3D	No-Essential3D
375	F	375	17.102	-9.717	47.557	-0.71	0.367049009384776	0.6394074911969642	-1.3611953547951945	0	1	No-PER3D	No-Essential3D
376	S	376	17.456	-13.365	48.319	-0.71	0.366006256517205	0.4524556825044576	-1.5751770543384802	0	0.9999999999999999	No-PER3D	No-Essential3D
377	R	377	20.254	-12.319	50.659	-0.71	0.317934782608696	0.1441817907700776	-1.5792759812366381	0	1.0000000000000002	No-PER3D	No-Essential3D
378	A	378	17.871	-10.852	53.222	-0.32	0.316787003610108	0.5207272577831014	-1.7654021703912148	0	1	No-PER3D	No-Essential3D
379	K	379	17.513	-13.959	55.377	-0.71	0.318840579710145	0.3747442579056769	-1.7674457290156358	0	1	No-PER3D	No-Essential3D
380	V	380	15.737	-12.17	58.229	-0.71	0.318840579710145	0.6136993874441671	-1.7855032755494082	0	1.0000000000000002	No-PER3D	No-Essential3D
381	L	381	13.019	-10.597	56.083	0.07	0.315884476534296	0.9839443446252794	-1.5273848120117874	0	1	No-PER3D	No-Essential3D
382	S	382	9.513	-11.364	57.414	-0.71	0.212121212121212	0.8497140847005412	-1.125289271307951	0	1	No-PER3D	No-Essential3D
383	K	383	7.521	-8.818	55.426	-0.71	0.255474452554745	1.1677094056125294	-1.2615634741922275	0	1	No-PER3D	No-Essential3D
384	L	384	8.004	-7.68	51.863	-0.32	0.423913043478261	0.9152621826692188	-1.4823891817371215	0	1	No-PER3D	No-Essential3D
385	N	385	5.595	-5.163	50.365	-0.71	0.427007299270073	1.1740117607128275	-1.2607117942305517	0	1	No-PER3D	No-Essential3D
386	M	386	5.961	-4.799	46.555	-0.32	0.427350427350427	1.158939544899396	-0.9970325126767348	0	1	No-PER3D	No-Essential3D
387	K	387	2.401	-3.588	45.776	-0.32	0.424242424242424	1.3431066198751938	-0.8172509613662335	0	1	No-PER3D	No-Essential3D
388	D	388	1.874	-1.042	42.96	-0.71	0.47554347826087	1.0129380807690227	-0.8585795174735515	0	1	No-PER3D	No-Essential3D
389	N	389	5.032	-1.678	40.929	0.07	0.478021978021978	0.9917463938845015	-0.9237990203107013	0	1.0000000000000002	No-PER3D	No-Essential3D
390	Q	390	5.858	-2.855	37.348	-0.71	0.427696078431373	1.12044763608389	-0.6564606600828388	0	1	No-PER3D	No-Essential3D
391	L	391	7.104	-6.403	38.102	0.07	0.386346863468635	1.1525586068177973	-0.6371869308133862	0	1	No-PER3D	No-Essential3D
392	T	392	6.606	-8.818	35.223	-0.32	0.383516483516484	1.4387699144035653	-0.7579351152037395	0	1.0000000000000002	No-PER3D	No-Essential3D
393	S	393	8.434	-11.738	36.791	0.07	0.383823529411765	1.4943421868206717	-0.9508845516412213	0	0.9999999999999999	No-PER3D	No-Essential3D
394	L	394	9.554	-12.945	40.168	2.4	0.383516483516484	1.245772310454945	-1.0290001648420142	0	1	No-PER3D	No-Essential3D
395	P	395	13.085	-14.151	40.612	1.24	0.384926470588235	0.6391497956546814	-1.3058845071299827	0	1	No-PER3D	No-Essential3D
396	L	396	13.763	-17.628	41.944	-0.32	0.385239852398524	0.6397986089874701	-0.9971034366842025	0	1	No-PER3D	No-Essential3D
397	D	397	15.702	-15.818	44.663	0.85	0.383823529411765	0.533508977712399	-1.2447675859045175	0	1	No-PER3D	No-Essential3D
398	F	398	12.514	-14.931	46.492	2.4	0.466577540106952	0.5603330803585417	-1.2689068233178895	0	0.9999999999999999	No-PER3D	No-Essential3D
399	G	399	12.471	-18.622	47.426	0.07	0.463536463536464	0.9571828251915646	-0.8660937648071496	0	0.9999999999999999	No-PER3D	No-Essential3D
400	T	400	15.536	-18.095	49.616	0.07	0.463171864631719	0.40103432978765025	-1.2535830386494367	0	0.9999999999999999	No-PER3D	No-Essential3D
401	W	401	13.518	-16.036	52.097	1.63	0.530717761557178	0.452082654691503	-1.2588888597877437	0	1	No-PER3D	No-Essential3D
402	T	402	12.816	-18.913	54.47	1.24	0.531818181818182	0.5874548394961885	-0.9684405827564249	0	1.0000000000000002	No-PER3D	No-Essential3D
403	S	403	11.433	-16.721	57.217	-0.71	0.467532467532468	0.6127206228632798	-1.1128625954281874	0	1	No-PER3D	No-Essential3D
404	M	404	9.156	-14.623	55.014	2.79	0.588235294117647	1.0563390558762622	-0.8371264043418052	0	1	No-PER3D	No-Essential3D
405	V	405	5.646	-14.487	56.464	0.07	0.586080586080586	0.6899938295343836	-0.5119508949906757	0	1	No-PER3D	No-Essential3D
406	E	406	4.036	-11.889	54.234	-0.32	0.590405904059041	1.2180182302410947	-0.5181406481294648	0	1	No-PER3D	No-Essential3D
407	L	407	4.429	-11.131	50.56	2.4	0.597014925373134	1.4305521070878109	-0.6166198215801234	0	1	No-PER3D	No-Essential3D
408	N	408	2.381	-8.339	48.962	0.07	0.656716417910448	1.1810438756070405	-0.5545367288210233	0	1.0000000000000002	No-PER3D	No-Essential3D
409	L	409	2.614	-8.26	45.12	2.02	0.601503759398496	1.1890211101412187	-0.6907051971662042	0	1	No-PER3D	No-Essential3D
410	A	410	-0.75	-6.576	44.419	0.46	0.727272727272727	1.1456433044633554	-0.5883092200764113	0	1	No-PER3D	No-Essential3D
411	T	411	-1.07	-4.368	41.338	0.07	0.802272727272727	0.9427277589307421	-0.6165276938897126	0	1	No-PER3D	No-Essential3D
412	N	412	1.897	-5.673	39.341	3.57	0.729338842975207	0.9029161918224424	-0.6883169883090885	0	1	No-PER3D	No-Essential3D
413	Q	413	2.366	-7.223	35.839	-0.32	0.730742539902845	1.0963128379519809	-0.707279745952097	0	1	No-PER3D	No-Essential3D
414	L	414	3.052	-10.826	36.95	2.4	0.723855092276145	1.0034866912907927	-0.6311348001672971	0	1	No-PER3D	No-Essential3D
415	T	415	2.309	-13.496	34.352	-0.32	0.607921928817451	1.7239092695264648	-0.4246500864870891	0	1.0000000000000002	No-PER3D	No-Essential3D
416	K	416	3.927	-16.404	36.157	-0.32	0.702487562189055	1.6226690985370091	-0.5053054297929984	0	1	No-PER3D	No-Essential3D
417	I	417	5.198	-17.486	39.559	2.79	0.707116104868914	1.5066044061944335	-0.46342483250410116	0	1	No-PER3D	No-Essential3D
418	P	418	8.369	-19.47	39.934	1.24	0.707769423558897	1.3801228309745477	-0.4694039880056063	0	0.9999999999999999	No-PER3D	No-Essential3D
419	E	419	8.137	-23.072	41.097	-0.32	0.664150943396226	1.25019796108364	-0.21161478501238873	0	0.9999999999999999	No-PER3D	No-Essential3D
420	D	420	10.605	-22.001	43.785	0.07	0.707769423558897	1.2112338995221534	-0.4259889019219207	0	0.9999999999999999	No-PER3D	No-Essential3D
421	V	421	7.688	-20.299	45.545	2.02	0.796240601503759	1.796476800650529	-0.13777694952130248	0	1	No-PER3D	No-Essential3D
422	S	422	7.024	-23.637	47.197	0.46	0.886392009987516	1.457497554490142	-0.09589825919392901	0	1	No-PER3D	No-Essential3D
423	G	423	10.181	-22.996	49.248	0.46	0.886392009987516	1.056421396463737	-0.10854329968577661	0	1	No-PER3D	No-Essential3D
424	L	424	8.524	-20.309	51.362	0.85	0.893081761006289	0.9947894667387535	-0.36016423932877994	0	1	No-PER3D	No-Essential3D
425	V	425	7.598	-22.591	54.251	0.46	0.932471264367816	0.9640405696128339	-0.02007366095385001	0	1	No-PER3D	No-Essential3D
426	S	426	6.796	-19.782	56.686	0.85	0.925380228136882	0.9747724699235985	-0.2790235266478199	0	1	No-PER3D	No-Essential3D
427	L	427	4.623	-17.794	54.257	1.63	0.956443646160754	1.1148145964147067	-0.24808337806933425	0	1	No-PER3D	No-Essential3D
428	E	428	1.283	-16.941	55.895	0.46	0.902408111533587	1.0879684660585667	-0.17397918609033122	0	1	No-PER3D	No-Essential3D
429	V	429	0.016	-14.338	53.46	0.46	0.876740008980691	1.1473406968594457	-0.23331729201394727	0	1	No-PER3D	No-Essential3D
430	L	430	0.368	-13.992	49.727	2.02	0.828032230703986	1.269523170563981	-0.20233058167756585	0	1	No-PER3D	No-Essential3D
431	I	431	-1.332	-11.163	47.861	-0.32	0.853354760948172	1.2441991062003104	-0.45459183592507235	0	1	No-PER3D	No-Essential3D
432	L	432	-1.2	-11.544	44.065	1.63	0.820236586396282	1.392236699784252	-0.5093613894278152	0	1	No-PER3D	No-Essential3D
433	S	433	-4.281	-9.407	43.393	-0.32	0.824180502341422	1.4551345180171538	-0.4782229310851552	0	1	No-PER3D	No-Essential3D
434	N	434	-4.467	-7.275	40.246	0.07	0.808396946564885	1.0141382572107027	-0.5803973369983281	0	1	No-PER3D	No-Essential3D
435	N	435	-1.903	-9.181	38.169	2.79	0.783020770316596	0.9040477867531692	-0.5658603350791969	0	1	No-PER3D	No-Essential3D
436	L	436	-1.781	-11.033	34.787	0.07	0.777822418642025	1.1458201161712815	-0.4786354045268151	0	1	No-PER3D	No-Essential3D
437	L	437	-1.565	-14.577	36.197	2.4	0.777822418642025	1.4732706205555601	-0.48603258364905877	0	1	No-PER3D	No-Essential3D
438	K	438	-2.781	-17.145	33.708	0.07	0.774864918951371	1.3821256895235907	-0.4067676428123923	0	1	No-PER3D	No-Essential3D
439	K	439	-1.629	-20.183	35.658	-0.32	0.769736842105263	1.2391046635567224	-0.327249058372914	0	1	No-PER3D	No-Essential3D
440	L	440	-0.724	-21.123	39.218	1.24	0.772663598158895	1.2368097025114313	-0.3017551718290861	0	1	No-PER3D	No-Essential3D
441	P	441	2.112	-23.559	39.64	3.57	0.742154368108567	0.8774335444401121	-0.16831883249854993	0	1	No-PER3D	No-Essential3D
442	H	442	1.482	-26.815	41.477	-0.71	0.742154368108567	0.7331769522134122	-0.3149895993274564	0	1.0000000000000002	No-PER3D	No-Essential3D
443	G	443	4.187	-25.719	43.897	0.07	0.783565334530759	0.8061648252452951	-0.12690597223172193	0	1	No-PER3D	No-Essential3D
444	L	444	1.831	-23.187	45.477	-0.32	0.783565334530759	1.2576712026053154	-0.009746910008358478	0	1	No-PER3D	No-Essential3D
445	G	445	0.203	-26.135	47.22	0.07	0.777629233511586	0.70479277936768	-0.022103072064803525	0	1	No-PER3D	No-Essential3D
446	N	446	3.499	-26.602	49.104	-0.32	0.875471698113208	0.933664357526331	0.08657949449956122	0	1	No-PER3D	No-Essential3D
447	L	447	2.968	-23.487	51.227	1.24	0.747583243823845	1.22439619491259	0.12737979249853612	0	1	No-PER3D	No-Essential3D
448	R	448	1.927	-25.324	54.398	0.46	0.747583243823845	0.7745582082146483	0.28059682656365703	0	1.0000000000000002	No-PER3D	No-Essential3D
449	K	449	1.581	-22.203	56.585	0.46	0.785660377358491	1.1135206096556252	0.19964901003031002	0	1	No-PER3D	No-Essential3D
450	L	450	-0.45	-20.167	54.077	3.18	0.84177897574124	1.1481000566155914	0.08874504932245383	0	1	No-PER3D	No-Essential3D
451	R	451	-3.514	-18.629	55.771	-0.32	0.80046269519953706	0.8339242633896886	0.04974110199286679	0	1	No-PER3D	No-Essential3D
452	E	452	-4.512	-16.096	53.138	0.07	0.755930087390762	1.162783639443483	-0.09993828574588147	0	1	No-PER3D	No-Essential3D
453	L	453	-4.246	-16.167	49.378	3.18	0.647940074906367	1.189269266924273	-0.11325759572961326	0	1	No-PER3D	No-Essential3D
454	D	454	-5.456	-13.199	47.343	0.07	0.642592592592593	1.3491010146433686	-0.21832220064254657	0	1	No-PER3D	No-Essential3D
455	L	455	-5.732	-14.043	43.596	1.24	0.643122676579926	1.1550732622194126	-0.34884617535981516	0	1	No-PER3D	No-Essential3D
456	E	456	-8.473	-11.576	42.623	0.46	0.538847117794486	1.2582370000706788	-0.3951446394134823	0	1	No-PER3D	No-Essential3D
457	E	457	-8.286	-9.73	39.323	0.07	0.497397339502603	1.154558900887264	-0.3569570086267397	0	1	No-PER3D	No-Essential3D
458	N	458	-6.122	-12.22	37.421	1.24	0.494093921060213	1.0149440899644022	-0.3290381523753497	0	1	No-PER3D	No-Essential3D
459	K	459	-6.519	-14.37	34.254	0.07	0.538847117794486	0.9057098168076743	-0.42378282177771953	0	1	No-PER3D	No-Essential3D
460	L	460	-6.732	-17.793	35.971	2.02	0.538389513108614	1.0265900877931329	-0.5115698697993551	0	1	No-PER3D	No-Essential3D
461	E	461	-8.734	-20.391	34.054	-0.32	0.582967218654951	1.0132047866449516	-0.6288577492165124	0	1	No-PER3D	No-Essential3D
462	S	462	-8.176	-23.22	36.511	0.07	0.50962962962963	0.9754325669665224	-0.6190408473042474	0	1	No-PER3D	No-Essential3D
463	L	463	-6.678	-24.122	39.863	-0.32	0.511940298507463	0.7856546671258706	-0.5307302004126837	0	1	No-PER3D	No-Essential3D
464	P	464	-4.183	-26.899	40.349	0.07	0.511940298507463	0.4411206827774797	-0.4966438153637118	0	1	No-PER3D	No-Essential3D
465	N	465	-5.35	-29.983	42.252	-0.32	0.479944029850746	0.11611823648805124	-0.4805305013883698	0	1	No-PER3D	No-Essential3D
466	E	466	-2.413	-29.317	44.593	0.07	0.479553903345725	0.2552195433476514	-0.3680094322998745	0	1	No-PER3D	No-Essential3D
467	I	467	-4.461	-26.536	46.169	0.85	0.572617561381606	0.6845183701921569	-0.3546502153168581	0	1	No-PER3D	No-Essential3D
468	A	468	-5.804	-29.291	48.446	0.46	0.513857677902622	0.15001121920109478	-0.3615987370008261	0	1	No-PER3D	No-Essential3D
469	Y	469	-2.449	-29.327	50.259	0.07	0.468899521531101	0.09787022045699655	-0.26187328023914386	0	1	No-PER3D	No-Essential3D
470	L	470	-3.087	-25.875	51.778	1.24	0.538847117794486	0.41140640447888854	-0.11569042317689852	0	1	No-PER3D	No-Essential3D
471	K	471	-4.475	-27.191	55.067	0.07	0.647940074906367	0.2685596818629014	-0.1891618013087733	0	1	No-PER3D	No-Essential3D
472	D	472	-4.004	-23.859	56.894	-0.71	0.644981412639405	0.8467136435963413	0.0332882747247692	0	1	No-PER3D	No-Essential3D
473	L	473	-5.779	-21.76	54.229	1.63	0.649253731343284	0.5222505586513875	-0.017275647329453782	0	1	No-PER3D	No-Essential3D
474	Q	474	-8.568	-19.647	55.805	0.46	0.651119402985075	0.3060941654415802	0.006844207668980686	0	1	No-PER3D	No-Essential3D
475	K	475	-9.215	-17.115	53.052	-0.32	0.601033295063146	0.48648925731495507	-0.02338697078981892	0	1	No-PER3D	No-Essential3D
476	L	476	-9.134	-17.472	49.299	1.24	0.556027615507169	0.6201397937278311	-0.18826095001873852	0	1	No-PER3D	No-Essential3D
477	V	477	-10.015	-14.59	46.99	0.07	0.466417910447761	0.6832950243211009	-0.26097973460451857	0	1	No-PER3D	No-Essential3D
478	L	478	-10.604	-15.662	43.351	2.02	0.521933085501859	0.6227521468899819	-0.468857867983198	0	1	No-PER3D	No-Essential3D
479	T	479	-12.918	-12.864	42.19	0.46	0.620964175143742	0.5557208638406753	-0.42910865519077807	0	1.0000000000000002	No-PER3D	No-Essential3D
480	N	480	-12.648	-11.459	38.668	0.07	0.625083240843507	0.6876902650737398	-0.39509435105185847	0	1	No-PER3D	No-Essential3D
481	N	481	-10.833	-14.364	37.034	0.85	0.63098311817279	0.7071502688066943	-0.510881767822906	0	1	No-PER3D	No-Essential3D
482	Q	482	-11.589	-16.784	34.132	0.07	0.635781468881329	0.762138709971703	-0.537772723832901	0	1	No-PER3D	No-Essential3D
483	L	483	-12.409	-19.846	36.268	1.24	0.631578947368421	0.599177252499839	-0.5001717855516523	0	1	No-PER3D	No-Essential3D
484	T	484	-14.432	-22.38	34.312	0.46	0.663533834586466	0.6420835602898993	-0.44252099552726104	0	1	No-PER3D	No-Essential3D
485	T	485	-14.309	-25.003	37.049	-0.32	0.666037735849057	0.42142254879816016	-0.4475587817629575	0	1	No-PER3D	No-Essential3D
486	L	486	-12.976	-25.764	40.519	2.02	0.635781468881329	0.25592679017935577	-0.6270985983550894	0	1	No-PER3D	No-Essential3D
487	P	487	-11.119	-28.916	41.358	1.63	0.67557251908397	-0.21934308072592865	-0.5982666279475817	0	1	No-PER3D	No-Essential3D
488	R	488	-12.816	-31.503	43.559	-0.71	0.712592261239097	-0.4082628544107792	-0.5020788405803056	0	1.0000000000000002	No-PER3D	No-Essential3D
489	G	489	-9.783	-31.078	45.778	-0.71	0.673003802281369	-0.2681431121135248	-0.5345801817875714	0	1	No-PER3D	No-Essential3D
490	I	490	-11.101	-27.749	47.019	-0.71	0.716618206217849	-0.041965575334492154	-0.49642216054032984	0	1	No-PER3D	No-Essential3D
491	G	491	-13.167	-29.776	49.492	-0.71	0.711898395721925	-0.24724718299498888	-0.216420726330998	0	1	No-PER3D	No-Essential3D
492	H	492	-9.923	-30.683	51.304	-0.71	0.672348484848485	-0.42919006001676996	-0.28507065997383096	0	1	No-PER3D	No-Essential3D
493	L	493	-9.456	-27.077	52.503	-0.71	0.674904942965779	-0.08901851589998634	-0.23160033736263289	0	1	No-PER3D	No-Essential3D
494	T	494	-10.898	-27.807	55.96	0.07	0.676136363636364	-0.5030709993482644	-0.1321616839326606	0	1	No-PER3D	No-Essential3D
495	N	495	-9.841	-24.485	57.508	0.46	0.680608365019011	-0.024386833393373025	-0.060239003241111526	0	1	No-PER3D	No-Essential3D
496	L	496	-11.339	-22.332	54.74	0.85	0.687739463601533	-0.04309717026521899	-0.06575860676314225	0	1	No-PER3D	No-Essential3D
497	T	497	-13.663	-19.687	56.205	0.07	0.684410646387833	-0.43363887073232915	0.12700766545696668	0	1	No-PER3D	No-Essential3D
498	H	498	-14.046	-17.362	53.228	-0.32	0.639289678135405	-0.03721630570098693	0.09269930859812889	0	1	No-PER3D	No-Essential3D
499	L	499	-14.139	-18.04	49.507	0.46	0.683712121212121	0.07248929614573722	-0.05630256877487827	0	1	No-PER3D	No-Essential3D
500	G	500	-14.793	-15.337	46.943	-0.71	0.679245283018868	0.05216525561360336	-0.19076825210741877	0	1.0000000000000002	No-PER3D	No-Essential3D
501	L	501	-15.563	-16.598	43.418	1.24	0.63459595959596	0.13918172014593563	-0.2443246330155823	0	1	No-PER3D	No-Essential3D
502	G	502	-17.459	-13.573	42.067	0.85	0.589490968801314	-0.08479977168288856	-0.2724672263853171	0	1	No-PER3D	No-Essential3D
503	E	503	-17.205	-12.695	38.371	-0.32	0.642564102564103	0.028775748937859533	-0.38975501184263217	0	1	No-PER3D	No-Essential3D
504	N	504	-16.027	-16.029	36.98	0.46	0.642564102564103	0.30135699842765507	-0.46076045644146535	0	1	No-PER3D	No-Essential3D
505	L	505	-17.189	-18.628	34.366	0.07	0.637659033078881	0.46187706757164565	-0.27973029209862743	0	1	No-PER3D	No-Essential3D
506	L	506	-18.423	-21.205	36.924	0.85	0.678030303030303	0.25592679017935577	-0.07387133001678087	0	0.9999999999999999	No-PER3D	No-Essential3D
507	T	507	-21.483	-23.136	35.816	0.07	0.724696356275304	0.06284840512408398	0.2698218569854885	0	0.9999999999999999	No-PER3D	No-Essential3D
508	H	508	-21.37	-25.579	38.717	-0.32	0.785087719298246	-0.0554899599097923	0.27211207121545034	0	1	No-PER3D	No-Essential3D
509	L	509	-19.438	-26.561	41.856	1.63	0.803731343283582	-0.45202728835664074	0.251213074930004	0	1	No-PER3D	No-Essential3D
510	P	510	-18.118	-29.936	42.862	-0.71	0.672284644194757	-0.4700479376284662	0.13140245145575935	0	1	No-PER3D	No-Essential3D
511	E	511	-20.098	-32.02	45.346	-0.71	0.57409381663113	-0.7010704227032958	0.2651196384427709	0	1	No-PER3D	No-Essential3D
512	E	512	-16.933	-32.079	47.465	-0.71	0.664814814814815	-0.633912723553636	0.03840799356627322	0	0.9999999999999999	No-PER3D	No-Essential3D
513	I	513	-17.704	-28.476	48.448	-0.71	0.669776119402985	-0.7387194358629534	0.2691931011349388	0	1	No-PER3D	No-Essential3D
514	G	514	-20.008	-29.978	51.089	-0.32	0.76545842217484	-1.188585572086011	0.4206437714948594	0	1.0000000000000002	No-PER3D	No-Essential3D
515	T	515	-16.842	-30.972	52.945	-0.71	0.738683127572017	-1.1599813668926373	0.23781593451359195	0	1	No-PER3D	No-Essential3D
516	L	516	-16.094	-27.321	53.729	0.85	0.7393638992152	-0.8571133119039758	0.13357452501673814	0	1	No-PER3D	No-Essential3D
517	E	517	-17.733	-27.394	57.172	-0.71	0.935074626865672	-0.999082712679911	0.3893388522467926	0	1	No-PER3D	No-Essential3D
518	N	518	-15.941	-24.249	58.349	-0.71	0.935074626865672	-0.7023140837986599	0.27729651935453226	0	1	No-PER3D	No-Essential3D
519	L	519	-16.94	-22.157	55.336	-0.71	0.897243107769423	-0.7387194358629534	0.2617742412820436	0	1	No-PER3D	No-Essential3D
520	E	520	-18.758	-19.078	56.627	-0.71	0.888059701492537	-0.7738245967820938	0.4529080273888936	0	1	No-PER3D	No-Essential3D
521	E	521	-19.015	-17.013	53.476	-0.71	0.841414141414141	-0.7427545118306706	0.31498370844209045	0	1.0000000000000002	No-PER3D	No-Essential3D
522	L	522	-19.135	-17.822	49.792	-0.71	0.76629766297663	-0.473480442251671	0.23095350109797444	0	1	No-PER3D	No-Essential3D
523	Y	523	-19.406	-15.186	47.055	-0.71	0.835227272727273	-0.4391553960196226	0.034944416799488426	0	1	No-PER3D	No-Essential3D
524	L	524	-20.871	-16.604	43.821	-0.71	0.842176410949645	-0.30845618152066945	0.12185867374602544	0	1	No-PER3D	No-Essential3D
525	N	525	-22.141	-13.376	42.18	-0.71	0.774875621890547	-0.31043647264944146	0.055220986976973904	0	1	No-PER3D	No-Essential3D
526	D	526	-21.799	-12.899	38.423	0.46	0.763480392156863	-0.29572573854999223	-0.04375564778496421	0	1	No-PER3D	No-Essential3D
527	N	527	-21.304	-16.538	37.516	0.07	0.799550814149354	-0.1756601881794871	0.09408898664892788	0	1	No-PER3D	No-Essential3D
528	P	528	-23.222	-18.538	34.939	-0.71	0.796643356643357	-0.04748210062178562	0.18929365096978418	0	1	No-PER3D	No-Essential3D
529	N	529	-24.993	-20.711	37.5	0.07	0.797304884896126	-0.258948903301369	0.37862167941341407	0	1	No-PER3D	No-Essential3D
530	L	530	-28.534	-21.676	36.557	0.07	0.826863354037267	-0.34086094544602974	0.6424866148531228	0	1	No-PER3D	No-Essential3D
531	H	531	-31.223	-21.272	39.196	0.85	0.88475423493474	-0.688011981201973	0.7106050101631995	0	1	No-PER3D	No-Essential3D
532	S	532	-31.35	-24.984	39.847	0.07	0.890468227424749	-0.6611955388331853	0.8836839953591702	0	1	No-PER3D	No-Essential3D
533	L	533	-27.64	-25.099	40.556	0.07	0.924675324675325	-0.5667550244039762	0.6745655629844641	0	1	No-PER3D	No-Essential3D
534	P	534	-27.748	-22.578	43.328	0.46	0.892976588628762	-0.79956838145613	0.7096969264336965	0	1	No-PER3D	No-Essential3D
535	F	535	-30.542	-24.454	44.941	-0.32	0.886552296624239	-0.718659343909159	0.8504033337127042	0	1	No-PER3D	No-Essential3D
536	E	536	-28.226	-27.45	44.872	-0.32	0.886552296624239	-0.7270177155565734	0.7331151097479263	0	1	No-PER3D	No-Essential3D
537	L	537	-25.281	-25.488	46.209	-0.32	0.883374689826303	-0.902543520152275	0.6240044302639376	0	1	No-PER3D	No-Essential3D
538	A	538	-27.393	-24.189	49.075	-0.71	0.825539568345324	-0.9311477253456486	0.7090469965207138	0	1	No-PER3D	No-Essential3D
539	L	539	-28.172	-27.744	50.107	-0.71	0.856799037304453	-0.9883561357323958	0.797732479173594	0	1	No-PER3D	No-Essential3D
540	C	540	-24.499	-28.611	49.995	-0.71	0.797491039426523	-0.9334360617611185	0.6610655734602515	0	0.9999999999999999	No-PER3D	No-Essential3D
541	S	541	-23.637	-25.923	52.518	-0.71	0.802607913669065	-1.108493797544565	0.674591120279308	0	1	No-PER3D	No-Essential3D
542	K	542	-26.554	-25.01	54.799	-0.71	0.836270970482056	-1.1375954671760842	0.8831065844637563	0	1.0000000000000002	No-PER3D	No-Essential3D
543	L	543	-24.384	-23.335	57.431	-0.32	0.804856115107914	-1.1728532592296554	0.8218700573222503	0	1	No-PER3D	No-Essential3D
544	S	544	-22.579	-21.085	55.018	-0.32	0.809352517985612	-1.0741687513125164	0.6308217898720827	0	1.0000000000000002	No-PER3D	No-Essential3D
545	I	545	-23.907	-17.777	53.903	0.07	0.779136690647482	-1.3041465610672403	0.6809981326206315	0	0.9999999999999999	No-PER3D	No-Essential3D
546	M	546	-23.962	-17.841	50.192	-0.32	0.84083850931677	-1.0570062281964925	0.5429472374458083	0	1.0000000000000002	No-PER3D	No-Essential3D
547	S	547	-24.109	-14.959	47.842	-0.71	0.84083850931677	-0.79956838145613	0.3762082859847618	0	1	No-PER3D	No-Essential3D
548	I	548	-25.727	-16.966	45.111	-0.71	0.706853146853147	-0.5476967584290728	0.509464189012462	0	1	No-PER3D	No-Essential3D
549	E	549	-24.003	-16.068	42	-0.71	0.704292084726867	-0.39502319372127487	0.3680734765006506	0	1	No-PER3D	No-Essential3D
550	N	550	-25.534	-13.796	44.368	-0.71	0.654545454545455	-0.7094651350970032	0.4324352068959171	0	1	No-PER3D	No-Essential3D
551	C	551	-26.84	-11.056	42.617	-0.71	0.647482014388489	-0.6083288381632893	0.3621952868820251	0	1	No-PER3D	No-Essential3D
552	P	552	-25.412	-7.699	43.338	-0.71	0.650909090909091	-0.757734731360821	0.16889073069147387	0	0.9999999999999999	No-PER3D	No-Essential3D
553	L	553	-27.794	-5.156	44.754	0.85	0.760036496350365	-0.7738245967820938	0.2246092878218536	0	1	No-PER3D	No-Essential3D
554	S	554	-27.166	-1.599	43.652	0.85	0.751805054151625	-0.13022997993118782	0.3644219173814977	0	1	No-PER3D	No-Essential3D
555	H	555	-26.33	0.741	40.794	-0.32	0.788046485888213	-0.2160425955113086	0.4613054382235082	0	1	No-PER3D	No-Essential3D
556	L	556	-28.27	3.774	39.682	0.07	0.859903381642512	0.6420835602898993	0.7371439047622741	0	1	No-PER3D	No-Essential3D
557	P	557	-27.917	4.996	36.169	0.46	0.865454545454545	0.5317530545440298	0.7909087300326609	0	1	No-PER3D	No-Essential3D
558	P	558	-29.648	8.309	36.515	-0.32	0.818511198945982	0.200761537306421	0.8086727702209517	0	1	No-PER3D	No-Essential3D
559	Q	559	-27.811	11.554	37.104	0.07	0.818511198945982	-0.03369078740355192	0.699611752172933	0	1	No-PER3D	No-Essential3D
560	I	560	-29.389	14.888	36.449	2.02	0.818511198945982	-0.13022997993118782	0.6221747393773037	0	1	No-PER3D	No-Essential3D
561	V	561	-28.239	18.404	37.04	-0.32	0.768345323741007	-0.4612214971687966	0.3149429495817502	0	1	No-PER3D	No-Essential3D
562	A	562	-30.072	21.198	35.364	-0.71	0.703557312252964	-0.5715520029146661	0.186796391064676	0	1	No-PER3D	No-Essential3D
563	G	563	-32.113	24.291	35.863	-0.71	0.705643798580602	-0.6818825086605357	0.11073014873263314	0	1	No-PER3D	No-Essential3D
564	G	564	-31.293	27.127	38.162	-0.71	0.644486692015209	-1.2335350373898837	0.04120138079623524	0	1	No-PER3D	No-Essential3D
565	P	565	-33.386	28.935	40.609	-0.71	0.699192699192699	-1.2335350373898837	0.02911566680614301	0	1	No-PER3D	No-Essential3D
566	S	566	-34.502	32.383	39.648	-0.32	0.747685185185185	-1.2335350373898837	0.16078542773597945	0	1	No-PER3D	No-Essential3D
567	F	567	-35.103	34.893	42.343	0.07	0.753772290809328	-1.2335350373898837	0.2426841088504298	0	1	No-PER3D	No-Essential3D
568	I	568	-37.497	37.717	41.783	-0.32	0.75709219858156	-1.2335350373898837	0.48836166122508845	0	1	No-PER3D	No-Essential3D
569	I	569	-39.009	40.052	44.291	-0.71	0.82615629984051	-1.2887002902628186	0.6947043146833545	0	1	No-PER3D	No-Essential3D
570	Q	570	-42.555	41.111	43.783	-0.71	0.781900452488688	-1.3852394827904544	0.7580353266267575	0	1	No-PER3D	No-Essential3D
571	F	571	-44.602	43.609	45.693	-0.71	0.873239436619718	-1.5645265546274925	0.8215123181997571	0	1	No-PER3D	No-Essential3D
572	L	572	-47.774	42.539	47.383	-0.71	0.877022653721683	-1.6748570603733621	0.8889590181871719	0	1	No-PER3D	No-Essential3D
573	K	573	-50.472	42.002	44.836	-0.71	0.81875	-1.6748570603733621	0.8182810840363579	0	1	No-PER3D	No-Essential3D
574	M	574	-53.864	43.372	45.631	-0.71	0.815077319587629	-1.6748570603733621	0.8133321004976958	0	1	No-PER3D	No-Essential3D
575	Q	575	-56.517	40.932	44.626	-0.71	0.81989247311828	-1.6748570603733621	0.7743467768642274	0	1	No-PER3D	No-Essential3D
576	G	576	-59.775	39.669	45.948	-0.71	0.825140449438202	-1.6748570603733621	0.7691190480045133	0	1	No-PER3D	No-Essential3D
577	P	577	-60.249	36.041	45.283	-0.71	0.750830564784053	-1.6748570603733621	0.7691190480045133	0	1	No-PER3D	No-Essential3D
578	Y	578	-63.952	36.567	45.195	-0.71	0.746987951807229	-1.6748570603733621	0.762696196217595	0	1	No-PER3D	No-Essential3D
579	R	579	-65.577	39.93	44.971	-0.71	0.866666666666667	-1.6748570603733621	0.762696196217595	0	1	No-PER3D	No-Essential3D
580	A	580	-68.604	40.079	47.137	-0.71	0.871459694989107	-1.6748570603733621	0.7530790238574995	0	1	No-PER3D	No-Essential3D
