Uniprot_position	aminoacid	Position_in_structure	x	y	z	paraz	mtr	paraz3dscore	mtr3dscore	PER3D_OR	PER3D_pvalue	PER3D	Essential3D
1	M	1	-12.956	4.284	243.471	-1.33	0.688	-0.15821982525571132	-0.8451056212888727	0	1	No-PER3D	No-Essential3D
2	A	2	-10.036	3.669	241.217	0.33	0.680451127819549	-0.37689051951269	-0.529900878854915	0	1	No-PER3D	No-Essential3D
3	G	3	-10.732	0.904	238.811	0.33	0.688405797101449	-0.6538097393141041	0.1467252821211127	0	1	No-PER3D	No-Essential3D
4	P	4	-9.288	-0.634	235.736	0.12	0.780295566502463	-0.8349667461595611	0.26780169651505475	0	0.9999999999999999	No-PER3D	No-Essential3D
5	E	5	-10.761	0.051	232.339	-0.09	0.788571428571428	-1.0283017500424114	0.10202206010371148	0	1	No-PER3D	No-Essential3D
6	G	6	-10.16	-3.406	231.019	-0.5	0.7963133640553	-1.2030893308045172	0.5211579513403888	0	1	No-PER3D	No-Essential3D
7	F	7	-9.074	-6.954	231.656	0.12	0.798580301685892	-1.0561383529106414	0.8946011245051999	0	0.9999999999999999	No-PER3D	No-Essential3D
8	Q	8	-6.757	-9.305	229.831	-1.33	0.800684345594525	-1.2280192479597947	0.6769951835202203	0	1	No-PER3D	No-Essential3D
9	Y	9	-7.247	-12.97	229.079	-1.33	0.793469387755102	-1.299317989609814	0.76779909204389	0	1	No-PER3D	No-Essential3D
10	R	10	-5.087	-15.611	227.433	-1.33	0.795580110497238	-1.395154609879645	0.18444575229881988	0	0.9999999999999999	No-PER3D	No-Essential3D
11	A	11	-6.598	-18.157	225.063	-1.33	0.80184331797235	-1.3375137440651814	0.0696190387695451	0	0.9999999999999999	No-PER3D	No-Essential3D
12	L	12	-5.889	-21.746	226.14	-1.33	0.803571428571429	-1.4600873924537696	-0.5629106086242055	0	1	No-PER3D	No-Essential3D
13	Y	13	-7.601	-23.558	223.268	-1.33	0.805194805194805	-1.3549746603876351	-0.6675470067113893	0	0.9999999999999999	No-PER3D	No-Essential3D
14	P	14	-8.256	-22.798	219.642	-1.33	0.699029126213592	-1.1917969408179547	-0.8105942700795576	0	0.9999999999999999	No-PER3D	No-Essential3D
15	F	15	-11.615	-21.383	218.636	-0.09	0.703791469194313	-1.0391094123826232	-0.7033027250898702	0	0.9999999999999999	No-PER3D	No-Essential3D
16	R	16	-12.995	-21.473	215.128	0.54	0.705069124423963	-0.748495004306094	-0.717889301599754	0	1	No-PER3D	No-Essential3D
17	R	17	-15.318	-18.656	214.175	-0.5	0.70627802690583	-0.7053740078288501	-0.4721204205618761	0	1	No-PER3D	No-Essential3D
18	E	18	-18.912	-19.873	213.953	-0.29	0.705240174672489	-0.5415142212153237	-0.4010174481275001	0	1	No-PER3D	No-Essential3D
19	R	19	-20.502	-16.541	213.112	0.95	0.801452784503632	-0.3902590335720686	-0.3703271631669326	0	1	No-PER3D	No-Essential3D
20	P	20	-19.537	-13.5	211.22	-0.29	0.802833530106257	-0.49955765401358165	-0.2134727678257705	0	1	No-PER3D	No-Essential3D
21	E	21	-19.39	-11.801	214.63	0.33	0.706477732793522	-0.6391680334395466	0.839719934873392	0	1	No-PER3D	No-Essential3D
22	D	22	-17.094	-14.213	216.346	-0.29	0.707509881422925	-0.7698916191588947	0.7687046746562118	0	1	No-PER3D	No-Essential3D
23	L	23	-13.381	-13.768	216.975	0.54	0.707509881422925	-1.0140855761916436	0.5465244090336164	0	1	No-PER3D	No-Essential3D
24	E	24	-10.874	-16.444	215.993	-1.33	0.707509881422925	-1.0909264469195006	0.2216975058852417	0	0.9999999999999999	No-PER3D	No-Essential3D
25	L	25	-8.59	-17.673	218.763	-1.33	0.702755905511811	-1.273535855352441	0.069476736625391	0	1	No-PER3D	No-Essential3D
26	L	26	-5.34	-19.604	218.835	-1.33	0.47167325428195	-1.2472762741643757	-0.31042086871961694	0	1	No-PER3D	No-Essential3D
27	P	27	-3.633	-20.658	221.989	-1.33	0.47167325428195	-1.3549746603876351	-0.4659544312909115	0	1	No-PER3D	No-Essential3D
28	G	28	-1.5	-17.97	223.565	-1.33	0.607142857142857	-1.462895459777366	-0.1988194220936934	0	1	No-PER3D	No-Essential3D
29	D	29	-3.48	-15.092	222.109	-1.33	0.611269208878771	-1.3316650191642032	0.11114121674845351	0	1	No-PER3D	No-Essential3D
30	V	30	-3.955	-12.244	224.556	-1.33	0.854761904761905	-1.2738541533062357	0.16138995188461627	0	1	No-PER3D	No-Essential3D
31	L	31	-7.429	-10.751	224.494	-1.33	0.854761904761905	-1.3167448025800754	0.3999052501896025	0	0.9999999999999999	No-PER3D	No-Essential3D
32	V	32	-8.505	-7.455	226.008	-1.33	0.9433465085639	-1.3176844587734589	0.5290715349369516	0	1	No-PER3D	No-Essential3D
33	V	33	-12.05	-6.959	227.206	-1.33	0.932291666666667	-1.1943626991063696	0.9305793070394767	0	1	No-PER3D	No-Essential3D
34	S	34	-13.264	-3.572	228.355	-1.33	0.9375	-1.2428598900554741	0.6969017100584761	0	0.9999999999999999	No-PER3D	No-Essential3D
35	R	35	-15.042	-3.073	231.649	-1.33	0.84375	-1.0496902524273157	1.0950343603077892	0	0.9999999999999999	No-PER3D	No-Essential3D
36	A	36	-17.776	-1.192	229.884	-1.33	0.84235294117647	-1.0796924014914513	1.11848272752787	0	0.9999999999999999	No-PER3D	No-Essential3D
37	A	37	-18.486	-4.225	227.741	-1.33	0.832558139534884	-1.125909264382446	1.6011258859555753	0	1	No-PER3D	No-Essential3D
38	L	38	-18.821	-6.562	230.706	-1.33	0.921492921492922	-0.819776453028233	1.8795524584028251	0	1	No-PER3D	No-Essential3D
39	Q	39	-20.989	-4.086	232.55	-1.33	0.99390919158361	-1.0270368257065519	1.6175564535034097	0	1	No-PER3D	No-Essential3D
40	A	40	-23.241	-3.913	229.516	-1.33	0.990071704357419	-1.3019439477286205	1.6555578859390059	0	1	No-PER3D	No-Essential3D
41	L	41	-23.578	-7.687	229.606	-1.33	0.982484948002189	-0.9546013056501228	2.0143252415009183	0	0.9999999999999999	No-PER3D	No-Essential3D
42	G	42	-24.615	-7.436	233.21	-1.33	0.982484948002189	-0.8778914987855931	2.053710570233179	0	0.9999999999999999	No-PER3D	No-Essential3D
43	V	43	-21.637	-9.251	234.625	-1.33	0.990071704357419	-0.7325884828782995	2.2836811530807095	0	1	No-PER3D	No-Essential3D
44	A	44	-21.499	-8.477	238.329	-1.33	0.986263736263736	-0.7991546365311076	1.9406409648424483	0	1	No-PER3D	No-Essential3D
45	E	45	-18.405	-6.898	239.791	0.12	1.16279069767442	-0.7588480640663646	1.5741134189799284	0	0.9999999999999999	No-PER3D	No-Essential3D
46	G	46	-15.513	-9.322	240.017	0.33	1.15064102564103	-0.6194335603042734	1.5882461994359907	0	1	No-PER3D	No-Essential3D
47	G	47	-17.267	-11.727	237.658	-0.29	1.15186615186615	-0.6647228120156377	2.091379132802259	0	1	No-PER3D	No-Essential3D
48	E	48	-14.479	-10.943	235.232	-0.09	1.15186615186615	-0.8745409940088066	1.4569930435156706	0	1	No-PER3D	No-Essential3D
49	R	49	-12.361	-13.331	237.238	-0.5	1.14303959131545	-0.8457434054523256	1.443200124216918	0	1	No-PER3D	No-Essential3D
50	C	50	-14.386	-16.313	236.127	-0.29	1.20019157088123	-0.7296136212332179	1.7829395718925463	0	1	No-PER3D	No-Essential3D
51	P	51	-14.534	-16.193	232.362	0.95	1.17569786535304	-0.9486115168832583	1.5094099527346483	0	1	No-PER3D	No-Essential3D
52	Q	52	-16.128	-19.626	232.272	-1.33	1.36641221374046	-0.7891318408131202	1.8897467193393016	0	1	No-PER3D	No-Essential3D
53	S	53	-19.089	-18.054	233.999	-0.5	1.36641221374046	-0.7703898246517908	1.9800735001577305	0	1	No-PER3D	No-Essential3D
54	V	54	-19.332	-14.97	231.803	0.33	1.3587786259542	-0.9306095973828452	1.8350027383302412	0	1	No-PER3D	No-Essential3D
55	G	55	-19.827	-17.053	228.731	0.95	1.36923076923077	-0.853091936472543	2.0984675061176836	0	1	No-PER3D	No-Essential3D
56	W	56	-19.306	-15.135	225.519	0.95	1.35496183206107	-0.8379981552433206	1.6883053056128254	0	1	No-PER3D	No-Essential3D
57	M	57	-17.522	-11.791	225.609	-1.33	1.34469696969697	-1.031947708422242	1.4050951371273146	0	1	No-PER3D	No-Essential3D
58	P	58	-16.602	-9.156	223.092	-1.33	1.34980988593156	-1.0221259429908618	1.1941572404029652	0	1	No-PER3D	No-Essential3D
59	G	59	-12.945	-8.331	222.894	-1.33	1.35361216730038	-1.2631275122633532	0.6389695221343513	0	1	No-PER3D	No-Essential3D
60	L	60	-9.814	-7.384	221.044	-1.33	1.16793893129771	-1.2430295093597987	0.5088521493068179	0	0.9999999999999999	No-PER3D	No-Essential3D
61	N	61	-7.398	-10.073	219.973	-1.33	1.05979643765903	-1.2273826520522053	0.4242031906016335	0	1	No-PER3D	No-Essential3D
62	E	62	-3.951	-8.553	220.164	-1.33	1.05576679340938	-1.1572992298621296	0.1565641290052138	0	1	No-PER3D	No-Essential3D
63	R	63	-2.287	-10.806	217.635	-1.33	1.0219465648855	-1.0583909230451887	0.02638353106850619	0	1	No-PER3D	No-Essential3D
64	T	64	-4.955	-10.572	214.946	-1.33	1.0219465648855	-1.0195340882242476	0.3354130876585039	0	1	No-PER3D	No-Essential3D
65	R	65	-5.973	-7.085	215.907	-1.33	0.911877394636015	-0.9920713407708384	0.49536911670869593	0	1	No-PER3D	No-Essential3D
66	Q	66	-9.538	-8.167	215.19	-1.33	0.963846153846154	-1.1403648883763233	0.6728942437755823	0	1	No-PER3D	No-Essential3D
67	R	67	-12.523	-7.658	217.488	-1.33	0.963846153846154	-1.2513610979047414	0.9022127203434324	0	1	No-PER3D	No-Essential3D
68	G	68	-15.515	-9.922	218.051	-1.33	0.963846153846154	-1.031947708422242	0.9278147100422022	0	1	No-PER3D	No-Essential3D
69	D	69	-17.14	-12.432	220.396	-1.33	0.924066924066924	-0.8410882978780777	0.922866844515686	0	1	No-PER3D	No-Essential3D
70	F	70	-15.303	-15.399	221.922	-1.33	0.866312741312741	-0.9274217657419437	0.706848908719994	0	1	No-PER3D	No-Essential3D
71	P	71	-16.067	-18.026	224.535	-1.33	0.778210116731518	-0.909271932347944	0.963128018443631	0	1	No-PER3D	No-Essential3D
72	G	72	-14.918	-17.359	228.109	-1.33	0.840466926070039	-0.9815293125411569	1.3514481996668395	0	1	No-PER3D	No-Essential3D
73	T	73	-14.473	-21.063	228.744	-1.33	0.705078125	-0.9307289591155182	1.2823856069208155	0	0.9999999999999999	No-PER3D	No-Essential3D
74	Y	74	-11.607	-20.985	226.222	-1.33	0.81214848143982	-1.007345148934814	0.514192927802579	0	1	No-PER3D	No-Essential3D
75	V	75	-9.372	-18.57	228.114	-1.33	0.81214848143982	-1.1010097617482981	0.7625603773264986	0	1	No-PER3D	No-Essential3D
76	E	76	-7.881	-17.799	231.513	-1.33	0.815358554488989	-1.156018055653125	0.6219068846582417	0	1	No-PER3D	No-Essential3D
77	F	77	-8.04	-14.441	233.287	-1.33	0.82312925170068	-1.0334755386004566	1.0176944896476778	0	1	No-PER3D	No-Essential3D
78	L	78	-4.679	-12.655	233.478	-1.33	0.833046471600688	-1.1584711450556464	0.41254507406376095	0	0.9999999999999999	No-PER3D	No-Essential3D
79	G	79	-5.601	-9.52	235.441	-1.33	0.8712	-0.9258299384353732	0.6440999262376962	0	0.9999999999999999	No-PER3D	No-Essential3D
80	P	80	-6.45	-5.868	234.879	-1.33	0.8712	-0.9258299384353732	0.2854817962885205	0	0.9999999999999999	No-PER3D	No-Essential3D
81	V	81	-4.86	-3.599	232.285	-1.33	0.781846153846154	-1.179348597206819	-0.07516680463029933	0	1	No-PER3D	No-Essential3D
82	A	82	-4.852	-0.121	230.806	-1.33	0.726	-1.0141866826004962	-0.23952280049064487	0	0.9999999999999999	No-PER3D	No-Essential3D
83	L	83	-6.418	0.239	227.401	-1.33	0.639558232931727	-1.1634739585468115	0.22250924687527687	0	1	No-PER3D	No-Essential3D
84	A	84	-4.955	1.822	224.334	-1.33	0.639558232931727	-1.0792149545607592	0.011537415306754808	0	1	No-PER3D	No-Essential3D
85	R	85	-5.669	2.722	221.302	-1.33	0.639558232931727	-1.1283919884220448	-0.021453646228762082	0	1	No-PER3D	No-Essential3D
86	P	86	-6.949	-0.681	220.589	-1.33	0.723107569721116	-1.1629757530539153	0.5637753334143465	0	1	No-PER3D	No-Essential3D
87	G	87	-3.789	-1.961	222.178	-1.33	0.766315789473684	-1.0493333621743404	0.45169339955015525	0	1	No-PER3D	No-Essential3D
88	P	88	-0.38	-2.911	221.042	0.95	0.762322472848789	-0.8682516178992385	0.27534094097528083	0	1	No-PER3D	No-Essential3D
89	R	89	-0.089	-3.836	217.423	0.54	0.796626984126984	-0.7048010715120197	0.6627343709587854	0	1	No-PER3D	No-Essential3D
90	P	90	1.574	-6.879	216.093	0.95	0.768421052631579	-0.6137041971359682	0.6485292250831158	0	1	No-PER3D	No-Essential3D
91	R	91	2.192	-4.843	212.988	0.95	0.817652329749104	-0.499833104165904	1.605097280110034	0	1	No-PER3D	No-Essential3D
92	G	92	3.043	-1.243	212.421	-0.29	0.865749525616698	-0.5601178004441733	1.5212698029720941	0	1	No-PER3D	No-Essential3D
93	P	93	6.74	-1.225	213.05	0.95	0.858823529411765	-0.4315104483838655	1.7010748768630033	0	1	No-PER3D	No-Essential3D
94	R	94	8.418	0.551	210.197	0.95	0.8736	-0.6631199544625999	1.709792336317573	0	1	No-PER3D	No-Essential3D
95	P	95	10.516	3.441	209.217	-1.33	0.931636363636364	-0.9899323785213378	1.4973748742998365	0	0.9999999999999999	No-PER3D	No-Essential3D
96	L	96	9.316	6.98	209.68	-1.33	0.925389351684172	-0.9413196001235973	1.1736681869488794	0	0.9999999999999999	No-PER3D	No-Essential3D
97	P	97	6.883	8.012	207.041	-1.33	0.88515503204573	-0.9899323785213378	1.3244499730807113	0	0.9999999999999999	No-PER3D	No-Essential3D
98	A	98	8.391	7.965	203.588	-1.33	0.908864541832669	-1.2634139804217686	1.2284309833845737	0	1	No-PER3D	No-Essential3D
99	R	99	7.973	5.651	200.688	-1.33	0.905257936507936	-1.3505003005800065	1.2727446830816465	0	1	No-PER3D	No-Essential3D
100	P	100	10.315	3.948	198.4	-1.33	0.835622710622711	-1.5246729408964819	0.873460756650578	0	1	No-PER3D	No-Essential3D
101	R	101	9.662	3.916	194.698	-1.33	0.82766439909297	-1.5246729408964819	0.21211097252688152	0	1	No-PER3D	No-Essential3D
102	D	102	7.951	0.924	193.203	-1.33	0.851560221638962	-1.5246729408964819	0.6762528981305069	0	1	No-PER3D	No-Essential3D
103	G	103	10.177	-2.093	193.14	-1.33	0.829043004239855	-1.5246729408964819	0.5651726451786094	0	0.9999999999999999	No-PER3D	No-Essential3D
104	A	104	13.162	-2.786	195.307	-1.33	0.916078431372549	-1.5246729408964819	0.548098658086979	0	0.9999999999999999	No-PER3D	No-Essential3D
105	P	105	15.952	-0.342	195.123	-1.33	0.894607843137255	-1.5246729408964819	0.40666203617228147	0	0.9999999999999999	No-PER3D	No-Essential3D
106	E	106	17.916	-3.067	193.443	-1.33	0.9125	-1.5246729408964819	0.3083261425815523	0	1	No-PER3D	No-Essential3D
107	P	107	15.954	-5.278	191.194	-1.33	0.9125	-1.457011890146974	0.23216154083579577	0	1	No-PER3D	No-Essential3D
108	G	108	18.799	-7.709	190.799	-1.33	0.935897435897436	-1.3377147743517885	0.2763721568083183	0	1	No-PER3D	No-Essential3D
109	L	109	20.202	-8.366	187.381	-1.33	0.920168067226891	-1.1257009239035984	0.2677378672727438	0	1	No-PER3D	No-Essential3D
110	T	110	18.728	-5.092	186.289	-1.33	0.9140625	-1.2509856695489836	0.28219512464062185	0	1	No-PER3D	No-Essential3D
111	L	111	19.036	-3.38	182.946	-1.33	0.9140625	-1.1971114190671754	0.5148487403589189	0	0.9999999999999999	No-PER3D	No-Essential3D
112	P	112	19.025	0.312	182.509	-1.33	0.944228274967574	-1.452433144426548	0.6187300169777384	0	1	No-PER3D	No-Essential3D
113	D	113	15.689	2.05	182.251	-1.33	0.998499624906227	-1.467837658266895	-0.14636500014022932	0	1	No-PER3D	No-Essential3D
114	L	114	14.217	2.311	178.786	-1.33	1.06736166800321	-1.3141597684838997	-0.10382734254584404	0	1	No-PER3D	No-Essential3D
115	P	115	15.197	5.917	178.304	-1.33	1.07451737451737	-1.323704509762087	-0.09248654694739915	0	1	No-PER3D	No-Essential3D
116	E	116	18.817	4.894	178.81	-1.33	1.0674358974359	-1.5246729408964819	0.26862394183613414	0	1	No-PER3D	No-Essential3D
117	Q	117	18.513	1.974	176.402	-1.33	1.04817057120295	-1.3069571405008875	0.37157621473195174	0	1	No-PER3D	No-Essential3D
118	F	118	17.511	3.852	173.274	-1.33	1.00052645433009	-1.1938644936134735	0.2026987108700573	0	1	No-PER3D	No-Essential3D
119	S	119	16.562	7.187	171.748	-1.33	1.00052645433009	-1.3244467754357137	0.013679366993739539	0	1	No-PER3D	No-Essential3D
120	P	120	14.849	8.221	168.57	-1.33	1.00822281167109	-1.0741640686097533	0.10906041952358908	0	1	No-PER3D	No-Essential3D
121	P	121	15.132	7.657	165.723	-1.33	1.01323155216285	-0.7745670860922275	0.005511313498597449	0	1	No-PER3D	No-Essential3D
122	D	122	15.273	4.153	167.189	-1.33	0.985558712121212	-1.1442432265210223	0.30404875019453176	0	1	No-PER3D	No-Essential3D
123	V	123	11.754	2.811	167.863	-1.33	0.974119955844474	-1.1634938867665274	-0.11324202305663471	0	1	No-PER3D	No-Essential3D
124	A	124	12.529	0.033	170.348	-1.33	0.974119955844474	-1.0135442994573831	0.12320935204823705	0	1	No-PER3D	No-Essential3D
125	P	125	15.209	-1.248	172.638	-1.33	0.973045822102426	-1.1089758132405663	0.3061898376178554	0	1	No-PER3D	No-Essential3D
126	P	126	17.991	-2.921	170.708	-1.33	0.90314465408805	-0.865159580633804	1.075790193755616	0	1	No-PER3D	No-Essential3D
127	L	127	18.002	-5.939	173	-1.33	0.944055944055944	-0.8982625678284558	0.5689767428463678	0	0.9999999999999999	No-PER3D	No-Essential3D
128	L	128	14.325	-6.507	172.377	0.54	0.981818181818182	-0.9961391886203349	0.3582712432850567	0	1	No-PER3D	No-Essential3D
129	V	129	14.767	-5.902	168.681	0.12	0.959591194968554	-0.8504562687036734	0.5382463385360934	0	1	No-PER3D	No-Essential3D
130	K	130	17.505	-8.491	168.437	0.95	0.96322601010101	-0.4819288442649505	0.7308109255358313	0	1	No-PER3D	No-Essential3D
131	L	131	15.472	-11.117	170.283	0.33	1.05079201101928	-0.6523773985220279	0.5905963750274154	0	1	No-PER3D	No-Essential3D
132	V	132	12.321	-10.542	168.267	-0.09	1.10082972582973	-0.769866070159259	0.441040525684255	0	0.9999999999999999	No-PER3D	No-Essential3D
133	E	133	14.012	-10.488	164.907	0.33	1.00510540184453	-0.5396468732197279	0.7190335871780763	0	1	No-PER3D	No-Essential3D
134	A	134	15.879	-13.623	165.798	-0.5	1.01277796216396	-0.4326563210175265	0.8230898352304319	0	1	No-PER3D	No-Essential3D
135	I	135	12.799	-15.48	166.935	-0.29	0.955857948888151	-0.5817834594839827	0.7474486875301116	0	1	No-PER3D	No-Essential3D
136	E	136	10.762	-14.343	163.956	-0.09	0.948616600790514	-0.5485592159259804	0.7133908224273913	0	0.9999999999999999	No-PER3D	No-Essential3D
137	R	137	13.308	-15.685	161.533	0.12	0.96322601010101	-0.26212963908088144	0.9856576276157303	0	1	No-PER3D	No-Essential3D
138	T	138	13.271	-19.159	163.041	-0.09	1.00029248318222	-0.25875650751858925	1.0996867538840753	0	1	No-PER3D	No-Essential3D
139	G	139	10.516	-19.732	165.634	0.95	1.02564102564103	-0.6542341365858304	0.8288763344911426	0	0.9999999999999999	No-PER3D	No-Essential3D
140	L	140	7.104	-18.117	164.966	0.95	1.04427480916031	-0.8861452940012358	0.6033613742586345	0	1	No-PER3D	No-Essential3D
141	D	141	5.479	-21.591	164.793	0.12	1.02272727272727	-0.8464254724961714	0.6322051351190066	0	1	No-PER3D	No-Essential3D
142	S	142	6.692	-22.367	168.345	0.12	1.02272727272727	-0.8763734623905721	0.5503794202081116	0	1	No-PER3D	No-Essential3D
143	E	143	4.606	-22.915	171.482	-1.33	0.991735537190083	-0.9603306688184279	1.1384045837191292	0	1	No-PER3D	No-Essential3D
144	S	144	7.379	-21.407	173.614	-1.33	0.967654986522911	-0.9390501770504375	1.1602539888948202	0	1	No-PER3D	No-Essential3D
145	H	145	5.992	-17.872	173.418	-1.33	0.976076555023923	-1.0844901608925523	0.9580747834318281	0	0.9999999999999999	No-PER3D	No-Essential3D
146	Y	146	2.938	-19.089	175.338	-1.33	0.951492537313433	-1.1683781688675072	1.38732878576787	0	1	No-PER3D	No-Essential3D
147	R	147	4.73	-20.498	178.399	0.95	0.951492537313433	-1.1919115280813206	1.612129833724005	0	1	No-PER3D	No-Essential3D
148	P	148	4.132	-18.581	181.592	-0.29	0.932462686567164	-1.2352155495238493	1.845123321960607	0	1	No-PER3D	No-Essential3D
149	E	149	7.029	-20.044	183.565	-0.71	0.977890823713559	-1.037677071590547	1.1421088080997825	0	1	No-PER3D	No-Essential3D
150	L	150	9.743	-17.57	184.453	-0.5	0.981539670070699	-1.1376226290820919	0.3978117895388968	0	1	No-PER3D	No-Essential3D
151	P	151	13.17	-18.167	183.064	-0.29	0.938576779026217	-1.0300379206994736	0.07309036459443963	0	1	No-PER3D	No-Essential3D
152	A	152	16.296	-18.524	185.152	0.12	0.910585012717668	-0.9382557695523112	0.11303889454991504	0	1	No-PER3D	No-Essential3D
153	P	153	17.66	-15.122	185.942	-0.09	0.939427071944019	-0.9708345012936539	0.2195952750828559	0	1	No-PER3D	No-Essential3D
154	R	154	19.742	-13.7	183.129	-0.71	0.889714993804213	-1.0226925833042104	0.11094061696835411	0	1	No-PER3D	No-Essential3D
155	T	155	23.075	-12.121	183.953	-0.09	0.883950617283951	-0.8524276624820148	0.30815536034021707	0	1	No-PER3D	No-Essential3D
156	D	156	24.581	-12.088	180.453	0.33	0.880688806888069	-0.6634591930712496	0.4309142171245046	0	0.9999999999999999	No-PER3D	No-Essential3D
157	W	157	22.94	-9.447	178.268	0.12	0.931660899653979	-0.6347118620864204	0.5428025148429152	0	1	No-PER3D	No-Essential3D
158	S	158	25.627	-9.479	175.552	0.12	0.909746588693957	-0.30861560842372066	0.7286364052169401	0	0.9999999999999999	No-PER3D	No-Essential3D
159	L	159	23.498	-11.482	173.111	-0.92	0.889714993804213	-0.38739435198791605	0.6034458128900585	0	1	No-PER3D	No-Essential3D
160	S	160	26.762	-12.234	171.359	-0.09	0.913128546272745	0.045172567219120385	0.894563876090165	0	1	No-PER3D	No-Essential3D
161	D	161	25.522	-15.691	170.256	0.95	0.934200743494424	-0.18973132268138948	0.7945719130023845	0	1	No-PER3D	No-Essential3D
162	V	162	21.822	-14.746	169.952	-0.09	0.941198501872659	-0.45229420718751023	0.7342347904084336	0	1	No-PER3D	No-Essential3D
163	D	163	21.456	-15.902	166.348	0.12	0.880566037735849	-0.18712706669579623	1.0076802442571464	0	0.9999999999999999	No-PER3D	No-Essential3D
164	Q	164	22.431	-19.431	167.433	0.12	0.933014354066986	-0.47788458791085275	0.8408440253035379	0	1	No-PER3D	No-Essential3D
165	W	165	19.782	-19.619	170.19	-0.09	0.933014354066986	-0.4620006245491066	0.7582627748294639	0	1	No-PER3D	No-Essential3D
166	D	166	16.855	-22.014	170.152	-1.33	0.99236641221374	-0.4719647344070286	0.797936680560617	0	1	No-PER3D	No-Essential3D
167	T	167	13.323	-20.604	170.188	-1.33	0.921119592875318	-0.5514451173737193	0.903373514040282	0	0.9999999999999999	No-PER3D	No-Essential3D
168	A	168	12.886	-21.458	173.843	-1.33	0.863549618320611	-0.7252358001456413	0.762894447672441	0	0.9999999999999999	No-PER3D	No-Essential3D
169	A	169	15.987	-19.479	174.738	-1.33	0.784356328082564	-0.6541916968586577	0.6628418757410126	0	1	No-PER3D	No-Essential3D
170	L	170	14.79	-16.529	172.685	-1.33	0.743981209630065	-0.5429388196247401	0.7365230140396919	0	1	No-PER3D	No-Essential3D
171	A	171	11.31	-16.595	174.15	-1.33	0.741926012918379	-0.7782187681115866	0.7241782053687204	0	1	No-PER3D	No-Essential3D
172	D	172	12.888	-16.729	177.572	-1.33	0.741926012918379	-0.9705162033398593	0.6133708604933296	0	1	No-PER3D	No-Essential3D
173	G	173	15.074	-13.811	176.606	-1.33	0.730038022813688	-0.7739715181953141	0.47854663533344105	0	1	No-PER3D	No-Essential3D
174	I	174	12.108	-11.628	175.83	-1.33	0.769961977186312	-0.9863674414388367	0.4619192350317704	0	1	No-PER3D	No-Essential3D
175	K	175	10.507	-12.528	179.135	-1.33	0.730038022813688	-1.1058263387503868	0.5880939026157033	0	0.9999999999999999	No-PER3D	No-Essential3D
176	S	176	13.787	-11.883	180.942	-1.33	0.732824427480916	-1.028577494793827	0.2467562975822259	0	1	No-PER3D	No-Essential3D
177	F	177	14.008	-8.483	179.285	-1.33	0.692307692307692	-1.0235446424420611	0.3453583756616562	0	1	No-PER3D	No-Essential3D
178	L	178	10.672	-7.454	180.734	-1.33	0.701550387596899	-1.3380593977002582	0.06471443097660469	0	1	No-PER3D	No-Essential3D
179	L	179	11.633	-8.762	184.172	-1.33	0.704280155642023	-1.320325654560266	0.0832942186100852	0	1	No-PER3D	No-Essential3D
180	A	180	15.034	-7.039	183.991	-1.33	0.696911196911197	-1.1716202916063287	0.2594639198517461	0	1	No-PER3D	No-Essential3D
181	L	181	13.644	-3.508	183.734	-1.33	0.7436484321355	-1.4150805069591585	0.15130902359325174	0	1	No-PER3D	No-Essential3D
182	P	182	14.017	-1.44	186.864	-1.33	0.755032679738562	-1.5246729408964819	0.3804969092937712	0	1	No-PER3D	No-Essential3D
183	A	183	10.287	-0.816	186.817	-1.33	0.755032679738562	-1.5246729408964819	-0.010944362445545494	0	1	No-PER3D	No-Essential3D
184	P	184	7.473	-2.472	184.94	-1.33	0.713438735177866	-1.4872813075875433	-0.11911320819285452	0	1	No-PER3D	No-Essential3D
185	L	185	6.928	-1.593	181.301	-1.33	0.808035714285714	-1.397229545542963	-0.7367833929431825	0	1	No-PER3D	No-Essential3D
186	V	186	3.4	-0.486	182.083	-1.33	0.815737051792829	-1.4059188679534302	-0.664355767114561	4.006667185720196	0.2575423799747587	No-PER3D	No-Essential3D
187	T	187	3.523	2.176	184.77	-1.33	0.822289156626506	-1.486270722903518	-0.743636025297221	0	0.9999999999999999	No-PER3D	No-Essential3D
188	P	188	1.171	2.35	187.676	-1.33	0.822289156626506	-1.5246729408964819	0.03560458169327257	0	0.9999999999999999	No-PER3D	No-Essential3D
189	E	189	-0.333	5.533	186.339	-1.33	0.838709677419355	-1.5246729408964819	-0.09226244377157358	0	1	No-PER3D	No-Essential3D
190	A	190	-0.88	3.919	182.972	-1.33	0.833046471600688	-1.4802703763421172	-0.1764519602720186	0	1	No-PER3D	No-Essential3D
191	S	191	-2.2	0.781	184.584	-1.33	0.781846153846154	-1.5246729408964819	0.3698450855203945	2.8344585276674334	0.3353981298221152	No-PER3D	No-Essential3D
192	A	192	-4.72	2.756	186.598	-1.33	0.726	-1.5246729408964819	0.26403871164774256	0	1	No-PER3D	No-Essential3D
193	E	193	-5.841	4.674	183.536	-1.33	0.731854838709677	-1.5246729408964819	0.24798524636429176	0	1	No-PER3D	No-Essential3D
194	A	194	-6.199	1.488	181.548	-1.33	0.80161943319838	-1.5246729408964819	0.34075212392696824	3.633989359259633	0.2777300494014269	No-PER3D	No-Essential3D
195	R	195	-8.085	-0.063	184.423	-1.33	0.885365853658537	-1.5246729408964819	0.5810788552993095	3.060347450551148	0.31664760683904	No-PER3D	No-Essential3D
196	R	196	-10.573	2.759	184.489	-1.33	0.895081967213115	-1.5246729408964819	0.6020539857718539	0	1	No-PER3D	No-Essential3D
197	A	197	-11.094	2.583	180.757	-1.33	0.895081967213115	-1.5246729408964819	0.5288576424115841	0	1	No-PER3D	No-Essential3D
198	L	198	-11.222	-1.176	180.701	-1.33	1.00275482093664	-1.5246729408964819	0.5985458935334256	3.633989359259633	0.2777300494014269	No-PER3D	No-Essential3D
199	R	199	-13.63	-1.301	183.626	-1.33	0.998628257887517	-1.5246729408964819	0.6689565135390194	0	1	No-PER3D	No-Essential3D
200	E	200	-15.803	1.383	182.176	-1.33	0.994535519125683	-1.5246729408964819	0.7714681287370553	0	1	No-PER3D	No-Essential3D
201	A	201	-15.952	-0.376	178.933	-1.33	0.932377049180328	-1.5246729408964819	0.8029874553573294	0	0.9999999999999999	No-PER3D	No-Essential3D
202	A	202	-14.838	-2.903	176.531	-1.33	0.932377049180328	-1.5246729408964819	0.6191827262930639	0	1	No-PER3D	No-Essential3D
203	G	203	-13.516	-0.315	174.234	-1.33	0.932377049180328	-1.5246729408964819	0.589944097852087	0	1	No-PER3D	No-Essential3D
204	P	204	-10.383	1.354	173.445	-1.33	0.986449864498645	-1.5246729408964819	0.4685721319200312	0	1	No-PER3D	No-Essential3D
205	V	205	-7.865	0.696	176.201	-1.33	0.891428571428571	-1.5246729408964819	0.3706895406129476	4.006667185720196	0.2575423799747587	No-PER3D	No-Essential3D
206	G	206	-5.174	1.577	173.703	-1.33	0.891428571428571	-1.4840763104467771	0.08480537900500497	5.026927244221623	0.21565622597264664	No-PER3D	No-Essential3D
207	P	207	-5.13	5.317	174.179	-1.33	0.737804878048781	-1.467837658266895	0.10239920559913976	0	1	No-PER3D	No-Essential3D
208	A	208	-4.458	4.894	177.89	-1.33	0.975806451612903	-1.4756770075951142	0.12044745826196517	0	1	No-PER3D	No-Essential3D
209	L	209	-1.229	3.151	176.899	-1.33	0.979757085020243	-1.3940434606591252	-0.5196053507644576	5.026927244221623	0.21565622597264664	No-PER3D	No-Essential3D
210	E	210	0.176	6.063	174.891	-1.33	0.986449864498645	-1.3380593977002582	-0.8021722048081833	0	0.9999999999999999	No-PER3D	No-Essential3D
211	P	211	1.889	9.268	175.894	-1.33	0.986449864498645	-1.351750343453091	-1.0599818727513537	0	1	No-PER3D	No-Essential3D
212	P	212	1.713	11.264	177.949	-1.33	0.738866396761134	-1.4410916429117955	-1.2922806488081144	0	1	No-PER3D	No-Essential3D
213	T	213	0.035	8.695	180.173	-1.33	0.492577597840756	-1.4654695214906623	-0.9118119803464048	0	0.9999999999999999	No-PER3D	No-Essential3D
214	L	214	2.584	6.078	179.199	-1.33	0.491935483870968	-1.344494347465645	-0.8931596552790516	0	1	No-PER3D	No-Essential3D
215	P	215	5.986	7.616	178.598	-1.33	0.737903225806452	-1.3069571405008875	-0.7182919021889447	0	1	No-PER3D	No-Essential3D
216	L	216	7.361	7.631	175.077	-1.33	0	-1.323704509762087	-0.48886564916816694	0	1	No-PER3D	No-Essential3D
217	H	217	10.018	4.965	175.482	-1.33	0	-1.361386090599786	-0.16738697961263851	0	1	No-PER3D	No-Essential3D
218	R	218	7.648	2.571	177.189	-1.33	0	-1.3795290739660857	-0.37070304736832277	0	1	No-PER3D	No-Essential3D
219	A	219	4.901	3.2	174.66	-0.09	0.734939759036145	-1.3561187728482798	-0.5881417866407826	0	1	No-PER3D	No-Essential3D
220	L	220	7.211	2.478	171.758	0.75	0.732	-1.2333995101465185	-0.21922923694308408	0	1	No-PER3D	No-Essential3D
221	T	221	8.511	-0.611	173.455	-0.09	0.736947791164659	-1.2697861501894445	-0.16887667359499223	0	1	No-PER3D	No-Essential3D
222	L	222	4.976	-1.798	174.161	-1.33	0.736947791164659	-1.2989360320652603	-0.5144337574107642	3.633989359259633	0.2777300494014269	No-PER3D	No-Essential3D
223	R	223	3.994	-1.229	170.555	-1.33	0.736947791164659	-1.2510524453434861	-0.5840497957502998	3.633989359259633	0.2777300494014269	No-PER3D	No-Essential3D
224	F	224	6.996	-3.176	169.325	-1.33	0.73991935483871	-0.9624314353134732	-0.19374863263667527	0	1	No-PER3D	No-Essential3D
225	L	225	6.155	-6.081	171.602	-1.33	0.73991935483871	-1.1591689521081965	0.025021786064448145	2.3153964918832184	0.38893654656362364	No-PER3D	No-Essential3D
226	L	226	2.485	-6.072	170.644	-1.33	0.742914979757085	-1.273563138034195	0.23439179742735847	3.323596905838171	0.2974283207813879	No-PER3D	No-Essential3D
227	Q	227	3.342	-6.222	166.983	-1.33	0.742914979757085	-1.088132431104976	-0.14606143298940305	0	0.9999999999999999	No-PER3D	No-Essential3D
228	H	228	5.5	-9.25	167.706	-1.33	0.742914979757085	-0.8979442698746611	0.365667636862082	0	1	No-PER3D	No-Essential3D
229	L	229	2.754	-10.873	169.765	-1.33	0.742914979757085	-1.354261113326381	0.6335326651539582	2.466865881363868	0.3715328406113219	No-PER3D	No-Essential3D
230	G	230	0.297	-10.236	166.976	-1.33	0.734	-1.3748048622308164	0.2170909096246407	2.0598543148583675	0.42246410790628014	No-PER3D	No-Essential3D
231	R	231	2.498	-12.134	164.55	-1.33	0.738955823293173	-0.9520736454288117	0.2744762253149048	0	1	No-PER3D	No-Essential3D
232	V	232	2.685	-15.013	166.978	-1.33	0.738955823293173	-1.0948158556204008	0.4268105798213797	0	1	No-PER3D	No-Essential3D
233	A	233	-1.068	-14.999	167.459	-1.33	0.741935483870968	-1.3448056608248424	0.5853248658956796	0	0.9999999999999999	No-PER3D	No-Essential3D
234	S	234	-1.707	-15.104	163.724	-1.33	0.744939271255061	-1.3048351541422558	-0.09339464830293534	0	1	No-PER3D	No-Essential3D
235	R	235	0.478	-18.192	163.381	-1.33	0.744939271255061	-1.0912341620768775	0.04822243479099033	0	1	No-PER3D	No-Essential3D
236	A	236	-1.717	-20.091	165.839	-1.33	0.744939271255061	-1.2773554307979778	0.6706171892534386	0	1	No-PER3D	No-Essential3D
237	P	237	-4.498	-22.331	164.698	-1.33	0.741935483870968	-1.3031375650553507	-0.14396482449775672	0	1	No-PER3D	No-Essential3D
238	A	238	-7.118	-20.219	166.435	-1.33	0.747967479674797	-1.5246729408964819	0.2802848874199667	0	1	No-PER3D	No-Essential3D
239	L	239	-6.619	-16.497	166.898	-1.33	0.747967479674797	-1.5246729408964819	0.30480328503666754	0	1	No-PER3D	No-Essential3D
240	G	240	-8.891	-15.942	169.871	-1.33	0.747967479674797	-1.5246729408964819	0.587669819359892	0	1	No-PER3D	No-Essential3D
241	P	241	-7.455	-18.616	172.057	-1.33	0.747967479674797	-1.5246729408964819	1.01891288298252	0	1	No-PER3D	No-Essential3D
242	A	242	-3.932	-17.571	171.158	-1.33	0.747967479674797	-1.3822027767779612	0.9995738047436147	0	0.9999999999999999	No-PER3D	No-Essential3D
243	V	243	-4.614	-13.993	172.14	-1.33	0.745934959349594	-1.5246729408964819	0.7474570821396679	1.8529077465139807	0.45434642249275065	No-PER3D	No-Essential3D
244	R	244	-5.966	-15.178	175.458	-1.33	1.49186991869919	-1.5246729408964819	1.1395280042386258	2.8344585276674334	0.3353981298221152	No-PER3D	No-Essential3D
245	A	245	-2.959	-17.382	176.156	-1.33	1.50409836065574	-1.397863036104662	1.2711463210388503	2.3153964918832184	0.38893654656362364	No-PER3D	No-Essential3D
246	L	246	-0.587	-14.566	175.299	-1.33	1.49795918367347	-1.4362009142975378	0.8679290477740637	1.8529077465139807	0.45434642249275065	No-PER3D	No-Essential3D
247	G	247	-2.422	-12.201	177.604	-1.33	1.49795918367347	-1.4189980202366321	1.2387599238321874	3.060347450551148	0.31664760683904	No-PER3D	No-Essential3D
248	A	248	-2.074	-14.641	180.455	-1.33	1.50819672131148	-1.3790362255215	1.6958359958764824	4.460814040494683	0.23685470635176425	No-PER3D	No-Essential3D
249	T	249	1.646	-14.99	179.878	-1.33	1.52066115702479	-1.3728448169363963	1.4298098183130348	2.8344585276674334	0.3353981298221152	No-PER3D	No-Essential3D
250	F	250	2.596	-11.382	179.166	-1.33	NA	-1.405850930840763	0.9239824270965923	2.6386993759092667	0.35368992441416686	No-PER3D	No-Essential3D
251	G	251	0.225	-9.54	181.453	-1.33	NA	-1.4933122161857593	1.1679522911983777	3.060347450551148	0.31664760683904	No-PER3D	No-Essential3D
252	P	252	2.105	-10.183	184.644	-1.33	NA	-1.4382116421747866	1.5145432361644013	4.006667185720196	0.2575423799747587	No-PER3D	No-Essential3D
253	L	253	5.423	-9.467	182.977	-1.33	NA	-1.3447399678810616	0.852481542835792	3.060347450551148	0.31664760683904	No-PER3D	No-Essential3D
254	L	254	4.304	-6.041	181.805	-1.33	NA	-1.458585402955102	0.4146432701813405	3.323596905838171	0.2974283207813879	No-PER3D	No-Essential3D
255	L	255	2.366	-4.986	184.899	-1.33	NA	-1.5246729408964819	0.9092664042195988	3.060347450551148	0.31664760683904	No-PER3D	No-Essential3D
256	R	256	4.136	-6.856	187.648	-1.33	NA	-1.5246729408964819	0.8366843147858781	0	1	No-PER3D	No-Essential3D
257	A	257	0.915	-7.342	189.536	-1.33	NA	-1.5246729408964819	1.1367956821121743	0	0.9999999999999999	No-PER3D	No-Essential3D
258	P	258	0.875	-6.259	193.078	-1.33	1.468	-1.5246729408964819	1.9519583898657973	0	1	No-PER3D	No-Essential3D
259	P	259	2.949	-7.974	195.63	-1.33	1.45634920634921	-1.5246729408964819	3.3663883496903053	0	1	No-PER3D	No-Essential3D
260	P	260	1.629	-9.974	198.465	-1.33	1.45059288537549	-1.5246729408964819	4.486194907050367	0	1	No-PER3D	No-Essential3D
261	P	261	0.318	-7.972	201.32	-1.33	1.45059288537549	-1.5246729408964819	4.602082279118963	0	1	No-PER3D	No-Essential3D
262	S	262	2.778	-6.67	203.866	-1.33	1.45634920634921	-0.8300978368004155	3.404400968334027	0	0.9999999999999999	No-PER3D	No-Essential3D
263	S	263	2.496	-4.069	206.544	-1.33	1.46215139442231	-0.7137995418998871	2.6750547709118853	0	1	No-PER3D	No-Essential3D
264	P	264	-0.013	-1.782	205.035	-1.33	1.46215139442231	-0.9603306688184279	3.045713394286899	0	0.9999999999999999	No-PER3D	No-Essential3D
265	P	265	1.135	1.596	204.012	-1.33	1.44664031620553	-1.049437343357068	2.2051634254452233	0	1	No-PER3D	No-Essential3D
266	P	266	-0.606	4.473	205.644	-1.33	1.19750656167979	-1.1236175191151239	2.2987818225040533	0	0.9999999999999999	No-PER3D	No-Essential3D
267	G	267	-4.009	5.106	204.196	-1.33	1.19750656167979	-1.5246729408964819	3.052650359719347	0	1	No-PER3D	No-Essential3D
268	G	268	-5.465	2.356	202.11	-1.33	1.19750656167979	-1.5246729408964819	3.073446428012491	0	1	No-PER3D	No-Essential3D
269	A	269	-6.375	1.415	198.595	-1.33	1.18954248366013	-1.5246729408964819	2.7806689152972095	0	1	No-PER3D	No-Essential3D
270	P	270	-9.801	2.466	197.665	-1.33	1.01283482142857	-1.5246729408964819	1.7644574075958022	0	1	No-PER3D	No-Essential3D
271	D	271	-12.408	-0.172	198.36	-1.33	1.01283482142857	-1.5246729408964819	1.7644574075958022	0	1	No-PER3D	No-Essential3D
272	G	272	-14.725	1.288	195.789	-1.33	0.942708333333333	-1.5246729408964819	1.6121333809789198	0	1	No-PER3D	No-Essential3D
273	S	273	-12.649	0.058	192.931	-1.33	0.936446173800259	-1.5246729408964819	1.250086157499575	0	1	No-PER3D	No-Essential3D
274	E	274	-12.658	-3.675	192.638	-1.33	0.926640926640927	-1.5246729408964819	1.0533808169373007	0	1	No-PER3D	No-Essential3D
275	P	275	-9.48	-5.135	191.416	-1.33	0.962835249042146	-1.5246729408964819	1.1659719890551186	0	1	No-PER3D	No-Essential3D
276	S	276	-9.417	-8.359	189.485	-1.33	0.989975803664017	-1.5246729408964819	1.1814940962098281	0	1	No-PER3D	No-Essential3D
277	P	277	-6.535	-10.718	189.795	-1.33	0.907477820025349	-1.5246729408964819	2.055040549532466	0	1	No-PER3D	No-Essential3D
278	D	278	-6.711	-11.328	186.018	-1.33	0.942380813103247	-1.5246729408964819	2.049094501232524	6.718684623460345	0.17168263448871582	No-PER3D	No-Essential3D
279	F	279	-6.511	-7.644	185.154	-1.33	0.942380813103247	-1.5246729408964819	1.1834066225012414	3.633989359259633	0.2777300494014269	No-PER3D	No-Essential3D
280	P	280	-3.03	-7.708	183.718	-1.33	0.907477820025349	-1.5246729408964819	1.3655875673233961	4.006667185720196	0.2575423799747587	No-PER3D	No-Essential3D
281	A	281	-3.95	-10.619	181.474	-1.33	0.850760456273764	-1.4874320803024987	1.7461610162674894	3.633989359259633	0.2777300494014269	No-PER3D	No-Essential3D
282	L	282	-7.198	-9.001	180.416	-1.33	0.88414907947912	-1.5246729408964819	1.53946979983319	3.633989359259633	0.2777300494014269	No-PER3D	No-Essential3D
283	L	283	-5.515	-5.719	179.629	-1.33	0.910941475826972	-1.5246729408964819	1.0994835553478277	2.8344585276674334	0.3353981298221152	No-PER3D	No-Essential3D
284	V	284	-2.925	-7.306	177.367	-1.33	0.910012674271229	-1.5246729408964819	1.0462725803716835	3.633989359259633	0.2777300494014269	No-PER3D	No-Essential3D
285	E	285	-5.573	-9.5	175.822	-1.33	0.904040404040404	-1.5246729408964819	1.025310887497508	2.8344585276674334	0.3353981298221152	No-PER3D	No-Essential3D
286	K	286	-7.639	-6.412	175.022	-1.33	0.813636363636364	-1.5246729408964819	1.0459516980076249	2.6386993759092667	0.35368992441416686	No-PER3D	No-Essential3D
287	L	287	-4.609	-4.518	173.748	-1.33	0.813636363636364	-1.5246729408964819	0.5932068460491807	3.633989359259633	0.2777300494014269	No-PER3D	No-Essential3D
288	L	288	-3.631	-7.332	171.437	-1.33	0.808301886792453	-1.5246729408964819	0.4883672644082881	2.3153964918832184	0.38893654656362364	No-PER3D	No-Essential3D
289	Q	289	-7.179	-7.701	170.188	-1.33	0.779940417080437	-1.5246729408964819	0.4545387932541562	3.323596905838171	0.2974283207813879	No-PER3D	No-Essential3D
290	E	290	-7.28	-4.019	169.337	-1.33	0.774831816383063	-1.5246729408964819	-0.002372190538448744	5.754192963038904	0.19393593684573546	No-PER3D	No-Essential3D
291	H	291	-3.968	-4.244	167.536	-1.33	0.774831816383063	-1.5246729408964819	-0.24183764573981203	3.633989359259633	0.2777300494014269	No-PER3D	No-Essential3D
292	L	292	-5.235	-7.128	165.447	-1.33	0.77056277056277	-1.4653331080818932	-0.32978384292343343	0	1	No-PER3D	No-Essential3D
293	E	293	-8.41	-5.267	164.525	-1.33	0.77056277056277	-1.5246729408964819	-0.1889741201364221	0	1	No-PER3D	No-Essential3D
294	E	294	-6.488	-2.418	162.983	-1.33	0.776444929116685	-1.4208282334709517	-0.14085718631264546	0	1	No-PER3D	No-Essential3D
295	Q	295	-5.896	-2.589	159.259	-1.33	0.781609195402299	-1.192369877134785	-0.2745477799511318	0	1	No-PER3D	No-Essential3D
296	E	296	-2.196	-2.823	160.003	-1.33	0.755192307692308	-1.1686339440089497	-0.33872345815213933	0	1	No-PER3D	No-Essential3D
297	V	297	-0.916	-6.144	158.789	-1.33	0.801101591187271	-1.192369877134785	-0.3705302022135027	0	1	No-PER3D	No-Essential3D
298	A	298	2.413	-7.635	157.884	0.12	0.823846153846154	-0.8865651180264995	-0.347777343448331	0	1	No-PER3D	No-Essential3D
299	P	299	4.361	-5.041	156.11	0.12	0.791550861589772	-0.08251038338882227	-0.32355089486629157	0	1	No-PER3D	No-Essential3D
300	P	300	5.236	-5.241	152.503	0.12	0.797759103641457	0.5180360073765694	-0.19643351315506	0	1	No-PER3D	No-Essential3D
301	A	301	8.779	-4.801	151.324	0.95	0.831128404669261	0.8663812880095205	-0.09070870740655292	0	1	No-PER3D	No-Essential3D
302	L	302	9.942	-1.304	152.04	0.95	0.791550861589772	0.9368698166862441	-0.2904582400925627	0	1	No-PER3D	No-Essential3D
303	P	303	9.284	1.099	149.318	0.95	0.827906976744186	0.960107793173076	-0.3767424344992575	4.006667185720196	0.2575423799747587	No-PER3D	No-Essential3D
304	P	304	11.89	3.431	148.047	0.95	0.824710424710425	0.9230383237849823	-0.5077756276751034	12.059369837197165	0.005973804018547582	PER3D	Essential3D
305	K	305	12.248	6.707	149.859	0.95	0.827906976744186	0.9130203145023903	-0.6761236697466114	13.080581668541013	0.004920162245416071	PER3D	Essential3D
306	P	306	9.091	8.597	149.4	0.95	0.827906976744186	0.9465111048031213	-0.6149264318351778	5.60214047244938	0.07566983942219026	No-PER3D	No-Essential3D
307	P	307	9.452	12.125	148.267	0.95	0.79800853485064	0.9650536536858865	-0.6131314379679956	4.955184459901544	0.09139257740669542	No-PER3D	No-Essential3D
308	K	308	7.663	13.248	151.401	-1.33	0.839102564102564	0.939908115336103	-0.6929532391242514	4.6818384846849455	0.09961795704643667	No-PER3D	No-Essential3D
309	A	309	4.72	12.243	153.481	-1.33	0.802343926076178	0.8508091727315631	-0.6190224032337669	1.9512007780301763	0.4386064154492723	No-PER3D	No-Essential3D
310	K	310	1.616	13.257	151.648	0.95	0.755640698169434	0.862375391810543	-0.5432623225246285	2.180518605309638	0.40591053138130073	No-PER3D	No-Essential3D
311	P	311	-0.33	15.969	153.234	0.95	0.765865384615385	0.6925906052375986	-0.6239581320737828	0	1	No-PER3D	No-Essential3D
312	A	312	-4.074	15.858	152.952	-1.33	0.764478764478764	0.7422450860295764	-0.5613472919054818	0	0.9999999999999999	No-PER3D	No-Essential3D
313	S	313	-5.203	17.261	149.668	0.54	0.681467181467182	0.6754025157326833	-0.5049592506506604	0	1	No-PER3D	No-Essential3D
314	T	314	-5.721	20.974	149.892	0.54	0.595673076923077	0.6780067717182766	-0.6323163791051187	0	1	No-PER3D	No-Essential3D
315	V	315	-5.535	23.956	147.634	0.33	0.597355769230769	0.6361154540071625	-0.6217816584429877	0	1	No-PER3D	No-Essential3D
316	L	316	-1.925	24.749	147.035	0.12	0.602626459143969	0.6703606761445748	-0.7849243495123791	0	1	No-PER3D	No-Essential3D
317	A	317	-0.564	27.999	145.756	-0.09	0.736705577172503	0.7152352310932808	-0.8070100005271696	0	1	No-PER3D	No-Essential3D
318	N	318	1.232	27.891	142.468	0.95	0.72640218878249	0.7267176815009814	-0.8159221817065886	4.460814040494683	0.23685470635176425	No-PER3D	No-Essential3D
319	G	319	4.295	29.131	144.243	0.95	0.721553486259369	0.7628283537083022	-0.8349189111959757	3.633989359259633	0.2777300494014269	No-PER3D	No-Essential3D
320	G	320	5.175	31.575	147.139	-0.29	0.757185757185757	0.7371799968517994	-0.7492670713928217	4.006667185720196	0.2575423799747587	No-PER3D	No-Essential3D
321	S	321	4.134	29.724	150.21	0.54	0.751383567475522	0.7368212888969141	-0.820622866249858	4.006667185720196	0.2575423799747587	No-PER3D	No-Essential3D
322	P	322	2.519	26.696	151.621	0.12	0.777822418642025	0.7454280655675236	-0.8346453664702616	0	1	No-PER3D	No-Essential3D
323	P	323	-0.753	27.666	150.111	-0.09	0.747869318181818	0.6966011594554122	-0.8086499474951971	0	1	No-PER3D	No-Essential3D
324	S	324	0.923	26.767	146.853	0.95	0.782085561497326	0.7454280655675236	-0.8623268675574494	3.633989359259633	0.2777300494014269	No-PER3D	No-Essential3D
325	L	325	2.712	23.918	148.568	0.95	0.785059270856632	0.76738202173196	-0.8912769020841088	2.0598543148583675	0.42246410790628014	No-PER3D	No-Essential3D
326	Q	326	-0.337	22.481	150.299	0.95	0.740740740740741	0.6902314556977083	-0.7251536109132382	0	1	No-PER3D	No-Essential3D
327	D	327	-2.208	22.361	147.033	0.95	0.8	0.7117543372143433	-0.6112041752231396	0	1	No-PER3D	No-Essential3D
328	A	328	0.651	20.659	145.225	0.95	0.740740740740741	0.7381390424256243	-0.6026555355663376	0	0.9999999999999999	No-PER3D	No-Essential3D
329	E	329	-0.36	17.142	144.231	0.95	0.705216426193119	0.7656032589465126	-0.44621435294420914	2.0598543148583675	0.42246410790628014	No-PER3D	No-Essential3D
330	W	330	3.202	15.94	144.839	0.95	0.705216426193119	0.8606129495815671	-0.49265027806896305	1.763330469811048	0.4696929293601421	No-PER3D	No-Essential3D
331	Y	331	3.362	17.365	148.376	0.95	0.709893048128342	0.7782819500157273	-0.6376474797324664	1.8529077465139807	0.45434642249275065	No-PER3D	No-Essential3D
332	W	332	2.642	14.68	151.004	0.95	0.704555506413092	0.8391784580071614	-0.5964050226760323	2.180518605309638	0.40591053138130073	No-PER3D	No-Essential3D
333	G	333	3.303	16.578	154.209	0.95	0.742138364779874	0.7915812688677593	-0.7390090188858321	0	0.9999999999999999	No-PER3D	No-Essential3D
334	D	334	4.39	14.62	157.25	0.95	0.742138364779874	0.7744386504991003	-0.8066604681826534	0	1	No-PER3D	No-Essential3D
335	I	335	4.943	11.059	156.076	0.95	0.74566962399662	0.8047752324363473	-0.6617892584427301	0	1	No-PER3D	No-Essential3D
336	S	336	7.785	8.648	156.718	0.95	0.740041928721174	0.8219353191887293	-0.6149796684773445	0	1	No-PER3D	No-Essential3D
337	R	337	10.485	7.442	154.402	0.95	0.702565236620964	0.9252027498707864	-0.7259786931977041	2.466865881363868	0.3715328406113219	No-PER3D	No-Essential3D
338	E	338	8.869	4.052	154.695	0.95	0.702565236620964	0.7957191422670907	-0.3638453295110357	0	0.9999999999999999	No-PER3D	No-Essential3D
339	E	339	5.624	5.293	153.236	0.95	0.702565236620964	0.8346788118115657	-0.40659444779158516	0	1	No-PER3D	No-Essential3D
340	V	340	7.576	7.201	150.628	0.95	0.731757877280265	0.9445493436391098	-0.587581401154879	5.60214047244938	0.07566983942219026	No-PER3D	No-Essential3D
341	N	341	9.205	3.897	149.679	0.95	0.771922151760332	0.8708556478171494	-0.45171344161073756	14.291447589315467	0.00398993770178531	PER3D	Essential3D
342	E	342	5.984	2.096	148.772	0.54	0.77260755048288	0.8121679591051281	-0.3084496568951041	3.633989359259633	0.2777300494014269	No-PER3D	No-Essential3D
343	K	343	4.893	4.907	146.485	0.95	0.82089552238806	0.8829617177844642	-0.2083754593509219	2.3153964918832184	0.38893654656362364	No-PER3D	No-Essential3D
344	L	344	8.148	4.779	144.538	0.95	0.869888475836431	0.9663423722305189	-0.32654205606093145	10.413971521526065	0.008470671959674636	PER3D	Essential3D
345	R	345	8.518	1.009	144.366	0.95	0.864931846344486	0.9807221271533303	-0.37736423546060005	7.536024267472756	0.04757760203191195	PER3D	Essential3D
346	D	346	9.023	-0.278	140.846	0.95	0.888657407407407	0.9801004660470918	-0.29627031738420784	5.754192963038904	0.19393593684573546	No-PER3D	No-Essential3D
347	T	347	8.575	3.126	139.334	0.12	0.89785447761194	0.9899247972479159	-0.20778249004112848	8.234900017004524	0.04135079284189384	PER3D	Essential3D
348	P	348	10.288	4.723	136.4	0.12	0.822368421052632	0.9420382631807291	-0.1885669042594419	8.234900017004524	0.04135079284189384	PER3D	Essential3D
349	D	349	13.165	7.107	136.809	0.95	0.87719298245614	0.9474411669092448	-0.285151494096012	17.493783693597955	0.002477739323882864	PER3D	Essential3D
350	G	350	11.932	10.618	137.336	0.95	0.879699248120301	0.9196543139604278	-0.3718606104695231	8.622924792673192	0.013251470829153714	PER3D	Essential3D
351	T	351	9.108	9.656	139.666	0.95	0.744360902255639	0.9695098250390127	-0.32091928491691196	8.622924792673192	0.013251470829153714	PER3D	Essential3D
352	F	352	9.077	11.933	142.712	0.95	0.74859022556391	0.8737266254047836	-0.41891547395624174	4.010748833311439	0.12557517505778906	No-PER3D	No-Essential3D
353	L	353	7.309	13.419	145.734	0.95	0.671698113207547	0.9543704169094307	-0.5585212307344799	3.4990312461292303	0.15316880278486952	No-PER3D	No-Essential3D
354	V	354	8.041	15.931	148.485	0.95	0.666666666666667	0.9578264177938415	-0.6967407471544304	8.150007025788986	0.015134852148533728	PER3D	Essential3D
355	R	355	7.519	15.51	152.203	0.95	0.622222222222222	0.8719833319963078	-0.8264461252157176	2.0598543148583675	0.42246410790628014	No-PER3D	No-Essential3D
356	D	356	8.41	17.518	155.269	0.95	0.620474406991261	0.8449916655145149	-0.9748120766659126	0	1	No-PER3D	No-Essential3D
357	A	357	11.855	16.88	156.649	0.95	0.71044776119403	0.8222825533201418	-1.0680733852447102	0	1	No-PER3D	No-Essential3D
358	S	358	11.791	14.805	159.795	0.95	0.614810562571757	0.5204606074419971	-0.7857257332231353	0	1	No-PER3D	No-Essential3D
359	S	359	14.055	17.35	161.398	0.54	0.614810562571757	0.6265521560871343	-0.9820720908666085	0	1	No-PER3D	No-Essential3D
360	K	360	14.723	20.929	160.339	0.95	0.670411985018727	0.8666200114748667	-1.3596817570748534	0	1	No-PER3D	No-Essential3D
361	I	361	18.454	20.418	160.684	0.54	0.71661424077781	0.851866901316481	-1.3691159575719214	0	0.9999999999999999	No-PER3D	No-Essential3D
362	Q	362	17.897	18.391	157.504	-0.09	0.66542750929368	0.9015615881657801	-1.4168599758497307	0	0.9999999999999999	No-PER3D	No-Essential3D
363	G	363	16.153	21.197	155.629	0.95	0.672932330827068	0.9517341085424763	-1.339754250165311	0	1	No-PER3D	No-Essential3D
364	E	364	12.504	22.112	155.664	0.54	0.723998847594353	0.8435870474474464	-1.1445224530665203	0	1	No-PER3D	No-Essential3D
365	Y	365	11.557	19.377	153.204	0.95	0.62057044079516	0.8619399212123848	-1.0356875901217406	2.3153964918832184	0.38893654656362364	No-PER3D	No-Essential3D
366	T	366	12.872	16.279	151.514	0.95	0.613675213675214	0.8973530628178946	-1.036197149989936	5.60214047244938	0.07566983942219026	No-PER3D	No-Essential3D
367	L	367	12.509	15.605	147.815	0.95	0.614810562571757	0.9213994279377838	-0.854016526295423	10.413971521526065	0.008470671959674636	PER3D	Essential3D
368	T	368	12.541	11.929	146.968	0.95	0.666044776119403	0.9670383350448419	-0.6519394524124249	5.60214047244938	0.07566983942219026	No-PER3D	No-Essential3D
369	L	369	13.392	10.984	143.408	0.95	0.661111111111111	0.9396693918707568	-0.5196327438038877	8.150007025788986	0.015134852148533728	PER3D	Essential3D
370	R	370	13.54	7.706	141.563	0.95	0.667293233082707	0.983949683430676	-0.36295798192702544	10.413971521526065	0.008470671959674636	PER3D	Essential3D
371	K	371	16.741	7.02	139.719	0.95	0.662921348314607	0.9614887166033856	-0.37314617638262365	17.493783693597955	0.002477739323882864	PER3D	Essential3D
372	G	372	18.448	3.79	138.688	0.95	0.623925974884336	0.952048908716559	-0.39310079056593017	18.150383106765705	0.012098554894798677	PER3D	Essential3D
373	G	373	15.923	1.792	140.627	0.95	0.628634850166482	0.9928092352567869	-0.43088917368238927	18.150383106765705	0.012098554894798677	PER3D	Essential3D
374	N	374	16.729	3.773	143.715	0.95	0.626271561256082	1.0061250655169167	-0.46426229707262223	14.291447589315467	0.00398993770178531	PER3D	Essential3D
375	N	375	15.255	6.54	145.801	0.95	0.621597892888499	0.9531992055688828	-0.5748450461628196	13.080581668541013	0.004920162245416071	PER3D	Essential3D
376	K	376	17.499	9.594	146.065	0.95	0.653136531365314	0.9889260002204912	-0.6750047182620303	15.735677571358481	0.003177745198739474	PER3D	Essential3D
377	L	377	16.857	11.964	148.939	0.95	0.575743494423792	0.9543508849895387	-1.023903839453907	11.364520809645668	0.024869902560587766	PER3D	Essential3D
378	I	378	17.572	15.613	148.223	0.95	0.575743494423792	0.9345719437577795	-1.0334372712649877	11.364520809645668	0.024869902560587766	PER3D	Essential3D
379	K	379	17.19	18.173	150.988	0.95	0.619287120052482	0.8956249125144112	-1.2094537985999614	11.364520809645668	0.024869902560587766	PER3D	Essential3D
380	V	380	15.431	21.437	150.312	0.54	0.575743494423792	0.9012600427358693	-1.1737058623518426	2.6386993759092667	0.35368992441416686	No-PER3D	No-Essential3D
381	F	381	16.877	24.161	152.511	0.54	0.579524253731343	0.9233276855611594	-1.1708539539499259	3.323596905838171	0.2974283207813879	No-PER3D	No-Essential3D
382	H	382	15.09	27.377	153.4	0.95	0.6181592039801	0.90686878773221	-1.0849217450463926	3.060347450551148	0.31664760683904	No-PER3D	No-Essential3D
383	R	383	16.281	30.753	154.65	0.95	0.661710037174721	0.9379115190804815	-1.0715057110291382	0	1	No-PER3D	No-Essential3D
384	D	384	14.927	34.289	154.428	0.95	0.738929889298893	0.952867389169174	-1.0385786901697096	0	1	No-PER3D	No-Essential3D
385	G	385	12.014	33.297	152.254	0.95	0.739583333333333	0.8141134134916493	-0.9243904178825544	0	0.9999999999999999	No-PER3D	No-Essential3D
386	H	386	14.154	31.545	149.669	0.54	0.74375	0.8702008634550574	-1.0089527719737497	3.323596905838171	0.2974283207813879	No-PER3D	No-Essential3D
387	Y	387	14.483	27.844	148.887	0.95	0.694852941176471	0.9053163151317661	-1.0723646258890112	3.060347450551148	0.31664760683904	No-PER3D	No-Essential3D
388	G	388	17.015	25.637	147.162	0.95	0.687848862172606	0.9736766346159619	-1.1132269791590768	3.323596905838171	0.2974283207813879	No-PER3D	No-Essential3D
389	F	389	19.179	22.538	147.251	0.95	0.687848862172606	0.9736990368179885	-1.1044238209135837	5.026927244221623	0.21565622597264664	No-PER3D	No-Essential3D
390	S	390	22.325	24.516	148.011	0.95	0.652014652014652	0.9984294676980766	-1.0789061936940005	6.718684623460345	0.17168263448871582	No-PER3D	No-Essential3D
391	E	391	23.532	28.085	148.401	0.54	0.719852941176471	0.9626345892370466	-1.0894707249646092	0	1	No-PER3D	No-Essential3D
392	P	392	22.682	30.372	147.179	0.95	0.713903743315508	0.9704647189003969	-1.0596714570429042	0	1	No-PER3D	No-Essential3D
393	L	393	18.965	29.645	147.615	0.95	0.709893048128342	0.9379115190804815	-1.0733769464158123	4.460814040494683	0.23685470635176425	No-PER3D	No-Essential3D
394	T	394	17.359	31.348	144.605	0.95	0.674071723262456	0.9379115190804815	-1.0769449837134721	4.460814040494683	0.23685470635176425	No-PER3D	No-Essential3D
395	F	395	13.766	30.112	144.689	0.95	0.650735294117647	0.9089234559029126	-1.017626551556532	3.323596905838171	0.2974283207813879	No-PER3D	No-Essential3D
396	C	396	10.783	32.019	146.067	0.12	0.682305394482516	0.8952403024869093	-0.9208516976692429	2.8344585276674334	0.3353981298221152	No-PER3D	No-Essential3D
397	S	397	8.854	28.832	146.734	0.95	0.689325544344132	0.8171633301256043	-0.945053274622467	2.466865881363868	0.3715328406113219	No-PER3D	No-Essential3D
398	V	398	9.219	25.06	146.852	0.95	0.68172268907563	0.8862918408639142	-1.0000008043559718	2.180518605309638	0.40591053138130073	No-PER3D	No-Essential3D
399	V	399	6.778	24.827	143.976	0.95	0.653136531365314	0.8310502151383057	-0.8964654869342434	3.060347450551148	0.31664760683904	No-PER3D	No-Essential3D
400	D	400	8.9	27.076	141.805	0.54	0.694580316963412	0.7895653818270594	-0.8160526814507812	2.6386993759092667	0.35368992441416686	No-PER3D	No-Essential3D
401	L	401	11.933	24.967	142.632	0.95	0.694580316963412	0.9027188706265188	-0.9271791922345699	2.6386993759092667	0.35368992441416686	No-PER3D	No-Essential3D
402	I	402	10.178	21.792	141.598	0.95	0.664794007490637	0.9725299544610649	-0.801246169143164	5.258963051660124	0.08340481984543562	No-PER3D	No-Essential3D
403	N	403	8.746	23.427	138.514	0.95	0.666037735849057	0.9215529333339402	-0.5864054649361589	2.8344585276674334	0.3353981298221152	No-PER3D	No-Essential3D
404	H	404	12.215	24.353	137.387	0.95	0.662921348314607	0.9007574670193513	-0.7031869768507465	2.6386993759092667	0.35368992441416686	No-PER3D	No-Essential3D
405	Y	405	13.453	20.79	137.778	0.95	0.763342318059299	0.9475472662271764	-0.4986043545637301	8.234900017004524	0.04135079284189384	PER3D	Essential3D
406	R	406	10.468	19.452	135.933	0.33	0.728644939965695	0.9215529333339402	-0.44159546533031935	9.071779823882647	0.03547801628140862	PER3D	Essential3D
407	H	407	11.769	21.472	133	-0.29	0.729338842975207	0.8926201106353817	-0.4340667520330853	4.006667185720196	0.2575423799747587	No-PER3D	No-Essential3D
408	E	408	15.481	21.018	133.629	0.95	0.764069264069264	0.8868160166431421	-0.3346388711717753	4.460814040494683	0.23685470635176425	No-PER3D	No-Essential3D
409	S	409	17.695	18.114	134.516	0.95	0.759029649595687	0.861867244301159	-0.3121865194090262	0	1	No-PER3D	No-Essential3D
410	L	410	18.886	17.748	138.093	0.95	0.769736842105263	0.9221470895143571	-0.5737072055102626	9.071779823882647	0.03547801628140862	PER3D	Essential3D
411	A	411	22.327	17.362	136.545	0.95	0.762568735271013	0.8508642627620275	-0.20006334912163504	0	1	No-PER3D	No-Essential3D
412	Q	412	22.996	21.072	136.927	0.95	0.762568735271013	0.8772034184385413	-0.40513894695841207	0	1	No-PER3D	No-Essential3D
413	Y	413	22.793	20.38	140.64	0.95	0.801941346551012	0.9643617016124197	-0.5909776585447998	8.065354751859585	0.14888490883244196	No-PER3D	No-Essential3D
414	N	414	24.433	16.951	140.537	0.95	0.771922151760332	0.9483898196342802	-0.4798831546919625	10.07226117707024	0.1255311410869906	No-PER3D	No-Essential3D
415	A	415	26.016	14.86	137.779	0.12	0.766884531590414	0.914994066407261	-0.2152976806552238	0	1	No-PER3D	No-Essential3D
416	K	416	24.726	11.6	139.234	0.95	0.767548655149792	0.9297862404054306	-0.41734773233205424	8.065354751859585	0.14888490883244196	No-PER3D	No-Essential3D
417	L	417	21.201	13.049	139.099	0.95	0.823391812865497	1.0000664286033067	-0.5908787957225297	5.754192963038904	0.19393593684573546	No-PER3D	No-Essential3D
418	D	418	20.87	13.589	135.331	0.95	0.862745098039216	0.939908115336103	-0.35531802306313726	4.006667185720196	0.2575423799747587	No-PER3D	No-Essential3D
419	T	419	17.08	13.109	135.125	0.12	0.837370242214533	0.8836352322634969	-0.3494750268872337	7.536024267472756	0.04757760203191195	PER3D	Essential3D
420	R	420	14.2	15.536	135.446	0.54	0.831932773109244	0.9274944951381084	-0.3171075725794144	3.633989359259633	0.2777300494014269	No-PER3D	No-Essential3D
421	L	421	11.253	15.442	137.79	0.95	0.890452029520295	0.9446825846430239	-0.4407888627676759	9.7433497482561	0.00992250582460553	PER3D	Essential3D
422	L	422	9.08	13.518	135.362	0.54	0.832630469161835	0.8998587433851074	-0.30885022320761357	3.060347450551148	0.31664760683904	No-PER3D	No-Essential3D
423	Y	423	6.297	11.903	137.316	0.95	0.835714285714286	0.9103064056331931	-0.24311988376335236	2.180518605309638	0.40591053138130073	No-PER3D	No-Essential3D
424	P	424	4.65	13.371	140.322	0.95	0.935501066098081	0.9226978189972018	-0.22760641355865413	1.9512007780301763	0.4386064154492723	No-PER3D	No-Essential3D
425	V	425	3.166	10.953	142.811	0.95	0.936329588014981	0.8734747852655174	-0.2212165908654916	2.6386993759092667	0.35368992441416686	No-PER3D	No-Essential3D
426	S	426	-0.224	12.518	143.307	0.95	0.941680042803638	0.8076987198008198	-0.18615567329198715	2.6386993759092667	0.35368992441416686	No-PER3D	No-Essential3D
427	K	427	-2.091	12.706	146.597	0.54	0.935501066098081	0.786170203653249	-0.3687684445342505	2.180518605309638	0.40591053138130073	No-PER3D	No-Essential3D
428	Y	428	-5.442	13.311	144.983	0.95	0.824718045112782	0.8617313700758237	-0.2807786284927393	0	1	No-PER3D	No-Essential3D
429	Q	429	-5.599	9.794	143.563	0.95	0.880503144654088	0.8365408548412647	0.030356378839111246	0	1	No-PER3D	No-Essential3D
430	Q	430	-3.613	9.216	140.492	0.95	0.873907615480649	1.0252756265438492	0.15723583165434912	0	0.9999999999999999	No-PER3D	No-Essential3D
431	D	431	-0.888	8.954	139.553	0.95	0.839492674393177	0.9755120150248561	0.06101492264240369	8.065354751859585	0.14888490883244196	No-PER3D	No-Essential3D
432	Q	432	1.274	11.705	138.203	0.95	0.787654320987654	0.9652658523217497	0.0266635274501375	6.718684623460345	0.17168263448871582	No-PER3D	No-Essential3D
433	I	433	0.462	12.75	134.7	0.54	0.746820583056153	1.0409358858705497	0.009938077081248702	10.07226117707024	0.1255311410869906	No-PER3D	No-Essential3D
434	V	434	3.197	13.809	132.373	0.95	0.787654320987654	0.9015615881657801	-3.3799525634590127e-4	0	0.9999999999999999	No-PER3D	No-Essential3D
435	K	435	2.682	15.547	129.096	0.95	0.787654320987654	0.7928544606829383	-0.3206913020091496	0	1	No-PER3D	No-Essential3D
436	E	436	5.071	15.301	126.225	0.95	0.68290282902829	0.7233208258675989	-0.4760836565072408	0	1	No-PER3D	No-Essential3D
437	D	437	5.953	18.642	124.785	0.95	0.73109243697479	0.7341284882078108	-0.6230722567724876	0	0.9999999999999999	No-PER3D	No-Essential3D
438	S	438	7.148	18.207	121.262	0.54	0.728414442700157	0.8865704725073577	-0.6930876502553102	0	0.9999999999999999	No-PER3D	No-Essential3D
439	V	439	7.053	20.664	118.441	0.54	0.728991596638655	0.8865704725073577	-0.7775908680821677	0	0.9999999999999999	No-PER3D	No-Essential3D
440	E	440	7.088	19.927	114.767	0.54	0.724789915966387	0.8865704725073577	-0.7212919797709507	0	0.9999999999999999	No-PER3D	No-Essential3D
441	A	441	7.584	22.362	111.973	0.95	0.716883116883117	0.6835873202588336	-0.7189728225425246	0	0.9999999999999999	No-PER3D	No-Essential3D
442	V	442	5.117	21.978	109.186	0.95	0.712215320910973	0.6739701749406071	-0.751709187588046	0	0.9999999999999999	No-PER3D	No-Essential3D
443	G	443	3.551	24.043	106.479	0.95	0.733162830349531	0.6819503593536034	-0.7604377440287019	0	1	No-PER3D	No-Essential3D
444	A	444	5.249	25.837	103.663	-0.29	0.733162830349531	0.5788218223241113	-0.8017044871894978	0	1	No-PER3D	No-Essential3D
445	Q	445	4.308	27.683	100.559	0.12	0.728392440008495	0.3414624910657565	-0.9152427985899598	0	1	No-PER3D	No-Essential3D
446	L	446	4.919	25.046	97.985	0.95	0.691996402877698	0.43476926266386845	-1.0332426630963862	0	1	No-PER3D	No-Essential3D
447	K	447	3.934	25.734	94.454	-0.09	0.68794964028777	0.16835387533768043	-1.3018280826403004	0	1	No-PER3D	No-Essential3D
448	V	448	5.198	23.423	91.784	-0.5	0.615523465703971	0.3751838857134952	-1.3886702265700845	0	1	No-PER3D	No-Essential3D
449	Y	449	4.673	23.221	88.057	0.95	0.579951690821256	0.5220318709195926	-1.4614612806694964	0	1	No-PER3D	No-Essential3D
450	H	450	5.482	20.996	85.12	-0.29	0.583757575757576	0.562452213271811	-1.518775639529136	0	1	No-PER3D	No-Essential3D
451	Q	451	9.227	20.624	85.383	0.33	0.587591240875912	0.5493565260299708	-1.8378772630521918	0	1	No-PER3D	No-Essential3D
452	Q	452	9.469	16.979	84.26	0.95	0.551282051282051	0.6935454990989829	-1.8873683536746497	0	1	No-PER3D	No-Essential3D
453	Y	453	7.759	13.559	84.771	0.54	0.551282051282051	0.7921382902869002	-1.6207684331879002	0	0.9999999999999999	No-PER3D	No-Essential3D
454	Q	454	10.178	11.045	83.254	0.95	0.544016868740116	0.8155515532343008	-1.8321259328922144	0	0.9999999999999999	No-PER3D	No-Essential3D
455	D	455	12.691	10.161	85.945	0.54	0.485011312217195	0.8520578800887578	-1.908586730391697	0	0.9999999999999999	No-PER3D	No-Essential3D
456	K	456	10.168	9.18	88.602	0.95	0.523114355231144	0.9079472560933028	-1.5508034626142377	13.388235812566688	0.1016095005696135	No-PER3D	No-Essential3D
457	S	457	8.021	7.449	86.026	0.95	0.523114355231144	0.9704647189003969	-1.3430792004285896	10.07226117707024	0.1255311410869906	No-PER3D	No-Essential3D
458	R	458	10.806	4.879	85.592	0.54	0.583710407239819	0.9411017326628333	-1.3935838625205514	10.07226117707024	0.1255311410869906	No-PER3D	No-Essential3D
459	E	459	10.7	3.91	89.248	0.95	0.694949494949495	0.953685869621789	-1.1869416086002893	12.98932305981649	0.02017362383044481	PER3D	Essential3D
460	Y	460	7.636	1.778	88.584	0.95	0.566255144032922	0.9975690138889173	-1.0393990488350975	17.493783693597955	0.002477739323882864	PER3D	Essential3D
461	D	461	9.577	-0.519	86.249	0.95	0.638888888888889	0.9760576686599328	-1.1368808227416414	5.026927244221623	0.21565622597264664	No-PER3D	No-Essential3D
462	Q	462	12.379	-0.741	88.727	0.33	0.634686346863469	0.9642830375872256	-1.0950351447124813	0	1	No-PER3D	No-Essential3D
463	L	463	9.92	-2.479	91.019	0.95	0.761623616236162	0.9700554786740894	-0.8491951709697613	14.291447589315467	0.00398993770178531	PER3D	Essential3D
464	Y	464	7.879	-4.065	88.241	0.95	0.84004884004884	0.9699872719697048	-0.7985622157739884	17.493783693597955	0.002477739323882864	PER3D	Essential3D
465	E	465	10.685	-5.759	86.362	0.95	0.750545454545455	0.9695098250390127	-0.7218587697077259	0	1	No-PER3D	No-Essential3D
466	E	466	11.573	-7.848	89.411	0.95	0.750545454545455	0.9910383411865834	-0.6070652646303797	8.065354751859585	0.14888490883244196	No-PER3D	No-Essential3D
467	Y	467	7.948	-8.365	90.412	0.95	0.750545454545455	0.9304652760401926	-0.5210505544803916	4.006667185720196	0.2575423799747587	No-PER3D	No-Essential3D
468	T	468	6.935	-9.893	87.106	0.95	0.752727272727273	0.9884066719800892	-0.457242627348026	13.388235812566688	0.1016095005696135	No-PER3D	No-Essential3D
469	R	469	9.773	-12.35	87.345	0.95	0.747826086956522	0.9698917825835663	-0.2677848611984078	0	0.9999999999999999	No-PER3D	No-Essential3D
470	T	470	8.921	-13.126	90.951	0.95	0.794880210042665	0.9058992031960353	-0.2202801773137149	4.460814040494683	0.23685470635176425	No-PER3D	No-Essential3D
471	S	471	5.239	-13.576	90.268	0.95	0.794880210042665	0.9599608864251709	-0.14215607824775975	4.460814040494683	0.23685470635176425	No-PER3D	No-Essential3D
472	Q	472	5.987	-15.869	87.372	0.95	0.794880210042665	1.028904223217109	0.05090024930099792	0	0.9999999999999999	No-PER3D	No-Essential3D
473	E	473	8.182	-17.9	89.649	0.95	0.864759788947515	0.8821577952845636	0.08355823117082593	0	1	No-PER3D	No-Essential3D
474	L	474	5.416	-18.064	92.234	0.75	0.907782864617397	0.8427817682924542	0.11610991632049057	0	1	No-PER3D	No-Essential3D
475	Q	475	3.033	-19.546	89.708	0.95	0.913685592385953	1.0751847456988628	0.4784602410924169	0	1	No-PER3D	No-Essential3D
476	M	476	5.756	-21.906	88.601	0.95	0.914361001317523	1.031714339437754	0.5496749480890518	0	1	No-PER3D	No-Essential3D
477	K	477	6.523	-22.893	92.161	0.95	0.920330578512397	0.8515273834990998	0.5196456553370641	0	1	No-PER3D	No-Essential3D
478	R	478	2.826	-23.306	92.879	0.95	0.921035169210352	0.917869165015356	0.6530621257537726	0	0.9999999999999999	No-PER3D	No-Essential3D
479	T	479	2.26	-25.493	89.877	0.95	0.967832167832168	1.0511281214015347	1.041391758995767	0	1	No-PER3D	No-Essential3D
480	A	480	4.674	-27.963	91.418	0.95	1.06461538461538	0.9339711665457577	0.9550887635431851	0	1	No-PER3D	No-Essential3D
481	I	481	2.841	-28.015	94.717	0.95	1.06382385730212	0.85178505327121945	0.8290477844093462	0	1	No-PER3D	No-Essential3D
482	E	482	-0.264	-28.843	92.773	0.95	1.06382385730212	1.0618162316394841	1.3085811965522298	0	1	No-PER3D	No-Essential3D
483	A	483	1.565	-31.581	90.953	0.95	1.15247584541063	1.0644262748606008	1.2373559949952095	0	1	No-PER3D	No-Essential3D
484	F	484	3.109	-32.776	94.205	0.95	1.13554315720381	0.9155950485577825	1.043860501533622	0	1	No-PER3D	No-Essential3D
485	N	485	-0.13	-32.688	96.098	0.95	1.05692863093585	0.9208102381084191	1.124974739320354	0	1	No-PER3D	No-Essential3D
486	E	486	-1.78	-34.48	93.247	0.95	1.08155844155844	0.9828783390983913	1.483820094936228	0	1	No-PER3D	No-Essential3D
487	T	487	0.915	-37.127	93.052	0.95	1.00945454545455	0.9869707413614663	1.3506948164119743	0	1	No-PER3D	No-Essential3D
488	I	488	0.402	-37.928	96.7	0.95	1.01527272727273	0.9429197036681608	1.1616100765850463	0	0.9999999999999999	No-PER3D	No-Essential3D
489	K	489	-3.304	-38.585	96.334	0.95	0.989943269726663	0.9039404465572985	1.455284832572294	0	1	No-PER3D	No-Essential3D
490	I	490	-2.384	-41.427	93.996	0.95	0.989943269726663	0.9828783390983913	1.481344550713035	0	1	No-PER3D	No-Essential3D
491	F	491	-0.025	-42.82	96.646	0.95	0.989943269726663	0.8693194229676258	1.2136446323610008	0	1	No-PER3D	No-Essential3D
492	E	492	-2.724	-42.529	99.251	0.95	0.983556012332991	0.8612331645829276	1.225212619306391	0	1	No-PER3D	No-Essential3D
493	E	493	-5.019	-44.521	97.015	0.95	1.02369133574007	0.8635668639970199	1.3352406710706652	0	1	No-PER3D	No-Essential3D
494	Q	494	-2.358	-47.187	96.761	0.95	0.944244604316547	0.8399914940221759	1.2706402116154383	0	1	No-PER3D	No-Essential3D
495	G	495	-2.343	-47.543	100.506	0.54	0.953151260504202	0.8239252378649006	1.2420709549480766	0	1	No-PER3D	No-Essential3D
496	Q	496	-6.045	-48.279	100.346	-0.09	1.03869047619048	0.7976289299898592	1.3206151034384706	0	1	No-PER3D	No-Essential3D
497	T	497	-5.681	-50.725	97.486	0.95	1.0431654676259	0.7805531809392243	1.369919644784427	0	1	No-PER3D	No-Essential3D
498	Q	498	-2.744	-52.561	98.917	0.95	1.03869047619048	0.7376782023446955	1.3014348410056338	0	1	No-PER3D	No-Essential3D
499	E	499	-4.598	-53.094	102.144	0.95	0.977711181869264	0.7863438207189551	1.3255411054070332	0	1	No-PER3D	No-Essential3D
500	K	500	-7.79	-54.181	100.408	0.12	0.987234042553192	0.76134296325726	1.446219874449939	0	1	No-PER3D	No-Essential3D
501	C	501	-6.026	-56.343	97.858	-0.29	0.970801562209411	0.7587965796269023	1.4610218482650863	0	1	No-PER3D	No-Essential3D
502	S	502	-3.884	-57.938	100.53	0.95	0.990747330960854	0.7790292582550715	1.360547094961477	0	1	No-PER3D	No-Essential3D
503	K	503	-6.979	-59.123	102.32	0.95	1.03334891693938	0.7989021218050381	1.4365575652540739	0	1	No-PER3D	No-Essential3D
504	E	504	-7.684	-61.492	99.487	0.95	1.00542280969327	0.8768348629130948	1.3527409630975205	0	0.9999999999999999	No-PER3D	No-Essential3D
505	Y	505	-6.03	-64.639	100.726	0.95	1.0126301416624	0.8969378915738145	1.2507797265041056	0	1	No-PER3D	No-Essential3D
506	L	506	-8.606	-66.834	99.102	0.75	1.01336073997945	0.9029400815596581	1.2710805616276	0	1	No-PER3D	No-Essential3D
507	E	507	-8.789	-64.536	96.122	0.95	1.0236369910283	0.8350062039926117	1.30511274266737	0	1	No-PER3D	No-Essential3D
508	R	508	-11.116	-65.39	93.346	0.54	1.0236369910283	0.8289494486432605	1.3715307227069977	0	1	No-PER3D	No-Essential3D
509	F	509	-8.817	-68.228	92.495	0.95	1.02070393374741	0.9580510987024026	1.312922163023321	0	1	No-PER3D	No-Essential3D
510	R	510	-6.776	-70.937	94.124	0.54	0.906493506493507	0.9816630196384479	1.2301794825665335	0	1	No-PER3D	No-Essential3D
511	R	511	-3.758	-69.764	96.044	0.95	0.909801876955162	1.00443165768392	1.2052491516837507	0	1	No-PER3D	No-Essential3D
512	E	512	-0.931	-71.408	97.9	0.95	0.944895684026119	0.998009734132633	1.1499027722745918	0	1	No-PER3D	No-Essential3D
513	G	513	2.103	-70.404	99.884	0.95	0.926470588235294	0.9433604239118765	1.0941606996589055	0	1	No-PER3D	No-Essential3D
514	N	514	0.096	-67.952	101.938	0.95	0.926470588235294	0.9835149350059808	1.2079100615859324	0	1	No-PER3D	No-Essential3D
515	E	515	2.78	-67.904	104.605	0.95	0.943014705882353	0.9609892336605077	1.1377650489620268	0	1	No-PER3D	No-Essential3D
516	K	516	5.457	-66.529	102.329	0.95	0.973576642335767	0.8685639025498273	1.1533308800545314	0	1	No-PER3D	No-Essential3D
517	E	517	2.974	-63.935	101.145	0.95	0.960766423357664	0.9173089606166772	1.2124325480598306	0	1	No-PER3D	No-Essential3D
518	M	518	2.41	-62.518	104.581	0.54	0.966521739130435	0.8635668639970199	1.2479975896229631	0	1	No-PER3D	No-Essential3D
519	Q	519	5.826	-60.927	104.958	0.33	0.9728	0.7724197320493167	1.2046201920251067	0	1	No-PER3D	No-Essential3D
520	R	520	6.526	-60.088	101.363	0.95	0.979124087591241	0.7627753040493365	1.1771552441534896	0	1	No-PER3D	No-Essential3D
521	I	521	3.412	-57.949	101.146	0.95	0.991016282987086	0.7527489185048024	1.247362465932249	0	0.9999999999999999	No-PER3D	No-Essential3D
522	L	522	4.115	-56.426	104.534	0.54	1.00113122171946	0.8043131870195486	1.2066310116582053	0	1	No-PER3D	No-Essential3D
523	L	523	7.549	-55.298	103.502	-0.29	0.989963099630996	0.7627753040493365	1.1694437230916765	0	1	No-PER3D	No-Essential3D
524	N	524	6.121	-53.675	100.373	0.95	0.962778758222365	0.8043131870195486	1.1483975539379074	0	1	No-PER3D	No-Essential3D
525	S	525	3.482	-51.843	102.329	-0.09	0.989963099630996	0.7238817425414189	1.2087639942401156	0	0.9999999999999999	No-PER3D	No-Essential3D
526	E	526	6.338	-50.689	104.538	0.54	0.986111111111111	0.7467012573827027	1.1141441306448963	0	1	No-PER3D	No-Essential3D
527	R	527	8.382	-49.518	101.62	0.54	0.914653784219002	0.786170203653249	1.075061096807155	0	1	No-PER3D	No-Essential3D
528	L	528	5.304	-47.874	100.141	0.95	0.899925650557621	0.833180362982932	1.1581054747655428	0	1	No-PER3D	No-Essential3D
529	K	529	4.737	-46.172	103.437	0.95	0.894074074074074	0.7527489185048024	1.0682105851230501	0	1	No-PER3D	No-Essential3D
530	S	530	8.325	-44.945	103.407	0.95	0.93827736318408	0.6848391138922447	0.8322819970122456	0	1	No-PER3D	No-Essential3D
531	R	531	7.962	-43.562	99.876	0.95	0.918883841661259	0.8292768408243065	0.8726431692126628	0	1	No-PER3D	No-Essential3D
532	I	532	5.068	-41.307	100.757	0.75	0.928703703703704	0.860945738337026	1.0009656472621578	0	1	No-PER3D	No-Essential3D
533	A	533	7.143	-40.071	103.65	0.33	0.927890528905289	0.7734382855014599	0.6939045874559033	0	1	No-PER3D	No-Essential3D
534	E	534	10.01	-38.698	101.561	0.95	0.870848708487085	0.7734382855014599	0.6984207547866286	0	1	No-PER3D	No-Essential3D
535	I	535	7.545	-37.23	99.088	0.95	0.871604938271605	0.8882703934474043	0.9963776110839159	0	0.9999999999999999	No-PER3D	No-Essential3D
536	H	536	5.779	-35.396	101.875	-0.29	0.819444444444445	0.8716332042471336	0.8749557099553287	0	0.9999999999999999	No-PER3D	No-Essential3D
537	E	537	9.099	-33.879	102.877	0.54	0.838376383763838	0.7773248710425323	0.6641318993617293	0	1	No-PER3D	No-Essential3D
538	S	538	9.943	-33.091	99.282	0.95	0.838376383763838	0.7764476479737009	0.8073090250049506	0	1	No-PER3D	No-Essential3D
539	R	539	6.671	-31.245	98.96	0.54	0.834024322830293	0.8341270953583214	0.8710046572802849	0	1	No-PER3D	No-Essential3D
540	T	540	7.229	-29.347	102.179	-0.29	0.830178326474623	0.7501570637381881	0.5423202904308537	0	0.9999999999999999	No-PER3D	No-Essential3D
541	K	541	10.589	-27.954	101.178	0.54	0.844491302055878	0.6645468802558947	0.3877556016088008	0	1	No-PER3D	No-Essential3D
542	L	542	9.025	-26.564	98.015	0.95	0.824074074074074	0.7697166478878599	0.6323958501701229	0	1	No-PER3D	No-Essential3D
543	E	543	6.114	-25.263	100.034	0.95	0.782417582417582	0.7697166478878599	0.6020913775602305	0	1	No-PER3D	No-Essential3D
544	Q	544	8.686	-23.515	102.186	0.33	0.794405594405594	0.6524850630594629	0.12876938489200138	0	1	No-PER3D	No-Essential3D
545	Q	545	10.324	-21.863	99.17	0.12	0.818749152082486	0.7118620995309887	0.21779908444294868	0	1	No-PER3D	No-Essential3D
546	L	546	7.016	-20.532	97.955	0.95	0.783766233766234	0.7462768601109763	0.2090136288445407	0	1	No-PER3D	No-Essential3D
547	R	547	6.525	-18.92	101.311	0.54	0.769937821032712	0.6501933177921407	0.05080919938516305	0	0.9999999999999999	No-PER3D	No-Essential3D
548	A	548	9.841	-17.142	100.943	-0.5	0.758859579003464	0.7019385135648334	-0.1378848530666934	0	1	No-PER3D	No-Essential3D
549	Q	549	9.382	-15.8	97.438	0.95	0.763440860215054	0.833702698086595	-0.12637130148987105	0	0.9999999999999999	No-PER3D	No-Essential3D
550	A	550	5.806	-14.891	98.203	0.95	0.771119133574007	0.8239252378649006	-0.15059879023417846	3.323596905838171	0.2974283207813879	No-PER3D	No-Essential3D
551	S	551	6.933	-12.921	101.249	-0.29	0.771119133574007	0.7266652388175187	-0.37596226055264304	5.026927244221623	0.21565622597264664	No-PER3D	No-Essential3D
552	D	552	9.405	-10.968	99.176	0.54	0.744904076738609	0.7999538889567077	-0.37750752313352953	3.633989359259633	0.2777300494014269	No-PER3D	No-Essential3D
553	N	553	6.66	-10.076	96.76	0.12	0.766187050359712	0.8853427518284351	-0.386112036103797	6.431246498944366	0.061021210941336904	No-PER3D	No-Essential3D
554	R	554	4.537	-8.62	99.549	0.95	0.769565217391304	0.8043131870195486	-0.4419786861485845	7.536024267472756	0.04757760203191195	PER3D	Essential3D
555	E	555	7.435	-6.363	100.495	0.95	0.739377950569286	0.8261752306880811	-0.5231334384927161	9.071779823882647	0.03547801628140862	PER3D	Essential3D
556	I	556	7.367	-5.109	96.898	0.95	0.692238267148014	0.9244094534320981	-0.6240241853479291	9.071779823882647	0.03547801628140862	PER3D	Essential3D
557	D	557	3.664	-4.291	97.064	0.95	0.693333333333333	0.9339711665457577	-0.5818774174984375	15.735677571358481	0.003177745198739474	PER3D	Essential3D
558	K	558	4.685	-2.152	99.955	0.95	0.72818152967312	0.8666200114748667	-0.6164008243113431	17.493783693597955	0.002477739323882864	PER3D	Essential3D
559	R	559	6.836	-0.211	97.484	0.54	0.741596638655462	0.9531402159867124	-0.750740879124531	22.466130486332503	0.0013885089098728493	PER3D	Essential3D
560	M	560	4.752	-0.496	94.328	0.95	0.73469387755102	0.9747044476449427	-0.8413032979696521	17.493783693597955	0.002477739323882864	PER3D	Essential3D
561	N	561	1.387	0.547	95.778	0.95	0.75974025974026	0.9819234452370071	-0.6798005456044424	22.466130486332503	0.0013885089098728493	PER3D	Essential3D
562	S	562	2.93	3.515	97.511	0.95	0.764705882352941	1.0191643058309905	-0.7649872660132363	26.174362444780517	9.851475465476867e-4	PER3D	Essential3D
563	L	563	4.137	5.072	94.241	0.75	0.698739216987392	0.9900400430587727	-0.9801546593611782	17.493783693597955	0.002477739323882864	PER3D	Essential3D
564	K	564	0.924	4.442	92.305	0.95	0.698739216987392	1.0166732783665098	-0.969487637449605	19.679455399156065	0.0018835985350385295	PER3D	Essential3D
565	P	565	-1.151	7.29	93.734	0.95	0.728778467908903	1.0099973247617022	-0.9258121310309688	18.150383106765705	0.012098554894798677	PER3D	Essential3D
566	D	566	1.441	9.745	92.566	0.95	0.733535805626599	0.9698917825835663	-1.068877436906603	29.9688353784725	0.005922938500104865	PER3D	Essential3D
567	L	567	-0.063	9.6	89.1	0.95	0.751354489164087	0.9698917825835663	-1.150933457043932	44.47963027040711	0.0036032642681167793	PER3D	Essential3D
568	M	568	-3.565	9.814	90.529	0.54	0.743757203227046	0.9618706741479393	-0.8144777141723313	44.47963027040711	0.0036032642681167793	PER3D	Essential3D
569	Q	569	-2.709	13.073	92.258	0.95	0.702	0.9424789834244449	-0.8736221385243821	39.162215161532515	0.052014199722179334	No-PER3D	No-Essential3D
570	L	570	-1.16	14.261	88.992	0.95	0.67177033492823	0.7949006618144758	-1.2335405868958174	19.941382312480087	0.0771079414942393	No-PER3D	No-Essential3D
571	R	571	-4.43	13.786	87.14	0.95	0.666149068322981	0.9184912101593434	-0.9453269867956547	19.941382312480087	0.0771079414942393	No-PER3D	No-Essential3D
572	K	572	-5.804	17.164	88.091	0.95	0.700915969733174	0.9054584829523197	-1.00101368065543	0	1	No-PER3D	No-Essential3D
573	I	573	-2.659	18.922	86.885	-0.09	0.701438848920863	0.7394365746725641	-1.198010727305894	0	1	No-PER3D	No-Essential3D
574	R	574	-1.801	16.605	84.008	0.95	0.69995988768552	0.8116340399568273	-1.2594024051573154	0	1	No-PER3D	No-Essential3D
575	D	575	-5.189	16.466	82.322	0.95	0.676328502415459	0.7529174291862232	-1.186402720188844	0	0.9999999999999999	No-PER3D	No-Essential3D
576	Q	576	-5.478	20.233	82.594	0.95	0.638181818181818	0.7998115445301659	-1.3051785581775703	0	1	No-PER3D	No-Essential3D
577	Y	577	-2.64	20.838	80.162	0.33	0.638181818181818	0.7998115445301659	-1.3051785581775703	0	1	No-PER3D	No-Essential3D
578	L	578	-4.584	21.478	76.981	0.95	0.638686131386861	0.7517940246434182	-1.3156416856052136	0	0.9999999999999999	No-PER3D	No-Essential3D
579	V	579	-3.264	22.937	73.696	0.33	0.638181818181818	0.7336510412771188	-1.558929368557683	0	1	No-PER3D	No-Essential3D
580	W	580	-5.946	21.209	71.633	0.95	0.634057971014493	0.7627753040493365	-1.6129983288053984	0	1	No-PER3D	No-Essential3D
581	L	581	-9.379	20.787	73.106	0.95	0.641025641025641	0.7498842369206499	-1.6380262560962187	0	0.9999999999999999	No-PER3D	No-Essential3D
582	T	582	-9.895	17.74	70.979	0.75	0.592194570135747	0.5027577055944225	-1.845205831298892	0	0.9999999999999999	No-PER3D	No-Essential3D
583	Q	583	-7.664	14.725	71.038	-0.09	0.592194570135747	0.5543697188022377	-1.6797470598374824	0	1	No-PER3D	No-Essential3D
584	K	584	-7	12.336	68.214	0.95	0.588334742180896	0.5722739787031913	-1.561124702152134	0	1	No-PER3D	No-Essential3D
585	G	585	-9.092	9.22	68.253	0.95	0.588800904977376	0.4953368161573797	-1.589584805939739	0	1	No-PER3D	No-Essential3D
586	A	586	-8.169	5.871	66.854	0.33	0.637867647058824	0.5796403027767264	-1.4764445470920207	0	0.9999999999999999	No-PER3D	No-Essential3D
587	R	587	-9.492	3.981	63.882	0.95	0.701010101010101	0.6739701749406071	-1.4533233809200017	0	0.9999999999999999	No-PER3D	No-Essential3D
588	Q	588	-8.894	0.361	63.129	0.95	0.693306693306693	0.8155515532343008	-1.3877987306900932	0	1	No-PER3D	No-Essential3D
589	K	589	-7.987	-0.662	59.624	0.95	0.744772447724477	0.7660306240313279	-1.2667829336745577	0	1	No-PER3D	No-Essential3D
590	K	590	-5.243	-2.091	57.449	0.54	0.686934389140272	0.7338420200493956	-1.0951363132502387	0	1	No-PER3D	No-Essential3D
591	I	591	-2.18	-0.067	56.668	0.75	0.631386861313869	0.7660306240313279	-1.0227011804612112	0	0.9999999999999999	No-PER3D	No-Essential3D
592	N	592	-3.481	3.176	55.242	0.95	0.578595317725752	0.740110617398247	-1.2329150234133357	0	0.9999999999999999	No-PER3D	No-Essential3D
593	E	593	-6.386	4.719	57.032	-0.5	0.626353790613718	0.6410263367228526	-1.2654002041581716	0	1	No-PER3D	No-Essential3D
594	W	594	-7.837	7.913	58.363	0.95	0.628623188405797	0.5580869841911976	-1.3018644498125689	0	1	No-PER3D	No-Essential3D
595	L	595	-9.014	8.928	61.782	0.95	0.577753182069729	0.4818773598254883	-1.4344364168787804	0	1	No-PER3D	No-Essential3D
596	G	596	-12.479	10.346	62.156	0.95	0.52158273381295	0.46556458969350845	-1.6239127985658852	0	1	No-PER3D	No-Essential3D
597	I	597	-12.534	13.581	60.254	-1.33	0.521206690561529	0.4553949700697668	-1.7514494835257008	0	1	No-PER3D	No-Essential3D
598	K	598	-14.089	16.623	61.821	-1.33	0.576923076923077	0.45482203375293634	-1.9318709904700817	0	0.9999999999999999	No-PER3D	No-Essential3D
599	N	599	-13.568	20.282	61.261	0.95	0.532282663955262	0.3240015747433028	-1.9381036753289238	0	1	No-PER3D	No-Essential3D
600	E	600	-12.701	22.448	64.187	0.95	0.543371886120997	0.34309945197098657	-1.726674834199272	0	1	No-PER3D	No-Essential3D
601	T	601	-12.01	26.133	64.549	0.12	0.585	0.560815252366581	-1.627397258738272	0	1	No-PER3D	No-Essential3D
602	E	602	-9.378	27.599	66.833	0.54	0.532282663955262	0.7071343732802193	-1.5904484807058188	0	1	No-PER3D	No-Essential3D
603	D	603	-7.987	30.938	67.76	0.54	0.576275207591934	0.6387345914555307	-1.5613741369259775	0	0.9999999999999999	No-PER3D	No-Essential3D
604	Q	604	-4.981	29.559	65.994	0.54	0.621428571428571	0.550398228424208	-1.5157359420076701	0	0.9999999999999999	No-PER3D	No-Essential3D
605	Y	605	-5.962	28.985	62.438	0.95	0.724202980569704	0.6149837768669203	-1.5827322420877754	0	0.9999999999999999	No-PER3D	No-Essential3D
606	A	606	-2.93	27.515	60.838	-0.29	0.683571428571429	0.5676904881685472	-1.5177036743744312	0	0.9999999999999999	No-PER3D	No-Essential3D
607	L	607	-1.437	24.346	59.522	0.75	0.681138790035587	0.5984653531868718	-1.1192959799349869	0	1	No-PER3D	No-Essential3D
608	M	608	0.76	21.614	60.843	-0.09	0.641851106639839	0.6150532236932028	-0.9882518166435479	0	1	No-PER3D	No-Essential3D
609	E	609	-1.055	18.363	61.312	0.95	0.645970048796904	0.7266297628845879	-0.9042393768936852	0	1	No-PER3D	No-Essential3D
610	D	610	0.235	14.877	61.797	0.54	0.676982591876209	0.773183647138424	-0.9855047966479711	0	1	No-PER3D	No-Essential3D
611	E	611	-1.968	11.885	60.905	0.54	0.676982591876209	0.6030041993331915	-1.2539561812920406	0	1	No-PER3D	No-Essential3D
612	D	612	-1.599	8.256	60.036	0.54	0.704007426891536	0.8196782973345487	-1.1549983808461641	0	1	No-PER3D	No-Essential3D
613	D	613	-1.129	8.819	56.355	0.33	0.779017857142857	0.7734382855014599	-1.1401338414776467	0	1	No-PER3D	No-Essential3D
614	L	614	1.419	10.071	53.901	0.95	0.779017857142857	0.8345969637663041	-1.1632835457997481	0	1	No-PER3D	No-Essential3D
615	P	615	2.918	13.49	53.73	0.95	0.757631822386679	0.808814829508931	-1.0565411047441113	0	1	No-PER3D	No-Essential3D
616	H	616	0.85	13.995	50.567	0.95	0.757631822386679	0.8305864095484905	-1.025305153012012	0	1	No-PER3D	No-Essential3D
617	H	617	-2.188	14.699	52.723	0.33	0.752296387017759	0.8143395725640824	-1.0326875210055686	0	1	No-PER3D	No-Essential3D
618	E	618	-1.222	18.329	52.779	0.54	0.723498233215548	0.7753226093879246	-0.9147847233303853	0	1	No-PER3D	No-Essential3D
619	E	619	-2.471	20.007	49.614	0.95	0.723498233215548	0.8511029862273736	-0.7796690316681218	0	1	No-PER3D	No-Essential3D
620	R	620	0.271	22.613	49.286	0.54	0.708540372670807	0.7431131713581074	-0.6994906120331822	0	1	No-PER3D	No-Essential3D
621	T	621	3.068	20.098	49.522	0.95	0.740213523131673	0.7454280655675236	-0.7789987519686031	0	1	No-PER3D	No-Essential3D
622	W	622	2.521	19.011	45.884	0.95	0.740213523131673	0.863697262020765	-0.7349388428016854	0	1	No-PER3D	No-Essential3D
623	Y	623	0.387	21.849	44.513	-0.09	0.787946428571429	0.7773456672790778	-0.4260173965232015	0	1	No-PER3D	No-Essential3D
624	V	624	2.147	24.8	42.838	0.95	0.767391304347826	0.780653039120807	-0.40980629089046905	0	1	No-PER3D	No-Essential3D
625	G	625	-0.871	26.841	41.663	-0.5	0.827489481065919	0.7152352310932808	-0.23411730653511004	0	1	No-PER3D	No-Essential3D
626	K	626	-0.549	28.79	38.427	-0.5	0.847619047619047	0.6725378341485309	-0.09844894455548112	3.060347450551148	0.31664760683904	No-PER3D	No-Essential3D
627	I	627	2.874	28.035	36.98	-0.29	0.813714285714286	0.6649402003818653	-0.1686835047197101	2.8344585276674334	0.3353981298221152	No-PER3D	No-Essential3D
628	N	628	4.642	27.436	33.657	0.95	0.777443197372023	0.6925906052375986	-0.1256037805278356	2.466865881363868	0.3715328406113219	No-PER3D	No-Essential3D
629	R	629	6.78	24.444	32.645	0.95	0.760714285714286	0.7607502705157113	-0.1089466717401198	2.180518605309638	0.40591053138130073	No-PER3D	No-Essential3D
630	T	630	9.785	26.74	32.56	0.12	0.771158904533499	0.6551812339621946	-0.22780045352559364	4.460814040494683	0.23685470635176425	No-PER3D	No-Essential3D
631	Q	631	9.078	27.671	36.16	0.12	0.784863945578231	0.5569956769210442	-0.2555520553797633	0	1	No-PER3D	No-Essential3D
632	A	632	8.293	24.055	36.993	0.95	0.792737238780404	0.6969718829545378	-0.20827204699636234	0	1	No-PER3D	No-Essential3D
633	E	633	11.525	22.702	35.595	0.95	0.820816864295125	0.7191154347204928	-0.23125355674415113	0	1	No-PER3D	No-Essential3D
634	E	634	13.46	25.202	37.611	0.12	0.799134199134199	0.6966011594554122	-0.2515532625320938	0	1	No-PER3D	No-Essential3D
635	M	635	12.211	24.048	41.012	0.54	0.770181818181818	0.7102030920142404	-0.41896346000103046	0	1	No-PER3D	No-Essential3D
636	L	636	12.4	20.332	40.289	0.95	0.641818181818182	0.7741497750452362	-0.2979268655516787	0	1	No-PER3D	No-Essential3D
637	S	637	15.91	20.464	38.93	-0.5	0.676142912024587	0.7230003020539874	-0.15739214378813804	0	1	No-PER3D	No-Essential3D
638	G	638	18.275	19.461	41.703	0.95	0.681114551083591	0.6886705146487583	-0.12541331333930283	0	1	No-PER3D	No-Essential3D
639	K	639	15.605	17.533	43.573	0.95	0.75412701495436	0.7365157228612712	-0.4526396392294061	0	0.9999999999999999	No-PER3D	No-Essential3D
640	R	640	15.527	13.763	43.999	-0.29	0.855072463768116	0.7941149205799654	-0.5191706394066975	0	0.9999999999999999	No-PER3D	No-Essential3D
641	D	641	14.449	11.572	41.148	0.95	0.839111111111111	0.7780903325184597	-0.4949260282838665	0	0.9999999999999999	No-PER3D	No-Essential3D
642	G	642	10.863	10.938	42.158	0.95	0.819444444444445	0.8361827696432457	-0.721398393417955	0	1	No-PER3D	No-Essential3D
643	T	643	9.446	14.229	43.475	0.12	0.778461117944513	0.8091831457126079	-0.5934666459499808	0	1	No-PER3D	No-Essential3D
644	F	644	6.004	15.723	42.751	0.95	0.756551141166526	0.8401535366168349	-0.579208347525768	0	1	No-PER3D	No-Essential3D
645	L	645	5.234	19.398	42.199	0.95	0.756551141166526	0.7293858486962693	-0.37661242665703265	0	1	No-PER3D	No-Essential3D
646	I	646	2.09	19.731	40.08	0.54	0.772100567721006	0.8507476768836028	-0.2611522141428364	0	1	No-PER3D	No-Essential3D
647	R	647	1.262	22.923	38.16	0.95	0.743896103896104	0.7965376227197059	-0.13465068308700054	1.9512007780301763	0.4386064154492723	No-PER3D	No-Essential3D
648	E	648	-1.683	23.993	36.056	0.95	0.778909090909091	0.7127357854100264	0.003091419311134924	2.180518605309638	0.40591053138130073	No-PER3D	No-Essential3D
649	S	649	-1.817	23.473	32.3	0.95	0.811671087533157	0.7230003020539874	0.07993471733239342	2.180518605309638	0.40591053138130073	No-PER3D	No-Essential3D
650	S	650	-1.617	25.977	29.49	0.95	0.808708784293985	0.7911356517324467	0.12702216004496542	2.180518605309638	0.40591053138130073	No-PER3D	No-Essential3D
651	Q	651	-4.775	24.394	28.164	0.12	0.820559610705596	0.7387625319468811	0.17510424337683875	3.060347450551148	0.31664760683904	No-PER3D	No-Essential3D
652	R	652	-7.946	26.091	29.313	0.12	0.855769230769231	0.7317412535543504	0.1809288055079532	4.006667185720196	0.2575423799747587	No-PER3D	No-Essential3D
653	G	653	-9.233	24.846	32.633	0.95	0.883374689826303	0.692208647693045	0.21678114084638103	3.633989359259633	0.2777300494014269	No-PER3D	No-Essential3D
654	C	654	-6.892	21.894	32.873	0.95	0.859913793103448	0.7322187004850423	0.10569278655515948	2.466865881363868	0.3715328406113219	No-PER3D	No-Essential3D
655	Y	655	-3.909	20.837	35.005	0.95	0.865504517114137	0.7394997661780968	0.03762371319530131	1.8529077465139807	0.45434642249275065	No-PER3D	No-Essential3D
656	A	656	-0.409	19.479	34.54	0.95	0.829130211013896	0.7782127548083807	0.007861480302393222	1.6816006967513566	0.48465457085154867	No-PER3D	No-Essential3D
657	C	657	1.977	17.23	36.429	0.95	0.802055877701634	0.8774927802147184	-0.30248325251061087	1.8529077465139807	0.45434642249275065	No-PER3D	No-Essential3D
658	S	658	5.668	18.033	36.407	0.95	0.80801911842804	0.7998115445301659	-0.2422352597275895	0	0.9999999999999999	No-PER3D	No-Essential3D
659	V	659	7.755	15.196	37.834	0.95	0.831761650949843	0.8186365949403113	-0.4378788308430494	0	1	No-PER3D	No-Essential3D
660	V	660	11.431	14.356	38.121	0.95	0.854761904761905	0.7999000289034216	-0.45041777598736915	0	1	No-PER3D	No-Essential3D
661	V	661	11.915	10.908	36.637	0.33	0.816937119675457	0.8438110694677126	-0.5674021312569841	0	0.9999999999999999	No-PER3D	No-Essential3D
662	D	662	15.046	8.931	37.483	0.95	0.868710089399744	0.7043221583917473	-0.41756065328373093	0	0.9999999999999999	No-PER3D	No-Essential3D
663	G	663	16.815	10.984	34.846	0.95	0.879012345679012	0.7326961474157345	-0.37336332697890395	0	1	No-PER3D	No-Essential3D
664	D	664	15.047	14.332	34.555	0.54	0.872549019607843	0.7522714715741103	-0.29333020518953423	0	1	No-PER3D	No-Essential3D
665	T	665	11.758	16.27	34.922	0.12	0.868494423791822	0.7674093477884067	-0.27439035119982147	0	1	No-PER3D	No-Essential3D
666	K	666	8.86	15.33	32.614	0.95	0.863615241635688	0.850990645773093	-0.35344964126380535	0	1	No-PER3D	No-Essential3D
667	H	667	5.452	17.004	32.381	0.95	0.89480019258546	0.9299251340579956	-0.21640717557345787	2.3153964918832184	0.38893654656362364	No-PER3D	No-Essential3D
668	C	668	2.093	15.327	31.634	0.95	0.911791295363554	0.9483898196342802	-0.25907200112441803	2.3153964918832184	0.38893654656362364	No-PER3D	No-Essential3D
669	V	669	-1.421	16.747	31.599	0.95	0.921275211450878	0.9197321321358887	-0.180216369870607	1.9512007780301763	0.4386064154492723	No-PER3D	No-Essential3D
670	I	670	-3.896	15.759	34.297	0.95	0.907332251082251	0.9695098250390127	-0.3643929644250187	1.9512007780301763	0.4386064154492723	No-PER3D	No-Essential3D
671	Y	671	-7.538	16.248	33.374	0.12	0.823632641123135	0.8877470381579917	-0.2745275184556655	0	1	No-PER3D	No-Essential3D
672	R	672	-10.835	17.344	34.863	-0.29	0.823255039147093	0.8670398355001303	-0.2749914875855876	0	0.9999999999999999	No-PER3D	No-Essential3D
673	T	673	-14.034	15.447	34.085	0.95	0.83406034169393	0.8921219051424857	-0.40404709123549387	0	1	No-PER3D	No-Essential3D
674	A	674	-17.388	14.764	35.689	0.95	0.87911877394636	0.7662538459729502	-0.4194806677484151	0	1	No-PER3D	No-Essential3D
675	T	675	-16.043	11.335	36.479	0.12	0.853354760948172	0.8230178726572505	-0.6070340541176921	0	1	No-PER3D	No-Essential3D
676	G	676	-13.1	12.846	38.281	0.95	0.853354760948172	0.8921219051424857	-0.5669484171782014	0	0.9999999999999999	No-PER3D	No-Essential3D
677	F	677	-9.442	13.53	37.55	0.54	0.820236586396282	0.9378073488410577	-0.5566304644239444	0	0.9999999999999999	No-PER3D	No-Essential3D
678	G	678	-6.85	11.441	35.747	0.95	0.867647058823529	0.9592515366995711	-0.6037610984667365	0	0.9999999999999999	No-PER3D	No-Essential3D
679	F	679	-4.25	11.25	32.98	0.95	0.754261363636364	1.0018025992603687	-0.6961011028950367	0	1	No-PER3D	No-Essential3D
680	A	680	-6.334	9.194	30.509	0.95	0.71057928874972	0.9155149176043796	-0.6353202818587305	0	1	No-PER3D	No-Essential3D
681	E	681	-10.084	8.838	29.811	0.95	0.673664122137405	0.888293589249705	-0.4680340383033808	0	1	No-PER3D	No-Essential3D
682	P	682	-11.053	5.345	30.906	0.95	0.634036820835204	0.9396693918707568	-0.7920627333004296	0	1	No-PER3D	No-Essential3D
683	Y	683	-8.571	5.962	33.721	0.95	0.539463601532567	0.8982747429797524	-0.7498306932879877	0	1	No-PER3D	No-Essential3D
684	N	684	-9.839	9.146	35.356	0.95	0.585551330798479	0.9147136080703508	-0.654815922003658	0	0.9999999999999999	No-PER3D	No-Essential3D
685	L	685	-12.168	8.339	38.221	0.95	0.629836725564751	0.8921219051424857	-0.6410421585039463	0	0.9999999999999999	No-PER3D	No-Essential3D
686	Y	686	-10.66	10.468	40.977	0.95	0.625083240843507	0.9211285360622139	-0.7529324756113909	0	1	No-PER3D	No-Essential3D
687	G	687	-12.923	12.813	42.91	0.33	0.707887700534759	0.8627526913362606	-0.6575063460249428	0	1	No-PER3D	No-Essential3D
688	S	688	-10.118	15.125	43.932	0.95	0.713291423439605	0.8612331645829276	-0.5949527165876295	0	1	No-PER3D	No-Essential3D
689	L	689	-6.702	16.084	42.611	0.95	0.762931034482759	0.8918087474040938	-0.5767164171853707	0	1	No-PER3D	No-Essential3D
690	K	690	-5.396	15.05	46.049	0.95	0.762931034482759	0.9330262940592308	-0.7534202402476248	0	0.9999999999999999	No-PER3D	No-Essential3D
691	E	691	-6.977	11.575	46.14	0.95	0.680769230769231	0.9334729610528617	-0.9974519891178315	0	1	No-PER3D	No-Essential3D
692	L	692	-5.331	11.038	42.785	0.95	0.687258687258687	0.8577310730299227	-0.992325440765746	0	1	No-PER3D	No-Essential3D
693	V	693	-1.898	11.859	44.154	0.95	0.646831705655235	0.8628555260597943	-0.9204373120804387	0	1	No-PER3D	No-Essential3D
694	L	694	-2.524	9.509	47.057	0.95	0.561640748253324	0.8276926851095677	-1.1631255664586477	0	1	No-PER3D	No-Essential3D
695	H	695	-3.484	6.785	44.589	0.95	0.545593869731801	0.9033038506497091	-1.2458240035253845	0	1	No-PER3D	No-Essential3D
696	Y	696	-0.415	7.511	42.413	0.95	0.584564860426929	0.9274944951381084	-1.1977605989099636	0	1	No-PER3D	No-Essential3D
697	Q	697	2.189	7.248	45.148	0.95	0.545593869731801	0.8591665343901734	-1.1700251168576192	0	1	No-PER3D	No-Essential3D
698	H	698	1.392	3.532	45.289	-0.09	0.54980694980695	0.9160357688014983	-1.5479555608170477	0	1	No-PER3D	No-Essential3D
699	A	699	0.825	3.014	41.538	0.12	0.54980694980695	0.9130203145023903	-1.7043639788410516	0	1	No-PER3D	No-Essential3D
700	S	700	3.175	3.783	38.663	0.95	0.554085603112841	0.8981601557163863	-1.5100088045253643	0	1	No-PER3D	No-Essential3D
701	L	701	2.808	6.365	35.863	0.95	0.554085603112841	0.9483898196342802	-0.9915849175821417	0	1	No-PER3D	No-Essential3D
702	V	702	4.067	3.88	33.283	0.95	0.536358173076923	0.8789634188889357	-1.4189649149102055	0	1	No-PER3D	No-Essential3D
703	Q	703	0.565	2.884	32.245	0.95	0.59765625	0.9383501306148971	-1.5218088927083946	0	1	No-PER3D	No-Essential3D
704	H	704	-0.221	6.308	30.812	0.95	0.654427083333333	1.0057127575227958	-1.2170774087570104	0	1	No-PER3D	No-Essential3D
705	N	705	3.222	6.704	29.29	0.95	0.618356299212599	1.0326451603446496	-1.0383730644636324	0	1	No-PER3D	No-Essential3D
706	D	706	6.136	4.301	29.003	0.95	0.579700115340254	0.9609892336605077	-1.4227122566235868	0	1	No-PER3D	No-Essential3D
707	A	707	8.481	7.223	29.408	0.33	0.629193899782135	0.9416814896501021	-0.7144432888355887	0	1	No-PER3D	No-Essential3D
708	L	708	7.095	8.3	32.789	0.95	0.670588235294118	0.9164308972958641	-0.6987657591718969	0	1	No-PER3D	No-Essential3D
709	T	709	8.656	5.709	35.05	0.75	0.577636363636364	0.88899317464709815	-0.9103358766061667	0	0.9999999999999999	No-PER3D	No-Essential3D
710	V	710	8.767	6.709	38.752	0.95	0.610470275066548	0.8076987198008198	-0.90208316120702	0	1	No-PER3D	No-Essential3D
711	T	711	5.833	7.245	41.179	0.12	0.613810741687979	0.8980837642074756	-1.1202247904323868	0	1	No-PER3D	No-Essential3D
712	L	712	5.778	9.903	43.944	0.95	0.679089026915114	0.8828983710172471	-0.9274690492014175	0	1	No-PER3D	No-Essential3D
713	A	713	7.814	9.312	47.099	0.95	0.675067333589842	0.8583601795738933	-0.9964492744950841	0	1	No-PER3D	No-Essential3D
714	H	714	8.295	12.951	48.108	0.33	0.673913043478261	0.8506101377827883	-0.9115560003962576	0	1	No-PER3D	No-Essential3D
715	P	715	6.225	16.04	47.432	0.95	0.636363636363636	0.8325927359913109	-0.7736965594110777	0	1	No-PER3D	No-Essential3D
716	V	716	8.004	18.931	49.177	0.95	0.604554865424431	0.7662538459729502	-0.7445703067577105	0	1	No-PER3D	No-Essential3D
717	R	717	9.227	19.963	52.671	-0.09	0.607675906183369	0.5005061663844219	-1.0687610651908275	0	1	No-PER3D	No-Essential3D
718	A	718	11.457	17.031	53.581	0.95	0.571134020618557	0.2170534622682739	-1.1363409581280897	0	1	No-PER3D	No-Essential3D
719	P	719	12.689	16.419	57.086	0.12	0.576344086021505	-0.33705780415209247	-1.4856027304870176	0	1	No-PER3D	No-Essential3D
720	G	720	15.971	17.576	58.539	-1.33	0.575555555555556	-0.8918966087525612	-1.676884482916631	0	1	No-PER3D	No-Essential3D
721	P	721	18.374	18.74	58.616	-1.33	0.573714285714286	-0.8918966087525612	-1.676884482916631	0	1	No-PER3D	No-Essential3D
722	G	722	19.08	16.821	61.775	-1.33	0.59938080495356	-0.9173604450561396	-1.6094247235481773	0	1	No-PER3D	No-Essential3D
723	P	723	15.673	15.237	61.747	-1.33	0.62157012195122	-0.9173604450561396	-1.6094247235481773	0	1	No-PER3D	No-Essential3D
724	P	724	14.834	13.797	65.085	-1.33	0.626990445859873	-1.1680200836694883	-1.5695551028499533	0	1	No-PER3D	No-Essential3D
725	P	725	15.177	10.108	65.484	-1.33	0.676510067114094	-1.1680200836694883	-1.5695551028499533	0	1	No-PER3D	No-Essential3D
726	A	726	12	8.125	65.556	-0.29	0.685106382978723	-1.0491357979271572	-1.4590965088067547	0	0.9999999999999999	No-PER3D	No-Essential3D
