Uniprot_position	aminoacid	Position_in_structure	x	y	z	paraz	mtr	paraz3dscore	mtr3dscore	PER3D_OR	PER3D_pvalue	PER3D	Essential3D
1	M	1	28.925	-21.397	29.88	0.25	0.559701492537313	0.9720291964878064	0.8919884976751928	0	1	No-PER3D	No-Essential3D
2	G	2	25.784	-21.321	31.942	0.25	0.563265306122449	0.9720291964878064	0.7597656964105183	0	1	No-PER3D	No-Essential3D
3	K	3	22.338	-19.86	31.859	0.25	0.440639269406393	0.9720291964878064	0.31272268497782096	0	1	No-PER3D	No-Essential3D
4	E	4	22.026	-16.147	32.296	0.25	0.398684210526316	0.2162679749193666	-0.05941566704312112	0	1	No-PER3D	No-Essential3D
5	K	5	18.848	-14.802	33.785	0.25	0.400632911392405	-0.09492782219704975	-0.333898642123561	0	1	No-PER3D	No-Essential3D
6	T	6	16.629	-13.069	31.265	0.25	0.36144578313253	0.10830208612387521	-0.414989244618738	0	1	No-PER3D	No-Essential3D
7	H	7	16.029	-9.345	31.579	0.25	0.363107822410148	0.6232163249946803	-0.5676141891231893	0	1	No-PER3D	No-Essential3D
8	I	8	12.686	-7.876	32.497	0.25	0.409110442629996	0.3058793301099577	-0.5638418870001133	0	0.580436274656083	No-PER3D	No-Essential3D
9	N	9	11.293	-4.355	32.45	0.25	0.378378378378378	0.7201087892983264	-0.6940817213470343	1.3472098981240779	1	No-PER3D	No-Essential3D
10	I	10	8.644	-3.346	34.925	0.25	0.376488095238095	0.7333677580977728	-0.43202417743294597	4.08248410708084	0.3617021276595745	No-PER3D	No-Essential3D
11	V	11	6.513	-0.254	34.913	0.25	0.349748743718593	0.774874095209083	-0.49207195491192796	4.463638534644758	0.09213835312728207	No-PER3D	No-Essential3D
12	V	12	4.697	0.848	38.069	0.25	0.329656862745098	0.9720291964878064	-0.6005721088562462	4.463638534644758	0.09213835312728207	No-PER3D	No-Essential3D
13	I	13	1.217	2.304	37.819	0.25	0.311484593837535	0.9720291964878064	-0.45718325876109184	3.717220100433773	0.07539090442723573	No-PER3D	No-Essential3D
14	G	14	-1.53	3.389	40.175	0.25	0.311195445920304	0.9720291964878064	-0.614006003335408	1.6603981386960869	0.6240970115025893	No-PER3D	No-Essential3D
15	H	15	-3.657	6.327	41.236	0.25	0.309542483660131	0.9720291964878064	-1.0024031425109334	4.463638534644758	0.09213835312728207	No-PER3D	No-Essential3D
16	V	16	-1.784	9.399	42.314	0.25	0.291187739463602	0.9720291964878064	-0.8560735062575423	4.2619153764974875	0.177434275312584	No-PER3D	No-Essential3D
17	D	17	-0.58	8.851	45.873	0.25	0.291027429102743	0.9720291964878064	-0.9957635788848419	1.3472098981240779	1	No-PER3D	No-Essential3D
18	S	18	-1.262	5.116	45.907	0.25	0.292063492063492	0.9720291964878064	-0.6867477501980991	1.6603981386960869	0.6240970115025893	No-PER3D	No-Essential3D
19	G	19	2.332	4.738	47.002	0.25	0.291887125220459	0.3253643965818266	-0.5557778017968286	1.3472098981240779	1	No-PER3D	No-Essential3D
20	K	20	4.126	4.062	43.735	0.25	0.290862290862291	0.9720291964878064	-0.49935983416202406	1	0.9999999999999999	No-PER3D	No-Essential3D
21	S	21	7.082	6.115	44.828	0.25	0.289891395154553	0.9720291964878064	-0.8282241426031816	2.0369882730619775	0.4921070693205218	No-PER3D	No-Essential3D
22	T	22	7.437	4.634	48.282	0.25	0.243613138686131	0.17320797307453714	-0.2463312483352303	0	1	No-PER3D	No-Essential3D
23	T	23	7.025	1.068	47.17	0.25	0.303743315508021	0.38159611831278123	0.07149576244876335	0	1	No-PER3D	No-Essential3D
24	T	24	9.495	1.318	44.319	0.25	0.286868686868687	0.7976227607412433	-0.5063695764725508	1.3472098981240779	1	No-PER3D	No-Essential3D
25	G	25	11.98	3.041	46.532	0.25	0.286868686868687	0.29303115658652756	-0.7291945250286852	4.08248410708084	0.3617021276595745	No-PER3D	No-Essential3D
26	H	26	11.672	0.492	49.241	0.25	0.305710605410047	0.21758692993082987	0.06942799576196255	0	1	No-PER3D	No-Essential3D
27	L	27	11.968	-2.36	46.827	0.25	0.288726682887267	-0.034597268260942705	0.07063787569282018	0	1	No-PER3D	No-Essential3D
28	I	28	15.118	-0.85	45.422	0.25	0.288970288970289	0.7333677580977728	-0.6981356888227144	0	1	No-PER3D	No-Essential3D
29	Y	29	16.678	-0.221	48.809	0.25	0.303743315508021	0.9720291964878064	-0.6525035722334653	1.3472098981240779	1	No-PER3D	No-Essential3D
30	K	30	15.997	-3.742	49.979	0.25	0.243818681318681	0.06669847661943458	0.33529912343232793	0	1	No-PER3D	No-Essential3D
31	C	31	17.261	-5.499	46.855	0.25	0.185243328100471	0.34657163381047695	-0.31338185086881787	0	1	No-PER3D	No-Essential3D
32	G	32	20.778	-4.222	47.41	0.25	0.185399159663866	0.9720291964878064	-0.9363587728986041	0	1	No-PER3D	No-Essential3D
33	G	33	21.221	-3.001	43.852	0.25	0.185399159663866	0.6232163249946803	-1.0535746128885595	0	1	No-PER3D	No-Essential3D
34	I	34	22.498	0.27	45.295	0.25	0.298393913778529	0.9720291964878064	-1.1555150375413685	2.0369882730619775	0.4921070693205218	No-PER3D	No-Essential3D
35	D	35	25.015	0.597	48.097	0.25	0.275286757038582	0.9720291964878064	-1.0612182471687246	4.08248410708084	0.3617021276595745	No-PER3D	No-Essential3D
36	K	36	24.436	2.52	51.296	0.25	0.275735294117647	0.9720291964878064	-0.911705992605961	4.08248410708084	0.3617021276595745	No-PER3D	No-Essential3D
37	R	37	26.732	5.432	50.519	0.25	0.296945701357466	0.9720291964878064	-0.8624603695806413	4.08248410708084	0.3617021276595745	No-PER3D	No-Essential3D
38	T	38	25.131	6.064	47.172	0.25	0.275171323141803	0.9720291964878064	-1.0371979338791135	4.08248410708084	0.3617021276595745	No-PER3D	No-Essential3D
39	I	39	21.694	5.929	48.674	0.25	0.214022140221402	0.9720291964878064	-1.144474681908319	4.08248410708084	0.3617021276595745	No-PER3D	No-Essential3D
40	E	40	22.931	8.403	51.211	0.25	0.234149614223415	0.9720291964878064	-1.155413946367819	4.08248410708084	0.3617021276595745	No-PER3D	No-Essential3D
41	K	41	24.157	10.816	48.577	0.25	0.214460784313725	0.9720291964878064	-1.0982030890374457	4.08248410708084	0.3617021276595745	No-PER3D	No-Essential3D
42	F	42	20.863	10.752	46.743	0.25	0.213064713064713	0.9720291964878064	-1.3549485205505105	2.0369882730619775	0.4921070693205218	No-PER3D	No-Essential3D
43	E	43	19.04	10.976	50.036	0.25	0.233288770053476	0.9720291964878064	-1.3471757834436533	2.0369882730619775	0.4921070693205218	No-PER3D	No-Essential3D
44	K	44	20.987	14.072	50.969	0.25	0.254945054945055	0.9720291964878064	-1.3228080374984315	2.0369882730619775	0.4921070693205218	No-PER3D	No-Essential3D
45	E	45	20.585	15.493	47.488	0.25	0.196111580726965	0.9720291964878064	-1.3618947838961666	2.0369882730619775	0.4921070693205218	No-PER3D	No-Essential3D
46	A	46	16.821	15.132	47.514	0.25	0.180917622523462	0.9720291964878064	-1.5408351912482112	4.08248410708084	0.3617021276595745	No-PER3D	No-Essential3D
47	A	47	16.634	17.065	50.743	0.25	0.196266968325792	0.9720291964878064	-1.4513415304674377	4.08248410708084	0.3617021276595745	No-PER3D	No-Essential3D
48	E	48	17.507	20.312	49.004	0.25	0.19498450267681	0.9720291964878064	-1.3643455221222756	4.08248410708084	0.3617021276595745	No-PER3D	No-Essential3D
49	M	49	14.629	20.029	46.585	0.25	0.195701357466063	0.9720291964878064	-1.4689501367468392	4.08248410708084	0.3617021276595745	No-PER3D	No-Essential3D
50	G	50	12.086	19.635	49.386	0.25	0.182773109243697	0.9720291964878064	-1.521750236417996	0	1	No-PER3D	No-Essential3D
51	K	51	11.092	20.542	52.967	0.25	0.171078431372549	0.9720291964878064	-1.4466783994200634	0	1	No-PER3D	No-Essential3D
52	G	52	10.69	18.255	55.943	0.25	0.17220172201722	0.9720291964878064	-1.5073437969894037	0	1	No-PER3D	No-Essential3D
53	S	53	11.722	14.881	54.575	0.25	0.17142857142857101	0.9720291964878064	-1.5185702152247107	0	1	No-PER3D	No-Essential3D
54	F	54	10.587	12.437	51.862	0.25	0.0850909090909091	0.9720291964878064	-1.2977317820418486	4.08248410708084	0.3617021276595745	No-PER3D	No-Essential3D
55	K	55	11.568	8.787	52.411	0.25	0.0911688311688312	0.06669847661943458	-0.8787403535914988	4.08248410708084	0.3617021276595745	No-PER3D	No-Essential3D
56	Y	56	12.201	6.233	49.628	0.25	0.0918367346938775	0.14900126933474112	-0.7175267007072208	4.08248410708084	0.3617021276595745	No-PER3D	No-Essential3D
57	A	57	10.61	8.697	47.237	0.25	0.092436974789916	0.9720291964878064	-1.0432876009117107	4.08248410708084	0.3617021276595745	No-PER3D	No-Essential3D
58	W	58	13.687	10.01	45.464	0.25	0.0919117647058823	0.9720291964878064	-1.4069584011094762	2.0369882730619775	0.4921070693205218	No-PER3D	No-Essential3D
59	V	59	14.158	6.748	43.663	0.25	0.0913134484563056	0.9720291964878064	-1.3017146371993884	4.2619153764974875	0.177434275312584	No-PER3D	No-Essential3D
60	L	60	11.094	7.161	41.444	0.25	0.0909801876955162	0.9720291964878064	-1.1404903893450853	8.538243334838619	0.10089224433768015	No-PER3D	No-Essential3D
61	D	61	11.326	10.92	41.231	0.25	0.0849148418491484	0.9720291964878064	-1.410318564500671	8.538243334838619	0.10089224433768015	No-PER3D	No-Essential3D
62	K	62	14.822	10.561	39.846	0.25	0.0854700854700855	0.9720291964878064	-1.4478565796795115	8.538243334838619	0.10089224433768015	No-PER3D	No-Essential3D
63	L	63	13.864	7.784	37.465	0.25	0.0861008610086101	0.9720291964878064	-1.3137444368646962	26.40464418306117	0.0012175106681388223	PER3D	Essential3D
64	K	64	10.918	9.74	36.167	0.25	0.080719557195572	0.9720291964878064	-1.1263588409654215	6.736767999735541	0.052948334825927285	No-PER3D	No-Essential3D
65	A	65	13.085	12.797	35.688	0.25	0	0.9720291964878064	-1.45021369138722	25.40464418306117	0.001048040318727557	PER3D	Essential3D
66	E	66	15.715	10.823	33.813	0.25	0.0862453531598513	0.9720291964878064	-1.5596296598986734	25.40464418306117	0.001048040318727557	PER3D	Essential3D
67	R	67	12.975	9.619	31.472	0.25	0.0859259259259259	0.9720291964878064	-1.2230943845820723	12.677704839348365	0.0031902217017351123	PER3D	Essential3D
68	E	68	12.369	13.1	29.975	0.25	0.0859259259259259	0.9720291964878064	-1.2101008709862007	12.677704839348365	0.0031902217017351123	PER3D	Essential3D
69	R	69	13.477	14.091	26.489	0.25	0.0923280423280423	0.9720291964878064	-1.484734165046265	19.07424844643849	0.005284799054009165	PER3D	Essential3D
70	G	70	15.065	11.165	24.684	0.25	0.0930170575692964	0.9720291964878064	-1.49583132311342	19.07424844643849	0.005284799054009165	PER3D	Essential3D
71	I	71	18.309	10.649	26.55	0.25	0.0861728395061729	0.9720291964878064	-1.8055904688285356	26.40464418306117	0.038297872340425566	PER3D	Essential3D
72	T	72	18.944	8.014	29.149	0.25	0.0929368029739777	0.9720291964878064	-1.7672316998921906	26.40464418306117	0.007000686341798223	PER3D	Essential3D
73	I	73	22.483	8.229	30.434	0.25	0.1	0.9720291964878064	-2.0571508780294905	26.40464418306117	0.038297872340425566	PER3D	Essential3D
74	D	74	22.626	5.461	33.011	0.25	0.1	0.9720291964878064	-1.8724842756015552	26.40464418306117	0.19999999999999996	No-PER3D	No-Essential3D
75	I	75	19.948	3.103	34.332	0.25	0.0928571428571428	0.6092638101349553	-1.5433892301255596	26.40464418306117	0.038297872340425566	PER3D	Essential3D
76	S	76	22.032	1.002	36.738	0.25	0.118959107806691	0.559795802905021	-1.3478628426296935	0	1	No-PER3D	No-Essential3D
77	L	77	20.312	2.41	39.809	0.25	0.130627306273063	0.6886187383996414	-1.311004464387006	2.0369882730619775	0.4921070693205218	No-PER3D	No-Essential3D
78	W	78	16.976	0.795	38.874	0.25	0.108058608058608	0.7201087892983264	-1.1560006269665513	2.0369882730619775	0.4921070693205218	No-PER3D	No-Essential3D
79	K	79	18.131	-2.725	38.132	0.25	0.108669108669109	0.6697247078604304	-1.0008493428356726	0	1	No-PER3D	No-Essential3D
80	F	80	17.945	-5.35	40.829	0.25	0.107968369829684	0.43855068714537837	-0.7536884443164498	0	1	No-PER3D	No-Essential3D
81	E	81	18.137	-9.088	40.911	0.25	0.18308406395049	0.4052082803114765	-0.6107870215494203	0	1	No-PER3D	No-Essential3D
82	T	82	15.68	-11.743	41.909	0.25	0.196458218040952	-0.12170287646626711	-0.31947843296935763	0	0.580436274656083	No-PER3D	No-Essential3D
83	T	83	16.208	-15.442	42.076	-1.66	0.197011621472053	-0.6973513359157795	-0.1477466108928341	0	1	No-PER3D	No-Essential3D
84	K	84	14.727	-15.852	38.614	0.25	0.273425499231951	-0.40702428680211233	-0.21571238662485592	0	0.580436274656083	No-PER3D	No-Essential3D
85	Y	85	15.435	-12.513	36.949	0.25	0.296347537354732	-0.16076473621462686	-0.3040330370867979	0	0.580436274656083	No-PER3D	No-Essential3D
86	Y	86	17.102	-9.179	36.484	0.25	0.296347537354732	0.32423386371485796	-0.5889069011975274	0	1	No-PER3D	No-Essential3D
87	I	87	14.385	-6.572	36.763	-1.66	0.298250485976118	0.48180570141638596	-0.7249622089924811	0	1	No-PER3D	No-Essential3D
88	T	88	14.491	-2.924	35.773	0.25	0.296347537354732	0.7269174489520962	-0.889361407748873	1.3472098981240779	1	No-PER3D	No-Essential3D
89	I	89	12.038	-0.219	36.761	0.25	0.323104693140794	0.7611190881431255	-0.9939172674153888	1.3472098981240779	1	No-PER3D	No-Essential3D
90	I	90	11.545	1.49	33.429	0.25	0.32078853046595	0.7611190881431255	-1.176717709483429	13.499545993643272	0.024350213362776423	PER3D	Essential3D
91	D	91	8.969	4.247	33.999	0.25	0.31875	0.9720291964878064	-0.9767026200261522	6.736767999735541	0.052948334825927285	No-PER3D	No-Essential3D
92	A	92	5.997	5.522	36.041	0.25	0.348973607038123	0.9720291964878064	-0.7881676577840253	8.399814906675152	0.007393441233545393	PER3D	Essential3D
93	P	93	3.195	8.049	35.612	0.25	0.348973607038123	0.9720291964878064	-0.6214876135957674	8.399814906675152	0.007393441233545393	PER3D	Essential3D
94	G	94	3.47	11.659	36.775	0.25	0.351493272070889	0.9720291964878064	-0.5387547795117239	8.399814906675152	0.007393441233545393	PER3D	Essential3D
95	H	95	5.842	13.226	34.261	0.25	0.38804347826087	0.9720291964878064	-0.742782282125652	12.677704839348365	0.0031902217017351123	PER3D	Essential3D
96	R	96	5.597	15.046	30.925	0.25	0.389454545454545	0.9720291964878064	-0.6105087829863285	16.284305402433183	6.682899826489445e-4	PER3D	Essential3D
97	D	97	6.889	12.217	28.727	0.25	0.288484848484849	0.9720291964878064	-0.6885694795927086	20.463059021507792	1.2718585901359776e-4	PER3D	Essential3D
98	F	98	5.086	9.386	30.485	0.25	0.288484848484849	0.9720291964878064	-0.5804581779945857	16.284305402433183	6.682899826489445e-4	PER3D	Essential3D
99	I	99	2.344	8.683	27.95	0.25	0.291159772911598	0.9720291964878064	-0.412295360919387	16.284305402433183	6.682899826489445e-4	PER3D	Essential3D
100	K	100	4.664	9.471	25.059	0.25	0.23976023976024	0.9720291964878064	-0.6470241268920267	20.463059021507792	1.2718585901359776e-4	PER3D	Essential3D
101	N	101	7.329	7.141	26.388	0.25	0.241529688024153	0.9720291964878064	-0.8122188027858485	25.355735900976043	2.2021104087791146e-5	PER3D	Essential3D
102	M	102	4.742	4.442	26.621	0.25	0.241529688024153	0.9720291964878064	-0.4196821753402678	10.10322362185336	8.994250888119198e-4	PER3D	Essential3D
103	I	103	3.138	4.997	23.235	0.25	0.21978021978022	0.640810640438402	-0.6438644822246813	10.796240351831205	0.001750498229919639	PER3D	Essential3D
104	T	104	6.441	5.321	21.42	0.25	0.20157215047726	0.9720291964878064	-0.8775185098373224	25.40464418306117	0.001048040318727557	PER3D	Essential3D
105	G	105	7.64	2.338	23.375	0.25	0.202874049027895	0.9720291964878064	-0.8575641706135432	16.284305402433183	6.682899826489445e-4	PER3D	Essential3D
106	T	106	10.916	3.907	24.435	0.25	0.20400112707805	0.9720291964878064	-1.1807373914116346	25.40464418306117	0.001048040318727557	PER3D	Essential3D
107	S	107	9.759	2.695	27.785	0.25	0.204379562043796	0.9720291964878064	-0.9252412747663549	12.677704839348365	0.0031902217017351123	PER3D	Essential3D
108	Q	108	8.477	-0.802	27.059	0.25	0.19047619047619	0.9720291964878064	-0.5180996222628219	4.463638534644758	0.09213835312728207	No-PER3D	No-Essential3D
109	A	109	7.377	-2.986	29.942	0.25	0.220802919708029	0.7333677580977728	-0.39348693686479363	2.0369882730619775	0.4921070693205218	No-PER3D	No-Essential3D
110	D	110	7.279	-6.725	30.376	0.25	0.203076923076923	0.3912831591327588	-0.3131796532239885	0.7907413624202642	1	No-PER3D	No-Essential3D
111	C	111	4.932	-6.4	33.294	0.25	0.203818079730489	-0.021626471660406616	-0.08909364779389878	1	0.9999999999999999	No-PER3D	No-Essential3D
112	A	112	3.063	-3.715	35.137	0.25	0.132600732600733	0.38159611831278123	-0.13917931290257546	1	0.9999999999999999	No-PER3D	No-Essential3D
113	V	113	2.938	-3.432	38.858	0.25	0.132600732600733	0.5951378019621839	-0.04238055840491417	1.3472098981240779	1	No-PER3D	No-Essential3D
114	L	114	-0.318	-1.816	39.733	0.25	0.120989304812834	0.6028294630749518	-0.094374466422796	0	0.5792836270589844	No-PER3D	No-Essential3D
115	I	115	-0.318	-0.222	43.14	0.25	0	0.6173078839931029	-0.14132557006851787	0.6508005316876148	1	No-PER3D	No-Essential3D
116	V	116	-3.714	0.28	44.782	0.25	0	0.9720291964878064	-0.37540914562309696	1	1	No-PER3D	No-Essential3D
117	A	117	-4.066	1.958	48.189	0.25	0	0.9720291964878064	-0.25187084444535657	1	1	No-PER3D	No-Essential3D
118	A	118	-6.034	0.259	50.997	0.25	0	0.0461227784406079	0.061521198646185195	1	1	No-PER3D	No-Essential3D
119	G	119	-6.842	3.059	53.441	0.25	0	0.3690029652468104	-0.36556910981151725	1.6603981386960869	0.6240970115025893	No-PER3D	No-Essential3D
120	V	120	-10.407	4.158	53.828	0.25	0	0.21824640743656146	-0.5664060524724538	1.6603981386960869	0.6240970115025893	No-PER3D	No-Essential3D
121	G	121	-11.58	6.038	50.784	0.25	0	0.9720291964878064	-1.4229668753725457	2.8226223834594557	0.26042490230368825	No-PER3D	No-Essential3D
122	E	122	-8.231	5.94	49.085	0.25	0	0.9720291964878064	-1.0443280245396833	2.097765193861309	0.5961122819766249	No-PER3D	No-Essential3D
123	F	123	-9.174	2.797	47.217	0.25	0	0.9720291964878064	-0.7252692417585044	1.3676163415111373	0.6582700104568994	No-PER3D	No-Essential3D
124	E	124	-12.616	4.032	46.305	0.25	0	0.9720291964878064	-1.3397445740814637	2.8226223834594557	0.26042490230368825	No-PER3D	No-Essential3D
125	A	125	-11.286	7.262	44.902	0.25	0	0.9720291964878064	-1.7864686636202156	2.097765193861309	0.5961122819766249	No-PER3D	No-Essential3D
126	G	126	-8.749	5.385	42.837	0.25	0	0.9720291964878064	-1.2365317568066039	2.097765193861309	0.5961122819766249	No-PER3D	No-Essential3D
127	I	127	-11.314	2.916	41.494	0.25	0.105917159763314	0.42382353172326465	-0.8133929961535329	1.3676163415111373	0.6582700104568994	No-PER3D	No-Essential3D
128	S	128	-14.082	5.387	40.676	0.25	0.105917159763314	0.9720291964878064	-1.0684350180243902	4.2619153764974875	0.177434275312584	No-PER3D	No-Essential3D
129	K	129	-14.612	6.869	37.234	0.25	0.197252747252747	0.9720291964878064	-0.7775356147363882	2.0369882730619775	0.4921070693205218	No-PER3D	No-Essential3D
130	N	130	-12.637	9.796	38.506	0.25	0.197252747252747	0.9720291964878064	-0.9026171642005054	4.2619153764974875	0.177434275312584	No-PER3D	No-Essential3D
131	G	131	-9.69	7.559	39.323	0.25	0.231912144702842	0.9720291964878064	-1.0179266928602992	4.463638534644758	0.09213835312728207	No-PER3D	No-Essential3D
132	Q	132	-6.497	6.393	37.656	0.25	0.233463035019455	0.9720291964878064	-0.7324416309414823	4.463638534644758	0.09213835312728207	No-PER3D	No-Essential3D
133	T	133	-6.536	2.798	38.879	0.25	0.231660231660232	0.9720291964878064	-0.4408276388613591	2.6285929556777057	0.19558559040446422	No-PER3D	No-Essential3D
134	R	134	-8.854	1.721	36.07	0.25	0.230128205128205	0.48308900899510693	-0.30552286631629266	1.6603981386960869	0.6240970115025893	No-PER3D	No-Essential3D
135	E	135	-7.211	3.942	33.502	0.25	0.339962121212121	0.9720291964878064	-0.09507492125726859	1	0.9999999999999999	No-PER3D	No-Essential3D
136	H	136	-3.706	2.687	34.212	0.25	0.338679245283019	0.9720291964878064	-0.12092298646143809	2.1661404270854843	0.37693195872098445	No-PER3D	No-Essential3D
137	A	137	-4.899	-0.874	34.025	0.25	0.369468267581475	0.9720291964878064	0.1523398077641688	0.5506107029542955	1	No-PER3D	No-Essential3D
138	L	138	-6.627	-0.014	30.766	0.25	0.338679245283019	0.9720291964878064	0.3059911955659252	0.7907413624202642	1	No-PER3D	No-Essential3D
139	L	139	-3.556	1.767	29.537	0.25	0.367053998632946	0.6891133465289402	-0.03732466324712926	3.460854708917908	0.05925376366773675	No-PER3D	No-Essential3D
140	A	140	-1.493	-1.31	30.281	0.25	0.367053998632946	0.9720291964878064	-0.14652901923534015	1.3676163415111373	0.6582700104568994	No-PER3D	No-Essential3D
141	Y	141	-3.893	-3.598	28.471	0.25	0.403759398496241	-0.005851178497592458	-0.046568049337865416	0.7907413624202642	1	No-PER3D	No-Essential3D
142	T	142	-3.858	-1.4	25.416	0.25	0.486671223513329	-0.4497289370117746	-0.2299637574213009	1.6603981386960869	0.6240970115025893	No-PER3D	No-Essential3D
143	L	143	-0.053	-1.621	25.302	0.25	0.486210418794688	-0.1852157958955735	-0.5363298432193937	1.6603981386960869	0.6240970115025893	No-PER3D	No-Essential3D
144	G	144	-0.117	-5.379	25.429	0.25	0.446115288220551	0.019882515580970695	-0.42920783469614443	1.6603981386960869	0.6240970115025893	No-PER3D	No-Essential3D
145	V	145	1.56	-5.372	28.822	0.25	0.446115288220551	0.5412961741728093	-0.24451445032404792	0	0.580436274656083	No-PER3D	No-Essential3D
146	K	146	0.467	-8.723	29.137	0.25	0.557644110275689	0.46950733712030973	0.1299062768496713	0	0.5792836270589844	No-PER3D	No-Essential3D
147	Q	147	1.542	-9.528	32.645	0.25	0.511856564488144	-0.42870102568616053	0.4868323822819877	0	0.11322163880332137	No-PER3D	No-Essential3D
148	L	148	0.022	-7.754	35.609	0.25	0.530337078651685	-0.306898397671033	0.5267779748966566	0	0.35071301986810866	No-PER3D	No-Essential3D
149	I	149	0.806	-7.68	39.315	0.25	0.564498933901919	-0.3859668833147513	0.759358640681575	0	0.19663992975514172	No-PER3D	No-Essential3D
150	V	150	-1.387	-5.839	41.747	0.25	0.566098081023454	0.3253643965818264	0.5051043289957413	0	0.3436824582120155	No-PER3D	No-Essential3D
151	G	151	0.151	-4.634	44.936	0.25	0.570354457572503	-0.011681858583520447	0.6563367528694369	0	0.3436824582120155	No-PER3D	No-Essential3D
152	V	152	-2.549	-3.937	47.439	0.25	0.528838951310862	-0.004618196706272234	0.6883528231775687	0.4752717681629598	0.6818375959426304	No-PER3D	No-Essential3D
153	N	153	-0.558	-1.296	49.252	0.25	0.544393038114122	0.4061974965700739	0.5215078479419578	0.5506107029542955	1	No-PER3D	No-Essential3D
154	K	154	-0.933	0.584	52.516	0.25	0.544393038114122	-0.15923851684421944	0.5808469213952312	0.6508005316876148	1	No-PER3D	No-Essential3D
155	M	155	-2.239	-2.451	54.363	0.25	0.50843621399177	-0.571148166924191	1.015127573676367	0.4752717681629598	0.6818375959426304	No-PER3D	No-Essential3D
156	D	156	-0.919	-0.967	57.605	0.25	0.598175059141602	-1.431766311903959	1.4517335343155247	0	0.35071301986810866	No-PER3D	No-Essential3D
157	S	157	-3.435	1.88	57.446	0.25	0.599250936329588	-0.5883400632805051	0.6888150349462251	0.5506107029542955	1	No-PER3D	No-Essential3D
158	T	158	-6.605	-0.133	56.905	0.25	0.591044776119403	-0.15906893691417417	0.35866319993364754	0.7907413624202642	1	No-PER3D	No-Essential3D
159	E	159	-9.164	-0.299	59.668	0.25	0.557142857142857	-0.7874567888041635	0.3505462065991342	0	0.580436274656083	No-PER3D	No-Essential3D
160	P	160	-8.464	-2.218	61.519	0.25	0.490196078431373	-0.8909559644095734	0.6669376642456153	0	0.3436824582120155	No-PER3D	No-Essential3D
161	A	161	-4.774	-2.363	60.656	-3.56	0.501672240802676	-0.6115081902749664	0.9383592096193903	0	0.3436824582120155	No-PER3D	No-Essential3D
162	Y	162	-3.889	-5.026	58.13	0.25	0.504538939321548	-1.7151767699921239	1.7373054886090085	0	0.19663992975514172	No-PER3D	No-Essential3D
163	S	163	-7.487	-6.08	57.576	0.25	0.534188034188034	-0.43279433434242576	1.2683088443863029	0	0.19663992975514172	No-PER3D	No-Essential3D
164	E	164	-8.065	-9.246	55.628	-2.61	0.528381642512077	-0.48296660330064833	1.7532292347325633	0	0.19663992975514172	No-PER3D	No-Essential3D
165	K	165	-11.623	-8.129	55.007	0.25	0.551354757403907	-0.9679652032301332	1.4052373118685058	0	0.580436274656083	No-PER3D	No-Essential3D
166	R	166	-10.324	-5.004	53.322	0.25	0.496219281663516	-0.34216055815983015	0.2797427443480071	1.3676163415111373	0.6582700104568994	No-PER3D	No-Essential3D
167	Y	167	-7.818	-7.011	51.327	0.25	0.499446640316206	-0.04646786336411193	1.074413288267899	0	0.35071301986810866	No-PER3D	No-Essential3D
168	D	168	-10.513	-9.303	49.974	-1.66	0.502697556331323	-0.012714084244665544	1.497423790275695	0	1	No-PER3D	No-Essential3D
169	E	169	-12.768	-6.427	49.038	0.25	0.558552840368137	-0.8797836396065906	0.6710283909864789	0.7907413624202642	1	No-PER3D	No-Essential3D
170	I	170	-10.053	-4.782	47.013	0.25	0.533333333333333	-0.0725831725910842	0.12941323701487661	1.1577525088934686	1	No-PER3D	No-Essential3D
171	V	171	-9.112	-8.01	45.366	0.25	0.616296296296296	-1.4848448300081298	0.8769360283322275	0	0.35071301986810866	No-PER3D	No-Essential3D
172	K	172	-12.704	-8.81	44.457	0.25	0.594285714285714	-1.8869099188859995	1.489077350985758	0	0.33819896391300924	No-PER3D	No-Essential3D
173	E	173	-13.408	-5.318	43.174	0.25	0.56682769726248	-0.0725831725910842	0.3906768038092616	0.6508005316876148	1	No-PER3D	No-Essential3D
174	V	174	-10.23	-4.93	41.153	0.25	0.570965125709651	-0.8382365567454985	0.34808450216099984	0.3696969287171867	0.45400618451007585	No-PER3D	No-Essential3D
175	S	175	-10.476	-8.388	39.614	0.25	0.596787827557058	-1.363797581877748	1.1942594122915462	0	0.20339505745541225	No-PER3D	No-Essential3D
176	A	176	-13.923	-7.651	38.284	-3.56	0.62169741697417	-1.1827664479541475	1.3324768717265698	0	0.35071301986810866	No-PER3D	No-Essential3D
177	Y	177	-12.695	-4.462	36.697	0.25	0.593634686346864	0.24839771899861124	0.7482704371867333	0	0.3436824582120155	No-PER3D	No-Essential3D
178	I	178	-9.672	-6.072	35.115	0.25	0.64760147601476	-0.3588739956675181	0.8712509907329022	0	0.19663992975514172	No-PER3D	No-Essential3D
179	K	179	-11.768	-8.913	33.781	0.25	0.614906832298137	-0.9953929136548472	1.2925264544891328	0	0.35071301986810866	No-PER3D	No-Essential3D
180	K	180	-13.846	-6.302	32.004	0.25	0.614408124404951	-0.0921347409963041	1.227628010137095	0	0.5792836270589844	No-PER3D	No-Essential3D
181	I	181	-10.665	-4.776	30.547	0.25	0.607753884790457	0.24839771899861124	0.7213576612108062	0	0.33819896391300924	No-PER3D	No-Essential3D
182	G	182	-9.569	-8.102	29.134	0.25	0.584541062801932	-0.7039229714114912	0.9617597739825358	0	0.35071301986810866	No-PER3D	No-Essential3D
183	Y	183	-7.129	-9.377	31.758	0.25	0.584085439229844	-1.2121603024953285	1.2906199431299594	0	0.19663992975514172	No-PER3D	No-Essential3D
184	N	184	-7.729	-12.803	33.229	0.25	0.583471074380165	-2.2852620998218254	1.9688782479326303	0	0.33819896391300924	No-PER3D	No-Essential3D
185	P	185	-7.822	-12.059	36.924	0.25	0.587259455872595	-1.7423802171035534	1.8876010656917617	0	0.19663992975514172	No-PER3D	No-Essential3D
186	A	186	-6.968	-15.682	37.738	-5.47	0.619222047793476	-1.835980541710152	2.366289415054588	0	0.19663992975514172	No-PER3D	No-Essential3D
187	T	187	-3.586	-14.908	36.212	0.25	0.531550802139037	-1.7151767699921239	2.1317439839318073	0	0.20339505745541225	No-PER3D	No-Essential3D
188	V	188	-2.748	-11.837	38.269	0.25	0.528776978417266	-1.3453425890186903	1.4647004795181133	0	0.11322163880332137	No-PER3D	No-Essential3D
189	P	189	-1.079	-11.992	41.606	-3.56	0.532608695652174	-1.3934566640710038	1.4449979919726759	0	0.20339505745541225	No-PER3D	No-Essential3D
190	F	190	-2.533	-9.741	44.308	0.25	0.564311594202899	-1.2386620962140318	1.405597546878295	0	0.19663992975514172	No-PER3D	No-Essential3D
191	V	191	0.003	-9.011	46.966	0.25	0.642599277978339	-0.3859668833147514	1.5715277824870422	0	0.33819896391300924	No-PER3D	No-Essential3D
192	P	192	-0.86	-7.254	50.179	0.25	0.676047397376217	-0.2625126942417916	1.611977141641787	0	0.06435368476339415	No-PER3D	No-Essential3D
193	I	193	2.078	-5.059	51.062	0.25	0.680399235506477	-0.7140608216956792	1.358244659622551	0	0.20339505745541225	No-PER3D	No-Essential3D
194	S	194	3.006	-1.956	52.959	0.25	0.678488001698875	-0.3213004033241534	1.1184933290496784	0	0.33819896391300924	No-PER3D	No-Essential3D
195	G	195	5.519	-0.123	50.823	0.25	0.716276978417266	0.10943261899084375	0.442721358427894	0	1	No-PER3D	No-Essential3D
196	W	196	6.233	2.133	53.727	0.25	0.721467391304348	0.09590269338938205	0.4561005165526811	0	1	No-PER3D	No-Essential3D
197	H	197	6.885	-0.38	56.483	-5.47	0.796480144404332	-0.644067536843659	1.3576215836633796	0	0.3436824582120155	No-PER3D	No-Essential3D
198	G	198	8.173	-3.124	54.239	0.25	0.800992779783394	-0.6256132503387322	1.3828750029875712	0	0.3436824582120155	No-PER3D	No-Essential3D
199	D	199	5.503	-5.665	55.167	0.25	0.798736462093863	-1.0393771959936433	2.0332224435456476	0	0.19663992975514172	No-PER3D	No-Essential3D
200	N	200	5.683	-8.645	52.772	0.25	0.766787003610108	-0.7520334256391505	2.098537957086202	0	0.19663992975514172	No-PER3D	No-Essential3D
201	M	201	7.833	-7.168	50.079	0.25	0.826863354037267	-0.4574403611990965	1.334878173951743	0	0.580436274656083	No-PER3D	No-Essential3D
202	L	202	10.815	-9.513	50.431	0.25	0.699048244174598	-0.9488489202068479	1.2375097775432373	0	0.580436274656083	No-PER3D	No-Essential3D
203	E	203	9.28	-11.866	52.968	0.25	0.815556284870364	-0.7039229714114912	2.1495038957008177	0	0.3436824582120155	No-PER3D	No-Essential3D
204	P	204	6.068	-12.629	54.777	0.25	0.814271749755621	-0.7039229714114912	2.7554070489412426	0	0.35071301986810866	No-PER3D	No-Essential3D
205	S	205	4.902	-10.251	57.461	0.25	0.859205776173285	-1.70984599348746	2.7065063907988147	0	0.35071301986810866	No-PER3D	No-Essential3D
206	P	206	4.176	-11.141	61.009	-3.56	0.859205776173285	-1.6897771878228425	3.043345107971286	0	0.33819896391300924	No-PER3D	No-Essential3D
207	N	207	1.567	-8.424	60.704	0.25	0.859205776173285	-2.2330314813678807	2.4907041842808355	0	0.19663992975514172	No-PER3D	No-Essential3D
208	M	208	-0.411	-10.594	58.343	0.25	0.895484949832776	-1.8769136282728043	2.433354146372688	0	0.20339505745541225	No-PER3D	No-Essential3D
209	P	209	-0.621	-14.058	59.823	0.25	0.798881118881119	-1.9551199018936838	2.8509287191958315	0	0.35071301986810866	No-PER3D	No-Essential3D
210	W	210	-3.936	-14.424	58.043	0.25	0.793756967670011	-2.1243218209493837	2.6374832944544604	0	0.19663992975514172	No-PER3D	No-Essential3D
211	F	211	-2.308	-14.079	54.659	0.25	0.835245046923879	-1.369343354895914	2.5456346738771893	0	0.20339505745541225	No-PER3D	No-Essential3D
212	K	212	-1.727	-17.609	53.402	0.25	0.838304552590267	-2.1243218209493837	2.935191173087483	0	0.5792836270589844	No-PER3D	No-Essential3D
213	G	213	-0.38	-16.346	50.103	0.25	0.896223776223776	-1.129066136773144	2.520620038327478	0	0.3436824582120155	No-PER3D	No-Essential3D
214	W	214	-1.53	-15.753	46.555	0.25	0.974452554744525	-2.3559270542006914	2.1773162728304234	0	0.20339505745541225	No-PER3D	No-Essential3D
215	K	215	-2.119	-18.102	43.671	0.25	0.970909090909091	-3.031100721380949	2.4600810042945422	0	0.35071301986810866	No-PER3D	No-Essential3D
216	V	216	-2.283	-17.695	39.91	0.25	0.974452554744525	-2.616983833325561	2.28029702777903	0	0.19663992975514172	No-PER3D	No-Essential3D
217	E	217	-3.455	-20.128	37.269	-3.56	0.983516483516483	-3.8052258550320697	2.884359253375961	0	0.35071301986810866	No-PER3D	No-Essential3D
218	R	218	-2.156	-19.497	33.78	0.25	0.990774907749078	-3.122760847672087	2.3376809715138585	0	0.35071301986810866	No-PER3D	No-Essential3D
219	K	219	-2.167	-21.427	30.534	0.25	0.990774907749078	-3.206420279827756	2.6527595267809083	0	0.33819896391300924	No-PER3D	No-Essential3D
220	E	220	1.598	-21.669	31.015	-1.66	0.921361166714327	-1.937962403089103	2.1359369529812744	0	0.5792836270589844	No-PER3D	No-Essential3D
221	G	221	1.319	-23.348	34.398	0.25	0.928262748487468	-3.554624402854053	2.7274763956295685	0	0.3436824582120155	No-PER3D	No-Essential3D
222	N	222	0.232	-22.447	37.915	0.25	0.904040404040404	-3.5537913786362867	2.605299218436798	0	0.3436824582120155	No-PER3D	No-Essential3D
223	A	223	2.354	-20.788	40.596	0.25	0.670411985018727	-3.1912259180956997	2.3282863736898642	0	0.33819896391300924	No-PER3D	No-Essential3D
224	S	224	1.993	-19.398	44.102	0.25	0.670411985018727	-2.7451628701046094	2.164979570571869	0	0.33819896391300924	No-PER3D	No-Essential3D
225	G	225	3.826	-17.162	46.557	0.25	0.609465440926115	-1.0566145735572492	2.25847724872361	0	0.5792836270589844	No-PER3D	No-Essential3D
226	V	226	3.491	-14.912	49.591	-3.56	0.611756664388243	-0.7582846073741528	2.3842240829668913	0	0.33819896391300924	No-PER3D	No-Essential3D
227	S	227	5.671	-11.88	48.954	-1.66	0.56077694235589	-0.6179888935475074	2.150926171239886	0	0.3436824582120155	No-PER3D	No-Essential3D
228	L	228	5.969	-9.196	46.313	0.25	0.494987901832008	-0.36503147013279846	1.2312373013692637	0	0.3436824582120155	No-PER3D	No-Essential3D
229	L	229	9.424	-10.456	45.401	0.25	0.500699300699301	-0.9052619900719294	0.7117267134613937	0	0.3436824582120155	No-PER3D	No-Essential3D
230	E	230	8.071	-13.924	44.72	0.25	0.502632502632503	-1.2912976031831231	1.4316170220983055	0	0.5792836270589844	No-PER3D	No-Essential3D
231	A	231	5.335	-12.36	42.596	0.25	0.462033462033462	-0.6840635837592153	1.2687199212925384	0	0.5792836270589844	No-PER3D	No-Essential3D
232	L	232	7.955	-10.658	40.496	0.25	0.462033462033462	-0.7383916623777307	0.3393796607867112	0	0.3436824582120155	No-PER3D	No-Essential3D
233	D	233	9.459	-14.09	39.915	0.25	0.465116279069768	-1.433250136291855	0.35854139008005054	0	0.3436824582120155	No-PER3D	No-Essential3D
234	T	234	6.223	-15.427	38.468	-2.61	0.346899224806202	-1.5971525761116272	1.3394371724160574	0	0.3436824582120155	No-PER3D	No-Essential3D
235	I	235	6.361	-12.918	35.602	0.25	0.347868217054264	-0.21389978096214624	0.5920653036323033	0	0.33819896391300924	No-PER3D	No-Essential3D
236	L	236	6.432	-14.855	32.358	0.25	0.25369978858351	0.3058793301099577	0.7865639331879811	0	0.33819896391300924	No-PER3D	No-Essential3D
237	P	237	8.796	-13.661	29.679	0.25	0.25369978858351	-0.20272006705545773	-0.16129372889375623	0	0.5792836270589844	No-PER3D	No-Essential3D
238	P	238	7.77	-12.369	26.216	0.25	0.255394411036434	0.9720291964878064	-0.7506493132964115	0	0.5792836270589844	No-PER3D	No-Essential3D
239	T	239	5.289	-14.452	24.282	0.25	0.139922480620155	-0.20883695986224385	-0.2011005532453141	0	0.3436824582120155	No-PER3D	No-Essential3D
240	R	240	8.087	-15.015	21.777	0.25	0.156506701253783	0.9720291964878064	-1.028237365114944	0	0.5792836270589844	No-PER3D	No-Essential3D
241	P	241	6.837	-13.723	18.497	0.25	0.17724609375	-0.15963420334765843	-0.9321035978170724	0.6508005316876148	1	No-PER3D	No-Essential3D
242	T	242	7.638	-16.779	16.393	0.25	0	0.5777189939303596	-0.8390816019218083	0.5506107029542955	1	No-PER3D	No-Essential3D
243	D	243	4.693	-18.55	18.007	0.25	0	0.017383442927671966	-0.8868793273227991	0.6508005316876148	1	No-PER3D	No-Essential3D
244	K	244	2.26	-16.087	16.402	0.25	0	-0.3697877018408023	-0.39808268354721765	1.1577525088934686	1	No-PER3D	No-Essential3D
245	P	245	0.467	-16.095	13.107	0.25	0	-0.5379105006353172	0.08574310633029952	0.877004576102238	1	No-PER3D	No-Essential3D
246	L	246	2.572	-14.936	10.179	0.25	0	-0.38715394282506826	0.10833827292339716	0.5241261371069763	0.5139647352288081	No-PER3D	No-Essential3D
247	R	247	2.582	-11.207	9.453	0.25	0	-0.22956573640442396	0.1296811039906358	0.5731242540484556	0.7276526533609702	No-PER3D	No-Essential3D
248	L	248	4.976	-9.771	6.884	0.25	0	0.6018604349032645	0.22116505598174946	0.8319355420523055	1	No-PER3D	No-Essential3D
249	P	249	4.669	-6.145	5.86	0.25	0	0.5861085727081775	0.291855413911816	0.481622589464647	0.5095095887599321	No-PER3D	No-Essential3D
250	L	250	5.71	-5.527	2.275	0.25	0	0.48180570141638596	0.40812853364992974	0.3696969287171867	0.45400618451007585	No-PER3D	No-Essential3D
251	Q	251	8.528	-3.079	1.799	0.25	0	0.34657163381047695	0.42733895893216334	0.4166380192428017	0.6809127052331613	No-PER3D	No-Essential3D
252	D	252	8.798	-3.468	-1.961	0.25	0	0.34657163381047695	0.22248942642778102	0.4166380192428017	0.6809127052331613	No-PER3D	No-Essential3D
253	V	253	7.682	-5.687	-4.778	0.25	0	0.36742021923305457	0.12349873323047351	1.3676163415111373	0.6582700104568994	No-PER3D	No-Essential3D
254	Y	254	9.905	-6.248	-7.77	0.25	0	0.6361353202351665	-0.08449576341939032	2.097765193861309	0.5961122819766249	No-PER3D	No-Essential3D
255	K	255	9.532	-7.741	-11.182	0.25	0	0.6092638101349553	-7.760598466071169e-4	2.8226223834594557	0.26042490230368825	No-PER3D	No-Essential3D
256	I	256	12.361	-10.16	-11.761	0.25	0	0.9720291964878064	-0.2679054876496808	0	1	No-PER3D	No-Essential3D
257	G	257	13.434	-11.701	-15.074	0.25	0	0.9720291964878064	-0.9375388618733046	0	1	No-PER3D	No-Essential3D
258	G	258	12.486	-15.344	-15.373	0.25	0.238188976377953	0.9720291964878064	-0.5795918025495238	0	1	No-PER3D	No-Essential3D
259	I	259	11.193	-15.496	-11.782	0.25	0.357283464566929	0.9720291964878064	-0.13536616813266983	26.40464418306117	0.19999999999999996	No-PER3D	No-Essential3D
260	G	260	8.228	-13.15	-11.753	0.25	0.3544921875	0.9720291964878064	-0.12992040246171813	4.08248410708084	0.3617021276595745	No-PER3D	No-Essential3D
261	T	261	7.124	-11.286	-8.662	0.25	0.47265625	0.6886187383996414	-0.013344310273392874	2.8226223834594557	0.26042490230368825	No-PER3D	No-Essential3D
262	V	262	9.251	-11.074	-5.573	0.25	0.53173828125	0.7201087892983264	-0.16410731398303713	1.6603981386960869	0.6240970115025893	No-PER3D	No-Essential3D
263	P	263	7.767	-9.078	-2.785	0.25	0.53173828125	0.5502089797984446	0.12849325957037303	1	1	No-PER3D	No-Essential3D
264	V	264	10.326	-8.072	-0.2	0.25	0.53173828125	0.4947063197077391	-0.015400271380533279	0.3696969287171867	0.45400618451007585	No-PER3D	No-Essential3D
265	G	265	9.584	-7.512	3.435	0.25	0.609375	0.7453008300172745	0.13865183291799524	0.2991451426828208	0.4543194339739256	No-PER3D	No-Essential3D
266	R	266	10.397	-8.332	7.014	0.25	0.533203125	0.506945367830305	0.07568157919172526	1	1	No-PER3D	No-Essential3D
267	V	267	8.609	-11.06	8.937	0.25	0.531128404669261	0.32423386371485796	-0.156791161714565	0.33122863344918285	0.44880624341017195	No-PER3D	No-Essential3D
268	E	268	7.294	-9.345	12.044	0.25	0.527616279069768	0.018632979254321315	-0.37533216692779003	0.3696969287171867	0.45400618451007585	No-PER3D	No-Essential3D
269	T	269	5.651	-12.429	13.488	0.25	0.52557915057915106	-0.06308669650854884	-0.36130753067258214	0.3696969287171867	0.45400618451007585	No-PER3D	No-Essential3D
270	G	270	5.172	-16.093	12.641	0.25	0.522115384615385	-0.19818172723106806	-0.18947267709479723	0.6302225175371134	0.7284906451967824	No-PER3D	No-Essential3D
271	I	271	7.159	-18.033	10.097	-1.66	0.463320463320463	-0.09492782219704975	-0.21310301939976362	0.6302225175371134	0.7284906451967824	No-PER3D	No-Essential3D
272	L	272	7.329	-17.918	6.341	0.25	0.46640826873385	0.38056389265163604	-0.08567098014099428	0.6976691930802903	1	No-PER3D	No-Essential3D
273	R	273	8.259	-21.056	4.43	-1.66	0.46692607003891	0.3869237346283691	0.1207862591860912	1.6603981386960869	0.6240970115025893	No-PER3D	No-Essential3D
274	P	274	8.114	-22.13	0.851	0.25	0.461538461538462	0.30024144398252667	0.17532989568281215	0.7907413624202642	1	No-PER3D	No-Essential3D
275	G	275	4.844	-23.716	-0.178	0.25	0.414503816793893	0.2162679749193666	0.0098840289550913	1	0.9999999999999999	No-PER3D	No-Essential3D
276	M	276	2.586	-21.677	2.037	0.25	0.376425855513308	-0.16161263586485325	0.3031717955935317	1.3676163415111373	0.6582700104568994	No-PER3D	No-Essential3D
277	V	277	-0.829	-20.472	1.017	0.25	0.412927756653992	-0.16161263586485325	0.1720836283770644	1.5851026143695373	0.6880035340057575	No-PER3D	No-Essential3D
278	V	278	-0.779	-16.846	2.023	0.25	0.412927756653992	-0.3671897601515564	0.1485738692925317	1.1067215473943135	0.9999999999999999	No-PER3D	No-Essential3D
279	T	279	-3.25	-13.986	1.927	0.25	0.460559796437659	-0.18742427870546538	0.16005407519102557	1.390571748207381	0.7013748111197966	No-PER3D	No-Essential3D
280	F	280	-2.393	-10.373	1.182	0.25	0.550570342205323	9.014637618680783e-4	0.40797850160845744	1.2346054795125574	0.7193642803294473	No-PER3D	No-Essential3D
281	A	281	-4.384	-7.616	2.826	0.25	0.497245179063361	-0.08141710383065195	0.3082727288389869	0.7784343707949515	1	No-PER3D	No-Essential3D
282	P	282	-6.023	-5.325	2.237	0.25	0.497245179063361	-0.5376670012485856	0.27932784731649485	0.877004576102238	1	No-PER3D	No-Essential3D
283	V	283	-6.352	-6.457	-1.403	0.25	0.49913584514345	-0.44353926956512196	0.26013681277326045	0	0.35071301986810866	No-PER3D	No-Essential3D
284	N	284	-7.436	-9.958	-0.291	0.25	0.457541191381496	-0.7102037095613161	0.20096004156500724	0.5506107029542955	1	No-PER3D	No-Essential3D
285	I	285	-5.514	-12.114	-2.74	-1.66	0.457541191381496	-0.1894628782222887	0.2618903967439	1.1577525088934686	1	No-PER3D	No-Essential3D
286	T	286	-4.215	-15.606	-1.906	0.25	0.454088050314465	-0.07380066952474255	0.18702044094514716	1	1	No-PER3D	No-Essential3D
287	T	287	-1.38	-17.585	-3.46	0.25	0.449004975124378	0.2366939538806758	0.029666676313492433	1.6603981386960869	0.6240970115025893	No-PER3D	No-Essential3D
288	E	288	1.513	-20.036	-2.976	0.25	0.449004975124378	0.1946747971602684	0.15226656950883338	1.3676163415111373	0.6582700104568994	No-PER3D	No-Essential3D
289	V	289	5.107	-19.145	-2.215	0.25	0.338951310861423	0.4947063197077391	0.2879300148838659	1.6603981386960869	0.6240970115025893	No-PER3D	No-Essential3D
290	K	290	7.452	-21.027	-4.505	0.25	0.244677255829672	0.6593004151491416	0.12583797273717737	2.097765193861309	0.5961122819766249	No-PER3D	No-Essential3D
291	S	291	10.688	-19.473	-3.315	0.25	0.333948339483395	0.6794764655580877	0.09926692385129186	1	0.9999999999999999	No-PER3D	No-Essential3D
292	V	292	12.041	-17.636	-0.273	0.25	0.223456790123457	0.4947063197077391	0.21160481488680888	0.5506107029542955	1	No-PER3D	No-Essential3D
293	E	293	15.338	-15.772	-0.408	0.25	0.284401260504202	0.6697247078604304	0.12163486323621132	0.6508005316876148	1	No-PER3D	No-Essential3D
294	M	294	17.613	-13.851	1.932	0.25	0.281298701298701	0.9720291964878064	0.11435477681005651	0	0.5792836270589844	No-PER3D	No-Essential3D
295	H	295	21.193	-12.753	1.272	0.25	0.281298701298701	0.9720291964878064	-0.12774789139528012	0	1	No-PER3D	No-Essential3D
296	H	296	20.964	-14.365	-2.143	0.25	0.281543274244004	0.9720291964878064	-0.25118979399969266	0	1	No-PER3D	No-Essential3D
297	E	297	20.182	-17.819	-0.803	0.25	0.306556911722963	0.9720291964878064	-0.40522035746741636	0	1	No-PER3D	No-Essential3D
298	A	298	16.974	-19.807	-0.418	0.25	0.304581447963801	0.5185724635467425	-0.20987870595602653	1	0.9999999999999999	No-PER3D	No-Essential3D
299	L	299	15.582	-20.17	3.065	0.25	0.280761209593326	0.2744034535015543	-0.10562498323237905	0.7907413624202642	1	No-PER3D	No-Essential3D
300	S	300	14.008	-23.172	4.703	0.25	0.27974025974026	0.10830208612387521	-0.1742864288790523	1	0.9999999999999999	No-PER3D	No-Essential3D
301	E	301	12.047	-20.908	7.002	0.25	0.263970588235294	0.32423386371485796	-0.20899955876803675	1.1577525088934686	1	No-PER3D	No-Essential3D
302	A	302	12.052	-17.145	7.312	0.25	0.283869267264101	0.46818838210884656	-0.152354778830523	0.7784343707949515	1	No-PER3D	No-Essential3D
303	L	303	12.074	-16.123	10.967	0.25	0.283869267264101	0.3869237346283691	-0.5620244455450074	0.5506107029542955	1	No-PER3D	No-Essential3D
304	P	304	10.719	-13.11	12.773	0.25	0.281789638932496	0.34657163381047695	-0.6224386878670963	0.4166380192428017	0.6809127052331613	No-PER3D	No-Essential3D
305	G	305	13.378	-10.446	12.337	0.25	0.283869267264101	0.6092638101349553	-0.41990790176646353	0.6508005316876148	1	No-PER3D	No-Essential3D
306	D	306	14.28	-11.589	8.838	0.25	0.440344403444034	0.6481315301013323	-0.1735375812832577	0	0.33819896391300924	No-PER3D	No-Essential3D
307	N	307	14.379	-9.405	5.773	0.25	0.471797575118608	0.9720291964878064	-0.35670854628972026	0.7907413624202642	1	No-PER3D	No-Essential3D
308	V	308	13.402	-11.603	2.912	0.25	0.437118437118437	0.4947063197077391	-0.2785955244903399	1	1	No-PER3D	No-Essential3D
309	G	309	12.485	-11.49	-0.731	0.25	0.409443430656934	0.7453008300172745	-0.4241017003359915	1.1577525088934686	1	No-PER3D	No-Essential3D
310	F	310	10.046	-14.222	-1.649	0.25	0.459465240641711	0.5861085727081775	-0.2434621120621626	0.7784343707949515	1	No-PER3D	No-Essential3D
311	N	311	8.624	-15.426	-4.943	0.25	0.462430227565479	0.7394872821590557	-0.01981465196400674	1.3676163415111373	0.6582700104568994	No-PER3D	No-Essential3D
312	V	312	4.907	-15.933	-5.388	0.25	0.486960431654676	0.08723557123695005	0.1088537965935229	1.3676163415111373	0.6582700104568994	No-PER3D	No-Essential3D
313	K	313	3.343	-17.507	-8.463	0.25	0.486960431654676	0.6972069340992829	-0.14195199494860208	2.097765193861309	0.5961122819766249	No-PER3D	No-Essential3D
314	N	314	0.069	-16.272	-9.943	0.25	0.490072202166065	0.30024144398252667	-0.05485069156259688	4.08248410708084	0.3617021276595745	No-PER3D	No-Essential3D
315	V	315	0.414	-12.567	-9.23	0.25	0.492272727272727	0.4052082803114765	-0.07616509875872642	1	0.9999999999999999	No-PER3D	No-Essential3D
316	S	316	1.392	-9.607	-11.365	0.25	0.574817518248175	0.18340879137291274	0.15774833795044088	1.3472098981240779	1	No-PER3D	No-Essential3D
317	V	317	3.598	-6.952	-9.821	0.25	0.579044117647059	0.5777189939303596	0.21261883399587747	2.097765193861309	0.5961122819766249	No-PER3D	No-Essential3D
318	K	318	0.75	-4.441	-10.056	0.25	0.592045920459205	0.4947063197077391	0.3594378587759251	2.097765193861309	0.5961122819766249	No-PER3D	No-Essential3D
319	D	319	-1.615	-6.53	-7.922	0.25	0.529411764705882	0.2744034535015543	0.3699280813956653	1	0.9999999999999999	No-PER3D	No-Essential3D
320	I	320	0.242	-5.941	-4.656	-1.66	0.551196172248804	0.1718114324741643	0.3810141070325422	1.3676163415111373	0.6582700104568994	No-PER3D	No-Essential3D
321	R	321	2.457	-3.136	-3.389	0.25	0.586080586080586	0.4223846717107593	0.4653330615314668	1.1577525088934686	1	No-PER3D	No-Essential3D
322	R	322	4.316	-1.614	-0.49	0.25	0.546496539792388	0.4537929302694477	0.6044386054775918	0.4752717681629598	0.6818375959426304	No-PER3D	No-Essential3D
323	G	323	1.969	-1.269	2.422	0.25	0.576923076923077	0.3428876560198383	0.5075906553649978	0.4752717681629598	0.6818375959426304	No-PER3D	No-Essential3D
324	N	324	0.348	-4.631	1.878	0.25	0.613138686131387	0.04504363343122891	0.5999500668526614	0.3696969287171867	0.45400618451007585	No-PER3D	No-Essential3D
325	V	325	0.446	-7.086	4.736	0.25	0.654545454545455	0.15628190099801822	0.5620537130936324	0.9095545072780784	1	No-PER3D	No-Essential3D
326	C	326	1.137	-10.688	3.798	-1.66	0.652173913043478	-0.09934596882368385	0.522616706231075	0.9095545072780784	1	No-PER3D	No-Essential3D
327	G	327	0.096	-13.479	6.141	0.25	0.659340659340659	-0.3671897601515564	0.575840479418103	0.6302225175371134	0.7284906451967824	No-PER3D	No-Essential3D
328	D	328	-1.06	-17.079	6.485	0.25	0.659340659340659	-0.6647939727380815	0.67002446526243	1.2346054795125574	0.7193642803294473	No-PER3D	No-Essential3D
329	S	329	-4.391	-17.95	4.89	0.25	0.654545454545455	-0.3436922478505616	0.41317137517986974	0.877004576102238	1	No-PER3D	No-Essential3D
330	K	330	-4.746	-20.997	7.124	0.25	0.698181818181818	0.4947063197077391	0.5557177045575402	1.6603981386960869	0.6240970115025893	No-PER3D	No-Essential3D
331	S	331	-3.912	-19.225	10.381	-1.66	0.659340659340659	-0.9702262689640703	0.5758884274162487	1.1577525088934686	1	No-PER3D	No-Essential3D
332	D	332	-5.498	-15.872	11.183	0.25	0.703921568627451	-1.1935802405947156	0.6668192943628874	1	1	No-PER3D	No-Essential3D
333	P	333	-5.316	-14.34	7.731	0.25	0.701343101343101	-0.30257595271498766	0.3661623816706945	1.1577525088934686	1	No-PER3D	No-Essential3D
334	P	334	-4.708	-10.606	7.621	0.25	0.700729927007299	-0.4640232842858347	0.09256153110552755	0.877004576102238	1	No-PER3D	No-Essential3D
335	Q	335	-7.961	-8.881	6.784	-2.61	0.661764705882353	-1.4108365784325816	0.2701647442874634	0.877004576102238	1	No-PER3D	No-Essential3D
336	E	336	-8.421	-5.348	5.522	0.25	0.622837370242215	-1.2912976031831231	0.1665289849260462	1.1577525088934686	1	No-PER3D	No-Essential3D
337	A	337	-9.466	-2.794	8.116	0.25	0.526007326007326	-1.4230379331516285	-0.01327806181432135	1	0.9999999999999999	No-PER3D	No-Essential3D
338	A	338	-12.644	-0.713	8.045	0.25	0.526007326007326	-2.044684705730929	-0.0377551113933511	1.3472098981240779	1	No-PER3D	No-Essential3D
339	Q	339	-11.968	1.53	11.038	-4.51	0.529411764705882	-1.9565164424940567	-0.08306690074989335	1.3472098981240779	1	No-PER3D	No-Essential3D
340	F	340	-9.753	1.333	14.059	0.25	0.622222222222222	-1.0968459500645418	-0.21574945559322878	2.097765193861309	0.5961122819766249	No-PER3D	No-Essential3D
341	T	341	-9.618	2.972	17.456	0.25	0.571428571428571	-0.9335137016525145	-0.012405152246574524	1.8344615497635035	0.4130369516017412	No-PER3D	No-Essential3D
342	S	342	-6.254	4.116	18.691	-2.61	0.507185122569738	-0.7373364983685601	-0.24911181986619668	1.3676163415111373	0.6582700104568994	No-PER3D	No-Essential3D
343	Q	343	-4.539	6.008	21.472	0.25	0.502097902097902	0.140603025180118	-0.1747811447381116	3.0642618431412587	0.10893360749064827	No-PER3D	No-Essential3D
344	V	344	-2.268	8.825	20.453	0.25	0.462867457452295	0.4177450822826808	-0.33580087488790883	3.717220100433773	0.07539090442723573	No-PER3D	No-Essential3D
345	I	345	-0.245	11.685	21.799	0.25	0.466233766233766	0.6633937238054068	-0.439734371027325	8.010889458364499	0.0018929227147580691	PER3D	Essential3D
346	I	346	-0.107	14.92	19.892	0.25	0.502097902097902	0.27562095043521273	-0.4818558671122203	4.2619153764974875	0.177434275312584	No-PER3D	No-Essential3D
347	L	347	3.3	16.476	19.54	0.25	0.434782608695652	0.9720291964878064	-0.5990552514880572	4.2619153764974875	0.177434275312584	No-PER3D	No-Essential3D
348	N	348	4.021	20.044	18.425	0.25	0.433212996389892	0.9720291964878064	-0.5933891327167018	26.40464418306117	0.19999999999999996	No-PER3D	No-Essential3D
349	H	349	1.33	20.529	15.82	0.25	0.392727272727273	0.9720291964878064	-0.5579039388924839	4.08248410708084	0.3617021276595745	No-PER3D	No-Essential3D
350	P	350	0.55	24.124	15.008	0.25	0.491332116788321	0.9720291964878064	-0.397331666279788	26.40464418306117	0.19999999999999996	No-PER3D	No-Essential3D
351	G	351	-3.238	24.234	14.69	0.25	0.524087591240876	-0.7254659032653908	-0.047996015409818266	0	1	No-PER3D	No-Essential3D
352	Q	352	-6.032	22.417	16.465	0.25	0.520289855072464	-0.3213004033241534	-0.12306911674011846	0	1	No-PER3D	No-Essential3D
353	I	353	-7.062	18.957	15.432	0.25	0.524087591240876	-0.15963420334765838	0.03459658256569748	0	0.580436274656083	No-PER3D	No-Essential3D
354	S	354	-10.788	18.781	14.883	0.25	0.473388429752066	-1.5858259918298723	0.43641047470556105	0	0.580436274656083	No-PER3D	No-Essential3D
355	A	355	-12.982	15.894	13.902	0.25	0.391970802919708	-1.63950172620942	0.6279691505560585	0	0.33819896391300924	No-PER3D	No-Essential3D
356	G	356	-12.486	14.79	10.308	0.25	0.391970802919708	-1.1033465140496108	0.6224543628897071	0	0.580436274656083	No-PER3D	No-Essential3D
357	Y	357	-8.839	15.906	10.171	0.25	0.391970802919708	-0.8386322432489374	0.4232047796959975	0	0.580436274656083	No-PER3D	No-Essential3D
358	S	358	-7.009	13.83	7.596	-2.61	0.389454545454545	-0.033893825588162285	0.5238111111416174	0	0.5792836270589844	No-PER3D	No-Essential3D
359	P	359	-3.263	13.337	7.77	0.25	0.38804347826087	0.42382353172326465	0.23648783155991115	0.7907413624202642	1	No-PER3D	No-Essential3D
360	V	360	-1.099	10.499	6.489	0.25	0.387725631768953	0.38845542431910063	0.20991155594033864	1.3472098981240779	1	No-PER3D	No-Essential3D
361	I	361	-0.521	7.548	8.77	-0.7	0.391970802919708	0.23550017938884232	0.09216224597407767	4.463638534644758	0.09213835312728207	No-PER3D	No-Essential3D
362	D	362	2.764	5.735	8.602	0.25	0.593895155938952	0.8353374952997973	0.06902413499927286	6.736767999735541	0.052948334825927285	No-PER3D	No-Essential3D
363	C	363	2.296	2.296	10.113	0.25	0.593895155938952	0.8563669877902602	-0.028108910378091122	1.6603981386960869	0.6240970115025893	No-PER3D	No-Essential3D
364	H	364	4.655	-0.561	9.49	0.25	0.597735597735598	0.8431484496533979	0.08325494518571469	1.1577525088934686	1	No-PER3D	No-Essential3D
365	T	365	5.406	-0.21	5.782	0.25	0.593895155938952	0.5726185847811718	0.2850993496706008	1	1	No-PER3D	No-Essential3D
366	A	366	1.96	1.268	5.038	0.25	0.651459854014599	0.8533232454561143	0.29149242835133043	1.6603981386960869	0.6240970115025893	No-PER3D	No-Essential3D
367	H	367	1.534	4.948	4.144	0.25	0.729166666666667	0.8265186758683128	0.3829770638353354	0	0.580436274656083	No-PER3D	No-Essential3D
368	I	368	-2.084	6.039	3.982	0.25	0.721816707218167	0.38845542431910063	0.698768092347878	0	1	No-PER3D	No-Essential3D
369	A	369	-4.199	9.094	4.672	0.25	0.721816707218167	0.3020000506644776	0.6039827783203566	0	1	No-PER3D	No-Essential3D
370	C	370	-6.521	8.469	7.575	0.25	0.812043795620438	-0.6521117130124733	0.6676167258594994	0.6508005316876148	1	No-PER3D	No-Essential3D
371	K	371	-9.438	10.458	8.89	0.25	0.742440041710115	-0.7438857922185844	0.8257408012680071	0.6508005316876148	1	No-PER3D	No-Essential3D
372	F	372	-9.899	11.381	12.49	0.25	0.645454545454546	-1.6897771878228425	0.5640746049499611	0	0.33819896391300924	No-PER3D	No-Essential3D
373	A	373	-13.515	10.433	12.273	0.25	0.577453365774534	-1.8769136282728043	0.804258831411475	0.5506107029542955	1	No-PER3D	No-Essential3D
374	E	374	-14.388	10.673	15.955	0.25	0.581699346405229	-2.3854346055956657	0.696600809944453	0	0.19663992975514172	No-PER3D	No-Essential3D
375	L	375	-12.478	12.127	18.873	0.25	0.654981549815498	-1.0855406213948569	0.4726001698149824	0	0.33819896391300924	No-PER3D	No-Essential3D
376	K	376	-13.684	9.822	21.639	0.25	0.654981549815498	-1.369343354895914	0.5004156076477313	0	0.3436824582120155	No-PER3D	No-Essential3D
377	E	377	-11.463	10.995	24.477	0.25	0.655555555555556	-1.2912976031831231	0.43130952425402064	0.7907413624202642	1	No-PER3D	No-Essential3D
378	K	378	-8.928	13.556	25.635	0.25	0.654411764705882	-0.3992043954298007	0.2974180252313873	2.8226223834594557	0.26042490230368825	No-PER3D	No-Essential3D
379	I	379	-6.221	12.292	27.961	0.25	0.581699346405229	0.48308900899510693	0.16948023275133778	4.692110045024045	0.04830477800983213	PER3D	No-Essential3D
380	D	380	-3.578	13.816	30.215	0.25	0.581699346405229	0.9720291964878064	0.05601903858750815	3.717220100433773	0.07539090442723573	No-PER3D	No-Essential3D
381	R	381	-0.04	13.102	28.969	0.25	0.57956857956858	0.9720291964878064	0.03736319570241211	9.517741678557273	0.013758316524572364	PER3D	No-Essential3D
382	R	382	1.509	13.022	32.433	0.25	0.560924369747899	0.9720291964878064	-0.21578837842163984	12.677704839348365	0.0031902217017351123	PER3D	Essential3D
383	S	383	-0.998	10.771	34.159	0.25	0.491236162361624	0.9720291964878064	-0.03645963976379834	8.399814906675152	0.007393441233545393	PER3D	Essential3D
384	G	384	-3.131	8.937	31.615	0.25	0.489010989010989	0.9720291964878064	-0.04854536844784849	2.5960030955329447	0.22174214871436207	No-PER3D	No-Essential3D
385	K	385	-6.095	10.526	33.405	0.25	0.562994201370585	0.9720291964878064	-0.10733907815465656	3.717220100433773	0.07539090442723573	No-PER3D	No-Essential3D
386	K	386	-9.022	10.773	31.026	0.25	0.525461254612546	0.4066921046993726	0.17219802136412599	1.6603981386960869	0.6240970115025893	No-PER3D	No-Essential3D
387	L	387	-9.794	14.471	31	0.25	0.438271604938272	0.27622969890204185	0.234318843733315	2.8226223834594557	0.26042490230368825	No-PER3D	No-Essential3D
388	E	388	-12.885	14.726	28.829	0.25	0.438661710037175	-0.9953929136548472	0.22797881899812522	1.3472098981240779	1	No-PER3D	No-Essential3D
389	D	389	-15.225	12.923	26.476	0.25	0.440298507462687	-1.4095870421059324	0.4500121383850327	0	1	No-PER3D	No-Essential3D
390	N	390	-15.574	13.799	22.808	-3.56	0.435424354243542	-1.4970545849713894	0.4447979581629146	0	0.3436824582120155	No-PER3D	No-Essential3D
391	P	391	-13.461	16.921	23.009	0.25	0.391881918819188	-0.837999144843435	0.21990047958566236	0	0.3436824582120155	No-PER3D	No-Essential3D
392	K	392	-14.115	19.598	20.433	0.25	0.394444444444444	-1.2905062301762453	0.3687135988160433	0	0.5792836270589844	No-PER3D	No-Essential3D
393	S	393	-10.468	19.806	19.418	-5.47	0.164498141263941	-0.644067536843659	0.18241606340974267	0	0.3436824582120155	No-PER3D	No-Essential3D
394	L	394	-7.089	18.35	20.325	0.25	0.163284132841328	-0.15923851684421944	0.16738187141014235	0	0.3436824582120155	No-PER3D	No-Essential3D
395	K	395	-4.005	20.54	20.642	0.25	0.163143382352941	-0.033893825588162285	-0.03395736992465042	4.08248410708084	0.3617021276595745	No-PER3D	No-Essential3D
396	S	396	-0.321	19.997	21.275	0.25	0.144485144485145	-0.07258317259108417	-0.22459990512029177	26.40464418306117	0.038297872340425566	PER3D	No-Essential3D
397	G	397	0.635	18.036	24.34	0.25	0.144485144485145	0.9720291964878064	-0.19091656451423547	6.736767999735541	0.052948334825927285	No-PER3D	No-Essential3D
398	D	398	-2.683	16.264	24.38	0.25	0.144607843137255	0.29303115658652756	-0.024378681568245113	1.6603981386960869	0.6240970115025893	No-PER3D	No-Essential3D
399	A	399	-3.23	12.548	24.268	0.25	0.145551455514555	0.06669847661943458	-0.13610188902730308	4.953023251032905	0.025076849832116794	PER3D	Essential3D
400	A	400	-6.447	11.171	22.987	0.25	0.146090534979424	-0.4425500533065246	-0.08399086455811279	2.6285929556777057	0.19558559040446422	No-PER3D	No-Essential3D
401	I	401	-8.522	8.266	21.87	0.25	0.147180762852405	-1.12530228954531	0.06011958624681228	1.1577525088934686	1	No-PER3D	No-Essential3D
402	V	402	-9.786	8.644	18.35	0.25	0.146633622470054	-1.5533708966236341	0.13302813297618263	0.4166380192428017	0.6809127052331613	No-PER3D	No-Essential3D
403	E	403	-11.633	6.511	15.828	-1.66	0.395910780669145	-2.089187799529477	0.09608227496610176	1	1	No-PER3D	No-Essential3D
404	M	404	-9.893	6.332	12.485	0.25	0.392988929889299	-1.2353224392820001	0.17623158288263469	1.3676163415111373	0.6582700104568994	No-PER3D	No-Essential3D
405	V	405	-10.907	5.642	8.916	0.25	0.392988929889299	-1.0393771959936433	0.4812110700175916	0.7907413624202642	1	No-PER3D	No-Essential3D
406	P	406	-8.489	4.897	6.202	0.25	0.32962962962963	-0.662156062715155	0.6411265946507652	1	0.9999999999999999	No-PER3D	No-Essential3D
407	G	407	-8.922	6.8	2.939	0.25	0.306262510723477	-0.7234874707481959	0.8249895883269803	2.0369882730619775	0.4921070693205218	No-PER3D	No-Essential3D
408	K	408	-7.494	4.037	0.732	0.25	0.302884615384615	-0.7234874707481959	1.031070306660632	1.3472098981240779	1	No-PER3D	No-Essential3D
409	P	409	-7.666	0.425	1.783	0.25	0.301516002245929	-0.32016987045718487	0.8304337140083717	0.7907413624202642	1	No-PER3D	No-Essential3D
410	M	410	-5.326	-0.574	4.596	0.25	0.327838827838828	-0.1852157958955734	0.6498685810156394	0.4752717681629598	0.6818375959426304	No-PER3D	No-Essential3D
411	C	411	-4.257	-3.455	6.837	0.25	0.328125	-0.20458419013832577	0.30753703628470247	0.6976691930802903	1	No-PER3D	No-Essential3D
412	V	412	-3.406	-2.709	10.448	0.25	0.328125	-1.0389375443231557	0.06842846409460027	1.390571748207381	0.7013748111197966	No-PER3D	No-Essential3D
413	E	413	-3.469	-4.645	13.708	0.25	0.330258302583026	-1.237557854809086	-0.01359453229053974	1.9687894517724074	0.28541830639442634	No-PER3D	No-Essential3D
414	S	414	-3.965	-3.758	17.364	0.25	0.360281784636028	-1.4230379331516285	-0.41656371247640617	1.1577525088934686	1	No-PER3D	No-Essential3D
415	F	415	-0.783	-3.084	19.267	0.25	0.358957219251337	-0.3728771460117972	-0.3809183060978599	1.6603981386960869	0.6240970115025893	No-PER3D	No-Essential3D
416	S	416	-1.527	-5.85	21.739	0.25	0.361288158336129	-0.5830187620273602	-0.49177044062567904	1.6603981386960869	0.6240970115025893	No-PER3D	No-Essential3D
417	Q	417	-1.884	-8.575	19.122	-3.56	0.264944649446494	-0.15864498708906102	-0.7534148954987397	2.1661404270854843	0.37693195872098445	No-PER3D	No-Essential3D
418	Y	418	0.755	-7.641	16.545	0.25	0.263736263736264	0.13059724591897484	-0.6364219292645226	1.390571748207381	0.7013748111197966	No-PER3D	No-Essential3D
419	P	419	2.934	-4.863	17.904	0.25	0.263970588235294	0.42382353172326465	-0.672610095881435	1.3676163415111373	0.6582700104568994	No-PER3D	No-Essential3D
420	P	420	5.055	-4.068	14.895	0.25	0.262043795620438	0.4551495697098099	-0.23464227838450505	1	1	No-PER3D	No-Essential3D
421	L	421	1.805	-3.459	12.991	0.25	0.262043795620438	0.2930311565865275	-0.2909991846245192	1.5851026143695373	0.6880035340057575	No-PER3D	No-Essential3D
422	G	422	0.011	-1.586	15.772	0.25	0.290348742903487	-0.32016987045718487	-0.4088783930040459	1.1577525088934686	1	No-PER3D	No-Essential3D
423	R	423	2.04	1.545	16.292	0.25	0.288484848484849	0.04429653304012036	-0.3276101520729342	1.6603981386960869	0.6240970115025893	No-PER3D	No-Essential3D
424	F	424	2.026	4.407	13.886	0.25	0.288484848484849	0.4959558560343886	-0.2204034633928169	13.499545993643272	0.024350213362776423	PER3D	Essential3D
425	A	425	3.056	7.984	13.405	0.25	0.260583941605839	0.48308900899510693	-0.021944844278079665	13.499545993643272	0.024350213362776423	PER3D	Essential3D
426	V	426	0.805	10.713	12.116	0.25	0.260583941605839	0.1599587417376665	0.20986694445068504	4.463638534644758	0.09213835312728207	No-PER3D	No-Essential3D
427	R	427	2.531	12.803	9.515	0.25	0.260583941605839	0.32592966301531073	-0.002192485824343143	4.08248410708084	0.3617021276595745	No-PER3D	No-Essential3D
428	D	428	1.45	16.11	8.02	0.25	0.260363636363636	0.3020000506644776	0.14045219250918548	4.08248410708084	0.3617021276595745	No-PER3D	No-Essential3D
429	M	429	3.821	17.229	5.306	0.25	0.238221632382216	-0.32016987045718487	-0.3156386127292678	4.08248410708084	0.3617021276595745	No-PER3D	No-Essential3D
430	R	430	7.398	16.991	6.455	0.25	0.216969696969697	0.9720291964878064	-0.6660572890477755	4.08248410708084	0.3617021276595745	No-PER3D	No-Essential3D
431	Q	431	6.225	17.279	10.067	0.25	0.219362745098039	0.7346172944244223	-0.5557650363668362	4.08248410708084	0.3617021276595745	No-PER3D	No-Essential3D
432	T	432	5.424	14.492	12.49	0.25	0.220787207872079	0.7840781073542938	-0.5481029957660682	4.08248410708084	0.3617021276595745	No-PER3D	No-Essential3D
433	V	433	2.355	15.511	14.472	0.25	0.219362745098039	0.4551495697098099	-0.4782544897460956	4.08248410708084	0.3617021276595745	No-PER3D	No-Essential3D
434	A	434	1.411	12.488	16.474	0.25	0	0.4959558560343886	-0.6604484078665391	26.40464418306117	0.007000686341798223	PER3D	Essential3D
435	V	435	2.282	8.975	17.435	0.25	0	0.5307904907017118	-0.7174764812673092	6.736767999735541	0.052948334825927285	No-PER3D	No-Essential3D
436	G	436	-0.125	6.362	18.715	0.25	0	0.36847538324222523	-0.5720243244393303	3.3191440570622803	0.1403552857564773	No-PER3D	No-Essential3D
437	V	437	-0.991	2.723	19.211	0.25	0	-0.24607648563740345	-0.5479847880480498	1.1577525088934686	1	No-PER3D	No-Essential3D
438	I	438	-4.031	0.863	17.976	0.25	0	-1.1873399672796112	-0.5324422296470643	1.1577525088934686	1	No-PER3D	No-Essential3D
439	K	439	-6.49	-0.456	20.523	0.25	0	-1.2905062301762453	-0.43670247536050516	1.1577525088934686	1	No-PER3D	No-Essential3D
440	N	440	-9.202	-2.082	18.424	-3.56	0	-2.044684705730929	-0.44813264095619215	1.1577525088934686	1	No-PER3D	No-Essential3D
441	V	441	-9.462	-2.601	14.706	0.25	0	-2.1819519509239407	-0.3970911112098249	1.6603981386960869	0.6240970115025893	No-PER3D	No-Essential3D
442	E	442	-12.835	-3.156	13.098	-1.66	0	-3.0107928725275275	-0.43444988314101446	2.0369882730619775	0.4921070693205218	No-PER3D	No-Essential3D
443	K	443	-12.09	-5.784	10.491	0.25	0	-2.2852620998218254	-0.11914716298618665	2.097765193861309	0.5961122819766249	No-PER3D	No-Essential3D
444	K	444	-13.435	-5.977	6.957	0.25	0	-1.56163062233263	-0.2275399645412316	1.6603981386960869	0.6240970115025893	No-PER3D	No-Essential3D
445	S	445	-16.165	-8.328	5.82	-2.61	0	-3.250737168212921	-0.49828389826804786	1.3472098981240779	1	No-PER3D	No-Essential3D
446	G	446	-14.929	-9.148	2.261	-0.7	0	-1.2912976031831231	-0.4900342376295678	2.0369882730619775	0.4921070693205218	No-PER3D	No-Essential3D
447	G	447	-15.189	-12.59	0.69	0.25	0	-1.743962963117309	-0.9253027655762837	0	1	No-PER3D	No-Essential3D
448	A	448	-12.087	-14.639	0.167	0.25	0	-0.5948893571305295	-0.23311874306956204	0.7907413624202642	1	No-PER3D	No-Essential3D
449	G	449	-10.858	-15.009	-3.229	0.25	0	0.29303115658652756	-0.9156409363722949	0	1	No-PER3D	No-Essential3D
450	K	450	-8.682	-14.199	-5.92	0.25	0	0.35475825112300746	-0.7927197796811212	1.3472098981240779	1	No-PER3D	No-Essential3D
451	V	451	-7.606	-17.668	-4.811	0.25	0	0.6092638101349553	-0.7360786414555912	1.3472098981240779	1	No-PER3D	No-Essential3D
452	T	452	-5.73	-17.77	-8.084	0.25	0	0.5941485857035864	-0.68829207864051	2.0369882730619775	0.4921070693205218	No-PER3D	No-Essential3D
453	K	453	-5.564	-21.488	-8.89	0.25	0	0.46818838210884656	-1.2063879254188548	4.08248410708084	0.3617021276595745	No-PER3D	No-Essential3D
454	S	454	-2.936	-22.299	-6.298	0.25	0	0.6232163249946803	-0.897046414716314	0.7907413624202642	1	No-PER3D	No-Essential3D
455	A	455	-5.654	-23.353	-3.935	0.25	0	0.6232163249946803	-0.8606277113723557	0	0.5792836270589844	No-PER3D	No-Essential3D
456	Q	456	-5.818	-26.809	-5.432	0.25	0	0.9720291964878064	-1.8490957476118097	0	1	No-PER3D	No-Essential3D
457	K	457	-6.451	-28.596	-8.663	0.25	0	0.9720291964878064	-2.7140336198462376	0	1	No-PER3D	No-Essential3D
458	A	458	-7.843	-32.119	-8.818	0.25	0	0.9720291964878064	-2.7140336198462376	0	1	No-PER3D	No-Essential3D
459	Q	459	-10.78	-34.08	-7.537	0.25	0	0.9720291964878064	-2.7140336198462376	0	1	No-PER3D	No-Essential3D
460	K	460	-8.484	-35.537	-4.952	0.25	0	0.9720291964878064	-2.7140336198462376	0	1	No-PER3D	No-Essential3D
461	A	461	-5.765	-33.525	-3.333	0.25	0	0.9720291964878064	-2.7140336198462376	0	1	No-PER3D	No-Essential3D
