Uniprot_position	aminoacid	Position_in_structure	x	y	z	paraz	mtr	paraz3dscore	mtr3dscore	PER3D_OR	PER3D_pvalue	PER3D	Essential3D
61	Q	61	2.945	12.987	125.704	-0.71	0.490141627325743	-1.3517845962200237	-0.8797593800291328	0	1	No-PER3D	No-Essential3D
62	I	62	2.989	12.681	121.965	-0.71	0.534848484848485	-1.3517845962200237	-0.755704953719402	0	1	No-PER3D	No-Essential3D
63	Q	63	3.255	14.589	118.714	-0.71	0.535279805352798	-1.3517845962200237	-0.5625736098085512	0	1	No-PER3D	No-Essential3D
64	Q	64	0.516	14.475	116.196	-0.71	0.467153284671533	-1.3517845962200237	-0.4837325698809543	0	1	No-PER3D	No-Essential3D
65	P	65	0.452	11.646	113.942	-0.71	0.595169082125604	-1.3517845962200237	-0.34851272410265177	0	1	No-PER3D	No-Essential3D
66	L	66	-0.414	12.18	110.418	-0.71	0.641818181818182	-1.3517845962200237	-0.21040495434371764	0	1	No-PER3D	No-Essential3D
67	T	67	-4.105	12.401	110.5	-0.71	0.599702696963262	-1.3517845962200237	-0.21040495434371764	0	1	No-PER3D	No-Essential3D
68	N	68	-4.551	11.527	106.947	-0.71	0.641818181818182	-1.3517845962200237	-0.0681745690753296	0	1	No-PER3D	No-Essential3D
69	Q	69	-3.531	8.289	105.533	-0.71	0.644160583941606	-1.3517845962200237	0.13788341000291784	0	1	No-PER3D	No-Essential3D
70	V	70	-1.325	8.033	102.579	-0.71	0.692156862745098	-1.3517845962200237	0.5596015748444964	0	1	No-PER3D	No-Essential3D
71	M	71	-1.487	4.578	101.189	-0.71	0.697283950617284	-1.3517845962200237	0.7834060063083571	0	1	No-PER3D	No-Essential3D
72	P	72	2.128	3.626	99.946	-0.71	0.70185873605948	-1.3517845962200237	0.9108982732032159	0	1	No-PER3D	No-Essential3D
73	D	73	1.513	0.463	97.746	-0.71	0.759764579989299	-1.3301599757163167	0.40532553583097647	0	0.5946296536959458	No-PER3D	No-Essential3D
74	I	74	0.19	1.715	94.35	-0.71	0.757624398073836	-1.2894278863019268	-0.17370976367573568	0	0.5946296536959458	No-PER3D	No-Essential3D
75	V	75	1.819	5.048	93.271	-0.71	0.846748400852879	-1.3301599757163167	0.3938957707888161	0	1	No-PER3D	No-Essential3D
76	M	76	5.559	4.786	94.121	-0.71	0.846748400852879	-1.3268331110234386	1.0365116324305301	0	1	No-PER3D	No-Essential3D
77	L	77	6.754	1.233	93.371	-0.71	0.848380244291025	-1.319347665464463	0.3334400010566424	0	0.5941731555582161	No-PER3D	No-Essential3D
78	Q	78	4.881	1.542	90.061	-0.71	0.823339483394834	-1.2948502089035003	-0.11524358320426385	0	0.5946296536959458	No-PER3D	No-Essential3D
79	R	79	6.262	4.833	88.703	-0.71	0.789010989010989	-1.3286153599660517	0.550958628249885	0	1	No-PER3D	No-Essential3D
80	R	80	9.746	3.526	89.581	-0.44	0.843014128728415	-1.30544612371208	0.9791182882056907	0	1	No-PER3D	No-Essential3D
81	M	81	9.058	0.553	87.349	-0.71	0.740349264705882	-1.286310050806022	0.22933276544805847	0	1	No-PER3D	No-Essential3D
82	P	82	9.395	0.623	83.551	-0.71	0.789705882352941	-1.2760060115489138	0.6176490233754748	0	1	No-PER3D	No-Essential3D
83	Q	83	8.826	-3.08	82.719	-0.71	0.743081180811808	-1.2699414144525216	0.14096074511075657	0	1	No-PER3D	No-Essential3D
84	T	84	12.388	-4.431	82.338	-0.71	0.7	-1.2261030411557439	0.3027269996710371	0	1	No-PER3D	No-Essential3D
85	F	85	14.91	-3.313	85.009	-0.71	0.7	-1.242860581830981	0.365676022549625	0	1	No-PER3D	No-Essential3D
86	R	86	15.682	-6.881	86.08	-0.71	0.729166666666667	-1.2747557192623744	0.12534294720062233	0	1	No-PER3D	No-Essential3D
87	D	87	18.811	-6.912	88.209	-0.71	0.723844282238443	-1.242660353863354	0.20494955565688797	0	1	No-PER3D	No-Essential3D
88	P	88	18.723	-10.326	90.069	-0.44	0.684782608695652	-1.242660353863354	0.20494955565688797	0	1	No-PER3D	No-Essential3D
89	A	89	19.673	-8.556	93.396	-0.71	0.685347593582888	-1.2327399681945659	0.1802361323491248	0	1	No-PER3D	No-Essential3D
90	T	90	16.47	-6.522	94.217	-0.71	0.651459854014599	-1.2510545263523287	-0.04403909559435403	0	1	No-PER3D	No-Essential3D
91	A	91	14.8	-9.955	94.734	-0.71	0.609703735508802	-1.2582495313428783	-0.13880194826948508	0	1	No-PER3D	No-Essential3D
92	P	92	12.403	-11.461	95.993	-0.71	0.61298024744953294	-1.2582495313428783	-0.23726633055977778	0	1	No-PER3D	No-Essential3D
93	L	93	10.743	-7.995	95.872	-0.71	0.61298024744953294	-1.2747557192623744	-0.23011136783301844	0	1	No-PER3D	No-Essential3D
94	R	94	10.669	-8.101	92.055	-0.44	0.613507625272331	-1.2807471955315175	0.06111362575332859	0	0.5941731555582161	No-PER3D	No-Essential3D
95	K	95	9.103	-11.514	91.422	-0.16	0.611764705882353	-1.2828640221000216	-0.2967449044599799	0	1	No-PER3D	No-Essential3D
96	L	96	6.498	-10.927	94.151	-0.71	0.496735736588135	-1.28141876759685	-0.7031403880266079	0	1	No-PER3D	No-Essential3D
97	S	97	5.955	-7.743	92.224	-0.71	0.403701561596298	-1.2802248617029257	-0.2958532178575299	0	1	No-PER3D	No-Essential3D
98	V	98	5.827	-9.573	88.835	-0.71	0.436953807740325	-1.276972146497603	-0.3529538161857853	0	1	No-PER3D	No-Essential3D
99	D	99	2.537	-11.099	90.02	-0.71	0.503731343283582	-1.2204350494567664	-1.0753199087027652	0	1	No-PER3D	No-Essential3D
100	L	100	1.494	-7.685	91.276	-0.71	0.502296211251435	-1.2579634913891256	-0.7257204401781202	0	1	No-PER3D	No-Essential3D
101	I	101	2.464	-5.958	87.951	-0.71	0.461640211640212	-1.2729748681620692	-0.47100528945865117	0	1	No-PER3D	No-Essential3D
102	K	102	-0.136	-8.08	86.148	-0.71	0.466827180310326	-1.2549684848145382	-1.2207497915101841	0	1	No-PER3D	No-Essential3D
103	T	103	-2.688	-7.148	88.865	-0.71	0.463752665245203	-1.2747557192623744	-1.3616887203483168	0	1	No-PER3D	No-Essential3D
104	Y	104	-1.734	-3.45	88.513	-0.71	0.373791621911923	-1.2807471955315175	-0.9329094253389869	0	1	No-PER3D	No-Essential3D
105	K	105	-1.659	-3.447	84.654	-0.16	0.346268656716418	-1.273981728799279	-1.1712217094330857	0	1	No-PER3D	No-Essential3D
106	H	106	-5.383	-4.186	85.168	-0.44	0.278251599147122	-1.242860581830981	-1.9250373195402406	0	1	No-PER3D	No-Essential3D
107	I	107	-5.783	-1.39	87.798	-0.71	0.278251599147122	-1.2610145842291547	-1.4709431054601982	0	1	No-PER3D	No-Essential3D
108	N	108	-3.978	1.175	85.529	-0.71	0.324626865671642	-1.2700915854282415	-1.3801905512819854	0	1	No-PER3D	No-Essential3D
109	E	109	-6.32	0.316	82.626	-0.71	0.276190476190476	-1.1192845914579452	-1.97324569402778	0	1	No-PER3D	No-Essential3D
110	V	110	-9.449	0.852	84.815	-0.44	0.256088560885609	-1.1873473778064183	-2.170743500429407	0	1	No-PER3D	No-Essential3D
111	Y	111	-8.142	4.172	86.312	-0.44	0.254411764705882	-1.2496683327302962	-2.18918939371915	0	1	No-PER3D	No-Essential3D
112	Y	112	-7.178	5.542	82.831	-0.71	0.291631445477599	-1.177939607856889	-2.3092348092324895	0	1	No-PER3D	No-Essential3D
113	A	113	-10.593	4.59	81.284	-0.71	0.292703619909502	-0.9515394272479031	-2.0458095363591218	0	1	No-PER3D	No-Essential3D
114	K	114	-12.463	6.246	84.226	-0.71	0.313868613138686	-1.1772329209123236	-2.1906438386007965	0	1	No-PER3D	No-Essential3D
115	K	115	-10.393	9.488	83.901	-0.71	0.31478102189781	-1.3085353552126096	-2.3248666196526218	0	1	No-PER3D	No-Essential3D
116	K	116	-11.01	9.703	80.098	-0.71	0.315018315018315	-1.0581169103672128	-1.8172775531851184	0	1	No-PER3D	No-Essential3D
117	R	117	-14.813	9.171	80.551	-0.71	0.227438016528926	-0.9473241016136522	-1.8331384809520765	0	1	No-PER3D	No-Essential3D
118	R	118	-15.228	11.86	83.308	-0.71	0.225795864785035	-1.3286153599660517	-2.1025835406205196	0	1	No-PER3D	No-Essential3D
119	H	119	-13.173	14.623	81.525	-0.71	0.225795864785035	-1.3517845962200237	-2.060258357320084	0	1	No-PER3D	No-Essential3D
120	Q	120	-14.352	14.679	77.82	-0.71	0.310909090909091	-1.1495543489168378	-1.3258334339655886	0	1	No-PER3D	No-Essential3D
121	Q	121	-18.17	13.943	77.434	-0.71	0.412755716004814	-1.2049507532936181	-1.2652250003450343	0	1	No-PER3D	No-Essential3D
122	G	122	-20.315	15.029	80.494	-0.71	0.474543442169342	-1.3286153599660517	-1.5886085108357009	0	1	No-PER3D	No-Essential3D
123	Q	123	-20.168	18.903	80.812	-0.71	0.47422111938241	-1.3268331110234386	-1.40409660181288	0	1	No-PER3D	No-Essential3D
124	G	124	-19.059	21.128	77.78	-0.71	0.524656837824098	-1.333764079133601	-0.9296691674712744	0	1	No-PER3D	No-Essential3D
125	D	125	-22.475	22.208	76.27	-0.71	0.524656837824098	-1.3347125274013076	-0.686661289378387	0	0.5946296536959458	No-PER3D	No-Essential3D
126	D	126	-25.221	23.219	78.882	-0.71	0.524316109422492	-1.3517845962200237	-0.7332847065138522	0	1	No-PER3D	No-Essential3D
127	S	127	-24.268	26.087	81.368	-0.71	0.525	-1.3517845962200237	-0.8281013706220056	0	1	No-PER3D	No-Essential3D
128	S	128	-23.958	29.779	80.13	-0.71	0.565384615384615	-1.3517845962200237	-0.7402711978201187	0	1	No-PER3D	No-Essential3D
129	H	129	-25.124	30.722	76.527	-0.71	0.528776978417266	-1.3517845962200237	-0.6799579912239492	0	1	No-PER3D	No-Essential3D
130	K	130	-28.523	29.094	75.426	-0.71	0.474543442169342	-1.3517845962200237	-0.6724804874363275	0	1	No-PER3D	No-Essential3D
131	K	131	-27.912	28.796	71.564	-0.71	0.471153846153846	-1.3517845962200237	-0.5898350101598719	0	1	No-PER3D	No-Essential3D
132	E	132	-26.954	25.17	70.439	-0.71	0.569065343258892	-1.311238432775573	-0.4262507050382581	0	0.5946296536959458	No-PER3D	No-Essential3D
133	R	133	-23.983	25.84	67.992	-0.71	0.568681318681319	-1.30544612371208	-0.39992919529520615	0	0.5946296536959458	No-PER3D	No-Essential3D
134	K	134	-20.595	25.067	69.696	-0.71	0.612099644128114	-1.248087585617452	-0.2655496649117894	0	0.5946296536959458	No-PER3D	No-Essential3D
135	V	135	-20.727	21.727	68.452	-0.71	0.665803946942737	-1.206285606411131	-0.13003871322718646	0	0.5941731555582161	No-PER3D	No-Essential3D
136	Y	136	-19.812	19.674	65.417	-0.71	0.663026019916479	-0.5886548726471755	0.17934741995916267	0	0.602455336057028	No-PER3D	No-Essential3D
137	N	137	-22.206	16.913	64.43	-0.44	0.662612035851472	-0.4542627313323701	0.15461134503714463	0	0.602455336057028	No-PER3D	No-Essential3D
138	D	138	-23.561	17.425	67.871	-0.71	0.659885568976478	-0.736798695651637	-0.06193617588103253	0	0.602455336057028	No-PER3D	No-Essential3D
139	G	139	-20.64	16.306	70.052	-0.44	0.603146853146853	-0.9413973537718955	-0.20074577304788283	0	0.3597761019891008	No-PER3D	No-Essential3D
140	Y	140	-19.336	13.518	67.848	-0.71	0.603508771929825	-0.4502781947765944	0.0451840397949803	0	0.602455336057028	No-PER3D	No-Essential3D
141	D	141	-16.97	15.255	65.462	-0.16	0.672514619883041	-0.10836891725687177	0.3202078869005019	0.7394177076611704	1	No-PER3D	No-Essential3D
142	D	142	-13.946	17.486	65.897	-0.16	0.672105672105672	-0.47984448877523017	0.3885118215106616	0.8511901353868094	1	No-PER3D	No-Essential3D
143	D	143	-13.296	20.673	63.962	-0.71	0.725874125874126	-0.5608841240937031	0.3844941506679931	0	0.5941731555582161	No-PER3D	No-Essential3D
144	N	144	-11.903	18.855	60.955	-0.44	0.662200956937799	0.17656418624004042	0.44912106013275127	1.5449682112730552	0.636163067364427	No-PER3D	No-Essential3D
145	Y	145	-14.979	16.753	60.173	-0.44	0.659486854608806	0.08873048837587423	0.2612020760904021	1.3636228418943979	0.6581448820444927	No-PER3D	No-Essential3D
146	D	146	-13.408	13.684	61.784	-0.71	0.730526315789474	0.44889412064421236	0.2054685818614448	2.1445198795629397	0.38061850847222145	No-PER3D	No-Essential3D
147	Y	147	-15.138	11.381	64.229	1.5	0.730985915492958	0.30645631920312827	0.2114375763739148	1.3636228418943979	0.6581448820444927	No-PER3D	No-Essential3D
148	I	148	-13.691	11.781	67.701	0.12	0.730985915492958	0.08873048837587423	0.03212880376481642	0.7394177076611704	1	No-PER3D	No-Essential3D
149	V	149	-12.6	8.222	68.298	0.12	0.736170212765957	0.40503914797002777	-0.33782770149475355	2.7941396454851906	0.155466193242311	No-PER3D	No-Essential3D
150	K	150	-12.978	6.771	71.72	0.39	0.669245647969052	-0.05180451640226787	-0.788769444911791	1.519031759843528	0.5424228666719388	No-PER3D	No-Essential3D
151	N	151	-11.307	3.54	72.65	0.39	0.561688311688312	0.04228260558562027	-1.029083006909118	1.519031759843528	0.5424228666719388	No-PER3D	No-Essential3D
152	G	152	-13.517	0.668	73.71	0.12	0.561688311688312	0.04754773057782717	-1.0943804485649238	1.519031759843528	0.5424228666719388	No-PER3D	No-Essential3D
153	E	153	-16.671	1.992	72.127	1.78	0.497491039426523	0.1342551461240919	-0.785375742972975	1.2079136237047245	1	No-PER3D	No-Essential3D
154	K	154	-19.018	-0.637	70.725	0.12	0.495714285714286	0.24431834572025407	-0.5751237171376472	2.5196881144019114	0.26213301010584744	No-PER3D	No-Essential3D
155	W	155	-20.917	0.146	67.543	0.12	0.495714285714286	0.3621668066663822	-0.4718804691955811	0.8511901353868094	1	No-PER3D	No-Essential3D
156	M	156	-24.16	-1.456	66.423	0.12	0.495714285714286	0.348901703811099	-0.654831252068662	0.8511901353868094	1	No-PER3D	No-Essential3D
157	D	157	-23.628	-4.141	69.062	-0.44	0.495714285714286	0.28207561961561556	-0.6888311655119679	1.2079136237047245	1	No-PER3D	No-Essential3D
158	R	158	-21.167	-5.601	66.504	-0.71	0.450649350649351	0.39525711289525145	-0.26628878358263464	0.8511901353868094	1	No-PER3D	No-Essential3D
159	Y	159	-17.858	-3.692	66.384	2.33	0.453891432308699	0.5436637708701356	-0.306950366144211	1.777714078657235	0.6170909700891751	No-PER3D	No-Essential3D
160	E	160	-15.508	-3.097	69.282	1.22	0.499280575539568	0.47386540860682624	-0.2961143977936693	2.5196881144019114	0.26213301010584744	No-PER3D	No-Essential3D
161	I	161	-13.189	-0.205	68.577	1.78	0.498924731182796	0.6621083021715033	-0.3922169091253125	3.279711918578024	0.11997448729747304	No-PER3D	No-Essential3D
162	D	162	-9.676	-0.844	69.81	0.12	0.499280575539568	0.7646250215964845	-0.40604087967982366	4.238931198293868	0.14919251771813627	No-PER3D	No-Essential3D
163	S	163	-7.87	2.311	68.717	0.12	0.416365824308063	0.8978878578281766	-0.29797269129799625	3.1660889847208744	0.20461424475189374	No-PER3D	No-Essential3D
164	L	164	-7.053	4.926	66.116	0.67	0.415458937198068	0.9465244291098602	-0.13860966352438553	9.314174438650536	0.008391373362104092	PER3D	Essential3D
165	I	165	-4.379	3.452	63.879	0.95	0.418491484184915	1.1845431153036539	-0.21219402059957132	6.961735344927445	0.015167517594030672	PER3D	Essential3D
166	G	166	-4.077	6.198	61.281	2.33	0.573988055739881	1.1989376859217777	-0.20192940484738248	6.961735344927445	0.015167517594030672	PER3D	Essential3D
167	K	167	-5.15	9.633	60.049	1.22	0.633699633699634	1.002350226797169	0.16274055978201132	4.970461136827075	0.06081733136700976	No-PER3D	No-Essential3D
168	G	168	-5.349	10.923	56.497	2.33	0.633211678832117	1.2170531727952172	-0.021103269784011607	4.970461136827075	0.06081733136700976	No-PER3D	No-Essential3D
169	S	169	-6.982	13.436	54.195	0.95	0.633211678832117	1.1585517839929182	0.16202040836921514	6.652456516661883	0.038349063650621615	PER3D	No-Essential3D
170	F	170	-10.155	11.345	53.822	2.33	0.688264462809917	1.0884054233649514	-0.04664205509751209	9.174480568038396	0.0032860592147621417	PER3D	Essential3D
171	G	171	-10.57	10.426	57.459	1.5	0.688264462809917	0.9143383333906675	0.07541372502358137	3.9577810813205234	0.08820721963079714	No-PER3D	No-Essential3D
172	Q	172	-9.338	7.91	59.985	1.22	0.688264462809917	1.0323844219412066	0.08735516052416463	5.544711196684047	0.024672684297445478	PER3D	No-Essential3D
173	V	173	-8.63	4.207	60.19	2.33	0.683295044305875	1.25972925830423	0.057158365636214646	5.544711196684047	0.024672684297445478	PER3D	No-Essential3D
174	V	174	-9.376	2.451	63.429	1.5	0.569412536921562	1.1155651216128504	-0.05618700360695175	5.544711196684047	0.024672684297445478	PER3D	Essential3D
175	K	175	-8.792	-1.104	64.466	1.78	0.630434782608696	1.0574727262485375	-0.17774177296005347	4.970461136827075	0.06081733136700976	No-PER3D	No-Essential3D
176	A	176	-11.881	-2.943	65.586	1.5	0.631768953068592	0.784052546022988	-0.16180680508813478	2.1445198795629397	0.38061850847222145	No-PER3D	No-Essential3D
177	Y	177	-12.947	-6.42	66.554	0.39	0.641025641025641	0.6512959919196496	-0.2126184435074045	1.5449682112730552	0.636163067364427	No-PER3D	No-Essential3D
178	D	178	-15.956	-7.853	64.751	0.95	0.641025641025641	0.6519252798179057	-0.07331607643801605	1.2183289649183298	0.6818335075099411	No-PER3D	No-Essential3D
179	R	179	-17.934	-9.976	67.176	0.67	0.636861313868613	0.23781470045598135	-0.08633894243510105	0.652381285144588	1	No-PER3D	No-Essential3D
180	V	180	-20.165	-11.532	64.578	0.12	0.64051094890511	0.13155130042314525	0.23933109060050056	0.652381285144588	1	No-PER3D	No-Essential3D
181	E	181	-17.334	-12.763	62.339	0.12	0.711678832116788	0.14191604227677393	0.7654017112806402	0.7394177076611704	1	No-PER3D	No-Essential3D
182	Q	182	-14.936	-13.034	65.271	0.12	0.800638686131387	-0.077070124422559	0.8858872043998601	0.652381285144588	1	No-PER3D	No-Essential3D
183	E	183	-12.028	-11.384	63.485	1.5	0.732600732600733	0.4602785108035713	0.577526824349271	1.2183289649183298	0.6818335075099411	No-PER3D	No-Essential3D
184	W	184	-10.003	-8.19	63.549	0.12	0.732600732600733	0.7587612025445531	0.04678314302967292	1.3636228418943979	0.6581448820444927	No-PER3D	No-Essential3D
185	V	185	-10.88	-5.605	60.949	2.33	0.738007380073801	0.9535067377245423	-0.07117611135168539	2.1445198795629397	0.38061850847222145	No-PER3D	No-Essential3D
186	A	186	-9.835	-2.12	59.94	2.33	0.648148148148148	1.151281461784138	-0.1223615413035789	3.9577810813205234	0.08820721963079714	No-PER3D	No-Essential3D
187	I	187	-12.559	0.476	59.693	1.78	0.648148148148148	1.0568181604008802	-0.07141111368393062	3.9172136341400132	0.05277028483710877	No-PER3D	No-Essential3D
188	K	188	-12.092	3.582	57.611	2.33	0.648148148148148	1.231939686910088	-0.09297125688666706	3.4059586159749955	0.07153203733421294	No-PER3D	No-Essential3D
189	I	189	-14.252	6.386	58.968	1.78	0.777777777777778	0.9562385301510802	0.042073854746663066	3.9172136341400132	0.05277028483710877	No-PER3D	No-Essential3D
190	I	190	-14.755	8.892	56.191	1.78	0.854700854700855	0.8205068271069056	-0.07150321216194304	3.279711918578024	0.11997448729747304	No-PER3D	No-Essential3D
191	K	191	-14.975	12.573	57.083	1.78	0.854700854700855	0.42593171327987717	0.13532486509131106	2.4290566249785233	0.1939771588942616	No-PER3D	No-Essential3D
192	N	192	-18.432	13.988	57.672	2.33	0.727272727272727	0.16434157465098864	0.1432233881214713	0.8511901353868094	1	No-PER3D	No-Essential3D
193	K	193	-18.449	16.381	54.764	0.39	0.726708074534161	0.3070271048122005	0.19175333750858767	1.2079136237047245	1	No-PER3D	No-Essential3D
194	K	194	-20.361	16.185	51.519	-0.16	0.631294964028777	0.5612169627190227	-0.021794084467178006	0	1	No-PER3D	No-Essential3D
195	A	195	-17.422	16.409	49.174	-0.16	0.631294964028777	0.5612169627190227	-0.0630506152589461	0	1	No-PER3D	No-Essential3D
196	F	196	-15.655	13.591	50.971	0.67	0.701438848920863	0.7377054837266435	-0.10647994805505231	6.371254532939713	0.09798112343578076	No-PER3D	No-Essential3D
197	L	197	-18.741	11.468	51.317	-0.16	0.535332994407728	0.7256918056690285	-0.15900514984759465	2.0357005109087587	0.4637767968811785	No-PER3D	No-Essential3D
198	N	198	-19.644	11.757	47.672	0.95	0.534954407294833	0.8610204860111571	-0.41941342979093155	0	1	No-PER3D	No-Essential3D
199	Q	199	-16.142	10.865	46.5	0.95	0.5	0.8818353934150102	-0.5675101189101206	9.992780285370976	0.0211640320122472	PER3D	Essential3D
200	A	200	-15.947	7.919	48.889	1.22	0.497142857142857	1.0792184930855986	-0.4457776944006587	23.40747062305284	1.0241553421250313e-4	PER3D	Essential3D
201	Q	201	-19.118	6.61	47.32	0.12	0.495373665480427	0.8527253273523276	-0.7514017378550488	13.994067227454488	0.003979000373872825	PER3D	Essential3D
202	I	202	-17.232	6.291	44.04	0.12	0.498571428571429	0.7667813227863127	-1.0492776153085217	5.544711196684047	0.024672684297445478	PER3D	Essential3D
203	E	203	-14.526	4.428	45.918	2.33	0.415183867141162	1.095230000143899	-0.9256540246681298	6.060638479047505	0.009843395123734293	PER3D	Essential3D
204	V	204	-17.034	1.925	47.269	1.78	0.357142857142857	1.0379075934118502	-0.6713013044132082	7.3090698030287164	0.005940950604336624	PER3D	Essential3D
205	R	205	-18.455	1.231	43.843	0.39	0.417857142857143	0.7797191299252828	-0.9940078986511695	3.4059586159749955	0.07153203733421294	No-PER3D	No-Essential3D
206	L	206	-14.973	0.565	42.543	1.5	0.417857142857143	0.9417678823675918	-1.0615304873091589	3.4059586159749955	0.07153203733421294	No-PER3D	No-Essential3D
207	L	207	-14.003	-1.61	45.482	2.33	0.414893617021277	0.9450409587424218	-0.8326235602697287	3.4059586159749955	0.07153203733421294	No-PER3D	No-Essential3D
208	E	208	-17.104	-3.689	45.04	-0.16	0.413427561837456	0.6256668120634045	-0.6671324505901253	3.9577810813205234	0.08820721963079714	No-PER3D	No-Essential3D
209	L	209	-16.513	-4.108	41.342	-0.16	0.411695906432749	0.45950840323577546	-0.9256560305529689	2.4290566249785233	0.1939771588942616	No-PER3D	No-Essential3D
210	M	210	-12.911	-5.1	41.906	1.78	0.41025641025641	0.5398826568520022	-0.838989084480911	2.6882002317189944	0.11814949176573522	No-PER3D	No-Essential3D
211	N	211	-13.687	-7.49	44.754	0.67	0.620141342756184	0.5397022712955815	-0.5676357734879282	1.2079136237047245	1	No-PER3D	No-Essential3D
212	K	212	-16.332	-9.303	42.682	0.12	0.619718309859155	0.32084703516519114	-0.5473556768488245	2.0357005109087587	0.4637767968811785	No-PER3D	No-Essential3D
213	H	213	-14.268	-9.739	39.504	-0.44	0.550860719874804	0.18542011887934948	-0.6829596307743845	3.063277123555386	0.37232787851982896	No-PER3D	No-Essential3D
214	D	214	-13.607	-13.435	38.868	1.22	0.623674911660777	-0.1368012886598939	-0.5149154764416163	0	1	No-PER3D	No-Essential3D
215	T	215	-9.883	-13.925	38.263	0.12	0.623674911660777	-0.025853917966410882	-0.7162621935052238	0	1	No-PER3D	No-Essential3D
216	E	216	-7.232	-14.546	40.956	1.22	0.622340425531915	-0.26727711338259735	-0.7300218239347189	0	1	No-PER3D	No-Essential3D
217	M	217	-5.321	-11.292	40.389	0.39	0.626785714285714	0.2238843665240429	-0.8795099586256028	1	1	No-PER3D	No-Essential3D
218	K	218	-8.076	-9.64	42.441	-0.71	0.620141342756184	0.24203002609023225	-0.8413220207657048	2.5196881144019114	0.26213301010584744	No-PER3D	No-Essential3D
219	Y	219	-6.132	-10.682	45.576	0.95	0.620567375886525	0.33527905101362476	-0.7375467087942881	0	1	No-PER3D	No-Essential3D
220	Y	220	-3.696	-7.794	45.16	0.67	0.617957746478873	0.5226738747694726	-0.9376798493931168	0.8511901353868094	1	No-PER3D	No-Essential3D
221	I	221	-6.493	-5.368	46.018	1.22	0.551236749116608	0.9403134220281952	-0.8148974249394455	3.9172136341400132	0.05277028483710877	No-PER3D	No-Essential3D
222	V	222	-7.609	-4.846	49.604	1.78	0.554767533490938	1.102799520604261	-0.47530598585990763	4.596524564875146	0.03716050675951804	PER3D	Essential3D
223	H	223	-10.928	-6.495	50.395	1.5	0.622775800711744	0.9435144086734467	-0.38413235749586383	3.9577810813205234	0.08820721963079714	No-PER3D	No-Essential3D
224	L	224	-13.9	-4.377	51.389	0.39	0.622340425531915	1.1378735094845422	-0.4103849086874553	4.596524564875146	0.03716050675951804	PER3D	Essential3D
225	K	225	-16.005	-6.575	53.616	0.67	0.777925531914894	1.0615784997385576	-0.011723184491679424	3.279711918578024	0.11997448729747304	No-PER3D	No-Essential3D
226	R	226	-18.905	-4.172	54.045	1.22	0.68466353677621306	1.1010950628478027	-0.1865612406323115	3.9577810813205234	0.08820721963079714	No-PER3D	No-Essential3D
227	H	227	-19.896	-0.551	54.565	0.12	0.611888111888112	1.04817862805891	-0.2884488609085515	3.1660889847208744	0.20461424475189374	No-PER3D	No-Essential3D
228	F	228	-22.479	1.305	56.652	2.33	0.61013986013986	0.8132891232936349	-0.22970398688520352	1.519031759843528	0.5424228666719388	No-PER3D	No-Essential3D
229	M	229	-23.349	4.772	57.9	0.39	0.616197183098592	0.8063088439479061	-0.0683489723015074	1.519031759843528	0.5424228666719388	No-PER3D	No-Essential3D
230	F	230	-22.86	5.572	61.55	0.12	0.546165884194053	0.7230777183138992	-0.060353292585973356	1.2079136237047245	1	No-PER3D	No-Essential3D
231	R	231	-23.374	8.894	63.286	0.39	0.548095798979191	0.1345476530681034	0.12906276772305078	0	0.5941731555582161	No-PER3D	No-Essential3D
232	N	232	-23.33	10.58	59.89	0.95	0.551996836694346	0.14041433251957208	0.15400849025303542	0	0.5941731555582161	No-PER3D	No-Essential3D
233	H	233	-20.071	8.984	58.851	1.78	0.551615445232467	0.5485608419845299	0.10040307087482503	2.087385049401758	0.32010827359753075	No-PER3D	No-Essential3D
234	L	234	-19.638	6.526	56.02	0.67	0.551615445232467	0.8577024225476254	-0.038138598867650975	1.777714078657235	0.6170909700891751	No-PER3D	No-Essential3D
235	C	235	-17.627	3.61	57.333	1.22	0.627697841726619	1.076559118531049	-0.025257609849334367	2.087385049401758	0.32010827359753075	No-PER3D	No-Essential3D
236	L	236	-15.762	1.057	55.257	1.78	0.627697841726619	1.2795039149356506	-0.19664130495071155	9.282235741189645	0.0012580171810594105	PER3D	Essential3D
237	V	237	-14.798	-2.245	56.854	0.95	0.631768953068592	1.2737501356441987	0.05644794904067436	6.961735344927445	0.015167517594030672	PER3D	No-Essential3D
238	F	238	-11.6	-3.801	55.569	2.33	0.696748506967485	1.2850461134542157	-0.06762799349344957	6.961735344927445	0.015167517594030672	PER3D	Essential3D
239	E	239	-9.614	-6.945	56.165	2.33	0.699300699300699	0.9523681865360756	0.04429703176847659	3.9577810813205234	0.08820721963079714	No-PER3D	No-Essential3D
240	M	240	-6.711	-6.349	58.53	0.95	0.698181818181818	1.1218704696430895	-0.11099182545532427	13.994067227454488	0.003979000373872825	PER3D	Essential3D
241	L	241	-3.279	-5.696	57.05	2.33	0.704711347047113	1.1540361237973489	-0.4129238700873548	3.1660889847208744	0.20461424475189374	No-PER3D	No-Essential3D
242	S	242	0.17	-4.813	58.366	0.39	0.471528471528472	1.075729226296806	-0.7545974544058611	4.970461136827075	0.06081733136700976	No-PER3D	No-Essential3D
243	Y	243	2.573	-1.909	57.808	0.95	0.434194341943419	1.0358370332304916	-1.0998958027169023	2.087385049401758	0.32010827359753075	No-PER3D	No-Essential3D
244	N	244	3.089	-0.122	54.504	1.5	0.474074074074074	1.1966653040017892	-1.1177869082860719	2.087385049401758	0.32010827359753075	No-PER3D	No-Essential3D
245	L	245	6.178	-0.002	52.29	2.33	0.35394385026738	1.0363001884034446	-1.1451003406966	2.087385049401758	0.32010827359753075	No-PER3D	No-Essential3D
246	Y	246	7.164	3.379	53.67	0.67	0.301447629860914	1.192712416382832	-1.147273595212915	2.087385049401758	0.32010827359753075	No-PER3D	No-Essential3D
247	D	247	7.226	1.905	57.159	1.78	0.299490950226244	1.2100121127857977	-1.4252775352116236	2.087385049401758	0.32010827359753075	No-PER3D	No-Essential3D
248	L	248	9.379	-0.879	55.783	1.22	0.299744535906898	0.8537853577691762	-1.3475015929018166	1.777714078657235	0.6170909700891751	No-PER3D	No-Essential3D
249	L	249	11.852	1.615	54.367	1.22	0.298642533936652	0.8719472122445117	-1.2251007058551258	1	1	No-PER3D	No-Essential3D
250	R	250	11.998	3.562	57.598	1.78	0.3	1.0919067359539354	-1.4335012186556022	1	1	No-PER3D	No-Essential3D
251	N	251	12.776	0.416	59.494	0.67	0.280650319829424	0.8967754802302492	-1.6741541202106547	1.2079136237047245	1	No-PER3D	No-Essential3D
252	T	252	15.888	-0.031	57.319	1.22	0.347654320987654	0.8132066495312257	-1.528754406759728	1.2079136237047245	1	No-PER3D	No-Essential3D
253	N	253	16.884	3.512	58.155	0.67	0.351560549313358	0.8459676334449192	-1.5817963637701538	0	1	No-PER3D	No-Essential3D
254	F	254	16.36	4.162	54.475	0.39	0.415094339622642	0.7355919662905815	-1.0778421521289925	1.2079136237047245	1	No-PER3D	No-Essential3D
255	R	255	19.176	1.916	53.402	0.12	0.411985018726592	0.5689021832411736	-0.7374603360233204	0	0.5941731555582161	No-PER3D	No-Essential3D
256	G	256	16.653	0.429	51.032	1.22	0.331766917293233	0.5820743231114871	-0.8072830829787915	0.8511901353868094	1	No-PER3D	No-Essential3D
257	V	257	15.499	-3.137	50.622	1.22	0.332397003745318	0.556054221985113	-1.1873351169186814	0.8511901353868094	1	No-PER3D	No-Essential3D
258	S	258	17.36	-5.739	48.607	-0.16	0.332397003745318	0.2686889497799874	-0.9798439662084654	0	1	No-PER3D	No-Essential3D
259	L	259	17.017	-6.035	44.877	1.22	0.315205327413984	0.16867821941324967	-0.6866729193290043	0	0.5941731555582161	No-PER3D	No-Essential3D
260	N	260	15.437	-9.447	45.353	0.12	0.315205327413984	0.2202274251708569	-1.2604149370944338	0	1	No-PER3D	No-Essential3D
261	L	261	12.758	-8.029	47.615	0.12	0.338740458015267	0.5232733098492703	-1.5020517843712122	2.0357005109087587	0.4637767968811785	No-PER3D	No-Essential3D
262	T	262	12.249	-5.152	45.21	0.95	0.315205327413984	0.7085611906609476	-1.13014687080974	3.279711918578024	0.11997448729747304	No-PER3D	No-Essential3D
263	R	263	11.693	-7.663	42.44	2.33	0.314020344980097	0.5362111169882404	-1.0901208030314693	1.519031759843528	0.5424228666719388	No-PER3D	No-Essential3D
264	K	264	9.012	-9.405	44.436	0.12	0.314606741573034	0.35095404047927486	-1.306704128610103	0	1	No-PER3D	No-Essential3D
265	F	265	7.139	-6.17	45.051	0.95	0.334269662921348	0.8519552197845318	-1.121039736834325	4.596524564875146	0.03716050675951804	PER3D	Essential3D
266	A	266	7.548	-5.142	41.441	0.67	0.295190713101161	0.9873664265590127	-0.956243538307077	3.4059586159749955	0.07153203733421294	No-PER3D	No-Essential3D
267	Q	267	6.086	-8.378	40.185	0.39	0.368312757201646	0.4118819459454556	-1.0765808794449787	2.5196881144019114	0.26213301010584744	No-PER3D	No-Essential3D
268	Q	268	3.12	-8.232	42.478	1.5	0.423418095801301	0.46012448929001215	-1.0590602447516306	2.5196881144019114	0.26213301010584744	No-PER3D	No-Essential3D
269	M	269	2.442	-4.608	41.613	1.5	0.37106135986733	0.8992130380970117	-0.9434928887338434	4.596524564875146	0.03716050675951804	PER3D	Essential3D
270	C	270	2.554	-5.193	37.879	0.95	0.3696819496076	0.8090011269798452	-0.89026921295414	3.96792624760112	0.03144474476473347	PER3D	Essential3D
271	T	271	0.119	-8.033	38.362	0.39	0.368312757201646	0.3153442665443955	-0.9588547071774997	1.777714078657235	0.6170909700891751	No-PER3D	No-Essential3D
272	A	272	-2.167	-5.689	40.236	1.22	0.368312757201646	0.7556380453750903	-0.9645945481780918	1.3636228418943979	0.6581448820444927	No-PER3D	No-Essential3D
273	L	273	-1.834	-3.185	37.441	2.33	0.388539179509442	0.8017370425729152	-0.8615810520447215	2.4264473957368637	0.2332866070058073	No-PER3D	No-Essential3D
274	L	274	-2.698	-5.857	34.89	-0.16	0.41589219330855	0.4492373685887156	-0.8720677320051508	0.5256156815410303	0.9999999999999999	No-PER3D	No-Essential3D
275	F	275	-5.858	-6.593	36.832	-0.16	0.419007490636704	0.37151077848897157	-0.9237229321611654	0.7394177076611704	1	No-PER3D	No-Essential3D
276	L	276	-6.91	-2.947	36.923	2.33	0.441975308641975	0.5562059098393758	-0.9398616068671013	2.6701204002494436	0.1414637087652925	No-PER3D	No-Essential3D
277	A	277	-6.253	-2.786	33.173	0.12	0.506221719457014	0.4402557140408797	-0.8892428612470159	0.5256156815410303	0.9999999999999999	No-PER3D	No-Essential3D
278	T	278	-8.838	-5.487	32.509	-0.71	0.564075630252101	0.14681050370765414	-0.9559117680519865	0.7394177076611704	1	No-PER3D	No-Essential3D
279	P	279	-11.331	-3.865	30.192	-0.71	0.523076923076923	0.1902063168220892	-1.0387321572340253	0.8511901353868094	1	No-PER3D	No-Essential3D
280	E	280	-14.405	-4.236	32.337	-0.16	0.524542124542125	0.0721895970796359	-0.9415130748914192	0.8511901353868094	1	No-PER3D	No-Essential3D
281	L	281	-12.67	-2.414	35.194	0.39	0.524542124542125	0.3068780517345626	-1.0360547563705156	2.1445198795629397	0.38061850847222145	No-PER3D	No-Essential3D
282	S	282	-10.358	0.091	33.458	0.39	0.559958289885297	0.41823063760191875	-0.9828746211047884	1.2183289649183298	0.6818335075099411	No-PER3D	No-Essential3D
283	I	283	-9.536	1.614	36.85	2.06	0.464935064935065	0.7672433873269903	-1.078539540344455	4.599477002930366	0.007659919317229527	PER3D	Essential3D
284	I	284	-6.899	4.322	37.361	2.06	0.429256594724221	0.9960313441824493	-0.9074755986927778	6.171113864801083	0.0013555574888931086	PER3D	Essential3D
285	H	285	-5.655	4.257	40.964	2.33	0.344364508393285	1.3929403840097485	-0.9017532972152037	8.942638040479235	3.2677917378061454e-5	PER3D	Essential3D
286	C	286	-4.309	7.836	40.839	1.78	0.346859903381642	1.5462421970419207	-0.7570888052086069	14.9847599633019	1.4602345485307174e-6	PER3D	Essential3D
287	D	287	-2.555	7.695	44.258	2.33	0.36896197327852	1.8218286906666037	-0.6962051187585313	40.62733678356474	1.025373440457045e-8	PER3D	Essential3D
288	L	288	0.114	4.982	44.047	2.06	0.460829493087558	1.7605961842876745	-0.6927852166838507	34.77351760463064	1.1963589838092858e-9	PER3D	Essential3D
289	K	289	2.883	5.543	46.613	2.33	0.46377183967112	1.7417375036158371	-0.6624442398527364	36.36512298776442	3.748718413216949e-9	PER3D	Essential3D
290	P	290	4.615	3.545	49.302	2.33	0.501249652874202	1.5601461391295797	-0.8250050740922332	16.87736946149249	2.0892579543657927e-6	PER3D	Essential3D
291	E	291	2.015	4.398	51.953	1.78	0.504459308807135	1.636721386801858	-1.0387626501100489	11.511692753527953	2.3737784521694235e-4	PER3D	Essential3D
292	N	292	-0.73	2.848	49.809	2.33	0.501249652874202	1.6545571641977392	-0.895562654546437	36.36512298776442	3.748718413216949e-9	PER3D	Essential3D
293	I	293	0.962	-0.534	49.405	2.33	0.539568345323741	1.2955371788349317	-1.0141471946764187	9.549696676857396	4.673810758293306e-4	PER3D	Essential3D
294	L	294	0.677	-2.669	52.54	1.5	0.536140979689367	1.1899664328268056	-0.9461529580240909	2.5196881144019114	0.26213301010584744	No-PER3D	No-Essential3D
295	L	295	2.233	-5.916	53.715	1.78	0.536140979689367	1.0036713790762322	-0.961718379854613	3.1660889847208744	0.20461424475189374	No-PER3D	No-Essential3D
296	C	296	-0.227	-8.667	54.583	0.12	0.495296070835639	0.6284700036101812	-0.6735110188847803	3.1660889847208744	0.20461424475189374	No-PER3D	No-Essential3D
297	N	297	2.089	-10.007	57.26	0.39	0.583251873574454	0.5061307153901352	-0.8786676391111506	4.238931198293868	0.14919251771813627	No-PER3D	No-Essential3D
298	P	298	4.915	-8.009	58.749	-0.16	0.581168831168831	0.6563965359370932	-1.0461274999037635	3.1660889847208744	0.20461424475189374	No-PER3D	No-Essential3D
299	K	299	7.421	-10.834	58.191	0.12	0.462337662337662	0.38280568948331045	-0.9075316194974941	3.063277123555386	0.37232787851982896	No-PER3D	No-Essential3D
300	R	300	6.403	-11.682	54.638	1.22	0.459398252992559	0.47309310073169397	-1.1184003091736405	6.371254532939713	0.09798112343578076	No-PER3D	No-Essential3D
301	S	301	6.665	-10.256	51.147	0.67	0.45974025974026	0.4890209126080803	-1.4259466399317182	2.5196881144019114	0.26213301010584744	No-PER3D	No-Essential3D
302	A	302	2.993	-10.44	50.105	-0.44	0.52491103202847	0.49198127234449973	-1.1100811257578398	2.5196881144019114	0.26213301010584744	No-PER3D	No-Essential3D
303	I	303	1.417	-7.017	49.514	0.95	0.525297619047619	0.6879035247326097	-1.1439043465198042	2.087385049401758	0.32010827359753075	No-PER3D	No-Essential3D
304	K	304	-1.965	-5.348	48.929	2.33	0.571012617275963	1.06296469336059	-0.8196655649848444	2.087385049401758	0.32010827359753075	No-PER3D	No-Essential3D
305	I	305	-2.99	-2.004	47.417	1.78	0.525297619047619	1.2893964080552032	-0.9733175018424681	11.652088594785626	8.567358672792088e-5	PER3D	Essential3D
306	V	306	-5.281	0.316	49.36	1.5	0.525297619047619	1.6213276849020144	-0.8425122985022595	11.999363438281401	2.9550228393316097e-5	PER3D	Essential3D
307	D	307	-6.731	3.856	49.074	2.33	0.525686977299881	1.6839574329577842	-0.7370433777130412	42.653837583323174	2.1843719174475403e-7	PER3D	Essential3D
308	F	308	-8.987	3.939	45.987	2.33	0.490523968784838	1.3917600928321583	-1.1099464055102921	6.562843350323181	0.0038311783235354937	PER3D	Essential3D
309	G	309	-10.377	7.254	47.277	2.33	0.423586040914561	1.3948019629520096	-0.841339399168226	28.415570828201542	8.024873518816748e-7	PER3D	Essential3D
310	S	310	-9.1	9.247	44.268	2.33	0.426328502415459	1.3416152816413824	-1.0055380820875817	11.511692753527953	2.3737784521694235e-4	PER3D	Essential3D
311	S	311	-9.516	6.49	41.678	1.5	0.423586040914561	1.1034318194493984	-1.0243884620590773	5.709476131263186	0.006067745642489065	PER3D	Essential3D
312	C	312	-11.675	6.689	38.599	1.22	0.426328502415459	1.0826537768439035	-1.0624197189543407	5.709476131263186	0.006067745642489065	PER3D	Essential3D
313	Q	313	-12.523	4.576	35.599	0.39	0.431013431013431	0.6605064784304878	-1.0569646355855538	3.5470839215578454	0.04259249795057653	PER3D	Essential3D
314	L	314	-11.266	5.578	32.202	0.12	0.473666554847367	0.42720085055160467	-0.8327787571537645	1.2183289649183298	0.6818335075099411	No-PER3D	No-Essential3D
315	G	315	-13.677	8.01	30.598	0.12	0.521481481481481	0.4439069299211351	-0.8050391964533833	0.7394177076611704	1	No-PER3D	No-Essential3D
316	Q	316	-15.005	9.051	34.025	0.67	0.515750915750916	0.5470439634419018	-0.8817287321903113	0.7394177076611704	1	No-PER3D	No-Essential3D
317	R	317	-12.103	11.35	34.898	0.12	0.5899064171123	0.7506090638626003	-0.933342882971542	0.652381285144588	1	No-PER3D	No-Essential3D
318	I	318	-13.13	14.288	37.098	0.39	0.590909090909091	0.797399178402785	-0.9928334640583004	1.519031759843528	0.5424228666719388	No-PER3D	No-Essential3D
319	Y	319	-9.956	15.859	38.545	0.95	0.516176470588235	0.9405395931544183	-0.9354035965258959	1	1	No-PER3D	No-Essential3D
320	Q	320	-6.893	17.546	37.034	1.22	0.472324723247233	1.1167650777055615	-0.514954818695484	0	1	No-PER3D	No-Essential3D
321	Y	321	-4.619	17.786	40.048	2.33	0.541205412054121	1.4569132196665484	-0.644480825703981	6.961735344927445	0.015167517594030672	PER3D	Essential3D
322	I	322	-4.129	14.24	41.207	2.06	0.54320987654321	1.599117982674722	-0.6907465045332408	17.629209640766028	1.6947302492809378e-5	PER3D	Essential3D
323	Q	323	-1.38	11.903	42.412	0.95	0.53921568627451	1.891201792391459	-0.6471384627925573	121.94353992163893	3.917986269713315e-10	PER3D	Essential3D
324	S	324	1.091	12.586	45.17	2.33	0.550573514077164	1.6958028522190742	-0.42526633666336877	29.008831549619057	1.4340770063855427e-5	PER3D	Essential3D
325	R	325	3.638	15.016	43.883	2.33	0.549009384775808	1.4856277304784995	-0.08406515485885348	19.314357004227332	4.3496554057890474e-5	PER3D	Essential3D
326	F	326	6.719	12.799	43.996	1.78	0.6	1.4176843454828012	0.0292454490084037	28.415570828201542	8.024873518816748e-7	PER3D	No-Essential3D
327	Y	327	4.825	10.051	42.155	2.33	0.642857142857143	1.6762343542064604	-0.15510040824142435	28.415570828201542	8.024873518816748e-7	PER3D	Essential3D
328	R	328	3.055	12.445	39.782	2.33	0.64760147601476	1.6367608405885825	-0.19125461018987192	16.951705396019523	6.151193165127182e-6	PER3D	Essential3D
329	S	329	3.315	11.864	36.03	1.5	0.598290598290598	1.4740994535545253	-0.3479574698916215	11.075055131197391	1.8838038771647966e-5	PER3D	Essential3D
330	P	330	4.389	14.39	33.473	2.33	0.645756457564576	1.1767112196507745	0.2254819151548745	2.022916533274655	0.269541945697297	No-PER3D	No-Essential3D
331	E	331	1.028	14.306	31.745	2.33	0.648698884758364	1.1158898156144073	-0.0540679836961792	0.47802559576424697	0.6941568575711758	No-PER3D	No-Essential3D
332	V	332	-0.691	15.35	34.928	1.78	0.556027615507169	1.2956506683712383	-0.0998454687460943	3.96792624760112	0.03144474476473347	PER3D	Essential3D
333	L	333	1.935	17.997	35.639	2.06	0.498999142121819	1.1812045774013271	0.26871214967879253	2.7941396454851906	0.155466193242311	No-PER3D	No-Essential3D
334	L	334	1.344	19.243	32.081	2.06	0.496735736588135	1.0438178939562663	0.3795296976325983	0	0.5941731555582161	No-PER3D	No-Essential3D
335	G	335	-2.421	19.304	32.5	2.33	0.494505494505495	1.1124055992130826	0.20306416794100357	0	0.5946296536959458	No-PER3D	No-Essential3D
336	M	336	-2.992	16.814	29.698	-0.16	0.535714285714286	1.0344878268536508	-0.04594576931817178	0	0.3597761019891008	No-PER3D	No-Essential3D
337	P	337	-5.535	14.073	29.484	0.39	0.539667896678967	0.7622222859849614	-0.24344952304478631	0	0.3597761019891008	No-PER3D	No-Essential3D
338	Y	338	-4.411	10.93	31.272	1.78	0.538130381303813	1.0714067374010763	-0.5810665883126744	0	0.36631734232637686	No-PER3D	No-Essential3D
339	D	339	-5.076	7.202	31.344	0.67	0.648148148148148	0.9319063872775174	-0.7429551688902831	1.2298173914956736	0.7241230473886779	No-PER3D	No-Essential3D
340	L	340	-3.915	4.023	33.137	0.12	0.603946239633972	0.8912570020980927	-0.7781427156445644	4.396946065411842	0.00601454864702391	PER3D	Essential3D
341	A	341	-0.344	4.77	32.175	0.12	0.653703703703704	1.1779527547691906	-0.6948037417450293	3.3957380004665647	0.03311984208551116	PER3D	Essential3D
342	I	342	-0.085	7.258	35.034	1.78	0.652573529411765	1.3641075566714724	-0.6487500487163279	9.753502080375275	1.915237175193792e-5	PER3D	Essential3D
343	D	343	-0.033	4.355	37.51	2.33	0.654981549815498	1.470907413490908	-0.7280660846663224	9.753502080375275	1.915237175193792e-5	PER3D	Essential3D
344	M	344	2.933	2.767	35.779	1.5	0.659259259259259	1.1380501812206838	-0.7738026957825611	6.7880409497829595	4.8779292545708143e-4	PER3D	Essential3D
345	W	345	4.846	6.019	36.135	2.33	0.659259259259259	1.3683893547484174	-0.545653532241294	11.075055131197391	1.8838038771647966e-5	PER3D	Essential3D
346	S	346	4.205	6.025	39.856	2.33	0.654981549815498	1.584194498178477	-0.6071584394317348	16.87736946149249	2.0892579543657927e-6	PER3D	Essential3D
347	L	347	5.282	2.413	40.131	1.22	0.710609093508722	1.39380290448568	-0.7801397594330143	7.638792715160535	5.256990375985993e-4	PER3D	Essential3D
348	G	348	8.594	3.209	38.494	2.33	0.608004541583877	1.2416681544676131	-0.5780323086277952	4.509239757835412	0.013239421216630031	PER3D	Essential3D
349	C	349	9.263	5.945	41.009	2.33	0.601859678782756	1.3432838480382734	-0.19342619891834806	8.140351024430991	8.490885649307395e-4	PER3D	Essential3D
350	I	350	8.209	3.646	43.815	0.95	0.68792270531401	1.5435118156651897	-0.7041360896481229	14.067480417394863	1.41034325214065e-5	PER3D	Essential3D
351	L	351	10.527	0.835	42.817	0.95	0.731757451181912	1.1237839385272659	-0.9114794876680486	6.562843350323181	0.0038311783235354937	PER3D	Essential3D
352	V	352	13.6	3.023	42.719	0.67	0.640287769784173	0.9636516214176395	-0.35874712754007637	5.1655008974828185	0.015246779842900328	PER3D	Essential3D
353	E	353	12.724	4.495	46.082	2.33	0.637992831541219	1.0475625420046735	-0.6188525176080742	6.562843350323181	0.0038311783235354937	PER3D	Essential3D
354	M	354	12.391	1.076	47.664	1.78	0.635714285714286	0.963782002419815	-1.120138916568746	3.279711918578024	0.11997448729747304	No-PER3D	No-Essential3D
355	H	355	15.871	0.081	46.569	0.67	0.67785051827605	0.600984164417759	-0.6937756556478062	2.087385049401758	0.32010827359753075	No-PER3D	No-Essential3D
356	T	356	17.664	3.403	47.196	0.95	0.677357977711335	0.5093343628721659	-0.07240334250396369	0	0.36631734232637686	No-PER3D	No-Essential3D
357	G	357	15.708	4.434	50.267	2.33	0.637992831541219	0.7907690733694845	-0.7425616018854613	1	1	No-PER3D	No-Essential3D
358	E	358	15.037	7.898	48.861	0.67	0.588916459884202	0.890630552947906	-0.4858626578122134	0	1	No-PER3D	No-Essential3D
359	P	359	12.498	9.356	46.515	0.95	0.59010989010989	1.2927262862124769	-0.14733726580772047	19.314357004227332	4.3496554057890474e-5	PER3D	Essential3D
360	L	360	13.681	9.582	42.935	2.33	0.536570743405276	1.1113355550136188	0.5025664531998737	5.709476131263186	0.006067745642489065	PER3D	No-Essential3D
361	F	361	11.98	12.893	42.188	1.22	0.536570743405276	1.110703256168481	0.5066896981603313	6.562843350323181	0.0038311783235354937	PER3D	No-Essential3D
362	S	362	11.356	14.893	45.331	1.22	0.536570743405276	1.1302412904832342	0.3947671096877603	9.992780285370976	0.0211640320122472	PER3D	No-Essential3D
363	G	363	9.911	18.208	44.215	2.33	0.690929142542046	0.9848757859860927	0.5608122861011464	9.992780285370976	0.0211640320122472	PER3D	No-Essential3D
364	A	364	8.8	20.811	46.738	0.12	0.735868448098664	0.8819586106258575	0.4988237982913602	6.371254532939713	0.09798112343578076	No-PER3D	No-Essential3D
365	N	365	6.201	22.046	44.27	0.12	0.69430303030303	1.0262562326289886	0.461309869716331	6.371254532939713	0.09798112343578076	No-PER3D	No-Essential3D
366	E	366	5.169	21.488	40.657	1.22	0.733695652173913	1.18581423994975	0.3228440538331524	4.970461136827075	0.06081733136700976	No-PER3D	No-Essential3D
367	V	367	7.868	23.605	39.023	0.39	0.729016245487365	0.6030124477261876	0.7952625701105138	2.0357005109087587	0.4637767968811785	No-PER3D	No-Essential3D
368	D	368	10.517	21.875	41.09	0.67	0.792017649418372	0.5374968617970821	0.8966831470274179	3.063277123555386	0.37232787851982896	No-PER3D	No-Essential3D
369	Q	369	9.006	18.479	40.401	1.5	0.81854455633669	1.0571516233327118	0.5260056450340681	6.652456516661883	0.038349063650621615	PER3D	No-Essential3D
370	M	370	9.247	18.969	36.659	1.5	0.81854455633669	0.7925104287952575	0.7405739266273597	1.777714078657235	0.6170909700891751	No-PER3D	No-Essential3D
371	N	371	12.792	20.265	36.937	0.39	0.867149758454106	0.2885694996467587	1.1719282148797752	0	0.3597761019891008	No-PER3D	No-Essential3D
372	K	372	13.83	17.175	38.887	0.12	0.894248188405797	0.459358544465826	1.0709440261959633	1.3636228418943979	0.6581448820444927	No-PER3D	No-Essential3D
373	I	373	12.319	14.855	36.306	1.22	0.888537906137184	0.7081421088682404	0.8215244567915219	1.09932308107824	1	No-PER3D	No-Essential3D
374	V	374	14.141	16.793	33.631	0.67	0.887814748201439	0.3647579921297894	1.1046659675955781	0	0.3588841146703814	No-PER3D	No-Essential3D
375	E	375	17.483	16.316	35.269	1.22	0.83860692291357	0.18768243487721195	1.410288100815429	0	0.3588841146703814	No-PER3D	No-Essential3D
376	V	376	17.191	12.557	34.903	0.95	0.819221967963387	0.2630862575245466	1.2374417734622796	0	0.22215507029672285	No-PER3D	No-Essential3D
377	L	377	15.094	12.235	31.714	0.67	0.773285198555957	0.44125685387901414	0.8656092056039	0	0.22215507029672285	No-PER3D	No-Essential3D
378	G	378	15.896	15.372	29.702	2.33	0.770503597122302	0.011545387799692693	1.2247040416325925	0	0.3588841146703814	No-PER3D	No-Essential3D
379	I	379	13.453	17.8	28.126	0.95	0.800068763967681	0.23620521248654008	1.121675454553106	0	0.22215507029672285	No-PER3D	No-Essential3D
380	P	380	10.234	16.153	27.137	1.22	0.794333504010923	0.5930963959960925	0.7643782744681556	0	0.22215507029672285	No-PER3D	No-Essential3D
381	P	381	9.672	15.599	23.461	0.12	0.740225563909775	0.5069716728541682	0.6271088999916057	0	0.21735834639215662	No-PER3D	No-Essential3D
382	A	382	8.218	18.277	21.229	0.12	0.74555092767891	0.3369206716177709	0.8260016586167396	0	0.21735834639215662	No-PER3D	No-Essential3D
383	H	383	5.185	16.229	20.327	0.12	0.771119133574007	0.3866652874113225	0.5695350825286924	0	0.3597761019891008	No-PER3D	No-Essential3D
384	I	384	4.1	16.117	23.962	1.5	0.765591397849462	0.604299627518075	0.29446268084061095	0	0.22215507029672285	No-PER3D	No-Essential3D
385	L	385	4.854	19.733	24.811	2.06	0.788283658787256	0.5257280277216195	0.612709216660659	0	0.3597761019891008	No-PER3D	No-Essential3D
386	D	386	3.122	21.069	21.719	0.12	0.764620938628159	0.18705834770538785	0.9293468147205026	0	0.3597761019891008	No-PER3D	No-Essential3D
387	Q	387	-0.125	19.576	23.027	0.12	0.788894619219529	0.5103355027103004	0.631722337000858	0	0.602455336057028	No-PER3D	No-Essential3D
388	A	388	0.321	20.483	26.704	1.5	0.788894619219529	0.7164162878524651	0.6051314011668856	0	0.3597761019891008	No-PER3D	No-Essential3D
389	P	389	-1.754	23.255	28.113	-0.16	0.828985507246377	0.8052712990247484	0.48509320661517674	0	0.5946296536959458	No-PER3D	No-Essential3D
390	K	390	0.621	23.792	31.05	0.67	0.828339350180506	0.8116385483952844	0.5721189701977569	0	0.5941731555582161	No-PER3D	No-Essential3D
391	A	391	3.784	23.596	28.947	0.39	0.838095238095238	0.5289020960720691	0.7143561014164638	0	0.3588841146703814	No-PER3D	No-Essential3D
392	R	392	4.47	27.281	29.52	0.39	0.838786764705882	0.32112007330286424	0.8677374616029618	0	1	No-PER3D	No-Essential3D
393	K	393	4.587	26.84	33.272	0.67	0.847407407407408	0.4863081465950705	0.905758603151978	0	1	No-PER3D	No-Essential3D
394	F	394	7.861	24.906	32.948	1.22	0.866666666666667	0.43752533266414895	0.9670849228912921	0	1	No-PER3D	No-Essential3D
395	F	395	9.201	25.446	29.434	1.22	0.836383442265795	0.18516528328418794	1.0706121202107126	0	0.602455336057028	No-PER3D	No-Essential3D
396	E	396	9.599	27.893	26.546	0.12	0.888657407407407	-0.09130949441505849	1.0700065571555657	0	0.5946296536959458	No-PER3D	No-Essential3D
397	K	397	9.419	27.317	22.79	0.67	0.861728395061728	-0.17553629912444652	1.0035638063954624	0	0.5941731555582161	No-PER3D	No-Essential3D
398	L	398	12.262	28.499	20.585	0.12	0.885378228782288	-0.4605198553207112	0.9022726584870402	0	1	No-PER3D	No-Essential3D
399	P	399	11.757	29.83	17.108	-0.71	0.773333333333333	-0.4294010920186947	0.8842784462395137	0	1	No-PER3D	No-Essential3D
400	D	400	13.287	26.668	15.701	-0.71	0.739245884227297	-0.4219259145606231	0.8755232127919665	0	1	No-PER3D	No-Essential3D
401	G	401	10.422	24.735	17.218	-0.71	0.696597083214184	-0.23622877658434563	0.8941705188794298	0	0.5941731555582161	No-PER3D	No-Essential3D
402	T	402	12.507	23.16	19.945	0.95	0.692022792022792	-0.04102909024971405	0.9087624967866684	0	0.3597761019891008	No-PER3D	No-Essential3D
403	W	403	11.679	23.509	23.62	0.12	0.642592592592593	-0.037673042533214324	1.0332693040339764	0	0.21735834639215662	No-PER3D	No-Essential3D
404	N	404	13.892	24.462	26.539	0.67	0.642592592592593	-0.13196721344147264	1.1848024549425367	0	0.3597761019891008	No-PER3D	No-Essential3D
405	L	405	13.386	25.039	30.225	-0.71	0.640221402214022	0.04916528049862805	1.3862715269613335	0	0.602455336057028	No-PER3D	No-Essential3D
406	K	406	12.149	28.567	30.923	-0.71	0.750432525951557	-0.1314478251043953	1.226819669193583	0	1	No-PER3D	No-Essential3D
407	K	407	14.841	31.189	31.407	-0.44	0.771111111111111	-0.5421961804485244	1.4977641818552097	0	1	No-PER3D	No-Essential3D
408	T	408	15.851	32.012	34.947	-0.71	0.890158582089552	-0.8223818498144562	1.7180578819538446	0	1	No-PER3D	No-Essential3D
409	K	409	17.639	34.889	36.621	-0.44	0.913959613696225	-1.2797025278743337	2.012190852514277	0	1	No-PER3D	No-Essential3D
410	D	410	21.251	35.335	35.652	-0.71	0.964684014869889	-1.2706922693311222	2.159838180679556	0	1	No-PER3D	No-Essential3D
411	G	411	23.666	33.536	37.911	-0.71	0.990122914837577	-1.2706922693311222	2.159838180679556	0	1	No-PER3D	No-Essential3D
412	K	412	21.015	31.221	39.215	-0.71	0.990967173386208	-1.2869107347089026	2.2626400312806534	0	1	No-PER3D	No-Essential3D
413	R	413	22.061	27.605	38.858	-0.71	0.99469261388766	-1.187597662765952	2.22165776478922	0	1	No-PER3D	No-Essential3D
414	E	414	19.649	25.28	40.68	-0.71	1.00133185349612	-0.8888575350665926	2.158116252683253	0	1	No-PER3D	No-Essential3D
415	Y	415	19.481	22.044	38.717	-0.71	1.00894654439723	-0.19146352382204213	1.7377312205996371	0	0.602455336057028	No-PER3D	No-Essential3D
416	K	416	21.77	19.738	36.852	-0.71	1.01667793554203	-0.42372796626926534	1.8993883980442103	0	0.5941731555582161	No-PER3D	No-Essential3D
417	P	417	21.678	20.185	33.138	-0.71	0.9713608957795	-0.2940088472423987	1.7485989804137172	0	0.602455336057028	No-PER3D	No-Essential3D
418	P	418	18.956	18.235	31.486	-0.44	0.955825131609064	-0.12638943434329428	1.5954931122630311	0	0.602455336057028	No-PER3D	No-Essential3D
419	G	419	19.523	14.481	31.387	-0.44	0.958571755550469	-0.07593198650131132	1.840731337050092	0	0.3588841146703814	No-PER3D	No-Essential3D
420	T	420	22.836	14.648	33.253	-0.71	0.958571755550469	-0.15882636509885473	1.9018881198568804	0	0.21735834639215662	No-PER3D	No-Essential3D
421	R	421	21.628	12.901	36.385	0.12	0.90625	-0.011998325881655806	1.6904912821732416	0	0.36631734232637686	No-PER3D	No-Essential3D
422	K	422	21.878	9.3	35.304	0.12	0.908136482939632	-0.012259492795951796	1.5508550384138882	0	0.21735834639215662	No-PER3D	No-Essential3D
423	L	423	19.841	6.499	36.78	0.39	0.932034811438044	0.42376635200101587	0.6806473231261505	0.47802559576424697	0.6941568575711758	No-PER3D	No-Essential3D
424	H	424	22.945	4.456	36.126	0.39	0.93374613003096	-0.1636732627979615	0.8791442683492875	0	0.21735834639215662	No-PER3D	No-Essential3D
425	N	425	24.68	6.398	38.887	-0.16	0.91699604743083	-0.2072087230945224	1.3092507789758563	0	0.36631734232637686	No-PER3D	No-Essential3D
426	I	426	21.697	6.666	41.188	0.39	0.918635170603674	0.17355206116182673	0.9675544013502342	0	0.36631734232637686	No-PER3D	No-Essential3D
427	L	427	21.323	2.878	41.103	0.67	0.876222175993343	0.1762966494010055	0.3456445325818188	0	0.13025434271240904	No-PER3D	No-Essential3D
428	G	428	25.079	2.318	41.309	0.12	0.875259013675922	-0.16002773290461622	0.6283218364702413	0	0.21735834639215662	No-PER3D	No-Essential3D
429	V	429	24.894	-0.327	38.628	0.67	0.842082239720035	-0.1449912584325046	0.4736929374369593	0	0.21735834639215662	No-PER3D	No-Essential3D
430	E	430	28.665	-0.743	38.316	0.12	0.873725816517579	-0.2317401496177642	0.6256266394968057	0	0.36631734232637686	No-PER3D	No-Essential3D
431	T	431	29.6	0.763	41.711	0.39	0.830952380952381	-0.24824245464196062	0.8548750563641128	0	0.602455336057028	No-PER3D	No-Essential3D
432	G	432	27.961	-1.682	44.088	-0.44	0.849673202614379	-0.2400903159600076	0.36667105910728864	0	0.3588841146703814	No-PER3D	No-Essential3D
433	G	433	24.413	-0.35	44.197	0.12	0.811051693404635	-0.06940147432640263	0.08443732871632705	0	0.21735834639215662	No-PER3D	No-Essential3D
434	P	434	22.968	2.742	45.734	0.12	0.801620859760395	0.23511305993584788	0.3337532494349949	0	0.36631734232637686	No-PER3D	No-Essential3D
435	G	435	25.713	4.419	47.725	0.39	0.819455252918288	0.07470908966460893	0.7739919603845132	0	0.602455336057028	No-PER3D	No-Essential3D
436	G	436	27.924	1.388	47.17	0.67	0.820930232558139	-0.13668687267839283	0.7005767615786432	0	0.5941731555582161	No-PER3D	No-Essential3D
437	R	437	25.993	-0.27	49.977	0.12	0.763888888888889	0.06305702733448063	0.19667381254754746	0	0.5946296536959458	No-PER3D	No-Essential3D
438	R	438	25.46	-3.484	48.038	0.39	0.760916558581928	-0.17485841133436164	-0.09990545703210088	0	0.5946296536959458	No-PER3D	No-Essential3D
439	A	439	29.142	-4.15	47.304	0.67	0.63710407239819	-0.39129103551370487	0.28692382883654627	0	1	No-PER3D	No-Essential3D
440	G	440	29.994	-7.838	47.236	0.95	0.55690782059950406	-0.4467541825463608	0.1436512295516489	0	1	No-PER3D	No-Essential3D
441	E	441	26.5	-9.014	48.17	-0.71	0.521968736797634	-0.37796998660864356	-0.5159646395702746	0	1	No-PER3D	No-Essential3D
442	S	442	24.777	-11.771	46.277	-0.71	0.471035562513979	-0.40045146503263634	-0.7803276122426489	0	1	No-PER3D	No-Essential3D
443	G	443	21.706	-10.997	44.181	0.12	0.470588235294118	-0.040726686454213436	-1.0134633439993035	0	1	No-PER3D	No-Essential3D
444	H	444	23.254	-7.579	43.424	-0.44	0.470588235294118	-0.12675348519352503	-0.37163572924064664	0	0.5946296536959458	No-PER3D	No-Essential3D
445	T	445	25.222	-8.332	40.243	-0.16	0.444866920152091	-0.30563351096290997	-0.29607393697006285	0	0.5946296536959458	No-PER3D	No-Essential3D
446	V	446	25.86	-5.826	37.477	-0.44	0.504310344827586	-0.2662286469339328	-0.04920022335584787	0	0.5941731555582161	No-PER3D	No-Essential3D
447	A	447	23.672	-7.832	35.154	0.39	0.423934108527132	-0.18474158490885279	-0.4239303897970065	0	1	No-PER3D	No-Essential3D
448	D	448	20.883	-7.746	37.686	0.39	0.450450450450451	-0.02613736227630016	-0.6047926666341317	0	1	No-PER3D	No-Essential3D
449	Y	449	21.179	-3.974	37.852	-0.16	0.521498510004257	0.05648544275595616	-0.12720501451868363	0	0.21735834639215662	No-PER3D	No-Essential3D
450	L	450	21.185	-3.522	34.102	-0.16	0.521498510004257	0.12682193394797558	-0.14296917713796228	0	0.602455336057028	No-PER3D	No-Essential3D
451	K	451	17.937	-5.442	33.833	-0.16	0.522008547008547	0.40354725330927815	-0.640342418216084	0	1	No-PER3D	No-Essential3D
452	F	452	16.391	-3.453	36.674	1.22	0.549547511312217	0.38450803252791177	-0.55000873434421	0.7394177076611704	1	No-PER3D	No-Essential3D
453	K	453	17.443	-0.154	35.168	0.39	0.592592592592593	0.4959190890411625	-0.03873363473158219	0.7394177076611704	1	No-PER3D	No-Essential3D
454	D	454	15.981	-1.046	31.781	0.95	0.520008514261388	0.6255778218555702	-0.3794652217481551	0.7394177076611704	1	No-PER3D	No-Essential3D
455	L	455	12.617	-1.868	33.253	1.5	0.516539440203562	0.8833918213415027	-0.6905637467735023	2.4290566249785233	0.1939771588942616	No-PER3D	No-Essential3D
456	I	456	12.562	1.379	35.203	1.78	0.485645933014354	0.9889344610055572	-0.3543739494838723	5.1655008974828185	0.015246779842900328	PER3D	Essential3D
457	L	457	13.365	3.503	32.162	0.12	0.498388829215897	0.7885877880447378	-0.11846632202276865	2.7941396454851906	0.155466193242311	No-PER3D	No-Essential3D
458	R	458	10.588	1.786	30.262	1.22	0.517037037037037	0.8935718327482187	-0.5898371397606946	2.4290566249785233	0.1939771588942616	No-PER3D	No-Essential3D
459	M	459	8.212	2.72	33.087	1.5	0.513235294117647	1.0226110568080884	-0.5248198554548197	4.492562231687318	0.022381530792503348	PER3D	Essential3D
460	L	460	9.569	6.301	33.051	2.33	0.50989010989011	1.164382487195805	-0.08548577443456908	4.07138814006783	0.018498997548404412	PER3D	Essential3D
461	D	461	8.97	6.884	29.331	-0.16	0.49249797242498	1.1141086370915796	-0.09518939039873801	2.2080061923865557	0.24930872265381734	No-PER3D	No-Essential3D
462	Y	462	7.507	10.377	28.829	1.22	0.524886877828054	1.0104477578515874	0.06816544326276855	0.346971222060521	0.46951624468010716	No-PER3D	No-Essential3D
463	D	463	5.078	9.156	26.181	1.78	0.477272727272727	0.8723476681797655	-0.19666377453947423	0.4377338139431808	0.6937953408543569	No-PER3D	No-Essential3D
464	P	464	2.141	7.513	27.897	0.95	0.505415162454874	0.9384228974966479	-0.30222418740191814	0.4031575687697364	0.6971602272185947	No-PER3D	No-Essential3D
465	K	465	1.373	5.695	24.665	-0.16	0.541925465838509	0.9564798196680936	-0.48859535299331075	0.652381285144588	1	No-PER3D	No-Essential3D
466	T	466	4.773	3.956	24.545	-0.16	0.505797101449275	0.7760497938669615	-0.7208656138753448	0.8511901353868094	1	No-PER3D	No-Essential3D
467	R	467	5.259	3.562	28.287	2.33	0.474184782608696	0.9272101313095407	-0.5285404456632206	3.96792624760112	0.03144474476473347	PER3D	Essential3D
468	I	468	5.471	-0.104	29.225	1.78	0.470773381294964	0.9424745693121573	-0.7018926606322371	2.4290566249785233	0.1939771588942616	No-PER3D	No-Essential3D
469	Q	469	2.145	-1.745	29.977	1.5	0.474184782608696	0.831543316040217	-0.7888617962070966	2.4264473957368637	0.2332866070058073	No-PER3D	No-Essential3D
470	P	470	1.696	-4.29	32.709	0.95	0.505035971223022	0.8381372897109379	-0.8896278090435249	3.4059586159749955	0.07153203733421294	No-PER3D	No-Essential3D
471	Y	471	1.439	-7.332	30.461	-0.16	0.538775510204082	0.583418710894125	-1.0862299903987054	1.777714078657235	0.6170909700891751	No-PER3D	No-Essential3D
472	Y	472	4.759	-6.554	28.806	-0.16	0.523428232502966	0.6766787373542003	-0.9187061981926855	1.519031759843528	0.5424228666719388	No-PER3D	No-Essential3D
473	A	473	6.395	-5.501	32.03	1.22	0.527180406212664	0.8090539841428893	-0.9859039790162906	2.7941396454851906	0.155466193242311	No-PER3D	No-Essential3D
474	L	474	5.769	-8.947	33.464	2.33	0.530575539568345	0.56381574696678	-1.2001365252872072	0	1	No-PER3D	No-Essential3D
475	Q	475	7.623	-10.442	30.506	0.95	0.534420289855073	0.41708647778690783	-0.8897119633455585	0	1	No-PER3D	No-Essential3D
476	H	476	10.749	-8.352	31.141	2.33	0.530575539568345	0.6266107439107884	-0.9222415100813005	0	1	No-PER3D	No-Essential3D
477	S	477	14.071	-10.137	31.695	0.67	0.464719396127338	0.41094962059730367	-0.8484412796170673	0	1	No-PER3D	No-Essential3D
478	F	478	14.234	-8.627	35.15	1.78	0.512230215827338	0.39765548782508386	-1.106993911594996	0	1	No-PER3D	No-Essential3D
479	F	479	11.675	-11.196	36.218	1.22	0.635714285714286	0.4489799326303381	-1.2432182485617143	0	1	No-PER3D	No-Essential3D
480	K	480	11.529	-14.593	34.343	0.39	0.580444735120994	0.36842393065472334	-0.9281144409609373	0	1	No-PER3D	No-Essential3D
481	K	481	8.337	-16.434	33.939	-0.71	0.576735092864125	0.17315160522657294	-0.7615011802723555	0	1	No-PER3D	No-Essential3D
482	T	482	5.851	-14.771	36.116	-0.44	0.532490974729242	0.26327160178630504	-1.1069311956696934	0	1	No-PER3D	No-Essential3D
483	A	483	3.479	-16.819	38.246	-0.71	0.532074340527578	-0.08469490461392457	-0.9597783355069001	0	1	No-PER3D	No-Essential3D
484	D	484	0.609	-15.836	40.606	-0.71	0.46772068511199	-0.21949543928981047	-0.9946165131573192	0	1	No-PER3D	No-Essential3D
485	E	485	1.196	-16.178	44.339	-0.71	0.468099173553719	-0.22195278252886808	-1.043001926239007	0	1	No-PER3D	No-Essential3D
486	G	486	-1.603	-15.286	46.691	-0.71	0.471134704711347	-0.14101478154386904	-0.8042875651698042	0	1	No-PER3D	No-Essential3D
487	T	487	-3.291	-17.447	48.957	-0.71	0.518248175182482	-0.6445794145617544	-0.44255182398233067	0	1	No-PER3D	No-Essential3D
488	N	488	-5.774	-16.703	51.537	-0.71	0.483695652173913	-0.4192228369976597	-0.11095653053589391	0	1	No-PER3D	No-Essential3D
489	T	489	-6.441	-18.094	54.908	-0.71	0.485454545454545	-0.6276874551110472	0.30045033674443705	0	1	No-PER3D	No-Essential3D
681	Q	681	-9.883	-18.322	56.522	-0.71	0.988919667590028	-0.5971071836916635	0.9765987176785104	0	1	No-PER3D	No-Essential3D
682	N	682	-10.621	-19.674	59.884	-0.71	1.03897180762852	-0.8996334402334228	1.5049119415980476	0	1	No-PER3D	No-Essential3D
683	R	683	-13.365	-20.029	62.438	-0.71	1.03897180762852	-0.8089847785259643	1.6050391217160929	0	1	No-PER3D	No-Essential3D
684	P	684	-12.956	-19.421	66.181	-0.71	0.984289080911233	-0.6882599158071339	1.7145745035813416	0	0.5946296536959458	No-PER3D	No-Essential3D
685	V	685	-12.539	-22.749	67.751	-0.44	0.996268656716418	-1.1865965229278175	2.512330223249686	0	1	No-PER3D	No-Essential3D
686	A	686	-15.382	-23.328	70.131	-0.71	1.04870384917518	-1.2049507532936181	2.4875543363952084	0	1	No-PER3D	No-Essential3D
687	A	687	-14.556	-23.899	73.795	-0.71	1.04000776849874	-1.311238432775573	2.518321352747497	0	1	No-PER3D	No-Essential3D
688	N	688	-15.162	-27.416	75.008	-0.71	0.970673917265488	-1.311238432775573	2.4844607332044464	0	1	No-PER3D	No-Essential3D
689	T	689	-16.904	-26.808	78.284	-0.71	0.958067762495807	-1.3517845962200237	2.440082730421963	0	1	No-PER3D	No-Essential3D
690	L	690	-18.332	-29.168	80.595	-0.71	0.981617647058824	-1.3517845962200237	2.3383667850910164	0	1	No-PER3D	No-Essential3D
691	D	691	-21.045	-28.403	83.288	-0.71	0.945720945720946	-1.3517845962200237	2.2224086345297542	0	1	No-PER3D	No-Essential3D
692	F	692	-20.003	-24.763	84.113	-0.71	0.945720945720946	-1.3517845962200237	2.174328565306221	0	1	No-PER3D	No-Essential3D
693	G	693	-23.096	-22.849	85.345	-0.71	0.945720945720946	-1.3517845962200237	1.9450090810159437	0	1	No-PER3D	No-Essential3D
694	Q	694	-24.695	-23.991	88.689	-0.71	0.932846715328467	-1.3517845962200237	1.765501716764043	0	1	No-PER3D	No-Essential3D
695	N	695	-24.589	-20.908	91.08	-0.71	0.907928388746803	-1.3517845962200237	1.6096214900480266	0	0.5941731555582161	No-PER3D	No-Essential3D
696	G	696	-26.36	-18.011	89.232	-0.71	0.914653784219002	-1.3517845962200237	1.6201150210367297	0	1	No-PER3D	No-Essential3D
697	A	697	-24.412	-14.756	89.72	-0.71	0.907928388746803	-1.3517845962200237	1.5424394204092868	0	0.5941731555582161	No-PER3D	No-Essential3D
698	M	698	-20.668	-14.137	89.938	-0.71	0.914653784219002	-1.3517845962200237	1.4967993893563114	0	0.5941731555582161	No-PER3D	No-Essential3D
699	D	699	-17.187	-15.53	90.685	-0.71	0.920640051721351	-1.3517845962200237	1.527412803824238	0	1	No-PER3D	No-Essential3D
700	V	700	-16.128	-17.621	93.564	-0.71	0.837445082798243	-1.3517845962200237	1.418222659158059	0	0.3597761019891008	No-PER3D	No-Essential3D
701	N	701	-17.547	-21.117	94.002	-0.71	0.836700336700337	-1.3517845962200237	1.4540619562520067	0	0.5941731555582161	No-PER3D	No-Essential3D
702	L	702	-16.006	-20.683	97.431	-0.71	0.856730306433499	-1.3517845962200237	1.3622866823354973	0	0.3597761019891008	No-PER3D	No-Essential3D
703	T	703	-15.548	-24.334	98.289	-0.71	0.827137546468402	-1.3517845962200237	1.240803021327758	0	0.3597761019891008	No-PER3D	No-Essential3D
704	V	704	-12.219	-23.638	99.932	-0.71	0.794052044609665	-1.3517845962200237	1.1685946014814506	0	0.3597761019891008	No-PER3D	No-Essential3D
705	Y	705	-13.731	-23.631	103.412	-0.71	0.788191881918819	-1.3517845962200237	1.2946903146347457	0	0.22215507029672285	No-PER3D	No-Essential3D
706	S	706	-13.09	-27.298	103.93	-0.71	0.757876809537326	-1.3517845962200237	1.265864242332354	0	0.21735834639215662	No-PER3D	No-Essential3D
707	N	707	-12.122	-26.241	107.457	-0.71	0.735645756457565	-1.3517845962200237	1.2419333909342003	0	0.21735834639215662	No-PER3D	No-Essential3D
708	P	708	-15.129	-26.961	109.712	-0.71	0.76629766297663	-1.3517845962200237	1.26607777343534	0	0.22215507029672285	No-PER3D	No-Essential3D
709	R	709	-13.075	-27.89	112.787	-0.71	0.794052044609665	-1.3517845962200237	1.22885189862922	0	0.36631734232637686	No-PER3D	No-Essential3D
710	Q	710	-12.058	-24.615	114.442	-0.71	0.788191881918819	-1.3517845962200237	1.0837621598100757	0	0.3597761019891008	No-PER3D	No-Essential3D
711	E	711	-15.718	-23.575	114.764	-0.71	0.733579335793358	-1.3517845962200237	1.266074440566786	0	0.13025434271240904	No-PER3D	No-Essential3D
712	T	712	-15.849	-21.032	117.623	-0.71	0.725081699346405	-1.3517845962200237	1.1733768876997275	0	0.3588841146703814	No-PER3D	No-Essential3D
713	G	713	-12.567	-19.179	117.134	-0.71	0.758547008547009	-1.3517845962200237	1.0213378003802431	0	0.5946296536959458	No-PER3D	No-Essential3D
714	I	714	-13.927	-16.691	114.616	-0.71	0.752969457013575	-1.3517845962200237	1.1545758282589695	0	0.5941731555582161	No-PER3D	No-Essential3D
715	A	715	-10.655	-14.723	115.042	-0.71	0.788888888888889	-1.3517845962200237	0.9383113048860136	0	1	No-PER3D	No-Essential3D
716	G	716	-7.712	-15.773	112.78	-0.71	0.766975308641975	-1.3517845962200237	0.9473491686559694	0	1	No-PER3D	No-Essential3D
717	H	717	-9.361	-17.832	110.274	-0.71	0.769135802469136	-1.3517845962200237	1.0310889384192161	0	0.602455336057028	No-PER3D	No-Essential3D
718	P	718	-7.751	-19.33	107.148	-0.71	0.769135802469136	-1.3517845962200237	0.967036423843863	0	0.3588841146703814	No-PER3D	No-Essential3D
719	T	719	-8.828	-16.504	104.925	-0.71	0.802576489533011	-1.3517845962200237	0.9827561495948793	0	0.5946296536959458	No-PER3D	No-Essential3D
720	Y	720	-11.843	-17.89	103.103	-0.71	0.782020953024671	-1.3517845962200237	1.1510482679564116	0	0.21735834639215662	No-PER3D	No-Essential3D
721	Q	721	-12.238	-15.341	100.286	-0.71	0.751322751322751	-1.3517845962200237	1.1204478465238945	0	0.5946296536959458	No-PER3D	No-Essential3D
722	F	722	-16.022	-15.693	100.476	-0.71	0.756929637526652	-1.3517845962200237	1.2495324423245855	0	0.3588841146703814	No-PER3D	No-Essential3D
723	S	723	-17.064	-12.478	98.586	-0.71	0.730597014925373	-1.3517845962200237	1.2347905987573258	0	0.5941731555582161	No-PER3D	No-Essential3D
724	A	724	-20.685	-13.306	99.131	-0.71	0.802576489533011	-1.3517845962200237	1.336466921993179	0	0.602455336057028	No-PER3D	No-Essential3D
725	N	725	-22.997	-10.456	98.085	-0.71	0.788888888888889	-1.3517845962200237	1.287733193032082	0	0.5946296536959458	No-PER3D	No-Essential3D
726	T	726	-25.383	-13.063	99.48	-0.71	0.788191881918819	-1.3517845962200237	1.3392399001208886	0	0.5941731555582161	No-PER3D	No-Essential3D
727	G	727	-27.997	-14.293	97.165	-0.71	0.807948179271709	-1.3517845962200237	1.3851985001136744	0	0.5946296536959458	No-PER3D	No-Essential3D
728	P	728	-29.648	-17.834	97.091	-0.71	0.813932980599647	-1.3517845962200237	1.3621585422015257	0	0.5946296536959458	No-PER3D	No-Essential3D
729	A	729	-26.564	-20.056	96.338	-0.71	0.776936026936027	-1.3517845962200237	1.5218980657183612	0	0.3597761019891008	No-PER3D	No-Essential3D
730	H	730	-26.496	-20.652	100.069	-0.71	0.743066457352172	-1.3517845962200237	1.4397120603407112	0	0.3597761019891008	No-PER3D	No-Essential3D
731	Y	731	-26.842	-24.43	99.244	-0.71	0.810224089635854	-1.3517845962200237	1.4560142267322318	0	0.602455336057028	No-PER3D	No-Essential3D
732	M	732	-24.577	-24.968	102.22	-0.71	0.816225749559083	-1.3517845962200237	1.4351923952382095	0	0.602455336057028	No-PER3D	No-Essential3D
733	T	733	-27.137	-24.018	104.901	-0.71	0.753439153439154	-1.3517845962200237	1.4818719199682922	0	0.5946296536959458	No-PER3D	No-Essential3D
734	E	734	-27.103	-26.538	107.807	-0.71	0.774069104327407	-1.3517845962200237	1.5649831515285786	0	0.3588841146703814	No-PER3D	No-Essential3D
735	G	735	-24.211	-28.155	109.708	-0.71	0.788888888888889	-1.3517845962200237	1.5220299970158553	0	0.22215507029672285	No-PER3D	No-Essential3D
736	H	736	-21.64	-25.478	110.687	-0.71	0.808645229309436	-1.3517845962200237	1.4259222082251568	0	0.1297221137377389	No-PER3D	No-Essential3D
737	L	737	-22.285	-21.874	112.008	-0.71	0.842857142857143	-1.3517845962200237	1.3697061295674684	0	0.13025434271240904	No-PER3D	No-Essential3D
738	T	738	-24.937	-20.37	114.292	-0.71	0.864468864468864	-1.3517845962200237	1.4267597153793667	0	0.3588841146703814	No-PER3D	No-Essential3D
739	M	739	-27.313	-21.798	116.919	-0.71	0.864468864468864	-1.3517845962200237	1.4685555819341904	0	0.5946296536959458	No-PER3D	No-Essential3D
740	R	740	-28.347	-25.057	118.676	-0.71	0.887218045112782	-1.3517845962200237	1.5608777634260977	0	0.5946296536959458	No-PER3D	No-Essential3D
741	Q	741	-26.9	-28.634	119.001	-0.71	0.823597455176403	-1.3517845962200237	1.5706034444350876	0	0.5941731555582161	No-PER3D	No-Essential3D
742	G	742	-23.09	-28.668	118.506	-0.71	0.868613138686131	-1.3517845962200237	1.4653579899883031	0	0.36631734232637686	No-PER3D	No-Essential3D
743	A	743	-22.772	-32.163	116.885	-0.71	0.903136531365314	-1.3517845962200237	1.4858312930674087	0	0.36631734232637686	No-PER3D	No-Essential3D
744	D	744	-25.995	-33.523	115.092	-0.71	0.900235849056604	-1.3517845962200237	1.6268230227081506	0	0.602455336057028	No-PER3D	No-Essential3D
745	R	745	-28.051	-32.462	111.956	-0.71	0.897200772200772	-1.3517845962200237	1.5869230361558249	0	0.602455336057028	No-PER3D	No-Essential3D
746	E	746	-26.4	-33.918	108.77	-0.71	0.901145418326693	-1.3517845962200237	1.5506799854484192	0	1	No-PER3D	No-Essential3D
747	E	747	-22.607	-33.18	108.586	-0.71	0.897959183673469	-1.3517845962200237	1.5258273542121383	0	0.3588841146703814	No-PER3D	No-Essential3D
748	S	748	-20.948	-29.78	107.788	-0.71	0.890332525875358	-1.3517845962200237	1.4156267866301457	0	0.21735834639215662	No-PER3D	No-Essential3D
749	P	749	-22.944	-27.201	105.678	-0.71	0.886830810932912	-1.3517845962200237	1.4268873089862353	0	0.3588841146703814	No-PER3D	No-Essential3D
750	M	750	-23.645	-24.061	107.797	-0.71	0.883143983306283	-1.3517845962200237	1.4320886202258876	0	0.22215507029672285	No-PER3D	No-Essential3D
751	T	751	-20.477	-22.765	106.27	-0.71	0.915390813859791	-1.3517845962200237	1.2886539001023927	0	0.22215507029672285	No-PER3D	No-Essential3D
752	G	752	-20.009	-19.769	108.371	-0.71	0.894072769953052	-1.3517845962200237	1.231215104523703	0	0.1297221137377389	No-PER3D	No-Essential3D
753	V	753	-22.068	-17.116	106.969	-0.71	0.903186274509804	-1.3517845962200237	1.2464930308265172	0	0.36631734232637686	No-PER3D	No-Essential3D
754	C	754	-19.931	-14.238	106.699	-0.71	0.899305555555556	-1.3517845962200237	1.2436317695389696	0	0.602455336057028	No-PER3D	No-Essential3D
755	V	755	-18.966	-11.135	108.243	-0.71	0.766579406631763	-1.3517845962200237	1.1699672212983678	0	0.5941731555582161	No-PER3D	No-Essential3D
756	Q	756	-16.751	-9.179	105.89	-0.71	0.762096774193549	-1.3517845962200237	1.0815255549272185	0	0.5946296536959458	No-PER3D	No-Essential3D
757	Q	757	-13.04	-8.476	105.789	-0.71	0.76685393258427	-1.3517845962200237	0.9864561554185455	0	1	No-PER3D	No-Essential3D
758	S	758	-10.861	-6.033	103.825	-0.71	0.709406200735681	-1.3517845962200237	0.8904324897296096	0	1	No-PER3D	No-Essential3D
759	P	759	-9.407	-5.579	100.915	-0.71	0.705498094719652	-1.3517845962200237	0.8679166072735204	0	1	No-PER3D	No-Essential3D
760	V	760	-12.393	-5.27	98.454	-0.71	0.786075949367089	-1.3517845962200237	0.8899096892323605	0	1	No-PER3D	No-Essential3D
761	A	761	-12.473	-8.274	96.014	-0.71	0.786754966887417	-1.3517845962200237	1.0863286367076532	0	1	No-PER3D	No-Essential3D
