Uniprot_position	aminoacid	Position_in_structure	x	y	z	paraz	mtr	paraz3dscore	mtr3dscore	PER3D_OR	PER3D_pvalue	PER3D	Essential3D
1	M	1	21.261	3.947	30.24	NA	NA	Inf	-1.0665577133944426	10.955715138949763	0.13043478260869562	No-PER3D	No-Essential3D
2	Q	2	20.889	1.466	27.443	NA	NA	Inf	-0.8780143432264669	10.955715138949763	0.13043478260869562	No-PER3D	No-Essential3D
3	A	3	18.939	2.586	24.441	NA	NA	Inf	-0.8386553409373693	10.955715138949763	0.13043478260869562	No-PER3D	No-Essential3D
4	I	4	16.195	0.449	22.971	NA	0	Inf	-0.4671777401183971	1.8076561420284465	0.6146245059288539	No-PER3D	No-Essential3D
5	K	5	14.392	1.883	19.959	NA	0	Inf	-0.6118824259715068	9.955715138949763	0.04743083003952572	PER3D	Essential3D
6	C	6	10.713	1.12	19.538	NA	0	Inf	-0.4024541654211634	3.035187750681333	0.35635531516538377	No-PER3D	No-Essential3D
7	V	7	8.519	1.874	16.528	NA	0	Inf	-0.4636868017268714	1.8076561420284465	0.6146245059288539	No-PER3D	No-Essential3D
8	V	8	4.731	1.806	16.546	NA	0	Inf	-0.6635346863086493	1.8076561420284465	0.6146245059288539	No-PER3D	No-Essential3D
9	V	9	2.816	0.986	13.391	NA	0	Inf	-0.3722671024139825	0	0.25889328063241096	No-PER3D	No-Essential3D
10	G	10	-0.816	0.323	12.58	NA	0	Inf	-0.3738827134658855	0	0.26630434782608686	No-PER3D	No-Essential3D
11	D	11	-3.865	1.633	10.737	NA	0	Inf	-0.6260900644380468	0	0.5108695652173911	No-PER3D	No-Essential3D
12	G	12	-4.992	5.174	11.292	NA	0	Inf	-1.1757699087646778	3.7592272910956344	0.5331027667984191	No-PER3D	No-Essential3D
13	A	13	-7.37	5.826	14.172	NA	0	Inf	-1.1137416837247576	10.955715138949763	0.37500000000000006	No-PER3D	No-Essential3D
14	V	14	-6.195	2.672	15.934	NA	0	Inf	-0.6100380508003469	1.8076561420284465	0.6146245059288539	No-PER3D	No-Essential3D
15	G	15	-4.801	4.669	18.834	NA	0	Inf	-0.9054792774906048	4.8069847985287675	0.1501456209694196	No-PER3D	No-Essential3D
16	K	16	-1.027	4.681	18.324	NA	0	Inf	-0.9550456377439166	1.8076561420284465	0.6146245059288539	No-PER3D	No-Essential3D
17	T	17	-0.673	8.341	19.257	NA	0	Inf	-1.2745009942714987	10.955715138949763	0.011857707509881436	PER3D	Essential3D
18	C	18	-2.995	8.178	22.259	NA	0	Inf	-1.1362800556015396	10.955715138949763	0.011857707509881436	PER3D	Essential3D
19	L	19	-1.107	5.081	23.252	NA	0	Inf	-0.8115241652797053	4.8069847985287675	0.1501456209694196	No-PER3D	No-Essential3D
20	L	20	2.204	6.913	23.393	NA	0	Inf	-1.1306349176342652	10.955715138949763	0.002964426877470356	PER3D	Essential3D
21	I	21	0.718	9.985	25.048	NA	0	Inf	-1.3320855726542788	10.955715138949763	0.011857707509881436	PER3D	Essential3D
22	S	22	-1.252	8.121	27.674	NA	0	Inf	-1.1988725603680788	10.955715138949763	0.011857707509881436	PER3D	Essential3D
23	Y	23	1.97	6.298	28.445	NA	0	Inf	-1.0647785082251917	10.955715138949763	0.011857707509881436	PER3D	Essential3D
24	T	24	4.398	9.187	28.752	NA	0	Inf	-1.2408562060853123	10.955715138949763	0.011857707509881436	PER3D	Essential3D
25	T	25	2.064	11.636	30.495	NA	0	Inf	-1.4135074097174718	10.955715138949763	0.041501976284585025	PER3D	Essential3D
26	N	26	0.148	9.047	32.484	NA	0	Inf	-1.1512495110401204	10.955715138949763	0.041501976284585025	PER3D	Essential3D
27	A	27	-2.997	10.768	31.244	NA	0	Inf	-1.1821215279182549	10.955715138949763	0.041501976284585025	PER3D	Essential3D
28	F	28	-5.386	10.216	28.336	NA	0	Inf	-1.2592909279038982	10.955715138949763	0.041501976284585025	PER3D	Essential3D
29	P	29	-5.63	13.166	25.983	NA	0	Inf	-1.3620454806604778	10.955715138949763	0.041501976284585025	PER3D	Essential3D
30	G	30	-9.184	13.714	24.859	NA	0	Inf	-1.406648574486258	10.955715138949763	0.041501976284585025	PER3D	Essential3D
31	E	31	-9.719	16.388	22.237	NA	0	Inf	-1.5679685278464726	10.955715138949763	0.041501976284585025	PER3D	Essential3D
32	Y	32	-6.478	17.61	20.893	NA	0	Inf	-1.5679685278464726	10.955715138949763	0.041501976284585025	PER3D	Essential3D
33	I	33	-4.405	14.804	19.515	NA	0	Inf	-1.5679685278464726	10.955715138949763	0.041501976284585025	PER3D	Essential3D
34	P	34	-1.708	15.252	16.94	NA	0	Inf	-1.4607113913446113	10.955715138949763	0.041501976284585025	PER3D	Essential3D
35	T	35	-1.542	13.07	13.884	NA	0	Inf	-1.3949548819260977	10.955715138949763	0.37500000000000006	No-PER3D	No-Essential3D
36	V	36	1.957	12.061	14.841	NA	0	Inf	-1.3474092164458666	10.955715138949763	0.13043478260869562	No-PER3D	No-Essential3D
37	F	37	3.188	12.124	18.405	NA	0	Inf	-1.4191633089932851	10.955715138949763	0.011857707509881436	PER3D	Essential3D
38	D	38	6.607	13.697	18.548	NA	0	Inf	-1.3104612009375551	10.955715138949763	0.13043478260869562	No-PER3D	No-Essential3D
39	N	39	9.533	11.345	19.034	NA	0	Inf	-1.2653530408377045	10.955715138949763	0.37500000000000006	No-PER3D	No-Essential3D
40	Y	40	10.224	10.866	22.718	NA	0	Inf	-1.284605080601718	10.955715138949763	0.37500000000000006	No-PER3D	No-Essential3D
41	S	41	12.602	8.709	24.748	NA	0	Inf	-1.2398058272099428	10.955715138949763	0.041501976284585025	PER3D	Essential3D
42	A	42	11.507	7.84	28.252	NA	0	Inf	-1.1342660390164545	10.955715138949763	0.041501976284585025	PER3D	Essential3D
43	N	43	13.53	6.558	31.156	NA	0	Inf	-0.9452867592656278	10.955715138949763	0.13043478260869562	No-PER3D	No-Essential3D
44	V	44	12.058	3.374	32.521	NA	0	Inf	-0.806841441135264	1.8076561420284465	0.6146245059288539	No-PER3D	No-Essential3D
45	M	45	13.401	0.838	34.961	NA	0	Inf	-0.7583615808936078	3.7592272910956344	0.5331027667984191	No-PER3D	No-Essential3D
46	V	46	12.414	-2.644	33.933	NA	0	Inf	-0.499478724263855	1.8076561420284465	0.6146245059288539	No-PER3D	No-Essential3D
47	D	47	13.612	-5.618	35.953	NA	0	Inf	-0.5481521724187934	3.7592272910956344	0.5331027667984191	No-PER3D	No-Essential3D
48	G	48	16.091	-3.627	37.998	NA	0.18534253850239	Inf	-0.7612554265977218	3.7592272910956344	0.5331027667984191	No-PER3D	No-Essential3D
49	K	49	17.787	-1.637	35.26	NA	0.186730872124131	Inf	-0.7248059005346096	3.7592272910956344	0.5331027667984191	No-PER3D	No-Essential3D
50	P	50	17.101	1.679	33.621	NA	0.187432867883996	Inf	-0.8003843783364506	3.7592272910956344	0.5331027667984191	No-PER3D	No-Essential3D
51	V	51	16.514	1.957	29.886	NA	0.218476903870162	Inf	-0.7478368252783961	1.8076561420284465	0.6146245059288539	No-PER3D	No-Essential3D
52	N	52	16.289	4.795	27.405	NA	0.262406015037594	Inf	-0.9972667224938481	10.955715138949763	0.13043478260869562	No-PER3D	No-Essential3D
53	L	53	13.242	3.768	25.421	NA	0.26390977443609	Inf	-0.8964794614668218	3.0805619090327143	0.325592885375494	No-PER3D	No-Essential3D
54	G	54	12.966	5.674	22.178	NA	0.263157894736842	Inf	-1.0205091729482474	6.3993101896338365	0.1304347826086956	No-PER3D	No-Essential3D
55	L	55	9.355	5.706	21.145	NA	0.219298245614035	Inf	-1.1452388549602162	6.3993101896338365	0.1304347826086956	No-PER3D	No-Essential3D
56	W	56	8.413	6.411	17.56	NA	0.186567164179104	Inf	-1.2062758410460375	10.955715138949763	0.37500000000000006	No-PER3D	No-Essential3D
57	D	57	4.932	7.071	16.218	NA	0.186567164179104	Inf	-1.3298125303208126	10.955715138949763	0.13043478260869562	No-PER3D	No-Essential3D
58	T	58	4.385	6.948	12.468	NA	0.145107794361526	Inf	-1.2420105763905067	3.7592272910956344	0.5331027667984191	No-PER3D	No-Essential3D
59	A	59	1.776	7.926	9.89	NA	0.145911949685535	Inf	-1.221381412889109	1.7077454298430106	0.9999999999999999	No-PER3D	No-Essential3D
60	G	60	-0.226	4.918	8.803	NA	0.146464646464646	Inf	-0.9350197930257613	1.7077454298430106	0.9999999999999999	No-PER3D	No-Essential3D
61	Q	61	-1.473	6.723	5.726	NA	0.146331236897275	Inf	-0.9816258448374887	1.7077454298430106	0.9999999999999999	No-PER3D	No-Essential3D
62	E	62	-0.735	4.824	2.543	NA	0.145235122763213	Inf	-0.6169369771615908	1.7077454298430106	0.9999999999999999	No-PER3D	No-Essential3D
63	D	63	0.308	8.202	1.266	NA	0.130711610486891	Inf	-0.95873813288097	1.7077454298430106	0.9999999999999999	No-PER3D	No-Essential3D
64	Y	64	3.414	7.947	3.364	NA	0.131698113207547	Inf	-0.9459013244287846	1.7077454298430106	0.9999999999999999	No-PER3D	No-Essential3D
65	D	65	4.269	4.344	2.464	NA	0.131698113207547	Inf	-0.4344184894356175	1.7077454298430106	0.9999999999999999	No-PER3D	No-Essential3D
66	R	66	7.752	5.192	1.16	NA	0.146885521885522	Inf	-0.49401577922117645	1.7077454298430106	0.9999999999999999	No-PER3D	No-Essential3D
67	L	67	8.428	7.851	3.801	NA	0.146885521885522	Inf	-0.9046122458961897	1.7077454298430106	0.9999999999999999	No-PER3D	No-Essential3D
68	R	68	7.543	5.872	6.932	NA	0.133206106870229	Inf	-0.5563898823484352	3.7592272910956344	0.5331027667984191	No-PER3D	No-Essential3D
69	P	69	10.119	3.108	6.5	NA	0.133333333333333	Inf	-0.17139423602794074	3.7592272910956344	0.5331027667984191	No-PER3D	No-Essential3D
70	L	70	12.903	5.591	7.021	NA	0.148006785411366	Inf	-0.3870753602528738	10.955715138949763	0.13043478260869562	No-PER3D	No-Essential3D
71	S	71	12.288	4.981	10.721	NA	0.14702154626109	Inf	-0.6529791410690285	10.955715138949763	0.041501976284585025	PER3D	Essential3D
72	Y	72	12.902	1.234	10.586	NA	0.131320754716981	Inf	-0.12290243507036869	0.8194148044577478	1	No-PER3D	No-Essential3D
73	P	73	16.706	1.091	10.388	NA	0.132319391634981	Inf	0.22587337496116947	0.8194148044577478	1	No-PER3D	No-Essential3D
74	Q	74	18.131	0.908	13.863	NA	0.131818181818182	Inf	-0.18359241470472756	1.7077454298430106	0.9999999999999999	No-PER3D	No-Essential3D
75	T	75	14.991	-0.495	15.472	NA	0.131818181818182	Inf	0.09185147272597706	0.5136361036162523	1	No-PER3D	No-Essential3D
76	D	76	15.087	-3.04	18.254	NA	0.131203007518797	Inf	0.11606517562000315	0.35793669180457816	0.6146245059288539	No-PER3D	No-Essential3D
77	V	77	11.372	-3.74	18.578	NA	0.131203007518797	Inf	0.11358080380566998	0.26335567323835257	0.3509465363012274	No-PER3D	No-Essential3D
78	F	78	8.22	-3.079	16.611	NA	0.131439393939394	Inf	0.14965536465921658	0.35793669180457816	0.6146245059288539	No-PER3D	No-Essential3D
79	L	79	4.669	-2.906	17.889	NA	0	Inf	-0.0763095924894125	0	0.11808300395256917	No-PER3D	No-Essential3D
80	I	80	1.937	-3.655	15.402	NA	0	Inf	-0.028465241618238858	0	0.11808300395256917	No-PER3D	No-Essential3D
81	C	81	-1.195	-1.981	16.707	NA	0	Inf	-0.2693402184771359	1.1364477926778753	1	No-PER3D	No-Essential3D
82	F	82	-4.815	-2.568	15.767	NA	0	Inf	-0.20526986155030197	0.35793669180457816	0.6146245059288539	No-PER3D	No-Essential3D
83	S	83	-8.127	-1.6	17.323	NA	0	Inf	0.015126063083818048	0.5136361036162523	1	No-PER3D	No-Essential3D
84	L	84	-10.091	-4.358	19.045	NA	0	Inf	0.891421851968114	0.1997861476404493	0.1907114624505928	No-PER3D	No-Essential3D
85	V	85	-13.263	-2.673	17.916	NA	0	Inf	1.2152817396734679	0	0.05185146661119193	No-PER3D	No-Essential3D
86	S	86	-12.177	-2.497	14.294	NA	0	Inf	0.6347252809866537	0	0.05185146661119193	No-PER3D	No-Essential3D
87	P	87	-12.126	-5.696	12.349	NA	0.164943609022556	Inf	0.7639939780613645	0	0.11808300395256917	No-PER3D	No-Essential3D
88	A	88	-10.767	-3.837	9.368	NA	0.165262172284644	Inf	-0.10132285748278566	0	0.5108695652173911	No-PER3D	No-Essential3D
89	S	89	-7.545	-2.867	11.081	NA	0.220349563046192	Inf	-0.29212421378737774	0	0.26630434782608686	No-PER3D	No-Essential3D
90	F	90	-7.213	-6.423	12.26	NA	0.21952736318408	Inf	0.3747565898884645	0	0.25889328063241096	No-PER3D	No-Essential3D
91	E	91	-7.261	-7.914	8.778	NA	0.261481481481482	Inf	-0.19842080078957677	0	1	No-PER3D	No-Essential3D
92	N	92	-4.794	-5.231	7.862	NA	0.262453531598513	Inf	-0.4393095378190825	0	1	No-PER3D	No-Essential3D
93	V	93	-2.127	-6.633	10.142	NA	0.263940520446097	Inf	0.2587703726390261	0	0.25889328063241096	No-PER3D	No-Essential3D
94	R	94	-1.356	-9.612	7.949	NA	0.330223880597015	Inf	0.3516491780866088	0	1	No-PER3D	No-Essential3D
95	A	95	-2.026	-7.796	4.74	NA	0.332397003745318	Inf	0.425096341960676	0	1	No-PER3D	No-Essential3D
96	K	96	-0.071	-4.576	5.342	NA	0.528358208955224	Inf	-0.010666182591346426	0	1	No-PER3D	No-Essential3D
97	W	97	1.896	-4.208	8.592	NA	0.532330827067669	Inf	0.12496934836408351	0	0.5108695652173911	No-PER3D	No-Essential3D
98	Y	98	3.478	-7.561	9.292	NA	0.528358208955224	Inf	0.6342267001908252	0	0.26630434782608686	No-PER3D	No-Essential3D
99	P	99	4.81	-7.83	5.787	NA	0.887218045112782	Inf	1.1024464879102953	0	0.5108695652173911	No-PER3D	No-Essential3D
100	E	100	6.019	-4.268	5.902	NA	0.885572139303483	Inf	0.4748609857664827	0	0.5108695652173911	No-PER3D	No-Essential3D
101	V	101	7.644	-4.489	9.302	NA	0.882280049566295	Inf	0.4167898089492697	0.5136361036162523	1	No-PER3D	No-Essential3D
102	R	102	9.22	-7.859	8.667	NA	0.755555555555556	Inf	0.8137954976799178	0.5136361036162523	1	No-PER3D	No-Essential3D
103	H	103	10.526	-6.909	5.267	NA	0.882280049566295	Inf	1.569480606518627	0.8194148044577478	1	No-PER3D	No-Essential3D
104	H	104	12.153	-3.782	6.614	NA	0.875768757687577	Inf	0.6362716897132472	0.8194148044577478	1	No-PER3D	No-Essential3D
105	C	105	13.125	-5.313	9.93	NA	0.875768757687577	Inf	0.6899806789773019	0.8194148044577478	1	No-PER3D	No-Essential3D
106	P	106	14.089	-8.912	9.398	NA	0.872549019607843	Inf	1.1611968693350856	0.8194148044577478	1	No-PER3D	No-Essential3D
107	N	107	15.089	-10.38	12.703	NA	0.873308733087331	Inf	0.7512983086732078	0.35793669180457816	0.6146245059288539	No-PER3D	No-Essential3D
108	T	108	13.456	-7.866	14.996	NA	0.867647058823529	Inf	0.44332106492753026	0.26335567323835257	0.3509465363012274	No-PER3D	No-Essential3D
109	P	109	10.961	-8.884	17.578	NA	0.933052187664734	Inf	0.32256549343854085	0	0.05185146661119193	No-PER3D	No-Essential3D
110	I	110	7.36	-7.939	16.94	NA	0.925443169968717	Inf	0.4192891380618341	0	0.11808300395256917	No-PER3D	No-Essential3D
111	I	111	4.637	-7.362	19.455	NA	0.907692307692308	Inf	0.16285960610486516	0	0.05185146661119193	No-PER3D	No-Essential3D
112	L	112	1.009	-7.393	18.398	NA	0.907692307692308	Inf	0.25012971484635405	0.35793669180457816	0.6146245059288539	No-PER3D	No-Essential3D
113	V	113	-1.122	-4.998	20.351	NA	0.908455882352941	Inf	-0.027315821192706966	0.26335567323835257	0.3509465363012274	No-PER3D	No-Essential3D
114	G	114	-4.879	-4.782	20.387	NA	0.911808118081181	Inf	0.2274345423693231	0.35793669180457816	0.6146245059288539	No-PER3D	No-Essential3D
115	T	115	-5.791	-1.286	21.479	NA	0.911808118081181	Inf	-0.05431918089046763	1.1364477926778753	1	No-PER3D	No-Essential3D
116	K	116	-9.056	0.175	22.792	NA	0.911808118081181	Inf	0.2684554485335307	1.1364477926778753	1	No-PER3D	No-Essential3D
117	L	117	-9.612	-2.714	25.166	NA	0.914391143911439	Inf	0.5455397047377114	0.5136361036162523	1	No-PER3D	No-Essential3D
118	D	118	-12.162	-0.548	26.931	NA	0.922962962962963	Inf	0.991419335782402	0.35793669180457816	0.6146245059288539	No-PER3D	No-Essential3D
119	L	119	-14.453	-0.573	23.858	NA	0.922962962962963	Inf	1.3410953942097235	0.1997861476404493	0.1907114624505928	No-PER3D	No-Essential3D
120	R	120	-14.783	-4.342	23.821	NA	0.988888888888889	Inf	1.583373503863144	0.1997861476404493	0.1907114624505928	No-PER3D	No-Essential3D
121	D	121	-17.62	-4.255	26.392	NA	0.988888888888889	Inf	2.2749670215971807	0	0.25889328063241096	No-PER3D	No-Essential3D
122	D	122	-19.292	-0.948	25.434	NA	1.01424501424501	Inf	2.3235407538024297	0	0.26630434782608686	No-PER3D	No-Essential3D
123	K	123	-22.903	-1.345	24.394	NA	0.941798941798942	Inf	2.5149026111020683	0	0.26630434782608686	No-PER3D	No-Essential3D
124	D	124	-22.999	1.237	21.661	NA	0.948827292110874	Inf	2.473118367643232	0	0.5108695652173911	No-PER3D	No-Essential3D
125	T	125	-19.865	-0.016	19.964	NA	0.882280049566295	Inf	2.1809248578510596	0	0.26630434782608686	No-PER3D	No-Essential3D
126	I	126	-21.283	-3.496	19.892	NA	0.888059701492537	Inf	2.1654679857040033	0	0.11808300395256917	No-PER3D	No-Essential3D
127	E	127	-24.392	-2.228	18.17	NA	0.85077004779607	Inf	2.516423374771164	0	0.25889328063241096	No-PER3D	No-Essential3D
128	K	128	-23.28	-0.115	15.217	NA	0.917049368541906	Inf	2.192204730822207	0	0.25889328063241096	No-PER3D	No-Essential3D
129	L	129	-20.675	-2.742	14.716	NA	0.913640263082642	Inf	1.8411473740729234	0	0.11808300395256917	No-PER3D	No-Essential3D
130	K	130	-23.197	-5.523	15.291	NA	0.839810746873944	Inf	2.026523360872013	0	0.25889328063241096	No-PER3D	No-Essential3D
131	E	131	-25.302	-4.155	12.484	NA	0.842944369063772	Inf	2.63955704926233	0	0.25889328063241096	No-PER3D	No-Essential3D
132	K	132	-22.421	-4.642	10.032	NA	0.846101464078992	Inf	1.8840503999724139	0	0.25889328063241096	No-PER3D	No-Essential3D
133	K	133	-22.367	-8.37	10.75	NA	0.921189591078067	Inf	2.335352759009883	0	0.25889328063241096	No-PER3D	No-Essential3D
134	L	134	-19.137	-7.71	12.568	NA	0.915985130111524	Inf	1.4642526452251592	0	0.11808300395256917	No-PER3D	No-Essential3D
135	T	135	-18.21	-8.438	16.156	NA	0.918587360594796	Inf	1.7891083331791493	0	0.11808300395256917	No-PER3D	No-Essential3D
136	P	136	-15.376	-7.268	18.359	NA	0.912592592592592	Inf	1.7370070320755266	0	0.022337216559184546	No-PER3D	No-Essential3D
137	I	137	-11.984	-8.937	18.239	NA	0.82962962962963	Inf	1.2376580650173303	0	0.05185146661119193	No-PER3D	No-Essential3D
138	T	138	-11.58	-11.733	20.736	NA	0.830348090571139	Inf	1.2186433932568808	0	0.25889328063241096	No-PER3D	No-Essential3D
139	Y	139	-8.43	-12.502	22.635	NA	0.836567926455567	Inf	1.2391176208740595	0.5136361036162523	1	No-PER3D	No-Essential3D
140	P	140	-7.974	-15.863	21.002	NA	0.78876404494382	Inf	1.0393259786002045	0	0.26630434782608686	No-PER3D	No-Essential3D
141	Q	141	-8.22	-14.183	17.647	NA	0.791729323308271	Inf	1.0405157290716982	0	0.25889328063241096	No-PER3D	No-Essential3D
142	G	142	-5.386	-11.84	18.46	NA	0.754716981132075	Inf	0.5168452859774552	0	0.25889328063241096	No-PER3D	No-Essential3D
143	L	143	-3.427	-14.652	19.964	NA	0.668582375478927	Inf	0.8842698706605328	0	0.25889328063241096	No-PER3D	No-Essential3D
144	A	144	-3.996	-16.591	16.769	NA	0.598290598290598	Inf	0.7790936084262545	0	1	No-PER3D	No-Essential3D
145	M	145	-2.825	-13.675	14.678	NA	0.493305144467935	Inf	0.6380090173368946	0	0.25889328063241096	No-PER3D	No-Essential3D
146	A	146	0.264	-13.405	16.788	NA	0.48999648999649	Inf	0.6106205817397937	0	0.26630434782608686	No-PER3D	No-Essential3D
147	K	147	1.143	-17.02	16.205	NA	0.491895701198027	Inf	0.8483055425694411	0	1	No-PER3D	No-Essential3D
148	E	148	0.616	-16.422	12.514	NA	0.495224619738238	Inf	0.6854313165541427	0	1	No-PER3D	No-Essential3D
149	I	149	2.936	-13.423	12.168	NA	0.408139534883721	Inf	0.9024644321641582	0	0.5108695652173911	No-PER3D	No-Essential3D
150	G	150	5.409	-14.912	14.58	NA	0.366771159874608	Inf	1.10535958570467	0	0.26630434782608686	No-PER3D	No-Essential3D
151	A	151	5.232	-12.262	17.264	NA	0.149425287356322	Inf	0.6583960992428037	0	0.26630434782608686	No-PER3D	No-Essential3D
152	V	152	7.042	-12.724	20.564	NA	0.15042735042735	Inf	0.449095537224197	0	0.26630434782608686	No-PER3D	No-Essential3D
153	K	153	3.974	-11.766	22.533	NA	0	Inf	0.37019831061552827	0	0.11808300395256917	No-PER3D	No-Essential3D
154	Y	154	0.346	-10.682	22.238	NA	0	Inf	0.5292671742755485	0.35793669180457816	0.6146245059288539	No-PER3D	No-Essential3D
155	L	155	-0.948	-7.897	24.456	NA	0	Inf	0.3933813072242628	0.35793669180457816	0.6146245059288539	No-PER3D	No-Essential3D
156	E	156	-4.171	-5.945	24.777	NA	0	Inf	0.47585686584359654	0.35793669180457816	0.6146245059288539	No-PER3D	No-Essential3D
157	C	157	-4.555	-2.515	26.298	NA	0.152024117140396	Inf	-0.04632488092056265	1.8076561420284465	0.6146245059288539	No-PER3D	No-Essential3D
158	S	158	-6.562	0.678	26.529	NA	0.151593453919035	Inf	-0.3048554816393469	1.8076561420284465	0.6146245059288539	No-PER3D	No-Essential3D
159	A	159	-5.124	4.181	26.627	NA	0.272868217054264	Inf	-0.429155313069858	4.8069847985287675	0.1501456209694196	No-PER3D	No-Essential3D
160	L	160	-8.262	5.687	28.095	NA	0.274418604651163	Inf	-0.4184200593645923	10.955715138949763	0.011857707509881436	PER3D	Essential3D
161	T	161	-8.193	3.482	31.194	NA	0.249471458773784	Inf	-0.17868694339762298	10.955715138949763	0.011857707509881436	PER3D	Essential3D
162	Q	162	-4.436	3.014	30.83	NA	0.251149628581535	Inf	-0.5198010834884323	10.955715138949763	0.011857707509881436	PER3D	Essential3D
163	R	163	-5.031	-0.678	31.438	NA	0.228682170542636	Inf	-0.1800831716421881	0.8194148044577478	1	No-PER3D	No-Essential3D
164	G	164	-2.172	-3.028	30.643	NA	0.20887573964497	Inf	0.06505523468407563	0.8194148044577478	1	No-PER3D	No-Essential3D
165	L	165	-0.538	-0.097	28.959	NA	0.20807544945476	Inf	-0.29344806288597225	1.1364477926778753	1	No-PER3D	No-Essential3D
166	K	166	2.438	-0.531	31.258	NA	0.19415333701048	Inf	-0.8112743372071776	1.7077454298430106	0.9999999999999999	No-PER3D	No-Essential3D
167	T	167	3.106	-4.148	30.326	NA	0.254102316602317	Inf	-0.3627724934556484	0.5136361036162523	1	No-PER3D	No-Essential3D
168	V	168	3.15	-3.452	26.605	NA	0.338803088803089	Inf	-0.2702522517240457	0.26335567323835257	0.3509465363012274	No-PER3D	No-Essential3D
169	F	169	6.3	-1.344	27.02	NA	0.338803088803089	Inf	-0.6096468715320353	1.9402952486196203	0.6349074266694404	No-PER3D	No-Essential3D
170	D	170	7.774	-3.641	29.641	NA	0.341439688715953	Inf	-0.5591856071546034	1.1364477926778753	1	No-PER3D	No-Essential3D
171	E	171	7.366	-6.592	27.338	NA	0.403262867647059	Inf	-0.07300253577104227	0	0.26630434782608686	No-PER3D	No-Essential3D
172	A	172	8.733	-4.65	24.419	NA	0.379774305555556	Inf	-0.213744225394738	1.1364477926778753	1	No-PER3D	No-Essential3D
173	I	173	11.835	-3.883	26.446	NA	0.358947368421053	Inf	-0.424298953484789	1.1364477926778753	1	No-PER3D	No-Essential3D
174	R	174	11.902	-7.406	27.8	NA	0.380658436213992	Inf	-0.19635072427146333	1.1364477926778753	1	No-PER3D	No-Essential3D
175	A	175	11.848	-8.636	24.237	NA	0.382090951711205	Inf	-0.0746650510238607	0	0.26630434782608686	No-PER3D	No-Essential3D
176	V	176	14.974	-6.647	23.442	NA	0.379549808429119	Inf	0.14950893361320042	1.1364477926778753	1	No-PER3D	No-Essential3D
177	L	177	16.728	-7.328	26.697	NA	0.381481481481482	Inf	-0.23294597552899773	1.8076561420284465	0.6146245059288539	No-PER3D	No-Essential3D
178	C	178	17.766	-10.968	26.915	NA	0.383537206931702	Inf	0.3013934452548371	0	0.26630434782608686	No-PER3D	No-Essential3D
179	P	179	15.633	-12.513	24.163	NA	0.382107459572248	Inf	0.4667000758829744	0	0.26630434782608686	No-PER3D	No-Essential3D
180	P	180	16.045	-16.077	23.001	NA	0.381105743424584	Inf	0.6649424214339639	0	0.26630434782608686	No-PER3D	No-Essential3D
181	P	181	19.287	-17.093	21.437	NA	0.4023997658765	Inf	0.4632435778502051	0	0.5108695652173911	No-PER3D	No-Essential3D
182	V	182	18.586	-16.958	17.713	NA	0.401206636500754	Inf	0.8523829592922529	0	0.5108695652173911	No-PER3D	No-Essential3D
183	K	183	19.327	-19.777	15.313	NA	0.403629536921151	Inf	0.5832708102919643	0	0.5108695652173911	No-PER3D	No-Essential3D
184	K	184	22.598	-18.312	14.132	NA	0.399616368286445	Inf	0.5503544274737678	0	0.5108695652173911	No-PER3D	No-Essential3D
185	R	185	20.945	-18.48	10.746	NA	0.398215465961666	Inf	0.7334173249299445	0	0.26630434782608686	No-PER3D	No-Essential3D
186	K	186	22.655	-17.943	7.436	NA	0.421511627906977	Inf	0.5101296654367949	0	0.5108695652173911	No-PER3D	No-Essential3D
187	R	187	25.249	-20.256	8.702	NA	0.424242424242424	Inf	0.2833953694383065	0	0.5108695652173911	No-PER3D	No-Essential3D
188	K	188	27.049	-20.839	5.495	NA	0.386343216531896	Inf	0.27010277899954077	0	1	No-PER3D	No-Essential3D
189	C	189	26.301	-24.329	4.329	NA	0.38468720821662	Inf	0.26233558463273426	0	1	No-PER3D	No-Essential3D
190	L	190	25.595	-26.041	1.087	NA	0.313527851458886	Inf	0.2527829022621046	0	1	No-PER3D	No-Essential3D
