Uniprot_position	aminoacid	Position_in_structure	x	y	z	paraz	mtr	paraz3dscore	mtr3dscore	PER3D_OR	PER3D_pvalue	PER3D	Essential3D
242	D	242	10.936	6.961	111.993	0.03	0.735898787559304	-0.8112514623515368	0.9609116761195894	0	1	No-PER3D	No-Essential3D
243	K	243	12.549	6.554	108.609	0.53	0.744136460554371	-1.1336957987725775	0.8725298901739326	0	1	No-PER3D	No-Essential3D
244	S	244	15.226	4.103	107.94	0.77	0.810873605947955	-1.2531755196640164	1.067731658104707	0	1	No-PER3D	No-Essential3D
245	K	245	18.46	5.033	106.305	1.02	0.813899253731343	-1.0620079662377142	1.311796062100944	0	1	No-PER3D	No-Essential3D
246	E	246	17.989	2.344	103.737	-0.71	0.80787037037037	-1.3653754335625174	1.182686405388328	0	1	No-PER3D	No-Essential3D
247	L	247	14.714	2.585	101.943	1.52	0.813899253731343	-1.3463351550172533	1.190564680670499	0	1	No-PER3D	No-Essential3D
248	H	248	14.06	1.038	98.52	0.03	0.922509225092251	-1.1818565782056618	1.1600108774313225	0	1	No-PER3D	No-Essential3D
249	A	249	10.885	1.166	96.439	0.28	0.861008610086101	-1.1286122997914205	0.9439823356099452	0	1	No-PER3D	No-Essential3D
250	I	250	9.109	-1.766	94.084	1.02	0.815520446096654	-0.9735970715677884	0.8321996465645984	0	1	No-PER3D	No-Essential3D
251	K	251	8.926	-4.291	90.003	1.52	0.816231343283582	-0.7693543788741211	0.9241194203927912	0	1	No-PER3D	No-Essential3D
252	E	252	12.232	-4.354	88.965	1.52	0.815520446096654	-0.7446913754732515	1.1806539601372399	0	1	No-PER3D	No-Essential3D
253	R	253	13.233	-6.591	91.922	0.28	0.875621890547264	-0.8776518561231085	1.1688739480918102	0	1	No-PER3D	No-Essential3D
254	Y	254	15.876	-5.581	94.508	-1.21	0.869135802469136	-1.2569791965417954	1.2858324036220736	0	1	No-PER3D	No-Essential3D
255	L	255	16.013	-7.708	97.715	-1.21	0.752757352941177	-1.280461748497837	1.2550293401278503	0	1	No-PER3D	No-Essential3D
256	G	256	18.207	-7.173	100.782	-1.21	0.772058823529412	-1.731058761579868	1.2408286388004635	0	1	No-PER3D	No-Essential3D
257	G	257	19.355	-4.383	103.105	-1.21	0.771428571428571	-1.5991133736344263	1.1903702447460356	0	1	No-PER3D	No-Essential3D
258	I	258	21.494	-1.924	101.057	-1.21	0.774264705882353	-1.4586888371767694	1.3428779633042631	0	1	No-PER3D	No-Essential3D
259	K	259	20.888	1.875	100.4	-1.21	0.771428571428571	-1.4586888371767694	1.3391552926149604	0	1	No-PER3D	No-Essential3D
260	K	260	17.562	2.824	98.681	-1.21	0.701298701298701	-1.339659983156619	1.31504242612686	0	1	No-PER3D	No-Essential3D
261	R	261	16.753	1.692	95.099	-1.21	0.700729927007299	-1.096875004284021	1.326196380294883	0	1	No-PER3D	No-Essential3D
262	R	262	13.54	0.416	93.379	-1.21	0.705294705294705	-1.0633090014322826	1.1271702360309748	0	1	No-PER3D	No-Essential3D
263	R	263	11.703	-2.5	95.001	-1.21	0.71049983227105	-1.0749881335477123	0.9430250215157743	0	1	No-PER3D	No-Essential3D
264	T	264	10.984	-6.208	95.153	-1.21	0.712512579671251	-1.1646016731093456	0.8860239861149025	0	1	No-PER3D	No-Essential3D
265	R	265	8.436	-8.086	97.28	-1.21	0.653136531365314	-1.2433384242904504	0.8700650072116497	0	1	No-PER3D	No-Essential3D
266	H	266	9.713	-8.623	100.911	-1.21	0.594276094276094	-1.4648370217852482	0.9708942855732845	0	1	No-PER3D	No-Essential3D
267	L	267	9.53	-11.883	102.992	-1.21	0.653136531365314	-1.8218946512122483	0.702856523706152	0	1	No-PER3D	No-Essential3D
268	N	268	5.839	-11.69	104.188	-1.21	0.709893048128342	-1.692565779683305	0.648335368347216	0	1	No-PER3D	No-Essential3D
269	D	269	3.113	-12.407	101.559	-1.21	0.717810070969922	-1.6401012710242855	0.6565689694594262	0	1	No-PER3D	No-Essential3D
270	R	270	0.358	-9.864	102.406	-1.21	0.713754646840149	-1.7435398193463294	0.6770015361382635	0	1	No-PER3D	No-Essential3D
271	K	271	2.183	-6.605	101.912	-1.21	0.711726934775262	-1.6602878104887908	0.6383435775244767	0	1	No-PER3D	No-Essential3D
272	F	272	2.216	-3.479	99.747	-1.21	0.652416356877323	-1.51519065372869	0.6170669645262423	0	1	No-PER3D	No-Essential3D
273	V	273	4.382	-1.802	97.096	-1.21	0.659176029962547	-1.1534700762458945	0.6955945374338567	0	1	No-PER3D	No-Essential3D
274	F	274	5.886	1.394	98.37	-1.21	0.603946239633972	-1.2701053033685237	0.6006959495597518	0	1	No-PER3D	No-Essential3D
275	E	275	9.267	2.993	97.918	-1.21	0.544753086419753	-1.077523748486021	0.8858443875300029	0	1	No-PER3D	No-Essential3D
276	W	276	10.384	2.561	101.515	-1.21	0.542742927429274	-1.39978275685427	0.8852620096895315	0	1	No-PER3D	No-Essential3D
277	D	277	12.925	0.852	103.813	-1.21	0.53921568627451	-1.4985724723898899	1.0427838721248923	0	1	No-PER3D	No-Essential3D
278	A	278	14.014	-2.862	103.933	-1.21	0.553046218487395	-1.4426420753486398	1.0798216524669524	0	1	No-PER3D	No-Essential3D
279	S	279	11.768	-4.93	106.369	-1.21	0.553968253968254	-1.6109178880827058	0.9092926196779171	0	1	No-PER3D	No-Essential3D
280	E	280	8.935	-4.045	104.006	-1.21	0.600514726908779	-1.5927710358277851	0.8998412744504435	0	1	No-PER3D	No-Essential3D
281	D	281	6.087	-4.527	101.654	-0.22	0.614035087719298	-1.4237251609984052	0.7284042011011543	0	1	No-PER3D	No-Essential3D
282	T	282	4.986	-6.888	98.969	0.28	0.611735330836454	-1.3552353841647655	0.7629079896284255	0	1	No-PER3D	No-Essential3D
283	S	283	2.058	-5.753	96.795	0.77	0.612289525475618	-1.2511984563781529	0.66808991460779	0	1	No-PER3D	No-Essential3D
284	I	284	2.561	-7.798	93.67	0.28	0.564568014705882	-0.8536801464375242	0.777150023249752	0	1	No-PER3D	No-Essential3D
285	D	285	-0.664	-6.055	92.534	-0.22	0.564568014705882	-1.1618714447886755	0.5682673682582481	0	1	No-PER3D	No-Essential3D
286	Y	286	1.846	-4.357	90.23	0.28	0.597285067873303	-0.7840397569675163	0.6508914847274764	0	1	No-PER3D	No-Essential3D
287	N	287	4.553	-1.805	90.675	0.77	0.599489071813795	-0.7069905863075645	0.7219535146374558	0	1	No-PER3D	No-Essential3D
288	P	288	6.287	0.634	89.101	0.28	0.595097210481826	-0.6130429333881549	0.7577787991741979	0	1	No-PER3D	No-Essential3D
289	L	289	2.863	2.086	88.648	0.03	0.649446494464945	-1.030867411195769	0.4483816558650354	0	1	No-PER3D	No-Essential3D
290	Y	290	2.037	1.24	92.249	0.03	0.606666666666667	-1.1720194828320958	0.43815712262855644	0	1	No-PER3D	No-Essential3D
291	K	291	5.176	2.002	94.354	0.03	0.643382352941177	-1.0417222803727657	0.6912305308829056	0	1	No-PER3D	No-Essential3D
292	E	292	5.837	5.547	93.049	0.53	0.643382352941177	-1.13786290167388	0.6947381678630535	0	1	No-PER3D	No-Essential3D
293	R	293	2.136	5.868	93.434	0.28	0.643911439114391	-1.440244283351333	0.3190423795342231	0	1	No-PER3D	No-Essential3D
294	H	294	1.967	4.618	96.922	-1.21	0.646840148698885	-1.3831188652176953	0.3430907847788526	0	1	No-PER3D	No-Essential3D
295	Q	295	4.288	7.429	97.677	-1.21	0.647388059701493	-1.3012461257228431	0.5900396735684232	0	1	No-PER3D	No-Essential3D
296	V	296	0.998	9.413	97.893	-1.21	0.647388059701493	-1.7428691082981318	0.2513450374607593	0	1	No-PER3D	No-Essential3D
297	Q	297	-0.822	7.068	100.252	-1.21	0.705079825834543	-1.857951945651386	0.28052167527639954	0	1	No-PER3D	No-Essential3D
298	L	298	2.277	7.426	102.266	-1.21	0.608949985375841	-1.8260372782746457	0.3687595644635501	0	1	No-PER3D	No-Essential3D
299	L	299	-0.275	8.922	104.632	-1.21	0.604354136429608	-2.0624405657293923	0.4477562812845888	0	1	No-PER3D	No-Essential3D
300	G	300	-1.006	5.575	106.209	-1.21	0.557951482479784	-2.209013286795528	0.5106854322256081	0	1	No-PER3D	No-Essential3D
301	R	301	2.714	5.536	107.217	-1.21	0.562194459532863	-1.9543180565799347	0.48885016066361225	0	1	No-PER3D	No-Essential3D
302	G	302	2.335	1.85	106.484	-1.21	0.562194459532863	-1.9404605830971722	0.5109341051411426	0	1	No-PER3D	No-Essential3D
303	F	303	4.01	0.808	109.682	-1.21	0.658396946564885	-1.7909367334189665	0.5459852982720325	0	1	No-PER3D	No-Essential3D
304	I	304	0.618	-0.599	110.68	-1.21	0.650943396226415	-2.1230833654440824	0.5419543732899692	0	1	No-PER3D	No-Essential3D
305	A	305	1.863	-3.898	109.31	-1.21	0.698984034833091	-2.016413314218338	0.6349885594710645	0	1	No-PER3D	No-Essential3D
306	G	306	-1.589	-5.095	108.675	-1.21	0.699592074592075	-2.0426769468425	0.6577098948819283	0	1	No-PER3D	No-Essential3D
307	I	307	-3.703	-2.169	107.631	-1.21	0.701015965166909	-2.1321286203231824	0.6246177208449573	0	1	No-PER3D	No-Essential3D
308	D	308	-7.223	-2.7	106.371	-1.21	0.659003831417625	-2.209013286795528	0.6012385438036324	0	1	No-PER3D	No-Essential3D
309	L	309	-5.683	-4.319	103.255	-1.21	0.709696433834365	-1.859368701235079	0.5135484590144346	0	1	No-PER3D	No-Essential3D
310	K	310	-8.746	-4.753	101.061	-1.21	0.709696433834365	-1.9655451762997656	0.5393762358502123	0	1	No-PER3D	No-Essential3D
311	Q	311	-9.915	-1.246	102.127	-1.21	0.658396946564885	-2.209013286795528	0.4556856165090687	0	1	No-PER3D	No-Essential3D
312	Q	312	-6.62	0.501	101.377	-1.21	0.59854267869535	-2.092148593757562	0.4301614580356773	0	1	No-PER3D	No-Essential3D
313	K	313	-6.197	-1.634	98.21	-1.21	0.59854267869535	-1.8160759771514132	0.43935375278548333	0	1	No-PER3D	No-Essential3D
314	R	314	-9.644	-0.615	96.956	-1.21	0.579124579124579	-2.111626042597223	0.20693084408872844	0	1	No-PER3D	No-Essential3D
315	E	315	-8.922	3.043	97.804	-1.21	0.579636670891424	-2.209013286795528	0.24522096464979795	0	1	No-PER3D	No-Essential3D
316	Q	316	-5.706	2.531	95.882	-1.21	0.579636670891424	-1.7766282310574157	0.24189125934080274	0	1	No-PER3D	No-Essential3D
317	S	317	-7.38	0.709	92.97	-1.21	0.575757575757576	-1.7952137314074734	0.14331219296248707	0	1	No-PER3D	No-Essential3D
318	R	318	-9.764	3.702	92.641	-1.21	0.579636670891424	-2.209013286795528	-0.14366634544131793	0	1	No-PER3D	No-Essential3D
319	F	319	-7.001	6.313	92.989	-1.21	0.579636670891424	-1.9300613679879735	-0.008879764534669852	0	1	No-PER3D	No-Essential3D
320	Y	320	-5.087	4.134	90.496	-1.21	0.490056818181818	-1.5291997315151526	0.0756762024617504	0	1	No-PER3D	No-Essential3D
321	G	321	-7.948	4.454	87.992	-1.21	0.490056818181818	-1.883569381520048	-0.09991808688198849	0	1	No-PER3D	No-Essential3D
322	D	322	-7.679	8.239	88.454	-1.21	0.484550561797753	-2.0716013607960257	-0.08323815901871116	0	1	No-PER3D	No-Essential3D
323	L	323	-3.851	8.202	88.174	-1.21	0.484550561797753	-1.807800325487937	0.13039653320018815	0	1	No-PER3D	No-Essential3D
324	M	324	-4.067	6.003	85.025	-1.21	0.433962264150943	-1.900698008113494	0.13427384271154938	0	1	No-PER3D	No-Essential3D
325	E	325	-6.026	8.912	83.448	-1.21	0.432704402515723	-2.209013286795528	0.1696178346377213	0	1	No-PER3D	No-Essential3D
326	K	326	-3.365	11.429	84.671	-1.21	0.586124401913876	-1.9720550188263903	0.3114986035979355	0	1	No-PER3D	No-Essential3D
327	R	327	-0.486	9.319	83.259	-1.21	0.640449438202247	-1.9720550188263903	0.3742206519131558	0	1	No-PER3D	No-Essential3D
328	R	328	-2.268	9	79.875	-1.21	0.642857142857143	-2.209013286795528	0.46039061743290294	0	1	No-PER3D	No-Essential3D
329	T	329	-2.983	12.756	79.45	-1.21	0.75062893081761	-2.209013286795528	0.6081838823112014	0	1	No-PER3D	No-Essential3D
330	L	330	0.737	13.426	80.191	-1.21	0.745614035087719	-2.209013286795528	0.7577460248074929	0	1	No-PER3D	No-Essential3D
331	E	331	1.929	11.007	77.45	-1.21	0.772075471698113	-2.209013286795528	0.9066656844254625	0	1	No-PER3D	No-Essential3D
332	E	332	-0.774	12.233	74.988	-1.21	0.769811320754717	-2.209013286795528	1.1253958862668334	0	1	No-PER3D	No-Essential3D
333	K	333	0.229	15.91	75.598	-1.21	0.769172932330827	-2.209013286795528	1.316845799700153	0	1	No-PER3D	No-Essential3D
334	E	334	3.957	15.086	75.036	-1.21	0.711610486891386	-2.209013286795528	1.3782044763005998	0	1	No-PER3D	No-Essential3D
335	Q	335	3.187	13.175	71.772	-1.21	0.708384964890541	-2.209013286795528	1.4092059746786416	0	1	No-PER3D	No-Essential3D
336	E	336	1.022	16.071	70.422	-1.21	0.764444444444445	-2.209013286795528	1.5141039017942046	0	1	No-PER3D	No-Essential3D
337	E	337	3.748	18.677	71.269	-1.21	0.762222222222222	-2.209013286795528	1.5563658364731463	0	1	No-PER3D	No-Essential3D
338	A	338	6.563	16.631	69.587	-1.21	0.761029411764706	-2.209013286795528	1.5566716611867553	0	1	No-PER3D	No-Essential3D
339	R	339	4.425	16.163	66.406	-1.21	0.84004884004884	-2.209013286795528	1.5453709016192396	0	1	No-PER3D	No-Essential3D
340	L	340	3.606	19.934	66.18	-1.21	0.788143382352941	-2.209013286795528	1.5349937380912828	0	1	No-PER3D	No-Essential3D
341	R	341	7.339	20.837	66.571	-1.21	0.7000407000407	-2.209013286795528	1.5137308208040166	0	1	No-PER3D	No-Essential3D
342	K	342	8.331	18.372	63.77	-1.21	0.698005698005698	-2.209013286795528	1.540815793777678	0	1	No-PER3D	No-Essential3D
343	L	343	5.613	19.775	61.414	-1.21	0.837606837606838	-2.209013286795528	1.5482841993184537	0	1	No-PER3D	No-Essential3D
344	R	344	6.729	23.408	62.084	-1.21	0.829090909090909	-2.209013286795528	1.51950920171765	0	1	No-PER3D	No-Essential3D
345	K	345	10.42	22.457	61.471	-1.21	0.746181818181818	-2.209013286795528	1.5176671564191098	0	1	No-PER3D	No-Essential3D
346	K	346	9.69	20.626	58.145	-1.21	0.751094890510949	-2.209013286795528	1.4546387892664892	0	1	No-PER3D	No-Essential3D
347	E	347	7.441	23.385	56.631	-1.21	0.750545454545455	-2.209013286795528	1.3948377339751246	0	1	No-PER3D	No-Essential3D
348	A	348	9.473	26.632	57.264	-1.21	0.72969696969697	-2.209013286795528	1.3622880455878212	0	1	No-PER3D	No-Essential3D
349	K	349	13.037	26.086	55.798	-1.21	0.721326164874552	-1.843073338898867	1.4094874944816087	0	1	No-PER3D	No-Essential3D
350	Q	350	12.256	24.585	52.282	-1.21	0.714583333333333	-1.6601033649505366	1.3113912159439793	0	1	No-PER3D	No-Essential3D
351	R	351	14.811	23.798	49.5	-1.21	0.659615384615385	-1.367941632355622	1.2563898009299785	0	1	No-PER3D	No-Essential3D
352	W	352	14.622	24.958	45.817	1.27	0.716666666666667	-1.007482351881376	1.1972229913627528	0	1	No-PER3D	No-Essential3D
353	D	353	16.612	22.422	43.865	0.03	0.716192170818505	-0.45309176261396905	-0.11164540185852621	0	1	No-PER3D	No-Essential3D
354	D	354	15.822	23.159	40.219	0.03	0.720833333333333	-0.4644422572757762	-0.006118063261148949	0	1	No-PER3D	No-Essential3D
355	R	355	18.404	20.772	38.787	-0.47	0.786363636363636	-0.4227124974897207	-0.3811219886621594	0	1	No-PER3D	No-Essential3D
356	H	356	17.407	18.497	35.991	-0.47	0.785829828534455	-0.5719135198894129	-0.9137944036197065	0	1	No-PER3D	No-Essential3D
357	W	357	17.442	14.838	36.913	1.02	0.686507936507937	-0.33563684385358916	-1.066495232262626	0	1	No-PER3D	No-Essential3D
358	S	358	20.405	14.279	34.648	0.03	0.548833531039937	-0.4707985342863881	-0.5657828220856469	0	1	No-PER3D	No-Essential3D
359	Q	359	22.373	16.415	37.063	0.53	0.54688731284476	-0.17365677215860542	-0.2774124110683731	0	1	No-PER3D	No-Essential3D
360	K	360	21.493	14.277	40.067	0.03	0.462765957446809	-0.34125952047237484	-0.4157841178504628	0	1	No-PER3D	No-Essential3D
361	K	361	22.624	10.971	41.554	0.28	0.462765957446809	-0.1760135762585223	-0.09769876124343212	0	1	No-PER3D	No-Essential3D
362	L	362	20.269	8.029	41.294	0.03	0.459805653710247	0.0940966675406484	-0.3341341015047409	0	1	No-PER3D	No-Essential3D
363	D	363	19.526	8.185	44.994	1.02	0.411347517730496	-0.17365677215860542	-0.795986607685962	0	1	No-PER3D	No-Essential3D
364	E	364	18.492	11.813	44.628	1.02	0.411347517730496	-0.25085265478682955	-0.8581193425710223	0	1	No-PER3D	No-Essential3D
365	M	365	15.85	11.078	41.998	0.28	0.367844522968198	-0.23293756815355848	-0.7604637352281208	0	1	No-PER3D	No-Essential3D
366	T	366	12.426	12.337	43.085	-0.47	0.335367812399615	-0.4495785142662669	-0.990966998509609	0	1	No-PER3D	No-Essential3D
367	D	367	8.966	11.447	41.8	1.02	0.247517730496454	-0.17365677215860542	-1.8304845083198447	0	1	No-PER3D	No-Essential3D
368	R	368	8.997	14.6	39.729	0.53	0.224863475746868	-0.3431622218143673	-1.2866323631170282	0	1	No-PER3D	No-Essential3D
369	D	369	12.389	13.656	38.369	-1.21	0.224863475746868	-0.1832742895104402	-1.0150088720391788	0	1	No-PER3D	No-Essential3D
370	W	370	11.044	10.321	37.217	-1.21	0.22550594282043	0.07542854336581264	-1.3499927627077242	0	1	No-PER3D	No-Essential3D
371	R	371	8.119	12.036	35.541	-1.21	0.227922077922078	-0.01253041981211333	-1.7906316627038874	0	1	No-PER3D	No-Essential3D
372	I	372	10.428	14.372	33.667	-1.21	0.250714285714286	-0.05525692471763007	-1.6667769281363811	0	1	No-PER3D	No-Essential3D
373	F	373	12.651	11.406	32.951	0.53	0.341883116883117	0.07632282476340957	-1.2824587137365153	0	1	No-PER3D	No-Essential3D
374	R	374	9.818	9.466	31.347	1.02	0.25089605734767	0.3538311178862721	-1.2232797113159082	0	1	No-PER3D	No-Essential3D
375	E	375	8.782	12.567	29.468	0.28	0.25089605734767	0.1523984181382927	-1.2182113967147907	0	1	No-PER3D	No-Essential3D
376	D	376	12.278	13.038	28.063	0.03	0.376344086021505	0.0014955485914054975	-0.9914722724848433	0	1	No-PER3D	No-Essential3D
377	Y	377	12.32	9.408	26.902	0.53	0.344601247128323	0.4722298538156733	-0.8234477091581272	0	1	No-PER3D	No-Essential3D
378	S	378	8.634	9.303	25.894	-0.47	0.349090909090909	0.3847008600347487	-0.7016515229915	0	1	No-PER3D	No-Essential3D
379	I	379	8.034	6.314	28.107	1.52	0.284444444444444	0.5105922591607441	-0.8056645554514678	0	1	No-PER3D	No-Essential3D
380	T	380	4.397	5.451	28.754	0.28	0.386496350364964	0.36861311030922894	-0.7238007310550914	0	1	No-PER3D	No-Essential3D
381	T	381	3.409	2.51	30.901	0.53	0.386181818181818	0.5121197584423537	-0.897761993699205	0	1	No-PER3D	No-Essential3D
382	K	382	0.471	0.483	32.164	0.28	0.43030303030303	0.3910863429965372	-0.5780328880533916	0	1	No-PER3D	No-Essential3D
383	G	383	0.454	-1.934	35.089	1.52	0.429951690821256	0.03532002268359061	-0.3261456126013642	0	1	No-PER3D	No-Essential3D
384	G	384	1.038	-1.568	38.81	-0.22	0.43030303030303	-0.13523061835561262	-0.15092169606599481	0	1	No-PER3D	No-Essential3D
385	K	385	4.252	-0.861	40.663	-0.47	0.51970802919708	-0.3519882823856502	0.23672600653618317	0	1	No-PER3D	No-Essential3D
386	I	386	6.428	-0.356	37.612	1.02	0.523529411764706	0.2777465583750931	-0.4395956134156605	0	1	No-PER3D	No-Essential3D
387	P	387	10.092	-0.323	38.564	0.77	0.51970802919708	0.10162819368603501	-0.08244311320102209	0	1	No-PER3D	No-Essential3D
388	N	388	12.104	2.827	37.852	0.03	0.52014652014652	0.24843366745520606	-0.711353114956995	0	1	No-PER3D	No-Essential3D
389	P	389	13.749	2.886	34.46	1.52	0.648351648351648	0.4340462896728814	-0.7208152846008046	0	1	No-PER3D	No-Essential3D
390	I	390	17.506	2.645	33.956	1.52	0.653136531365314	0.6754913611533483	-0.2588678072159132	0	1	No-PER3D	No-Essential3D
391	R	391	19.177	6.031	33.838	0.03	0.655555555555556	0.3987112685971004	-0.34667122293309444	0	1	No-PER3D	No-Essential3D
392	S	392	22.355	4.589	32.385	0.53	0.648897058823529	0.537644271438051	0.3272323233707569	0	1	No-PER3D	No-Essential3D
393	W	393	24.227	1.326	32.201	1.02	0.647058823529412	0.634890985702448	0.819387247149014	0	1	No-PER3D	No-Essential3D
394	K	394	26.499	2.346	35.044	0.53	0.724279835390947	0.3191202242109742	1.2303688196005247	0	1	No-PER3D	No-Essential3D
395	D	395	23.468	3.525	36.938	0.03	0.724279835390947	0.22630936786037184	0.7722522387752806	0	1	No-PER3D	No-Essential3D
396	S	396	21.819	0.165	36.401	0.28	0.820167286245353	0.6942866891476698	0.5588485834038115	0	1	No-PER3D	No-Essential3D
397	S	397	22.07	-2.756	38.802	0.03	0.940831556503198	0.6026074272491989	1.077584955006734	0	1	No-PER3D	No-Essential3D
398	L	398	23.248	-5.088	36.043	0.77	0.939989378651089	0.4053704711470633	0.5940320119231224	0	1	No-PER3D	No-Essential3D
399	P	399	26.008	-7.498	36.923	1.52	1.10486891385768	0.20286364252337422	0.7866481302200737	0	1	No-PER3D	No-Essential3D
400	P	400	29.556	-6.533	36.129	-0.47	1.10174781523096	0.006792446100248778	1.5619403167309724	0	1	No-PER3D	No-Essential3D
401	H	401	30.016	-9.267	33.553	-0.47	1.10174781523096	0.27952591533237053	0.5017951995958443	0	1	No-PER3D	No-Essential3D
402	I	402	26.814	-8.269	31.811	1.27	0.823227611940299	0.19292873512194594	0.076852992379015	0	1	No-PER3D	No-Essential3D
403	L	403	27.811	-4.641	31.692	0.28	0.828651685393258	0.530448169649999	0.711302760882927	0	1	No-PER3D	No-Essential3D
404	E	404	31.157	-5.529	30.254	0.28	0.754797441364605	0.48167822525915505	0.9988736076166983	0	1	No-PER3D	No-Essential3D
405	V	405	29.501	-7.383	27.414	0.28	0.754797441364605	0.404843483894908	-0.13446924483883402	0	1	No-PER3D	No-Essential3D
406	I	406	27.187	-4.455	26.833	1.27	0.667293233082707	0.45326243385051274	0.0584355676743781	0	1	No-PER3D	No-Essential3D
407	D	407	30.124	-2.069	26.793	0.28	0.665413533834586	0.35404191278713415	1.0836928697307335	0	1	No-PER3D	No-Essential3D
408	K	408	32.114	-4.347	24.516	1.52	0.754797441364605	0.3999688518124711	0.22566572394118836	0	1	No-PER3D	No-Essential3D
409	C	409	29.234	-4.587	22.055	-0.22	0.76047261009667	0.16242934790345614	-0.6459055110175419	0	1	No-PER3D	No-Essential3D
410	G	410	29.216	-0.82	21.914	1.52	0.66044776119403	0.40371924442364315	0.21873708889204688	0	1	No-PER3D	No-Essential3D
411	Y	411	25.708	-0.159	23.144	0.53	0.49533582089552203	0.6443591899995054	-0.1620476037306835	0	1	No-PER3D	No-Essential3D
412	K	412	26.611	3.171	24.724	0.28	0.491236162361624	0.5383030055032452	0.6993080400462268	0	1	No-PER3D	No-Essential3D
413	E	413	23.239	4.108	26.146	-0.71	0.491236162361624	0.6574307651018799	0.29913157466446844	0	1	No-PER3D	No-Essential3D
414	P	414	20.025	2.268	26.733	1.52	0.587654320987654	0.9647913932759531	-0.1947884504308264	0	1	No-PER3D	No-Essential3D
415	T	415	17.272	3.03	24.248	1.52	0.59149111937216	1.0039089924740634	-0.5556018346628535	0	1	No-PER3D	No-Essential3D
416	P	416	13.912	4.021	25.623	1.52	0.499533582089552	0.8290539789812414	-0.694953471645535	0	1	No-PER3D	No-Essential3D
417	I	417	12.35	0.573	25.448	1.52	0.499533582089552	0.964152620849098	-0.6822467414782811	0	1	No-PER3D	No-Essential3D
418	Q	418	15.455	-0.894	27.035	1.52	0.499533582089552	1.0080682251953754	-0.6342204319781496	0	1	No-PER3D	No-Essential3D
419	R	419	15.367	1.643	29.83	0.03	0.585485854858549	0.8594578200875727	-0.6434715617383551	0	1	No-PER3D	No-Essential3D
420	Q	420	11.91	0.605	31.023	1.52	0.4940036900369	0.7911938771924371	-0.7214659885594066	0	1	No-PER3D	No-Essential3D
421	A	421	11.582	-2.968	29.874	0.77	0.490808823529412	1.0185577809763722	-0.6810632062817513	0	1	No-PER3D	No-Essential3D
422	I	422	14.773	-4.316	31.353	1.52	0.494444444444445	1.0526396358998908	-0.5317785846707133	0	1	No-PER3D	No-Essential3D
423	P	423	13.919	-3.655	34.993	1.52	0.496282527881041	0.6059093893326338	-0.1454407318541494	0	1	No-PER3D	No-Essential3D
424	I	424	10.484	-5.196	34.492	0.28	0.497676579925651	0.45422331067133503	-0.18202071758920751	0	1	No-PER3D	No-Essential3D
425	G	425	12.072	-8.261	32.924	0.53	0.441975308641975	0.5096386631806535	-0.1107246439038272	0	1	No-PER3D	No-Essential3D
426	L	426	14.416	-8.499	35.895	1.52	0.397777777777778	0.08466945114098083	0.061148651599572425	0	1	No-PER3D	No-Essential3D
427	Q	427	11.321	-8.891	38.059	0.03	0.397777777777778	-0.45956984981119553	0.3994752247795829	0	1	No-PER3D	No-Essential3D
428	N	428	10.279	-11.869	35.914	0.53	0.400746268656716	-0.40882483343292136	0.5878215753093686	0	1	No-PER3D	No-Essential3D
429	R	429	7.204	-9.945	34.826	1.52	0.404887218045113	-0.21728523601492647	0.49684905735147167	0	1	No-PER3D	No-Essential3D
430	D	430	5.485	-10.273	31.469	1.52	0.409090909090909	0.19940277351467414	0.3951921984499022	0	1	No-PER3D	No-Essential3D
431	I	431	5.619	-7.362	29.113	1.02	0.409090909090909	0.8359863311263279	-0.020160903741631087	0	1	No-PER3D	No-Essential3D
432	I	432	3.886	-5.99	26.108	1.27	0.407547169811321	0.8805913601483656	0.07170505149532794	0	1	No-PER3D	No-Essential3D
433	G	433	6.221	-3.58	24.449	1.27	0.510849056603774	1.0207365854138546	-0.05303476773083875	0	1	No-PER3D	No-Essential3D
434	V	434	4.829	-1.22	21.895	0.03	0.514204545454545	0.814289666330375	0.132576700282067	0	1	No-PER3D	No-Essential3D
435	A	435	7.616	-0.048	19.638	1.52	0.514204545454545	0.8837694986536716	0.10829345757516999	0	1	No-PER3D	No-Essential3D
436	E	436	8.829	-0.753	16.16	-0.22	0.457070707070707	1.2977220389697768	0.1946748160823962	0	1	No-PER3D	No-Essential3D
437	T	437	11.886	-2.584	14.968	1.52	0.514204545454545	1.1853521418178867	-0.37952312835725516	0	1	No-PER3D	No-Essential3D
438	G	438	15.002	-0.443	15.152	1.52	0.341856060606061	1.4323515173195447	-1.0291934077237208	0	1	No-PER3D	No-Essential3D
439	S	439	14.095	0.736	18.646	1.52	0.34280303030303	1.1741605540813447	-0.41069300089858035	0	1	No-PER3D	No-Essential3D
440	G	440	16.357	-1.757	20.41	1.52	0.340225563909774	1.0293892511054932	-0.8756651709052149	0	1	No-PER3D	No-Essential3D
441	K	441	13.632	-4.234	21.33	1.52	0.389903329752954	1.102427539538661	-0.4837449072056107	0	1	No-PER3D	No-Essential3D
442	T	442	15.961	-7.207	20.902	1.52	0.453183520599251	1.0123075448682695	-1.0396576506380042	0	1	No-PER3D	No-Essential3D
443	A	443	18.459	-6.199	23.546	0.53	0.451935081148564	0.82032023349417	-1.3113527742522615	0	1	No-PER3D	No-Essential3D
444	A	444	15.581	-5.191	25.761	0.77	0.449004975124378	1.1670778454123771	-0.8223221487075733	0	1	No-PER3D	No-Essential3D
445	F	445	14.391	-8.783	25.946	1.52	0.270943396226415	1.054495428360436	-0.7886298958630289	0	1	No-PER3D	No-Essential3D
446	L	446	17.833	-10.39	25.683	0.28	0.268913857677903	0.7453543688729324	-1.1903766715538844	0	1	No-PER3D	No-Essential3D
447	I	447	19.394	-8.707	28.701	1.27	0.22180916976456	0.6554259222947674	-0.560533247712924	0	1	No-PER3D	No-Essential3D
448	P	448	17.187	-10.07	31.454	1.52	0.38272921108742	0.469675769257627	-0.2320866560292004	0	1	No-PER3D	No-Essential3D
449	L	449	17.473	-13.512	29.922	1.02	0.385606874328679	0.4980323963177088	-0.6293908382233403	0	1	No-PER3D	No-Essential3D
450	L	450	21.249	-13.301	29.941	1.27	0.223684210526316	0.28696048933585416	-0.9720548654971691	0	1	No-PER3D	No-Essential3D
451	V	451	21.343	-12.153	33.507	0.77	0.386363636363636	0.11909928494846243	-0.3317560524380721	0	1	No-PER3D	No-Essential3D
452	W	452	19.148	-15.077	34.448	-1.21	0.386363636363636	-0.3236109947594045	-0.16458745862970772	0	1	No-PER3D	No-Essential3D
453	I	453	21.084	-17.742	32.593	-1.21	0.386363636363636	-0.3418569149282594	-0.4481108350458763	0	1	No-PER3D	No-Essential3D
454	T	454	24.576	-16.628	33.565	-1.21	0.387832699619772	-0.35401815920876706	-0.5310059798398903	0	1	No-PER3D	No-Essential3D
455	T	455	23.657	-16.223	37.236	-1.21	0.387832699619772	-0.8190317105106301	0.2845744190874702	0	1	No-PER3D	No-Essential3D
456	L	456	22.4	-19.777	37.617	-1.21	0.452471482889734	-1.360563810825447	-0.2337533857739335	0	1	No-PER3D	No-Essential3D
457	P	457	24.528	-21.877	39.953	-1.21	0.546564885496183	-1.728532659642906	-0.1557021794218406	0	1	No-PER3D	No-Essential3D
458	K	458	26.864	-24.228	38.169	-1.21	0.546564885496183	-1.617652514915378	-0.3127047691361085	0	1	No-PER3D	No-Essential3D
459	I	459	25.212	-27.142	39.833	-1.21	0.542965779467681	-1.4158974723017568	-0.11192312961275178	0	1	No-PER3D	No-Essential3D
460	D	460	21.901	-25.849	38.475	-1.21	0.545593869731801	-1.649166829505807	-0.17559984558188454	0	1	No-PER3D	No-Essential3D
461	R	461	23.263	-25.061	35.031	1.52	0.545593869731801	-1.1587964307176282	-0.5872866996592929	0	1	No-PER3D	No-Essential3D
462	I	462	24.313	-28.684	34.813	0.53	0.545593869731801	-1.1107718533038207	-0.563970444773115	0	1	No-PER3D	No-Essential3D
463	E	463	22.155	-31.001	32.752	-0.47	0.541984732824428	-0.5416256209760645	-0.69030521379903	0	1	No-PER3D	No-Essential3D
464	E	464	23.406	-34.259	31.301	0.03	0.539923954372624	-0.44504323003559676	-0.9163262603624055	0	1	No-PER3D	No-Essential3D
465	S	465	20.593	-34.761	28.841	0.28	0.383116883116883	-0.03993375692419048	-0.7944196320706822	0	1	No-PER3D	No-Essential3D
466	D	466	19.714	-32.191	26.193	-0.22	0.335551330798479	0.18609586631843192	-0.44225426126656936	0	1	No-PER3D	No-Essential3D
467	Q	467	16.517	-30.436	27.284	0.28	0.380952380952381	0.2818527667380409	-0.14375856615649416	0	1	No-PER3D	No-Essential3D
468	G	468	16.081	-27.871	24.54	0.53	0.334600760456274	0.36261863031596214	-0.117361917756826	0	1	No-PER3D	No-Essential3D
469	P	469	16.442	-24.141	25.004	1.52	0.380952380952381	0.48747508503286363	-0.2833631293470211	0	1	No-PER3D	No-Essential3D
470	Y	470	15.928	-21.866	27.97	0.28	0.377013963480129	0.09040775677556108	-0.11479058720799078	0	1	No-PER3D	No-Essential3D
471	A	471	14.266	-19.431	25.611	1.27	0.326208178438662	0.664378278907601	-0.19751712552061831	0	1	No-PER3D	No-Essential3D
472	I	472	12.437	-19.199	22.316	1.27	0.326208178438662	0.8585907204953735	0.14191348408705942	0	1	No-PER3D	No-Essential3D
473	I	473	12.199	-16.007	20.283	1.52	0.327137546468401	1.0775803532177692	-0.1999687934432566	0	1	No-PER3D	No-Essential3D
474	L	474	9.503	-16.119	17.63	1.27	0.328358208955224	1.1992123569660265	0.6167942325009655	0	1	No-PER3D	No-Essential3D
475	A	475	9.574	-13.793	14.623	0.53	0.439450686641698	1.3185914712002358	0.38102866783413525	0	1	No-PER3D	No-Essential3D
476	P	476	7.143	-13.547	11.755	1.52	0.439450686641698	1.330070948755927	0.9792896364771634	0	1	No-PER3D	No-Essential3D
477	T	477	9.693	-13.492	8.983	1.02	0.437810945273632	1.4079078257852287	0.36810351054343055	0	1	No-PER3D	No-Essential3D
478	R	478	12.972	-15.073	8.032	1.52	0.492537313432836	1.3113426325639452	-0.8767110541550737	0	1	No-PER3D	No-Essential3D
479	E	479	14.457	-11.651	7.501	1.52	0.293799417394923	1.085921808580456	-1.593580704465384	0	1	No-PER3D	No-Essential3D
480	L	480	13.575	-10.477	10.986	1.52	0.294903926482874	1.1105145470143718	-0.8311718794644353	0	1	No-PER3D	No-Essential3D
481	A	481	14.637	-13.741	12.576	1.52	0.401136363636364	1.13453567044685	-0.8443795882838632	0	1	No-PER3D	No-Essential3D
482	Q	482	18.073	-13.424	11.013	0.03	0.268441064638783	0.938365377976964	-1.6789782285200363	0	1	No-PER3D	No-Essential3D
483	Q	483	18.458	-9.911	12.322	1.52	0.268441064638783	0.9423704810933444	-1.5576982837397584	0	1	No-PER3D	No-Essential3D
484	I	484	17.603	-11.136	15.781	0.28	0.225190839694657	0.9572731903635974	-1.1955523080374433	0	1	No-PER3D	No-Essential3D
485	E	485	19.97	-14.059	15.509	0.28	0.22669220945083	0.7186798921784703	-1.7484834707350965	0	1	No-PER3D	No-Essential3D
486	E	486	22.909	-11.925	14.491	-0.47	0.225378787878788	0.48590370486280043	-2.2925700129451374	0	1	No-PER3D	No-Essential3D
487	E	487	22.349	-9.719	17.482	0.03	0.227099236641221	0.5699661562369113	-1.8842698417963695	0	1	No-PER3D	No-Essential3D
488	T	488	21.751	-12.636	19.795	0.03	0.227969348659004	0.5832980091774023	-1.951286891782263	0	1	No-PER3D	No-Essential3D
489	I	489	24.992	-14.246	18.694	-0.22	0.2264631043257	0.31658161895327974	-1.8720080168917144	0	1	No-PER3D	No-Essential3D
490	K	490	27.01	-11.12	19.332	0.03	0.207459207459207	0.3669814767015942	-1.7852672083082428	0	1	No-PER3D	No-Essential3D
491	F	491	25.626	-10.938	22.856	0.53	0.207256894049347	0.43144921867939856	-1.1733291368399799	0	1	No-PER3D	No-Essential3D
492	G	492	25.604	-14.65	23.577	0.77	0.207256894049347	0.20733504951135887	-1.7119607089213165	0	1	No-PER3D	No-Essential3D
493	K	493	28.964	-15.867	22.359	0.03	0.206477732793522	0.18475444422203655	-2.1028247073741606	0	1	No-PER3D	No-Essential3D
494	P	494	31.072	-13.895	24.758	0.03	0.206477732793522	0.1873031462051878	-1.1282847085184131	0	1	No-PER3D	No-Essential3D
495	L	495	28.879	-15.299	27.511	1.52	0.206477732793522	0.06440971900256486	-1.3086801891496693	0	1	No-PER3D	No-Essential3D
496	G	496	29.17	-18.843	26.234	-0.47	0.223684210526316	0.06257913170560418	-2.1012913247194156	0	1	No-PER3D	No-Essential3D
497	I	497	25.508	-18.888	25.305	1.02	0.241297735721528	0.22515900288415266	-1.9323222709333858	0	1	No-PER3D	No-Essential3D
498	R	498	24.534	-20.853	22.21	1.02	0.241297735721528	0.30468190680783686	-2.0356489318267244	0	1	No-PER3D	No-Essential3D
499	T	499	21.835	-19.788	19.777	0.77	0.263703703703704	0.47093053389492767	-1.974560128307085	0	1	No-PER3D	No-Essential3D
500	V	500	20.215	-21.779	16.972	0.77	0.263703703703704	0.5960722939590676	-1.661941573980309	0	1	No-PER3D	No-Essential3D
501	A	501	17.993	-20.496	14.203	0.53	0.263468634686347	0.8620851188519411	-1.350347707557344	0	1	No-PER3D	No-Essential3D
502	V	502	15.038	-22.581	13.092	0.77	0.292742927429274	0.9539642006407616	-0.6579189875688113	0	1	No-PER3D	No-Essential3D
503	I	503	13.841	-20.702	10.02	1.02	0.293562935629356	1.144904500705474	-0.8942559517454468	0	1	No-PER3D	No-Essential3D
504	G	504	13.102	-21.134	6.328	1.52	0.295473251028807	1.2214004720864038	-0.6617621948168289	0	1	No-PER3D	No-Essential3D
505	G	505	15.555	-20.381	3.557	1.52	0.296571664601404	0.9696628735207572	-1.4236297736713226	0	1	No-PER3D	No-Essential3D
506	I	506	18.085	-22.708	5.124	1.02	0.298507462686567	0.7390088741037192	-1.7883872427290726	0	1	No-PER3D	No-Essential3D
507	S	507	18.931	-26.311	4.323	0.53	0.300457761131918	0.5975100232828966	-1.966265347779576	0	1	No-PER3D	No-Essential3D
508	R	508	17.316	-28.943	6.482	-0.22	0.302422723475355	0.6807629146549723	-1.261221819218225	0	1	No-PER3D	No-Essential3D
509	E	509	20.639	-30.73	6.584	-0.47	0.301587301587302	0.46516325552622567	-2.1917792286722477	0	1	No-PER3D	No-Essential3D
510	D	510	22.37	-27.827	8.218	0.03	0.387755102040816	0.5355363224294297	-2.212541848346568	0	1	No-PER3D	No-Essential3D
511	Q	511	19.384	-27.046	10.346	1.52	0.387372926698769	0.703750653317411	-1.0336364902367907	0	1	No-PER3D	No-Essential3D
512	G	512	18.822	-30.646	11.362	0.53	0.195148247978437	0.36809185117937965	-1.002416203518908	0	1	No-PER3D	No-Essential3D
513	F	513	22.476	-30.905	12.255	0.03	0.228535353535354	0.27075450529094064	-1.7156921699226206	0	1	No-PER3D	No-Essential3D
514	R	514	22.59	-27.767	14.363	0.53	0.228535353535354	0.3846263365849489	-1.6344143627661105	0	1	No-PER3D	No-Essential3D
515	L	515	19.638	-28.981	16.373	1.27	0.340225563909774	0.4291168361153958	-0.838851698679201	0	1	No-PER3D	No-Essential3D
516	R	516	21.485	-32.063	17.5	0.77	0.338951310861423	0.114262713056459	-1.1865277402635936	0	1	No-PER3D	No-Essential3D
517	M	517	24.133	-30.039	19.319	0.03	0.337078651685393	0.4048434838949079	-1.6522044290621594	0	1	No-PER3D	No-Essential3D
518	G	518	21.97	-28.496	22.039	-0.22	0.339622641509434	0.22092493289269777	-1.1045659259321405	0	1	No-PER3D	No-Essential3D
519	C	519	21.431	-24.817	22.691	1.02	0.339622641509434	0.3832060073064126	-1.1380069075399157	0	1	No-PER3D	No-Essential3D
520	E	520	20.313	-22.122	25.137	0.28	0.340909090909091	0.3060860728409991	-1.0763125806296876	0	1	No-PER3D	No-Essential3D
521	I	521	18.273	-19.971	22.773	0.77	0.81203007518797	0.5436167936291448	-0.9843899671925594	0	1	No-PER3D	No-Essential3D
522	V	522	16.254	-20.755	19.695	0.77	0.81203007518797	0.7763215887324015	-0.6208973632015304	0	1	No-PER3D	No-Essential3D
523	I	523	15.16	-18.089	17.243	1.02	0.672284644194757	0.9733939915028363	-0.9045763990293374	0	1	No-PER3D	No-Essential3D
524	A	524	12.404	-19.225	14.914	1.52	0.674812030075188	1.279876539029269	-0.11663218373713267	0	1	No-PER3D	No-Essential3D
525	T	525	9.551	-18.494	12.523	1.52	0.671052631578947	1.3089479550316372	0.5264415648515106	0	1	No-PER3D	No-Essential3D
526	P	526	6.12	-19.912	13.267	1.52	0.671052631578947	1.259616806890853	1.431292576389102	0	1	No-PER3D	No-Essential3D
527	G	527	5.695	-22.246	10.327	1.52	0.841981132075472	1.2197063056609558	1.610044083760135	0	1	No-PER3D	No-Essential3D
528	R	528	9.127	-23.771	10.705	1.52	0.845170454545455	1.1364188981647627	0.44655607284788673	0	1	No-PER3D	No-Essential3D
529	L	529	8.871	-24.082	14.454	1.52	0.841165413533835	1.032660963629291	0.8243902489419099	0	1	No-PER3D	No-Essential3D
530	I	530	5.581	-25.896	14.492	1.02	0.841165413533835	0.824937321806602	1.9100600230686557	0	1	No-PER3D	No-Essential3D
531	D	531	6.712	-28.523	12.058	1.52	0.904040404040404	0.8359612151381401	1.5478511184439014	0	1	No-PER3D	No-Essential3D
532	V	532	9.842	-29.069	14.117	1.02	0.90314465408805	0.9413165065890339	0.8428825238669923	0	1	No-PER3D	No-Essential3D
533	L	533	7.828	-29.511	17.281	1.27	0.899749373433584	0.7596034948273256	1.716985561552199	0	1	No-PER3D	No-Essential3D
534	E	534	5.326	-31.727	15.536	0.28	0.896379525593009	0.7001782344712212	2.3670400986007625	0	1	No-PER3D	No-Essential3D
535	N	535	8.203	-33.974	14.468	0.28	0.896379525593009	0.5882350476449627	1.9368852864775377	0	1	No-PER3D	No-Essential3D
536	R	536	9.837	-33.803	17.891	0.03	0.88641975308642	0.5765242198192888	1.2995538194095742	0	1	No-PER3D	No-Essential3D
537	Y	537	13.054	-32.514	16.4	0.03	0.821886446886447	0.4935394921807435	0.12653854347829083	0	1	No-PER3D	No-Essential3D
538	L	538	13.029	-30.067	19.305	1.02	0.831018518518519	0.6149897850620796	0.33864296715843945	0	1	No-PER3D	No-Essential3D
539	V	539	11.307	-29.864	22.712	-0.47	0.824908088235294	0.5292763526462513	0.8913000310899735	0	1	No-PER3D	No-Essential3D
540	L	540	10.365	-27.008	25.102	1.52	0.824908088235294	0.3826514651652557	1.2030520257831652	0	1	No-PER3D	No-Essential3D
541	S	541	11.106	-28.853	28.367	0.03	0.830258302583026	0.1558622759919821	0.8092301373922879	0	1	No-PER3D	No-Essential3D
542	R	542	13.347	-26.16	30.006	-0.47	0.827205882352941	-0.12559846246899578	0.6235741739396431	0	1	No-PER3D	No-Essential3D
543	C	543	11.914	-23.085	28.264	1.02	0.945378151260504	0.05364808459012965	0.8523609521906689	0	1	No-PER3D	No-Essential3D
544	T	544	11.442	-20.324	30.844	0.28	0.942752100840336	-0.04857120652049248	0.5727493478434786	0	1	No-PER3D	No-Essential3D
545	Y	545	11.29	-17.425	28.396	0.53	0.936682365253794	0.31450908575461517	0.2243366882248324	0	1	No-PER3D	No-Essential3D
546	V	546	8.901	-16.854	25.503	1.02	0.933263816475495	0.7186987612872431	0.5760747371502991	0	1	No-PER3D	No-Essential3D
547	V	547	9.162	-13.968	23.06	0.77	0.936682365253794	1.1229953617695838	0.21934940007738468	0	1	No-PER3D	No-Essential3D
548	L	548	6.742	-12.948	20.335	1.02	0.930656934306569	1.2535459137460236	0.539570114830855	0	1	No-PER3D	No-Essential3D
549	D	549	8.263	-10.238	18.179	1.52	0.970108695652174	1.3211923395982468	0.19226883490815863	0	1	No-PER3D	No-Essential3D
550	E	550	6.081	-8.227	15.778	1.52	0.855436081242533	1.2922359665499035	0.578940131307262	0	1	No-PER3D	No-Essential3D
551	A	551	2.984	-10.114	16.858	1.52	0.858513189448441	1.0687068916767157	1.1073714498668872	0	1	No-PER3D	No-Essential3D
552	D	552	0.764	-7.892	14.743	1.52	0.74120082815735	1.0036181106216193	1.321962361075052	0	1	No-PER3D	No-Essential3D
553	R	553	2.687	-8.889	11.632	0.53	0.804856115107914	1.2509470166134589	1.3499830563062727	0	1	No-PER3D	No-Essential3D
554	M	554	2.371	-12.5	12.638	1.52	0.955516014234875	1.1902652845072115	1.6439446615754403	0	1	No-PER3D	No-Essential3D
555	I	555	-1.379	-12.024	12.812	1.27	1.09201830198271	1.0280059095685854	1.887168365176079	0	1	No-PER3D	No-Essential3D
556	D	556	-1.469	-10.291	9.458	0.28	1.09285714285714	1.1025746057485646	2.044010687203568	0	1	No-PER3D	No-Essential3D
557	M	557	0.353	-13.237	7.913	1.52	1.09285714285714	1.1559759806336383	2.3327592555967405	0	1	No-PER3D	No-Essential3D
558	G	558	-2.317	-15.648	9.114	1.52	1.06087470449173	1.047324152785753	2.65395230317389	0	1	No-PER3D	No-Essential3D
559	F	559	-0.058	-17.119	11.786	1.52	1.08732963149924	1.1091024478397793	2.046484265545006	0	1	No-PER3D	No-Essential3D
560	E	560	-2.521	-16.898	14.689	0.77	1.0796992481203	0.9207094878323393	2.088322821219626	0	1	No-PER3D	No-Essential3D
561	P	561	-3.486	-20.552	14.623	0.03	1.06918865107018	0.8353441609737982	2.556989955211375	0	1	No-PER3D	No-Essential3D
562	D	562	0.133	-21.634	14.262	0.53	1.04678362573099	1.0853206527520718	2.3205072209076416	0	1	No-PER3D	No-Essential3D
563	V	563	1.185	-19.457	17.149	1.02	1.04020979020979	1.0670993663351815	1.7762848617973006	0	1	No-PER3D	No-Essential3D
564	Q	564	-1.66	-20.915	19.146	0.03	0.890990542558487	0.8067348655730897	1.9674830400361185	0	1	No-PER3D	No-Essential3D
565	K	565	-0.56	-24.449	18.4	0.03	0.890990542558487	0.7515052799490868	2.1848301690079346	0	1	No-PER3D	No-Essential3D
566	I	566	3.029	-23.656	19.335	1.52	0.890376984126984	0.8854558578605687	1.8024044717339003	0	1	No-PER3D	No-Essential3D
567	L	567	1.912	-22.438	22.747	0.77	0.774221453287197	0.6604981745967624	1.6728842285249503	0	1	No-PER3D	No-Essential3D
568	E	568	0.226	-25.783	23.249	0.28	0.766267123287671	0.3134250637315413	2.1418993506892554	0	1	No-PER3D	No-Essential3D
569	H	569	3.675	-27.408	23.367	0.03	0.766267123287671	0.44700246406733424	2.3866988217736576	0	1	No-PER3D	No-Essential3D
570	M	570	4.931	-25.395	26.336	0.77	0.822988505747127	0.2952960088531187	1.4596416086990842	0	1	No-PER3D	No-Essential3D
571	P	571	4.687	-27.051	29.695	-0.22	0.863573883161512	-0.2577551544817268	2.0512910582720467	0	1	No-PER3D	No-Essential3D
572	V	572	1.631	-25.627	31.448	0.28	0.779708346261247	-0.47153631643940563	1.6596851753036395	0	1	No-PER3D	No-Essential3D
573	S	573	2.934	-25.902	34.984	0.28	0.780199252801993	-0.9825589547794418	1.8835906095229245	0	1	No-PER3D	No-Essential3D
574	N	574	5.519	-23.162	34.546	-1.21	0.783385579937304	-0.6136331591105687	1.668725562684598	0	1	No-PER3D	No-Essential3D
575	Q	575	3.008	-20.389	33.846	-1.21	0.792116973935156	-0.3547208088783075	1.156716094963444	0	1	No-PER3D	No-Essential3D
576	K	576	2.463	-17.717	36.45	-1.21	0.789891926255563	-0.8595043314761593	1.1948000821678695	0	1	No-PER3D	No-Essential3D
577	P	577	-0.73	-17.673	38.424	-1.21	0.789891926255563	-1.1410736203027523	1.2974034355639192	0	1	No-PER3D	No-Essential3D
578	D	578	-3.366	-15.252	37.276	-1.21	0.830985915492958	-1.053413451332388	0.8823279931686154	0	1	No-PER3D	No-Essential3D
579	T	579	-3.615	-13.136	40.385	-1.21	0.796780684104628	-1.7210933562666466	1.6178987328919792	0	1	No-PER3D	No-Essential3D
580	D	580	-2.464	-9.771	41.605	-1.21	0.768139661756683	-1.3126079708793121	1.1452448978594478	0	1	No-PER3D	No-Essential3D
581	E	581	0.716	-11.543	42.699	-1.21	0.832151300236407	-1.477133391002206	1.1600318538416816	0	1	No-PER3D	No-Essential3D
582	A	582	1.86	-11.77	39.09	-1.21	0.891590678824722	-0.9332825467779056	0.8301094936763654	0	1	No-PER3D	No-Essential3D
583	E	583	2.463	-8.014	39.218	-1.21	0.89795918367347	-0.6301594793381599	0.5257287739189215	0	1	No-PER3D	No-Essential3D
584	D	584	3.738	-7.842	42.824	-1.21	0.861103560750204	-0.9528162075911298	0.7901567025218579	0	1	No-PER3D	No-Essential3D
585	P	585	7.324	-6.699	42.603	-1.21	0.860509209100758	-0.7324313502047184	0.5820914678873783	0	1	No-PER3D	No-Essential3D
586	E	586	8.576	-8.211	45.83	-1.21	0.833922261484099	-1.2109952470773617	1.032418987929475	0	1	No-PER3D	No-Essential3D
587	K	587	7.114	-11.589	44.975	-1.21	0.869067103109656	-1.8124553795486422	1.4721193008045914	0	1	No-PER3D	No-Essential3D
588	M	588	8.103	-11.524	41.346	-1.21	0.865996194618103	-1.0479549728469053	0.947587415435847	0	1	No-PER3D	No-Essential3D
589	L	589	11.637	-10.434	42.027	-1.21	0.862348178137652	-1.1646416613019213	0.8630817681378451	0	1	No-PER3D	No-Essential3D
590	A	590	11.991	-13.202	44.56	-1.21	0.836277974087161	-1.615976965703397	1.3156133118805515	0	1	No-PER3D	No-Essential3D
591	N	591	10.786	-15.611	41.925	-1.21	0.815051020408163	-1.489039668506074	1.1955924754370415	0	1	No-PER3D	No-Essential3D
592	F	592	13.247	-14.28	39.334	-1.21	0.760714285714286	-0.9273217354146377	0.5795539437286441	0	1	No-PER3D	No-Essential3D
593	E	593	16.047	-14.863	41.835	-1.21	0.760714285714286	-1.5189032113576562	0.5191538171529628	0	1	No-PER3D	No-Essential3D
594	S	594	14.705	-18.367	42.455	-1.21	0.761290322580645	-1.7631362464936708	0.6141805017474516	0	1	No-PER3D	No-Essential3D
595	G	595	16.916	-19.37	39.563	-1.21	0.766787003610108	-1.3792542920352227	0.2681627561792591	0	1	No-PER3D	No-Essential3D
596	K	596	16.04	-22.57	37.768	-1.21	0.726136363636364	-1.4638533122478918	0.6306099850606052	0	1	No-PER3D	No-Essential3D
597	H	597	12.58	-22.863	39.319	-1.21	0.730839416058394	-1.307784010648044	0.9889837389704289	0	1	No-PER3D	No-Essential3D
598	K	598	11.078	-19.498	38.427	-1.21	0.776727272727273	-1.2134684940675908	1.0575763262517826	0	1	No-PER3D	No-Essential3D
599	Y	599	7.828	-19.002	36.562	-1.21	0.728181818181818	-0.9723308778727449	1.4055635810636462	0	1	No-PER3D	No-Essential3D
600	R	600	8.164	-18.548	32.833	0.03	0.724090909090909	-0.39612811731122555	0.9083780629781696	0	1	No-PER3D	No-Essential3D
601	Q	601	8.088	-15.009	31.514	1.52	0.691575091575092	-0.004848116758471176	0.3956118887443771	0	1	No-PER3D	No-Essential3D
602	T	602	6.644	-13.939	28.225	1.52	0.611316113161132	0.6686724654966717	0.210278237547149	0	1	No-PER3D	No-Essential3D
603	V	603	7.289	-10.817	26.19	1.02	0.657992565055762	0.9992402543472131	-0.08062921459505122	0	1	No-PER3D	No-Essential3D
604	M	604	5.242	-9.612	23.266	1.02	0.662313432835821	1.0260138977554383	0.22530963021663664	0	1	No-PER3D	No-Essential3D
605	F	605	6.382	-6.836	20.977	0.53	0.667293233082707	1.144432450348331	0.13691256414933478	0	1	No-PER3D	No-Essential3D
606	T	606	3.947	-5.22	18.577	1.02	0.667293233082707	0.8834006075771631	0.6856186185959934	0	1	No-PER3D	No-Essential3D
607	A	607	3.196	-1.934	16.849	1.52	0.716477987421384	0.8795272512738213	0.697759053228908	0	1	No-PER3D	No-Essential3D
608	T	608	-0.575	-2.284	17.176	1.52	0.717171717171717	0.5658673664979254	0.8070075752243937	0	1	No-PER3D	No-Essential3D
609	M	609	-3.212	-4.054	19.254	1.02	0.677480916030534	0.5211590291911407	0.5941613919821632	0	1	No-PER3D	No-Essential3D
610	P	610	-5.968	-5.4	17.097	1.52	0.674904942965779	0.6805486766432067	0.7169962151571114	0	1	No-PER3D	No-Essential3D
611	P	611	-8.266	-7.933	18.649	-0.22	0.674904942965779	0.5804180700713253	0.7851667545968352	0	1	No-PER3D	No-Essential3D
612	A	612	-6.281	-10.927	17.428	-0.22	0.68007662835249	0.8095696935502013	1.6961706028167276	0	1	No-PER3D	No-Essential3D
613	V	613	-3.199	-9.56	19.131	1.02	0.548262548262548	0.7182792864845241	1.293187584015285	0	1	No-PER3D	No-Essential3D
614	E	614	-5.215	-9.087	22.288	0.77	0.623025623025623	0.6520005051557577	0.4726109859018921	0	1	No-PER3D	No-Essential3D
615	R	615	-6.297	-12.711	22.02	0.53	0.622377622377622	0.6128277860788782	1.079935353265644	0	1	No-PER3D	No-Essential3D
616	L	616	-2.697	-13.787	21.89	0.77	0.493605254061528	0.7910197422743338	1.3798339128186448	0	1	No-PER3D	No-Essential3D
617	A	617	-1.919	-11.656	24.909	1.52	0.565589353612167	0.7800584074295027	0.5815318290075432	0	1	No-PER3D	No-Essential3D
618	R	618	-4.771	-13.093	26.924	0.03	0.497387669801463	0.491269393248382	0.09319532105962658	0	1	No-PER3D	No-Essential3D
619	S	619	-3.497	-16.604	26.324	0.77	0.500699300699301	0.23928841175626434	0.9386926989980525	0	1	No-PER3D	No-Essential3D
620	Y	620	0.262	-16.069	26.446	0.03	0.500174155346569	0.4509904757052666	0.9781537687627206	0	1	No-PER3D	No-Essential3D
621	L	621	0.604	-13.437	29.147	1.52	0.455470737913486	0.2137037832482991	0.5879544957573682	0	1	No-PER3D	No-Essential3D
622	R	622	-0.289	-12.989	32.787	-0.47	0.496877168632894	-0.22871919019630568	0.45272444157766795	0	1	No-PER3D	No-Essential3D
623	R	623	-0.925	-9.425	34.002	0.28	0.546564885496183	-0.2419016213127206	0.3490722824344822	0	1	No-PER3D	No-Essential3D
624	P	624	1.686	-7.965	31.708	1.52	0.542424242424243	0.11158150474427368	0.03933778016648287	0	1	No-PER3D	No-Essential3D
625	A	625	3.039	-4.462	32.086	0.77	0.548659003831418	0.3955292906009998	-0.28383251182862634	0	1	No-PER3D	No-Essential3D
626	V	626	2.789	-2.316	29.007	-0.22	0.607294317217981	0.5722614784907434	-0.30961100567299543	0	1	No-PER3D	No-Essential3D
627	V	627	5.717	-0.25	27.807	1.02	0.684615384615385	0.795297122137661	-0.5635230595231869	0	1	No-PER3D	No-Essential3D
628	Y	628	4.844	2.204	25.08	0.03	0.68007662835249	0.5945588946708268	-0.26213908171478617	0	1	No-PER3D	No-Essential3D
629	I	629	7.436	4.436	23.482	0.28	0.681467181467182	0.5899477562144675	-0.35212615714729656	0	1	No-PER3D	No-Essential3D
630	G	630	6.774	7.653	21.592	1.52	0.782657031684269	0.489583034041485	-0.09674635730903762	0	1	No-PER3D	No-Essential3D
631	S	631	3.796	9.764	20.534	0.03	0.850290697674419	0.1768215514795604	-0.15206772233533455	0	1	No-PER3D	No-Essential3D
632	A	632	4.674	12.624	22.844	0.03	0.752895752895753	0.3974235033845609	-0.25992634275170073	0	1	No-PER3D	No-Essential3D
633	G	633	2.834	14.867	20.392	0.53	0.841346153846154	0.4079000099574088	0.2296285946739212	0	1	No-PER3D	No-Essential3D
634	K	634	-0.105	12.523	19.924	-0.22	0.891443167305236	0.5670828696619005	-0.4905710318415815	0	1	No-PER3D	No-Essential3D
635	P	635	-1.919	11.731	23.123	0.53	0.945945945945946	0.5011064886219482	-0.7191990591328712	0	1	No-PER3D	No-Essential3D
636	H	636	-4.51	9.536	21.435	-0.47	0.949612403100775	0.49744617406434216	-0.6503886592727063	0	1	No-PER3D	No-Essential3D
637	E	637	-1.966	6.878	20.552	-0.47	0.85995085995086	0.3130052730328115	0.1980171721461787	0	1	No-PER3D	No-Essential3D
638	R	638	-0.649	6.806	24.132	0.28	0.807692307692308	0.4328883707052611	-0.39325646396220604	0	1	No-PER3D	No-Essential3D
639	V	639	-3.747	7.271	26.255	1.52	0.808494208494209	0.42501366264406876	-0.6652636001024376	0	1	No-PER3D	No-Essential3D
640	E	640	-6.184	4.492	27.045	-0.22	0.809302325581395	0.4209227228443915	-0.6192770629155493	0	1	No-PER3D	No-Essential3D
641	Q	641	-9.598	5.461	25.717	1.52	0.808494208494209	0.4862308809838725	-0.6148249645258932	0	1	No-PER3D	No-Essential3D
642	K	642	-12.997	3.99	26.525	-0.22	0.808494208494209	0.6110504957382757	-0.3670041870942378	0	1	No-PER3D	No-Essential3D
643	V	643	-16.398	4.985	25.196	1.02	0.726578764746704	0.8019810771191644	-0.3969152134799058	0	1	No-PER3D	No-Essential3D
644	F	644	-19.975	4.366	26.226	-0.22	0.767543859649123	0.946150251729493	-0.11541925903829502	0	1	No-PER3D	No-Essential3D
645	L	645	-22.83	5.016	23.847	0.53	0.717703349282297	0.5232399532124721	-0.23153613943968265	0	1	No-PER3D	No-Essential3D
646	M	646	-25.916	6.225	25.586	0.77	0.767543859649123	0.6311528894604927	-0.06256529857895893	0	1	No-PER3D	No-Essential3D
647	S	647	-28.74	8.685	25.623	-0.22	0.834184542049711	0.42991698262903516	-0.03759174009276017	0	1	No-PER3D	No-Essential3D
648	E	648	-28.148	12.042	27.236	1.02	0.783582089552239	0.5622370098719663	-0.11708973183715767	0	1	No-PER3D	No-Essential3D
649	S	649	-30.435	11.235	30.147	-0.22	0.713754646840149	0.6544494459157736	0.1855807333730441	0	1	No-PER3D	No-Essential3D
650	E	650	-28.229	8.251	31.01	-0.22	0.711111111111111	0.5448556759412292	0.4885705881285784	0	1	No-PER3D	No-Essential3D
651	K	651	-25.044	10.223	31.63	1.52	0.711111111111111	0.7442232742829403	-0.06697582626472949	0	1	No-PER3D	No-Essential3D
652	R	652	-25.468	11.15	35.288	0.28	0.776470588235294	0.5688731456398484	-0.06643358376618363	0	1	No-PER3D	No-Essential3D
653	K	653	-26.143	7.619	36.491	0.03	0.714285714285714	0.4041408342253675	0.47656934370486875	0	1	No-PER3D	No-Essential3D
654	K	654	-23.265	6.227	34.455	0.53	0.709651257096513	0.5213482041021709	0.40766583333256456	0	1	No-PER3D	No-Essential3D
655	L	655	-20.913	8.796	35.911	1.52	0.709651257096513	0.5520805282849729	-0.18680505297948988	0	1	No-PER3D	No-Essential3D
656	L	656	-21.982	7.882	39.428	0.77	0.709651257096513	0.3529352395576079	-0.07865573952108959	0	1	No-PER3D	No-Essential3D
657	A	657	-21.505	4.199	38.791	-0.22	0.71021571021571	0.1823845985184047	0.7451408975470265	0	1	No-PER3D	No-Essential3D
658	I	658	-18.016	4.91	37.547	0.77	0.709651257096513	0.527837726050117	-0.1591654773916799	0	1	No-PER3D	No-Essential3D
659	L	659	-17.179	7.127	40.509	1.52	0.709651257096513	0.5167101571455359	-0.44918366274671967	0	1	No-PER3D	No-Essential3D
660	E	660	-18.512	4.529	42.915	-1.21	0.707623682076237	0.21552331355810572	0.13074237160032404	0	1	No-PER3D	No-Essential3D
661	Q	661	-15.934	2.124	41.595	0.53	0.641025641025641	0.08615992013697571	0.6052538821951973	0	1	No-PER3D	No-Essential3D
662	G	662	-13.343	4.448	43.086	-0.22	0.512820512820513	0.39289843951272047	-0.30729355087083593	0	1	No-PER3D	No-Essential3D
663	F	663	-10.59	6.475	41.493	0.28	0.516176470588235	0.5964033500533703	-0.6651140902005723	0	1	No-PER3D	No-Essential3D
664	D	664	-7.176	8.056	41.952	-0.47	0.470982891647098	0.5290438394828761	-0.8701941423840278	0	1	No-PER3D	No-Essential3D
665	P	665	-7.698	11.729	42.616	1.52	0.388888888888889	0.5232399532124721	-0.8220302286726907	0	1	No-PER3D	No-Essential3D
666	P	666	-7.543	14.119	41.151	1.52	0.286182861828618	0.6027133289936512	-0.8910780392901404	0	1	No-PER3D	No-Essential3D
667	I	667	-9.62	13.44	38.06	1.02	0.286182861828618	0.8375122734319257	-1.2191566793579083	0	1	No-PER3D	No-Essential3D
668	I	668	-11.095	15.811	35.518	1.27	0.428571428571429	0.8859828451127241	-1.3014006505723124	0	1	No-PER3D	No-Essential3D
669	I	669	-14.584	15.781	34.059	1.02	0.428921568627451	1.0041755460261215	-1.3291475389424974	0	1	No-PER3D	No-Essential3D
670	F	670	-15.152	17.868	30.959	1.52	0.382608695652174	1.029208815252853	-1.4606442414697896	0	1	No-PER3D	No-Essential3D
671	V	671	-18.441	19.408	29.875	0.77	0.385090909090909	0.9502475537045083	-1.3574475945619076	0	1	No-PER3D	No-Essential3D
672	N	672	-19.358	21.549	26.877	0.53	0.466776859504132	0.8708455905939176	-1.4996506572606576	0	1	No-PER3D	No-Essential3D
673	Q	673	-21.2	24.426	28.539	0.03	0.468480424684804	0.8872124820344197	-1.1590301858547216	0	1	No-PER3D	No-Essential3D
674	K	674	-20.321	26.471	31.591	1.52	0.520588235294118	0.8146104411795132	-0.9254264423203901	0	1	No-PER3D	No-Essential3D
675	K	675	-23.728	26.042	33.127	-0.22	0.472860472860473	0.719162102735998	-1.0874421567964108	0	1	No-PER3D	No-Essential3D
676	G	676	-23.28	22.311	32.832	0.03	0.431873479318735	0.7648636083256909	-1.0366959506209081	0	1	No-PER3D	No-Essential3D
677	C	677	-20.067	22.662	34.741	0.77	0.352355673523557	0.8475747742056384	-1.0133105945535175	0	1	No-PER3D	No-Essential3D
678	D	678	-21.799	24.362	37.645	1.52	0.320909090909091	0.7573979555868235	-1.1203475663905151	0	1	No-PER3D	No-Essential3D
679	V	679	-24.812	22.064	37.82	0.53	0.322080291970803	0.48523299381460283	-1.1733961878763404	0	1	No-PER3D	No-Essential3D
680	L	680	-22.882	18.852	37.457	1.27	0.394965034965035	0.6880113007197051	-0.8510023101428367	0	1	No-PER3D	No-Essential3D
681	A	681	-20.51	19.996	40.148	-0.47	0.366753246753247	0.749083267830595	-0.9458518535716995	0	1	No-PER3D	No-Essential3D
682	K	682	-23.299	20.64	42.607	0.53	0.366753246753247	0.45236815245291584	-1.342088321855823	0	1	No-PER3D	No-Essential3D
683	S	683	-24.767	17.191	42.17	0.03	0.368393511250654	0.46913592865785814	-1.0064465438006258	0	1	No-PER3D	No-Essential3D
684	L	684	-21.451	15.566	42.963	1.02	0.368697478991597	0.5294305390941128	-0.7074601438768747	0	1	No-PER3D	No-Essential3D
685	E	685	-21.092	17.617	46.119	0.03	0.368697478991597	0.5690718748393143	-1.0796983152667818	0	1	No-PER3D	No-Essential3D
686	K	686	-24.562	16.39	46.952	0.28	0.403262867647059	0.30050000796815257	-1.347979726441902	0	1	No-PER3D	No-Essential3D
687	M	687	-23.279	12.867	46.427	0.28	0.402113970588235	0.21790169023559622	-0.5042797278025523	0	1	No-PER3D	No-Essential3D
688	G	688	-20.569	13.64	48.918	1.52	0.40359778597786	0.26646283132894366	-0.7116311244075129	0	1	No-PER3D	No-Essential3D
689	Y	689	-17.748	14.367	46.513	0.28	0.402113970588235	0.46066509653062065	-0.8288266280303473	0	1	No-PER3D	No-Essential3D
690	N	690	-15.196	17.161	46.743	0.03	0.40359778597786	0.6240701807915251	-0.8535489994833447	0	1	No-PER3D	No-Essential3D
691	A	691	-15.595	19.045	43.502	0.77	0.380174291938998	0.7290460414208668	-0.9905919240539038	0	1	No-PER3D	No-Essential3D
692	C	692	-13.981	22.161	42.091	0.77	0.380174291938998	0.6587287842588572	-0.7494860427264907	0	1	No-PER3D	No-Essential3D
693	T	693	-15.434	24.141	39.226	0.53	0.406949626865672	0.7006589947714331	-0.7365713318557583	0	1	No-PER3D	No-Essential3D
694	L	694	-13.546	25.777	36.451	1.27	0.491573033707865	0.7546576218756159	-0.7106208957665554	0	1	No-PER3D	No-Essential3D
695	H	695	-14.792	29.3	36.149	1.52	0.52434456928839	0.6473936165965933	-0.5570885398966514	0	1	No-PER3D	No-Essential3D
696	G	696	-14.107	32.631	37.754	0.77	0.523880597014925	0.7709239617254772	-0.49767830016671316	0	1	No-PER3D	No-Essential3D
697	G	697	-16.548	35.117	39.14	-0.22	0.521933085501859	0.818576384768856	-0.35856480460161805	0	1	No-PER3D	No-Essential3D
698	K	698	-17.642	33.436	42.319	1.52	0.523880597014925	0.8874016569454499	-0.5776614919611217	0	1	No-PER3D	No-Essential3D
699	G	699	-14.966	33.125	44.925	0.03	0.527819548872181	0.5965263137455399	-0.42515928718814355	0	1	No-PER3D	No-Essential3D
700	Q	700	-12.482	35.708	46.02	1.52	0.527819548872181	0.5355363224294297	-0.23866030094034552	0	1	No-PER3D	No-Essential3D
701	E	701	-9.935	33.024	45.409	0.03	0.567132116004296	0.49913906954723486	-0.23628908670267282	0	1	No-PER3D	No-Essential3D
702	Q	702	-8.508	32.687	41.956	0.77	0.612935323383085	0.567651545560778	-0.4079838225977334	0	1	No-PER3D	No-Essential3D
703	R	703	-8.088	29.708	39.681	1.52	0.56661316211878	0.718069092138935	-0.37305286582067754	0	1	No-PER3D	No-Essential3D
704	E	704	-4.723	28.817	41.13	0.03	0.56661316211878	0.6187044924059437	-0.3434158629299089	0	1	No-PER3D	No-Essential3D
705	F	705	-6.557	28.084	44.335	-0.22	0.526865671641791	0.38529704763314665	-0.20561821389228174	0	1	No-PER3D	No-Essential3D
706	A	706	-8.501	25.238	42.776	0.53	0.509939498703544	0.6135304357484185	-0.3369860594142062	0	1	No-PER3D	No-Essential3D
707	L	707	-5.371	23.468	41.582	1.27	0.556077694235589	0.6210322542791004	-0.4649922009517578	0	1	No-PER3D	No-Essential3D
708	S	708	-3.635	23.733	44.919	-0.22	0.517191142191142	0.45169744140471807	-0.19743289945601322	0	1	No-PER3D	No-Essential3D
709	N	709	-6.367	21.852	46.717	0.53	0.556077694235589	0.43991975539836675	-0.39023923609364886	0	1	No-PER3D	No-Essential3D
710	L	710	-6.461	19.246	43.988	0.77	0.617113223854797	0.510451729226836	-0.5967487284657275	0	1	No-PER3D	No-Essential3D
711	K	711	-2.709	18.925	44.193	0.03	0.608339029391661	0.45408517273630195	-0.48862877240111613	0	1	No-PER3D	No-Essential3D
712	A	712	-3.036	18.875	47.965	-0.22	0.664179104477612	0.37715908691501454	-0.16728691830856365	0	1	No-PER3D	No-Essential3D
713	G	713	-5.683	16.19	47.865	1.52	0.668539325842697	0.45613690977135996	-0.4721266534998199	0	1	No-PER3D	No-Essential3D
714	A	714	-8.366	18.423	49.275	-0.47	0.668539325842697	0.4617581071276835	-0.36823122165451366	0	1	No-PER3D	No-Essential3D
715	K	715	-10.526	18.334	46.167	0.53	0.658671586715867	0.4907605779704389	-0.6889104045223751	0	1	No-PER3D	No-Essential3D
716	D	716	-10.783	15.094	44.23	1.02	0.603244339303819	0.5089761649208011	-0.7605938406395101	0	1	No-PER3D	No-Essential3D
717	I	717	-12.753	16.128	41.163	1.02	0.589838909541512	0.7003676522255261	-0.9115793114502881	0	1	No-PER3D	No-Essential3D
718	L	718	-12.335	19.026	38.791	1.02	0.526470588235294	0.8350444815692843	-0.9636775012080228	0	1	No-PER3D	No-Essential3D
719	V	719	-15.234	19.882	36.529	1.52	0.479033881247903	0.8219882627096877	-0.9988244278587691	0	1	No-PER3D	No-Essential3D
720	A	720	-14.399	22.055	33.583	0.77	0.544871794871795	0.9468498727366647	-0.9995662780348277	0	1	No-PER3D	No-Essential3D
721	T	721	-15.108	23.231	30.042	1.52	0.542424242424242	0.9363314920416184	-1.2768350947885367	0	1	No-PER3D	No-Essential3D
722	D	722	-12.74	23.318	27.057	0.03	0.545924574209246	1.10526809614847	-1.5535635176437135	0	1	No-PER3D	No-Essential3D
723	V	723	-11.453	26.692	28.159	1.52	0.595554080955541	1.0544431033850448	-0.9349301219683067	0	1	No-PER3D	No-Essential3D
724	A	724	-10.258	25.034	31.28	0.53	0.588620013080445	1.0415680814990536	-0.8843442281979381	0	1	No-PER3D	No-Essential3D
725	G	725	-7.393	22.701	30.645	0.77	0.519424460431655	1.1765870376068246	-1.317890116594715	0	1	No-PER3D	No-Essential3D
726	R	726	-6.28	25.194	28.077	1.02	0.51985559566787	1.2511850108563678	-1.452079204880185	0	1	No-PER3D	No-Essential3D
727	G	727	-4.038	28.032	29.06	1.52	0.516129032258065	1.1847846170847962	-0.4436771761978548	0	1	No-PER3D	No-Essential3D
728	I	728	-4.21	26.514	32.492	1.27	0.514695340501792	1.067442122271543	-0.6850590552404678	0	1	No-PER3D	No-Essential3D
729	D	729	-1.522	24.283	33.881	1.52	0.512857142857143	0.8837694986536716	-0.8751782342383992	0	1	No-PER3D	No-Essential3D
730	I	730	-2.369	21.19	35.886	0.77	0.427380952380952	0.8448960114188206	-1.1534369395239377	0	1	No-PER3D	No-Essential3D
731	Q	731	-0.813	17.954	37.147	0.03	0.427380952380952	0.6703045290472862	-1.381212343379992	0	1	No-PER3D	No-Essential3D
732	D	732	-1.083	14.64	35.348	0.03	0.428571428571429	0.6544494459157736	-1.9260471720083163	0	1	No-PER3D	No-Essential3D
733	V	733	-4.342	12.849	36.117	1.02	0.321428571428571	0.9304439274919343	-1.5309624101947485	0	1	No-PER3D	No-Essential3D
734	S	734	-5.23	9.215	36.283	0.28	0.321428571428571	0.7946280549890912	-1.620625776397777	0	1	No-PER3D	No-Essential3D
735	M	735	-8.566	9.74	34.605	0.03	0.321428571428571	0.8877800067675101	-1.2524750009678633	0	1	No-PER3D	No-Essential3D
736	V	736	-10.362	12.169	32.344	1.52	0.369989722507708	1.099939669487788	-1.2616907133506787	0	1	No-PER3D	No-Essential3D
737	V	737	-14.074	11.833	31.76	1.02	0.374348279457768	1.0617162749644367	-1.0294455962479547	0	1	No-PER3D	No-Essential3D
738	N	738	-15.708	13.426	28.781	1.52	0.375719518576661	1.0103997445533959	-1.276751571972418	0	1	No-PER3D	No-Essential3D
739	Y	739	-19.171	13.757	30.243	1.02	0.43956043956044	0.7998262847992406	-0.6608235850284914	0	1	No-PER3D	No-Essential3D
740	D	740	-19.979	15.697	27.121	1.52	0.374348279457768	0.7594941937676192	-1.0071572600956977	0	1	No-PER3D	No-Essential3D
741	M	741	-18.065	14.737	24.014	1.52	0.216787439613527	0.8378554279217012	-1.565372657542603	0	1	No-PER3D	No-Essential3D
742	A	742	-16.051	17.526	22.441	0.53	0.216787439613527	0.9118052204683353	-1.9224847806448708	0	1	No-PER3D	No-Essential3D
743	K	743	-17.363	19.146	19.265	-0.22	0.187174139728884	0.7315755802312125	-2.0065647587520625	0	1	No-PER3D	No-Essential3D
744	N	744	-14.082	18.656	17.448	0.28	0.145579886455799	0.5415478807132758	-1.5071408179973769	0	1	No-PER3D	No-Essential3D
745	I	745	-11.36	16.039	17.698	1.02	0.145050505050505	0.43415077495025595	-1.0611446245880782	0	1	No-PER3D	No-Essential3D
746	E	746	-8.622	18.54	18.416	1.02	0.145050505050505	0.644728081076014	-1.1631152887125067	0	1	No-PER3D	No-Essential3D
747	D	747	-10.366	19.632	21.616	0.53	0.162003610108303	0.9786816027257245	-1.438077077179545	0	1	No-PER3D	No-Essential3D
748	Y	748	-10.853	15.981	22.48	1.52	0.162003610108303	0.9594911401145858	-1.2666164502964752	0	1	No-PER3D	No-Essential3D
749	I	749	-7.154	15.298	21.999	1.02	0.32518115942029	0.7844905053450657	-1.0419994085432636	0	1	No-PER3D	No-Essential3D
750	H	750	-6.215	18.194	24.228	1.52	0.371948051948052	1.063609487710413	-1.2094039972131232	0	1	No-PER3D	No-Essential3D
751	R	751	-8.52	16.945	26.968	0.77	0.185454545454545	0.9655579201881788	-1.4608895239694757	0	1	No-PER3D	No-Essential3D
752	I	752	-7.277	13.373	27.077	1.52	0.185300207039337	0.814289666330375	-1.2505247198461802	0	1	No-PER3D	No-Essential3D
753	G	753	-3.738	14.758	26.983	1.52	0.186652763295099	0.7364941279179955	-0.9927556721623981	0	1	No-PER3D	No-Essential3D
754	R	754	-4.351	15.759	30.595	1.52	0.186652763295099	0.8818020795789586	-1.2921692332430237	0	1	No-PER3D	No-Essential3D
755	T	755	-3.511	12.235	31.676	0.53	0.186652763295099	0.8015067885922247	-1.3706027237688865	0	1	No-PER3D	No-Essential3D
756	G	756	0.072	13.376	31.161	1.52	0.187336473050759	0.514947053042896	-1.224948738675498	0	1	No-PER3D	No-Essential3D
757	R	757	2.754	13.574	28.515	1.52	0.163003663003663	0.4160516030139189	-1.067290764691802	0	1	No-PER3D	No-Essential3D
758	A	758	4.195	10.239	29.63	0.03	0.235567352355674	0.2348900950748141	-0.8725108064321208	0	1	No-PER3D	No-Essential3D
759	G	759	4.291	7.79	32.513	1.52	0.327490774907749	0.35365698296816844	-1.2604923073595125	0	1	No-PER3D	No-Essential3D
760	K	760	1.067	6.063	33.484	0.28	0.302036199095023	0.24702466995996963	-1.3347562429276056	0	1	No-PER3D	No-Essential3D
761	S	761	-1.178	5.93	30.453	1.02	0.280706378492356	0.44465497539864235	-0.7916140080203108	0	1	No-PER3D	No-Essential3D
762	G	762	-4.234	6.945	32.453	1.52	0.33115671641791	0.6281279826331212	-1.1623043208365431	0	1	No-PER3D	No-Essential3D
763	V	763	-7.734	6.574	31.094	0.28	0.310518259348349	0.5877485978737423	-0.9945976389443388	0	1	No-PER3D	No-Essential3D
764	A	764	-10.152	8.75	29.204	1.52	0.296296296296296	0.9110674383153177	-1.1099770628648422	0	1	No-PER3D	No-Essential3D
765	I	765	-13.798	7.767	29.298	0.28	0.296574770258981	1.055573040015792	-0.8651927213830986	0	1	No-PER3D	No-Essential3D
766	T	766	-16.179	9.36	26.853	1.52	0.279913266311847	1.0150947218907798	-0.8992303446182024	0	1	No-PER3D	No-Essential3D
767	F	767	-19.952	9.41	26.878	1.52	0.281757024139296	0.8151169277834154	-0.41141363751574933	0	1	No-PER3D	No-Essential3D
768	L	768	-21.238	9.431	23.315	1.27	0.283891547049442	0.4414192477742292	-0.5253005435383471	0	1	No-PER3D	No-Essential3D
769	T	769	-24.745	10.364	22.253	1.27	0.28548644338118	0.4740544763446413	-0.6221008385304903	0	1	No-PER3D	No-Essential3D
770	K	770	-26.524	10.782	18.926	0.28	0.2865719431659	0.3841305936362811	-0.3961760542725803	0	1	No-PER3D	No-Essential3D
771	E	771	-25.807	14.486	19.081	-0.22	0.302798982188295	0.4679710094688833	-1.2137373626784724	0	1	No-PER3D	No-Essential3D
772	D	772	-22.107	13.578	18.752	0.53	0.302798982188295	0.6359698929369682	-1.0764722026764428	0	1	No-PER3D	No-Essential3D
773	S	773	-22.416	11.829	15.372	-0.22	0.303959131545338	0.1434578068258643	-0.661321479114003	0	1	No-PER3D	No-Essential3D
774	A	774	-20.276	14.411	13.56	-0.22	0.3019508057676	0.135494443904406	-0.8885356524348481	0	1	No-PER3D	No-Essential3D
775	V	775	-17.239	13.444	15.669	1.02	0.401171963038089	0.28772831691591755	-1.1721871386910498	0	1	No-PER3D	No-Essential3D
776	F	776	-17.722	9.664	15.407	0.77	0.401171963038089	0.3341217946556627	-0.7425495243156837	0	1	No-PER3D	No-Essential3D
777	Y	777	-15.499	9.104	12.377	0.77	0.450757575757576	0.024885675090915087	-0.14867346721275526	0	1	No-PER3D	No-Essential3D
778	E	778	-12.558	10.99	13.837	1.02	0.522712524334848	0.14115822608918652	-0.7059029869920745	0	1	No-PER3D	No-Essential3D
779	L	779	-13.124	9.564	17.291	1.27	0.500932835820896	0.3021288776566327	-0.6203912243262129	0	1	No-PER3D	No-Essential3D
780	K	780	-13.052	6.115	15.756	0.03	0.461191626409018	0.26235752523107225	-0.0011232977532528426	0	1	No-PER3D	No-Essential3D
781	Q	781	-9.75	6.932	14.128	-0.22	0.464199127202198	0.2562721148798572	-0.009444198832424396	0	1	No-PER3D	No-Essential3D
782	A	782	-8.294	8.275	17.333	-0.47	0.522712524334848	0.32177889863626247	-0.0972432064736461	0	1	No-PER3D	No-Essential3D
783	I	783	-9.026	4.996	19.093	1.02	0.497222222222222	0.4564882346061302	0.04699508139858653	0	1	No-PER3D	No-Essential3D
784	L	784	-8.068	2.661	16.28	0.28	0.515482111342853	0.30704742534341584	0.4520393575935128	0	1	No-PER3D	No-Essential3D
785	E	785	-4.705	4.446	16.242	0.03	0.515482111342853	0.2129474362135189	0.6671882258100925	0	1	No-PER3D	No-Essential3D
786	S	786	-4.231	3.816	19.959	0.53	0.517391304347826	0.20778219021015734	0.563518693694377	0	1	No-PER3D	No-Essential3D
787	P	787	-2.386	0.59	20.706	-0.47	0.517391304347826	0.36092787954863054	0.41141856472037586	0	1	No-PER3D	No-Essential3D
788	V	788	-3.03	1.159	24.405	-1.21	0.542919905373437	0.3847008600347487	0.1430797048507247	0	1	No-PER3D	No-Essential3D
789	S	789	-6.775	1.085	23.732	0.77	0.558794756407748	0.1891885894851213	0.18682125870158736	0	1	No-PER3D	No-Essential3D
790	S	790	-9.092	-1.788	22.894	-0.47	0.516109045848823	0.26898277037150803	0.41968922037834977	0	1	No-PER3D	No-Essential3D
791	C	791	-11.028	-1.524	19.657	0.77	0.546468401486989	0.3023971620759118	0.3385455133618587	0	1	No-PER3D	No-Essential3D
792	P	792	-14.606	-0.56	20.49	1.52	0.580622676579926	0.36387900816070035	0.33909077436606033	0	1	No-PER3D	No-Essential3D
793	P	793	-16.95	-2.314	18.083	1.52	0.623970037453184	0.29723268700478955	0.6732130663735705	0	1	No-PER3D	No-Essential3D
794	E	794	-19.825	-0.146	19.221	-0.22	0.671052631578947	0.44700246406733424	0.3777184135431109	0	1	No-PER3D	No-Essential3D
795	L	795	-18.215	2.902	17.703	1.52	0.717948717948718	0.3829208142052462	-0.17011006727041525	0	1	No-PER3D	No-Essential3D
796	A	796	-16.133	1.18	15.068	0.03	0.662313432835821	0.19672405677448768	0.27752681770540105	0	1	No-PER3D	No-Essential3D
797	N	797	-19.178	-0.59	13.648	1.02	0.711779448621554	0.201364406062697	0.4990844894425119	0	1	No-PER3D	No-Essential3D
798	H	798	-21.505	2.389	14.024	-0.47	0.71310861423221	0.3524322062714596	-0.03233363390181316	0	1	No-PER3D	No-Essential3D
799	P	799	-23.12	3.611	10.852	0.28	0.751399253731343	-0.07177488142283885	0.29055970462977737	0	1	No-PER3D	No-Essential3D
800	D	800	-22.226	7.231	11.659	0.03	0.74860594795539	0.06718128158797435	-0.12104147635921003	0	1	No-PER3D	No-Essential3D
801	A	801	-18.555	6.279	12.097	0.53	0.751431297709924	0.1568081505471327	-0.06812369757015785	0	1	No-PER3D	No-Essential3D
802	Q	802	-18.12	5.069	8.527	-0.47	0.710034602076125	0.00292787291777634	0.23215271068569748	0	1	No-PER3D	No-Essential3D
803	H	803	-17.467	8.234	6.578	-0.71	0.742971887550201	-0.12590141649318168	0.3070706899811675	0	1	No-PER3D	No-Essential3D
804	K	804	-16.041	11.672	7.177	0.28	0.743801652892562	-0.07058009251106966	0.4576043689967326	0	1	No-PER3D	No-Essential3D
805	P	805	-18.477	14.267	8.298	-0.22	0.781831720029784	0.06592194329135843	-0.014846813241306935	0	1	No-PER3D	No-Essential3D
806	G	806	-19.767	16.627	5.669	-0.22	0.750815217391304	-0.2091317973495284	0.5513315084901762	0	1	No-PER3D	No-Essential3D
807	T	807	-20.024	13.747	3.297	0.03	0.755067567567568	-0.27168415087202846	0.9670776778873088	0	1	No-PER3D	No-Essential3D
808	I	808	-19.362	14.924	-0.212	0.03	0.71358024691358	-0.28709077818504014	1.2980901597654821	0	1	No-PER3D	No-Essential3D
809	L	809	-19.003	12.821	-3.269	0.28	0.666666666666667	-0.3457779949023383	1.2822700483374692	0	1	No-PER3D	No-Essential3D
810	T	810	-15.615	13.763	-4.609	0.77	0.7380174291939	-0.1225653580621462	1.2487268498186093	0	1	No-PER3D	No-Essential3D
811	K	811	-12.146	12.436	-4.209	0.28	0.735129068462402	-0.058378310749627044	1.2051683848850034	0	1	No-PER3D	No-Essential3D
812	K	812	-10.493	14.601	-1.642	0.03	0.738801628853985	-0.17944165494931053	1.2720336411062931	0	1	No-PER3D	No-Essential3D
813	R	813	-8.346	14.082	1.364	0.03	0.662162162162162	-0.013105314996282773	1.2709636354848428	0	1	No-PER3D	No-Essential3D
814	R	814	-8.711	17.037	3.63	0.53	0.753391859537111	-0.15457375300844226	1.3668794491037743	0	1	No-PER3D	No-Essential3D
815	E	815	-6.509	16.691	6.641	-0.22	0.757475083056478	0.14861057106916084	1.151822991286188	0	1	No-PER3D	No-Essential3D
816	E	816	-7.732	18.727	9.51	1.02	0.749358426005133	0.26009765196957735	0.03245840359630768	0	1	No-PER3D	No-Essential3D
817	T	817	-5.001	20.863	10.909	0.03	0.745341614906832	0.39720216873865566	-0.38129924475888843	0	1	No-PER3D	No-Essential3D
818	I	818	-4.514	20.291	14.583	0.77	0.750700280112045	0.577533152678116	-0.7662745406154762	0	1	No-PER3D	No-Essential3D
