Uniprot_position	aminoacid	Position_in_structure	x	y	z	paraz	mtr	paraz3dscore	mtr3dscore	PER3D_OR	PER3D_pvalue	PER3D	Essential3D
157	I	157	2.255	5.992	50.688	1.39	0.432465923172243	1.218529187466147	-0.8886083312401507	0	1	No-PER3D	No-Essential3D
158	N	158	0.94	7.925	47.695	1.39	0.432465923172243	1.353488690635244	-0.973014267556748	0	1	No-PER3D	No-Essential3D
159	E	159	-1.541	10.642	48.496	0.57	0.432465923172243	1.353488690635244	-0.973014267556748	0	1	No-PER3D	No-Essential3D
160	D	160	-4.719	11.321	46.573	1.39	0.432465923172243	1.438738024252175	-0.9289544982646547	0	1	No-PER3D	No-Essential3D
161	G	161	-4.223	14.209	44.249	2.48	0.388888888888889	1.340142180012565	-0.9626704954019254	0	1	No-PER3D	No-Essential3D
162	S	162	-1.568	15.017	41.729	1.66	0.474484623183508	1.2939704675881625	-1.0053533402173456	0	1	No-PER3D	No-Essential3D
163	L	163	0.737	12.158	40.818	1.66	0.521481481481481	1.3103010874655434	-1.010876510829419	0	1	No-PER3D	No-Essential3D
164	G	164	3.491	12.061	43.456	0.84	0.579925650557621	1.3103010874655434	-1.010876510829419	0	1	No-PER3D	No-Essential3D
165	L	165	4.531	14.798	45.875	0.84	0.434567901234568	1.3239099373633612	-1.014941363549485	0	1	No-PER3D	No-Essential3D
166	K	166	5.55	18.072	44.268	0.57	0.374200426439232	1.6076273409327828	-0.9190363667489051	0	1	No-PER3D	No-Essential3D
167	T	167	9.168	19.138	44.528	0.84	0.37037037037037	1.6440458340559971	-0.8458646167437962	0	1	No-PER3D	No-Essential3D
168	P	168	11.214	22.075	43.499	1.39	0.433705080545229	1.7677551984885678	-0.8304613848732986	0	1	No-PER3D	No-Essential3D
169	K	169	13.437	21.631	40.37	2.48	0.433333333333333	1.9281100804170688	-0.7327833870174371	0	1	No-PER3D	No-Essential3D
170	S	170	15.672	23.812	38.274	1.39	0.433333333333333	2.0007686903706485	-0.6892382466180349	0	1	No-PER3D	No-Essential3D
171	H	171	17.228	22.236	35.207	1.39	0.553046218487395	2.123618425214149	-0.6665204633807877	0	1	No-PER3D	No-Essential3D
172	V	172	16.442	24.163	32.065	1.94	0.551020408163265	2.2022546229369597	-0.6380344059365778	0	1	No-PER3D	No-Essential3D
173	C	173	16.752	23.053	28.463	2.48	0.478636363636364	2.1700477922837766	-0.607780378823891	0	1	No-PER3D	No-Essential3D
174	E	174	18.319	25.502	26.085	1.94	0.428223844282238	2.1625758075722388	-0.633525927930454	0	1	No-PER3D	No-Essential3D
175	H	175	16.261	24.529	23.042	2.48	0.515750915750916	2.2486968727388494	-0.6579502071257481	0	1	No-PER3D	No-Essential3D
176	C	176	12.886	23.48	24.478	2.48	0.512408759124088	2.2116332520231663	-0.5996242524818675	0	1	No-PER3D	No-Essential3D
177	N	177	12.98	25.445	27.72	0.84	0.509090909090909	2.144539982406456	-0.6416212100302611	0	1	No-PER3D	No-Essential3D
178	A	178	11.288	22.609	29.536	2.21	0.510948905109489	2.2022546229369597	-0.6380344059365778	0	1	No-PER3D	No-Essential3D
179	A	179	12.445	22.671	33.14	2.48	0.580623755806238	2.1567141643933594	-0.6643856770324301	0	1	No-PER3D	No-Essential3D
180	F	180	12.85	19.613	35.276	2.48	0.580623755806238	1.9943121680844107	-0.7075272659793879	0	1	No-PER3D	No-Essential3D
181	R	181	14.418	18.229	38.439	2.48	0.532661782661783	2.024782103305662	-0.7140763307170626	0	1	No-PER3D	No-Essential3D
182	T	182	16.475	15.619	36.624	1.94	0.528381642512077	2.1625758075722388	-0.6644483382924455	0	1	No-PER3D	No-Essential3D
183	N	183	16.155	13.111	33.786	1.94	0.571847507331378	2.3385539302612286	-0.5831028286422608	0	1	No-PER3D	No-Essential3D
184	Y	184	17.323	9.344	33.228	2.48	0.568181818181818	2.35961719750841	-0.47002753300396716	0	1	No-PER3D	No-Essential3D
185	H	185	16.474	5.347	32.405	2.48	0.517139479905437	2.35961719750841	-0.6130770235029356	0	1	No-PER3D	No-Essential3D
186	L	186	18.204	1.847	32.939	2.48	0.513157894736842	2.3295875486073827	-0.7278472216637026	0	1	No-PER3D	No-Essential3D
187	Q	187	19.4	-1.423	31.307	1.39	0.563380281690141	1.948088225216089	-1.0322719290585967	0	1	No-PER3D	No-Essential3D
188	R	188	16.125	-3.11	30.763	2.48	0.447552447552448	1.7495554112758238	-1.2099553626968724	0	1	No-PER3D	No-Essential3D
189	H	189	17.87	-3.507	27.484	2.48	0.445993031358885	2.003139113106723	-1.105367414991425	0	1	No-PER3D	No-Essential3D
190	V	190	20.436	-5.823	28.945	1.94	0.408826945412311	2.153696632106007	-1.0427619574136708	0	1	No-PER3D	No-Essential3D
191	F	191	17.523	-7.801	30.216	1.66	0.46875	1.8880068926955056	-1.154366968067963	0	1	No-PER3D	No-Essential3D
192	I	192	15.791	-7.674	26.861	2.48	0.469338353953739	1.6964027735813711	-1.197030013255626	0	1	No-PER3D	No-Essential3D
193	H	193	18.639	-8.62	24.643	2.48	0.408187134502924	2.1120754971080484	-1.075836436062201	0	1	No-PER3D	No-Essential3D
194	T	194	20.141	-11.166	26.988	2.48	0.410798122065728	2.1120754971080484	-1.075836436062201	0	1	No-PER3D	No-Essential3D
195	G	195	16.651	-12.561	27.458	2.48	0.410798122065728	1.6474726408374958	-1.2879553089214089	0	1	No-PER3D	No-Essential3D
196	E	196	15.921	-13.007	31.121	2.48	0.412529550827423	1.5848282080950118	-1.2785427097481115	0	1	No-PER3D	No-Essential3D
197	K	197	12.437	-12.211	32.391	1.94	0.412249705535925	1.1089699513659292	-1.3697932088778444	0	1	No-PER3D	No-Essential3D
198	P	198	11.753	-11.726	36.026	2.48	0.45003223726628	0.743697441780144	-1.4676777794312779	0	1	No-PER3D	No-Essential3D
199	F	199	7.97	-11.71	36.024	2.48	0.447157083199486	0.17699541886656736	-1.557152776379253	0	1	No-PER3D	No-Essential3D
200	Q	200	6.169	-15	35.7	1.66	0.445582586427657	0.06927235401275847	-1.580846128943201	0	1	No-PER3D	No-Essential3D
201	C	201	2.512	-15.484	35.058	-0.53	0.445582586427657	-0.1418255022094362	-1.5834178115050141	0	1	No-PER3D	No-Essential3D
202	S	202	1.111	-17.711	37.712	-0.53	0.368661971830986	-0.22897460941049638	-1.45000611370297	0	1	No-PER3D	No-Essential3D
203	Q	203	-1.605	-19.125	35.519	-0.53	0.368661971830986	-0.44612594440651543	-1.4828978086998845	0	1	No-PER3D	No-Essential3D
204	C	204	0.646	-20.169	32.663	-0.53	0.409893992932862	-0.22897460941049638	-1.424130020178979	0	1	No-PER3D	No-Essential3D
205	D	205	4.374	-20.144	32.531	-0.53	0.40962441314554	0.16637067822345197	-1.385435827384609	0	1	No-PER3D	No-Essential3D
206	M	206	4.956	-17.174	30.31	-0.53	0.309397163120567	0.13661156669991117	-1.4927248623160145	0	1	No-PER3D	No-Essential3D
207	R	207	7.503	-14.704	31.54	-0.53	0.307894736842105	0.2490469007833981	-1.5426705079853122	0	1	No-PER3D	No-Essential3D
208	F	208	7.838	-11.05	30.831	-0.53	0.309859154929578	0.4326626999403948	-1.501271048030286	0	1	No-PER3D	No-Essential3D
209	I	209	10.725	-8.685	30.997	-0.53	0.308771929824561	0.9912183316130071	-1.4131123964527355	0	1	No-PER3D	No-Essential3D
210	Q	210	8.519	-5.942	32.322	-0.53	0.176441102756892	0.7413527845085921	-1.454804821336729	0	1	No-PER3D	No-Essential3D
211	K	211	5.692	-5.976	34.837	-0.53	0.153409090909091	0.2189150488730978	-1.6365982892441753	0	1	No-PER3D	No-Essential3D
212	Y	212	3.373	-3.97	32.651	-0.53	0.175438596491228	0.20635325485412312	-1.7711104867759158	0	1	No-PER3D	No-Essential3D
213	L	213	3.639	-6.674	30.101	-0.53	0.273865414710485	0.21733008241913512	-1.7292565780123512	0	1	No-PER3D	No-Essential3D
214	L	214	2.702	-9.191	32.758	-0.53	0.272904483430799	-0.034326434736707226	-1.6155284591875863	0	1	No-PER3D	No-Essential3D
215	Q	215	-0.257	-7.107	33.849	-0.53	0.272124756335283	-0.1371306381816664	-1.832136223442699	0	1	No-PER3D	No-Essential3D
216	R	216	-1.441	-6.845	30.272	-0.53	0.304006968641115	0.14755792520437444	-2.0352912913343952	0	1	No-PER3D	No-Essential3D
217	H	217	-1.051	-10.569	29.748	-0.53	0.304878048780488	-0.17048700494431657	-1.745470477290106	0	1	No-PER3D	No-Essential3D
218	E	218	-2.997	-11.445	32.874	-0.53	0.304878048780488	-0.15442653205859613	-1.7474348026386126	0	1	No-PER3D	No-Essential3D
219	K	219	-5.924	-9.545	31.459	-0.53	0.346230158730159	-0.13879548358158478	-1.9642335175543046	0	1	No-PER3D	No-Essential3D
220	I	220	-6.372	-12.154	28.765	-0.53	0.346653346653347	-0.1155292691177256	-1.8752199401677738	0	1	No-PER3D	No-Essential3D
221	H	221	-6.97	-14.677	31.505	-0.53	0.40418118466899	-0.41251565374463406	-1.74395427667128	0	1	No-PER3D	No-Essential3D
222	T	222	-9.368	-12.472	33.478	-0.53	0.241522491349481	-0.37145762822017664	-1.9071259226664534	0	1	No-PER3D	No-Essential3D
223	G	223	-11.074	-10.895	30.483	-0.53	0.201388888888889	0.17367518741559382	-2.041492660367943	0	1	No-PER3D	No-Essential3D
224	E	224	-10.843	-7.466	32.083	-0.53	0.201967592592593	0.08725352516288691	-2.088737244875533	0	1	No-PER3D	No-Essential3D
225	K	225	-11.432	-4.534	29.752	-0.53	0.173010380622837	0.7426644808842854	-2.2106479646976704	0	1	No-PER3D	No-Essential3D
226	P	226	-10.375	-1.452	31.676	-0.53	0.151475694444444	0.8913077880298108	-2.2613322786690957	0	1	No-PER3D	No-Essential3D
227	F	227	-10.432	1.089	28.891	-0.53	0.152631578947368	1.6310108513225454	-2.419354811164178	0	1	No-PER3D	No-Essential3D
228	R	228	-13.736	2.208	27.505	-0.53	0.174436090225564	1.6983992526237865	-2.465057237819686	0	1	No-PER3D	No-Essential3D
229	C	229	-14.019	4.374	24.422	2.48	0.152631578947368	1.8960784549226393	-2.3912129106694175	0	1	No-PER3D	No-Essential3D
230	D	230	-15.645	7.76	24.838	2.48	0.152097902097902	1.904302791198236	-2.4098540235212607	0	1	No-PER3D	No-Essential3D
231	E	231	-17.256	7.762	21.41	0.84	0.153169014084507	2.0809636986970736	-2.2307638880635725	0	1	No-PER3D	No-Essential3D
232	C	232	-18.553	4.226	21.407	2.48	0.153169014084507	1.825666593475425	-2.339675932125553	0	1	No-PER3D	No-Essential3D
233	G	233	-19.184	1.387	23.826	0.84	0.153070175438597	1.6181515422108383	-2.505293722179428	0	1	No-PER3D	No-Essential3D
234	M	234	-16.136	-0.685	22.978	2.48	0.152534965034965	1.7068105056329195	-2.3574652633653925	0	1	No-PER3D	No-Essential3D
235	R	235	-13.719	-1.534	25.776	1.94	0.151660839160839	1.598289729776719	-2.4565567741577494	0	1	No-PER3D	No-Essential3D
236	F	236	-10.131	-2.714	25.445	2.48	0.173326673326673	1.4124242177923543	-2.386994438406518	0	1	No-PER3D	No-Essential3D
237	I	237	-7.536	-4.465	27.549	2.48	0.17272274763564	0.8002698133834811	-2.209069228785075	0	1	No-PER3D	No-Essential3D
238	Q	238	-4.743	-2.115	26.575	2.48	0.172827172827173	0.8002698133834811	-2.2765595869954565	0	1	No-PER3D	No-Essential3D
239	K	239	-4.655	1.673	26.455	2.48	0.172932330827068	1.5630270089033906	-2.4636918759201483	0	1	No-PER3D	No-Essential3D
240	Y	240	-2.622	1.752	23.278	2.48	0.172932330827068	1.8643834981646377	-2.4470538360907277	0	1	No-PER3D	No-Essential3D
241	H	241	-5.163	-0.386	21.536	2.48	0.173144876325088	1.8061223174775956	-2.225858194268493	0	1	No-PER3D	No-Essential3D
242	M	242	-7.857	2.058	22.563	1.94	0.202127659574468	1.8960784549226393	-2.3912129106694175	0	1	No-PER3D	No-Essential3D
243	E	243	-5.936	4.755	20.748	2.48	0.200945626477541	2.2276490647703806	-2.0178284855952033	0	1	No-PER3D	No-Essential3D
244	R	244	-5.687	2.581	17.671	2.48	0	2.5796542645309546	-1.446337974902457	0	1	No-PER3D	No-Essential3D
245	H	245	-9.431	2.045	17.786	2.48	0	2.225141463147332	-1.9959370715786722	0	1	No-PER3D	No-Essential3D
246	K	246	-10.042	5.788	17.953	2.48	0.241843971631206	2.193437108411466	-1.9646311826584417	0	1	No-PER3D	No-Essential3D
247	R	247	-8.781	5.934	14.392	2.48	0.241843971631206	2.4846441141040656	-1.5613371841066603	0	1	No-PER3D	No-Essential3D
248	T	248	-12.015	4.327	13.291	1.39	0.403073286052009	2.4762188072051927	-1.6717810702099307	0	1	No-PER3D	No-Essential3D
249	H	249	-14.109	7.188	14.538	2.48	0.403073286052009	2.45655975777449	-1.9240388427311363	0	1	No-PER3D	No-Essential3D
250	S	250	-11.793	9.905	13.271	2.48	0.405693950177936	2.4421310976418646	-1.6473577787920024	0	1	No-PER3D	No-Essential3D
251	G	251	-10.929	8.179	10.016	2.48	0.407407407407407	2.4958778566358957	-1.1556091132390027	0	1	No-PER3D	No-Essential3D
252	E	252	-7.307	9.191	10.287	2.48	0.407407407407407	2.45655975777449	-1.1987744284477537	0	1	No-PER3D	No-Essential3D
253	K	253	-4.646	7.307	8.357	2.48	0.407142857142857	2.384024373955583	-0.7484179464139306	0	1	No-PER3D	No-Essential3D
254	P	254	-1.171	8.248	9.48	2.48	0.485409252669039	2.402632640528801	-0.42316126427319095	0	1	No-PER3D	No-Essential3D
255	Y	255	0.816	5.619	7.616	2.48	0.408872901678657	2.38673534891839	-0.0635376563739678	0	1	No-PER3D	No-Essential3D
256	Q	256	1.636	6.166	3.959	1.39	0.486832740213523	2.291613938531063	0.060601184701699805	0	1	No-PER3D	No-Essential3D
257	C	257	3.179	3.906	1.365	2.48	0.608928571428571	2.181333065744652	0.29918413155053863	0	1	No-PER3D	No-Essential3D
258	E	258	6.373	5.498	0.108	1.94	0.485409252669039	1.9057456572114984	0.08617008006670751	0	1	No-PER3D	No-Essential3D
259	Y	259	6.334	4.008	-3.337	0.84	0.485409252669039	1.748879067832107	0.3887033006426751	0	1	No-PER3D	No-Essential3D
260	C	260	2.786	4.793	-4.185	2.48	0.606382978723404	1.9057456572114984	0.09473442098913934	0	1	No-PER3D	No-Essential3D
261	L	261	1.003	7.055	-1.818	0.57	0.605633802816901	2.122896992207518	-0.19583548785691976	0	1	No-PER3D	No-Essential3D
262	Q	262	-1.633	4.856	-0.352	2.48	0.605633802816901	2.119289827174361	0.1562839851325695	0	1	No-PER3D	No-Essential3D
263	Y	263	-2.586	5.633	3.213	1.39	0.608156028368794	2.30733290868543	0.005939750942201425	0	1	No-PER3D	No-Essential3D
264	F	264	-3.374	3.149	5.924	2.48	0.608156028368794	2.3476511211964968	-0.1733061769015668	0	1	No-PER3D	No-Essential3D
265	S	265	-4.847	3.091	9.406	2.48	0.735	2.4945737277392928	-0.6164332128225555	0	1	No-PER3D	No-Essential3D
266	R	266	-2.073	1.018	10.896	2.48	0.875	2.472098314840395	-0.5713741795265821	0	1	No-PER3D	No-Essential3D
267	T	267	1.607	0.338	10.405	2.48	0.76836917562724	2.4246964666482747	0.13580885048021255	0	1	No-PER3D	No-Essential3D
268	D	268	1.087	-3.349	9.854	2.48	0.816666666666667	2.4246964666482747	0.28103784560993866	0	1	No-PER3D	No-Essential3D
269	R	269	-1.283	-2.844	6.959	2.48	0.816666666666667	2.401164009051016	0.4644434254807705	0	1	No-PER3D	No-Essential3D
270	V	270	1.078	-0.662	4.996	1.94	0.819593787335723	2.1541128434559873	0.34319930911930135	0	1	No-PER3D	No-Essential3D
271	L	271	3.809	-3.186	5.35	2.48	0.861151079136691	2.0372660309856294	0.5265959139120353	0	1	No-PER3D	No-Essential3D
272	K	272	1.636	-5.916	3.944	1.94	0.860573476702509	1.9058305316828668	0.9632589717226206	1	0.008695652173913049	No-PER3D	No-Essential3D
273	H	273	0.596	-3.634	1.112	2.48	0.866187050359712	2.003860546113354	0.4714836659882946	0	1	No-PER3D	No-Essential3D
274	K	274	4.15	-3.205	0.018	1.94	0.905808992451592	1.7053676396196569	0.5417613898408546	1	0.034782608695652174	No-PER3D	No-Essential3D
275	R	275	4.746	-6.915	0.256	2.48	0.909090909090909	1.2053481182472447	0.9161740538852046	1	0.04347826086956521	No-PER3D	No-Essential3D
276	M	276	1.863	-8.114	-1.892	1.39	0.914361001317523	1.0448055429228795	1.0881247906001537	1	0.04347826086956521	No-PER3D	No-Essential3D
277	C	277	1.568	-5.133	-4.207	2.48	0.885818181818182	1.4868335580275946	0.79558007012551335	1	0.034782608695652174	No-PER3D	No-Essential3D
278	H	278	5.075	-3.933	-4.794	-0.53	0.843636363636364	1.4543690727291865	0.6997371214828402	1	0.034782608695652174	No-PER3D	No-Essential3D
279	E	279	7.442	-6.791	-4.245	-0.53	0.805289256198347	0.8582249315828615	0.9823192020913983	1	0.04347826086956521	No-PER3D	No-Essential3D
280	N	280	8.981	-9.088	-6.782	-0.53	0.804069576632753	0.4199871724637436	1.0911417261926257	1	0.04347826086956521	No-PER3D	No-Essential3D
281	H	281	9.629	-12.782	-6.449	-0.53	0.809288537549407	0.25510693803910095	1.0603518700850636	1	0.04347826086956521	No-PER3D	No-Essential3D
282	D	282	7.682	-12.867	-3.236	-0.53	0.81096160157532	0.4680406646886601	1.1019985269394654	1	0.04347826086956521	No-PER3D	No-Essential3D
283	K	283	7.6	-16.282	-1.691	-0.53	0.810333551340746	-0.07062006445492763	1.0560619253797832	1	0.052173913043478265	No-PER3D	No-Essential3D
284	K	284	4.147	-17.685	-1.2	-0.53	0.814911706998038	-0.11912003794618589	1.0673274947038613	1	0.052173913043478265	No-PER3D	No-Essential3D
285	L	285	2.849	-19.972	1.497	-0.53	0.859903381642512	-0.6041197728587685	1.05582869338878	1	0.02608695652173914	No-PER3D	No-Essential3D
286	N	286	3.315	-23.571	0.558	-0.53	0.861313868613139	-0.6041197728587685	1.1490039929482994	0	1	No-PER3D	No-Essential3D
287	R	287	0.027	-25.375	0.69	-0.53	0.86374695863747	-0.6041197728587685	1.2376174941544464	0	1	No-PER3D	No-Essential3D
288	C	288	0.206	-29.052	0.19	-0.53	0.858181818181818	-0.6041197728587685	1.2906211683468665	0	1	No-PER3D	No-Essential3D
289	A	289	-1.65	-32.237	0.94	-0.53	0.936198347107438	-0.6041197728587685	1.314437341009746	0	1	No-PER3D	No-Essential3D
290	I	290	-1.113	-35.712	-0.385	-0.53	0.929438792254677	-0.6041197728587685	1.3415215230569857	0	1	No-PER3D	No-Essential3D
291	K	291	-3.17	-38.84	-0.367	-0.53	0.886153846153846	-0.6041197728587685	1.4069696670072682	0	1	No-PER3D	No-Essential3D
292	G	292	-2.14	-42.413	-0.664	-0.53	0.891914654688377	-0.6041197728587685	1.3685776151122715	0	1	No-PER3D	No-Essential3D
293	G	293	-2.995	-45.836	0.514	-0.53	0.897717666948436	-0.6041197728587685	1.2777839993313456	0	1	No-PER3D	No-Essential3D
294	L	294	-1.83	-49.348	-0.062	-0.53	0.95171568627451	-0.6041197728587685	1.3578879920712281	0	1	No-PER3D	No-Essential3D
295	L	295	-3.453	-52.574	1.012	-0.53	0.973345588235294	-0.6041197728587685	1.125027112969991	0	0.9999999999999999	No-PER3D	No-Essential3D
296	T	296	-1.309	-55.621	1.19	-0.53	0.967032967032967	-0.6041197728587685	1.3776901718353796	0	1	No-PER3D	No-Essential3D
453	G	453	-1.771	-59.209	2.395	-0.53	0.912131919905771	-0.6041197728587685	1.3458499900474823	0	0.9999999999999999	No-PER3D	No-Essential3D
454	P	454	-0.133	-62.496	1.479	-0.53	0.912131919905771	-0.6041197728587685	1.6180687153951072	0	0.9999999999999999	No-PER3D	No-Essential3D
455	S	455	-3.35	-64.137	0.215	-0.53	0.915366430260047	-0.6041197728587685	1.4136340237506304	0	0.9999999999999999	No-PER3D	No-Essential3D
456	K	456	-4.409	-67.797	0.459	-0.53	0.861103560750204	-0.6041197728587685	1.4325400014420986	0	0.9999999999999999	No-PER3D	No-Essential3D
457	P	457	-6.624	-70.36	-1.352	-0.53	0.929577464788732	-0.6041197728587685	1.49100280507591	0	1	No-PER3D	No-Essential3D
458	V	458	-10.13	-69.727	-2.736	-0.53	0.858657243816255	-0.6041197728587685	1.4197561663992158	0	1	No-PER3D	No-Essential3D
459	H	459	-12.745	-72.483	-2.454	-0.53	0.85748987854251	-0.6041197728587685	1.4125369529521636	0	0.9999999999999999	No-PER3D	No-Essential3D
460	S	460	-16.37	-72.925	-1.586	-0.53	0.830985915492958	-0.6041197728587685	1.3355025867316441	0	0.9999999999999999	No-PER3D	No-Essential3D
461	S	461	-19.344	-70.502	-1.748	-0.53	0.78766687857597	-0.6041197728587685	1.2077077038585031	0	1	No-PER3D	No-Essential3D
462	T	462	-20.931	-68.973	1.431	-0.53	0.742657342657343	-0.5083177133017013	1.1339189478748062	0	1	No-PER3D	No-Essential3D
463	N	463	-23.402	-66.766	1.484	-0.53	0.68287037037037	-0.49904654624779154	1.0287161242370073	0	1	No-PER3D	No-Essential3D
464	Y	464	-24.292	-63.757	-0.901	-0.53	0.68287037037037	-0.6041197728587685	1.0899815696730424	0	0.9999999999999999	No-PER3D	No-Essential3D
465	D	465	-28.051	-62.822	-1.889	-0.53	0.68287037037037	-0.6041197728587685	0.799496479417759	0	1	No-PER3D	No-Essential3D
466	D	466	-29.481	-61.719	1.547	-0.53	0.683313975996903	-0.42015435616778896	0.34879236190444557	0	1	No-PER3D	No-Essential3D
467	A	467	-27.648	-58.392	2.663	-0.53	0.683760683760684	-0.4673249758321427	0.03994613360700287	0	1	No-PER3D	No-Essential3D
468	M	468	-30.705	-56.329	1.804	-0.53	0.671328671328671	-0.541158346825492	-0.03785929108081912	0	1	No-PER3D	No-Essential3D
469	Q	469	-32.868	-58.997	3.453	-0.53	0.678445229681979	-0.45075306644904717	-0.020733774839350898	0	1	No-PER3D	No-Essential3D
470	F	470	-30.35	-59.227	6.24	-0.53	0.678445229681979	-0.33456616765380376	-0.34059617312395113	0	1	No-PER3D	No-Essential3D
471	L	471	-31.031	-55.495	6.556	-0.53	0.623674911660777	-0.5052834509502815	-0.38483849167332324	0	1	No-PER3D	No-Essential3D
472	K	472	-34.329	-56.788	7.794	-0.53	0.627659574468085	-0.44557228651770536	-0.5616418993724027	0	1	No-PER3D	No-Essential3D
473	K	473	-32.347	-58.779	10.341	-0.53	0.459398252992559	-0.2556676306558542	-0.5692356607094284	0	1	No-PER3D	No-Essential3D
474	K	474	-31.971	-55.31	11.872	-0.53	0.457769181173437	-0.4714988967461224	-0.6590693967550335	0	1	No-PER3D	No-Essential3D
475	R	475	-35.585	-55.567	12.474	-0.53	0.419621749408983	-0.4982237136711038	-0.7355293544913298	0	0.9999999999999999	No-PER3D	No-Essential3D
476	Y	476	-35.05	-58.937	14.073	-0.53	0.316964285714286	-0.3510877550917637	-0.7973935658652832	0	1	No-PER3D	No-Essential3D
477	L	477	-32.981	-57.159	16.72	-0.53	0.380357142857143	-0.3510877550917637	-0.7767583879526517	0	1	No-PER3D	No-Essential3D
478	Q	478	-35.789	-54.784	17.559	-0.53	0.380357142857143	-0.45586528999603787	-0.8791328571894721	0	0.9999999999999999	No-PER3D	No-Essential3D
479	A	479	-38.402	-57.533	17.284	-0.53	0.461038961038961	-0.4330569080171563	-0.9836343853002844	0	1	No-PER3D	No-Essential3D
480	A	480	-36.4	-59.382	19.89	-0.53	0.510791366906475	-0.33311189558510035	-0.9473304859317896	0	1	No-PER3D	No-Essential3D
481	S	481	-36.294	-56.58	22.509	-0.53	0.514492753623189	-0.6041197728587685	-1.0022549595139743	0	1	No-PER3D	No-Essential3D
482	N	482	-39.961	-55.413	22.408	-0.53	0.468099173553719	-0.6041197728587685	-1.1459816274836618	0	1	No-PER3D	No-Essential3D
483	N	483	-41.675	-58.853	22.41	-0.53	0.429090909090909	-0.6041197728587685	-1.1986448211410614	0	1	No-PER3D	No-Essential3D
484	S	484	-43.167	-60.596	19.352	-0.53	0.353646353646354	-0.4560005586847813	-1.147704860748233	0	1	No-PER3D	No-Essential3D
485	R	485	-46.825	-59.391	19.316	-0.53	0.355644355644356	-0.6041197728587685	-1.1146095134665293	0	1	No-PER3D	No-Essential3D
486	E	486	-46.396	-55.981	17.598	-0.53	0.358269037235827	-0.6041197728587685	-1.1183426852143994	0	1	No-PER3D	No-Essential3D
487	Y	487	-43.503	-56.964	15.204	-0.53	0.358269037235827	-0.6041197728587685	-1.0333177630706079	0	1	No-PER3D	No-Essential3D
488	A	488	-44.586	-56.204	11.616	-0.53	0.404200965086574	-0.6041197728587685	-1.0590689420784818	0	0.9999999999999999	No-PER3D	No-Essential3D
489	L	489	-43.7	-52.577	12.251	-0.53	0.441140024783147	-0.6041197728587685	-1.0479816645618745	0	1	No-PER3D	No-Essential3D
490	N	490	-42.497	-50.849	9.158	-0.53	0.440740740740741	-0.6041197728587685	-0.7949853012250269	0	1	No-PER3D	No-Essential3D
491	V	491	-40.421	-48.755	11.583	-0.53	0.441140024783147	-0.6041197728587685	-0.7242453296851928	0	1	No-PER3D	No-Essential3D
492	G	492	-38.811	-47.351	8.489	-0.53	0.439114391143911	-0.6041197728587685	-0.5224267360962771	0	1	No-PER3D	No-Essential3D
493	T	493	-38.93	-44.45	10.923	-0.53	0.441975308641975	-0.6041197728587685	-0.4801721771486846	0	1	No-PER3D	No-Essential3D
494	I	494	-35.567	-45.745	12.196	-0.53	0.444857496902107	-0.6041197728587685	-0.574141084642372	0	1	No-PER3D	No-Essential3D
495	A	495	-34.168	-42.16	12.449	-0.53	0.447761194029851	-0.6041197728587685	-0.436883619212759	0	0.9999999999999999	No-PER3D	No-Essential3D
496	S	496	-31.803	-41.004	9.631	-0.53	0.446096654275093	-0.6041197728587685	-0.48796877468793187	0	1	No-PER3D	No-Essential3D
497	Q	497	-28.529	-42.482	10.727	-0.53	0.446913580246914	-0.6041197728587685	-0.4452082896687508	0	1	No-PER3D	No-Essential3D
498	P	498	-26.049	-44.477	8.474	-0.53	0.446096654275093	-0.6041197728587685	-0.4825712843496328	0	1	No-PER3D	No-Essential3D
499	S	499	-27.345	-48.073	7.857	-0.53	0.446096654275093	-0.6041197728587685	-0.49360129413282355	0	1	No-PER3D	No-Essential3D
500	V	500	-26.062	-49.443	11.268	-0.53	0.446941323345818	-0.6041197728587685	-0.5429074664293437	0	0.9999999999999999	No-PER3D	No-Essential3D
501	T	501	-28.483	-52.353	11.405	-0.53	0.444029850746269	-0.5633800266019425	-0.5870628822110305	0	1	No-PER3D	No-Essential3D
502	Q	502	-28.62	-52.119	15.198	-0.53	0.479323308270677	-0.6041197728587685	-0.6096706050073101	0	0.9999999999999999	No-PER3D	No-Essential3D
503	A	503	-32.088	-50.772	14.374	-0.53	0.452471482889734	-0.6041197728587685	-0.6861083091378676	0	1	No-PER3D	No-Essential3D
504	A	504	-32.487	-49.903	17.983	-0.53	0.522082480257385	-0.6041197728587685	-0.6734151415793193	0	1	No-PER3D	No-Essential3D
505	V	505	-31.08	-46.617	16.656	-0.53	0.631299734748011	-0.6041197728587685	-0.5233673935685864	0	0.9999999999999999	No-PER3D	No-Essential3D
506	A	506	-34.553	-45.353	15.746	-0.53	0.629531388152078	-0.6041197728587685	-0.5406635738056961	0	0.9999999999999999	No-PER3D	No-Essential3D
507	S	507	-34.012	-42.49	18.243	-0.53	0.638314176245211	-0.6041197728587685	-0.3863641010746274	0	0.9999999999999999	No-PER3D	No-Essential3D
508	V	508	-30.976	-40.256	17.34	-0.53	0.585605234460196	-0.6041197728587685	-0.15406070667314936	0	0.9999999999999999	No-PER3D	No-Essential3D
509	I	509	-32.312	-38.055	14.501	-0.53	0.581168831168831	-0.6041197728587685	-0.25385588440649615	0	0.9999999999999999	No-PER3D	No-Essential3D
510	D	510	-35.36	-35.754	14.281	-0.53	0.574638844301766	-0.6041197728587685	-0.37906431367589255	0	1	No-PER3D	No-Essential3D
511	E	511	-38.723	-37.059	12.893	-0.53	0.574638844301766	-0.6041197728587685	-0.503839308827774	0	0.9999999999999999	No-PER3D	No-Essential3D
512	S	512	-38.514	-35.516	9.357	-0.53	0.57036643653744	-0.6041197728587685	-0.45858995743031233	0	1	No-PER3D	No-Essential3D
513	T	513	-35.523	-36.878	7.366	-0.53	0.61025641025641	-0.6041197728587685	-0.4030671467965397	0	0.9999999999999999	No-PER3D	No-Essential3D
514	T	514	-36.086	-40.63	7.89	-0.53	0.65625	-0.6041197728587685	-0.4256929950024586	0	0.9999999999999999	No-PER3D	No-Essential3D
515	A	515	-34.006	-41.664	4.841	-0.53	0.658671586715867	-0.6041197728587685	-0.42754846005039754	0	0.9999999999999999	No-PER3D	No-Essential3D
516	S	516	-30.24	-41.981	5.568	-0.53	0.65625	-0.6041197728587685	-0.4797800018641237	0	0.9999999999999999	No-PER3D	No-Essential3D
517	I	517	-30.757	-45.479	6.932	-0.53	0.65625	-0.6041197728587685	-0.5652607954791796	0	0.9999999999999999	No-PER3D	No-Essential3D
518	L	518	-33.636	-46.739	4.935	-0.53	0.655677655677656	-0.6041197728587685	-0.5072054633948412	0	1	No-PER3D	No-Essential3D
519	E	519	-31.284	-46.961	2.209	-0.53	0.651459854014599	-0.6041197728587685	-0.5185525053122677	0	1	No-PER3D	No-Essential3D
520	S	520	-31.129	-49.154	-0.851	-0.53	0.651459854014599	-0.6041197728587685	-0.1625150034969828	0	1	No-PER3D	No-Essential3D
521	Q	521	-30.919	-52.337	1.163	-0.53	0.653846153846154	-0.6041197728587685	-0.1725211119638126	0	0.9999999999999999	No-PER3D	No-Essential3D
522	A	522	-34.708	-52.324	1.111	-0.53	0.541362530413625	-0.6041197728587685	-0.1890253528613624	0	0.9999999999999999	No-PER3D	No-Essential3D
523	L	523	-34.674	-54.813	3.839	-0.53	0.544871794871795	-0.5391908022619522	-0.24647712854471998	0	1	No-PER3D	No-Essential3D
524	N	524	-36.753	-57.384	2.092	-0.53	0.605769230769231	-0.5210106904948436	-0.05214561206207443	0	1	No-PER3D	No-Essential3D
525	V	525	-38.125	-59.218	5.023	-0.53	0.560924369747899	-0.4188016692803552	-0.4905340086744113	0	1	No-PER3D	No-Essential3D
526	E	526	-35.572	-61.931	5.668	-0.53	0.556830031282586	-0.27323174962499297	-0.08733896820465023	0	1	No-PER3D	No-Essential3D
527	I	527	-35.613	-60.294	9.072	-0.53	0.552795031055901	-0.3352732539813259	-0.630873725089899	0	1	No-PER3D	No-Essential3D
528	K	528	-33.167	-62.966	9.945	1.39	0.553701772679875	-0.1685545951051256	-0.415386774783204	0	1	No-PER3D	No-Essential3D
529	S	529	-34.404	-64.627	13.103	1.66	0.516788321167883	-0.02336620252057797	-0.695959707802639	0	1	No-PER3D	No-Essential3D
530	N	530	-32.423	-67.739	11.997	1.66	0.495104895104895	0.2670105826485173	-0.5557189250525539	0	1	No-PER3D	No-Essential3D
531	H	531	-29.424	-66.186	13.821	1.12	0.495508141493543	0.0018839527115172678	-0.4476943477243442	0	1	No-PER3D	No-Essential3D
532	D	532	-26.59	-68.726	13.32	1.39	0.498732037193576	0.09278451154706013	-7.203143515021981e-4	0	1	No-PER3D	No-Essential3D
533	K	533	-24.772	-66.392	10.924	2.48	0.471528471528472	-0.18175353988553902	0.22901279887458018	0	1	No-PER3D	No-Essential3D
534	N	534	-23.644	-64.622	14.107	-0.53	0.519117647058824	-0.15450410550016938	-0.05247925925722172	0	1	No-PER3D	No-Essential3D
535	V	535	-25.056	-61.159	14.161	-0.53	0.515750915750916	-0.21695072596664147	-0.4153305378821716	0	1	No-PER3D	No-Essential3D
536	I	536	-22.439	-59.568	12.107	-0.53	0.426666666666667	-0.3797717037234275	-0.29767760993114956	0	1	No-PER3D	No-Essential3D
537	P	537	-22.944	-56.29	13.527	-0.53	0.423913043478261	-0.4748167801317753	-0.45235070653534354	0	0.9999999999999999	No-PER3D	No-Essential3D
538	D	538	-24.769	-53.353	12.303	-0.53	0.363354037267081	-0.6041197728587685	-0.5306003835916858	0	0.9999999999999999	No-PER3D	No-Essential3D
539	E	539	-21.429	-51.735	12.022	-0.53	0.424789410348977	-0.6041197728587685	-0.30934872736319186	0	0.9999999999999999	No-PER3D	No-Essential3D
540	V	540	-20.37	-54.526	9.673	-0.53	0.424460431654676	-0.6041197728587685	-0.2449522629736862	0	1	No-PER3D	No-Essential3D
541	L	541	-23.212	-53.602	7.581	-0.53	0.42080378250591	-0.6041197728587685	-0.1867788334216472	0	1	No-PER3D	No-Essential3D
542	Q	542	-23.531	-49.909	8.075	-0.53	0.423487544483986	-0.6041197728587685	-0.3824388200021242	0	0.9999999999999999	No-PER3D	No-Essential3D
543	T	543	-20.199	-49.475	6.785	-0.53	0.423487544483986	-0.6041197728587685	-0.3279860447905474	0	1	No-PER3D	No-Essential3D
544	L	544	-20.375	-52.218	4.213	-0.53	0.538732394366197	-0.6041197728587685	0.03245379703056039	0	0.9999999999999999	No-PER3D	No-Essential3D
545	L	545	-23.031	-49.967	2.925	-0.53	0.542553191489362	-0.6041197728587685	-0.2023926664839148	0	1	No-PER3D	No-Essential3D
546	D	546	-21.999	-46.343	3.543	-0.53	0.53912165572943	-0.6041197728587685	-0.4715447081394726	0	1	No-PER3D	No-Essential3D
547	H	547	-18.737	-46.812	1.724	-0.53	0.542553191489362	-0.6041197728587685	-0.19844115830368178	0	1	No-PER3D	No-Essential3D
548	Y	548	-20.755	-48.382	-1.033	-0.53	0.476423487544484	-0.6041197728587685	-0.050296013909723616	0	1	No-PER3D	No-Essential3D
549	S	549	-22.993	-45.295	-1.2	-0.53	0.479464285714286	-0.6041197728587685	-0.24710509881818848	0	1	No-PER3D	No-Essential3D
550	H	550	-20.518	-42.448	-0.497	-0.53	0.479464285714286	-0.6041197728587685	-0.40813675008769446	0	1	No-PER3D	No-Essential3D
551	K	551	-18.302	-42.063	-3.564	-0.53	0.570290720828355	-0.6041197728587685	-0.11687153703176786	0	1	No-PER3D	No-Essential3D
552	A	552	-20.049	-42.566	-6.955	-0.53	0.517818181818182	-0.6041197728587685	-0.08795558704704272	0	1	No-PER3D	No-Essential3D
553	N	553	-16.823	-42.016	-8.978	-0.53	0.64963503649635	-0.6041197728587685	-0.16815829414207714	0	1	No-PER3D	No-Essential3D
554	G	554	-15.924	-45.662	-9.703	-0.53	0.649090909090909	-0.6041197728587685	0.35504266196700396	0	1	No-PER3D	No-Essential3D
555	Q	555	-13.636	-46.574	-6.754	-0.53	0.653846153846154	-0.6041197728587685	0.5958131046364952	0	1	No-PER3D	No-Essential3D
556	H	556	-13.362	-49.955	-4.934	-0.53	0.818726937269373	-0.6041197728587685	0.7198887990877266	0	0.9999999999999999	No-PER3D	No-Essential3D
557	E	557	-15.468	-52.854	-6.173	-0.53	0.816420664206642	-0.6041197728587685	0.8849202474317465	0	0.9999999999999999	No-PER3D	No-Essential3D
558	I	558	-18.931	-53.815	-5.142	-0.53	0.870848708487085	-0.6041197728587685	0.8554213455572921	0	0.9999999999999999	No-PER3D	No-Essential3D
559	S	559	-19.897	-57.133	-3.964	-0.53	0.921189591078067	-0.6041197728587685	1.0116911738825487	0	0.9999999999999999	No-PER3D	No-Essential3D
560	F	560	-22.82	-58.68	-2.19	-0.53	1.02354399008674	-0.6041197728587685	0.7878636136033867	0	1	No-PER3D	No-Essential3D
561	S	561	-26.192	-59.164	-0.842	-0.53	1.02354399008674	-0.6041197728587685	0.6272529765472201	0	1	No-PER3D	No-Essential3D
562	V	562	-25.717	-62.041	1.777	-0.53	1.01975308641975	-0.4559254094132572	0.5320814564217647	0	1	No-PER3D	No-Essential3D
563	A	563	-27.635	-65.423	0.945	-0.53	1.02643535729038	-0.40652728826475343	0.8213546704686346	0	1	No-PER3D	No-Essential3D
564	D	564	-25.587	-67.408	-1.69	-0.53	1.02829796088223	-0.6041197728587685	1.140040181616538	0	0.9999999999999999	No-PER3D	No-Essential3D
565	T	565	-21.916	-67.892	-2.753	-0.53	1.01776125567947	-0.6041197728587685	1.219472824371334	0	0.9999999999999999	No-PER3D	No-Essential3D
566	E	566	-18.401	-66.466	-1.915	-0.53	0.94733310969473306	-0.6041197728587685	1.252145878012014	0	1	No-PER3D	No-Essential3D
567	V	567	-17.588	-62.767	-1.19	-0.53	1.00943665999428	-0.6041197728587685	1.123015322290144	0	1	No-PER3D	No-Essential3D
568	T	568	-15.187	-61.114	-3.649	-0.53	0.970426065162907	-0.6041197728587685	1.3004554672341868	0	1	No-PER3D	No-Essential3D
569	S	569	-14.321	-57.78	-1.968	-0.53	0.977777777777778	-0.6041197728587685	1.0977097681447365	0	0.9999999999999999	No-PER3D	No-Essential3D
570	S	570	-10.615	-57.006	-2.433	-0.53	0.970426065162907	-0.6041197728587685	1.2242975884181437	0	1	No-PER3D	No-Essential3D
571	I	571	-8.838	-54.154	-4.293	-0.53	0.977777777777778	-0.6041197728587685	1.3365938667709734	0	1	No-PER3D	No-Essential3D
572	S	572	-8.06	-55.288	-7.883	-0.53	1	-0.6041197728587685	1.6060516723765654	0	0.9999999999999999	No-PER3D	No-Essential3D
573	I	573	-8.77	-53.546	-11.263	-0.53	1.01960784313725	-0.6041197728587685	1.540386378285141	0	1	No-PER3D	No-Essential3D
574	N	574	-12.505	-53.103	-12.311	-0.53	1.0273911091154	-0.6041197728587685	1.4980975400819434	0	0.9999999999999999	No-PER3D	No-Essential3D
575	S	575	-15.454	-55.392	-13.484	-0.53	1.00862068965517	-0.6041197728587685	1.536983897465906	0	1	No-PER3D	No-Essential3D
576	S	576	-14.233	-58.892	-14.691	-0.53	1.01744186046512	-0.6041197728587685	1.8422679708311085	0	0.9999999999999999	No-PER3D	No-Essential3D
577	E	577	-14.685	-59.413	-18.551	-0.53	1.01744186046512	-0.6041197728587685	1.964818198777132	0	0.9999999999999999	No-PER3D	No-Essential3D
578	V	578	-11.515	-58.297	-20.588	-0.53	0.979758828596038	-0.6041197728587685	1.964818198777132	0	0.9999999999999999	No-PER3D	No-Essential3D
579	P	579	-8.023	-60.077	-21.051	-0.53	1.05923043666234	-0.6041197728587685	1.9580765938101463	0	1	No-PER3D	No-Essential3D
580	E	580	-5.864	-60.335	-17.81	-0.53	0.995732574679943	-0.6041197728587685	1.9684804405914886	0	0.9999999999999999	No-PER3D	No-Essential3D
581	V	581	-3.948	-63.384	-16.282	-0.53	0.991902834008097	-0.6041197728587685	1.964697272924046	0	1	No-PER3D	No-Essential3D
582	T	582	-5.956	-66.756	-15.878	-0.53	0.996736026111791	-0.6041197728587685	1.9616102525132408	0	0.9999999999999999	No-PER3D	No-Essential3D
583	P	583	-9.436	-67.282	-14.032	-0.53	1.04504504504505	-0.6041197728587685	1.8994460940023739	0	0.9999999999999999	No-PER3D	No-Essential3D
584	S	584	-10.377	-67.58	-10.282	-0.53	1.03803418803419	-0.6041197728587685	1.7304957303451347	0	0.9999999999999999	No-PER3D	No-Essential3D
585	E	585	-8.934	-70.807	-8.554	-0.53	1.00290697674419	-0.6041197728587685	1.6432342691618724	0	1	No-PER3D	No-Essential3D
586	N	586	-6.104	-69.669	-6.057	-0.53	1.0188261351052	-0.6041197728587685	1.6073600060264834	0	1	No-PER3D	No-Essential3D
587	V	587	-6.315	-66.324	-3.953	-0.53	1.00290697674419	-0.6041197728587685	1.6078506668641142	0	1	No-PER3D	No-Essential3D
588	G	588	-9.167	-65.492	-1.443	-0.53	0.995192307692308	-0.6041197728587685	1.3453485124906166	0	0.9999999999999999	No-PER3D	No-Essential3D
589	S	589	-10.96	-67.495	1.355	-0.53	0.981507823613087	-0.6041197728587685	1.2751459613094516	0	0.9999999999999999	No-PER3D	No-Essential3D
590	S	590	-8.777	-70.633	2.29	-0.53	0.905263157894737	-0.6041197728587685	1.332689393351615	0	0.9999999999999999	No-PER3D	No-Essential3D
591	S	591	-10.507	-74.091	2.356	-0.53	0.927027027027027	-0.6041197728587685	1.300050306230748	0	0.9999999999999999	No-PER3D	No-Essential3D
592	Q	592	-11.51	-75.67	5.734	-0.53	0.93062015503876	-0.6041197728587685	1.2111052493108794	0	0.9999999999999999	No-PER3D	No-Essential3D
593	A	593	-14.096	-78.516	6.182	-0.53	0.926153846153846	-0.6041197728587685	1.2274809366878696	0	1	No-PER3D	No-Essential3D
594	S	594	-17.684	-77.511	5.163	-0.53	0.922605363984674	-0.6041197728587685	1.1547201962102907	0	1	No-PER3D	No-Essential3D
595	S	595	-20.639	-79.726	6.054	-0.53	0.927027027027027	-0.6041197728587685	1.183124212226581	0	0.9999999999999999	No-PER3D	No-Essential3D
596	S	596	-23.303	-77.326	4.645	-0.53	0.882882882882883	-0.6041197728587685	1.143489335658826	0	0.9999999999999999	No-PER3D	No-Essential3D
597	D	597	-23.753	-73.645	5.649	-0.53	0.897538523113868	-0.37216337790057685	0.9672998779620327	0	1	No-PER3D	No-Essential3D
598	K	598	-22.357	-71.725	8.699	-0.53	0.848803399686871	-0.25262158018341097	0.7052680663572211	0	0.9999999999999999	No-PER3D	No-Essential3D
599	A	599	-18.598	-71.891	9.51	-0.53	0.813679245283019	-0.40652728826475343	0.7049620270364176	0	0.9999999999999999	No-PER3D	No-Essential3D
600	N	600	-17.397	-71.647	5.848	-0.53	0.807584269662922	-0.49904654624779154	1.0749949501906202	0	1	No-PER3D	No-Essential3D
601	M	601	-19.629	-68.707	4.678	-0.53	0.841662980981866	-0.4559254094132572	0.9865300490903713	0	1	No-PER3D	No-Essential3D
602	L	602	-19.04	-66.628	7.851	-0.53	0.836797877045555	-0.4304479734575281	0.6954236161665645	0	1	No-PER3D	No-Essential3D
603	Q	603	-15.274	-67.183	7.346	-0.53	0.773684210526316	-0.5184021406234979	0.7795602416868466	0	0.9999999999999999	No-PER3D	No-Essential3D
604	E	604	-15.412	-65.681	3.811	-0.53	0.73134328358209	-0.5226880222352615	1.135861559470416	0	0.9999999999999999	No-PER3D	No-Essential3D
605	Y	605	-17.538	-62.802	5.105	-0.53	0.761029411764706	-0.533309554925284	0.7281427681107012	0	0.9999999999999999	No-PER3D	No-Essential3D
606	S	606	-15.135	-62.021	7.928	-0.53	0.766051660516605	-0.5265657246459046	0.4303812567031051	0	1	No-PER3D	No-Essential3D
607	K	607	-12.156	-61.829	5.601	-0.53	0.766051660516605	-0.6041197728587685	0.8610237555665441	0	1	No-PER3D	No-Essential3D
608	F	608	-13.808	-59.43	3.148	-0.53	0.718173431734317	-0.6041197728587685	0.8543762487962442	0	1	No-PER3D	No-Essential3D
609	L	609	-14.87	-57.54	6.133	-0.53	0.75985401459854	-0.6041197728587685	0.37532962208609294	0	0.9999999999999999	No-PER3D	No-Essential3D
610	Q	610	-11.395	-57.542	7.485	-0.53	0.717368961973279	-0.6041197728587685	0.5401532506389406	0	0.9999999999999999	No-PER3D	No-Essential3D
611	Q	611	-10.344	-55.847	4.317	-0.53	0.758695652173913	-0.6041197728587685	0.7472251266245997	0	0.9999999999999999	No-PER3D	No-Essential3D
612	A	612	-13.188	-53.418	4.728	-0.53	0.758695652173913	-0.6041197728587685	0.3919357069844817	0	0.9999999999999999	No-PER3D	No-Essential3D
613	L	613	-11.86	-52.7	8.131	-0.53	0.72202166064982	-0.6041197728587685	0.23337077283123797	0	1	No-PER3D	No-Essential3D
614	D	614	-8.326	-52.658	7.003	-0.53	0.752688172043011	-0.6041197728587685	0.5899064841792905	0	1	No-PER3D	No-Essential3D
615	R	615	-9.484	-49.749	5.199	-0.53	0.733193277310924	-0.6041197728587685	0.5674760629459029	0	0.9999999999999999	No-PER3D	No-Essential3D
616	T	616	-11.226	-47.245	7.265	-0.53	0.746808510638298	-0.6041197728587685	0.2405428363724462	0	0.9999999999999999	No-PER3D	No-Essential3D
617	S	617	-14.059	-45.989	9.351	-0.53	0.621478873239437	-0.6041197728587685	0.11059390303512806	0	0.9999999999999999	No-PER3D	No-Essential3D
618	Q	618	-16.649	-48.014	11.367	-0.53	0.625886524822695	-0.6041197728587685	-0.03701375796111723	0	0.9999999999999999	No-PER3D	No-Essential3D
619	N	619	-16.568	-47.156	15.105	-0.53	0.583745583038869	-0.6041197728587685	-0.04002408412492415	0	1	No-PER3D	No-Essential3D
620	D	620	-13.088	-47.488	16.631	-0.53	0.580046948356808	-0.6041197728587685	0.21388671610240811	0	0.9999999999999999	No-PER3D	No-Essential3D
621	A	621	-10.548	-44.648	15.951	-0.53	0.625886524822695	-0.6041197728587685	0.31799412012016137	0	1	No-PER3D	No-Essential3D
622	Y	622	-7.977	-47.432	16.463	-0.53	0.632616487455197	-0.6041197728587685	0.21105512634611073	0	0.9999999999999999	No-PER3D	No-Essential3D
623	L	623	-6.086	-47.023	13.167	-0.53	0.629893238434164	-0.6041197728587685	0.1850566230703825	0	0.9999999999999999	No-PER3D	No-Essential3D
624	N	624	-3.233	-45.725	15.272	-0.53	0.633928571428572	-0.6041197728587685	0.21346696236951151	0	1	No-PER3D	No-Essential3D
625	S	625	-2.168	-49.21	16.263	-0.53	0.637992831541219	-0.6041197728587685	0.024778005968724887	0	0.9999999999999999	No-PER3D	No-Essential3D
626	P	626	-1.402	-51.662	13.376	-0.53	0.639285714285714	-0.6041197728587685	0.10505572547580569	0	0.9999999999999999	No-PER3D	No-Essential3D
627	S	627	-1.632	-54.271	16.197	-0.53	0.683578832515003	-0.6041197728587685	0.09578066581780134	0	0.9999999999999999	No-PER3D	No-Essential3D
628	L	628	-5.218	-55.024	15.006	-0.53	0.725430597771023	-0.6041197728587685	0.1097071910364737	0	1	No-PER3D	No-Essential3D
629	N	629	-3.979	-58.623	15.013	-0.53	0.725978647686833	-0.6041197728587685	0.13727880533091877	0	0.9999999999999999	No-PER3D	No-Essential3D
630	F	630	-7.094	-60.73	14.821	-0.53	0.723404255319149	-0.6041197728587685	0.2144743978629734	0	0.9999999999999999	No-PER3D	No-Essential3D
631	V	631	-6.228	-62.919	17.838	-0.53	0.723945094051856	-0.6041197728587685	0.1435326220586049	0	0.9999999999999999	No-PER3D	No-Essential3D
632	T	632	-8.024	-60.905	20.541	-0.53	0.686538461538462	-0.6041197728587685	0.12360365755302864	0	1	No-PER3D	No-Essential3D
633	D	633	-8.583	-61.081	24.334	-0.53	0.6375	-0.6041197728587685	0.23552264727405137	0	1	No-PER3D	No-Essential3D
634	N	634	-12.313	-61.858	23.848	-0.53	0.632508833922261	-0.6041197728587685	0.23670436757127386	0	0.9999999999999999	No-PER3D	No-Essential3D
635	Q	635	-11.208	-65.5	23.116	-0.53	0.679478054567023	-0.6041197728587685	0.25424042121922474	0	1	No-PER3D	No-Essential3D
636	T	636	-14.775	-66.555	22.12	-0.53	0.636524822695035	-0.6041197728587685	0.32268253932166424	0	1	No-PER3D	No-Essential3D
637	L	637	-13.665	-66.985	18.438	-0.53	0.632042253521127	-0.6041197728587685	0.38480706488748506	0	1	No-PER3D	No-Essential3D
638	P	638	-14.998	-68.264	15.712	-0.53	0.669221209610605	-0.40652728826475343	0.31658529956726505	0	1	No-PER3D	No-Essential3D
639	N	639	-18.33	-66.649	16.796	-0.53	0.710526315789474	-0.3302527045721971	0.13969853333162352	0	1	No-PER3D	No-Essential3D
640	Q	640	-16.771	-63.336	15.866	-0.53	0.718638790035587	-0.4599306624793521	0.14846919747218487	0	1	No-PER3D	No-Essential3D
641	P	641	-19.117	-60.813	14.176	-0.53	0.682310469314079	-0.3946920147572727	-0.09575922004527905	0	0.9999999999999999	No-PER3D	No-Essential3D
642	A	642	-18.089	-57.195	13.256	-0.53	0.72554347826087	-0.533309554925284	-0.1691080738450321	0	0.9999999999999999	No-PER3D	No-Essential3D
643	F	643	-15.34	-57.381	15.908	-0.53	0.679316888045541	-0.6041197728587685	-0.023961268967711127	0	0.9999999999999999	No-PER3D	No-Essential3D
644	S	644	-13.8	-54.951	13.558	-0.53	0.676365920033494	-0.6041197728587685	-0.005156970301555639	0	0.9999999999999999	No-PER3D	No-Essential3D
645	S	645	-10.072	-54.619	13.072	-0.53	0.681214421252372	-0.6041197728587685	0.132029809286055	0	0.9999999999999999	No-PER3D	No-Essential3D
646	I	646	-9.128	-51.331	11.267	-0.53	0.686132936929284	-0.6041197728587685	0.152330096599193	0	0.9999999999999999	No-PER3D	No-Essential3D
647	D	647	-12.343	-49.466	10.353	-0.53	0.688618925831202	-0.6041197728587685	0.00876385422361761	0	1	No-PER3D	No-Essential3D
648	K	648	-11.293	-46.405	12.304	-0.53	0.768570201803349	-0.6041197728587685	0.18297984170453815	0	1	No-PER3D	No-Essential3D
649	Q	649	-14.312	-44.21	12.791	-0.53	0.768570201803349	-0.6041197728587685	0.26460627118153796	0	1	No-PER3D	No-Essential3D
650	V	650	-15.387	-42.72	16.027	-0.53	0.822610294117647	-0.6041197728587685	0.37240366904843053	0	0.9999999999999999	No-PER3D	No-Essential3D
651	Y	651	-17.192	-44.847	18.472	-0.53	0.779956427015251	-0.6041197728587685	0.2933612321833913	0	0.9999999999999999	No-PER3D	No-Essential3D
652	A	652	-20.695	-45.153	17.338	-0.53	0.774221453287197	-0.6041197728587685	0.006549610417969502	0	0.9999999999999999	No-PER3D	No-Essential3D
653	T	653	-24.17	-44.834	18.455	-0.53	0.735576923076923	-0.6041197728587685	-0.12520902269361325	0	1	No-PER3D	No-Essential3D
654	M	654	-26.822	-45.726	20.906	-0.53	0.741005535055351	-0.6041197728587685	-0.1120613477352435	0	1	No-PER3D	No-Essential3D
655	P	655	-27.703	-46.431	23.637	-0.53	0.658671586715867	-0.6041197728587685	0.011134564005131267	0	1	No-PER3D	No-Essential3D
656	I	656	-24.888	-43.994	24.654	-0.53	0.623452012383901	-0.6041197728587685	0.14613699947168116	0	0.9999999999999999	No-PER3D	No-Essential3D
657	N	657	-26.634	-40.522	24.782	-0.53	0.658671586715867	-0.6041197728587685	0.3166142649374033	0	1	No-PER3D	No-Essential3D
658	S	658	-29.008	-41.662	27.563	-0.53	0.661111111111111	-0.6041197728587685	0.11567807750071307	0	0.9999999999999999	No-PER3D	No-Essential3D
659	F	659	-25.793	-42.505	29.506	-0.53	0.592804428044281	-0.6041197728587685	0.1887031981864822	0	1	No-PER3D	No-Essential3D
660	R	660	-27.277	-41.993	32.98	-0.53	0.568773234200743	-0.6041197728587685	-0.029912415279065293	0	0.9999999999999999	No-PER3D	No-Essential3D
661	S	661	-28.811	-45.494	33.41	-0.53	0.601119402985075	-0.6041197728587685	-0.0903414491269166	0	0.9999999999999999	No-PER3D	No-Essential3D
662	G	662	-25.861	-46.469	35.645	-0.53	0.596666666666667	-0.6041197728587685	-0.0701078443298775	0	1	No-PER3D	No-Essential3D
663	M	663	-25.297	-49.73	33.728	-0.53	0.569296375266525	-0.6041197728587685	-0.017366038334934684	0	0.9999999999999999	No-PER3D	No-Essential3D
664	N	664	-21.694	-50.917	33.384	-0.53	0.633137149991083	-0.6041197728587685	0.1663712511984631	0	0.9999999999999999	No-PER3D	No-Essential3D
665	S	665	-21.672	-49.919	29.738	-0.53	0.628429810585944	-0.6041197728587685	0.0902293489844392	0	0.9999999999999999	No-PER3D	No-Essential3D
666	P	666	-18.809	-49.323	27.273	-0.53	0.629570180131978	-0.6041197728587685	0.16763234035064642	0	0.9999999999999999	No-PER3D	No-Essential3D
667	L	667	-17.354	-46.415	29.151	-0.53	0.623919874312647	-0.6041197728587685	0.20386659060850262	0	1	No-PER3D	No-Essential3D
668	R	668	-15.234	-43.346	28.42	-0.53	0.628611001187179	-0.6041197728587685	0.43594632793142823	0	1	No-PER3D	No-Essential3D
669	T	669	-11.875	-45.056	27.891	-0.53	0.558249556475458	-0.6041197728587685	0.43905131590783725	0	1	No-PER3D	No-Essential3D
670	T	670	-11.885	-44.194	24.139	-0.53	0.601704545454545	-0.6041197728587685	0.43039517491334295	0	1	No-PER3D	No-Essential3D
671	P	671	-8.373	-45.378	23.115	-0.53	0.534848484848485	-0.6041197728587685	0.38023573531702626	0	0.9999999999999999	No-PER3D	No-Essential3D
672	D	672	-7.386	-44.209	19.596	-0.53	0.533834586466166	-0.6041197728587685	0.33028653643184314	0	0.9999999999999999	No-PER3D	No-Essential3D
673	K	673	-4.993	-47.149	19.073	-0.53	0.530337078651685	-0.6041197728587685	0.1719999887877555	0	0.9999999999999999	No-PER3D	No-Essential3D
674	S	674	-6.718	-50.42	19.798	-0.53	0.558249556475458	-0.6041197728587685	0.10829227292596683	0	0.9999999999999999	No-PER3D	No-Essential3D
675	H	675	-7.658	-53.622	18.188	-0.53	0.560348239018599	-0.6041197728587685	0.07740299828983718	0	0.9999999999999999	No-PER3D	No-Essential3D
676	F	676	-10.854	-53.862	20.268	-0.53	0.513681592039801	-0.6041197728587685	0.12488974058488632	0	1	No-PER3D	No-Essential3D
677	G	677	-13.878	-52.349	21.578	-0.53	0.497191011235955	-0.6041197728587685	0.12650809647685238	0	0.9999999999999999	No-PER3D	No-Essential3D
678	L	678	-16.778	-53.234	19.747	-0.53	0.550055493895671	-0.6041197728587685	0.01956846374257094	0	0.9999999999999999	No-PER3D	No-Essential3D
679	I	679	-20.277	-52.549	19.803	-0.53	0.504752851711027	-0.6041197728587685	-0.049559843060492985	0	0.9999999999999999	No-PER3D	No-Essential3D
680	V	680	-22.468	-55.436	20.576	-0.53	0.602809706257982	-0.6041197728587685	-0.15493383736207683	0	1	No-PER3D	No-Essential3D
681	G	681	-25.257	-54.225	22.76	-0.53	0.601106853980417	-0.6041197728587685	-0.21753883240476435	0	1	No-PER3D	No-Essential3D
682	D	682	-25.4	-53.388	26.425	-0.53	0.635204652203087	-0.6041197728587685	0.04990176783988652	0	1	No-PER3D	No-Essential3D
683	S	683	-26.386	-55.887	28.997	-0.53	0.630410654827969	-0.6041197728587685	0.03635036743549074	0	0.9999999999999999	No-PER3D	No-Essential3D
684	Q	684	-23.019	-56.171	30.862	-0.53	0.632798573975045	-0.6041197728587685	0.23347536479334122	0	1	No-PER3D	No-Essential3D
685	H	685	-19.577	-54.461	30.63	-0.53	0.632798573975045	-0.6041197728587685	0.20241149429729324	0	0.9999999999999999	No-PER3D	No-Essential3D
686	S	686	-17.386	-51.363	30.344	-0.53	0.719898605830165	-0.6041197728587685	0.1904460993726456	0	0.9999999999999999	No-PER3D	No-Essential3D
687	F	687	-15.346	-50.832	27.161	-0.53	0.80377358490566	-0.6041197728587685	0.1833235662247385	0	0.9999999999999999	No-PER3D	No-Essential3D
688	P	688	-14.333	-47.573	25.343	-0.53	0.707116104868914	-0.6041197728587685	0.26611838980334346	0	1	No-PER3D	No-Essential3D
689	F	689	-17.157	-44.956	25.087	-0.53	0.709113607990012	-0.6041197728587685	0.255019546590615	0	1	No-PER3D	No-Essential3D
690	S	690	-19.616	-44.606	22.229	-0.53	0.759764579989299	-0.6041197728587685	0.2644635507209472	0	1	No-PER3D	No-Essential3D
691	G	691	-21.187	-41.714	20.301	-0.53	0.797752808988764	-0.6041197728587685	0.4410180347942914	0	0.9999999999999999	No-PER3D	No-Essential3D
692	D	692	-21.826	-39.547	23.409	-0.53	0.792537313432836	-0.6041197728587685	0.5040618626230178	0	1	No-PER3D	No-Essential3D
693	E	693	-18.338	-37.881	23.373	-0.53	0.793258426966292	-0.6041197728587685	0.6611855322475712	0	1	No-PER3D	No-Essential3D
694	T	694	-17.88	-34.603	25.367	-0.53	0.84991974317817	-0.6041197728587685	0.7069137803788168	0	0.9999999999999999	No-PER3D	No-Essential3D
695	N	695	-18.475	-32.308	22.294	-0.53	0.813598386632095	-0.6041197728587685	0.9279022546858937	0	0.9999999999999999	No-PER3D	No-Essential3D
696	H	696	-22.131	-31.733	21.139	-0.53	0.814343551185656	-0.6041197728587685	0.8489211675115662	0	1	No-PER3D	No-Essential3D
697	A	697	-21.492	-30.579	17.484	-0.53	0.777777777777778	-0.6041197728587685	0.8955746916607653	0	1	No-PER3D	No-Essential3D
698	S	698	-21.796	-34.05	15.848	-0.53	0.771929824561403	-0.6041197728587685	0.7441967209221242	0	0.9999999999999999	No-PER3D	No-Essential3D
699	A	699	-19.269	-34.545	13.021	-0.53	0.769038701622971	-0.6041197728587685	0.9437052626473847	0	0.9999999999999999	No-PER3D	No-Essential3D
700	T	700	-17.642	-37.91	13.809	-0.53	0.814343551185656	-0.6041197728587685	0.6459190150925352	0	1	No-PER3D	No-Essential3D
701	S	701	-14.036	-36.878	13.373	-0.53	0.766169154228856	-0.6041197728587685	0.6708042013851989	0	1	No-PER3D	No-Essential3D
702	T	702	-11.44	-39.159	14.978	-0.53	0.869888475836431	-0.6041197728587685	0.48434846331834946	0	1	No-PER3D	No-Essential3D
703	Q	703	-10.228	-35.739	16.35	-0.53	0.985955056179775	-0.6041197728587685	0.7130949165456655	0	0.9999999999999999	No-PER3D	No-Essential3D
704	D	704	-12.952	-35.907	19.076	-0.53	0.948969246367016	-0.6041197728587685	0.7051912611851961	0	1	No-PER3D	No-Essential3D
705	F	705	-12.008	-39.55	19.893	-0.53	0.869888475836431	-0.6041197728587685	0.5319404955168141	0	0.9999999999999999	No-PER3D	No-Essential3D
706	L	706	-8.446	-38.054	20.104	-0.53	0.835714285714286	-0.6041197728587685	0.5346552624734155	0	1	No-PER3D	No-Essential3D
707	D	707	-9.716	-35.276	22.462	-0.53	0.805200729927007	-0.6041197728587685	0.6524573162403364	0	1	No-PER3D	No-Essential3D
708	Q	708	-11.007	-38.18	24.636	-0.53	0.811121323529412	-0.6041197728587685	0.626062667668866	0	1	No-PER3D	No-Essential3D
709	V	709	-7.547	-39.894	24.821	-0.53	0.772992700729927	-0.6041197728587685	0.5104953517566329	0	0.9999999999999999	No-PER3D	No-Essential3D
710	T	710	-5.709	-36.593	25.661	-0.53	0.805860805860806	-0.6041197728587685	0.588785586221613	0	1	No-PER3D	No-Essential3D
711	S	711	-8.068	-35.733	28.602	-0.53	0.767391304347826	-0.6041197728587685	0.6226067264364665	0	1	No-PER3D	No-Essential3D
712	Q	712	-7.909	-39.379	29.813	-0.53	0.767391304347826	-0.6041197728587685	0.5887208221134363	0	0.9999999999999999	No-PER3D	No-Essential3D
713	K	713	-4.084	-39.75	29.432	-0.53	0.767391304347826	-0.6041197728587685	0.5773464233262587	0	1	No-PER3D	No-Essential3D
714	K	714	-3.562	-37.609	32.594	-0.53	0.772363636363636	-0.6041197728587685	0.6769834750209858	0	1	No-PER3D	No-Essential3D
715	A	715	-3.785	-40.914	34.576	-0.53	0.724090909090909	-0.6041197728587685	0.6724905514443825	0	0.9999999999999999	No-PER3D	No-Essential3D
716	E	716	0.053	-40.69	34.418	-0.53	0.762766645119586	-0.6041197728587685	0.7047419023443061	0	0.9999999999999999	No-PER3D	No-Essential3D
717	A	717	1.241	-44.33	34.749	-0.53	0.721607216072161	-0.6041197728587685	0.8124625353628838	0	1	No-PER3D	No-Essential3D
718	Q	718	4.333	-44.017	32.447	-0.53	0.682611506140918	-0.6041197728587685	0.8293214380079528	0	0.9999999999999999	No-PER3D	No-Essential3D
719	P	719	5.805	-45.311	29.902	-0.53	0.725873161764706	-0.6041197728587685	0.8220874215116116	0	0.9999999999999999	No-PER3D	No-Essential3D
720	V	720	3.265	-44.913	27.035	-0.53	0.684313725490196	-0.6041197728587685	0.6739227293493366	0	1	No-PER3D	No-Essential3D
721	H	721	3.667	-48.374	25.411	-0.53	0.678362573099415	-0.6041197728587685	0.7113060493586848	0	1	No-PER3D	No-Essential3D
722	Q	722	1.15	-49.797	22.896	-0.53	0.681228373702422	-0.6041197728587685	0.3555347985242897	0	1	No-PER3D	No-Essential3D
723	A	723	-2.298	-50.881	24.16	-0.53	0.681788582591708	-0.6041197728587685	0.2511149997270738	0	1	No-PER3D	No-Essential3D
724	Y	724	-2.56	-54.674	23.848	-0.53	0.683742131538963	-0.6041197728587685	0.321385837115284	0	1	No-PER3D	No-Essential3D
725	Q	725	-5.563	-56.357	25.464	-0.53	0.650557620817844	-0.6041197728587685	0.4978900930489616	0	0.9999999999999999	No-PER3D	No-Essential3D
726	M	726	-4.556	-60.023	25.799	-0.53	0.655430711610487	-0.5529975373888614	0.5357089744057805	0	1	No-PER3D	No-Essential3D
727	S	727	-5.839	-62.584	28.315	-0.53	0.648698884758364	-0.3872736595194012	0.8342844596949405	0	0.9999999999999999	No-PER3D	No-Essential3D
728	S	728	-3.981	-62.277	31.63	-0.53	0.648698884758364	-0.33718956040519027	1.0019586541846122	0	1	No-PER3D	No-Essential3D
729	F	729	-6.807	-63.618	33.845	-0.53	0.682261208576998	0.007818320991871446	1.0652090818264668	0	1	No-PER3D	No-Essential3D
730	E	730	-6.911	-60.559	36.08	-0.53	0.712962962962963	-0.07717308093182855	1.090276614597851	0	0.9999999999999999	No-PER3D	No-Essential3D
731	Q	731	-8.241	-62.451	39.141	-0.53	0.720164609053498	0.07338311676158286	1.1793169789660554	0	1	No-PER3D	No-Essential3D
732	P	732	-6.615	-61.487	41.954	-0.53	0.714869281045752	0.15468346351602505	1.220492445512632	0	0.9999999999999999	No-PER3D	No-Essential3D
733	F	733	-4.684	-58.339	40.877	-0.53	0.686274509803922	-0.15935632427057664	1.0881180732945623	0	1	No-PER3D	No-Essential3D
734	R	734	-7.21	-56.017	42.542	-0.53	0.648148148148148	-0.09093117833393172	1.022880581144437	0	0.9999999999999999	No-PER3D	No-Essential3D
735	A	735	-4.58	-53.841	44.293	-0.53	0.652416356877323	-0.6041197728587685	0.6309839823398776	0	1	No-PER3D	No-Essential3D
736	P	736	-7.581	-52.606	44.946	-0.53	0.690774907749078	-0.6041197728587685	0.5683546375808675	0	1	No-PER3D	No-Essential3D
737	Y	737	-7.795	-49.192	43.173	-0.53	0.701994301994302	-0.6041197728587685	0.6265717035483348	0	1	No-PER3D	No-Essential3D
738	H	738	-5.46	-47.725	40.568	-0.53	0.713754646840149	-0.6041197728587685	0.7105239439283179	0	1	No-PER3D	No-Essential3D
739	G	739	-4.565	-44.186	41.707	-0.53	0.719101123595506	-0.6041197728587685	0.5848659084834181	0	0.9999999999999999	No-PER3D	No-Essential3D
740	S	740	-1.893	-42.811	39.344	-0.53	0.811293575338519	-0.6041197728587685	0.6503864855138053	0	0.9999999999999999	No-PER3D	No-Essential3D
741	R	741	1.285	-44.491	40.728	-0.53	0.709881878421204	-0.6041197728587685	0.696608327131403	0	1	No-PER3D	No-Essential3D
742	A	742	3.033	-47.577	39.276	-0.53	0.664150943396226	-0.6041197728587685	0.8533196470819907	0	1	No-PER3D	No-Essential3D
743	G	743	3.426	-50.864	41.166	-0.53	0.714574898785425	-0.6041197728587685	0.8148320159561381	0	1	No-PER3D	No-Essential3D
744	I	744	1.278	-53.939	41.856	-0.53	0.714574898785425	-0.4671862387154828	1.031679319439624	0	1	No-PER3D	No-Essential3D
745	A	745	-1.808	-53.088	39.839	-0.53	0.757624398073836	-0.4928612763673489	1.0110141704802478	0	1	No-PER3D	No-Essential3D
746	T	746	-5.547	-53.46	40.13	-0.53	0.815154994259472	-0.4176808715736245	1.056767492311791	0	1	No-PER3D	No-Essential3D
747	Q	747	-6.203	-55.704	37.161	-0.53	0.825972506580872	-0.31535671941503274	1.0769748592396609	0	0.9999999999999999	No-PER3D	No-Essential3D
748	F	748	-8.95	-57.717	38.666	-0.53	0.895674300254453	-0.062117461162487404	1.0809473352761219	0	1	No-PER3D	No-Essential3D
749	S	749	-11.118	-60.29	36.915	-0.53	0.923076923076923	0.02821625745355944	1.1188405660840581	0	1	No-PER3D	No-Essential3D
750	T	750	-13.63	-61.688	39.4	2.21	0.930123311802701	0.12968065674334625	1.020062951018813	0	0.9999999999999999	No-PER3D	No-Essential3D
751	A	751	-13.331	-64.164	42.32	1.66	1.01149425287356	0.4245588201260863	1.0536919953117347	0	1	No-PER3D	No-Essential3D
752	N	752	-13.425	-67.928	41.376	1.66	1.08615384615385	0.3589932909940071	0.8182248675861085	0	1	No-PER3D	No-Essential3D
753	G	753	-10.51	-69.078	39.224	2.48	1.07786259541985	0.6605522877658874	1.4039878951693938	0	1	No-PER3D	No-Essential3D
754	Q	754	-7.976	-66.739	40.828	1.66	1.11083916083916	0.4497736109951114	1.2909979382353478	0	1	No-PER3D	No-Essential3D
755	V	755	-4.662	-67.023	39	1.39	1.03640634174985	0.34438427260972343	1.2877676395370787	0	1	No-PER3D	No-Essential3D
756	N	756	-1.93	-64.43	39.297	1.39	1.11426767676768	-0.011290041322619383	1.2495519086919231	0	0.9999999999999999	No-PER3D	No-Essential3D
757	L	757	-2.005	-62.571	36.008	0.84	1.10588972431078	-0.15351271691686316	1.208689738646104	0	0.9999999999999999	No-PER3D	No-Essential3D
758	R	758	0.424	-60.349	34.211	-0.53	1.10902255639098	-0.36920315007445387	1.1321494283431714	0	0.9999999999999999	No-PER3D	No-Essential3D
759	G	759	1.606	-57.185	35.759	-0.53	1.11742424242424	-0.4722578510911601	1.057572332314641	0	1	No-PER3D	No-Essential3D
760	P	760	3.364	-54.66	35.034	-0.53	1.09605488850772	-0.455775110870209	1.106794134004524	0	1	No-PER3D	No-Essential3D
761	G	761	1.669	-52.885	32.154	-0.53	1.05777777777778	-0.5492107051318312	0.9360105410413765	0	0.9999999999999999	No-PER3D	No-Essential3D
762	T	762	0.056	-49.496	31.845	-0.53	0.964309764309764	-0.6041197728587685	0.8751859102490331	0	0.9999999999999999	No-PER3D	No-Essential3D
763	S	763	-3.564	-48.499	32.464	-0.53	0.994444444444444	-0.6041197728587685	0.7351432234309252	0	0.9999999999999999	No-PER3D	No-Essential3D
764	A	764	-4.652	-49.633	28.943	-0.53	0.918787532170432	-0.6041197728587685	0.5883922898898473	0	1	No-PER3D	No-Essential3D
765	E	765	-5.552	-53.051	30.426	-0.53	0.85634328358209	-0.5679601428922488	0.768334906836312	0	1	No-PER3D	No-Essential3D
766	F	766	-8.014	-51.011	32.488	-0.53	0.85	-0.6041197728587685	0.6713095770540389	0	0.9999999999999999	No-PER3D	No-Essential3D
767	S	767	-10.649	-52.304	34.904	-0.53	0.826388888888889	-0.5194029255086368	0.6299343780950467	0	0.9999999999999999	No-PER3D	No-Essential3D
768	E	768	-13.407	-51.469	32.338	-0.53	0.8317843866171	-0.6041197728587685	0.5394823122559887	0	1	No-PER3D	No-Essential3D
769	F	769	-13.068	-55.215	31.823	-0.53	0.838014981273408	-0.5239822145545898	0.5042328244730514	0	1	No-PER3D	No-Essential3D
770	P	770	-14.264	-58.17	31.8	-0.53	0.794672586015538	-0.5084717193989423	0.4961830850814496	0	1	No-PER3D	No-Essential3D
771	L	771	-14.287	-58.714	28.058	-0.53	0.715789473684211	-0.5217561712683626	0.36976741981777317	0	0.9999999999999999	No-PER3D	No-Essential3D
772	V	772	-17.471	-59.547	26.175	-0.53	0.766917293233083	-0.6041197728587685	0.19802475063838207	0	0.9999999999999999	No-PER3D	No-Essential3D
773	N	773	-18.537	-63.095	25.248	-0.53	0.805263157894737	-0.6041197728587685	0.21714313713308916	0	0.9999999999999999	No-PER3D	No-Essential3D
774	V	774	-22.009	-62.92	23.578	-0.53	0.766185125735688	-0.6041197728587685	0.05457372790297372	0	0.9999999999999999	No-PER3D	No-Essential3D
775	N	775	-23.257	-66.57	23.896	-0.53	0.769230769230769	-0.40078957546347527	0.07351916842655466	0	1	No-PER3D	No-Essential3D
776	D	776	-25.069	-65.904	27.258	-0.53	0.722895215021199	-0.6041197728587685	0.14162391778715253	0	1	No-PER3D	No-Essential3D
777	N	777	-28.655	-65.578	25.811	-0.53	0.67479674796748	-0.6041197728587685	0.10194043152009155	0	1	No-PER3D	No-Essential3D
778	R	778	-29.972	-69.014	26.999	-0.53	0.621153846153846	-0.6041197728587685	0.00414119771744392	0	1	No-PER3D	No-Essential3D
779	A	779	-31.414	-68.07	30.452	-0.53	0.616693944353519	-0.6041197728587685	-0.10930680539854493	0	1	No-PER3D	No-Essential3D
780	G	780	-33.414	-71.326	30.924	-0.53	0.554347826086957	-0.6041197728587685	-0.19786837338541338	0	1	No-PER3D	No-Essential3D
781	M	781	-31.739	-72.789	34.057	-0.53	0.552455357142857	-0.6041197728587685	-0.26028116095040466	0	1	No-PER3D	No-Essential3D
782	T	782	-31.425	-70.661	37.284	-0.53	0.55045871559633	-0.6041197728587685	-0.5263975378072168	0	1	No-PER3D	No-Essential3D
783	S	783	-28.676	-72.968	38.735	-0.53	0.548349056603774	-0.6041197728587685	-0.7085622460349199	0	1	No-PER3D	No-Essential3D
784	S	784	-25.431	-71.231	37.52	-0.53	0.551470588235294	-0.6041197728587685	-0.52679428973085	0	1	No-PER3D	No-Essential3D
785	P	785	-22.048	-71.828	39.37	-0.53	0.479338842975207	0.011040602411068289	-0.08308696770562837	0	1	No-PER3D	No-Essential3D
786	D	786	-22.078	-69.489	42.507	-0.53	0.441535776614311	0.0379556030430819	-0.11736174729096563	0	1	No-PER3D	No-Essential3D
787	A	787	-22.014	-71.774	45.665	-0.53	0.444444444444444	-0.3886736431511507	-0.5847114409674037	0	1	No-PER3D	No-Essential3D
788	T	788	-20.277	-75.07	46.815	-0.53	0.441340782122905	-0.3886736431511507	-0.5847114409674037	0	1	No-PER3D	No-Essential3D
789	T	789	-21.532	-78.631	45.81	-0.53	0.443798449612403	-0.6041197728587685	-0.8770093677513178	0	1	No-PER3D	No-Essential3D
790	G	790	-24.576	-79.481	48.002	-0.53	0.447154471544715	-0.6041197728587685	-0.982645235192333	0	1	No-PER3D	No-Essential3D
791	Q	791	-27.884	-80.76	46.503	-0.53	0.445147679324895	-0.6041197728587685	-0.9261267257201762	0	1	No-PER3D	No-Essential3D
792	T	792	-30.604	-77.955	46.676	-0.53	0.445175438596491	-0.6041197728587685	-0.866811796013469	0	1	No-PER3D	No-Essential3D
