Uniprot_position	aminoacid	Position_in_structure	x	y	z	paraz	mtr	paraz3dscore	mtr3dscore	PER3D_OR	PER3D_pvalue	PER3D	Essential3D
1	M	1	8.029	-8.984	164.875	NA	0.38955223880597	Inf	-1.3912500612008878	94.96539309717443	0.012121212121212123	PER3D	Essential3D
2	G	2	9.747	-5.724	165.548	NA	0.387234042553191	Inf	-0.8684958204807336	93.96539309717443	0.024131896472321994	PER3D	Essential3D
3	V	3	8.423	-2.544	164.088	NA	0.385135135135135	Inf	-0.6002345330549937	25.49634592977323	0.059507512098172115	No-PER3D	No-Essential3D
4	D	4	7.576	-2.541	160.434	NA	0.387662337662338	Inf	-0.9830287948832704	20.521377051822128	0.0710828042569639	No-PER3D	No-Essential3D
5	F	5	8.184	0.456	158.271	NA	0.354545454545455	Inf	-1.193812250532891	20.521377051822128	0.0710828042569639	No-PER3D	No-Essential3D
6	D	6	5.083	2.473	157.611	NA	0.323353293413174	Inf	-0.9426538045828156	0	1	No-PER3D	No-Essential3D
7	V	7	4.136	2.5	153.979	NA	0.4644921552436	Inf	-1.0039374350190704	0	1	No-PER3D	No-Essential3D
8	K	8	2.152	5.296	152.436	NA	0.462301587301587	Inf	-0.9862816770744949	0	1	No-PER3D	No-Essential3D
9	T	9	3.811	8.603	151.786	NA	0.436594202898551	Inf	-1.2354941998913769	0	1	No-PER3D	No-Essential3D
10	F	10	7.086	6.77	152.091	NA	0.43455497382199	Inf	-1.3489824503069692	0	1	No-PER3D	No-Essential3D
11	C	11	5.913	4.598	149.264	NA	0.409263959390863	Inf	-1.110093314455841	0	1	No-PER3D	No-Essential3D
12	H	12	5.041	7.862	147.631	NA	0.407943349753695	Inf	-1.1607184244752828	0	1	No-PER3D	No-Essential3D
13	N	13	8.634	8.983	147.902	NA	0.382352941176471	Inf	-1.328697171239553	0	1	No-PER3D	No-Essential3D
14	L	14	9.79	5.715	146.358	NA	0.476581361661033	Inf	-1.2420201683436374	0	1	No-PER3D	No-Essential3D
15	R	15	7.008	6.186	143.839	NA	0.475328947368421	Inf	-1.188405235205738	0	1	No-PER3D	No-Essential3D
16	A	16	9.437	7.131	141.108	NA	0.473230490018149	Inf	-1.2474093414963596	0	1	No-PER3D	No-Essential3D
17	T	17	9.404	4.371	138.5	NA	0.475232198142415	Inf	-1.225147360276419	0	1	No-PER3D	No-Essential3D
18	K	18	7.041	2.029	140.259	NA	0.573242630385488	Inf	-1.1378485267272862	0	1	No-PER3D	No-Essential3D
19	P	19	3.501	2	139.058	NA	0.571428571428571	Inf	-1.0660636965536456	0	1	No-PER3D	No-Essential3D
20	P	20	2.062	-0.871	141.001	NA	0.540187678498572	Inf	-1.0124330400183932	0	1.0000000000000002	No-PER3D	No-Essential3D
21	Y	21	1.742	-0.63	144.721	NA	0.538187574198655	Inf	-0.9834006931570527	0	1	No-PER3D	No-Essential3D
22	E	22	2.023	-3.91	146.52	NA	0.572365723657237	Inf	-0.9380015003178769	0	1.0000000000000002	No-PER3D	No-Essential3D
23	C	23	0.865	-4.609	150.026	NA	0.602561319730844	Inf	-0.8728700733661552	0	1.0000000000000002	No-PER3D	No-Essential3D
24	P	24	3.651	-4.159	152.451	NA	0.556089743589744	Inf	-0.9844801210530963	0	1	No-PER3D	No-Essential3D
25	V	25	2.559	-7.044	154.619	NA	0.524202300846538	Inf	-0.9710195670382366	17.164833709488356	0.08255091778465556	No-PER3D	No-Essential3D
26	E	26	4.671	-10.039	153.83	NA	0.524202300846538	Inf	-1.0998293157884904	17.164833709488356	0.08255091778465556	No-PER3D	No-Essential3D
27	T	27	1.63	-12.238	153.787	NA	0.495079950799508	Inf	-0.958294689617078	0	1	No-PER3D	No-Essential3D
28	C	28	-0.925	-10.174	151.976	NA	0.446024563671623	Inf	-0.7974965096094554	0	1	No-PER3D	No-Essential3D
29	R	29	-0.761	-9.608	148.279	NA	0.445684843280378	Inf	-0.9376636198483197	0	1	No-PER3D	No-Essential3D
30	K	30	-2.443	-6.591	146.82	NA	0.491078669910787	Inf	-0.8633948258467011	0	1	No-PER3D	No-Essential3D
31	V	31	-1.293	-4.443	143.991	NA	0.49468954248366	Inf	-0.8213694966651722	0	1	No-PER3D	No-Essential3D
32	Y	32	-2.85	-1.295	142.693	NA	0.480166051660517	Inf	-0.7810738095403112	0	1	No-PER3D	No-Essential3D
33	K	33	-1.702	0.988	139.943	NA	0.483736059479554	Inf	-0.86440167736390106	0	1	No-PER3D	No-Essential3D
34	S	34	-3.219	3.804	141.923	NA	0.57379767827529	Inf	-0.9090030080567544	0	1	No-PER3D	No-Essential3D
35	Y	35	-2.008	4.554	145.42	NA	0.571664601404378	Inf	-0.9792284136274596	0	1	No-PER3D	No-Essential3D
36	S	36	-5.486	5.309	146.502	NA	0.603050108932462	Inf	-0.8713406108659087	0	1	No-PER3D	No-Essential3D
37	G	37	-6.781	1.861	147.159	NA	0.640740740740741	Inf	-0.7149805866671222	0	1	No-PER3D	No-Essential3D
38	I	38	-3.478	0.672	148.489	NA	0.607017543859649	Inf	-0.8461166632329327	0	1	No-PER3D	No-Essential3D
39	E	39	-3.711	3.567	150.859	NA	0.611035022500489	Inf	-0.8671849169666664	0	1	No-PER3D	No-Essential3D
40	Y	40	-7.001	2.12	151.977	NA	0.640740740740741	Inf	-0.6350202512710034	0	1	No-PER3D	No-Essential3D
41	H	41	-5.592	-1.392	152.109	NA	0.636029411764706	Inf	-0.7224120362510984	0	1	No-PER3D	No-Essential3D
42	L	42	-2.558	-0.488	154.166	NA	0.635531135531136	Inf	-0.8510408155038949	0	1	No-PER3D	No-Essential3D
43	Y	43	-5.129	0.279	156.827	NA	0.635531135531136	Inf	-0.6026847950966793	0	1	No-PER3D	No-Essential3D
44	H	44	-6.754	-2.817	158.187	NA	0.735878156930789	Inf	-0.4651172400203408	0	1	No-PER3D	No-Essential3D
45	Y	45	-3.286	-3.565	159.423	NA	0.672915319974143	Inf	-0.7032975168077791	0	1	No-PER3D	No-Essential3D
46	D	46	-1.128	-0.569	159.804	NA	0.672915319974143	Inf	-0.6722500235418803	0	1	No-PER3D	No-Essential3D
47	H	47	-3.233	0.15	162.783	NA	0.672915319974143	Inf	-0.48610996579233384	0	1	No-PER3D	No-Essential3D
48	D	48	-1.815	-2.284	165.221	NA	0.673974386802692	Inf	-0.43069686737772034	14.732794326929678	0.09391251632602209	No-PER3D	No-Essential3D
49	N	49	-2.72	-1.963	168.819	NA	0.640740740740741	Inf	0.37055690217593507	0	1	No-PER3D	No-Essential3D
50	P	50	-0.792	1.235	168.781	NA	0.600346020761246	Inf	0.3274177901043878	0	1	No-PER3D	No-Essential3D
51	P	51	-0.884	4.438	168.441	NA	0.679835033644454	Inf	0.36821376809211065	0	1	No-PER3D	No-Essential3D
52	P	52	2.659	5.696	167.36	NA	0.717032967032967	Inf	-0.16230935252446377	0	1	No-PER3D	No-Essential3D
53	P	53	5.784	3.476	168.24	NA	0.74924860455131	Inf	-0.24170304574090345	0	1	No-PER3D	No-Essential3D
54	Q	54	7.91	5.257	171.009	NA	0.804456396465617	Inf	0.5202534106717529	0	1	No-PER3D	No-Essential3D
55	Q	55	7.367	2.831	173.985	NA	0.795590828924162	Inf	0.682113862367342	0	1	No-PER3D	No-Essential3D
56	T	56	7.69	-0.995	174.483	NA	0.861728395061728	Inf	0.4885031102298218	0	1	No-PER3D	No-Essential3D
57	P	57	4.224	-2.943	174.591	NA	0.881313131313131	Inf	0.45754134953314424	0	1	No-PER3D	No-Essential3D
58	L	58	3.437	-3.951	178.287	NA	0.94006734006734	Inf	0.8771732618505778	0	1	No-PER3D	No-Essential3D
59	R	59	0.358	-2.31	180.072	NA	0.960592737339196	Inf	0.8812374364590543	0	1	No-PER3D	No-Essential3D
60	K	60	-2.512	-0.016	178.642	NA	0.974719101123596	Inf	0.7848813655562743	0	1	No-PER3D	No-Essential3D
61	H	61	-2.605	2.773	175.855	NA	0.888838951310861	Inf	0.6205260256404188	0	1	No-PER3D	No-Essential3D
62	K	62	-0.179	5.712	174.803	NA	0.897186311787072	Inf	0.69704309797724	0	1	No-PER3D	No-Essential3D
63	K	63	2.513	7.733	176.837	NA	0.924842767295597	Inf	0.8107295469940012	0	1	No-PER3D	No-Essential3D
64	K	64	4.462	6.859	180.13	NA	0.931875792141952	Inf	1.0301486326458766	0	1	No-PER3D	No-Essential3D
65	G	65	5.179	3.197	181.337	NA	0.903866248693835	Inf	1.03469878941835	0	1	No-PER3D	No-Essential3D
66	R	66	8.768	1.917	180.459	NA	0.927536231884058	Inf	1.0598762474326116	0	1	No-PER3D	No-Essential3D
67	Q	67	11.93	4.253	180.108	NA	0.934698673829109	Inf	1.052391645441913	0	1	No-PER3D	No-Essential3D
68	S	68	13.003	7.33	182.334	NA	0.941472868217054	Inf	1.1222943409137416	0	1	No-PER3D	No-Essential3D
69	R	69	11.989	8.279	186.035	NA	0.927425986842105	Inf	1.1045730108126648	0	1	No-PER3D	No-Essential3D
70	P	70	10.863	5.687	188.845	NA	0.923817325414704	Inf	1.1006654521190808	0	1	No-PER3D	No-Essential3D
71	A	71	13.159	2.511	189.272	NA	0.916683600894127	Inf	1.119038422946285	0	1	No-PER3D	No-Essential3D
72	N	72	17.097	2.639	189.317	NA	0.932432432432432	Inf	1.2302201816170735	0	1	No-PER3D	No-Essential3D
73	K	73	19.492	5.48	190.688	NA	0.932432432432432	Inf	1.2277332471097318	0	1	No-PER3D	No-Essential3D
74	Q	74	17.864	6.995	193.93	NA	0.945054945054945	Inf	1.2182624169151508	0	1	No-PER3D	No-Essential3D
75	S	75	17.766	6.141	197.746	NA	0.932432432432432	Inf	1.2503203177228719	0	1	No-PER3D	No-Essential3D
76	P	76	14.814	3.679	198.713	NA	0.95146166574738	Inf	1.2824057173108308	0	1	No-PER3D	No-Essential3D
77	S	77	11.031	4.592	198.414	NA	0.95146166574738	Inf	1.1733310496854596	0	0.9999999999999999	No-PER3D	No-Essential3D
78	P	78	9.842	7.861	200.301	NA	0.916030534351145	Inf	1.224321836873693	0	1	No-PER3D	No-Essential3D
79	S	79	6.289	8.082	201.86	NA	0.932729007633588	Inf	1.125950781223745	0	1	No-PER3D	No-Essential3D
80	E	80	4.421	5.438	204.03	NA	0.941749049429658	Inf	1.1434169792496174	0	1	No-PER3D	No-Essential3D
81	V	81	5.591	2.454	206.271	NA	0.987595419847328	Inf	1.0392199177625203	0	1	No-PER3D	No-Essential3D
82	S	82	8.848	0.393	206.989	NA	1.00076335877863	Inf	1.0368161687189805	0	1	No-PER3D	No-Essential3D
83	Q	83	10.981	-1.829	204.621	NA	1.01679929266136	Inf	1.0216080029581187	0	1	No-PER3D	No-Essential3D
84	S	84	11.293	-0.529	201.02	NA	0.965061655901351	Inf	1.0607634862360535	0	1	No-PER3D	No-Essential3D
85	P	85	11.898	-1.857	198.239	NA	0.941730523627075	Inf	1.108657944029678	0	1	No-PER3D	No-Essential3D
86	G	86	14.067	-4.892	199.225	NA	0.966910484151864	Inf	1.0715504224401635	0	1	No-PER3D	No-Essential3D
87	R	87	12.069	-7.463	197.306	NA	0.949644225506295	Inf	0.9440153020699694	0	1	No-PER3D	No-Essential3D
88	E	88	12.527	-7.843	193.534	NA	0.929770992366412	Inf	1.1048763368838443	0	1	No-PER3D	No-Essential3D
89	V	89	12.704	-11.637	194.103	NA	0.883838383838384	Inf	1.0195430295328218	0	1.0000000000000002	No-PER3D	No-Essential3D
90	M	90	9.015	-11.973	193.405	NA	0.858490566037736	Inf	0.989932592444807	0	1	No-PER3D	No-Essential3D
91	S	91	7.025	-14.827	191.933	NA	0.852059925093633	Inf	1.055130562250419	0	1	No-PER3D	No-Essential3D
92	Y	92	3.734	-14.009	190.142	NA	0.96229379418696	Inf	1.1716014380906419	0	1.0000000000000002	No-PER3D	No-Essential3D
93	A	93	1.199	-15.508	192.628	NA	0.96229379418696	Inf	1.0632045325943458	0	1.0000000000000002	No-PER3D	No-Essential3D
94	Q	94	3.02	-13.385	195.163	NA	0.964441571036043	Inf	0.8504426660757815	0	1	No-PER3D	No-Essential3D
95	A	95	2.998	-10.491	192.672	NA	0.963607085346216	Inf	0.9549308590141055	0	1	No-PER3D	No-Essential3D
96	Q	96	-0.757	-11.125	192.121	NA	0.940516605166052	Inf	1.0144023443711914	0	0.9999999999999999	No-PER3D	No-Essential3D
97	R	97	-1.281	-9.907	195.67	NA	0.918498168498168	Inf	0.9025847042416971	0	1	No-PER3D	No-Essential3D
98	M	98	1.041	-6.867	195.273	NA	0.925276752767528	Inf	0.9042417335604838	0	1	No-PER3D	No-Essential3D
99	V	99	-1.202	-4.241	193.808	NA	0.940516605166052	Inf	0.9703576252131133	0	1	No-PER3D	No-Essential3D
100	E	100	0.214	-1.214	191.924	NA	0.945921873011834	Inf	0.9501605364896719	0	1	No-PER3D	No-Essential3D
101	V	101	-1.741	1.978	192.852	NA	0.914391143911439	Inf	0.8574490723284893	0	1	No-PER3D	No-Essential3D
102	D	102	-1.624	5.491	191.253	NA	0.907692307692308	Inf	0.9125323349448732	0	1	No-PER3D	No-Essential3D
103	L	103	-1.316	8.561	193.574	NA	0.857487922705314	Inf	0.9090072531436444	0	1	No-PER3D	No-Essential3D
104	H	104	-0.643	12.183	192.393	NA	0.887056471764118	Inf	0.8916622669775233	0	1	No-PER3D	No-Essential3D
105	G	105	1.61	11.163	189.458	NA	0.871402877697842	Inf	0.9788421456065407	0	1	No-PER3D	No-Essential3D
106	R	106	4.081	8.79	191.159	NA	0.856115107913669	Inf	1.0318337322503501	0	1	No-PER3D	No-Essential3D
107	V	107	3.648	4.995	190.614	NA	0.834298318169286	Inf	1.0249129812497646	0	1	No-PER3D	No-Essential3D
108	H	108	3.984	3.235	193.987	NA	0.860331632653061	Inf	1.0243883206006823	0	1	No-PER3D	No-Essential3D
109	R	109	3.552	-0.545	194.046	NA	0.850657108721625	Inf	1.0407904392134661	0	0.9999999999999999	No-PER3D	No-Essential3D
110	I	110	1.718	-1.426	197.253	NA	0.803398380459312	Inf	1.0017766579359835	0	0.9999999999999999	No-PER3D	No-Essential3D
111	S	111	2.444	-4.489	199.277	NA	0.759459820831662	Inf	0.9821296069934564	0	1	No-PER3D	No-Essential3D
112	I	112	-0.402	-6.691	200.343	NA	0.795468691646956	Inf	0.8177319177183283	0	1	No-PER3D	No-Essential3D
113	F	113	0.899	-7.705	203.758	NA	0.736462093862816	Inf	0.8279283673366675	0	1	No-PER3D	No-Essential3D
114	D	114	4.269	-9.049	204.794	NA	0.705969595847238	Inf	0.8002114231696443	0	1	No-PER3D	No-Essential3D
115	N	115	7.728	-10.481	204.333	NA	0.730612244897959	Inf	0.8257764033406237	0	1	No-PER3D	No-Essential3D
116	L	116	7.994	-13.854	202.495	NA	0.762277580071174	Inf	0.7155507929175033	0	0.9999999999999999	No-PER3D	No-Essential3D
117	D	117	5.937	-17.047	203.176	NA	0.778670646309264	Inf	0.6891968702513382	0	1	No-PER3D	No-Essential3D
118	V	118	6.9	-20.091	205.123	NA	0.764535817539351	Inf	0.6433822141126165	0	1	No-PER3D	No-Essential3D
119	V	119	4.919	-23.226	206.581	NA	0.801428571428571	Inf	0.783476672931914	0	1	No-PER3D	No-Essential3D
120	S	120	4.854	-25.766	209.562	NA	0.819761356499895	Inf	0.8132720225947617	0	1.0000000000000002	No-PER3D	No-Essential3D
121	E	121	2.38	-28.088	211.386	NA	0.837857142857143	Inf	0.8287912265970839	0	1	No-PER3D	No-Essential3D
122	D	122	1.902	-31.122	213.719	NA	0.814583333333333	Inf	0.7089600706972679	0	1	No-PER3D	No-Essential3D
123	E	123	-0.287	-32.911	216.31	NA	0.807194244604317	Inf	0.6569833103178921	0	1.0000000000000002	No-PER3D	No-Essential3D
124	E	124	-1.095	-36.44	217.679	NA	0.80945529290853	Inf	0.5273458915616638	0	1.0000000000000002	No-PER3D	No-Essential3D
125	A	125	-1.973	-38.366	220.879	NA	0.770153985507247	Inf	0.5650754192512337	0	1.0000000000000002	No-PER3D	No-Essential3D
126	P	126	-1.96	-41.958	221.98	NA	0.786122090469917	Inf	0.6072141550715778	0	1	No-PER3D	No-Essential3D
127	E	127	-4.338	-43.925	224.223	NA	0.789914987772214	Inf	0.6917606035521532	0	1	No-PER3D	No-Essential3D
166	H	166	-4.624	-47.442	225.793	NA	0.916883116883117	Inf	0.7741234381270556	0	1	No-PER3D	No-Essential3D
167	N	167	-6.757	-49.533	228.245	NA	0.868887430259271	Inf	0.8459090425866289	0	0.9999999999999999	No-PER3D	No-Essential3D
168	V	168	-6.791	-52.373	230.818	NA	0.916149068322981	Inf	0.8497366088953615	0	0.9999999999999999	No-PER3D	No-Essential3D
169	S	169	-9.55	-54.967	230.92	NA	0.960431654676259	Inf	0.8465529324472967	0	1	No-PER3D	No-Essential3D
170	A	170	-11.064	-57.389	233.329	NA	0.953571428571428	Inf	0.8606307566550451	0	1.0000000000000002	No-PER3D	No-Essential3D
171	S	171	-14.323	-59.311	233.87	NA	0.959677419354839	Inf	0.898424793699952	0	1	No-PER3D	No-Essential3D
172	T	172	-16.491	-61.68	236.013	NA	0.966606498194946	Inf	0.919343998071591	0	1	No-PER3D	No-Essential3D
173	T	173	-19.965	-63.184	235.409	NA	0.955758962623951	Inf	0.9469067024474715	0	1	No-PER3D	No-Essential3D
174	P	174	-22.581	-64.065	237.884	NA	0.947089947089947	Inf	1.2000584502250098	0	1	No-PER3D	No-Essential3D
175	K	175	-24.429	-67.358	238.445	NA	0.953227124183007	Inf	1.1667256896732825	0	1	No-PER3D	No-Essential3D
176	L	176	-23.048	-70.492	237.016	NA	0.908914352301418	Inf	1.1368964200736464	0	1	No-PER3D	No-Essential3D
177	P	177	-20.661	-69.61	234.318	NA	0.891358024691358	Inf	1.0645048920048346	0	1	No-PER3D	No-Essential3D
178	E	178	-21.874	-69.204	230.776	NA	0.860348583877996	Inf	0.9970481415837069	0	1	No-PER3D	No-Essential3D
179	V	179	-21.179	-72.206	228.636	NA	0.910585012717668	Inf	1.0024238207405543	0	1	No-PER3D	No-Essential3D
180	V	180	-20.197	-69.941	225.797	NA	0.874812030075188	Inf	0.8836264208189961	0	1	No-PER3D	No-Essential3D
181	Y	181	-17.235	-67.719	226.344	NA	0.869924812030075	Inf	0.87774621024936506	0	1	No-PER3D	No-Essential3D
182	R	182	-18.026	-64.082	225.857	NA	0.820964360587002	Inf	0.87774621024936506	0	1	No-PER3D	No-Essential3D
183	E	183	-15.521	-61.509	224.79	NA	0.756392045454545	Inf	0.8890252893270414	0	1	No-PER3D	No-Essential3D
184	L	184	-13.831	-59.774	227.657	NA	0.75712927756654	Inf	0.8960077907915409	0	1	No-PER3D	No-Essential3D
185	E	185	-15.017	-56.291	228.377	NA	0.828863346104726	Inf	0.8462910224244734	0	1	No-PER3D	No-Essential3D
186	Q	186	-12.243	-53.782	228.129	NA	0.854247104247104	Inf	0.8465529324472967	0	1	No-PER3D	No-Essential3D
187	D	187	-13.703	-51.474	230.681	NA	0.804833561331509	Inf	0.8177888248329654	0	1	No-PER3D	No-Essential3D
188	T	188	-14.174	-52.705	234.205	NA	0.837008214440121	Inf	0.8138312517836183	0	1	No-PER3D	No-Essential3D
189	P	189	-17.247	-51.7	236.054	NA	0.808823529411765	Inf	0.8822762570076211	0	1	No-PER3D	No-Essential3D
190	D	190	-17.39	-47.999	236.695	NA	0.789881680946553	Inf	0.7288436219460322	0	1	No-PER3D	No-Essential3D
191	A	191	-15.673	-47.562	239.996	NA	0.838940981798125	Inf	0.5220112365351041	0	1	No-PER3D	No-Essential3D
192	P	192	-12.605	-45.849	241.187	NA	0.801620859760395	Inf	0.520995283673331	0	1	No-PER3D	No-Essential3D
193	P	193	-9.701	-47.955	242.2	NA	0.801620859760395	Inf	0.4884482933458284	0	1	No-PER3D	No-Essential3D
194	R	194	-8.991	-48.184	245.881	NA	0.761624979016283	Inf	0.36195726570966685	0	1	No-PER3D	No-Essential3D
195	P	195	-5.671	-48.889	247.371	NA	0.803861003861004	Inf	0.3240173531907179	0	1	No-PER3D	No-Essential3D
196	T	196	-5.436	-51.432	250.138	NA	0.817948717948718	Inf	0.30193207770571345	0	1	No-PER3D	No-Essential3D
197	S	197	-3.19	-49.122	252.061	NA	0.732323232323232	Inf	0.30193207770571345	0	1	No-PER3D	No-Essential3D
198	Y	198	-4.346	-46.008	253.832	NA	0.735902255639098	Inf	0.2522953605914307	0	1	No-PER3D	No-Essential3D
199	Y	199	-4.967	-42.716	252.106	NA	0.735902255639098	Inf	0.2281059600398317	0	1	No-PER3D	No-Essential3D
200	R	200	-1.821	-40.958	251.027	NA	0.731039325842697	Inf	0.2281059600398317	0	1	No-PER3D	No-Essential3D
201	Y	201	-0.525	-37.406	251.158	NA	0.725604089219331	Inf	0.13594861759898969	0	1	No-PER3D	No-Essential3D
202	I	202	-3.109	-34.666	250.89	NA	0.758801661928712	Inf	0.12324379365770169	0	1	No-PER3D	No-Essential3D
203	E	203	-1.268	-33.001	248.007	NA	0.711357113571136	Inf	0.10282529784875889	0	1	No-PER3D	No-Essential3D
204	K	204	-0.547	-29.389	247.277	NA	0.675927935749946	Inf	0.0977900237989536	0	1	No-PER3D	No-Essential3D
205	S	205	-3.141	-27.102	245.803	NA	0.709307093070931	Inf	0.09733506645658141	0	1	No-PER3D	No-Essential3D
206	A	206	-1.002	-26.454	242.78	NA	0.70874183006536	Inf	0.07917535281973885	0	1	No-PER3D	No-Essential3D
207	E	207	-0.654	-30.196	242.699	NA	0.781862745098039	Inf	0.07965425347037693	0	1	No-PER3D	No-Essential3D
208	E	208	-4.39	-30.539	242.432	NA	0.778998778998779	Inf	0.07965425347037693	0	1	No-PER3D	No-Essential3D
209	L	209	-3.795	-28.662	239.257	NA	0.773333333333333	Inf	0.035185300843853795	0	1	No-PER3D	No-Essential3D
210	D	210	-0.939	-31.079	239.047	NA	0.665601023017903	Inf	0.05576493857093722	0	1	No-PER3D	No-Essential3D
211	E	211	0.433	-27.898	237.603	NA	0.712363138686131	Inf	0.14845259021473461	0	1	No-PER3D	No-Essential3D
212	E	212	-0.688	-29.114	234.291	NA	0.714972527472528	Inf	0.24059054821354225	0	1	No-PER3D	No-Essential3D
213	V	213	-1.49	-25.492	233.721	NA	0.710310218978102	Inf	0.3364832882751393	0	1	No-PER3D	No-Essential3D
214	E	214	-2.685	-22.921	236.205	NA	0.710310218978102	Inf	0.3070542997444547	0	1	No-PER3D	No-Essential3D
215	Y	215	-4.696	-21.084	233.598	NA	0.703125	Inf	0.3257492226508135	0	1	No-PER3D	No-Essential3D
216	D	216	-8.082	-22.524	232.755	NA	0.666666666666667	Inf	0.24750057255835803	0	1	No-PER3D	No-Essential3D
217	M	217	-10.012	-21.384	229.719	NA	0.703125	Inf	0.3336231840428377	0	1	No-PER3D	No-Essential3D
218	D	218	-13.526	-20.186	230.352	NA	0.69806654676259	Inf	0.21709012952487944	0	1	No-PER3D	No-Essential3D
219	E	219	-16.445	-20.186	227.971	NA	0.665707434052758	Inf	0.19835761965761567	0	1	No-PER3D	No-Essential3D
220	E	220	-15.424	-16.793	226.709	NA	0.667144563918758	Inf	0.25018384710521013	0	1	No-PER3D	No-Essential3D
221	D	221	-11.944	-18.017	225.942	NA	0.747857142857143	Inf	0.3776227396733836	0	1	No-PER3D	No-Essential3D
222	Y	222	-13.224	-21.065	224.128	NA	0.711743772241993	Inf	0.43181395867169364	0	1	No-PER3D	No-Essential3D
223	I	223	-15.432	-19.191	221.727	NA	0.764303312346017	Inf	0.44075430036891433	0	1	No-PER3D	No-Essential3D
224	W	224	-12.726	-16.745	220.788	NA	0.830367734282325	Inf	0.4586318719742362	0	1	No-PER3D	No-Essential3D
225	L	225	-10.153	-19.457	220.416	NA	0.855718085106383	Inf	0.5619588156993419	0	1	No-PER3D	No-Essential3D
226	D	226	-12.366	-21.441	218.119	NA	0.803886925795053	Inf	0.572249350059817	0	1	No-PER3D	No-Essential3D
227	I	227	-13.921	-18.7	216.086	NA	0.819787985865724	Inf	0.6497905741110029	0	1.0000000000000002	No-PER3D	No-Essential3D
228	M	228	-11.353	-15.96	216.169	NA	0.88713777325877	Inf	0.6497905741110029	0	1.0000000000000002	No-PER3D	No-Essential3D
229	N	229	-8.072	-17.822	216.052	NA	0.88339222614841	Inf	0.768849449047741	0	0.9999999999999999	No-PER3D	No-Essential3D
230	E	230	-8.99	-21.301	214.881	NA	0.874125874125874	Inf	0.7887268938401357	0	0.9999999999999999	No-PER3D	No-Essential3D
231	R	231	-11.464	-20.388	212.182	NA	0.90006447453256	Inf	0.8770132139800761	0	1	No-PER3D	No-Essential3D
232	R	232	-8.898	-19.501	209.618	NA	0.909090909090909	Inf	0.9701433333673628	0	1	No-PER3D	No-Essential3D
233	K	233	-6.875	-22.644	209.72	NA	0.892857142857143	Inf	0.9541072101674286	0	1	No-PER3D	No-Essential3D
234	T	234	-5.177	-21.646	206.511	NA	0.931494661921708	Inf	0.9821949560656223	0	1.0000000000000002	No-PER3D	No-Essential3D
235	E	235	-1.632	-22.29	205.488	NA	0.931494661921708	Inf	0.8889806146646314	0	1	No-PER3D	No-Essential3D
236	G	236	0.816	-20.236	207.434	NA	0.9375	Inf	0.8455847570596781	0	1	No-PER3D	No-Essential3D
237	V	237	-1.485	-20.585	210.342	NA	0.938848920863309	Inf	0.8718317035465134	0	1	No-PER3D	No-Essential3D
238	S	238	-1.711	-23.594	212.555	NA	0.925707771233137	Inf	0.862296175881003	0	1	No-PER3D	No-Essential3D
239	P	239	-4.358	-24.602	214.936	NA	0.880072463768116	Inf	0.8483322170758716	0	1	No-PER3D	No-Essential3D
240	I	240	-3.914	-23.681	218.551	NA	0.83754512635379	Inf	0.7412493538754424	0	1	No-PER3D	No-Essential3D
241	P	241	-4.578	-26.347	221.014	NA	0.836930455635492	Inf	0.6250091309286475	0	1	No-PER3D	No-Essential3D
242	Q	242	-6.609	-25.611	224.095	NA	0.836930455635492	Inf	0.4351407695489368	0	1	No-PER3D	No-Essential3D
243	E	243	-3.758	-26.845	226.226	NA	0.836320191158901	Inf	0.42561276501918477	0	1	No-PER3D	No-Essential3D
244	I	244	-1.382	-24.648	224.31	NA	0.839328537170264	Inf	0.5244027717427552	0	1	No-PER3D	No-Essential3D
245	F	245	-3.664	-21.671	224.676	NA	0.802867383512545	Inf	0.48676038191845966	0	0.9999999999999999	No-PER3D	No-Essential3D
246	E	246	-3.67	-21.882	228.44	NA	0.838095238095238	Inf	0.38916731057923065	0	1	No-PER3D	No-Essential3D
247	Y	247	0.017	-22.607	228.643	NA	0.804571428571429	Inf	0.4218220185101952	0	1	No-PER3D	No-Essential3D
248	L	248	0.774	-19.402	226.804	NA	0.788530465949821	Inf	0.45906645367793797	0	1	No-PER3D	No-Essential3D
249	M	249	-1.623	-17.388	228.917	NA	0.8192	Inf	0.41716433662647884	0	1	No-PER3D	No-Essential3D
250	D	250	-0.072	-18.815	232.033	NA	0.85958485958486	Inf	0.37769364977976105	0	1	No-PER3D	No-Essential3D
251	R	251	3.262	-17.573	230.785	NA	0.858880778588808	Inf	0.436580401048185	0	1	No-PER3D	No-Essential3D
252	L	252	1.919	-14.086	230.294	NA	0.836923076923077	Inf	0.4234547579657762	0	1	No-PER3D	No-Essential3D
253	E	253	0.406	-14.046	233.74	NA	0.797228883559819	Inf	0.3666707689696808	0	1	No-PER3D	No-Essential3D
254	K	254	3.698	-14.987	235.317	NA	0.802379997325846	Inf	0.3482178931268663	0	1	No-PER3D	No-Essential3D
255	E	255	5.682	-12.462	233.333	NA	0.784226603721189	Inf	0.41257714899124	0	1	No-PER3D	No-Essential3D
256	S	256	3.237	-9.617	233.698	NA	0.764620938628159	Inf	0.31649288214430693	0	1	No-PER3D	No-Essential3D
257	Y	257	3.243	-9.971	237.412	NA	0.783830078794108	Inf	0.15828540400832183	0	1	No-PER3D	No-Essential3D
258	F	258	6.996	-9.748	237.446	NA	0.781020651988394	Inf	0.155601400840877	0	1	No-PER3D	No-Essential3D
259	E	259	7.358	-7.133	234.741	NA	0.721479958890031	Inf	0.2247713770040132	0	1	No-PER3D	No-Essential3D
260	S	260	4.523	-5.107	236.073	NA	0.716326530612245	Inf	0.06046744707489524	0	1.0000000000000002	No-PER3D	No-Essential3D
261	H	261	5.312	-5.454	239.706	NA	0.681332901973471	Inf	-4.6463697287510723e-4	0	1.0000000000000002	No-PER3D	No-Essential3D
262	N	262	7.373	-2.738	241.212	NA	0.654295882053889	Inf	-0.09969869226168954	0	1.0000000000000002	No-PER3D	No-Essential3D
263	K	263	5.96	0.141	239.257	NA	0.654295882053889	Inf	-0.08095321579819423	0	1.0000000000000002	No-PER3D	No-Essential3D
264	G	264	5.999	3.846	239.755	NA	0.624555160142349	Inf	-0.23491701146171026	0	1	No-PER3D	No-Essential3D
265	D	265	3.53	3.034	242.454	NA	0.674673784104389	Inf	-0.24559624067370278	0	1.0000000000000002	No-PER3D	No-Essential3D
266	P	266	4.129	-0.423	243.692	NA	0.674673784104389	Inf	-0.13042335441710678	0	1.0000000000000002	No-PER3D	No-Essential3D
267	N	267	1.321	-2.506	245.104	NA	0.649398704902868	Inf	-0.1198016449783877	0	1	No-PER3D	No-Essential3D
268	A	268	1.337	-5.737	246.992	NA	0.648499693815064	Inf	-0.2270369385939481	0	1	No-PER3D	No-Essential3D
269	L	269	-1.172	-8.504	246.595	NA	0.646224256292906	Inf	-0.6061548535903983	0	1.0000000000000002	No-PER3D	No-Essential3D
270	V	270	-1.04	-11.612	248.668	NA	0.680372630902666	Inf	-0.7635139758365577	0	1	No-PER3D	No-Essential3D
271	D	271	-1.371	-14.504	246.301	NA	0.717844433146924	Inf	-0.565523047759347	0	1	No-PER3D	No-Essential3D
272	E	272	-0.97	-16.776	249.255	NA	0.745263157894737	Inf	-0.40408932655512175	0	1	No-PER3D	No-Essential3D
273	D	273	-3.95	-16.799	251.526	NA	0.737979094076655	Inf	-0.7587704464430568	0	1	No-PER3D	No-Essential3D
274	A	274	-4.852	-15.372	253.777	NA	0.7375	Inf	-0.8813661174615502	0	1	No-PER3D	No-Essential3D
275	V	275	-6.3	-13.477	256.693	NA	0.73448275862069	Inf	-0.8435739604754776	0	1	No-PER3D	No-Essential3D
276	C	276	-9.245	-11.282	257.526	NA	0.773139745916515	Inf	-1.0728985967257154	0	1	No-PER3D	No-Essential3D
277	C	277	-8.367	-7.611	257.225	NA	0.714715920497892	Inf	-0.8550040183040213	0	1	No-PER3D	No-Essential3D
278	I	278	-10.616	-6.582	260.074	NA	0.735616438356164	Inf	-0.9447548335563186	0	1	No-PER3D	No-Essential3D
279	C	279	-9.59	-8.976	262.873	NA	0.740689655172414	Inf	-0.8708244689250974	0	1	No-PER3D	No-Essential3D
280	N	280	-6.244	-9.957	261.37	NA	0.764439712536599	Inf	-0.7690522394943574	0	1	No-PER3D	No-Essential3D
281	D	281	-7.045	-13.6	262.109	NA	0.677571563384712	Inf	-0.8743024426764754	0	1	No-PER3D	No-Essential3D
282	G	282	-7.161	-16.493	259.67	NA	0.678030303030303	Inf	-0.8822828174512745	0	1	No-PER3D	No-Essential3D
283	E	283	-10.055	-18.792	260.28	NA	0.565410199556541	Inf	-1.0757698957244606	0	1	No-PER3D	No-Essential3D
284	C	284	-10.655	-22.221	258.803	NA	0.497560975609756	Inf	-0.9203278491105925	0	1	No-PER3D	No-Essential3D
285	Q	285	-14.212	-21.804	260.095	NA	0.494773519163763	Inf	-1.2489002776440927	0	1	No-PER3D	No-Essential3D
286	N	286	-16.732	-23.422	257.789	NA	0.415204678362573	Inf	-1.5500739349524153	0	1	No-PER3D	No-Essential3D
287	S	287	-19.685	-21.411	259.105	NA	0.467105263157895	Inf	-1.8006200377506132	0	1	No-PER3D	No-Essential3D
288	N	288	-17.997	-18.06	259.482	NA	0.470406360424028	Inf	-1.687985186231364	0	1	No-PER3D	No-Essential3D
289	V	289	-15.849	-18.261	256.388	NA	0.311837455830389	Inf	-1.5110972908198739	0	1	No-PER3D	No-Essential3D
290	I	290	-13.46	-15.718	254.99	NA	0.412865497076023	Inf	-1.2952210763381646	0	1	No-PER3D	No-Essential3D
291	L	291	-15.016	-14.17	251.918	NA	0.412865497076023	Inf	-1.3709169899542881	0	1	No-PER3D	No-Essential3D
292	F	292	-12.97	-12.74	249.099	NA	0.413145539906103	Inf	-1.2529727002183084	0	1	No-PER3D	No-Essential3D
293	C	293	-14.304	-9.819	247.139	NA	0.374204946996466	Inf	-1.244990436343144	33.615471402527724	0.04782437560249725	PER3D	Essential3D
294	D	294	-14.314	-10.916	243.567	NA	0.453900709219858	Inf	-1.2371082663932096	93.96539309717443	0.024131896472321994	PER3D	Essential3D
295	M	295	-13.22	-7.521	242.347	NA	0.49469964664311	Inf	-1.1270228077107478	93.96539309717443	0.024131896472321994	PER3D	Essential3D
296	C	296	-10.866	-6.114	245.005	NA	0.275807722616233	Inf	-0.9119794616879333	17.164833709488356	0.08255091778465556	No-PER3D	No-Essential3D
297	N	297	-9.851	-9.405	246.599	NA	0.275807722616233	Inf	-0.8313429781746613	0	1	No-PER3D	No-Essential3D
298	L	298	-10.728	-7.975	250.006	NA	0.277580071174377	Inf	-0.9491979871284839	14.732794326929678	0.09391251632602209	No-PER3D	No-Essential3D
299	A	299	-10.616	-10.771	252.558	NA	0.278571428571429	Inf	-0.9388679150263278	0	1.0000000000000002	No-PER3D	No-Essential3D
300	V	300	-12.946	-10.658	255.522	NA	0.278571428571429	Inf	-1.0943537173364675	0	1	No-PER3D	No-Essential3D
301	H	301	-14.789	-12.893	257.946	NA	0.253429602888087	Inf	-1.276872580625836	0	1	No-PER3D	No-Essential3D
302	Q	302	-18.477	-12.951	257.24	NA	0.253623188405797	Inf	-1.4641494283929686	0	1	No-PER3D	No-Essential3D
303	E	303	-19.076	-11.921	260.846	NA	0.254014598540146	Inf	-1.545986093714295	0	1	No-PER3D	No-Essential3D
304	C	304	-16.463	-9.191	260.803	NA	0.348651348651349	Inf	-1.0409893671293298	0	1	No-PER3D	No-Essential3D
305	Y	305	-17.803	-7.513	257.663	NA	0.321691176470588	Inf	-1.1695736333134035	42.88516469290782	0.003866555215564702	PER3D	Essential3D
306	G	306	-21.464	-8.134	258.48	NA	0.32380073800738	Inf	-1.3315297345624486	59.09481627484666	0.002274123090813006	PER3D	Essential3D
307	V	307	-22.554	-10.451	255.682	NA	0.326208178438662	Inf	-1.5535800358179384	20.521377051822128	0.0710828042569639	No-PER3D	No-Essential3D
308	P	308	-25.856	-12.1	256.517	NA	0.328651685393258	Inf	-1.709786214882446	0	1	No-PER3D	No-Essential3D
309	Y	309	-25.278	-15.19	254.412	NA	0.303370786516854	Inf	-1.7749880616196319	0	1	No-PER3D	No-Essential3D
310	I	310	-23.012	-16.521	251.719	NA	0.279850746268657	Inf	-1.7226794685934455	0	1	No-PER3D	No-Essential3D
311	P	311	-24.346	-15.975	248.301	NA	0.46265697290152	Inf	-1.6430625033404105	0	1	No-PER3D	No-Essential3D
312	E	312	-24.378	-18.438	245.489	NA	0.464396284829721	Inf	-1.3523585649830459	0	1	No-PER3D	No-Essential3D
313	G	313	-22.094	-16.823	242.993	NA	0.464816870144284	Inf	-1.4373564703797537	0	1	No-PER3D	No-Essential3D
314	Q	314	-19.605	-14.005	243.321	NA	0.545900178253119	Inf	-1.328281027264324	0	1	No-PER3D	No-Essential3D
315	W	315	-19.516	-11.756	246.34	NA	0.580018939393939	Inf	-1.5313634829525442	49.313107720314726	0.036032727003147344	PER3D	Essential3D
316	L	316	-18.731	-8.065	246.206	NA	0.582776717557252	Inf	-1.238979182457449	49.313107720314726	0.036032727003147344	PER3D	Essential3D
317	C	317	-17.799	-5.822	249.103	NA	0.586685823754789	Inf	-1.1664057923786193	33.615471402527724	0.04782437560249725	PER3D	Essential3D
318	R	318	-19.701	-2.61	249.659	NA	0.591216216216216	Inf	-0.8545930496217071	49.721213989588726	0.003019727995090187	PER3D	Essential3D
319	R	319	-16.992	-0.552	248.003	NA	0.588942307692308	Inf	-0.7036424244195735	10.311111111111119	0.12736482756478654	No-PER3D	No-Essential3D
320	C	320	-16.933	-2.631	244.849	NA	0.623409669211196	Inf	-0.7593217467301535	20.521377051822128	0.0710828042569639	No-PER3D	No-Essential3D
321	L	321	-20.685	-2.513	244.636	NA	0.612459783562445	Inf	-0.6822940575502443	25.49634592977323	0.059507512098172115	No-PER3D	No-Essential3D
322	Q	322	-20.521	1.29	244.566	NA	0.569247546346783	Inf	-0.44229159262324014	25.49634592977323	0.059507512098172115	No-PER3D	No-Essential3D
323	S	323	-17.87	2.889	242.35	NA	0.668582375478927	Inf	-0.6384972004408361	25.49634592977323	0.059507512098172115	No-PER3D	No-Essential3D
324	P	324	-15.77	-0.126	241.528	NA	0.719318849089841	Inf	-0.750214133776484	25.49634592977323	0.059507512098172115	No-PER3D	No-Essential3D
325	S	325	-13.118	1.897	239.726	NA	0.61596958174905	Inf	-0.6289683274886617	0	1	No-PER3D	No-Essential3D
326	R	326	-12.342	4.563	242.281	NA	0.619479379935654	Inf	-0.4955670051866603	0	1	No-PER3D	No-Essential3D
327	A	327	-10.683	4.331	245.653	NA	0.671102661596958	Inf	-0.4022558217584301	0	1	No-PER3D	No-Essential3D
328	V	328	-12.554	5.75	248.596	NA	0.664772727272727	Inf	-0.23930741713713996	10.311111111111119	0.12736482756478654	No-PER3D	No-Essential3D
329	D	329	-11.253	7.688	251.562	NA	0.664772727272727	Inf	-0.30172251846268394	0	1	No-PER3D	No-Essential3D
330	C	330	-11.768	6.656	255.151	NA	0.663533834586466	Inf	-0.46387898828904794	0	1	No-PER3D	No-Essential3D
331	A	331	-13.376	9.4	257.174	NA	0.710440251572327	Inf	-0.618247137022024	0	1	No-PER3D	No-Essential3D
332	L	332	-11.366	8.25	260.216	NA	0.832547169811321	Inf	-0.6938127924122339	0	1	No-PER3D	No-Essential3D
333	C	333	-7.803	7.756	258.904	NA	0.832547169811321	Inf	-0.8301877589099029	20.521377051822128	0.0710828042569639	No-PER3D	No-Essential3D
334	P	334	-5.421	8.381	256.026	NA	0.814046121593291	Inf	-0.8578431890162236	20.521377051822128	0.0710828042569639	No-PER3D	No-Essential3D
335	N	335	-5.067	4.777	254.805	NA	0.742845117845118	Inf	-0.5870636436688048	25.49634592977323	0.059507512098172115	No-PER3D	No-Essential3D
336	K	336	-6.659	3.498	251.577	NA	0.742845117845118	Inf	-0.2196236840112491	0	1.0000000000000002	No-PER3D	No-Essential3D
337	G	337	-6.742	-0.307	251.728	NA	0.698456667985754	Inf	-0.5476360941114415	0	1	No-PER3D	No-Essential3D
338	G	338	-9.011	-2.644	253.659	NA	0.703078450844091	Inf	-0.6316441187127994	12.902997526204338	0.10516826146482933	No-PER3D	No-Essential3D
339	A	339	-12.717	-3.129	254.323	NA	0.698456667985754	Inf	-0.8452077362070219	12.902997526204338	0.10516826146482933	No-PER3D	No-Essential3D
340	F	340	-15.014	-0.138	253.966	NA	0.737259816207185	Inf	-0.6739556779899738	37.645262680363196	0.004813300133782129	PER3D	Essential3D
341	K	341	-18.651	0.641	254.556	NA	0.78062804068996	Inf	-0.6834501989338475	27.50960431347262	0.008240087635735199	PER3D	Essential3D
342	Q	342	-20.565	3.787	253.785	NA	0.656133828996283	Inf	-0.571774862722871	33.51996977354169	0.005858664314313874	PER3D	Essential3D
343	T	343	-21.389	6.161	256.601	NA	0.66044776119403	Inf	-0.560299109976181	33.51996977354169	0.005858664314313874	PER3D	Essential3D
344	D	344	-24.769	7.719	257.227	NA	0.654411764705882	Inf	-0.64936916324344	14.732794326929678	0.09391251632602209	No-PER3D	No-Essential3D
345	D	345	-23.407	11.16	256.307	NA	0.604072398190045	Inf	-0.6350958735911681	17.164833709488356	0.08255091778465556	No-PER3D	No-Essential3D
346	G	346	-22.167	10.672	252.768	NA	0.560924369747899	Inf	-0.5185327154653188	17.164833709488356	0.08255091778465556	No-PER3D	No-Essential3D
347	R	347	-18.697	9.311	253.463	NA	0.51970802919708	Inf	-0.44770435319075	14.732794326929678	0.09391251632602209	No-PER3D	No-Essential3D
348	W	348	-16.905	5.987	253.763	NA	0.521611721611722	Inf	-0.35801436094627564	33.51996977354169	0.005858664314313874	PER3D	Essential3D
349	A	349	-15.058	4.456	256.688	NA	0.518248175182482	Inf	-0.45466045523536597	30.238500372954597	0.007001355504757181	PER3D	Essential3D
350	H	350	-13.076	1.353	257.575	NA	0.571001838235294	Inf	-0.480096514790709	37.645262680363196	0.004813300133782129	PER3D	Essential3D
351	V	351	-14.945	-1.181	259.645	NA	0.572610294117647	Inf	-0.6377276560481193	42.88516469290782	0.003866555215564702	PER3D	Essential3D
352	V	352	-11.866	-1.491	261.855	NA	0.611421210820095	Inf	-0.47966472699329565	0	1	No-PER3D	No-Essential3D
353	C	353	-11.623	2.233	262.458	NA	0.604799320450202	Inf	-0.4751001887997625	0	1	No-PER3D	No-Essential3D
354	A	354	-15.284	2.243	263.396	NA	0.606498194945848	Inf	-0.6839371810592634	20.521377051822128	0.0710828042569639	No-PER3D	No-Essential3D
355	L	355	-14.81	-0.672	265.751	NA	0.60262378332628	Inf	-0.5076247643761508	0	1	No-PER3D	No-Essential3D
356	W	356	-11.829	0.872	267.508	NA	0.640287769784173	Inf	-0.5880043646584558	0	1	No-PER3D	No-Essential3D
357	I	357	-12.878	4.487	267.914	NA	0.642086330935252	Inf	-0.6212693431460153	0	1	No-PER3D	No-Essential3D
358	P	358	-15.151	4.454	270.915	NA	0.679856115107914	Inf	-0.5180672849511868	0	1	No-PER3D	No-Essential3D
359	E	359	-17.596	7.157	269.831	NA	0.679856115107914	Inf	-0.7423362208426068	0	1	No-PER3D	No-Essential3D
360	V	360	-18.316	5.633	266.414	NA	0.679856115107914	Inf	-0.6600360409924816	33.615471402527724	0.04782437560249725	PER3D	Essential3D
361	C	361	-21.201	3.209	266	NA	0.689855072463768	Inf	-0.6860329056773407	25.49634592977323	0.059507512098172115	No-PER3D	No-Essential3D
362	F	362	-22.911	0.896	263.539	NA	0.644927536231884	Inf	-0.7370584603225131	17.164833709488356	0.08255091778465556	No-PER3D	No-Essential3D
363	A	363	-26.588	1.59	263.002	NA	0.460662525879917	Inf	-0.7715201699535462	25.49634592977323	0.059507512098172115	No-PER3D	No-Essential3D
364	N	364	-27.142	-2.083	262.416	NA	0.483695652173913	Inf	-1.0193483734345403	25.49634592977323	0.059507512098172115	No-PER3D	No-Essential3D
365	T	365	-24.91	-4.302	264.507	NA	0.464025026068822	Inf	-1.1395460431571705	25.49634592977323	0.059507512098172115	No-PER3D	No-Essential3D
366	V	366	-25.557	-7.427	262.479	NA	0.464416535845107	Inf	-1.5713630113458124	20.521377051822128	0.0710828042569639	No-PER3D	No-Essential3D
367	F	367	-24.99	-5.874	259.062	NA	0.497323189630882	Inf	-1.3015635892524635	59.09481627484666	0.002274123090813006	PER3D	Essential3D
368	L	368	-22.364	-3.602	260.561	NA	0.536800486618005	Inf	-0.9745260391126633	59.09481627484666	0.002274123090813006	PER3D	Essential3D
369	E	369	-23.577	-0.682	258.483	NA	0.538321167883212	Inf	-0.8773104677871891	49.721213989588726	0.003019727995090187	PER3D	Essential3D
370	P	370	-23.927	2.151	258.101	NA	0.592447552447553	Inf	-0.7988041273663049	30.238500372954597	0.007001355504757181	PER3D	Essential3D
371	I	371	-21.094	3.594	260.142	NA	0.59292532285233	Inf	-0.6737293266743721	10.311111111111119	0.12736482756478654	No-PER3D	No-Essential3D
372	D	372	-22.512	6.45	262.216	NA	0.552590266875981	Inf	-0.6184462109955946	12.902997526204338	0.10516826146482933	No-PER3D	No-Essential3D
373	S	373	-22.056	8.882	265.082	NA	0.515750915750916	Inf	-0.569733238276866	25.49634592977323	0.059507512098172115	No-PER3D	No-Essential3D
374	I	374	-18.794	10.175	263.696	NA	0.52	Inf	-0.7017501970268655	14.732794326929678	0.09391251632602209	No-PER3D	No-Essential3D
375	E	375	-19.96	13.586	264.874	NA	0.52	Inf	-0.6537147143062646	0	1	No-PER3D	No-Essential3D
376	H	376	-19.674	12.281	268.433	NA	0.53681917211329	Inf	-0.813353985598814	0	1	No-PER3D	No-Essential3D
377	I	377	-15.892	11.998	268.222	NA	0.538344226579521	Inf	-0.8607349932213347	0	1	No-PER3D	No-Essential3D
378	P	378	-14.174	14.632	270.307	NA	0.538344226579521	Inf	-1.0909147362069171	0	1	No-PER3D	No-Essential3D
379	P	379	-12.143	17.15	268.409	NA	0.505125051250513	Inf	-1.2857173913731648	0	1	No-PER3D	No-Essential3D
380	A	380	-9.176	16.134	270.498	NA	0.505125051250513	Inf	-1.495202601810389	0	1	No-PER3D	No-Essential3D
381	R	381	-8.879	12.885	268.585	NA	0.455074337427279	Inf	-1.2283799375065458	0	1	No-PER3D	No-Essential3D
382	W	382	-8.334	14.902	265.427	NA	0.455074337427279	Inf	-1.182227843937358	0	1	No-PER3D	No-Essential3D
383	K	383	-5.797	16.996	267.339	NA	0.40590405904059	Inf	-1.520994382933485	0	1	No-PER3D	No-Essential3D
384	L	384	-3.525	14.037	268.157	NA	0.42979242979243	Inf	-1.5147435552259598	33.615471402527724	0.04782437560249725	PER3D	Essential3D
385	T	385	-0.506	13.14	266.094	NA	0.368697478991597	Inf	-1.5219065613133993	49.313107720314726	0.036032727003147344	PER3D	Essential3D
386	C	386	-0.179	9.539	264.955	NA	0.366596638655462	Inf	-1.3280727071803855	49.313107720314726	0.036032727003147344	PER3D	Essential3D
387	Y	387	3.241	8.333	265.94	NA	0.427696078431373	Inf	-1.3287508201265918	49.313107720314726	0.036032727003147344	PER3D	Essential3D
388	I	388	3.386	5.824	263.115	NA	0.403935185185185	Inf	-1.0908333124373604	33.615471402527724	0.04782437560249725	PER3D	Essential3D
389	C	389	2.405	8.101	260.213	NA	0.399496336996337	Inf	-1.1908686628759615	49.313107720314726	0.036032727003147344	PER3D	Essential3D
390	K	390	3.391	11.275	262.009	NA	0.399178832116788	Inf	-1.5041992756572087	49.313107720314726	0.036032727003147344	PER3D	Essential3D
391	Q	391	0.39	13.056	260.648	NA	0.399178832116788	Inf	-1.3264469507653542	49.313107720314726	0.036032727003147344	PER3D	Essential3D
392	R	392	-1.986	15.269	262.56	NA	0.377073906485671	Inf	-1.3161800773583225	33.615471402527724	0.04782437560249725	PER3D	Essential3D
393	G	393	-5.549	16.11	261.612	NA	0.377378892733564	Inf	-1.2150651321020376	33.615471402527724	0.04782437560249725	PER3D	Essential3D
394	S	394	-5.649	13.391	258.956	NA	0.430864197530864	Inf	-1.070211194405252	33.615471402527724	0.04782437560249725	PER3D	Essential3D
395	G	395	-7.867	11.108	261.018	NA	0.396581196581197	Inf	-1.042105859070243	20.521377051822128	0.0710828042569639	No-PER3D	No-Essential3D
396	A	396	-9.099	10.358	264.503	NA	0.396581196581197	Inf	-0.9746159468969758	0	1	No-PER3D	No-Essential3D
397	C	397	-6.447	8.779	266.661	NA	0.399540757749713	Inf	-1.099139646930917	33.615471402527724	0.04782437560249725	PER3D	Essential3D
398	I	398	-6.871	6.396	269.55	NA	0.37239165329053	Inf	-0.9008353513664666	0	1	No-PER3D	No-Essential3D
399	Q	399	-4.296	6.094	272.28	NA	0.37239165329053	Inf	-1.0203023582645052	0	1	No-PER3D	No-Essential3D
400	C	400	-2.255	3.472	274.065	NA	0.370251471375067	Inf	-0.7876827878364382	0	1	No-PER3D	No-Essential3D
401	H	401	-4.219	1.591	276.693	NA	0.295726495726496	Inf	-0.6320339585280542	0	1.0000000000000002	No-PER3D	No-Essential3D
402	K	402	-1.429	1.776	279.227	NA	0.29378370706784	Inf	-0.5995293874934307	0	1	No-PER3D	No-Essential3D
403	A	403	-2.086	4.257	281.974	NA	0.363160648874935	Inf	-0.9067614339500382	0	1	No-PER3D	No-Essential3D
404	N	404	-0.438	7.619	281.552	NA	0.391096083403776	Inf	-1.438109887867094	0	1	No-PER3D	No-Essential3D
405	C	405	0.694	6.668	278.087	NA	0.391096083403776	Inf	-0.8526088102046516	0	1	No-PER3D	No-Essential3D
406	Y	406	-0.352	9.382	275.64	NA	0.391096083403776	Inf	-1.3099939754641066	0	1	No-PER3D	No-Essential3D
407	T	407	1.085	7.823	272.488	NA	0.350218047635022	Inf	-1.1514188282453113	0	1	No-PER3D	No-Essential3D
408	A	408	-1.549	8.021	269.8	NA	0.384926470588235	Inf	-1.2983858729795819	20.521377051822128	0.0710828042569639	No-PER3D	No-Essential3D
409	F	409	-2.11	6.3	266.492	NA	0.429274292742927	Inf	-1.0773283129188769	25.49634592977323	0.059507512098172115	No-PER3D	No-Essential3D
410	H	410	-4.635	5.807	263.726	NA	0.486111111111111	Inf	-0.9579228776889107	33.615471402527724	0.04782437560249725	PER3D	Essential3D
411	V	411	-6.416	2.492	264.023	NA	0.489312267657993	Inf	-0.65937535327842	20.521377051822128	0.0710828042569639	No-PER3D	No-Essential3D
412	T	412	-5.242	1.319	260.622	NA	0.579423868312757	Inf	-0.6090362161090966	20.521377051822128	0.0710828042569639	No-PER3D	No-Essential3D
413	C	413	-1.728	2.561	261.229	NA	0.577285772857729	Inf	-0.8923880541431637	33.615471402527724	0.04782437560249725	PER3D	Essential3D
414	A	414	-1.569	0.545	264.411	NA	0.577285772857729	Inf	-0.7983462123312335	25.49634592977323	0.059507512098172115	No-PER3D	No-Essential3D
415	Q	415	-2.917	-2.418	262.51	NA	0.518681318681319	Inf	-0.44330005287040974	0	1	No-PER3D	No-Essential3D
416	Q	416	-0.442	-2.206	259.67	NA	0.585123966942149	Inf	-0.6654603345817405	25.49634592977323	0.059507512098172115	No-PER3D	No-Essential3D
417	A	417	2.424	-1.566	262.073	NA	0.580899245159173	Inf	-0.7701641005979035	49.313107720314726	0.036032727003147344	PER3D	Essential3D
418	G	418	1.653	-4.77	263.894	NA	0.514492753623189	Inf	-0.506614955486834	0	1	No-PER3D	No-Essential3D
419	L	419	0.851	-3.167	267.229	NA	0.573737373737374	Inf	-0.5040112972608627	0	1	No-PER3D	No-Essential3D
420	Y	420	-0.86	-5.263	269.868	NA	0.484090909090909	Inf	-0.1387491722276753	0	1	No-PER3D	No-Essential3D
421	M	421	-4.595	-4.879	269.447	NA	0.4330900243309	Inf	-0.4140297370699619	0	1	No-PER3D	No-Essential3D
422	K	422	-7.049	-7.283	270.969	NA	0.436274509803922	Inf	-0.2207608566608623	0	1	No-PER3D	No-Essential3D
423	M	423	-10.771	-7.435	271.56	NA	0.491236162361624	Inf	-0.12929026928067253	0	1	No-PER3D	No-Essential3D
424	E	424	-11.888	-9.128	274.748	NA	0.57843137254902	Inf	-0.013605475211043048	0	1	No-PER3D	No-Essential3D
425	P	425	-15.167	-8.817	276.488	NA	0.650735294117647	Inf	0.07044151127743906	0	1	No-PER3D	No-Essential3D
426	V	426	-15.18	-8.593	280.254	NA	0.652573529411765	Inf	0.20448275432706087	0	1	No-PER3D	No-Essential3D
427	R	427	-18.48	-9.584	281.742	NA	0.651459854014599	Inf	0.12865967852394247	0	1	No-PER3D	No-Essential3D
428	E	428	-20.176	-6.833	283.638	NA	0.781751824817518	Inf	0.18467898809667613	0	1	No-PER3D	No-Essential3D
429	T	429	-20.747	-7.62	287.248	NA	0.781751824817518	Inf	0.1056795844264447	0	1	No-PER3D	No-Essential3D
430	G	430	-24.229	-7.539	288.646	NA	0.715909090909091	Inf	0.08558287832308083	0	1	No-PER3D	No-Essential3D
431	A	431	-27.19	-8.338	286.522	NA	0.661111111111111	Inf	0.08558287832308083	0	1	No-PER3D	No-Essential3D
432	N	432	-27.978	-5.182	284.657	NA	0.662313432835821	Inf	0.12056886314225237	0	1	No-PER3D	No-Essential3D
433	G	433	-27.191	-3.319	281.499	NA	0.713260619977038	Inf	0.1733472552328018	0	1	No-PER3D	No-Essential3D
434	T	434	-26.623	-5.021	278.225	NA	0.777777777777778	Inf	0.21732924864159262	0	1	No-PER3D	No-Essential3D
435	S	435	-24.538	-8.136	278.305	NA	0.781446540880503	Inf	0.14144019139286615	0	1	No-PER3D	No-Essential3D
436	F	436	-23.245	-7.058	274.953	NA	0.789607097591889	Inf	0.04000812291410846	0	1	No-PER3D	No-Essential3D
437	S	437	-19.986	-5.309	275.565	NA	0.838520258367587	Inf	0.1343685807320251	0	1	No-PER3D	No-Essential3D
438	V	438	-16.428	-5.891	274.547	NA	0.838520258367587	Inf	0.013378072152301764	0	1	No-PER3D	No-Essential3D
439	R	439	-13.165	-4.403	275.675	NA	0.854885057471264	Inf	-0.1763685051849159	0	1	No-PER3D	No-Essential3D
440	K	440	-10.74	-3.402	272.984	NA	0.885057471264368	Inf	-0.45896809538953653	0	1	No-PER3D	No-Essential3D
441	T	441	-7.186	-2.664	273.991	NA	0.883247595616193	Inf	-0.45783722949572975	0	1	No-PER3D	No-Essential3D
442	A	442	-4.411	-1.339	271.781	NA	0.913486005089059	Inf	-0.6718086275370406	0	1.0000000000000002	No-PER3D	No-Essential3D
443	Y	443	-0.875	-0.644	272.917	NA	0.886618769645263	Inf	-0.6947772448217467	0	1	No-PER3D	No-Essential3D
444	C	444	2.199	1.161	271.691	NA	0.847061347061347	Inf	-0.8346135337947055	0	1	No-PER3D	No-Essential3D
445	D	445	5.249	-1.03	271.132	NA	0.847061347061347	Inf	-0.5818422716358741	0	1	No-PER3D	No-Essential3D
446	I	446	6.741	-0.171	274.465	NA	0.869635627530364	Inf	-0.22896868658397748	0	1	No-PER3D	No-Essential3D
447	H	447	3.561	-1.072	276.356	NA	0.845874227553617	Inf	-0.3770049476836347	0	1	No-PER3D	No-Essential3D
448	T	448	2.783	-4.395	274.626	NA	0.881916996047431	Inf	-7.263007088953512e-4	0	1	No-PER3D	No-Essential3D
449	P	449	1.472	-6.684	277.266	NA	0.918641509433962	Inf	0.078084418244867	0	1	No-PER3D	No-Essential3D
450	P	450	2.969	-9.911	278.367	NA	0.912631578947368	Inf	0.9121414426403521	0	1	No-PER3D	No-Essential3D
451	G	451	2.759	-12.093	276.56	NA	0.906666666666667	Inf	0.9263559764923321	0	1.0000000000000002	No-PER3D	No-Essential3D
452	S	452	5.198	-12.798	273.688	NA	0.93827736318408	Inf	1.0005156352593703	0	1	No-PER3D	No-Essential3D
453	A	453	7.907	-10.282	272.549	NA	0.93827736318408	Inf	0.8517379526382811	0	1	No-PER3D	No-Essential3D
454	R	454	11.44	-11.616	271.662	NA	0.932156133828996	Inf	1.2093922894724298	0	1.0000000000000002	No-PER3D	No-Essential3D
455	R	455	13.644	-11.714	274.833	NA	0.947509293680297	Inf	1.2553596431584961	0	1	No-PER3D	No-Essential3D
456	L	456	15.688	-14.652	276.364	NA	0.941333333333333	Inf	1.4303552707265361	0	1	No-PER3D	No-Essential3D
457	P	457	13.694	-17.427	278.338	NA	0.948358208955224	Inf	1.4679152819086874	0	0.9999999999999999	No-PER3D	No-Essential3D
458	A	458	11.426	-16.545	281.383	NA	0.973782771535581	Inf	1.4135690655462547	0	0.9999999999999999	No-PER3D	No-Essential3D
459	L	459	12.566	-14.805	284.647	NA	0.966542750929368	Inf	1.546582841978337	0	1.0000000000000002	No-PER3D	No-Essential3D
460	S	460	14.854	-16.598	287.192	NA	1.01664585934249	Inf	1.5782629288009038	0	1	No-PER3D	No-Essential3D
461	H	461	18.349	-15.577	288.616	NA	1.05574762316335	Inf	1.706583268753891	0	1	No-PER3D	No-Essential3D
462	S	462	20.067	-13.431	285.831	NA	1.048794489093	Inf	1.672199580439321	0	1	No-PER3D	No-Essential3D
463	E	463	22.704	-14.681	283.254	NA	1.048794489093	Inf	1.672199580439321	0	1	No-PER3D	No-Essential3D
464	G	464	26.285	-16.039	283.578	NA	1.03791821561338	Inf	1.8350225887964258	0	1.0000000000000002	No-PER3D	No-Essential3D
465	E	465	27.26	-18.435	286.464	NA	1.03791821561338	Inf	1.8549818013514354	0	1	No-PER3D	No-Essential3D
466	E	466	29.645	-16.613	289.023	NA	1.04569288389513	Inf	1.8650609558162643	0	1	No-PER3D	No-Essential3D
467	D	467	27.643	-15.371	292.197	NA	1.05272255834054	Inf	1.8734988471534992	0	1	No-PER3D	No-Essential3D
468	E	468	25.18	-17.977	293.869	NA	1.0505660377358499	Inf	1.8705651348113492	0	1	No-PER3D	No-Essential3D
469	D	469	26.473	-21.37	295.356	NA	1.05364372469636	Inf	1.90002801950972	0	1	No-PER3D	No-Essential3D
470	E	470	30.043	-21.794	296.931	NA	1.0776397515528	Inf	1.912053612680375	0	1	No-PER3D	No-Essential3D
471	E	471	31.427	-18.879	299.171	NA	1.07135506003431	Inf	1.9622742786064926	0	1	No-PER3D	No-Essential3D
472	E	472	28.984	-16.822	301.479	NA	1.06732740943267	Inf	2.1079120029522356	0	1	No-PER3D	No-Essential3D
473	D	473	25.777	-18.401	303.124	NA	1.0584656978709	Inf	2.1520657155999934	0	1	No-PER3D	No-Essential3D
474	E	474	25.354	-22.053	304.486	NA	1.04679144385027	Inf	2.131742545147014	0	1	No-PER3D	No-Essential3D
475	G	475	28.331	-24.555	304.337	NA	1.0894819466248	Inf	2.1352845091067105	0	1	No-PER3D	No-Essential3D
476	K	476	29.615	-25.156	307.946	NA	1.08580368906456	Inf	2.1733508421685865	0	1	No-PER3D	No-Essential3D
477	G	477	28.059	-23.45	311.024	NA	1.12743682310469	Inf	2.2270366955550522	0	1	No-PER3D	No-Essential3D
478	W	478	27.759	-20.372	313.271	NA	1.18329070758738	Inf	2.2915538030727824	0	1.0000000000000002	No-PER3D	No-Essential3D
479	S	479	30.873	-18.393	312.189	NA	1.16582430806258	Inf	2.2683818793973143	0	1.0000000000000002	No-PER3D	No-Essential3D
480	S	480	31.729	-14.693	311.485	NA	1.14474772539289	Inf	2.2896311705122967	0	1	No-PER3D	No-Essential3D
481	E	481	29.466	-14.071	308.381	NA	1.14886552296624	Inf	2.2668825764075575	0	1	No-PER3D	No-Essential3D
482	K	482	25.906	-14.612	309.809	NA	1.15719063545151	Inf	2.2851743570816736	0	1	No-PER3D	No-Essential3D
483	V	483	26.801	-12.944	313.176	NA	1.15804195804196	Inf	2.364188365132032	0	1	No-PER3D	No-Essential3D
484	K	484	28.035	-9.786	311.296	NA	1.15804195804196	Inf	2.3844198122745848	0	1	No-PER3D	No-Essential3D
485	K	485	24.822	-9.615	309.167	NA	1.16226838854576	Inf	2.315152733067202	0	1	No-PER3D	No-Essential3D
486	A	486	22.489	-9.937	312.228	NA	1.15218115218115	Inf	2.4312342323251537	0	1	No-PER3D	No-Essential3D
487	K	487	24.613	-7.253	314.027	NA	1.14816176470588	Inf	2.397336040745615	0	1	No-PER3D	No-Essential3D
488	A	488	24.346	-4.702	311.127	NA	1.15666666666667	Inf	2.5571748168397868	0	1	No-PER3D	No-Essential3D
489	K	489	20.533	-5.267	310.855	NA	1.13197026022305	Inf	2.630632716276423	0	1	No-PER3D	No-Essential3D
490	S	490	20.33	-4.852	314.678	NA	1.11717495987159	Inf	2.331826999503857	0	1	No-PER3D	No-Essential3D
491	R	491	22.097	-1.421	314.425	NA	1.09335839598997	Inf	2.4980679871918308	0	1	No-PER3D	No-Essential3D
492	I	492	19.836	-0.014	311.618	NA	1.10266159695817	Inf	2.692669866205067	0	1	No-PER3D	No-Essential3D
493	K	493	16.842	-1.307	313.641	NA	1.33206106870229	Inf	2.1824196579321176	0	1	No-PER3D	No-Essential3D
494	M	494	18.346	0.433	316.756	NA	1.34230769230769	Inf	2.283597899390127	0	1	No-PER3D	No-Essential3D
495	K	495	18.397	3.929	315.133	NA	1.34230769230769	Inf	2.5813159002542494	0	1	No-PER3D	No-Essential3D
496	K	496	14.941	3.323	313.621	NA	1.33716475095785	Inf	2.166779083541931	0	1	No-PER3D	No-Essential3D
497	A	497	13.742	2.331	317.145	NA	1.34615384615385	Inf	1.8924613097345806	0	1	No-PER3D	No-Essential3D
498	R	498	14.844	5.648	318.73	NA	1.34615384615385	Inf	2.182045090794462	0	1	No-PER3D	No-Essential3D
499	K	499	12.871	7.667	316.152	NA	1.34865900383142	Inf	2.413318580257959	0	1	No-PER3D	No-Essential3D
500	I	500	9.871	5.33	316.405	NA	1.35384615384615	Inf	1.6863900224782689	0	1.0000000000000002	No-PER3D	No-Essential3D
501	L	501	10.257	5.321	320.233	NA	1.35114503816794	Inf	1.5829896404786543	0	1	No-PER3D	No-Essential3D
502	A	502	9.648	9.096	320.172	NA	0.899873257287706	Inf	1.7140890705624172	0	1	No-PER3D	No-Essential3D
503	E	503	6.716	8.956	317.682	NA	0.899873257287706	Inf	1.0722052176388133	0	1	No-PER3D	No-Essential3D
504	K	504	4.811	6.058	319.31	NA	0.672348484848485	Inf	0.34933593138711116	0	1.0000000000000002	No-PER3D	No-Essential3D
505	R	505	5.811	7.6	322.714	NA	0.902408111533587	Inf	0.4648679422190809	0	1.0000000000000002	No-PER3D	No-Essential3D
506	A	506	2.529	9.443	322.442	NA	0.901515151515151	Inf	-0.740174508242197	0	1.0000000000000002	No-PER3D	No-Essential3D
507	A	507	0.359	6.265	322.037	NA	0.676136363636364	Inf	-0.6702641547901881	0	1.0000000000000002	No-PER3D	No-Essential3D
508	A	508	1.445	3.134	324.059	NA	0.683206106870229	Inf	-0.40417819697182494	0	1	No-PER3D	No-Essential3D
509	P	509	2.467	2.123	327.687	NA	0.683206106870229	Inf	-0.8178646125696557	0	1	No-PER3D	No-Essential3D
510	V	510	5.273	4.454	328.828	NA	0.685114503816794	Inf	-0.2973446829696873	0	1	No-PER3D	No-Essential3D
511	V	511	8.612	3.093	330.048	NA	0.680608365019011	Inf	1.0209968099702469	0	1	No-PER3D	No-Essential3D
512	S	512	11.052	6.068	329.75	NA	1.01320754716981	Inf	1.2653993636598493	0	1	No-PER3D	No-Essential3D
513	V	513	14.296	4.17	329.757	NA	1.01037735849057	Inf	1.5812686212964882	0	1	No-PER3D	No-Essential3D
514	P	514	17.862	5.563	329.098	NA	1.0093984962406	Inf	1.8443759436612484	0	1	No-PER3D	No-Essential3D
515	C	515	20.011	4.008	326.331	NA	1.01420454545455	Inf	2.302072831117343	0	1	No-PER3D	No-Essential3D
516	I	516	19.593	0.418	327.567	NA	1.01320754716981	Inf	1.8241574962990188	0	1	No-PER3D	No-Essential3D
517	P	517	21.55	-2.74	326.492	NA	1.00842696629213	Inf	1.8642016051310115	0	1	No-PER3D	No-Essential3D
518	P	518	20.468	-4.545	323.202	NA	1.00186567164179	Inf	2.039930094578733	0	1	No-PER3D	No-Essential3D
519	H	519	18.779	-7.46	325.127	NA	1.06074074074074	Inf	1.7444826587950208	0	1	No-PER3D	No-Essential3D
520	R	520	15.826	-5.359	326.474	NA	1.07164179104478	Inf	1.5238289134641632	0	1	No-PER3D	No-Essential3D
521	L	521	15.407	-3.324	323.276	NA	1.06765799256506	Inf	1.926686972889401	0	1	No-PER3D	No-Essential3D
522	S	522	15.447	-6.675	321.385	NA	1.05588235294118	Inf	1.8164051390198876	0	1	No-PER3D	No-Essential3D
523	K	523	12.234	-7.379	323.346	NA	1.09375	Inf	1.611517090985148	0	1	No-PER3D	No-Essential3D
524	I	524	10.897	-3.862	322.549	NA	0.934873949579832	Inf	1.5867871702550813	0	1.0000000000000002	No-PER3D	No-Essential3D
525	T	525	11.492	-4.012	318.747	NA	0.823339483394834	Inf	2.012453785487709	0	1	No-PER3D	No-Essential3D
526	N	526	9.753	-7.427	318.808	NA	0.823339483394834	Inf	1.574067589060818	0	1	No-PER3D	No-Essential3D
527	R	527	6.849	-6.105	320.979	NA	0.818014705882353	Inf	1.131297109295917	0	1.0000000000000002	No-PER3D	No-Essential3D
528	L	528	6.485	-3.199	318.551	NA	0.821033210332103	Inf	1.284806375437982	0	1	No-PER3D	No-Essential3D
529	T	529	6.775	-5.318	315.383	NA	0.815716911764706	Inf	1.3533174664428678	0	1	No-PER3D	No-Essential3D
530	I	530	8.26	-3.877	312.175	NA	0.81712962962963	Inf	1.5258562782263587	0	1	No-PER3D	No-Essential3D
531	Q	531	6.221	-0.787	311.314	NA	0.729037587773647	Inf	1.5036439790777338	0	1	No-PER3D	No-Essential3D
532	R	532	2.79	-1.279	309.768	NA	0.781549815498155	Inf	0.9013672945554554	0	1	No-PER3D	No-Essential3D
533	K	533	-0.306	-0.99	307.671	NA	0.945720945720946	Inf	0.34521833426048804	0	1	No-PER3D	No-Essential3D
534	S	534	-2.261	-0.163	310.764	NA	0.945720945720946	Inf	0.11073719024357918	0	1	No-PER3D	No-Essential3D
535	Q	535	-0.984	-3.539	311.8	NA	0.945720945720946	Inf	0.6331369604749896	0	1	No-PER3D	No-Essential3D
536	F	536	0.124	-1.922	315.008	NA	0.913602941176471	Inf	0.2474720362328161	0	1	No-PER3D	No-Essential3D
537	M	537	-3.286	-0.444	315.47	NA	0.92037037037037	Inf	-0.15188227977801622	0	1.0000000000000002	No-PER3D	No-Essential3D
538	Q	538	-5.03	-3.771	315.097	NA	0.92037037037037	Inf	0.33419805460802987	0	1	No-PER3D	No-Essential3D
539	R	539	-2.66	-5.679	317.315	NA	0.956228956228956	Inf	0.4696786380619721	0	1	No-PER3D	No-Essential3D
540	L	540	-2.792	-2.886	319.829	NA	0.886392009987516	Inf	-0.3705357450469514	0	1	No-PER3D	No-Essential3D
541	H	541	-6.522	-3.295	319.844	NA	0.883895131086142	Inf	-0.31265437457552453	0	0.9999999999999999	No-PER3D	No-Essential3D
542	S	542	-6.234	-6.962	320.605	NA	0.707116104868914	Inf	0.27011751761491304	0	1	No-PER3D	No-Essential3D
543	Y	543	-4.165	-6.357	323.697	NA	0.662921348314607	Inf	-0.22129369736252075	0	1	No-PER3D	No-Essential3D
544	W	544	-6.438	-3.557	324.744	NA	0.669811320754717	Inf	-0.6676476524728564	0	1	No-PER3D	No-Essential3D
545	T	545	-9.551	-5.655	324.418	NA	0.667924528301887	Inf	-0.4834381717672381	0	1.0000000000000002	No-PER3D	No-Essential3D
546	L	546	-8.088	-8.283	326.691	NA	0.667924528301887	Inf	-0.2181955773844386	0	1	No-PER3D	No-Essential3D
547	K	547	-7.354	-5.718	329.351	NA	0.668560606060606	Inf	-1.0341097766155951	0	1	No-PER3D	No-Essential3D
548	R	548	-10.824	-4.3	328.814	NA	0.740041928721174	Inf	-1.0593677619111455	0	1	No-PER3D	No-Essential3D
549	Q	549	-12.694	-7.448	329.712	NA	0.69324430479183	Inf	-0.4763862273845593	0	1	No-PER3D	No-Essential3D
550	S	550	-11.712	-6.859	333.29	NA	0.619839561729603	Inf	-1.1628672478439392	0	1	No-PER3D	No-Essential3D
551	R	551	-13.082	-3.308	333.609	NA	0.617543859649123	Inf	-1.5109777280570198	0	1	No-PER3D	No-Essential3D
552	N	552	-14.668	-0.42	331.586	NA	0.617543859649123	Inf	-1.234839326221189	0	1	No-PER3D	No-Essential3D
553	G	553	-11.905	-0.252	329.098	NA	0.619839561729603	Inf	-1.413843194718578	0	1	No-PER3D	No-Essential3D
554	V	554	-14.533	-1.161	326.574	NA	0.554595443833464	Inf	-0.7705249123636404	0	1	No-PER3D	No-Essential3D
555	P	555	-15.902	2.298	325.747	NA	0.588137009189641	Inf	-0.9524763362261395	0	1	No-PER3D	No-Essential3D
556	L	556	-12.312	3.399	325.451	NA	0.661048689138577	Inf	-1.2486781514283845	0	1	No-PER3D	No-Essential3D
557	L	557	-11.498	0.489	323.21	NA	0.666037735849057	Inf	-0.8947360440365674	0	1	No-PER3D	No-Essential3D
558	R	558	-14.353	1.127	320.852	NA	0.701068260003621	Inf	-0.7932939545798403	0	1	No-PER3D	No-Essential3D
559	R	559	-13.231	4.699	320.677	NA	0.700396825396826	Inf	-1.1534797979377298	0	1.0000000000000002	No-PER3D	No-Essential3D
560	L	560	-9.774	3.524	319.766	NA	0.698412698412699	Inf	-0.9422725125751024	0	1	No-PER3D	No-Essential3D
561	Q	561	-11.331	1.48	317.024	NA	0.659176029962547	Inf	-0.5025817928245966	0	1	No-PER3D	No-Essential3D
562	T	562	-13.068	4.444	315.473	NA	0.68649885583524	Inf	-0.7434858448905387	0	1.0000000000000002	No-PER3D	No-Essential3D
563	H	563	-9.973	6.585	315.61	NA	0.662878787878788	Inf	-0.8469403834725598	0	0.9999999999999999	No-PER3D	No-Essential3D
564	L	564	-8.022	3.789	314.026	NA	0.606060606060606	Inf	-0.5475877143027605	0	1	No-PER3D	No-Essential3D
565	Q	565	-10.439	3.667	311.142	NA	0.639492753623189	Inf	-0.2935641149325004	0	1	No-PER3D	No-Essential3D
566	S	566	-10.23	7.361	310.566	NA	0.635274815422477	Inf	-0.7009803659150327	0	1	No-PER3D	No-Essential3D
567	Q	567	-6.484	7.231	310.743	NA	0.628724963361016	Inf	-0.726434754555281	0	1	No-PER3D	No-Essential3D
568	R	568	-6.241	4.42	308.264	NA	0.632886564236679	Inf	-0.33605768888569726	0	1	No-PER3D	No-Essential3D
569	N	569	-8.384	6.163	305.713	NA	0.626378974691759	Inf	-0.5117516313761785	0	1	No-PER3D	No-Essential3D
570	C	570	-6.674	9.478	306.18	NA	0.599250936329588	Inf	-0.7969468931706459	0	0.9999999999999999	No-PER3D	No-Essential3D
571	D	571	-3.306	7.82	305.953	NA	0.620811287477954	Inf	-0.6183843247290711	0	1	No-PER3D	No-Essential3D
572	Q	572	-4.076	5.962	302.777	NA	0.586564171122995	Inf	-0.4080049659060908	0	1	No-PER3D	No-Essential3D
573	V	573	-5.429	9.046	301.172	NA	0.686754059870867	Inf	-0.6486216310288357	0	1	No-PER3D	No-Essential3D
574	G	574	-2.311	10.957	301.878	NA	0.652416356877323	Inf	-0.6889095391430358	0	1	No-PER3D	No-Essential3D
575	R	575	0.036	8.139	301.2	NA	0.654850746268657	Inf	-0.4862909437678058	0	1	No-PER3D	No-Essential3D
576	D	576	-1.271	8.365	297.694	NA	0.65	Inf	-0.5718547976826063	0	1	No-PER3D	No-Essential3D
577	S	577	-0.49	12.027	297.6	NA	0.647058823529412	Inf	-0.6079124156980062	0	1	No-PER3D	No-Essential3D
578	E	578	2.332	12.868	299.955	NA	0.680672268907563	Inf	-0.6249851845644976	0	1	No-PER3D	No-Essential3D
579	D	579	2.564	16.42	298.685	NA	0.558850364963504	Inf	-0.5844344983973044	0	1	No-PER3D	No-Essential3D
580	K	580	-0.91	17.529	299.624	NA	0.52833044982699	Inf	-0.6224870244375268	0	1	No-PER3D	No-Essential3D
581	N	581	-0.776	19.689	302.708	NA	0.559294871794872	Inf	-0.7005943768857322	0	1	No-PER3D	No-Essential3D
582	W	582	-4.505	19.38	303.181	NA	0.565036900369004	Inf	-0.7796614685155147	0	1	No-PER3D	No-Essential3D
583	A	583	-4.34	15.615	303.131	NA	0.533769063180828	Inf	-0.7561292306117126	0	1	No-PER3D	No-Essential3D
584	L	584	-1.418	15.811	305.493	NA	0.537752414398595	Inf	-0.8054769996824104	0	1	No-PER3D	No-Essential3D
585	K	585	-3.367	17.976	307.887	NA	0.569237918215613	Inf	-0.9528239185873226	0	1	No-PER3D	No-Essential3D
586	E	586	-6.207	15.518	307.856	NA	0.569237918215613	Inf	-0.901230321926954	0	1.0000000000000002	No-PER3D	No-Essential3D
587	Q	587	-3.816	12.685	308.525	NA	0.498999142121819	Inf	-0.864656715684086	0	1	No-PER3D	No-Essential3D
588	L	588	-2.008	14.41	311.35	NA	0.464684014869888	Inf	-1.1100212542748198	0	1	No-PER3D	No-Essential3D
589	K	589	-5.19	15.402	313.059	NA	0.348258706467662	Inf	-1.2971708515690852	0	1	No-PER3D	No-Essential3D
590	S	590	-6.389	11.849	312.754	NA	0.34856429463171	Inf	-1.1078767690423048	0	1	No-PER3D	No-Essential3D
591	W	591	-3.111	10.623	314.197	NA	0.352201257861635	Inf	-0.9090486386784965	0	1	No-PER3D	No-Essential3D
592	Q	592	-3.301	12.932	317.161	NA	0.377705627705628	Inf	-1.1855054648386965	0	1.0000000000000002	No-PER3D	No-Essential3D
593	R	593	-6.823	11.753	317.725	NA	0.330492424242424	Inf	-1.2972424124355952	0	1	No-PER3D	No-Essential3D
594	L	594	-5.751	8.144	317.661	NA	0.264393939393939	Inf	-0.8876064419570655	0	1	No-PER3D	No-Essential3D
595	R	595	-2.87	8.634	320.042	NA	0.238765008576329	Inf	-1.1947653350181728	0	1	No-PER3D	No-Essential3D
596	H	596	-5.089	10.597	322.346	NA	0.131203007518797	Inf	-1.5217038766986746	0	1	No-PER3D	No-Essential3D
597	D	597	-7.587	7.791	322.373	NA	0.131320754716981	Inf	-1.196757471050312	0	1	No-PER3D	No-Essential3D
598	L	598	-4.88	5.263	323.081	NA	0.131320754716981	Inf	-1.0035247309200184	0	0.9999999999999999	No-PER3D	No-Essential3D
599	E	599	-3.484	7.325	325.889	NA	0.131698113207547	Inf	-1.4505004437439701	0	1	No-PER3D	No-Essential3D
600	R	600	-6.91	7.748	327.374	NA	0.131818181818182	Inf	-1.662150517447711	0	1.0000000000000002	No-PER3D	No-Essential3D
601	A	601	-7.285	4.012	327.319	NA	0.132699619771863	Inf	-1.346721704616814	0	1	No-PER3D	No-Essential3D
602	R	602	-3.977	3.451	329.037	NA	0.132824427480916	Inf	-1.4388247566162986	0	1	No-PER3D	No-Essential3D
603	L	603	-4.552	6.14	331.609	NA	0.148006785411366	Inf	-2.424137191847726	0	1	No-PER3D	No-Essential3D
604	L	604	-7.88	4.648	332.48	NA	0.147444021968737	Inf	-2.023357506199205	0	1	No-PER3D	No-Essential3D
605	V	605	-6.153	1.301	332.761	NA	0.147444021968737	Inf	-1.794331172095731	0	1	No-PER3D	No-Essential3D
606	E	606	-3.597	2.754	335.096	NA	0.146750524109015	Inf	-2.373464204333738	0	1	No-PER3D	No-Essential3D
607	L	607	-6.39	4.099	337.212	NA	0.146750524109015	Inf	-2.7003434269976547	0	1	No-PER3D	No-Essential3D
608	I	608	-8.183	0.819	337.487	NA	0.146067415730337	Inf	-2.319596235113713	0	1	No-PER3D	No-Essential3D
609	R	609	-5.186	-1.139	338.625	NA	0	Inf	-2.2404563762904517	0	1	No-PER3D	No-Essential3D
610	K	610	-3.968	1.488	341.023	NA	0	Inf	-2.7998690455801003	0	1	No-PER3D	No-Essential3D
611	R	611	-7.415	1.951	342.465	NA	0	Inf	-2.6645342313704314	0	1	No-PER3D	No-Essential3D
612	E	612	-7.69	-1.727	343.182	NA	0	Inf	-2.390795204732619	0	1	No-PER3D	No-Essential3D
613	K	613	-4.428	-1.633	345.067	NA	0.190118152524168	Inf	-2.270637899528009	0	1	No-PER3D	No-Essential3D
614	L	614	-5.41	1.586	346.762	NA	0.378812199036918	Inf	-2.1527256752840693	0	1	No-PER3D	No-Essential3D
615	K	615	-8.493	-0.031	348.146	NA	0.330223880597015	Inf	-2.096242833439786	0	1	No-PER3D	No-Essential3D
616	R	616	-6.288	-2.688	349.642	NA	0.438661710037175	Inf	-1.9588051793018375	0	1	No-PER3D	No-Essential3D
617	E	617	-3.861	-0.055	350.825	NA	0.397752808988764	Inf	-1.6856656605242097	0	1	No-PER3D	No-Essential3D
618	T	618	-6.651	1.77	352.557	NA	0.485763293310463	Inf	-1.3818378383026366	0	1	No-PER3D	No-Essential3D
619	I	619	-7.249	-1.302	354.6	NA	0.532330827067669	Inf	-0.9587467149946289	0	1	No-PER3D	No-Essential3D
620	K	620	-3.614	-1.577	355.564	NA	0.744234800838575	Inf	-0.7657580646040902	0	1	No-PER3D	No-Essential3D
621	V	621	-3.1	2.121	356.05	NA	0.725229826353422	Inf	-0.7657580646040902	0	1	No-PER3D	No-Essential3D
622	Q	622	-6.231	2.826	357.959	NA	0.66044776119403	Inf	-0.5255928270531406	0	1	No-PER3D	No-Essential3D
623	Q	623	-5.328	1.66	361.379	NA	0.703988603988604	Inf	0.1257473793584878	0	1	No-PER3D	No-Essential3D
624	I	624	-8.59	1.509	362.625	NA	0.701390860062447	Inf	0.39589907642769984	0	1	No-PER3D	No-Essential3D
625	A	625	-11.463	-0.919	362.577	NA	0.69683257918552	Inf	0.32996197786522663	0	1.0000000000000002	No-PER3D	No-Essential3D
626	M	626	-9.065	-3.805	362.272	NA	0.75	Inf	0.12886323417540146	0	1	No-PER3D	No-Essential3D
627	E	627	-6.969	-2.38	365.077	NA	0.791208791208791	Inf	0.42633902851808075	0	1	No-PER3D	No-Essential3D
628	M	628	-9.754	-1.76	367.592	NA	0.853333333333333	Inf	0.5943038735059629	0	1.0000000000000002	No-PER3D	No-Essential3D
629	Q	629	-9.546	-3.619	370.877	NA	0.856447688564477	Inf	0.5979683423039339	0	1	No-PER3D	No-Essential3D
630	L	630	-12.552	-5.429	372.268	NA	0.856447688564477	Inf	0.5121423933913577	0	1	No-PER3D	No-Essential3D
631	T	631	-12.043	-4.381	375.849	NA	0.855757575757576	Inf	0.6208211808878416	0	1	No-PER3D	No-Essential3D
632	P	632	-12.347	-0.597	375.458	NA	0.849578820697954	Inf	0.8781585926165013	0	0.9999999999999999	No-PER3D	No-Essential3D
633	F	633	-15.376	-1.079	373.215	NA	0.848920863309352	Inf	0.7155190689710695	0	1	No-PER3D	No-Essential3D
634	L	634	-17.067	-3.246	375.802	NA	0.848267622461171	Inf	0.5360905887150975	0	1	No-PER3D	No-Essential3D
635	I	635	-16.294	-0.714	378.48	NA	0.869196428571429	Inf	0.854512245361127	0	0.9999999999999999	No-PER3D	No-Essential3D
636	L	636	-18.075	1.88	376.41	NA	0.874775985663083	Inf	0.9299050828574129	0	1	No-PER3D	No-Essential3D
637	L	637	-21.072	-0.355	375.831	NA	0.901396529834956	Inf	0.6604960714769867	0	1	No-PER3D	No-Essential3D
638	R	638	-21.304	-1.228	379.487	NA	0.907198980675303	Inf	0.581896725305084	0	0.9999999999999999	No-PER3D	No-Essential3D
639	K	639	-21.427	2.437	380.397	NA	0.902898550724638	Inf	1.0515675739926809	0	1	No-PER3D	No-Essential3D
640	T	640	-23.937	3.181	377.682	NA	0.924675324675325	Inf	0.8962339873123142	0	1	No-PER3D	No-Essential3D
641	L	641	-26.185	0.334	378.749	NA	0.924675324675325	Inf	0.5291989835394206	0	1	No-PER3D	No-Essential3D
642	E	642	-26.151	1.475	382.342	NA	0.924675324675325	Inf	0.8299571887925763	0	1	No-PER3D	No-Essential3D
643	Q	643	-27.167	4.929	381.203	NA	0.992700729927007	Inf	1.115372082108376	0	1	No-PER3D	No-Essential3D
644	L	644	-29.997	3.53	379.09	NA	0.92987012987013	Inf	0.723912987296162	0	1	No-PER3D	No-Essential3D
645	Q	645	-31.274	1.195	381.796	NA	0.90948905109489	Inf	0.7269899237958962	0	1	No-PER3D	No-Essential3D
646	E	646	-31.317	4.083	384.261	NA	0.960863697705803	Inf	1.0548053899090035	0	1	No-PER3D	No-Essential3D
647	K	647	-34.06	5.63	382.147	NA	0.895510835913313	Inf	0.9901104895073053	0	1	No-PER3D	No-Essential3D
648	D	648	-36.4	2.765	382.992	NA	0.944444444444444	Inf	0.7369701720211007	0	1	No-PER3D	No-Essential3D
649	T	649	-37.703	4.396	386.166	NA	0.929889298892989	Inf	1.0374160250097748	0	1	No-PER3D	No-Essential3D
650	G	650	-40.931	2.385	385.842	NA	0.929889298892989	Inf	0.8938305114557753	0	1	No-PER3D	No-Essential3D
651	N	651	-39.085	-0.956	385.819	NA	0.896520146520146	Inf	0.7097956218646708	0	1	No-PER3D	No-Essential3D
652	I	652	-41.055	-2.037	382.762	NA	0.869352869352869	Inf	0.5486145450847777	0	1	No-PER3D	No-Essential3D
653	F	653	-38.055	-2.87	380.5	NA	0.921325051759834	Inf	0.379188683031281	0	1	No-PER3D	No-Essential3D
654	S	654	-35.513	-4.467	382.873	NA	0.892976588628762	Inf	0.46306610546171373	0	1	No-PER3D	No-Essential3D
655	E	655	-36.602	-8.101	382.61	NA	0.914696813977389	Inf	0.2976702473478876	0	1	No-PER3D	No-Essential3D
656	P	656	-38.081	-10.229	379.922	NA	0.91141833077317	Inf	-5.012901569507913e-4	0	1.0000000000000002	No-PER3D	No-Essential3D
657	V	657	-41.807	-10.055	379.473	NA	0.91141833077317	Inf	-0.03051340983918809	0	1	No-PER3D	No-Essential3D
658	P	658	-42.973	-13.217	381.146	NA	0.873977086743044	Inf	0.0795140394657035	0	1	No-PER3D	No-Essential3D
659	L	659	-44.592	-15.507	378.624	NA	0.731743227326266	Inf	-0.09525227174796762	0	1	No-PER3D	No-Essential3D
660	S	660	-46.394	-17.357	381.354	NA	0.675455286762707	Inf	-0.020930624094074722	0	1	No-PER3D	No-Essential3D
661	E	661	-48.088	-14.145	382.333	NA	0.62280701754386	Inf	-0.020930624094074722	0	1	No-PER3D	No-Essential3D
662	V	662	-48.653	-12.987	378.751	NA	0.581286549707602	Inf	-0.09397119341620874	0	1	No-PER3D	No-Essential3D
663	P	663	-49.465	-16.031	376.732	NA	0.581286549707602	Inf	-0.23469576049667285	0	1	No-PER3D	No-Essential3D
664	D	664	-50.272	-14.084	373.547	NA	0.584976525821596	Inf	-0.20613990611584646	0	1	No-PER3D	No-Essential3D
665	Y	665	-47.005	-12.145	373.566	NA	0.65990057995029	Inf	-0.1717749721431274	0	1	No-PER3D	No-Essential3D
666	L	666	-45.12	-14.448	371.174	NA	0.627208480565371	Inf	-0.24077152198924992	0	1	No-PER3D	No-Essential3D
667	D	667	-47.953	-14.362	368.715	NA	0.627659574468085	Inf	-0.420865458894925	0	1	No-PER3D	No-Essential3D
668	H	668	-47.327	-10.617	368.416	NA	0.591666666666667	Inf	-0.3520766700621356	0	1	No-PER3D	No-Essential3D
669	I	669	-43.592	-10.229	369.013	NA	0.591666666666667	Inf	-0.29288145209544175	0	1	No-PER3D	No-Essential3D
670	K	670	-40.974	-12.215	367.137	NA	0.5810147299509	Inf	-0.42140890785801355	0	1	No-PER3D	No-Essential3D
671	K	671	-37.943	-11.183	369.157	NA	0.625	Inf	-0.2662392110662033	0	1	No-PER3D	No-Essential3D
672	P	672	-38.435	-10.051	372.689	NA	0.583333333333333	Inf	-0.09739685742918089	0	1	No-PER3D	No-Essential3D
673	M	673	-35.814	-7.848	374.29	NA	0.544956140350877	Inf	-0.05617782166603367	0	0.9999999999999999	No-PER3D	No-Essential3D
674	D	674	-35.085	-6.23	377.643	NA	0.545334507042254	Inf	0.16449504724317854	0	0.9999999999999999	No-PER3D	No-Essential3D
675	F	675	-32.184	-4.619	379.506	NA	0.582096584216726	Inf	0.37360598355189745	0	1	No-PER3D	No-Essential3D
676	F	676	-31.214	-7.74	381.433	NA	0.58169014084507	Inf	0.2561349713841625	0	1	No-PER3D	No-Essential3D
677	T	677	-30.975	-9.768	378.261	NA	0.618881118881119	Inf	0.03883674211631061	0	1.0000000000000002	No-PER3D	No-Essential3D
678	M	678	-28.931	-7.024	376.673	NA	0.655555555555556	Inf	0.18961721932250006	0	1	No-PER3D	No-Essential3D
679	K	679	-26.558	-7.177	379.612	NA	0.655555555555556	Inf	0.2557631958783145	0	0.9999999999999999	No-PER3D	No-Essential3D
680	Q	680	-26.155	-10.911	379.199	NA	0.651034482758621	Inf	0.0076396102460204	0	1	No-PER3D	No-Essential3D
681	N	681	-25.53	-10.481	375.508	NA	0.610344827586207	Inf	-0.04875382471407476	0	1	No-PER3D	No-Essential3D
682	L	682	-22.949	-7.806	376.178	NA	0.645845967252881	Inf	0.2636549897283621	0	1	No-PER3D	No-Essential3D
683	E	683	-21.002	-10.012	378.573	NA	0.740424725066363	Inf	0.1985385692228587	0	1	No-PER3D	No-Essential3D
684	A	684	-21.404	-12.938	376.158	NA	0.735827664399093	Inf	-0.12625979270289034	0	1	No-PER3D	No-Essential3D
685	Y	685	-19.558	-10.874	373.536	NA	0.701874549387167	Inf	0.21623086844422026	0	0.9999999999999999	No-PER3D	No-Essential3D
686	R	686	-22.638	-10.751	371.333	NA	0.701455002694449	Inf	0.02467562148192536	0	1	No-PER3D	No-Essential3D
687	Y	687	-22.323	-7.033	370.569	NA	0.695130683852488	Inf	0.21800453545815876	0	1	No-PER3D	No-Essential3D
688	L	688	-19.282	-6.485	368.352	NA	0.660374149659864	Inf	0.3361909833402212	0	1	No-PER3D	No-Essential3D
689	N	689	-20.462	-3.272	366.747	NA	0.664897260273973	Inf	0.47036974958905026	0	1	No-PER3D	No-Essential3D
690	F	690	-22.659	-0.341	367.665	NA	0.697909156452776	Inf	0.689261453014009	0	1	No-PER3D	No-Essential3D
691	D	691	-25.382	-1.18	365.161	NA	0.722866894197952	Inf	0.49190579155873876	0	0.9999999999999999	No-PER3D	No-Essential3D
692	D	692	-26.181	-4.516	366.764	NA	0.765681326604182	Inf	0.06889877594277416	0	1	No-PER3D	No-Essential3D
693	F	693	-26.323	-2.926	370.193	NA	0.763068079755703	Inf	0.260219163813817	0	1	No-PER3D	No-Essential3D
694	E	694	-28.604	-0.132	369.046	NA	0.788013698630137	Inf	0.3990672713878822	0	1	No-PER3D	No-Essential3D
695	E	695	-30.806	-2.587	367.212	NA	0.751395730706076	Inf	-0.12555538830393773	0	1.0000000000000002	No-PER3D	No-Essential3D
696	D	696	-31.575	-4.442	370.431	NA	0.700846192135391	Inf	-0.16391466489039186	0	1	No-PER3D	No-Essential3D
697	F	697	-32.353	-1.238	372.272	NA	0.673684210526316	Inf	0.2290316009383378	0	1	No-PER3D	No-Essential3D
698	N	698	-34.71	-0.347	369.476	NA	0.673684210526316	Inf	0.16859086723511135	0	1	No-PER3D	No-Essential3D
699	L	699	-36.466	-3.681	369.883	NA	0.680851063829787	Inf	-0.09580824658911717	0	1	No-PER3D	No-Essential3D
700	I	700	-37.284	-3.006	373.482	NA	0.687662337662338	Inf	0.18554476457418909	0	1	No-PER3D	No-Essential3D
701	V	701	-39.057	0.152	372.417	NA	0.659784946236559	Inf	0.2593213295085384	0	1	No-PER3D	No-Essential3D
702	S	702	-40.654	-1.174	369.23	NA	0.61120703186313	Inf	-0.009079521723558491	0	1	No-PER3D	No-Essential3D
703	N	703	-41.978	-4.331	370.778	NA	0.636690647482014	Inf	-0.02859719860204129	0	1	No-PER3D	No-Essential3D
704	C	704	-43.715	-2.326	373.468	NA	0.694571615434925	Inf	0.14910927283125555	0	1	No-PER3D	No-Essential3D
705	L	705	-45.3	0.098	371.057	NA	0.719737253675321	Inf	0.1836399839326897	0	1	No-PER3D	No-Essential3D
706	K	706	-46.688	-2.707	368.946	NA	0.717122302158273	Inf	-0.02478197368437113	0	1	No-PER3D	No-Essential3D
707	Y	707	-47.998	-4.954	371.718	NA	0.758859579003464	Inf	-0.08790576776428388	0	1	No-PER3D	No-Essential3D
708	N	708	-49.511	-2.221	373.857	NA	0.742944106253459	Inf	0.05377793285784392	0	1	No-PER3D	No-Essential3D
709	A	709	-52.133	0.28	372.787	NA	0.740281224152192	Inf	0.29498680500409497	0	1	No-PER3D	No-Essential3D
710	K	710	-51.297	3.951	372.378	NA	0.765877791148549	Inf	0.33812191289928006	0	1	No-PER3D	No-Essential3D
711	D	711	-53.627	4.955	375.187	NA	0.785326086956522	Inf	0.38005975266823905	0	1	No-PER3D	No-Essential3D
712	T	712	-51.698	2.742	377.628	NA	0.837591240875912	Inf	0.33812191289928006	0	1	No-PER3D	No-Essential3D
713	I	713	-49.047	3.881	380.092	NA	0.772235653391017	Inf	0.46969544128243007	0	1	No-PER3D	No-Essential3D
714	F	714	-46.671	1.185	378.866	NA	0.758364312267658	Inf	0.41632287297967824	0	1	No-PER3D	No-Essential3D
715	Y	715	-46.862	2.506	375.34	NA	0.777977182412511	Inf	0.34427249826926676	0	1	No-PER3D	No-Essential3D
716	R	716	-46.017	5.982	376.583	NA	0.829130211013896	Inf	0.4596282835725887	0	1	No-PER3D	No-Essential3D
717	A	717	-43.179	4.635	378.674	NA	0.783804726850058	Inf	0.5801345814984405	0	1	No-PER3D	No-Essential3D
718	A	718	-41.646	3.191	375.53	NA	0.803007518796992	Inf	0.4297679040604777	0	1	No-PER3D	No-Essential3D
719	V	719	-41.988	6.536	373.809	NA	0.860215053763441	Inf	0.4333448347342039	0	1	No-PER3D	No-Essential3D
720	R	720	-40.247	8.219	376.705	NA	0.860215053763441	Inf	0.7339166027139451	0	1	No-PER3D	No-Essential3D
721	L	721	-37.505	5.618	376.755	NA	0.860215053763441	Inf	0.6875114312345396	0	0.9999999999999999	No-PER3D	No-Essential3D
722	R	722	-36.797	6.206	373.101	NA	0.867068324573773	Inf	0.6158397559153043	0	1	No-PER3D	No-Essential3D
723	E	723	-36.612	9.926	373.599	NA	0.867068324573773	Inf	0.8737951993604437	0	1	No-PER3D	No-Essential3D
724	Q	724	-34.282	9.704	376.588	NA	0.927238805970149	Inf	0.9571360609614461	0	1	No-PER3D	No-Essential3D
725	G	725	-32.176	7.066	374.858	NA	0.888888888888889	Inf	0.9146755001933132	0	1	No-PER3D	No-Essential3D
726	G	726	-31.525	9.226	371.822	NA	0.919540229885058	Inf	0.9604606680832819	0	1	No-PER3D	No-Essential3D
727	A	727	-28.803	11.537	373.132	NA	0.93391160677406	Inf	1.2341778343161076	0	1	No-PER3D	No-Essential3D
728	V	728	-27.156	8.669	374.932	NA	0.968066988362191	Inf	1.135949624152725	0	1	No-PER3D	No-Essential3D
729	L	729	-26.915	6.539	371.821	NA	0.971652421652422	Inf	0.9669053894821698	0	1	No-PER3D	No-Essential3D
730	R	730	-25.771	9.332	369.56	NA	0.962835249042146	Inf	1.1198562578985416	0	0.9999999999999999	No-PER3D	No-Essential3D
731	Q	731	-22.96	10.381	371.847	NA	0.961954447130678	Inf	1.2319665143929879	0	1	No-PER3D	No-Essential3D
732	A	732	-21.92	6.802	372.444	NA	1.00959409594096	Inf	1.0348381600169254	0	1	No-PER3D	No-Essential3D
733	R	733	-21.764	6.016	368.756	NA	0.987654320987654	Inf	0.991747145524764	0	1	No-PER3D	No-Essential3D
734	R	734	-19.646	9.05	368.11	NA	0.991325898389095	Inf	1.239283856888065	0	1	No-PER3D	No-Essential3D
735	Q	735	-17.177	7.858	370.694	NA	0.999721526037315	Inf	1.1429719533637792	0	0.9999999999999999	No-PER3D	No-Essential3D
736	A	736	-17.202	4.379	369.225	NA	0.947899391929243	Inf	0.8521977068261765	0	1	No-PER3D	No-Essential3D
737	E	737	-16.269	5.981	365.938	NA	0.96	Inf	0.8967431175212417	0	0.9999999999999999	No-PER3D	No-Essential3D
738	K	738	-13.486	7.866	367.611	NA	0.927536231884058	Inf	0.9629375399204465	0	1	No-PER3D	No-Essential3D
739	M	739	-10.636	5.722	368.777	NA	0.906666666666667	Inf	0.8714050339988718	0	1	No-PER3D	No-Essential3D
740	G	740	-10.746	4.85	372.423	NA	0.9	Inf	0.9159787046605645	0	1	No-PER3D	No-Essential3D
741	I	741	-7.491	5.055	374.371	NA	0.872727272727273	Inf	0.9736757042510609	0	1	No-PER3D	No-Essential3D
742	D	742	-4.133	5.599	372.509	NA	0.853754940711463	Inf	0.9206737588844726	0	1	No-PER3D	No-Essential3D
743	F	743	-1.881	2.845	370.925	NA	0.867149758454106	Inf	0.9019333484279318	0	1	No-PER3D	No-Essential3D
744	E	744	1.793	4.142	371.289	NA	0.974729241877256	Inf	1.1722152658767635	0	1	No-PER3D	No-Essential3D
745	T	745	3.271	2.42	374.466	NA	0.980978260869565	Inf	1.1378809829293126	0	1	No-PER3D	No-Essential3D
746	G	746	1.313	0.209	376.957	NA	0.966761184625079	Inf	1.0942934526251642	0	1	No-PER3D	No-Essential3D
747	M	747	1.735	1.578	380.526	NA	0.9451919921234	Inf	1.03826223710408	0	1	No-PER3D	No-Essential3D
748	H	748	-0.068	4.754	381.721	NA	0.983898595409387	Inf	0.9548945101133434	0	1	No-PER3D	No-Essential3D
749	I	749	0.804	8.308	382.969	NA	0.991528185076572	Inf	0.9623148150960236	0	1	No-PER3D	No-Essential3D
750	P	750	3.232	9.914	384.571	NA	0.91983556012333	Inf	0.90615782334627	0	1.0000000000000002	No-PER3D	No-Essential3D
751	H	751	6.207	9.78	382.066	NA	0.842881808193376	Inf	1.1091572694798009	0	1	No-PER3D	No-Essential3D
752	S	752	7.859	12.422	379.751	NA	0.867149758454106	Inf	1.0595933813824165	0	1	No-PER3D	No-Essential3D
753	L	753	5.055	14.605	378.188	NA	0.864734299516908	Inf	0.9246127956846321	0	1.0000000000000002	No-PER3D	No-Essential3D
754	A	754	4.219	14.239	374.406	NA	0.882028985507247	Inf	0.9894252574808186	0	1.0000000000000002	No-PER3D	No-Essential3D
755	G	755	1.034	16.023	373.166	NA	0.876389891696751	Inf	0.7913155882624883	0	1	No-PER3D	No-Essential3D
756	D	756	-2.121	16.829	375.199	NA	0.912170263788969	Inf	0.8586728720746825	0	1	No-PER3D	No-Essential3D
757	E	757	-4.038	13.773	376.591	NA	0.836641852770885	Inf	0.9429035518677888	0	1.0000000000000002	No-PER3D	No-Essential3D
758	A	758	-6.628	13.647	379.433	NA	0.836641852770885	Inf	0.9188518829061783	0	1	No-PER3D	No-Essential3D
759	T	759	-4.372	13.349	382.59	NA	0.805026455026455	Inf	0.906588069363477	0	0.9999999999999999	No-PER3D	No-Essential3D
760	H	760	-4.039	16.911	383.991	NA	0.816693505099302	Inf	0.8875648297112377	0	1	No-PER3D	No-Essential3D
761	H	761	-4.325	18.297	387.538	NA	0.830144927536232	Inf	0.7860618850131584	0	1	No-PER3D	No-Essential3D
762	T	762	-8.122	18.123	388.029	NA	0.833163636363636	Inf	0.8540090428562808	0	1.0000000000000002	No-PER3D	No-Essential3D
763	E	763	-10.009	17.77	391.386	NA	0.833868613138686	Inf	0.8489415428988525	0	1	No-PER3D	No-Essential3D
764	D	764	-6.9	16.548	393.234	NA	0.886739926739927	Inf	0.8915862352578003	0	1	No-PER3D	No-Essential3D
765	A	765	-5.022	13.236	393.263	NA	0.902789518174133	Inf	0.8712446948885879	0	1.0000000000000002	No-PER3D	No-Essential3D
766	A	766	-5.966	12.616	396.937	NA	0.855769230769231	Inf	0.980283540020477	0	1	No-PER3D	No-Essential3D
767	E	767	-9.696	11.967	396.177	NA	0.866910866910867	Inf	1.0170805349882996	0	1	No-PER3D	No-Essential3D
768	E	768	-8.678	9.753	393.222	NA	0.879801734820322	Inf	0.9703396194816715	0	1	No-PER3D	No-Essential3D
769	E	769	-6.553	7.603	395.563	NA	0.904119850187266	Inf	0.9370207250808723	0	1.0000000000000002	No-PER3D	No-Essential3D
770	R	770	-9.566	7.551	397.926	NA	0.931911402789171	Inf	0.9852684644737263	0	1.0000000000000002	No-PER3D	No-Essential3D
771	L	771	-12.28	6.587	395.384	NA	0.925792742726381	Inf	0.9732087620143762	0	1	No-PER3D	No-Essential3D
772	V	772	-10.059	3.879	393.924	NA	0.953422053231939	Inf	0.9054205805213444	0	1	No-PER3D	No-Essential3D
773	L	773	-10.549	2.401	397.373	NA	0.964423076923077	Inf	0.8939970830602612	0	1	No-PER3D	No-Essential3D
774	L	774	-7.703	0.097	398.351	NA	0.917732457656412	Inf	0.9007250128302551	0	1	No-PER3D	No-Essential3D
775	E	775	-10.278	-2.701	398.951	NA	0.850895316804408	Inf	0.919925088850981	0	1	No-PER3D	No-Essential3D
776	N	776	-11.378	-3.224	395.299	NA	0.826954177897574	Inf	0.8828079907821953	0	1	No-PER3D	No-Essential3D
777	Q	777	-8.037	-1.845	393.981	NA	0.813125512715341	Inf	0.8754104878706958	0	1	No-PER3D	No-Essential3D
778	K	778	-5.922	-4.998	394.682	NA	0.840435606060606	Inf	0.8343637629131405	0	1	No-PER3D	No-Essential3D
779	H	779	-7.524	-6.713	391.618	NA	0.821283979178716	Inf	0.8343637629131405	0	1	No-PER3D	No-Essential3D
780	L	780	-7.435	-4.007	388.899	NA	0.795505617977528	Inf	0.8148638946272541	0	1	No-PER3D	No-Essential3D
781	P	781	-4.281	-2.944	386.915	NA	0.829417293233083	Inf	0.8668820421694022	0	1	No-PER3D	No-Essential3D
782	V	782	-3.379	0.835	386.677	NA	0.923177508989866	Inf	0.9384422922326591	0	1	No-PER3D	No-Essential3D
783	E	783	-4.796	1.378	383.113	NA	0.865478914677999	Inf	0.9380184682151357	0	1	No-PER3D	No-Essential3D
784	E	784	-8.145	-0.387	383.94	NA	0.854943396226415	Inf	0.9061451009590065	0	1	No-PER3D	No-Essential3D
785	Q	785	-8.281	1.995	386.956	NA	0.828312372038608	Inf	0.9663199675383226	0	1	No-PER3D	No-Essential3D
786	L	786	-7.675	5.219	384.967	NA	0.809195402298851	Inf	0.9772689827567616	0	1	No-PER3D	No-Essential3D
787	K	787	-10.452	4.108	382.536	NA	0.840318302387268	Inf	0.9203435448719006	0	1	No-PER3D	No-Essential3D
788	L	788	-12.825	3.505	385.522	NA	0.876172090457805	Inf	0.9420526271108337	0	1	No-PER3D	No-Essential3D
789	L	789	-11.799	6.989	386.747	NA	0.882059800664452	Inf	0.988120736295184	0	1	No-PER3D	No-Essential3D
790	L	790	-12.47	8.556	383.329	NA	0.946271050521251	Inf	0.9278053713080674	0	1	No-PER3D	No-Essential3D
791	E	791	-15.97	6.978	383.702	NA	0.931824164253751	Inf	1.0319070884977435	0	1	No-PER3D	No-Essential3D
792	R	792	-16.618	8.34	387.274	NA	0.938636363636364	Inf	1.0555230447121606	0	1	No-PER3D	No-Essential3D
793	L	793	-15.38	11.87	386.334	NA	0.957429245283019	Inf	0.9749363048701765	0	1	No-PER3D	No-Essential3D
794	D	794	-18.335	12.983	384.106	NA	0.953829887218045	Inf	1.1275614490873915	0	1.0000000000000002	No-PER3D	No-Essential3D
795	E	795	-21.027	10.645	385.384	NA	0.919402985074627	Inf	1.2082930378277594	0	1	No-PER3D	No-Essential3D
796	V	796	-22.045	12.266	388.554	NA	0.901660280970626	Inf	1.2760255640941227	0	1	No-PER3D	No-Essential3D
797	N	797	-23.995	11.652	391.673	NA	0.953808543489449	Inf	1.2933422360302405	0	1	No-PER3D	No-Essential3D
798	A	798	-24.986	14.131	394.312	NA	0.972284644194757	Inf	1.2884303367987262	0	1	No-PER3D	No-Essential3D
799	S	799	-26.512	14.16	397.736	NA	0.982389937106918	Inf	1.2930685405548412	0	1.0000000000000002	No-PER3D	No-Essential3D
800	K	800	-28.028	16.728	400.025	NA	0.948473282442748	Inf	1.3114746764431624	0	1.0000000000000002	No-PER3D	No-Essential3D
801	Q	801	-28.082	16.861	403.792	NA	0.948473282442748	Inf	1.272287324122198	0	1	No-PER3D	No-Essential3D
802	S	802	-29.783	19.39	405.991	NA	0.925380228136882	Inf	1.2313577723130678	0	1.0000000000000002	No-PER3D	No-Essential3D
803	V	803	-30.606	19.753	409.647	NA	0.925380228136882	Inf	1.1746595923065124	0	1	No-PER3D	No-Essential3D
804	G	804	-32.574	22.347	411.541	NA	0.903307888040712	Inf	1.130710461319918	0	1	No-PER3D	No-Essential3D
1073	G	1073	-35.626	23.162	413.604	NA	0.919538820066233	Inf	0.41793176444465413	0	1	No-PER3D	No-Essential3D
1074	W	1074	-37.127	25.903	415.72	NA	0.909323116219668	Inf	0.1537461856174145	0	1	No-PER3D	No-Essential3D
1075	L	1075	-39.397	26.131	418.727	NA	0.891836133215444	Inf	-0.20341038977625578	0	1	No-PER3D	No-Essential3D
1076	S	1076	-42.089	28.742	419.092	NA	0.922298850574713	Inf	-0.5843342568783519	0	1	No-PER3D	No-Essential3D
1077	E	1077	-44.463	29.582	421.886	NA	0.922298850574713	Inf	-0.752310674614123	0	1	No-PER3D	No-Essential3D
1078	D	1078	-47.909	31.062	421.619	NA	0.906048906048906	Inf	-0.7892634161634542	0	1	No-PER3D	No-Essential3D
1079	E	1079	-49.099	33.879	423.819	NA	0.836550836550837	Inf	-0.6806470398063473	0	1.0000000000000002	No-PER3D	No-Essential3D
1080	D	1080	-52.572	34.286	425.221	NA	0.836550836550837	Inf	-0.5185709536115349	0	1.0000000000000002	No-PER3D	No-Essential3D
1081	S	1081	-54.167	37.619	425.938	NA	0.836550836550837	Inf	-0.4983009124469479	0	1.0000000000000002	No-PER3D	No-Essential3D
1082	P	1082	-57.308	39.612	425.664	NA	0.846354166666667	Inf	-0.5607407805567904	0	1	No-PER3D	No-Essential3D
1083	L	1083	-57.875	40.293	422.026	NA	0.823529411764706	Inf	-0.5776801078508748	0	1	No-PER3D	No-Essential3D
1084	D	1084	-57.264	43.738	420.658	NA	0.8300395256917	Inf	-0.3297314256512662	0	1	No-PER3D	No-Essential3D
1085	A	1085	-58.131	45.515	417.473	NA	0.823529411764706	Inf	-0.16587279960573328	0	1	No-PER3D	No-Essential3D
1086	L	1086	-55.769	44.883	414.593	NA	0.797762121840033	Inf	-0.4220949784799236	0	1	No-PER3D	No-Essential3D
1087	D	1087	-54.474	41.627	416.017	NA	0.810560444650301	Inf	-0.4903517847724285	0	1	No-PER3D	No-Essential3D
1088	L	1088	-54.136	38.868	413.451	NA	0.807381776239908	Inf	-0.6686406801563998	0	1	No-PER3D	No-Essential3D
1089	V	1089	-56.078	35.734	414.222	NA	0.8544921875	Inf	-0.7656120066632971	0	1	No-PER3D	No-Essential3D
1090	W	1090	-57.365	32.503	412.802	NA	0.858759842519685	Inf	-1.0353824757008017	0	1	No-PER3D	No-Essential3D
1091	A	1091	-61.123	32.795	412.713	NA	0.90625	Inf	-0.8404768250264851	0	1	No-PER3D	No-Essential3D
1092	K	1092	-63.557	29.934	412.489	NA	0.848735408560311	Inf	-0.8850076173757715	0	1	No-PER3D	No-Essential3D
1093	C	1093	-66.948	30.459	410.883	NA	0.838942307692308	Inf	-0.7492437026094945	0	1	No-PER3D	No-Essential3D
1094	R	1094	-69.489	27.886	409.846	NA	0.783565334530759	Inf	-0.3723977824164982	0	1	No-PER3D	No-Essential3D
1095	G	1095	-69.091	26.689	406.305	NA	0.785059270856632	Inf	0.03791211071294855	0	1	No-PER3D	No-Essential3D
1096	Y	1096	-65.325	26.733	406.156	NA	0.754027926960258	Inf	-0.46866849721017273	0	1	No-PER3D	No-Essential3D
1097	P	1097	-62.16	25.736	407.964	NA	0.658582089552239	Inf	-0.8000537047830645	0	1	No-PER3D	No-Essential3D
1098	S	1098	-60.16	28.151	410.14	NA	0.736579275905119	Inf	-0.9965405795054472	0	1	No-PER3D	No-Essential3D
1099	Y	1099	-59.185	31.157	408.077	NA	0.667924528301887	Inf	-0.9149795461961739	0	1	No-PER3D	No-Essential3D
1100	P	1100	-56.862	34.084	408.608	NA	0.59538784067086	Inf	-0.8538354551193125	0	1	No-PER3D	No-Essential3D
1101	A	1101	-58.482	37.351	409.642	NA	0.599915504858471	Inf	-0.740636795806544	0	1	No-PER3D	No-Essential3D
1102	L	1102	-57.819	40.697	411.279	NA	0.599915504858471	Inf	-0.6796516331127033	0	1	No-PER3D	No-Essential3D
1103	I	1103	-59.725	42.112	414.239	NA	0.599915504858471	Inf	-0.5635592932451046	0	1.0000000000000002	No-PER3D	No-Essential3D
1104	I	1104	-61.246	45.517	413.519	NA	0.672348484848485	Inf	-0.24980245017585226	0	1	No-PER3D	No-Essential3D
1105	D	1105	-62.465	48.205	415.896	NA	0.68007662835249	Inf	-0.16110794355611105	0	1	No-PER3D	No-Essential3D
1106	P	1106	-66.065	48.813	414.964	NA	0.67557251908397	Inf	-0.11250892629276314	0	1	No-PER3D	No-Essential3D
1107	K	1107	-65.625	52.308	416.412	NA	0.673003802281369	Inf	-0.07637340563060944	0	1	No-PER3D	No-Essential3D
1108	M	1108	-62.768	53.207	414.017	NA	0.680769230769231	Inf	-0.19602700642454646	0	1	No-PER3D	No-Essential3D
1109	P	1109	-62.896	56.46	412.143	NA	0.676245210727969	Inf	-0.30151221752768315	0	1	No-PER3D	No-Essential3D
1110	R	1110	-65.446	56.49	409.347	NA	0.676245210727969	Inf	-0.14161952374458298	0	1	No-PER3D	No-Essential3D
1111	E	1111	-63.01	58.555	407.34	NA	0.606837606837607	Inf	-0.30513096097023557	0	1	No-PER3D	No-Essential3D
1112	G	1112	-60.594	55.664	407.268	NA	0.602809706257982	Inf	-0.31519854276275755	0	1	No-PER3D	No-Essential3D
1113	M	1113	-57.299	55.164	409.036	NA	0.602809706257982	Inf	-0.34212697699031064	0	1	No-PER3D	No-Essential3D
1114	F	1114	-53.716	54.218	408.516	NA	0.599915504858471	Inf	-0.5089419689814741	0	1	No-PER3D	No-Essential3D
1115	H	1115	-52.097	51.842	410.93	NA	0.59706498951782	Inf	-0.5037953725185328	0	1.0000000000000002	No-PER3D	No-Essential3D
1116	H	1116	-48.379	52.387	410.673	NA	0.593149540517962	Inf	-0.6731901140206027	0	1	No-PER3D	No-Essential3D
1117	G	1117	-48.863	53.002	406.99	NA	0.606060606060606	Inf	-0.737241759863895	0	1	No-PER3D	No-Essential3D
1118	V	1118	-51.361	50.288	406.157	NA	0.606060606060606	Inf	-0.6750853236688326	0	1	No-PER3D	No-Essential3D
1119	P	1119	-54.819	51.424	405.267	NA	0.607763023493361	Inf	-0.5041515975744992	0	1	No-PER3D	No-Essential3D
1120	I	1120	-57.524	49.741	407.299	NA	0.60719131614654	Inf	-0.4225600952769928	0	1	No-PER3D	No-Essential3D
1121	P	1121	-60.797	49.029	405.616	NA	0.662962962962963	Inf	-0.4339118242347833	0	1	No-PER3D	No-Essential3D
1122	V	1122	-63.807	50.783	407.106	NA	0.723232323232323	Inf	-0.21002175700634476	0	1	No-PER3D	No-Essential3D
1123	P	1123	-66.654	48.597	408.218	NA	0.656826568265683	Inf	-0.26375227673735036	0	1	No-PER3D	No-Essential3D
1124	P	1124	-69.803	49.082	406.237	NA	0.769135802469136	Inf	-0.17119002952020296	0	1	No-PER3D	No-Essential3D
1125	L	1125	-72.822	50.508	407.992	NA	0.842176410949645	Inf	0.22770574029126536	0	1	No-PER3D	No-Essential3D
1126	E	1126	-74.809	47.377	407.347	NA	0.888888888888889	Inf	0.12314644359717532	0	1	No-PER3D	No-Essential3D
1127	V	1127	-72.102	45.36	409.058	NA	0.882280049566295	Inf	-0.13560925736999624	0	1	No-PER3D	No-Essential3D
1128	L	1128	-72.015	47.649	412.053	NA	0.881481481481482	Inf	-0.088942715184677	0	1	No-PER3D	No-Essential3D
1129	K	1129	-75.767	47.562	412.357	NA	0.774163568773234	Inf	0.14562944884338466	0	1	No-PER3D	No-Essential3D
1130	L	1130	-75.799	43.793	412.196	NA	0.790405904059041	Inf	-0.12747967319617137	0	1	No-PER3D	No-Essential3D
1131	G	1131	-73.289	43.665	415.004	NA	0.781751824817518	Inf	-0.2507226375227241	0	1	No-PER3D	No-Essential3D
1132	E	1132	-75.371	45.964	417.135	NA	0.731857318573186	Inf	0.03689628401689839	0	1	No-PER3D	No-Essential3D
1133	Q	1133	-78.341	43.688	416.795	NA	0.731857318573186	Inf	0.13712401506924235	0	1	No-PER3D	No-Essential3D
1134	M	1134	-76.343	40.501	417.356	NA	0.733168112350269	Inf	-0.33807119144419123	0	1	No-PER3D	No-Essential3D
1135	T	1135	-74.47	41.992	420.284	NA	0.733830845771144	Inf	-0.2556749057284307	0	1	No-PER3D	No-Essential3D
1136	Q	1136	-77.751	42.461	422.083	NA	0.659176029962547	Inf	-0.002835483027396664	0	1	No-PER3D	No-Essential3D
1137	E	1137	-78.243	38.699	422.389	NA	0.666666666666667	Inf	-0.1899583284046103	0	1	No-PER3D	No-Essential3D
1138	A	1138	-74.716	37.378	422.918	NA	0.666666666666667	Inf	-0.5847135727141791	0	1	No-PER3D	No-Essential3D
1139	R	1139	-73.773	36.286	426.404	NA	0.664150943396226	Inf	-0.5601989057694604	0	1	No-PER3D	No-Essential3D
1140	E	1140	-70.266	37.365	425.564	NA	0.664150943396226	Inf	-0.9651823245134985	0	1	No-PER3D	No-Essential3D
1141	H	1141	-68.402	40.027	423.665	NA	0.662264150943396	Inf	-0.6707334738586157	0	1	No-PER3D	No-Essential3D
1142	L	1142	-68.396	39.757	419.905	NA	0.664772727272727	Inf	-0.6111856473689272	0	1.0000000000000002	No-PER3D	No-Essential3D
1143	Y	1143	-65.373	40.768	417.859	NA	0.553977272727273	Inf	-0.48845558460752914	0	1	No-PER3D	No-Essential3D
1144	L	1144	-65.637	42.173	414.358	NA	0.613636363636364	Inf	-0.3651815994637847	0	1	No-PER3D	No-Essential3D
1145	V	1145	-63.218	40.43	412.02	NA	0.61596958174905	Inf	-0.44642755825543373	0	1	No-PER3D	No-Essential3D
1146	L	1146	-62.236	41.021	408.419	NA	0.613636363636364	Inf	-0.31908883890580614	0	1	No-PER3D	No-Essential3D
1147	F	1147	-61.12	37.917	406.57	NA	0.617724480842352	Inf	-0.5675375980767936	0	1	No-PER3D	No-Essential3D
1148	F	1148	-58.016	37.866	404.392	NA	0.60377358490566	Inf	-0.6634229768912593	0	1	No-PER3D	No-Essential3D
1149	D	1149	-60.078	36.194	401.667	NA	0.597548518896834	Inf	-0.7830895618166498	0	1	No-PER3D	No-Essential3D
1150	N	1150	-60.533	37.527	398.137	NA	0.597014925373134	Inf	-0.8545852326606102	0	1	No-PER3D	No-Essential3D
1151	K	1151	-63.839	39.258	398.91	NA	0.599250936329588	Inf	-0.7780618886091984	0	1	No-PER3D	No-Essential3D
1152	R	1152	-62.615	40.564	402.258	NA	0.475836431226766	Inf	-0.6345396991799398	0	1	No-PER3D	No-Essential3D
1153	T	1153	-65.679	39.303	404.102	NA	0.475836431226766	Inf	-0.48225229790860014	0	1	No-PER3D	No-Essential3D
1154	W	1154	-66.79	40.782	407.396	NA	0.523420074349443	Inf	-0.3313729535838731	0	1	No-PER3D	No-Essential3D
1155	Q	1155	-67.917	38.655	410.325	NA	0.328651685393258	Inf	-0.467780620857472	0	1	No-PER3D	No-Essential3D
1156	W	1156	-68.819	38.991	413.989	NA	0.433333333333333	Inf	-0.5133757771211248	0	1	No-PER3D	No-Essential3D
1157	L	1157	-67.534	36.153	416.149	NA	0.328358208955224	Inf	-0.6531896815294433	0	1	No-PER3D	No-Essential3D
1158	P	1158	-67.069	35.293	419.781	NA	0.291873963515755	Inf	-0.7859574628785074	0	1	No-PER3D	No-Essential3D
1159	R	1159	-63.65	34.856	421.374	NA	0.262686567164179	Inf	-0.6060553265005589	0	1	No-PER3D	No-Essential3D
1160	T	1160	-64.103	31.097	421.341	NA	0.261481481481482	Inf	-0.8452027205291089	0	1	No-PER3D	No-Essential3D
1161	K	1161	-63.913	31.287	417.543	NA	0.261481481481482	Inf	-0.7825168305304657	0	1	No-PER3D	No-Essential3D
1162	L	1162	-60.624	33.155	417.428	NA	0.239484396200814	Inf	-0.6752220311604715	0	1.0000000000000002	No-PER3D	No-Essential3D
1163	V	1163	-57.023	32.306	418.256	NA	0.237710437710438	Inf	-0.7771414980762531	0	1	No-PER3D	No-Essential3D
1164	P	1164	-53.943	34.381	417.623	NA	0.238175109023818	Inf	-0.6239788800099294	0	1	No-PER3D	No-Essential3D
1165	L	1165	-52.167	33.897	414.312	NA	0.327490774907749	Inf	-0.8153523125822791	0	1.0000000000000002	No-PER3D	No-Essential3D
1166	G	1166	-48.491	34.184	413.495	NA	0.300339366515837	Inf	-0.9298546140824288	0	1	No-PER3D	No-Essential3D
1167	V	1167	-47.539	33.746	417.148	NA	0.325925925925926	Inf	-0.6765707016300405	0	1.0000000000000002	No-PER3D	No-Essential3D
1168	N	1168	-46.766	30.076	417.227	NA	0.303099885189437	Inf	-0.8405586751022739	0	1	No-PER3D	No-Essential3D
1169	Q	1169	-45.398	28.035	414.384	NA	0.303370786516854	Inf	-0.9628593575735682	0	1	No-PER3D	No-Essential3D
1170	D	1170	-46.842	24.713	415.43	NA	0.377013963480129	Inf	-1.0295858318844735	0	1	No-PER3D	No-Essential3D
1171	L	1171	-50.36	26.036	415.753	NA	0.37987012987013	Inf	-1.0946792815401098	0	1	No-PER3D	No-Essential3D
1172	D	1172	-50.213	27.901	412.476	NA	0.354879594423321	Inf	-1.0699564629723706	0	1	No-PER3D	No-Essential3D
1173	K	1173	-49.087	24.782	410.667	NA	0.375601926163724	Inf	-1.5051565178739839	0	1	No-PER3D	No-Essential3D
1174	E	1174	-51.909	22.692	412.047	NA	0.436567164179104	Inf	-1.468843943587119	0	1	No-PER3D	No-Essential3D
1175	K	1175	-54.448	25.302	411.053	NA	0.305099394987035	Inf	-1.317699019097385	0	1	No-PER3D	No-Essential3D
1176	M	1176	-52.992	25.385	407.575	NA	0.308272859216256	Inf	-1.3657171856242423	0	1	No-PER3D	No-Essential3D
1177	L	1177	-53.497	21.62	407.323	NA	0.309143686502177	Inf	-1.4676662492609933	0	1	No-PER3D	No-Essential3D
1178	E	1178	-57.185	21.698	408.287	NA	0.378464818763326	Inf	-1.2056302688985354	0	1	No-PER3D	No-Essential3D
1179	G	1179	-58.682	22.09	404.819	NA	0.378464818763326	Inf	-1.2537088384640624	0	1	No-PER3D	No-Essential3D
1180	R	1180	-59.946	18.802	403.407	NA	0.439900867410161	Inf	-1.3393282247185918	0	1	No-PER3D	No-Essential3D
1181	K	1181	-59.385	19.603	399.76	NA	0.437037037037037	Inf	-1.3813105640322645	0	1	No-PER3D	No-Essential3D
1182	S	1182	-56.461	21.041	397.864	NA	0.439900867410161	Inf	-1.599159492989642	0	1	No-PER3D	No-Essential3D
1183	N	1183	-58.237	24.144	396.647	NA	0.466526093832367	Inf	-1.533206091071458	0	1	No-PER3D	No-Essential3D
1184	I	1184	-59.241	25.182	400.125	NA	0.522509225092251	Inf	-1.1727091284035345	0	1	No-PER3D	No-Essential3D
1185	R	1185	-55.76	24.641	401.432	NA	0.486672794117647	Inf	-1.2618289353467662	0	1	No-PER3D	No-Essential3D
1186	K	1186	-54.378	26.771	398.626	NA	0.453413482181194	Inf	-1.3405439292723713	0	1	No-PER3D	No-Essential3D
1187	S	1187	-56.845	29.504	399.51	NA	0.398550724637681	Inf	-1.0592065639796895	0	1	No-PER3D	No-Essential3D
1188	V	1188	-55.688	29.46	403.093	NA	0.39568345323741	Inf	-1.01780130793296	0	1	No-PER3D	No-Essential3D
1189	Q	1189	-52.08	29.711	402.013	NA	0.395983754512635	Inf	-1.2455559212646887	0	1	No-PER3D	No-Essential3D
1190	I	1190	-52.819	32.831	400.045	NA	0.478260869565217	Inf	-1.0325279103001896	0	1	No-PER3D	No-Essential3D
1191	A	1191	-54.812	34.335	402.904	NA	0.557971014492754	Inf	-0.7491951565492788	0	1	No-PER3D	No-Essential3D
1192	Y	1192	-51.968	33.523	405.265	NA	0.551971326164875	Inf	-0.8916165823920918	0	1	No-PER3D	No-Essential3D
1193	H	1193	-49.493	35.172	402.959	NA	0.588769414575866	Inf	-1.1495630892968935	0	1	No-PER3D	No-Essential3D
1194	R	1194	-51.622	38.298	402.936	NA	0.588333333333333	Inf	-0.9069677975187045	0	1	No-PER3D	No-Essential3D
1195	A	1195	-51.811	38.293	406.71	NA	0.552884615384615	Inf	-0.807154041893512	0	1	No-PER3D	No-Essential3D
1196	L	1196	-48.043	38.164	406.967	NA	0.475093984962406	Inf	-0.9145239582882364	0	1	No-PER3D	No-Essential3D
1197	Q	1197	-47.697	40.888	404.381	NA	0.525520714122225	Inf	-0.8944723829136231	0	1	No-PER3D	No-Essential3D
1198	H	1198	-49.93	43.032	406.535	NA	0.521241830065359	Inf	-0.6905491090473583	0	1	No-PER3D	No-Essential3D
1199	R	1199	-47.88	42.332	409.624	NA	0.555357142857143	Inf	-0.7629929258856227	0	1	No-PER3D	No-Essential3D
1200	S	1200	-44.665	42.971	407.793	NA	0.552824267782427	Inf	-0.8334920614448588	0	1.0000000000000002	No-PER3D	No-Essential3D
1201	K	1201	-45.855	46.318	406.47	NA	0.503004291845494	Inf	-0.8142849133464785	0	1.0000000000000002	No-PER3D	No-Essential3D
1202	V	1202	-47.059	47.402	409.879	NA	0.504424778761062	Inf	-0.6276359282224592	0	1.0000000000000002	No-PER3D	No-Essential3D
1203	Q	1203	-43.768	46.434	411.433	NA	0.537662337662338	Inf	-0.8287792428510202	0	1	No-PER3D	No-Essential3D
1204	G	1204	-42.096	48.33	408.684	NA	0.539757412398922	Inf	-0.8078582889730205	0	1	No-PER3D	No-Essential3D
1205	E	1205	-42.13	52.045	409.022	NA	0.539372822299652	Inf	-0.7397183020368644	0	1	No-PER3D	No-Essential3D
1206	Q	1206	-40.777	53.993	406.156	NA	0.625628140703518	Inf	-0.756083906160181	0	1	No-PER3D	No-Essential3D
1207	S	1207	-39.298	56.963	407.895	NA	0.627604166666667	Inf	-0.6937938936326737	0	1	No-PER3D	No-Essential3D
1208	S	1208	-35.812	58.375	407.833	NA	0.622340425531915	Inf	-0.7468931236053117	0	1	No-PER3D	No-Essential3D
1209	E	1209	-33.111	56.866	405.712	NA	0.561938061938062	Inf	-0.7797553381883088	0	1	No-PER3D	No-Essential3D
1210	T	1210	-30.148	54.783	406.658	NA	0.563636363636364	Inf	-0.7591789936737668	0	1	No-PER3D	No-Essential3D
1211	S	1211	-27.095	53.79	404.711	NA	0.495238095238095	Inf	-0.8828914083821994	0	1	No-PER3D	No-Essential3D
1212	D	1212	-27.813	50.154	404.11	NA	0.491358024691358	Inf	-0.9853335037464948	0	1	No-PER3D	No-Essential3D
