Uniprot_position	aminoacid	Position_in_structure	x	y	z	paraz	mtr	paraz3dscore	mtr3dscore	PER3D_OR	PER3D_pvalue	PER3D	Essential3D
1	M	1	21.053	18.629	-11.98	0.4	0.758823529411765	-1.0845437468861494	1.597457646761872	0	1	No-PER3D	No-Essential3D
2	D	2	23.708	16.613	-13.71	0.4	0.756338028169014	-0.6273522954199956	1.651013735006577	0	1	No-PER3D	No-Essential3D
3	Y	3	21.969	14.509	-16.313	0.4	0.717162032598274	-1.907488359525226	1.6770535040675987	0	1	No-PER3D	No-Essential3D
4	D	4	24.408	11.64	-16.073	0.4	0.790322580645161	-2.9548724119749603	1.7012215885662894	0	1	No-PER3D	No-Essential3D
5	F	5	23.987	11.721	-12.342	0.4	0.787037037037037	-2.627564895584418	1.7197259955248094	0	1	No-PER3D	No-Essential3D
6	K	6	20.225	11.568	-12.633	0.4	0.784023668639053	-2.1132245126849956	1.6586914010293963	0	1	No-PER3D	No-Essential3D
7	V	7	20.004	8.662	-15.035	-1.92	0.789285714285714	-2.3506123817154982	1.7376406741712576	0	1	No-PER3D	No-Essential3D
8	K	8	22.583	6.529	-13.321	0.4	0.794198895027624	-2.627564895584418	1.756105698337363	0	1	No-PER3D	No-Essential3D
9	L	9	20.773	6.762	-10.013	0.4	0.804054054054054	-1.907488359525226	1.7048932070792833	0	1	No-PER3D	No-Essential3D
10	S	10	17.441	6.159	-11.66	-1.92	0.808246073298429	-2.4157776790964207	1.5017481601608653	0	0.5817011543145462	No-PER3D	No-Essential3D
11	S	11	18.725	3.02	-13.299	-1.92	0.812182741116751	-2.627564895584418	1.8551730242554056	0	1	No-PER3D	No-Essential3D
12	E	12	20.187	1.667	-10.06	0.4	0.809729064039409	-2.9548724119749603	1.863094743389689	0	1	No-PER3D	No-Essential3D
13	R	13	17.452	2.681	-7.6	0.4	0.813397129186603	-1.301108118633275	1.3542290133151655	0	0.5817011543145462	No-PER3D	No-Essential3D
14	E	14	15.471	-0.219	-6.19	0.4	0.809331797235023	-0.5431328175183356	1.1412554542552615	0	0.5817011543145462	No-PER3D	No-Essential3D
15	R	15	11.738	0.187	-6.405	0.4	0.812780269058296	-0.7553659018305187	0.844249554111438	0	0.5817011543145462	No-PER3D	No-Essential3D
16	V	16	9.452	-1.358	-3.826	0.4	0.810589519650655	0.6520940402024197	0.1358135086430161	0	0.5846400220828278	No-PER3D	No-Essential3D
17	E	17	7.123	-2.672	-6.528	0.4	0.717984934086629	0.49173216794785796	0.11560340450810747	0	0.5817011543145462	No-PER3D	No-Essential3D
18	D	18	9.849	-4.599	-8.292	0.4	0.648760330578512	0.4382782105296711	-0.050659300738027636	0	1	No-PER3D	No-Essential3D
19	L	19	11.256	-6.285	-5.189	0.4	0.574743418116912	0.535467224017284	-0.28046018208728746	0	1	No-PER3D	No-Essential3D
20	F	20	8.126	-7.291	-3.294	0.4	0.574652777777778	0.010646551184173639	-0.6308025966686928	0	1	No-PER3D	No-Essential3D
21	E	21	4.614	-8.606	-3.917	0.4	0.572877059569075	-0.22989625719766843	-0.5810882906907731	0	1	No-PER3D	No-Essential3D
22	Y	22	2.158	-6.836	-1.6	0.4	0.642066420664207	0.26009835246904706	-0.5560214315675119	1.702662196269558	0.5197309549537381	No-PER3D	No-Essential3D
23	E	23	-0.984	-6.186	-3.676	0.4	0.574969021065675	0.4382782105296711	-0.4323596103976772	3.4657283885793726	0.3513249261712827	No-PER3D	No-Essential3D
24	G	24	-4.167	-7.144	-1.8	0.4	0.574485596707819	0.9728177847115425	-0.6660517455430853	6.893961749969186	0.24890254609306406	No-PER3D	No-Essential3D
25	C	25	-2.049	-8.119	1.239	0.4	0.574485596707819	0.05646422897119135	-0.6630966424696492	15.294765422823374	0.04405778593662704	PER3D	Essential3D
26	K	26	-2.921	-5.143	3.505	0.4	0.574485596707819	0.9728177847115425	-0.5548396872316335	40.71609351882172	7.25240518919185e-4	PER3D	Essential3D
27	V	27	-2.887	-6.252	7.171	0.4	0.574485596707819	0.9728177847115425	-0.4019794675783586	40.71609351882172	7.25240518919185e-4	PER3D	Essential3D
28	G	28	-3.291	-2.859	8.86	0.4	0.570261437908497	0.9728177847115425	-0.5049523525642428	62.52172150569427	1.5471797736942618e-4	PER3D	Essential3D
29	R	29	-4.543	0.704	8.386	0.4	0.570725707257073	0.9728177847115425	-0.3298312382209407	62.52172150569427	1.5471797736942618e-4	PER3D	Essential3D
30	G	30	-4.395	3.697	10.682	0.4	0.479779411764706	0.9728177847115425	-0.11009381740054172	62.52172150569427	1.2087341981986372e-5	PER3D	Essential3D
31	T	31	-2.715	6.972	11.591	0.4	0.551248008497079	0.9728177847115425	-0.09802989974897018	62.52172150569427	1.2087341981986372e-5	PER3D	Essential3D
32	Y	32	0.658	5.35	11.072	0.4	0.551705756929638	0.9728177847115425	-0.23746857050098713	40.71609351882172	7.25240518919185e-4	PER3D	Essential3D
33	G	33	-0.251	4.555	7.477	0.4	0.551705756929638	0.9728177847115425	-0.13812434981269478	62.52172150569427	1.2087341981986372e-5	PER3D	Essential3D
34	H	34	-0.682	1.308	5.564	0.4	0.511111111111111	0.9728177847115425	-0.17255442315229588	40.71609351882172	7.25240518919185e-4	PER3D	Essential3D
35	V	35	0.957	-1.985	6.562	0.4	0.319444444444444	0.9728177847115425	-0.2884337201511571	61.52172150569427	6.868680046906557e-5	PER3D	Essential3D
36	Y	36	1.328	-4.928	4.185	0.4	0.318518518518519	0.37146076375693704	-0.2935389735130981	26.120064514101283	0.006240291753900183	PER3D	Essential3D
37	K	37	2.426	-8.55	4.429	0.4	0.254814814814815	0.309251416761633	-0.5487991549935619	7.71374279864555	0.08187528011935385	No-PER3D	No-Essential3D
38	A	38	4.857	-9.091	1.601	0.4	0.256505576208179	0.09811666332302522	-0.525305529940365	3.8153047060678382	0.17668163706355108	No-PER3D	No-Essential3D
39	K	39	7.013	-11.742	-0.013	-1.15	0.257462686567164	-0.022531767213321768	-0.8112287003795626	1.702662196269558	0.5197309549537381	No-PER3D	No-Essential3D
40	R	40	10.242	-11.313	-1.953	0.4	0.256505576208179	-0.22989625719766843	-0.9198010592544177	0	1	No-PER3D	No-Essential3D
41	K	41	9.762	-11.483	-5.725	0.4	0.255555555555556	-0.4704390655795107	-0.8645703674240807	0	1	No-PER3D	No-Essential3D
42	D	42	12.91	-13.442	-6.308	0.4	0.257462686567164	-0.5074456514844095	-1.4551815496902833	0	1	No-PER3D	No-Essential3D
43	G	43	13.192	-16.957	-4.913	0.4	0.258955223880597	-0.7765844580654917	-1.7801435555590275	0	1	No-PER3D	No-Essential3D
44	K	44	16.039	-16.246	-2.508	0.4	0.258955223880597	-0.7765844580654917	-1.7801435555590275	0	1	No-PER3D	No-Essential3D
45	D	45	14.074	-16.592	0.71	0.4	0.258208955223881	-1.2475773695823855	-1.8191110369868222	0	1	No-PER3D	No-Essential3D
46	D	46	10.469	-17.523	1.576	-1.15	0.430348258706468	-0.8312532781522741	-1.5118064615921234	0	1	No-PER3D	No-Essential3D
47	K	47	10.276	-15.31	4.686	0.4	0.431592039800995	-0.18178769552130014	-1.1910668015793204	3.4657283885793726	0.3513249261712827	No-PER3D	No-Essential3D
48	D	48	7.384	-12.94	5.289	-1.15	0.431592039800995	-0.09626136365220067	-0.8580797893399046	6.893961749969186	0.24890254609306406	No-PER3D	No-Essential3D
49	Y	49	8.036	-9.211	5.523	0.4	0.51685393258427	-0.2997312660827195	-0.5305036918630164	7.71374279864555	0.08187528011935385	No-PER3D	No-Essential3D
50	A	50	6.073	-6.236	6.795	0.4	0.514498141263941	0.03823569049678637	-0.3378968879218122	15.294765422823374	0.04405778593662704	PER3D	Essential3D
51	L	51	5.939	-3.232	4.481	0.4	0.51685393258427	0.49173216794785796	-0.1450013051596505	8.803375070398305	0.026987389256923938	PER3D	Essential3D
52	K	52	4.846	0.067	5.959	0.4	0.513432835820896	0.9728177847115425	-0.08367703850326147	62.52172150569427	1.2087341981986372e-5	PER3D	Essential3D
53	Q	53	3.815	2.88	3.674	0.4	0.516417910447761	0.9728177847115425	0.03211231579743337	61.52172150569427	6.868680046906557e-5	PER3D	No-Essential3D
54	I	54	4.111	6.055	5.733	0.4	0.641263940520446	0.9728177847115425	-0.011591702582889295	20.65857783198118	0.002038347955819422	PER3D	Essential3D
55	E	55	1.061	8.293	5.886	0.4	0.641263940520446	0.9728177847115425	-0.017014310236965466	40.71609351882172	7.25240518919185e-4	PER3D	Essential3D
56	G	56	1.229	11.423	3.744	0.4	0.641263940520446	0.9728177847115425	0.07621606841643161	26.120064514101283	0.006240291753900183	PER3D	No-Essential3D
57	T	57	3.739	12.398	1.084	0.4	0.640221402214022	0.3182027519304586	0.23703094832793714	2.295801030648597	0.44114147485525884	No-PER3D	No-Essential3D
58	G	58	7.316	13.63	1.159	0.4	0.644444444444445	0.287030607512312	0.2550209442529881	2.295801030648597	0.44114147485525884	No-PER3D	No-Essential3D
59	I	59	9.23	13.524	4.405	0.4	0.513653136531365	0.9728177847115425	0.25819059086348223	2.295801030648597	0.44114147485525884	No-PER3D	No-Essential3D
60	S	60	7.302	15.022	7.292	0.4	0.517037037037037	0.9728177847115425	0.11170052038912072	6.893961749969186	0.24890254609306406	No-PER3D	No-Essential3D
61	M	61	8.673	15.765	10.73	0.4	0.556027615507169	0.9728177847115425	-0.01992431109282381	7.71374279864555	0.08187528011935385	No-PER3D	No-Essential3D
62	S	62	7.227	12.519	12.021	0.4	0.486524163568773	0.9728177847115425	-0.035065740648765456	5.128947354952186	0.12678355446134193	No-PER3D	No-Essential3D
63	A	63	8.625	10.635	9.046	0.4	0.577114427860697	0.9728177847115425	0.06755881929908789	3.8153047060678382	0.17668163706355108	No-PER3D	No-Essential3D
64	C	64	12.081	12.133	9.41	0.4	0.577114427860697	0.9728177847115425	0.20251094427276928	6.893961749969186	0.24890254609306406	No-PER3D	No-Essential3D
65	R	65	12.314	11.294	13.105	0.4	0.576621230896324	0.9728177847115425	-0.029142904746264006	5.128947354952186	0.12678355446134193	No-PER3D	No-Essential3D
66	E	66	11.124	7.718	12.691	0.4	0.58312447786132	0.5364077628574866	0.11808039287456944	5.128947354952186	0.12678355446134193	No-PER3D	No-Essential3D
67	I	67	13.722	7.046	10.048	0.4	0.587542087542088	0.5082522775765799	0.2887255264731424	2.295801030648597	0.44114147485525884	No-PER3D	No-Essential3D
68	A	68	16.467	8.748	12.049	0.4	0.660377358490566	0.9728177847115425	0.2594653375243018	6.893961749969186	0.24890254609306406	No-PER3D	No-Essential3D
69	L	69	15.868	6.802	15.247	0.4	0.665399239543726	0.45847740181211954	0.2514980252718975	2.295801030648597	0.44114147485525884	No-PER3D	No-Essential3D
70	L	70	15.116	3.446	13.623	0.4	0.664150943396226	0.5082522775765799	0.28199511346763767	2.295801030648597	0.44114147485525884	No-PER3D	No-Essential3D
71	R	71	18.333	3.751	11.684	0.4	0.661654135338346	0.287030607512312	0.6152307120866012	6.893961749969186	0.24890254609306406	No-PER3D	No-Essential3D
72	E	72	20.242	3.808	14.976	0.4	0.658582089552239	0.2148424835966035	0.6620344344744582	0	1	No-PER3D	No-Essential3D
73	L	73	18.296	1.492	17.294	0.4	0.662921348314607	0.4762132770845133	0.4779564112622897	0	0.5846400220828278	No-PER3D	No-Essential3D
74	K	74	19.329	-2.142	17.618	0.4	0.661048689138577	0.25274124865235037	0.601428372863305	0	1	No-PER3D	No-Essential3D
75	H	75	17.918	-4.5	20.26	0.4	0.663533834586466	0.4394277580010299	0.5291846615513646	0	0.5950240215307573	No-PER3D	No-Essential3D
76	P	76	16.216	-7.871	20.178	0.4	0.670454545454545	-0.5724203483957756	0.4396946062083317	0	0.5846400220828278	No-PER3D	No-Essential3D
77	N	77	12.949	-6.652	21.664	0.4	0.664794007490637	-0.2290340965941495	0.4912571308271666	0	0.33608555253873407	No-PER3D	No-Essential3D
78	V	78	12.57	-3.606	19.44	0.4	0.659851301115242	0.5938301341540729	0.29194029019346895	0.6164161693140514	1	No-PER3D	No-Essential3D
79	I	79	11.389	-3.995	15.839	0.4	0.715782358905035	0.5938301341540729	0.1977483418290954	1.1025360741006405	1	No-PER3D	No-Essential3D
80	S	80	14.283	-3.551	13.446	-1.92	0.718453188602442	0.5227699496745473	0.34506887355276405	1.702662196269558	0.5197309549537381	No-PER3D	No-Essential3D
81	L	81	14.237	-1.493	10.244	0.4	0.713754646840149	0.5227699496745473	0.3501739664234262	1.702662196269558	0.5197309549537381	No-PER3D	No-Essential3D
82	Q	82	15.593	-3.556	7.358	0.4	0.656716417910448	0.34666427509485354	0.450324924902225	6.893961749969186	0.24890254609306406	No-PER3D	No-Essential3D
83	K	83	15.411	-1.029	4.537	0.4	0.651291512915129	0.3727540046622156	0.5850617004256449	1.702662196269558	0.5197309549537381	No-PER3D	No-Essential3D
84	V	84	13.912	2.242	3.321	0.4	0.651291512915129	0.4762132770845133	0.6581669968872356	2.295801030648597	0.44114147485525884	No-PER3D	No-Essential3D
85	F	85	12.459	2.832	-0.132	0.4	0.649446494464945	0.9728177847115425	0.6260062476379478	1.1025360741006405	1	No-PER3D	No-Essential3D
86	L	86	11.974	6.353	-1.417	0.4	0.646520146520147	-0.09396226870948288	0.7176772464736763	0	1	No-PER3D	No-Essential3D
87	S	87	9.514	6.538	-4.277	0.4	0.648351648351648	-0.2273097753871111	0.774199472251984	0	1	No-PER3D	No-Essential3D
88	H	88	10.333	9.572	-6.366	0.4	0.648351648351648	-0.46733528740684177	0.9505787845951138	0	1	No-PER3D	No-Essential3D
89	A	89	7.35	9.616	-8.655	-1.92	0.594609769792252	-1.4274373354857648	0.7404974443510803	0	1	No-PER3D	No-Essential3D
90	D	90	4.667	9.734	-5.942	0.4	0.582540203478832	0.07272211463755215	0.4908988460983668	0	1	No-PER3D	No-Essential3D
91	R	91	6.969	10.934	-3.148	0.4	0.578364288041707	0.17273274464577343	0.36888432507298796	0	1	No-PER3D	No-Essential3D
92	K	92	5.944	8.112	-0.814	0.4	0.631672597864769	0.4189127569737024	0.41208499609755755	0	1	No-PER3D	No-Essential3D
93	V	93	8.181	6.473	1.791	0.4	0.706349206349206	0.5492433517355471	0.32454163346278553	2.295801030648597	0.44114147485525884	No-PER3D	No-Essential3D
94	W	94	8.181	2.737	2.482	0.4	0.635714285714286	0.9728177847115425	0.31743086337124726	1.702662196269558	0.5197309549537381	No-PER3D	No-Essential3D
95	L	95	9.784	0.971	5.438	0.4	0.635714285714286	0.5727752646786581	0.1828668601953927	6.893961749969186	0.24890254609306406	No-PER3D	No-Essential3D
96	L	96	10.677	-2.727	5.489	0.4	0.640287769784173	0.011533344947793308	-0.07129715412651964	2.295801030648597	0.44114147485525884	No-PER3D	No-Essential3D
97	F	97	10.577	-4.777	8.708	0.4	0.565079365079365	-0.04672631806819149	-0.273197729772301	6.893961749969186	0.24890254609306406	No-PER3D	No-Essential3D
98	D	98	10.488	-8.459	9.618	0.4	0.565511748307447	-0.016739726809963898	-0.5185690111360218	2.295801030648597	0.44114147485525884	No-PER3D	No-Essential3D
99	Y	99	6.962	-9.799	9.865	0.4	0.632142857142857	-0.13658395187832698	-0.4782513891466339	7.71374279864555	0.08187528011935385	No-PER3D	No-Essential3D
100	A	100	5.459	-10.564	13.262	0.4	0.634408602150538	0.3722367083001042	-0.446332889570463	3.8153047060678382	0.17668163706355108	No-PER3D	No-Essential3D
101	E	101	2.484	-12.898	13.117	0.4	0.634408602150538	0.6520940402024197	-0.31259964289076114	2.295801030648597	0.44114147485525884	No-PER3D	No-Essential3D
102	H	102	1.111	-12.077	16.555	0.4	0.630357142857143	0.9728177847115425	0.049544733927085145	1.3434928591217032	1	No-PER3D	No-Essential3D
103	D	103	0.438	-9.232	18.964	0.4	0.633093525179856	0.9728177847115425	0.10440094471178117	0	1	No-PER3D	No-Essential3D
104	L	104	-0.75	-8.773	22.567	0.4	0.637184115523466	0.9728177847115425	0.34529004694043625	1.1025360741006405	1	No-PER3D	No-Essential3D
105	W	105	-4.062	-7.277	21.484	0.4	0.730848861283644	0.9728177847115425	0.3912036977634567	1.702662196269558	0.5197309549537381	No-PER3D	No-Essential3D
106	H	106	-4.97	-10.391	19.513	0.4	0.736787022501308	0.9728177847115425	0.5363477075871271	0	1	No-PER3D	No-Essential3D
107	I	107	-3.482	-12.776	22.045	0.4	0.726147498710676	0.9728177847115425	0.6283204417957109	0	1	No-PER3D	No-Essential3D
108	I	108	-5.354	-11.219	24.957	0.4	0.635379061371841	0.9728177847115425	0.5951264490646027	1.1025360741006405	1	No-PER3D	No-Essential3D
109	K	109	-8.569	-11.137	22.961	0.4	0.635869565217391	0.9728177847115425	0.6659658121765166	0	1	No-PER3D	No-Essential3D
110	F	110	-8.318	-14.834	22.285	0.4	0.727841501564129	0.9728177847115425	0.9590650761942334	0	1	No-PER3D	No-Essential3D
111	H	111	-8.111	-15.59	25.996	0.4	0.804889298892989	0.9728177847115425	0.9216930821865515	0	1	No-PER3D	No-Essential3D
112	R	112	-10.859	-13.091	26.714	0.4	0.85997521685254	0.9728177847115425	0.8674785841590428	0	1	No-PER3D	No-Essential3D
113	A	113	-12.998	-14.705	24.038	0.4	0.968283582089552	0.9728177847115425	1.220978679662643	0	1	No-PER3D	No-Essential3D
114	S	114	-12.779	-18.139	25.594	0.4	0.855018587360595	0.9728177847115425	1.4595501545917413	0	1	No-PER3D	No-Essential3D
115	K	115	-15.911	-17.838	27.723	0.4	0.85997521685254	0.9728177847115425	1.6693337429388164	0	1	No-PER3D	No-Essential3D
116	A	116	-16.544	-21.602	27.725	0.4	0.706241519674355	0.9728177847115425	1.9697019149310446	0	1	No-PER3D	No-Essential3D
117	N	117	-13	-21.318	29.037	0.4	0.746924969249693	-0.05586298108730341	1.832585791934318	0	1	No-PER3D	No-Essential3D
118	K	118	-11.68	-24.708	28.19	0.4	0.793823277094653	-0.1349922707641377	1.9887474545106436	0	1	No-PER3D	No-Essential3D
119	K	119	-7.973	-24.322	27.645	0.4	0.832356076759062	0.07272211463755215	1.834092754927233	0	1	No-PER3D	No-Essential3D
120	P	120	-6.063	-27.489	28.128	0.4	0.894871794871795	-0.3364122808506251	1.5426337181142484	0	1	No-PER3D	No-Essential3D
121	V	121	-2.595	-26.013	28.299	-1.92	0.771111111111111	-0.7214799471924391	1.1859028512490808	0	1	No-PER3D	No-Essential3D
122	Q	122	-2.06	-22.291	28.065	0.4	0.811567164179105	-0.1793046729831649	1.2165845837057008	0	0.33648003527638193	No-PER3D	No-Essential3D
123	L	123	1.278	-22.252	29.814	0.4	0.77910447761194	-0.2273097753871111	1.2074579178562386	0	0.5846400220828278	No-PER3D	No-Essential3D
124	P	124	0.143	-18.675	30.332	0.4	0.784962406015038	-0.020391230542515706	1.0779358140514814	0	0.5846400220828278	No-PER3D	No-Essential3D
125	R	125	1.722	-18.112	33.74	0.4	0.77910447761194	-0.5169957381695447	1.0200148854325306	0	0.5817011543145462	No-PER3D	No-Essential3D
126	G	126	5.147	-18.773	32.322	-1.92	0.793532338308458	-1.352012188494025	1.165173223548249	0	0.5950240215307573	No-PER3D	No-Essential3D
127	M	127	4.111	-16.831	29.241	0.4	0.757419865453107	-0.6290766166270341	0.9230929777494926	0	0.33608555253873407	No-PER3D	No-Essential3D
128	V	128	2.967	-13.764	31.154	0.4	0.80020964360587	0.2148424835966035	0.8453751748399417	0.6164161693140514	1	No-PER3D	No-Essential3D
129	K	129	6.243	-13.398	32.998	0.4	0.82390185991294	-1.087499726098215	0.9298567200231819	0.49391235860117655	0.9999999999999999	No-PER3D	No-Essential3D
130	S	130	8.294	-13.883	29.848	0.4	0.80020964360587	-1.0308434578669567	1.0259539876734722	0	0.33648003527638193	No-PER3D	No-Essential3D
131	L	131	6.258	-11.319	27.959	0.4	0.80020964360587	-0.01051557272038731	0.6534368256386394	0.49391235860117655	0.9999999999999999	No-PER3D	No-Essential3D
132	L	132	6.633	-8.777	30.751	0.4	0.80397127165188	-0.3465922306504662	0.6156253468225675	0.5496145359350836	1	No-PER3D	No-Essential3D
133	Y	133	10.369	-9.34	30.994	0.4	0.758771929824562	-1.137751372703331	0.9201508629666341	0	0.33608555253873407	No-PER3D	No-Essential3D
134	Q	134	10.902	-8.758	27.278	0.4	0.720833333333333	-0.014024506085758844	0.6975184575992325	0	0.18937257788266504	No-PER3D	No-Essential3D
135	I	135	8.739	-5.644	27.251	0.4	0.720833333333333	0.1710084234387352	0.5627848791667491	0.49391235860117655	0.9999999999999999	No-PER3D	No-Essential3D
136	L	136	10.768	-4.241	30.139	0.4	0.689175769612711	0.7541425043644132	0.6670687911584231	0.4466976053687571	0.672968148058324	No-PER3D	No-Essential3D
137	D	137	14.021	-5.113	28.404	0.4	0.686584883260784	-0.19345037713981364	0.681241402789485	0	0.33608555253873407	No-PER3D	No-Essential3D
138	G	138	12.971	-3.422	25.178	0.4	0.69041424854913	0.3868850272369687	0.470263737535676	0	0.18937257788266504	No-PER3D	No-Essential3D
139	I	139	11.764	-0.256	26.898	0.4	0.695058256327843	0.7590019550387939	0.528399521655723	0	0.18661308619634387	No-PER3D	No-Essential3D
140	H	140	14.86	-0.151	29.078	0.4	0.691786283891547	0.6979117179894372	0.6866501431532692	0	0.33648003527638193	No-PER3D	No-Essential3D
141	Y	141	16.978	-0.116	25.933	0.4	0.65719696969697	0.6164580685902947	0.6598989362060198	0	0.5950240215307573	No-PER3D	No-Essential3D
142	L	142	15.034	2.8	24.489	0.4	0.614428412874584	0.9728177847115425	0.5000154466101239	0	0.5950240215307573	No-PER3D	No-Essential3D
143	H	143	15.049	4.647	27.814	0.4	0.575047348484849	0.9728177847115425	0.7802962662061093	0	1	No-PER3D	No-Essential3D
144	A	144	18.797	4.309	28.251	0.4	0.576179245283019	0.9728177847115425	0.6654026899795566	0	1	No-PER3D	No-Essential3D
145	N	145	19.054	5.921	24.81	0.4	0.610526315789474	0.9728177847115425	0.6787745671646829	0	1	No-PER3D	No-Essential3D
146	W	146	16.656	8.641	25.978	0.4	0.572877358490566	0.9728177847115425	0.8191544369667716	0	1	No-PER3D	No-Essential3D
147	V	147	14.006	7.525	23.524	0.4	0.654716981132076	0.9728177847115425	0.5161543346232663	0	1	No-PER3D	No-Essential3D
148	L	148	10.448	7.398	24.88	0.4	0.6095126247798	0.9728177847115425	0.5119388217966993	1.1025360741006405	1	No-PER3D	No-Essential3D
149	H	149	7.725	5.288	23.277	0.4	0.6095126247798	0.9728177847115425	0.37902665361932414	0.9295861150054883	1	No-PER3D	No-Essential3D
150	R	150	4.865	7.607	24.318	0.4	0.550254452926209	0.9728177847115425	0.6277915927528633	1.3434928591217032	1	No-PER3D	No-Essential3D
151	D	151	2.174	5.26	22.84	0.4	0.547169811320755	0.9728177847115425	0.6457906030870376	1.3434928591217032	1	No-PER3D	No-Essential3D
152	L	152	2.49	1.903	24.732	0.4	0.654135338345865	0.9728177847115425	0.6329072811052084	1.3434928591217032	1	No-PER3D	No-Essential3D
153	K	153	-0.478	-0.513	24.428	0.4	0.578273440726972	0.9728177847115425	0.3699751474147822	1.1025360741006405	1	No-PER3D	No-Essential3D
154	P	154	-1.066	-4.181	23.615	0.4	0.57516339869281	0.9728177847115425	0.13617877806858628	1.1025360741006405	1	No-PER3D	No-Essential3D
155	A	155	-1.576	-3.466	19.9	0.4	0.578925789257893	0.9728177847115425	0.05340216187342647	1.702662196269558	0.5197309549537381	No-PER3D	No-Essential3D
156	N	156	1.996	-2.13	19.8	0.4	0.576797385620915	0.9728177847115425	0.08053557111083826	2.295801030648597	0.44114147485525884	No-PER3D	No-Essential3D
157	I	157	3.596	-5.164	21.452	0.4	0.431013431013431	0.9728177847115425	0.26141968078913863	0.9295861150054883	1	No-PER3D	No-Essential3D
158	L	158	4.253	-7.63	18.632	0.4	0.436183395291202	0.9728177847115425	0.1667069471052745	0	1	No-PER3D	No-Essential3D
159	V	159	5.264	-11.267	19.093	0.4	0.559701492537313	0.3015355287622155	0.28376093880281883	0	0.33648003527638193	No-PER3D	No-Essential3D
160	M	160	7.057	-13.257	16.398	0.4	0.433705080545229	-0.06736733261534282	-0.00813246127727167	0.7993792403044037	1	No-PER3D	No-Essential3D
161	G	161	5.63	-16.471	14.997	0.4	0.433705080545229	0.6520940402024197	-0.22836695924983136	0	1	No-PER3D	No-Essential3D
162	E	162	7.257	-19.607	13.616	0.4	0.436953807740325	0.5544824657865995	-0.24375490904570843	0	1	No-PER3D	No-Essential3D
163	G	163	10.791	-18.947	12.45	0.4	0.435323383084577	-0.09626136365220067	-0.42091608108707373	0	1	No-PER3D	No-Essential3D
164	P	164	14.142	-18.332	14.003	0.4	0.43734335839599	-0.9515246823431952	-0.28540549742885674	0	1	No-PER3D	No-Essential3D
165	E	165	12.717	-15.664	16.376	0.4	0.521348314606742	-0.1373797924354216	-0.0677619435013451	0	1	No-PER3D	No-Essential3D
166	R	166	9.786	-17.778	17.651	0.4	0.52528301886792494	-0.09626136365220067	-0.0637706672678158	0	1	No-PER3D	No-Essential3D
167	G	167	7.972	-16.171	20.579	0.4	0.529277566539924	0.19267894671637859	0.24589057594418695	0	0.33608555253873407	No-PER3D	No-Essential3D
168	R	168	10.13	-13.091	20.878	0.4	0.529277566539924	0.3015355287622155	0.3899686641917414	0	0.18661308619634387	No-PER3D	No-Essential3D
169	V	169	8.527	-9.778	21.741	0.4	0.526792452830189	-0.01051557272038731	0.4864045642288275	0	0.3434976755566429	No-PER3D	No-Essential3D
170	K	170	9.033	-6.853	19.371	0.4	0.44106463878327	0.032238051515783545	0.30469046941447725	0.49391235860117655	0.9999999999999999	No-PER3D	No-Essential3D
171	I	171	8.072	-3.352	20.496	0.4	0.438993710691824	0.6527837686852347	0.2965235054187848	0	0.33608555253873407	No-PER3D	No-Essential3D
172	A	172	6.748	-1.247	17.635	0.4	0.44233206590621	0.6378984656142438	0.10115510055025671	1.3434928591217032	1	No-PER3D	No-Essential3D
173	D	173	5.093	2.038	16.589	0.4	0.443599493029151	0.5835872246795466	-0.15789337818735413	13.818667642704227	0.004452771307539213	PER3D	Essential3D
174	M	174	6.943	4.389	18.906	0.4	0.446564885496183	0.9728177847115425	9.044092792439488e-4	3.8153047060678382	0.17668163706355108	No-PER3D	No-Essential3D
175	G	175	5.537	7.917	19.022	0.4	0.446564885496183	0.9728177847115425	-0.1641034717974832	3.8153047060678382	0.17668163706355108	No-PER3D	No-Essential3D
176	F	176	8.527	9.479	17.324	0.4	0.446564885496183	0.9728177847115425	-0.1473937223212641	5.128947354952186	0.12678355446134193	No-PER3D	No-Essential3D
177	A	177	7.205	12.964	16.738	0.4	0.53587786259542	0.9728177847115425	-0.28654853307763795	3.8153047060678382	0.17668163706355108	No-PER3D	No-Essential3D
178	R	178	5.452	15.064	19.365	0.4	0.532824427480916	0.9728177847115425	-0.12588127758597872	3.8153047060678382	0.17668163706355108	No-PER3D	No-Essential3D
179	L	179	5.718	18.82	19.112	0.4	0.530798479087452	0.9728177847115425	-0.14621411292032477	5.128947354952186	0.12678355446134193	No-PER3D	No-Essential3D
180	F	180	7.757	20.142	21.989	0.4	0.333333333333333	0.9728177847115425	-0.06268287233111183	3.4657283885793726	0.3513249261712827	No-PER3D	No-Essential3D
181	N	181	7.473	16.635	23.395	0.4	0.337209302325581	0.9728177847115425	0.29030674175809273	2.295801030648597	0.44114147485525884	No-PER3D	No-Essential3D
182	S	182	4.004	17.6	24.511	0.4	0.337209302325581	0.9728177847115425	0.4301487864340171	2.295801030648597	0.44114147485525884	No-PER3D	No-Essential3D
183	P	183	0.903	15.58	25.07	0.4	0.337209302325581	0.6721392742342396	0.7321306892974959	1.3434928591217032	1	No-PER3D	No-Essential3D
184	L	184	-1.159	18.761	24.861	0.4	0.33852140077821	0.5879492913005949	0.21753028589153053	2.295801030648597	0.44114147485525884	No-PER3D	No-Essential3D
185	K	185	-0.436	19.411	21.219	0.4	0.33852140077821	0.9728177847115425	0.0339707209697738	2.295801030648597	0.44114147485525884	No-PER3D	No-Essential3D
186	P	186	-1.773	16.209	19.842	0.4	0.5453125	0.9728177847115425	-0.278233073919926	7.71374279864555	0.08187528011935385	No-PER3D	No-Essential3D
187	L	187	-5.312	16.915	18.754	0.4	0.543190661478599	0.9728177847115425	-0.9576481491029496	7.71374279864555	0.08187528011935385	No-PER3D	No-Essential3D
188	A	188	-8.013	15.272	16.719	0.4	0.542635658914729	0.9728177847115425	-0.788861833838846	6.893961749969186	0.24890254609306406	No-PER3D	No-Essential3D
189	D	189	-8.297	16.176	13.068	0.4	0.677606177606178	0.9728177847115425	-0.6661409976931882	6.893961749969186	0.24890254609306406	No-PER3D	No-Essential3D
190	L	190	-11.566	16.912	11.355	0.4	0.448275862068966	0.9728177847115425	-0.4028708339778531	62.52172150569427	0.13235294117647056	No-PER3D	No-Essential3D
191	D	191	-12.27	13.288	12.077	0.4	0.448717948717949	0.9728177847115425	-0.1013988701618017	62.52172150569427	0.13235294117647056	No-PER3D	No-Essential3D
192	P	192	-12.256	12.079	15.552	0.4	0.450450450450451	0.9728177847115425	-0.6440573410062528	62.52172150569427	0.13235294117647056	No-PER3D	No-Essential3D
193	V	193	-9.129	10.109	16.183	0.4	0.671153846153846	0.9728177847115425	-0.448685175450452	26.120064514101283	0.006240291753900183	PER3D	Essential3D
194	V	194	-8.938	9.047	19.711	0.4	0.676356589147287	0.9728177847115425	-0.6110253720883538	26.120064514101283	0.006240291753900183	PER3D	Essential3D
195	V	195	-6.937	7.211	22.236	0.4	0.908854166666667	0.9728177847115425	-0.5038286725732862	6.893961749969186	0.24890254609306406	No-PER3D	No-Essential3D
196	T	196	-8.982	5.08	24.539	0.4	0.901808785529716	0.9728177847115425	-0.717932619878954	6.893961749969186	0.24890254609306406	No-PER3D	No-Essential3D
197	F	197	-7.032	6.594	27.456	0.4	0.905317769130999	0.6979117179894372	-0.7038639886254862	3.4657283885793726	0.3513249261712827	No-PER3D	No-Essential3D
198	W	198	-6.967	3.203	29.203	0.4	0.896640826873385	0.9728177847115425	-0.48463241222239173	2.295801030648597	0.44114147485525884	No-PER3D	No-Essential3D
199	Y	199	-3.149	3.128	29.204	0.4	0.669230769230769	0.9728177847115425	0.2440672538720205	1.702662196269558	0.5197309549537381	No-PER3D	No-Essential3D
200	R	200	-2.546	6.787	30.134	0.4	0.801526717557252	0.7541425043644132	0.5237941190834615	1.3434928591217032	1	No-PER3D	No-Essential3D
201	A	201	-0.938	7.668	33.467	0.4	1.00961538461538	0.7437293957764548	0.7405273073660829	0	1	No-PER3D	No-Essential3D
202	P	202	-2.875	9.934	35.804	0.4	1.01061776061776	0.4141377136311346	-0.5935884670071032	0	1	No-PER3D	No-Essential3D
203	E	203	-0.469	12.863	35.482	0.4	1.00477099236641	-0.5058539703702204	0.508556155920086	0	1	No-PER3D	No-Essential3D
204	L	204	-1.293	13.103	31.79	0.4	0.997159090909091	0.35683719352032367	0.7239770192406502	0	1	No-PER3D	No-Essential3D
205	L	205	-4.981	13.221	32.643	0.4	1	0.32354094534782546	-0.023036842266908674	0	1	No-PER3D	No-Essential3D
206	L	206	-4.125	15.927	35.185	0.4	1.06666666666667	-1.0062972383314703	-0.003037935282809866	0	1	No-PER3D	No-Essential3D
207	G	207	-2.448	17.952	32.448	0.4	1.07072243346008	-0.7332589914909929	0.4576235837463619	0	1	No-PER3D	No-Essential3D
208	A	208	1.236	17.018	32.469	0.4	1.07680608365019	-0.07858707128005814	0.7537945875588566	0	1	No-PER3D	No-Essential3D
209	R	209	3.115	19.103	29.894	0.4	1.07680608365019	0.9728177847115425	0.822465676764625	1.702662196269558	0.5197309549537381	No-PER3D	No-Essential3D
210	H	210	5.668	16.583	28.716	0.4	1.08725868725869	0.9728177847115425	1.1278579695693312	1.702662196269558	0.5197309549537381	No-PER3D	No-Essential3D
211	Y	211	6.124	12.858	28.217	0.4	1.08307692307692	0.9728177847115425	0.969463095968018	1.3434928591217032	1	No-PER3D	No-Essential3D
212	T	212	8.422	11.062	30.646	0.4	0.909560723514212	0.17204301616295806	1.2632143080630924	0	1	No-PER3D	No-Essential3D
213	K	213	9.917	7.614	31.224	0.4	0.906048906048906	0.28643941166989856	0.9372277561813904	0	0.5817011543145462	No-PER3D	No-Essential3D
214	A	214	7.497	7.162	34.115	0.4	0.770662287903667	0.34062717796266	1.2605596418558986	0	0.5817011543145462	No-PER3D	No-Essential3D
215	I	215	4.55	7.534	31.745	0.4	0.764801738185769	0.4141377136311346	1.244275402483913	0	0.5817011543145462	No-PER3D	No-Essential3D
216	D	216	5.786	4.557	29.722	0.4	0.664772727272727	0.9728177847115425	0.9532626164524727	1.3434928591217032	1	No-PER3D	No-Essential3D
217	I	217	6.204	2.525	32.914	0.4	0.66793893129771	0.4923529235823917	0.7378848536942093	0.7993792403044037	1	No-PER3D	No-Essential3D
218	W	218	2.592	3.095	33.956	0.4	0.668582375478927	0.4505733704407267	0.8262186106212698	1.1025360741006405	1	No-PER3D	No-Essential3D
219	A	219	1.495	1.732	30.583	0.4	0.670498084291188	0.9728177847115425	0.7152685291064128	0.9295861150054883	1	No-PER3D	No-Essential3D
220	I	220	3.559	-1.405	31.153	0.4	0.594845796366709	0.9728177847115425	0.4850312159431689	0.6164161693140514	1	No-PER3D	No-Essential3D
221	G	221	1.808	-1.845	34.486	0.4	0.589807852965748	0.011336279666988995	0.38092129491873333	0.6978363692976364	1	No-PER3D	No-Essential3D
222	C	222	-1.567	-1.637	32.739	0.4	0.585934248855597	0.9728177847115425	-0.12166171331355365	1.3434928591217032	1	No-PER3D	No-Essential3D
223	I	223	-0.467	-4.202	30.173	0.4	0.585934248855597	0.9728177847115425	0.25052820422407496	1.3434928591217032	1	No-PER3D	No-Essential3D
224	F	224	0.711	-6.497	32.957	0.4	0.493936567164179	0.6527837686852347	0.31674343692996193	0.6978363692976364	1	No-PER3D	No-Essential3D
225	A	225	-2.588	-6.335	34.82	0.4	0.488468634686347	-0.057340970693336366	0.009039147753209608	1.1025360741006405	1	No-PER3D	No-Essential3D
226	E	226	-4.423	-7.134	31.596	0.4	0.488468634686347	0.9728177847115425	0.19502576994989151	1.3434928591217032	1	No-PER3D	No-Essential3D
227	L	227	-2.163	-10.105	30.92	0.4	0.48570110701107	0.2148424835966035	0.5144517206554562	0.7993792403044037	1	No-PER3D	No-Essential3D
228	L	228	-3.022	-11.547	34.33	0.4	0.481751824817518	0.12566891875955166	0.4092758545033644	0.9295861150054883	1	No-PER3D	No-Essential3D
229	T	229	-6.797	-10.84	34.211	0.4	0.478260869565217	0.9728177847115425	0.1666731365783633	2.295801030648597	0.44114147485525884	No-PER3D	No-Essential3D
230	S	230	-7.463	-10.787	30.45	0.4	0.544610624033007	0.9728177847115425	0.44655777325471496	1.702662196269558	0.5197309549537381	No-PER3D	No-Essential3D
231	E	231	-9.34	-7.507	31.012	0.4	0.423913043478261	0.9728177847115425	0.18541219092859884	2.295801030648597	0.44114147485525884	No-PER3D	No-Essential3D
232	P	232	-8.154	-3.927	30.739	0.4	0.427878787878788	0.9728177847115425	-0.417834199517328	2.295801030648597	0.44114147485525884	No-PER3D	No-Essential3D
233	I	233	-7.727	-2.777	34.318	0.4	0.424789410348977	0.712771505379821	-0.8254465144951373	3.4657283885793726	0.3513249261712827	No-PER3D	No-Essential3D
234	F	234	-8.643	0.847	33.506	0.4	0.426328502415459	0.7055479976206066	-1.051971122947332	2.295801030648597	0.44114147485525884	No-PER3D	No-Essential3D
235	H	235	-11.384	0.043	30.921	0.4	0.364105208870552	0.6027519256625544	-1.5629835558325114	6.893961749969186	0.24890254609306406	No-PER3D	No-Essential3D
236	C	236	-13.753	2.966	30.389	0.4	0.362795477903392	0.6027519256625544	-2.0001446780936853	0	1	No-PER3D	No-Essential3D
237	R	237	-16.319	4.417	27.972	0.4	0.211630695443645	0.9728177847115425	-2.0357642505561526	0	1	No-PER3D	No-Essential3D
238	Q	238	-15.307	6.585	25.049	0.4	0.212394705174489	0.9728177847115425	-1.4857954243147087	62.52172150569427	0.13235294117647056	No-PER3D	No-Essential3D
239	E	239	-15.289	10.388	25.25	0.4	0.181771633384537	0.5544824657865995	-1.7121270049503134	62.52172150569427	0.13235294117647056	No-PER3D	No-Essential3D
240	D	240	-16.441	12.781	27.903	0.4	0.18191161356629	0.5146410068413667	-2.556467803243705	0	1	No-PER3D	No-Essential3D
241	I	241	-16.597	16.405	26.973	0.4	0.181259600614439	0.28555261790627906	-3.3049100056370797	0	1	No-PER3D	No-Essential3D
242	K	242	-15.868	16.755	23.316	0.4	0.181259600614439	0.40683470616603135	-2.1683756557350393	62.52172150569427	0.13235294117647056	No-PER3D	No-Essential3D
243	T	243	-12.579	18.493	23.761	0.4	0.212829736211031	0.4664118723287169	-1.8515252040070007	6.893961749969186	0.24890254609306406	No-PER3D	No-Essential3D
244	S	244	-8.945	17.894	22.896	0.4	0.212066905615293	0.5719131040751388	-1.04679734730965	6.893961749969186	0.24890254609306406	No-PER3D	No-Essential3D
245	N	245	-8.102	18.844	26.459	0.4	0.254676258992806	0.6027519256625544	-0.6894307137618341	0	1	No-PER3D	No-Essential3D
246	P	246	-6.146	16.451	28.583	0.4	0.252857142857143	0.712771505379821	-0.19145202939780673	0	1	No-PER3D	No-Essential3D
247	Y	247	-8.676	16.25	31.409	-1.15	0.315178571428571	-0.2633727217743121	-0.7514859144784983	0	1	No-PER3D	No-Essential3D
248	H	248	-10.998	13.264	31.134	0.4	0	0.7055479976206066	-0.93031013572757415	0	1	No-PER3D	No-Essential3D
249	H	249	-13.385	12.757	34.042	0.4	0	0.19787446030968672	-1.9598076016321928	0	1	No-PER3D	No-Essential3D
250	D	250	-14.589	9.201	33.509	0.4	0	0.26009835246904706	-1.986074345945935	0	1	No-PER3D	No-Essential3D
251	Q	251	-11.11	7.817	32.979	0.4	0	0.3896837037858644	-1.3343261113188007	0	1	No-PER3D	No-Essential3D
252	L	252	-9.979	9.277	36.286	0.4	0	0.47939663931289184	-1.4424916505788554	0	1	No-PER3D	No-Essential3D
253	D	253	-13.045	7.912	38.037	0.4	0	-0.2686934843560303	-2.2650586548268317	0	1	No-PER3D	No-Essential3D
254	R	254	-12.2	4.441	36.775	0.4	0	0.07078225327963411	-1.929293770217504	0	1	No-PER3D	No-Essential3D
255	I	255	-8.653	4.788	38.033	0.4	0	0.19267894671637859	-1.3855968005992694	0	1	No-PER3D	No-Essential3D
256	F	256	-9.831	5.766	41.5	0.4	0	-0.6799440922346638	-2.151169231888365	0	1	No-PER3D	No-Essential3D
257	N	257	-12.399	3.004	41.536	-1.15	0	-0.7332589914909929	-2.085761284200214	0	1	No-PER3D	No-Essential3D
258	V	258	-9.625	0.48	41.042	0.4	0	-0.40171254889898456	-1.6002801213220428	0	1	No-PER3D	No-Essential3D
259	M	259	-6.723	2.198	42.832	0.4	0	-0.5305747676749714	-1.6833909286862236	0	1	No-PER3D	No-Essential3D
260	G	260	-8.469	4.271	45.478	0.4	0	-0.8509194588153058	-2.0085749040216645	0	1	No-PER3D	No-Essential3D
261	F	261	-8.107	8.039	45.863	0.4	0	-1.0062972383314703	-2.2443219608366554	0	1	No-PER3D	No-Essential3D
262	P	262	-4.585	9.146	46.663	0.4	0	-1.2892887776042261	-2.2225308284311778	0	1	No-PER3D	No-Essential3D
263	A	263	-3.76	10.638	50.045	0.4	0	-0.6293229482280395	-2.8128239399330486	0	1	No-PER3D	No-Essential3D
264	D	264	-1.66	13.771	50.238	0.4	0	0.28555261790627906	-3.1247974202142017	0	1	No-PER3D	No-Essential3D
265	K	265	1.322	11.724	51.369	0.4	0	0.28555261790627906	-3.0507989277154954	0	1	No-PER3D	No-Essential3D
266	D	266	1.027	9.405	48.371	0.4	0	-0.7094299848750186	-2.5073669120340107	0	1	No-PER3D	No-Essential3D
267	W	267	1.455	12.161	45.813	0.4	0	-1.1161598723717212	-1.47920913462645	0	1	No-PER3D	No-Essential3D
268	E	268	2.543	15.467	47.352	0.4	0	-1.696431443783739	-2.032719223166758	0	1	No-PER3D	No-Essential3D
269	D	269	3.127	17.202	44.009	0.4	0	-1.2111134022391423	-1.168426402190549	0	1	No-PER3D	No-Essential3D
270	I	270	-0.438	16.573	42.814	0.4	0	-1.6623900057609184	-0.6307839710694225	0	1	No-PER3D	No-Essential3D
271	K	271	-1.224	20.17	43.762	-1.15	0.612280701754386	-1.4300238172963222	-1.1619407066283773	0	1	No-PER3D	No-Essential3D
272	K	272	1.29	21.278	41.123	0.4	0.611888111888112	-1.5722803168769817	0.04226175884869263	0	1	No-PER3D	No-Essential3D
273	M	273	-0.677	19.659	38.268	0.4	0.609756097560976	-1.5194011331944737	0.36725185075942246	0	1	No-PER3D	No-Essential3D
274	P	274	-2.607	22.149	36.193	0.4	0.48951048951049	-1.952830510221607	0.2188420168349279	0	1	No-PER3D	No-Essential3D
275	E	275	-5.912	20.232	36.475	0.4	0.487804878048781	-1.5194011331944737	0.017026454696609197	0	1	No-PER3D	No-Essential3D
276	H	276	-5.714	19.822	40.26	-1.92	0.486713286713287	-1.7187786466269552	0.04060966325656568	0	1	No-PER3D	No-Essential3D
277	S	277	-8.424	22.344	41.116	-2.7	0.485017421602788	-2.985412261374483	-0.1919969966684594	0	1	No-PER3D	No-Essential3D
278	T	278	-10.749	20.658	38.645	0.4	0.485314685314685	-2.085814523627659	-0.7629917302739723	0	1	No-PER3D	No-Essential3D
279	L	279	-10.057	17.324	40.299	0.4	0.482229965156795	-1.3475239664423346	-1.0497933573394937	0	1	No-PER3D	No-Essential3D
280	M	280	-11.003	18.739	43.678	-1.92	0.518481518481519	-2.062350554666813	-1.0584703635726773	0	1	No-PER3D	No-Essential3D
281	K	281	-14.147	20.289	42.341	0.4	0.514880952380952	-3.0310560580313797	-0.8713713413780503	0	1	No-PER3D	No-Essential3D
282	D	282	-15.261	17.065	40.669	0.4	0.518481518481519	-2.23097101796561	-1.7299185291536818	0	1	No-PER3D	No-Essential3D
283	F	283	-14.095	14.385	43.1	0.4	0.515181682429069	-1.7423133819884102	-2.263219132110127	0	1	No-PER3D	No-Essential3D
284	R	284	-14.378	13.493	46.759	0.4	0.515181682429069	-1.555944642283987	-1.9712638987813331	0	1	No-PER3D	No-Essential3D
285	R	285	-12.224	11.094	48.775	0.4	0.515181682429069	-2.2314636811676216	-2.0060896965261965	0	1	No-PER3D	No-Essential3D
286	N	286	-15.171	9.401	50.457	-0.37	0.514880952380952	-2.553074219440364	-2.071653463395734	0	1	No-PER3D	No-Essential3D
287	T	287	-16.482	7.942	47.238	0.4	0.515181682429069	-1.965425552081713	-2.2549717108174714	0	1	No-PER3D	No-Essential3D
288	Y	288	-13.325	5.793	46.89	0.4	0.51998001998002	-1.3266770006049184	-2.5104229446928796	0	1	No-PER3D	No-Essential3D
289	T	289	-13.039	4.699	50.531	-2.7	0.519661523145844	-1.965425552081713	-2.1305347379687816	0	1	No-PER3D	No-Essential3D
290	N	290	-13.327	0.969	49.962	0.4	0.519661523145844	-1.965425552081713	-1.4622831537344396	0	1	No-PER3D	No-Essential3D
291	C	291	-11.339	0.836	46.735	-2.7	0.51998001998002	-1.2308647178833991	-1.7629418487037791	0	1	No-PER3D	No-Essential3D
292	S	292	-7.852	-0.574	46.33	0.4	0.610526315789474	-1.031705618470476	-1.5164133356888818	0	1	No-PER3D	No-Essential3D
293	L	293	-5.614	-2.491	43.928	0.4	0.610526315789474	-0.5874598912787855	-1.0737201497244844	0	1	No-PER3D	No-Essential3D
294	I	294	-5.498	-5.384	46.372	0.4	0.700656234225139	-1.165340512015944	-0.5516555473094689	0	1	No-PER3D	No-Essential3D
295	K	295	-9.27	-5.71	46.393	0.4	0.703140830800405	-1.3180661046393358	-0.6946051737728856	0	1	No-PER3D	No-Essential3D
296	Y	296	-9.508	-5.428	42.614	0.4	0.707676664972039	-0.02253176721332194	-1.1300267046760077	0	1	No-PER3D	No-Essential3D
297	M	297	-6.827	-8.038	41.943	0.4	0.712749615975422	-1.0436368087578862	-0.3230136925435182	0	1	No-PER3D	No-Essential3D
298	E	298	-8.391	-10.474	44.409	0.4	0.704225352112676	0.05646422897119101	-0.09303881630742745	0	1	No-PER3D	No-Essential3D
299	K	299	-11.66	-10.465	42.513	0.4	0.699300699300699	0.9728177847115425	-0.13265749147012648	0	1	No-PER3D	No-Essential3D
300	H	300	-9.635	-11.419	39.434	0.4	0.545102593883082	0.9728177847115425	-0.11590491036304494	0	1	No-PER3D	No-Essential3D
301	K	301	-8.002	-14.338	41.265	0.4	0.548927875243665	0.9728177847115425	0.11876398201681382	0	1	No-PER3D	No-Essential3D
302	V	302	-4.573	-12.814	41.696	0.4	0.463157894736842	-0.6912848201732616	0.14122897719336108	0	1	No-PER3D	No-Essential3D
303	K	303	-3.156	-13.168	45.217	0.4	0.535332994407728	-1.087499726098215	0.19776986627102155	0	1	No-PER3D	No-Essential3D
304	P	304	-1.961	-10.072	47.004	0.4	0.470089285714286	-0.9938489301523169	0.26001396586420894	0	1	No-PER3D	No-Essential3D
305	D	305	0.857	-12.033	48.652	0.4	0.538775510204082	-1.5722803168769817	0.16034499158595747	0	1	No-PER3D	No-Essential3D
306	S	306	2.368	-13.026	45.328	0.4	0.631294964028777	-1.3043752535518738	0.24701584893532866	0	1	No-PER3D	No-Essential3D
307	K	307	5.534	-11.537	43.875	0.4	0.631768953068592	-1.8685500515408342	0.38637511786035084	0	1	No-PER3D	No-Essential3D
308	A	308	3.638	-10.817	40.69	-1.92	0.627697841726619	-1.2246571615380613	0.4799669195100278	0	0.33648003527638193	No-PER3D	No-Essential3D
309	F	309	1.282	-8.549	42.641	0.4	0.561151079136691	-0.37926558175736086	0.1944876767548397	0	0.5817011543145462	No-PER3D	No-Essential3D
310	H	310	3.947	-6.621	44.553	-4.25	0.567777418311226	-0.6912848201732616	0.14309838832359026	0	1	No-PER3D	No-Essential3D
311	L	311	5.699	-5.814	41.291	0.4	0.555555555555555	-0.4963038836850852	0.38291941648245675	0	0.5846400220828278	No-PER3D	No-Essential3D
312	L	312	2.44	-4.747	39.673	0.4	0.555160142348754	-0.10884890846358017	0.03555614226744479	1.3434928591217032	1	No-PER3D	No-Essential3D
313	Q	313	1.795	-2.319	42.509	0.4	0.559139784946237	-0.2997312660827195	-0.043993119611891826	0	1	No-PER3D	No-Essential3D
314	K	314	5.193	-0.721	42.071	0.4	0.555953803265631	-1.1978244986259556	0.33790839496095393	0	1	No-PER3D	No-Essential3D
315	L	315	4.577	-0.306	38.354	0.4	0.553968253968254	-0.9030754620868998	0.5596752330090777	0.7993792403044037	1	No-PER3D	No-Essential3D
316	L	316	1.139	1.152	38.978	0.4	0.556354916067146	-0.28642935962842425	0.12705720770639561	0.7993792403044037	1	No-PER3D	No-Essential3D
317	T	317	2.18	3.842	41.403	0.4	0.555953803265631	-0.5382787884964175	-0.31472033962742935	0	0.5817011543145462	No-PER3D	No-Essential3D
318	M	318	0.111	7.012	41.197	0.4	0.684761281883584	0.40083580717683936	-0.9430969417960822	0	0.5817011543145462	No-PER3D	No-Essential3D
319	D	319	2.896	9.514	41.839	0.4	0.689202494256646	-0.01673972680996407	-0.5259950314047245	0	1	No-PER3D	No-Essential3D
320	P	320	5.308	9.324	38.919	0.4	0.693675889328063	0.22209143919724442	0.489797605894907	0	0.5817011543145462	No-PER3D	No-Essential3D
321	I	321	8.421	10.015	41.014	-3.47	0.64051094890511	-0.028150675974188043	-0.20283530448522624	0	1	No-PER3D	No-Essential3D
322	K	322	7.56	7.039	43.234	0.4	0.644688644688645	-0.11914780876380002	-0.6294762417629172	0	1	No-PER3D	No-Essential3D
323	R	323	7.155	4.759	40.202	0.4	0.596082883905762	0.22209143919724442	0.38451845557075837	0	1	No-PER3D	No-Essential3D
324	I	324	9.709	1.982	39.636	0.4	0.595588235294118	-0.9214274394567086	0.5874194660135921	0	1	No-PER3D	No-Essential3D
325	T	325	12.118	2.18	36.705	0.4	0.595588235294118	-0.04672631806819149	0.6810826640684416	0	1	No-PER3D	No-Essential3D
326	S	326	12.374	-0.443	33.982	0.4	0.595588235294118	0.6979117179894372	0.7558920904526176	0	0.33648003527638193	No-PER3D	No-Essential3D
327	E	327	15.816	-1.517	35.188	0.4	0.65	0.5879492913005949	0.7554130825864475	0	0.5817011543145462	No-PER3D	No-Essential3D
328	Q	328	14.598	-1.938	38.746	0.4	0.654275092936803	0.5146410068413667	0.6383255277865257	0	1	No-PER3D	No-Essential3D
329	A	329	11.605	-3.937	37.563	0.4	0.606666666666667	-1.0308434578669567	0.6643840352184845	0	0.33648003527638193	No-PER3D	No-Essential3D
330	M	330	13.964	-6.234	35.67	-1.15	0.650557620817844	-0.05807996549635267	0.9380407516994818	0	0.5950240215307573	No-PER3D	No-Essential3D
331	Q	331	15.828	-6.906	38.918	0.4	0.746268656716418	-0.5463999524369347	0.7887990914016938	0	1	No-PER3D	No-Essential3D
332	D	332	12.622	-7.898	40.741	0.4	0.698507462686567	-1.8014823973202259	0.6742277569598494	0	0.5817011543145462	No-PER3D	No-Essential3D
333	P	333	12.641	-11.249	42.491	0.4	0.689420544337138	-2.305900612235093	0.8745905734169559	0	1	No-PER3D	No-Essential3D
334	Y	334	9.537	-12.185	40.514	0.4	0.655430711610487	-2.0110903343922444	0.9630049890211643	0	0.5950240215307573	No-PER3D	No-Essential3D
335	F	335	11.846	-13.01	37.633	0.4	0.737359550561798	-1.0867607312951986	1.1932299561133066	0	0.33648003527638193	No-PER3D	No-Essential3D
336	L	336	13.956	-15.234	39.899	-2.7	0.738016917293233	-1.3043752535518738	1.138216553297519	0	1	No-PER3D	No-Essential3D
337	E	337	10.92	-17.162	41.142	0.4	0.695131086142322	-1.8534461042834613	1.1621225490554439	0	1	No-PER3D	No-Essential3D
338	D	338	9.991	-20.321	39.269	0.4	0.689962825278811	-2.0300875973456494	1.26152397503641	0	0.5817011543145462	No-PER3D	No-Essential3D
339	P	339	9.188	-20.477	36.48	0.4	0.696352201257862	-1.3151101254272701	1.3137119802003765	0	0.5846400220828278	No-PER3D	No-Essential3D
340	L	340	11.966	-18.477	34.848	0.4	0.751765344921238	-1.7450123195298612	1.3702690009075658	0	0.33648003527638193	No-PER3D	No-Essential3D
341	P	341	11.338	-16.332	31.805	0.4	0.762310606060606	-1.3540146260247794	1.2235248350078562	0	0.33608555253873407	No-PER3D	No-Essential3D
342	T	342	12.188	-17.797	28.415	0.4	0.76010101010101	-1.259685515201039	1.127315434629828	0	0.33608555253873407	No-PER3D	No-Essential3D
343	S	343	13.389	-16.398	25.102	-4.25	0.76010101010101	-0.46940447285528786	0.7260827655837554	0	0.18937257788266504	No-PER3D	No-Essential3D
344	D	344	10.405	-17.975	23.421	0.4	0.698380566801619	-0.2997312660827195	0.4811894117008593	0	0.33648003527638193	No-PER3D	No-Essential3D
345	V	345	7.357	-16.798	25.329	0.4	0.646067415730337	-0.13658395187832698	0.7229818682505484	0	0.33608555253873407	No-PER3D	No-Essential3D
346	F	346	5.482	-19.805	23.938	0.4	0.641263940520446	-0.7233056990587149	0.6867496950858069	0	0.5950240215307573	No-PER3D	No-Essential3D
347	A	347	8.153	-21.998	25.512	0.4	0.636029411764706	-1.163041417073226	1.0378728688274639	0	0.5846400220828278	No-PER3D	No-Essential3D
348	G	348	8.194	-24.621	22.786	0.4	0.640740740740741	-1.087499726098215	0.4270558223535952	0	0.5817011543145462	No-PER3D	No-Essential3D
349	C	349	4.492	-25.267	22.931	0.4	0.533517835178352	-0.3987565696869188	0.602633469181595	0	0.5817011543145462	No-PER3D	No-Essential3D
350	Q	350	2.443	-25.037	19.782	0.4	0.530024509803922	0.12566891875955166	0.29571993854518897	0	1	No-PER3D	No-Essential3D
351	I	351	0.921	-21.686	18.997	0.4	0.532407407407407	0.4394277580010299	0.38983833720483235	0	1	No-PER3D	No-Essential3D
352	P	352	-2.786	-22.252	19.428	0.4	0.580342167058034	0.3727540046622156	0.5801120149278828	0	1	No-PER3D	No-Essential3D
353	Y	353	-4.68	-21.662	16.275	0.4	0.580808080808081	0.9728177847115425	0.18290325031409996	0	1	No-PER3D	No-Essential3D
354	P	354	-7.749	-19.69	16.053	0.4	0.564165641656417	0.9728177847115425	0.6156628098628014	0	1	No-PER3D	No-Essential3D
355	K	355	-11.233	-21.204	15.666	0.4	0.563725490196078	0.9728177847115425	0.4783166258703921	0	1	No-PER3D	No-Essential3D
356	R	356	-12.113	-23.033	12.51	0.4	0.564165641656417	0.9728177847115425	-0.1854900046825335	0	1	No-PER3D	No-Essential3D
357	E	357	-8.813	-24.633	13.254	0.4	0.561660561660562	0.9728177847115425	-0.19767270611116164	0	1	No-PER3D	No-Essential3D
358	F	358	-7.281	-26.341	10.301	0.4	0.477022058823529	0.9728177847115425	-0.1854900046825335	0	1	No-PER3D	No-Essential3D
359	L	359	-7.134	-30.055	10.069	0.4	0.477022058823529	0.9728177847115425	-0.22460505282706203	0	1	No-PER3D	No-Essential3D
