Uniprot_position	aminoacid	Position_in_structure	x	y	z	paraz	mtr	paraz3dscore	mtr3dscore	PER3D_OR	PER3D_pvalue	PER3D	Essential3D
1	M	1	-12.287	0.576	102.144	-0.93	0.448818897637795	-1.4295803020712323	-0.02148208385573818	0	1	No-PER3D	No-Essential3D
2	P	2	-11.468	-2.472	104.426	-0.93	0.446115288220551	-1.3295766826828714	-0.0032821824762074635	0	1	No-PER3D	No-Essential3D
3	C	3	-8.352	-4.622	103.819	-0.93	0.56838905775076	-1.2112745286830229	0.11531221597018022	0	1	No-PER3D	No-Essential3D
4	V	4	-9.224	-7.365	101.36	-0.93	0.565597667638484	-1.473624449333766	0.11738040626628572	0	0.9999999999999999	No-PER3D	No-Essential3D
5	Q	5	-6.683	-10.021	102.352	-0.93	0.561290322580645	-1.471425788198277	0.01443457266475387	0	1	No-PER3D	No-Essential3D
6	A	6	-6.197	-11.567	98.911	-0.93	0.493788819875776	-1.5018113597481562	0.17837339595587098	0	0.9999999999999999	No-PER3D	No-Essential3D
7	Q	7	-2.997	-13.595	98.721	-0.93	0.589022757697457	-1.3727117061327834	0.21069883095372824	0	0.9999999999999999	No-PER3D	No-Essential3D
8	Y	8	-1.702	-12.692	95.21	-0.93	0.666666666666667	-1.2577655730156971	0.40582433382988753	0	1	No-PER3D	No-Essential3D
9	G	9	2.073	-12.259	95.078	-0.93	0.723186925434117	-1.2577655730156971	0.3147637035053334	0	1	No-PER3D	No-Essential3D
10	S	10	5.373	-14.136	94.873	-0.93	0.711120401337793	-1.2602375022809287	0.1935750186026096	0	0.9999999999999999	No-PER3D	No-Essential3D
11	S	11	5.489	-17.557	96.668	-0.93	0.706730769230769	-1.2793620993304176	0.04876011975085931	0	1	No-PER3D	No-Essential3D
12	P	12	7.541	-17.771	99.966	-0.93	0.615151515151515	-1.5718346907452538	-0.24644784045338242	0	1	No-PER3D	No-Essential3D
13	Q	13	11.271	-18.246	99.005	-0.93	0.611650485436893	-1.6785254822507696	-0.3332516538550201	0	1	No-PER3D	No-Essential3D
14	G	14	13.259	-17.882	102.305	-0.93	0.608411214953271	-1.6785254822507696	-0.3653587518299387	0	1	No-PER3D	No-Essential3D
15	A	15	12.723	-15.224	105.048	-0.93	0.57134703196347	-1.6785254822507696	-0.3543783381765529	0	1	No-PER3D	No-Essential3D
16	S	16	12.955	-11.64	103.6	-0.93	0.616993464052288	-1.554052892161001	-0.21221395996471346	0	1	No-PER3D	No-Essential3D
17	P	17	11.848	-8.183	105.129	-0.93	0.61930226636109	-1.3848978338338795	-0.042609248601944046	0	1	No-PER3D	No-Essential3D
18	A	18	8.348	-7.71	103.425	-0.93	0.65546218487395	-1.2874088122251097	0.14503550495354336	0	0.9999999999999999	No-PER3D	No-Essential3D
19	S	19	5.605	-9.78	105.285	-0.93	0.695934959349594	-1.351385982655865	0.08671547414561223	0	0.9999999999999999	No-PER3D	No-Essential3D
20	Q	20	6.008	-8.526	108.953	-0.93	0.736607142857143	-1.2546803549707373	0.14890046971018706	0	0.9999999999999999	No-PER3D	No-Essential3D
21	S	21	3.687	-5.473	108.26	-0.93	0.734073359073359	-1.0845114927424317	0.3556679782493927	0	0.9999999999999999	No-PER3D	No-Essential3D
22	Y	22	3.531	-4.002	111.811	-0.93	0.742643124665597	-1.2572336388700143	0.21530708467507756	0	0.9999999999999999	No-PER3D	No-Essential3D
23	S	23	3.718	-0.255	111.047	-0.93	0.752478314745973	-1.3222815858277932	0.3054944180536572	0	0.9999999999999999	No-PER3D	No-Essential3D
24	Y	24	7.114	0.971	112.262	-0.93	0.749077490774908	-1.436714477672154	0.28329978598445726	0	0.9999999999999999	No-PER3D	No-Essential3D
25	H	25	7.968	3.814	114.69	-0.93	0.743589743589744	-1.6415028657112487	0.2158007041453187	0	1	No-PER3D	No-Essential3D
26	S	26	10.282	5.819	112.318	-0.93	0.748468137254902	-1.6476733018011689	0.2614859629893003	0	0.9999999999999999	No-PER3D	No-Essential3D
27	S	27	7.874	8.748	111.558	-0.93	0.748468137254902	-1.6215676106515067	0.3633213685890984	0	0.9999999999999999	No-PER3D	No-Essential3D
28	G	28	7.29	10.504	108.21	-0.93	0.747863247863248	-1.6291619935314083	0.395990017652104	0	0.9999999999999999	No-PER3D	No-Essential3D
29	E	29	10.217	9.304	106.018	-0.93	0.793462947309101	-1.6044802491717276	0.41534784748845993	0	0.9999999999999999	No-PER3D	No-Essential3D
30	Y	30	8.265	6.337	104.574	-0.93	0.788321167883212	-1.398196187475949	0.43786535173711505	0	1	No-PER3D	No-Essential3D
31	S	31	9.743	4.255	101.772	-0.93	0.785454545454546	-1.4921357576035263	0.4120018966707056	0	0.9999999999999999	No-PER3D	No-Essential3D
32	S	32	7.648	6.141	99.176	-0.93	0.819875776397516	-1.4922518159625846	0.5029067856211608	0	0.9999999999999999	No-PER3D	No-Essential3D
33	D	33	10.619	5.195	97.019	-0.64	0.819875776397516	-1.578947410178955	0.43497409850183083	0	0.9999999999999999	No-PER3D	No-Essential3D
34	F	34	8.43	2.204	96.397	-0.93	0.78993006993007	-1.2674467744671234	0.5475390477313987	0	0.9999999999999999	No-PER3D	No-Essential3D
35	L	35	5.294	4.219	95.813	-0.93	0.789297658862876	-1.40178245316781	0.6162413019498632	0	1	No-PER3D	No-Essential3D
36	T	36	6.687	6.172	93.002	-0.93	0.824534161490683	-1.5999112148256527	0.5406734759075288	0	0.9999999999999999	No-PER3D	No-Essential3D
37	P	37	3.939	7.256	90.543	-0.93	0.89444132509826	-1.61319145306338	0.5822518009018662	0	1	No-PER3D	No-Essential3D
38	E	38	5.476	4.614	88.204	-0.93	0.861313868613139	-1.4918165971161166	0.6274900461576515	0	1	No-PER3D	No-Essential3D
39	F	39	4.7	1.769	90.618	-0.93	0.816205533596838	-1.2400267256357542	0.7089569535567755	0	0.9999999999999999	No-PER3D	No-Essential3D
40	V	40	1.484	3.45	91.5	-0.93	0.764028776978417	-1.354683974359098	0.7033241472692654	0	0.9999999999999999	No-PER3D	No-Essential3D
41	K	41	0.849	3.381	87.757	-0.64	0.763440860215054	-1.3222815858277932	0.8032416047801967	0	1	No-PER3D	No-Essential3D
42	F	42	-1.704	1.402	89.675	-0.93	0.815556284870364	-1.3579971641807793	0.8103069245634171	0	0.9999999999999999	No-PER3D	No-Essential3D
43	S	43	-3.649	4.592	88.803	-0.93	1.02365591397849	-1.499284952521503	0.8332420557592076	0	0.9999999999999999	No-PER3D	No-Essential3D
44	M	44	-6.134	1.838	88.423	-0.93	1.02	-1.499284952521503	0.893679288426862	0	0.9999999999999999	No-PER3D	No-Essential3D
45	D	45	-9.484	3.599	88.229	-0.93	1.01843971631206	-1.5688844677523912	0.9816664927410336	0	1	No-PER3D	No-Essential3D
46	L	46	-11.413	0.281	88.528	-0.93	1.13159968479117	-1.5125620287977448	1.0907092837264107	0	0.9999999999999999	No-PER3D	No-Essential3D
47	T	47	-13.903	1.03	85.683	-0.93	1.10771276595745	-1.59483450999668	1.4863035351080258	0	1	No-PER3D	No-Essential3D
48	N	48	-11.831	-0.167	82.637	-0.93	1.11656920077973	-1.4538364991143669	1.4481556713258548	0	1	No-PER3D	No-Essential3D
49	T	49	-10.257	-3.677	82.266	-0.93	1.11577311577312	-1.419268963247228	1.28650919822021	0	0.9999999999999999	No-PER3D	No-Essential3D
50	E	50	-6.641	-2.639	81.368	-0.34	1.12280701754386	-1.4291547547546861	1.1755869970837312	0	0.9999999999999999	No-PER3D	No-Essential3D
51	I	51	-5.402	-4.436	84.579	-0.93	0.982456140350877	-1.3606416367907452	1.1139141449824872	0	0.9999999999999999	No-PER3D	No-Essential3D
52	T	52	-1.672	-4.547	83.533	0.24	0.982456140350877	-1.3042678159619647	1.0250972493935926	0	0.9999999999999999	No-PER3D	No-Essential3D
53	A	53	-0.429	-5.597	86.96	-0.05	0.982456140350877	-1.3042372742885282	0.811506620205945	0	1	No-PER3D	No-Essential3D
54	T	54	3.3	-5.73	87.548	-0.64	1.0112676056338	-1.1551022828989221	0.6545989850594833	0	0.9999999999999999	No-PER3D	No-Essential3D
55	T	55	2.639	-7.755	90.745	0.54	1.04158607350097	-1.2072780843189366	0.5812654357654404	0	1	No-PER3D	No-Essential3D
56	S	56	6.24	-7.297	91.939	-0.05	0.956713780918728	-1.1736135911686827	0.5628074217546551	0	0.9999999999999999	No-PER3D	No-Essential3D
57	L	57	4.752	-5.141	94.614	-0.34	0.950704225352113	-1.2244057030221633	0.5169562523504618	0	1	No-PER3D	No-Essential3D
58	P	58	5.67	-7.2	97.637	0.24	0.97237269772481	-1.2777510987749212	0.3239654394603517	0	0.9999999999999999	No-PER3D	No-Essential3D
59	S	59	2.499	-6.34	99.23	0.24	0.973090513726556	-1.292650157472893	0.2467040010938852	0	1	No-PER3D	No-Essential3D
60	F	60	1.245	-2.922	99.429	-0.64	0.876432078559738	-1.2510328065431982	0.32611066811274475	0	1	No-PER3D	No-Essential3D
61	S	61	-0.247	-4.326	102.675	-0.05	0.867206477732793	-1.2797876466469638	0.19797303602918778	0	1	No-PER3D	No-Essential3D
62	T	62	2.844	-2.879	104.275	-0.05	0.872697724810401	-1.2645287357250923	0.384307285052536	0	1	No-PER3D	No-Essential3D
63	F	63	2.038	0.389	102.538	-0.05	0.849347568208778	-1.2815696260350014	0.4253335521231998	0	1	No-PER3D	No-Essential3D
64	M	64	-1.216	-0.079	104.202	-0.64	0.855436081242533	-1.2925540661433503	0.28477182322161815	0	0.9999999999999999	No-PER3D	No-Essential3D
65	D	65	-1.539	1.125	107.738	-0.05	0.865454545454545	-1.2674467744671234	0.3699474031813964	0	1	No-PER3D	No-Essential3D
66	N	66	-2.846	4.195	105.881	0.54	0.928050052137643	-1.3359598924310645	0.35354195770141705	0	0.9999999999999999	No-PER3D	No-Essential3D
67	Y	67	-0.982	7.217	104.781	-0.64	0.922077922077922	-1.374022735744365	0.5466149349735606	0	0.9999999999999999	No-PER3D	No-Essential3D
68	S	68	2.603	7.835	106.029	-0.64	0.946666666666667	-1.4021047470681396	0.4618531749249312	0	1	No-PER3D	No-Essential3D
69	T	69	4.054	9.501	102.864	-0.93	0.894001831501832	-1.4348533883849572	0.5165068484237714	0	0.9999999999999999	No-PER3D	No-Essential3D
70	G	70	2.759	13.051	102.322	-0.93	0.914555603263203	-1.5245774824414027	0.5479296009074255	0	0.9999999999999999	No-PER3D	No-Essential3D
71	Y	71	1.675	13.003	98.672	-0.93	0.914555603263203	-1.6200687192936314	0.5448692601730413	0	0.9999999999999999	No-PER3D	No-Essential3D
72	D	72	-1.055	14.113	96.25	-0.93	0.975274725274725	-1.650046546451138	0.610766222809422	0	0.9999999999999999	No-PER3D	No-Essential3D
73	V	73	-3.138	11.048	96.948	-0.93	0.888229927007299	-1.5027994727122727	0.6834439491470776	0	0.9999999999999999	No-PER3D	No-Essential3D
74	K	74	-6.495	9.612	96.082	-0.93	0.801630434782609	-1.5149557324533172	0.7542205150386765	0	1	No-PER3D	No-Essential3D
75	P	75	-7.68	6.993	98.541	-0.93	0.851985559566787	-1.4810214629831429	0.5521400021791573	0	1	No-PER3D	No-Essential3D
76	P	76	-4.579	4.978	99.405	-0.93	0.84652278177458	-1.3716754707840508	0.49202455887439434	0	0.9999999999999999	No-PER3D	No-Essential3D
77	C	77	-5.002	2.418	96.766	-0.64	0.859524255478554	-1.389427853655178	0.47276234650816007	0	0.9999999999999999	No-PER3D	No-Essential3D
78	L	78	-4.548	-0.945	97.878	-0.93	0.873144876325088	-1.3047087613722017	0.42601592863951104	0	1	No-PER3D	No-Essential3D
79	Y	79	-5.378	-3.011	95.017	-0.64	0.847460757156048	-1.40865755900771	0.425561945756932	0	1	No-PER3D	No-Essential3D
80	Q	80	-4.967	-6.583	94.015	-0.93	0.868197879858657	-1.2660380661089015	0.5691040791216108	0	1	No-PER3D	No-Essential3D
81	M	81	-5.605	-7.659	90.386	-0.93	0.868794326241135	-1.3491518592439973	0.7159712430353566	0	1	No-PER3D	No-Essential3D
82	P	82	-7.847	-10.712	89.988	-0.93	0.931494661921708	-1.3976642533302661	0.6908681397063416	0	1	No-PER3D	No-Essential3D
83	L	83	-11.153	-10.456	91.668	-0.93	0.939592798250042	-1.6567474725216396	0.5326925126018193	0	1	No-PER3D	No-Essential3D
84	S	84	-11.856	-13.567	93.651	-0.93	0.965125211245967	-1.6785254822507696	0.3077808726621619	0	1	No-PER3D	No-Essential3D
85	G	85	-15.141	-15.338	93.312	-0.93	0.956318504190845	-1.6785254822507696	0.7638438815452413	0	1	No-PER3D	No-Essential3D
86	Q	86	-17.631	-14.271	90.713	-0.93	0.953063662741082	-1.6785254822507696	1.025636232984176	0	1	No-PER3D	No-Essential3D
87	Q	87	-21.174	-13.198	90.903	-0.93	1.00794223826715	-1.6785254822507696	1.0517084159328163	0	1	No-PER3D	No-Essential3D
88	S	88	-23.379	-14.548	88.243	-0.93	0.979159829340335	-1.6785254822507696	1.1042391856737417	0	1	No-PER3D	No-Essential3D
89	S	89	-26.992	-13.751	87.853	-0.93	0.979907773386034	-1.6785254822507696	1.0843893304367076	0	1	No-PER3D	No-Essential3D
90	I	90	-29.251	-13.075	84.966	-0.93	0.979907773386034	-1.538094867790518	0.8033680878453743	0	1	No-PER3D	No-Essential3D
91	K	91	-30.598	-9.697	84.21	-0.93	1.01994155062747	-1.6785254822507696	1.1535582744780162	0	1	No-PER3D	No-Essential3D
252	P	252	-34.151	-9.177	83.68	-0.93	0.924066924066924	-1.3976642533302661	1.2686136191573387	0	1	No-PER3D	No-Essential3D
253	S	253	-35.387	-7.542	80.623	-0.93	1.0406976744186	-1.3976642533302661	1.3218954570309314	0	1	No-PER3D	No-Essential3D
254	R	254	-38.244	-5.479	79.558	-0.93	1.03269230769231	-1.3976642533302661	1.3385378421418566	0	1	No-PER3D	No-Essential3D
255	G	255	-40.844	-5.64	76.792	-0.34	1.09538461538462	-1.2572336388700145	1.3725032984647139	0	0.9999999999999999	No-PER3D	No-Essential3D
256	S	256	-42.968	-8.648	75.923	0.24	1.0911877394636	-1.2572336388700145	1.3725032984647139	0	0.9999999999999999	No-PER3D	No-Essential3D
257	P	257	-43.696	-7.776	72.317	-0.93	1.07884615384615	-1.1630812950841636	1.4941067197842732	0	0.9999999999999999	No-PER3D	No-Essential3D
258	S	258	-41.142	-8.565	69.716	-0.93	1.01081081081081	-0.23690211142804515	1.1746565320103126	0	0.9999999999999999	No-PER3D	No-Essential3D
259	N	259	-41.215	-8.961	65.95	-0.05	1.08301158301158	-0.11676683052615146	1.1624398593049652	0	1	No-PER3D	No-Essential3D
260	E	260	-38.239	-9.94	63.713	-0.34	1.14987080103359	0.4655237476145895	0.06560989242595755	0	1	No-PER3D	No-Essential3D
261	G	261	-36.866	-12.959	61.918	-0.05	1.12144612144612	0.7381577284151996	-0.07222853625177361	0	1	No-PER3D	No-Essential3D
262	L	262	-34.108	-15.256	63.135	-0.05	1.12144612144612	0.9444417901109784	-0.1864295190572787	0	1	No-PER3D	No-Essential3D
263	C	263	-30.411	-15.181	62.497	2.3	1.02799227799228	1.4484493931454048	-0.8870902692081049	1	0.01724137931034481	No-PER3D	No-Essential3D
264	A	264	-28.874	-18.326	61.13	1.12	1.01724137931034	1.4908293464378735	-1.1541608488736963	1	0.008620689655172405	No-PER3D	No-Essential3D
265	V	265	-25.666	-17.842	63.067	1.71	0.986415882967607	1.4412682821786873	-1.3652043957406943	1	0.01724137931034481	No-PER3D	No-Essential3D
266	C	266	-26.815	-16.536	66.475	2.3	0.904214559386973	1.363261704226502	-1.1246539448217197	1	0.01724137931034481	No-PER3D	No-Essential3D
267	G	267	-30.481	-17.463	66.577	1.12	0.807604562737643	1.1806796545880938	-0.6348359801941253	1	0.025862068965517244	No-PER3D	No-Essential3D
268	D	268	-31.116	-13.828	67.473	2.3	0.747782002534854	1.0917875484651063	-0.3693873816765985	1	0.04310344827586205	No-PER3D	No-Essential3D
269	N	269	-33.725	-11.663	65.8	-0.05	0.841254752851711	1.0044652391098223	-0.21932175105186955	0	1	No-PER3D	No-Essential3D
270	A	270	-32.904	-10.827	62.219	2.3	0.841254752851711	1.0598714997241399	-0.33484228381691183	0	1	No-PER3D	No-Essential3D
271	A	271	-34.88	-8.316	60.199	1.42	0.767654986522911	0.8422620764902786	-0.34493621328380963	0	1	No-PER3D	No-Essential3D
272	C	272	-33.397	-9.15	56.829	1.71	0.667293233082707	1.1696627073930639	-0.6661262256345377	0	1	No-PER3D	No-Essential3D
273	Q	273	-30.541	-10.848	55.002	0.83	0.568218298555377	1.2726451579972486	-0.9709931552056428	0	1	No-PER3D	No-Essential3D
274	H	274	-26.958	-9.672	55.192	2.3	0.438271604938272	1.6297380527611176	-1.6767804563039914	0	1	No-PER3D	No-Essential3D
275	Y	275	-24.104	-10.73	52.968	2.3	0.261992619926199	1.5356661340317759	-2.210231856149173	0	1	No-PER3D	No-Essential3D
276	G	276	-26.26	-13.533	51.658	2.3	0	1.5409333980197957	-1.9904132644709915	0	1	No-PER3D	No-Essential3D
277	V	277	-27.913	-14.91	54.754	1.42	0	1.4569071460617606	-1.3704255190744976	0	1	No-PER3D	No-Essential3D
278	R	278	-30.508	-13.738	57.174	-0.34	0	1.3820108183496262	-0.9741112602064136	0	1	No-PER3D	No-Essential3D
279	T	279	-28.492	-12.695	60.133	1.71	0.183673469387755	1.5553909536053139	-1.0287443126186888	0	1	No-PER3D	No-Essential3D
280	C	280	-28.7	-10.308	63.037	2.3	0.161574074074074	1.4405990747050863	-0.7419930264819994	0	1	No-PER3D	No-Essential3D
281	E	281	-27.026	-6.942	63.018	0.24	0.162639405204461	1.4445662738819205	-0.7040087451049273	0	1	No-PER3D	No-Essential3D
282	G	282	-24.508	-8.265	65.496	1.42	0.14350143501435	1.655711113115835	-1.0495781321418085	0	1	No-PER3D	No-Essential3D
283	C	283	-23.312	-11.078	63.245	2.3	0.348651348651349	1.562868427881769	-1.320052942753281	1	0.008620689655172405	No-PER3D	No-Essential3D
284	K	284	-23.593	-8.697	60.333	2.3	0.348374253483743	1.6388661721779052	-1.4153453893897237	0	1	No-PER3D	No-Essential3D
285	G	285	-21.138	-6.27	61.862	1.42	0.346115702479339	1.7334681073624287	-1.8315582368246888	0	1	No-PER3D	No-Essential3D
286	F	286	-18.873	-9.067	62.988	2.3	0.390489510489511	1.5351304800668928	-1.7729743828736462	0	1	No-PER3D	No-Essential3D
287	F	287	-18.775	-10.597	59.547	2.3	0.364963503649635	1.4180031624385618	-2.06028770932869	0	1	No-PER3D	No-Essential3D
288	K	288	-18.217	-7.262	57.874	2.3	0.36231884057971	1.4089054087553474	-2.0336105090692986	0	1	No-PER3D	No-Essential3D
289	R	289	-15.425	-6.206	60.172	2.3	0.390489510489511	1.1609949804718331	-1.7730796145051542	0	1	No-PER3D	No-Essential3D
290	T	290	-13.662	-9.532	60.032	1.12	0.365253793825222	1.2705174214145174	-1.8173536753573025	0	1	No-PER3D	No-Essential3D
291	V	291	-13.528	-9.573	56.268	1.12	0.365253793825222	1.285024716296775	-1.9174048611323884	0	1	No-PER3D	No-Essential3D
292	Q	292	-12.615	-5.939	55.913	1.42	0.366596638655462	0.9978631764559768	-1.7205743280355072	0	1	No-PER3D	No-Essential3D
293	K	293	-9.761	-6.231	58.406	0.54	0.366300366300366	1.1857119204742357	-1.5795562333457653	0	1	No-PER3D	No-Essential3D
294	N	294	-8.909	-9.682	57.118	0.24	0.397058823529412	1.158355307267693	-1.636018241196849	0	1	No-PER3D	No-Essential3D
295	A	295	-8.548	-10.55	60.784	-0.34	0.397388589270508	1.0614673021611882	-1.5976127018222903	0	1	No-PER3D	No-Essential3D
296	K	296	-7.93	-14.119	61.892	0.54	0.460871848739496	1.1616668972874324	-1.736446736067401	0	1	No-PER3D	No-Essential3D
297	Y	297	-8.904	-15.796	65.132	2.3	0.458245798319328	0.8881631574977412	-1.6991033365976467	0	1	No-PER3D	No-Essential3D
298	V	298	-7.862	-18.931	66.949	0.54	0.455259026687598	1.0434095377419574	-1.6662227056468457	0	1	No-PER3D	No-Essential3D
299	C	299	-10.183	-21.193	68.887	2.3	0.457301001581444	1.0628951253943366	-1.6592714718135975	0	1	No-PER3D	No-Essential3D
300	L	300	-8.845	-22.006	72.311	0.54	0.453950811093668	1.2121566465738935	-1.5656185043825321	0	1	No-PER3D	No-Essential3D
301	A	301	-10.956	-25.15	72.318	1.42	0.453950811093668	1.0943408323643835	-1.5468265502637	0	1	No-PER3D	No-Essential3D
302	N	302	-11.516	-27.688	69.599	0.83	0.453950811093668	1.101362363087396	-1.4939349525178096	0	1	No-PER3D	No-Essential3D
303	K	303	-13.471	-25.424	67.311	0.83	0.450990615224192	1.2066853239325848	-1.692298270591295	1	0.025862068965517244	No-PER3D	No-Essential3D
304	N	304	-16.71	-26.551	68.836	1.12	0.425245098039216	1.2656540235111322	-1.6930151370980064	1	0.03448275862068967	No-PER3D	No-Essential3D
305	C	305	-18	-23.581	70.759	2.3	0.428044280442804	1.1630667239865975	-1.6465107066378217	1	0.03448275862068967	No-PER3D	No-Essential3D
306	P	306	-21.701	-23.066	70.659	-0.05	0.428044280442804	1.347606954527313	-1.396832375664952	1	0.025862068965517244	No-PER3D	No-Essential3D
307	V	307	-22.718	-19.872	68.963	1.71	0.462028677642061	1.4738996906328132	-1.2556865184584503	1	0.01724137931034481	No-PER3D	No-Essential3D
308	D	308	-26.045	-18.809	70.408	1.42	0.46031746031746	1.5141007054055724	-0.9073594401035733	1	0.01724137931034481	No-PER3D	No-Essential3D
309	K	309	-27.252	-15.323	71.126	2.3	0.405436802973978	1.33434951889645	-0.7838143641093345	1	0.01724137931034481	No-PER3D	No-Essential3D
310	R	310	-25.606	-15.249	74.542	-0.05	0.368253968253968	1.3400234831170663	-0.9742463451715273	1	0.025862068965517244	No-PER3D	No-Essential3D
311	R	311	-22.425	-17.233	73.732	2.3	0.393982401362475	1.5157670591082586	-1.1555378641647416	1	0.01724137931034481	No-PER3D	No-Essential3D
312	R	312	-21.665	-15.824	70.289	2.3	0.393982401362475	1.568826090313416	-1.3104278188416307	1	0.01724137931034481	No-PER3D	No-Essential3D
313	N	313	-18.984	-13.506	71.725	0.83	0.42962962962963003	1.5155110907975542	-1.5057233347061678	1	0.01724137931034481	No-PER3D	No-Essential3D
314	R	314	-17.277	-16.371	73.6	0.24	0.259479553903346	1.334881453042133	-1.4776607863898228	1	0.03448275862068967	No-PER3D	No-Essential3D
315	C	315	-15.133	-17.403	70.663	2.3	0.23765747361253	1.2222887255392796	-1.6021379234185351	1	0.03448275862068967	No-PER3D	No-Essential3D
316	Q	316	-14.679	-15.298	67.562	1.12	0.235890503548496	1.3820108183496262	-1.6438415275143943	1	0.03448275862068967	No-PER3D	No-Essential3D
317	Y	317	-13.114	-18.109	65.594	0.54	0.1440329218107	1.2159299725334165	-1.6654821633318024	1	0.025862068965517244	No-PER3D	No-Essential3D
318	C	318	-16.089	-20.409	65.891	2.3	0.162639405204461	1.2960502604072905	-1.5369577894829705	1	0.03448275862068967	No-PER3D	No-Essential3D
319	R	319	-18.467	-17.561	65.253	2.3	0.161574074074074	1.4277459562647516	-1.5585294592710033	1	0.025862068965517244	No-PER3D	No-Essential3D
320	F	320	-16.701	-16.822	61.991	1.12	0.162639405204461	1.3648643752536667	-1.729063506145341	1	0.025862068965517244	No-PER3D	No-Essential3D
321	Q	321	-16.682	-20.509	61.098	0.54	0.186935740839087	1.4401872547213321	-1.8615817422610068	1	0.01724137931034481	No-PER3D	No-Essential3D
322	K	322	-20.425	-20.598	61.605	2.3	0.186404673393521	1.5298353174348687	-1.6044052164470761	1	0.008620689655172405	No-PER3D	No-Essential3D
323	C	323	-20.808	-17.536	59.438	2.3	0.187800963081862	1.6131405176283504	-1.8621243096543398	1	0.008620689655172405	No-PER3D	No-Essential3D
324	L	324	-19.016	-19.384	56.681	0.83	0.189044038668099	1.4125438383118176	-2.145590651468975	0	1	No-PER3D	No-Essential3D
325	A	325	-20.819	-22.641	57.364	-0.05	0.189935064935065	1.389404702974617	-2.1526333416135652	0	1	No-PER3D	No-Essential3D
326	V	326	-24.131	-20.834	57.229	1.42	0.191200434546442	1.5830582839001284	-1.7841339869205608	1	0.008620689655172405	No-PER3D	No-Essential3D
327	G	327	-23.163	-19.555	53.83	2.3	0	1.285024716296775	-2.126251096841842	0	1	No-PER3D	No-Essential3D
328	M	328	-22.37	-15.901	54.234	2.3	0	1.5066961820976683	-1.9618541783060253	0	1	No-PER3D	No-Essential3D
329	V	329	-20.101	-14.946	51.374	0.83	0	1.2726451579972486	-2.409226400811792	0	1	No-PER3D	No-Essential3D
330	K	330	-17.012	-12.865	51.892	0.83	0	1.3192189476414735	-2.2462860365614574	0	1	No-PER3D	No-Essential3D
331	E	331	-18.005	-11.329	48.576	0.24	0	1.459620010204743	-2.495516257149402	0	1	No-PER3D	No-Essential3D
332	V	332	-17.645	-12.45	45.063	1.42	0	0.981996340796182	-3.015001905719107	0	1	No-PER3D	No-Essential3D
333	V	333	-14.592	-14.326	43.881	-0.05	0	0.38165546397860584	-3.127875783250285	0	1	No-PER3D	No-Essential3D
334	R	334	-14.356	-14.715	40.178	1.71	0	0.3020933139029113	-3.127875783250285	0	1	No-PER3D	No-Essential3D
335	T	335	-12.604	-16.318	37.245	-0.34	0	0.14160118309119496	-3.0245145382473075	0	1	No-PER3D	No-Essential3D
336	D	336	-11.102	-15.243	33.939	0.83	0	-0.12649362633292208	-2.9203582067443077	0	1	No-PER3D	No-Essential3D
337	S	337	-11.38	-16.052	30.319	0.54	0	-0.2869857571446384	-2.7821516935395687	0	1	No-PER3D	No-Essential3D
338	L	338	-8.514	-15.663	28	-0.64	0.16793893129771	-0.7684621495797873	-2.3302337262744843	0	1	No-PER3D	No-Essential3D
339	K	339	-8.659	-14.565	24.466	-0.05	0.169230769230769	-0.876064828192188	-1.8590938290957075	0	1	No-PER3D	No-Essential3D
340	G	340	-7.727	-16.412	21.313	-0.93	0.224554707379135	-1.1970490898156207	-1.3862949886170057	0	1	No-PER3D	No-Essential3D
389	A	389	-8.797	-14.624	18.226	-0.93	0.734265734265734	-1.4651438992397379	-0.8976607802753811	0	1	No-PER3D	No-Essential3D
390	N	390	-9.816	-14.53	14.591	-0.93	0.765497076023392	-1.3976642533302661	-0.2872927813428165	0	1	No-PER3D	No-Essential3D
391	P	391	-7.4	-13.553	11.944	-0.93	0.768192488262911	-1.1538256409492833	0.23352685416929123	0	1	No-PER3D	No-Essential3D
392	D	392	-8.219	-11.452	9.011	-0.93	0.793921423276501	-0.8487082149856456	0.5174053127027431	0	1	No-PER3D	No-Essential3D
393	Y	393	-8.489	-12.375	5.435	-0.93	0.914302600472813	-0.7146608102735871	0.5540259674978532	0	1	No-PER3D	No-Essential3D
394	Q	394	-5.206	-12.642	3.681	-0.05	0.904678362573099	-0.6196636299034167	0.6231418991305783	0	0.9999999999999999	No-PER3D	No-Essential3D
395	M	395	-4.009	-12.76	0.074	-0.34	0.814788732394366	-0.40379849553657515	0.7538139976823854	0	1	No-PER3D	No-Essential3D
396	S	396	-0.688	-12.34	-1.674	0.83	0.773266499582289	-0.2571974449864032	0.42508993344503043	0	1	No-PER3D	No-Essential3D
397	G	397	1.68	-12.387	-4.702	-0.34	0.797695262483995	-0.27643958451718864	0.15673635793541002	0	1	No-PER3D	No-Essential3D
398	D	398	2.5	-9.337	-6.886	0.24	0.80051397365885	-0.06759247394747737	0.16632871424975892	0	0.9999999999999999	No-PER3D	No-Essential3D
399	D	399	3.109	-8.67	-10.427	-0.34	0.80051397365885	-0.05951137339084217	0.20376860931795757	0	1	No-PER3D	No-Essential3D
400	T	400	6.261	-6.796	-11.316	-0.34	0.74441928178583	0.0169766118169455	-0.15721425696409602	0	1	No-PER3D	No-Essential3D
401	Q	401	4.067	-3.846	-12.193	-0.34	0.74441928178583	-0.08070729475565615	0.31700581032234854	0	1	No-PER3D	No-Essential3D
402	H	402	2.418	-3.386	-8.821	-0.64	0.744967532467532	0.10926426337782025	0.39367965291234214	0	1	No-PER3D	No-Essential3D
403	I	403	5.653	-3.906	-6.96	1.42	0.794326241134752	0.030297315633203172	-0.14277245400616362	0	0.9999999999999999	No-PER3D	No-Essential3D
404	Q	404	7.485	-1.128	-8.757	0.83	0.854092526690391	0.12532230955347454	-0.09682437241591241	0	1	No-PER3D	No-Essential3D
405	Q	405	4.572	1.121	-7.992	0.54	0.881850533807829	0.1811162910562008	0.44098104666458343	0	0.9999999999999999	No-PER3D	No-Essential3D
406	F	406	4.92	0.231	-4.337	1.42	0.861959168383593	0.23643744220720908	0.13095235976434275	0	0.9999999999999999	No-PER3D	No-Essential3D
407	Y	407	8.491	1.418	-4.531	0.83	0.858902575587906	0.3704848469192676	-0.3723620201350903	0	0.9999999999999999	No-PER3D	No-Essential3D
408	D	408	7.611	4.601	-6.379	0.24	0.865037593984962	0.538746255881642	0.3940513138184329	0	0.9999999999999999	No-PER3D	No-Essential3D
409	L	409	4.985	5.699	-3.896	2.3	0.797902228881813	0.5691622503317829	0.9311074952268711	0	0.9999999999999999	No-PER3D	No-Essential3D
410	L	410	7.429	5.326	-1.04	0.83	0.867481203007519	0.6524099441311366	0.2274262310682802	0	0.9999999999999999	No-PER3D	No-Essential3D
411	T	411	10.241	7.183	-2.753	0.24	0.830035971223022	0.5428315101204857	0.10883011803088895	0	1	No-PER3D	No-Essential3D
412	G	412	7.871	9.83	-4.003	0.24	0.807429130009775	0.5997484637085422	0.663032066807068	0	1	No-PER3D	No-Essential3D
413	S	413	6.72	10.747	-0.516	0.83	0.87134886773876	0.6185789324657124	0.8301704159661909	0	1	No-PER3D	No-Essential3D
414	M	414	10.272	11.027	0.728	1.42	0.83216456287985	0.7560307157101408	0.470171504639664	0	1	No-PER3D	No-Essential3D
415	E	415	10.719	14.553	-0.562	0.24	0.83216456287985	0.6394915434502693	0.5853935561872762	0	1	No-PER3D	No-Essential3D
416	I	416	7.27	15.615	0.545	-0.34	0.800359712230216	0.6151745539333426	0.7503533419599072	0	1	No-PER3D	No-Essential3D
417	I	417	7.684	14.431	4.116	0.54	0.78798418972332	0.6592767303754051	0.67071545798096	0	0.9999999999999999	No-PER3D	No-Essential3D
418	R	418	11.146	15.924	4.304	0.24	0.754528985507246	0.7560307157101408	0.4407153419327125	0	1	No-PER3D	No-Essential3D
419	G	419	9.746	19.314	3.428	0.24	0.776086956521739	0.7455922903572128	0.45569692205691575	0	0.9999999999999999	No-PER3D	No-Essential3D
420	W	420	7.201	18.862	6.174	2.3	0.796643356643357	0.7486261924022365	0.45501535172399554	0	1	No-PER3D	No-Essential3D
421	A	421	9.854	18.053	8.742	1.42	0.768416768416768	0.8890267682283789	0.2897177045232074	0	1	No-PER3D	No-Essential3D
422	E	422	11.783	21.2	7.909	1.12	0.773420479302832	0.8970996511452116	0.28548729282666624	0	0.9999999999999999	No-PER3D	No-Essential3D
423	K	423	8.642	23.154	8.74	-0.34	0.773420479302832	0.7806060732406848	0.2603221206536797	0	1	No-PER3D	No-Essential3D
424	I	424	8.55	21.867	12.312	1.71	0.754273504273504	0.9300795681775436	0.20207480578101725	0	0.9999999999999999	No-PER3D	No-Essential3D
425	P	425	9.695	24.664	14.541	2.3	0.774759945130316	0.9628467115516024	0.20754098863734333	0	0.9999999999999999	No-PER3D	No-Essential3D
426	G	426	12.903	23.853	16.372	2.3	0.845373134328358	0.6838171862979716	0.2007698277106346	0	0.9999999999999999	No-PER3D	No-Essential3D
427	F	427	13.688	21.008	13.983	2.3	0.86145360155743	0.7361009163852261	0.20654422202585346	0	1	No-PER3D	No-Essential3D
428	A	428	16.193	23.093	12.038	-0.05	0.845318860244234	0.884460895843789	0.26363905267320525	0	0.9999999999999999	No-PER3D	No-Essential3D
429	D	429	17.877	24.028	15.318	0.83	0.814645308924485	0.8702901702028001	0.2542398988745328	0	1	No-PER3D	No-Essential3D
430	L	430	18.993	20.434	15.847	2.3	0.818511198945982	0.6735772546179616	0.1793422316189687	0	1	No-PER3D	No-Essential3D
431	P	431	22.238	19.221	14.457	-0.34	0.850895316804408	0.5326183745233765	0.21523693765379132	0	1	No-PER3D	No-Essential3D
432	K	432	21.991	18.225	10.831	-0.05	0.87203557312253	0.702036270898953	0.28024277351033766	0	0.9999999999999999	No-PER3D	No-Essential3D
433	A	433	23.102	14.77	11.786	-0.34	0.830965909090909	0.5508945119076771	0.2433688395453911	0	1	No-PER3D	No-Essential3D
434	D	434	20.235	14.527	14.237	2.3	0.806234618539787	0.4024008956602339	0.1435779146654119	0	0.9999999999999999	No-PER3D	No-Essential3D
435	Q	435	17.763	15.742	11.643	2.3	0.791637751561416	0.6720431498717916	0.20968586087927593	0	1	No-PER3D	No-Essential3D
436	D	436	18.633	13.053	9.137	0.24	0.790874524714829	0.5834949203682354	0.11529459224483338	0	0.9999999999999999	No-PER3D	No-Essential3D
437	L	437	18.613	10.482	11.894	-0.34	0.793893129770992	0.5130431979622505	-0.027686092055649335	0	0.9999999999999999	No-PER3D	No-Essential3D
438	L	438	15.18	11.499	13.102	1.71	0.796934865900383	0.5412357076834374	0.12995115664015622	0	1	No-PER3D	No-Essential3D
439	F	439	13.768	11.751	9.606	1.42	0.788627722087798	0.6939008074943931	0.17552446424580753	0	1	No-PER3D	No-Essential3D
440	E	440	15.208	8.495	8.317	1.42	0.826181423139598	0.6600504527691257	-0.1535971156759122	0	0.9999999999999999	No-PER3D	No-Essential3D
441	S	441	14.186	6.552	11.392	0.54	0.803041825095057	0.5807318180003831	-0.14126036234531011	0	0.9999999999999999	No-PER3D	No-Essential3D
442	A	442	10.617	7.933	11.202	0.83	0.845307184310586	0.6347497304944687	0.13497208532373686	0	0.9999999999999999	No-PER3D	No-Essential3D
443	F	443	10.055	8.054	7.452	1.71	0.894803548795944	0.593613489895001	0.06264127873001114	0	1	No-PER3D	No-Essential3D
444	L	444	8.123	4.819	7.061	1.71	0.867647058823529	0.5950847620126724	-0.03425636975323912	0	0.9999999999999999	No-PER3D	No-Essential3D
445	E	445	6.038	5.539	10.139	-0.05	0.919270833333333	0.5524772492955332	0.22063204959864186	0	1	No-PER3D	No-Essential3D
446	L	446	5.287	9.028	8.853	1.71	0.912359022556391	0.8162197129943239	0.5362112011666226	0	1	No-PER3D	No-Essential3D
447	F	447	4.378	7.722	5.423	0.24	0.973182957393484	0.7243637678373964	0.6645474677142416	0	0.9999999999999999	No-PER3D	No-Essential3D
448	V	448	1.938	5.268	6.977	0.54	1.00284090909091	0.6361682215496227	0.6925615507588913	0	0.9999999999999999	No-PER3D	No-Essential3D
449	L	449	0.447	7.585	9.565	1.42	1.06969696969697	0.5695249327038394	0.6519343416710176	0	0.9999999999999999	No-PER3D	No-Essential3D
450	R	450	-0.209	10.253	6.957	0.24	1.05561613958561	0.6708407434491181	0.800594167564801	0	0.9999999999999999	No-PER3D	No-Essential3D
451	L	451	-1.708	7.679	4.632	1.42	1.02177068214804	0.5696737254718626	1.0852817616411075	0	0.9999999999999999	No-PER3D	No-Essential3D
452	A	452	-3.904	6.342	7.388	0.54	1.08270676691729	0.31041720646832083	0.909570622086141	0	0.9999999999999999	No-PER3D	No-Essential3D
453	Y	453	-5.212	9.787	8.31	0.83	1.08679245283019	0.4348079605356767	0.7417532711303885	0	1	No-PER3D	No-Essential3D
454	R	454	-6.031	10.967	4.768	2.3	1.05563909774436	0.472822112882237	1.153906545056882	0	1	No-PER3D	No-Essential3D
455	S	455	-7.507	7.704	3.486	2.3	1.05660377358491	0.36603594315537535	1.285176948026126	0	0.9999999999999999	No-PER3D	No-Essential3D
456	N	456	-11.074	6.426	3.587	-0.05	1.08780991735537	0.262882168306867	1.131468321563974	0	0.9999999999999999	No-PER3D	No-Essential3D
457	P	457	-10.792	3.07	5.262	-0.34	1.11641221374046	0.0797186373550159	1.02512043916385	0	0.9999999999999999	No-PER3D	No-Essential3D
458	V	458	-14.442	2.074	5.089	-0.34	1.11216730038023	-0.27166605374897457	1.0108035354039626	0	1	No-PER3D	No-Essential3D
459	E	459	-14.525	2.575	1.342	-0.34	1.13530997304582	0.030046993682293646	1.39553694859718	0	0.9999999999999999	No-PER3D	No-Essential3D
460	G	460	-11.122	0.992	1.078	0.54	1.14394350896252	0.029810578506434645	1.2418220716150583	0	1	No-PER3D	No-Essential3D
461	K	461	-9.731	3.983	-0.726	-0.05	1.16777566539924	0.260649617114149	1.3948648174913039	0	0.9999999999999999	No-PER3D	No-Essential3D
462	L	462	-6.118	4.852	-0.148	1.42	1.17293233082707	0.297164194406237	1.3450593808547637	0	1	No-PER3D	No-Essential3D
463	I	463	-4.818	8.334	-0.832	0.54	1.15994712491738	0.4577220468112422	1.4881338766356749	0	1	No-PER3D	No-Essential3D
464	F	464	-1.087	8.955	-0.996	1.71	1.23244382022472	0.6025332954124109	1.2434734203572926	0	1	No-PER3D	No-Essential3D
465	C	465	1.041	12.005	-0.296	1.71	1.22935323383085	0.7260914028911956	1.104557087987559	0	1	No-PER3D	No-Essential3D
466	N	466	1.022	12.59	-4.064	0.24	1.22654584221748	0.6666102730637116	1.1895949571894169	0	0.9999999999999999	No-PER3D	No-Essential3D
467	G	467	-2.739	12.636	-4.654	0.54	1.22198619224642	0.9445982413302969	1.4920632618759557	0	1	No-PER3D	No-Essential3D
468	V	468	-2.898	9.233	-6.298	0.83	1.14154228855721	0.75666903668496	1.448966053514593	0	0.9999999999999999	No-PER3D	No-Essential3D
469	V	469	-5.834	7.155	-5.219	1.71	1.13308641975309	0.5875139783578386	1.6285994959167815	0	0.9999999999999999	No-PER3D	No-Essential3D
470	L	470	-5.742	3.373	-5.384	1.42	1.13308641975309	0.24744297625581824	1.353907074587975	0	0.9999999999999999	No-PER3D	No-Essential3D
471	H	471	-8.033	0.697	-4.048	0.24	1.12794117647059	0.031153416705313762	1.3977071289225087	0	1	No-PER3D	No-Essential3D
472	R	472	-7.18	-1.553	-1.152	-0.34	1.12193939393939	-0.021361867623047807	1.1468570106158942	0	0.9999999999999999	No-PER3D	No-Essential3D
473	L	473	-7.272	-4.434	-3.605	0.54	1.03272727272727	-0.10727385192627427	1.0354446864824969	0	1	No-PER3D	No-Essential3D
474	Q	474	-4.964	-2.812	-6.136	0.54	0.945893719806763	-0.04487973026673678	0.9044885988484448	0	0.9999999999999999	No-PER3D	No-Essential3D
475	C	475	-2.37	-2.137	-3.46	-0.93	0.942478941034898	0.1561433827430939	0.9293478007172922	0	0.9999999999999999	No-PER3D	No-Essential3D
476	V	476	-2.442	-5.665	-2.083	-0.34	0.932380952380952	-0.07354718118942621	0.7605597015130102	0	0.9999999999999999	No-PER3D	No-Essential3D
477	R	477	-0.373	-6.742	-5.038	-0.34	0.932380952380952	-0.11634128320960521	0.5852273316873193	0	0.9999999999999999	No-PER3D	No-Essential3D
478	G	478	2.393	-4.261	-4.253	0.24	0.929062870699881	0.07392437240185631	0.3741352641821698	0	1	No-PER3D	No-Essential3D
479	F	479	2.096	-3.792	-0.479	1.42	0.898536092882383	0.07297176648173817	0.3165807430284834	0	1	No-PER3D	No-Essential3D
480	G	480	1.139	-7.328	0.342	0.54	0.901060070671378	-0.0660880137374655	0.15723365995459457	0	1	No-PER3D	No-Essential3D
481	E	481	-1.081	-8.28	3.266	0.83	0.925088339222615	-0.33640415519516687	0.3854137482383611	0	1	No-PER3D	No-Essential3D
482	W	482	0.436	-5.295	5.017	0.83	0.906788247213779	-0.20053885941196392	0.2505033122241084	0	0.9999999999999999	No-PER3D	No-Essential3D
483	I	483	-1.979	-3.02	3.217	0.24	0.866637323943662	-0.0346034640237663	0.740217367773832	0	0.9999999999999999	No-PER3D	No-Essential3D
484	D	484	-4.771	-4.725	5.111	-0.34	0.885512367491166	-0.2621621636794424	0.784181170745734	0	0.9999999999999999	No-PER3D	No-Essential3D
485	S	485	-2.999	-3.973	8.359	-0.05	0.886170212765958	-0.2699638644827897	0.550209550204158	0	0.9999999999999999	No-PER3D	No-Essential3D
486	I	486	-2.694	-0.361	7.262	1.71	0.888652482269503	0.11485249462257559	0.747318122513271	0	0.9999999999999999	No-PER3D	No-Essential3D
487	V	487	-6.383	-0.021	6.512	-0.05	0.852380952380952	0.08062165553336333	1.010271749905809	0	1	No-PER3D	No-Essential3D
488	E	488	-7.231	-1.446	9.914	-0.34	0.827310924369748	-0.04248948072899343	0.8485220668193972	0	1	No-PER3D	No-Essential3D
489	F	489	-4.979	1.156	11.486	0.54	0.830276196500105	0.1850171414578745	0.6955434005195813	0	1	No-PER3D	No-Essential3D
490	S	490	-6.572	3.836	9.389	0.54	0.721774193548387	0.1450022755439002	0.8687652996319715	0	0.9999999999999999	No-PER3D	No-Essential3D
491	S	491	-9.965	2.779	10.667	-0.05	0.795656028368794	0.23598149865376675	0.8198796376803591	0	1	No-PER3D	No-Essential3D
492	N	492	-8.921	2.758	14.287	0.24	0.73265306122449	0.1811162910562008	0.6539264508991899	0	0.9999999999999999	No-PER3D	No-Essential3D
493	L	493	-7.262	6.117	13.88	1.12	0.64336917562724	0.4516427994320105	0.6498433021713046	0	1	No-PER3D	No-Essential3D
494	Q	494	-10.323	7.704	12.304	-0.34	0.641071428571429	0.2643344329585723	0.6308578569367724	0	0.9999999999999999	No-PER3D	No-Essential3D
495	N	495	-12.674	6.38	14.954	-0.34	0.600477897252091	0.09667874456255664	0.5163165720052209	0	0.9999999999999999	No-PER3D	No-Essential3D
496	M	496	-10.76	8.619	17.349	1.71	0.680672268907563	0.04391983620170037	0.48215750238818	0	1	No-PER3D	No-Essential3D
497	N	497	-11.977	11.68	15.474	0.24	0.680672268907563	0.09466299411575875	0.26103792810031634	0	0.9999999999999999	No-PER3D	No-Essential3D
498	I	498	-8.621	13.416	15.645	1.71	0.680672268907563	0.23175642172520078	0.45500240265898567	0	1	No-PER3D	No-Essential3D
499	D	499	-8.905	17.03	14.61	0.83	0.751517688926104	0.400485932735776	0.3061954352414821	0	0.9999999999999999	No-PER3D	No-Essential3D
500	I	500	-6.279	18.564	12.376	-0.64	0.752100840336135	0.33184963002230844	0.384760594727752	0	1	No-PER3D	No-Essential3D
501	S	501	-4.483	20.237	15.251	-0.34	0.740225563909775	0.04430282878659192	0.3464794324432175	0	0.9999999999999999	No-PER3D	No-Essential3D
502	A	502	-4.208	17.079	17.316	0.24	0.730612244897959	0.16972260483899565	0.5060604417336845	0	1	No-PER3D	No-Essential3D
503	F	503	-3.089	15.152	14.254	1.12	0.701857282502444	0.44783432975031545	0.5116028883348996	0	0.9999999999999999	No-PER3D	No-Essential3D
504	S	504	-0.429	17.689	13.415	0.54	0.729903034094464	0.6226216319729014	0.40109201447322895	0	0.9999999999999999	No-PER3D	No-Essential3D
505	C	505	1.071	17.295	16.86	0.83	0.76370200196915	0.40860172798705024	0.3817549942780245	0	0.9999999999999999	No-PER3D	No-Essential3D
506	I	506	0.982	13.508	16.701	1.42	0.758829300196207	0.4375085492752968	0.5138749083066055	0	0.9999999999999999	No-PER3D	No-Essential3D
507	A	507	2.693	13.312	13.352	0.24	0.73109640831758	0.7520762394271135	0.5103075908632542	0	1	No-PER3D	No-Essential3D
508	A	508	5.442	15.557	14.672	0.83	0.726416575105949	0.8276442498374897	0.3416182341100481	0	1	No-PER3D	No-Essential3D
509	L	509	5.705	13.382	17.766	1.71	0.74910071942446	0.6511903877971325	0.3693457207813119	0	1	No-PER3D	No-Essential3D
510	A	510	6.281	10.394	15.54	0.54	0.749699157641396	0.5883323385819659	0.4708657627295237	0	1	No-PER3D	No-Essential3D
511	M	511	9.503	11.998	14.274	1.71	0.747002398081535	0.8638157717439182	0.3051933327511293	0	1	No-PER3D	No-Essential3D
512	V	512	10.727	13.923	17.285	0.83	0.723803565842978	0.7243366916560681	0.20523028724328526	0	1	No-PER3D	No-Essential3D
513	T	513	11.322	11.04	19.629	1.71	0.723803565842978	0.4417080293727925	0.15152293665357985	0	1	No-PER3D	No-Essential3D
514	E	514	14.246	9.302	21.247	-0.05	0.729134664618536	0.306416334261476	0.029756764837031026	0	1	No-PER3D	No-Essential3D
515	R	515	16.476	7.474	18.811	-0.34	0.679856115107914	0.34755257486094365	-0.1370056354716669	0	0.9999999999999999	No-PER3D	No-Essential3D
516	H	516	19.762	5.782	19.457	-0.34	0.680399235506477	0.19494657884395292	-0.2215394883328297	0	0.9999999999999999	No-PER3D	No-Essential3D
517	G	517	22.708	7.685	18.076	-0.34	0.644927536231884	0.28374829092911213	0.04391863238577366	0	1	No-PER3D	No-Essential3D
518	L	518	21.352	11.173	18.663	1.12	0.644927536231884	0.21090460321443602	0.08363752457262918	0	1	No-PER3D	No-Essential3D
519	K	519	23.913	13.903	19.175	0.54	0.68133971291866	0.07108191349210748	0.07182725104718003	0	1	No-PER3D	No-Essential3D
520	E	520	21.612	16.107	21.196	0.83	0.686331212647002	0.32580237868191486	0.08323113607332772	0	1	No-PER3D	No-Essential3D
521	P	521	19.217	13.781	22.904	-0.34	0.721816707218167	0.24282065195540234	0.027454973499727767	0	0.9999999999999999	No-PER3D	No-Essential3D
522	K	522	18.35	16.448	25.45	-0.05	0.682864450127877	0.2740647838807694	0.014755148332773806	0	1	No-PER3D	No-Essential3D
523	R	523	17.446	18.875	22.697	-0.34	0.673987126088603	0.5385760369550235	0.12390990927617362	0	1	No-PER3D	No-Essential3D
524	V	524	15.218	16.337	21.008	1.12	0.709420289855073	0.5259347784340918	0.09943257444565155	0	0.9999999999999999	No-PER3D	No-Essential3D
525	E	525	13.496	15.704	24.307	-0.34	0.709420289855073	0.460381717539656	0.057110609852994716	0	0.9999999999999999	No-PER3D	No-Essential3D
526	E	526	12.892	19.399	24.801	0.54	0.761497326203209	0.5206290414311178	0.13732088311107382	0	1	No-PER3D	No-Essential3D
527	L	527	11.189	19.787	21.468	1.42	0.68792270531401	0.54327173148243	0.16547425153428283	0	1	No-PER3D	No-Essential3D
528	Q	528	9.187	16.672	21.996	0.24	0.746758199847445	0.6054281476511552	0.20756011624883386	0	0.9999999999999999	No-PER3D	No-Essential3D
529	N	529	7.976	17.749	25.411	0.24	0.820816864295125	0.3574408965642639	0.21409098393234477	0	0.9999999999999999	No-PER3D	No-Essential3D
530	K	530	7.034	21.091	23.936	-0.05	0.776686925354527	0.5694282174046243	0.29282451958523437	0	0.9999999999999999	No-PER3D	No-Essential3D
531	I	531	4.922	19.402	21.29	0.83	0.761290322580645	0.5350942861832818	0.299978939677816	0	1	No-PER3D	No-Essential3D
532	V	532	3.151	17.185	23.763	-0.34	0.799365942028986	0.10119318566736438	0.450530988952211	0	0.9999999999999999	No-PER3D	No-Essential3D
533	N	533	2.417	20.152	25.976	0.24	0.852657004830918	-0.09490917290355025	0.5979544174014002	0	0.9999999999999999	No-PER3D	No-Essential3D
534	C	534	1.013	21.93	22.957	0.24	0.900120336943442	-0.08644658422223339	0.4920607676787678	0	0.9999999999999999	No-PER3D	No-Essential3D
535	L	535	-1.118	18.878	22.285	2.3	0.962727272727273	-0.12373033206963499	0.5721491189884179	0	0.9999999999999999	No-PER3D	No-Essential3D
536	K	536	-2.19	18.713	25.907	-0.34	0.975563636363636	-0.4210331618566969	0.8388046240324193	0	0.9999999999999999	No-PER3D	No-Essential3D
537	D	537	-3.346	22.309	25.963	-0.34	0.994646379261764	-0.6297641206226167	0.7868835007768442	0	1	No-PER3D	No-Essential3D
538	H	538	-5.377	21.81	22.831	-0.05	0.98820887142055	-0.40545813007110537	0.666573985582635	0	0.9999999999999999	No-PER3D	No-Essential3D
539	V	539	-7.205	18.821	24.277	-0.93	0.99918896999189	-0.4467719108413472	0.8325696893769494	0	1	No-PER3D	No-Essential3D
540	T	540	-7.534	20.033	27.89	-0.93	0.994646379261764	-0.7941607862283577	1.0021602326817352	0	0.9999999999999999	No-PER3D	No-Essential3D
541	F	541	-8.417	23.69	27.283	-0.93	0.994646379261764	-0.8231753759928725	1.0445469681337372	0	0.9999999999999999	No-PER3D	No-Essential3D
542	N	542	-11.659	24.805	28.899	0.24	0.994646379261764	-1.1487190731507289	1.114377702426303	0	0.9999999999999999	No-PER3D	No-Essential3D
543	N	543	-12.369	21.401	30.398	-0.64	1.00113122171946	-1.1715162508228478	1.125986128515475	0	1	No-PER3D	No-Essential3D
544	G	544	-11.82	19.852	26.994	-0.93	0.96677559912854	-0.8884259645299591	1.13422128290765	0	0.9999999999999999	No-PER3D	No-Essential3D
545	G	545	-10.726	16.67	28.781	-0.93	0.96677559912854	-0.8312383777800639	1.1407372411174377	0	0.9999999999999999	No-PER3D	No-Essential3D
546	L	546	-13.769	16.117	30.983	-0.64	0.96677559912854	-1.1450715247231897	1.1452908948195224	0	1	No-PER3D	No-Essential3D
547	N	547	-15.695	14.12	28.424	0.24	0.973076397430641	-1.104036604913376	1.1443637393352102	0	1	No-PER3D	No-Essential3D
548	R	548	-12.639	12.22	27.154	-0.64	1.00028176951254	-0.6219165274616025	0.996728671895875	0	0.9999999999999999	No-PER3D	No-Essential3D
549	P	549	-10.5	11.312	30.096	-0.64	1.00678733031674	-0.8128026601520584	1.1506380800362939	0	0.9999999999999999	No-PER3D	No-Essential3D
550	N	550	-7.57	9.567	28.502	-0.34	1.00579925650558	-0.5345124462690216	1.0663526346857113	0	0.9999999999999999	No-PER3D	No-Essential3D
551	Y	551	-7.851	10.951	25.015	0.24	1.00579925650558	-0.29017736201873506	0.909558658440785	0	0.9999999999999999	No-PER3D	No-Essential3D
552	L	552	-4.365	12.32	25.312	-0.34	1.00955223880597	-0.12019866372410482	0.8320443578687755	0	1	No-PER3D	No-Essential3D
553	S	553	-3.088	8.961	26.462	0.54	1.01801544180726	-0.029742404292449988	0.9257379921500053	0	1	No-PER3D	No-Essential3D
554	K	554	-4.905	7.132	23.723	0.83	1.00579925650558	0.014412755313530392	0.6255851277820041	0	1	No-PER3D	No-Essential3D
555	L	555	-3.516	9.564	21.182	1.42	0.993470149253731	0.1514495638455503	0.5012432707305089	0	0.9999999999999999	No-PER3D	No-Essential3D
556	L	556	0.092	9	22.22	0.83	0.997191011235955	0.4399022529308694	0.5092045598296406	0	1	No-PER3D	No-Essential3D
557	G	557	-0.678	5.305	22.376	0.24	0.957303370786517	0.3373529487024549	0.6518978192963533	0	0.9999999999999999	No-PER3D	No-Essential3D
558	K	558	-1.095	5.37	18.613	-0.05	0.924818577648766	0.3760444166999521	0.5790587680525262	0	0.9999999999999999	No-PER3D	No-Essential3D
559	L	559	2.612	5.886	18.115	2.3	0.911673553719008	0.5224850290481198	0.5209047440879654	0	0.9999999999999999	No-PER3D	No-Essential3D
560	P	560	3.8	2.538	19.399	-0.05	0.838148001582905	0.4395900307149251	0.5628327924102119	0	1	No-PER3D	No-Essential3D
561	E	561	1.014	0.907	17.44	-0.64	0.856258292790801	0.20943155481100692	0.4851941088272357	0	1	No-PER3D	No-Essential3D
562	L	562	2.242	2.731	14.369	1.42	0.888888888888889	0.42857205562782635	0.5198619180914643	0	0.9999999999999999	No-PER3D	No-Essential3D
563	R	563	5.777	1.55	14.938	0.83	0.863685932388223	0.43575831434434065	0.24143718275529927	0	0.9999999999999999	No-PER3D	No-Essential3D
564	T	564	4.63	-2.012	15.407	-0.34	0.833136094674556	0.1940529294792058	0.11106709769788817	0	1	No-PER3D	No-Essential3D
565	L	565	2.569	-1.683	12.255	0.54	0.78974358974359	0.17140849289749027	0.32688735717135947	0	1	No-PER3D	No-Essential3D
566	C	566	5.608	-0.477	10.328	0.83	0.615384615384615	0.37609433427374045	0.03673372383098991	0	1	No-PER3D	No-Essential3D
567	T	567	7.566	-3.616	11.147	-0.05	0.563537675606641	0.1940529294792058	-0.29365104842410267	0	1	No-PER3D	No-Essential3D
568	Q	568	5.37	-5.39	8.617	-0.05	0.493706293706294	0.18140977196416383	-0.1964645667515934	0	1	No-PER3D	No-Essential3D
569	G	569	6.497	-2.876	6.052	1.12	0.489937543372658	0.36651690572444484	-0.15784233189031993	0	1	No-PER3D	No-Essential3D
570	L	570	10.033	-3.988	6.73	0.24	0.401520912547529	0.25888873166637166	-0.7721522141006686	0	1	No-PER3D	No-Essential3D
571	Q	571	9.098	-7.606	6.394	-0.05	0.404597701149425	0.1476044398781862	-0.7805253946003787	0	1	No-PER3D	No-Essential3D
572	R	572	7.482	-6.862	3.069	0.54	0.367092983062565	0.20626226885211374	-0.40265739960071034	0	0.9999999999999999	No-PER3D	No-Essential3D
573	I	573	10.613	-5.162	1.827	0.54	0.369535045107564	0.3321855884301081	-0.8209299715947752	0	0.9999999999999999	No-PER3D	No-Essential3D
574	F	574	12.658	-8.098	3.012	1.12	0.366735537190083	0.26638942641026986	-1.1803393873356451	0	1	No-PER3D	No-Essential3D
575	Y	575	10.302	-10.481	1.263	-0.05	0.492222606291047	0.23596461185549109	-0.6893833552084488	0	1	No-PER3D	No-Essential3D
576	L	576	10.577	-8.647	-2.025	0.83	0.489457310750086	0.1286738423406523	-0.6128399522182053	0	0.9999999999999999	No-PER3D	No-Essential3D
577	K	577	14.343	-8.688	-1.644	0.54	0.490839958520567	0.15923100049096678	-1.324104430446364	0	1	No-PER3D	No-Essential3D
578	L	578	14.345	-12.411	-1.014	0.24	0.446540880503145	0.11424456988465244	-1.3510443100820737	0	1	No-PER3D	No-Essential3D
579	E	579	11.965	-12.961	-3.922	0.54	0.448320413436692	-0.0020930273305391116	-0.9258033299746906	0	1	No-PER3D	No-Essential3D
580	D	580	14.383	-11.2	-6.249	-0.05	0.412698412698413	0.11983747747354558	-1.1536639845865968	0	1	No-PER3D	No-Essential3D
581	L	581	11.501	-10.909	-8.666	-0.05	0.411507191994997	-0.12035038687601426	-0.6525553393050394	0	0.9999999999999999	No-PER3D	No-Essential3D
582	V	582	12.155	-7.193	-8.719	1.71	0.383741781231321	0.03855794001321798	-0.5519120488184156	0	0.9999999999999999	No-PER3D	No-Essential3D
583	P	583	14.985	-5.798	-6.693	0.24	0.382587369711833	0.2631308647905628	-0.9982787713577241	0	1	No-PER3D	No-Essential3D
584	P	584	14.34	-2.79	-4.545	0.54	0.308031175872586	0.3321855884301081	-0.8479678578920858	0	0.9999999999999999	No-PER3D	No-Essential3D
585	P	585	16.059	0.424	-5.456	-0.05	0.332579185520362	0.47178361031450855	-0.7678895595007776	0	0.9999999999999999	No-PER3D	No-Essential3D
586	A	586	19.089	1.629	-3.559	-0.34	0.331395348837209	0.32853804000256903	-1.2157773990759275	0	1	No-PER3D	No-Essential3D
587	I	587	16.964	4.369	-2.081	1.71	0.332932692307692	0.37149272214266654	-0.7886946221654946	0	0.9999999999999999	No-PER3D	No-Essential3D
588	I	588	14.538	1.829	-0.667	1.42	0.361836183618362	0.5459263996953673	-0.6821036265865563	0	0.9999999999999999	No-PER3D	No-Essential3D
589	D	589	17.261	-0.656	0.154	-0.05	0.4	0.2752917624136029	-1.2431738882970984	0	1	No-PER3D	No-Essential3D
590	K	590	18.65	2.192	2.184	1.12	0.398412698412698	0.44373977783900936	-1.076949534224896	0	1	No-PER3D	No-Essential3D
591	L	591	15.222	2.816	3.667	1.42	0.394565217391304	0.4525861309218913	-0.6925843808133897	0	1	No-PER3D	No-Essential3D
592	F	592	15.174	-0.752	4.867	1.42	0.396610169491525	0.35811737803214316	-0.9541681307718617	0	1	No-PER3D	No-Essential3D
593	L	593	18.38	-0.136	6.782	-0.05	0.394736842105263	0.4189972410055364	-1.0330293899009453	0	1	No-PER3D	No-Essential3D
594	D	594	17.402	3.237	8.238	0.24	0.395121951219512	0.42238311748066504	-0.551569865333103	0	1	No-PER3D	No-Essential3D
595	T	595	14.043	1.991	9.439	0.24	0.294871794871795	0.32703783863317804	-0.45125345718681314	0	0.9999999999999999	No-PER3D	No-Essential3D
596	L	596	15.568	-1.118	10.961	0.24	0.296296296296296	0.20844952254205398	-0.6607366702757489	0	1	No-PER3D	No-Essential3D
