Uniprot_position	aminoacid	Position_in_structure	x	y	z	paraz	mtr	paraz3dscore	mtr3dscore	PER3D_OR	PER3D_pvalue	PER3D	Essential3D
1	M	1	18.64	-13.057	-2.633	0.49	0.346	-4.316357972944931	-0.6068981691640276	0.8358803703576945	1	No-PER3D	No-Essential3D
2	S	2	17.157	-11.463	-5.684	-0.65	0.34280303030303	-4.524446111696608	-0.7602676211584706	0.8358803703576945	1	No-PER3D	No-Essential3D
3	G	3	14.466	-9.811	-3.612	0.49	0.302737520128824	-3.9524599963102265	-0.40194738099796906	0.8358803703576945	1	No-PER3D	No-Essential3D
4	P	4	14.46	-8.654	-0.059	0.49	0.298850574712644	-1.8901579068962906	-0.08488161732683032	0.8358803703576945	1	No-PER3D	No-Essential3D
5	V	5	16.599	-10.698	2.298	-0.36	0.296296296296296	-2.3170158247509245	-0.060031522514753764	0.39832191354521673	0.6414838967670492	No-PER3D	No-Essential3D
6	P	6	14.753	-12.893	4.724	-0.65	0.39811320754717	-1.0975433229143143	-0.1847302760735037	0.30996592017284647	0.3958339741815087	No-PER3D	No-Essential3D
7	S	7	14.751	-12.162	8.443	0.49	0.39578313253012	-0.8434386917100563	-0.22546941808277338	0.30996592017284647	0.3958339741815087	No-PER3D	No-Essential3D
8	R	8	14.052	-14.115	11.611	0.49	0.398823529411765	-0.7010335463574497	-0.15772133867262422	0	0.2863822326125073	No-PER3D	No-Essential3D
9	A	9	13.366	-13.082	15.183	0.49	0.396067415730337	3.293568018354682e-4	-0.48530310209878	1.1308966979710156	1	No-PER3D	No-Essential3D
10	R	10	16.421	-13.201	17.403	0.49	0.397826086956522	0.050702486872338734	-0.9047979060680406	3.5188059957502755	0.5492940416500046	No-PER3D	No-Essential3D
11	V	11	14.505	-14.652	20.322	0.49	0.363157894736842	-0.403742873619828	-0.5020651825944968	3.5188059957502755	0.5492940416500046	No-PER3D	No-Essential3D
12	Y	12	11.361	-16.739	20.708	0.49	0.361329026303646	-0.6806022004844676	0.06615608438325396	0	1	No-PER3D	No-Essential3D
13	T	13	11.647	-17.639	17.054	-0.65	0.40422322775264	-0.7094556630132276	0.12980930670771557	0	0.2863822326125072	No-PER3D	No-Essential3D
14	D	14	10.132	-21.117	17.3	-0.08	0.406330511593669	-1.6390170497821983	0.07321011848907531	0	0.2863822326125072	No-PER3D	No-Essential3D
15	V	15	7.71	-20.772	20.215	0.49	0.404112017015243	-1.297148108298592	0.0566409068840725	0	1	No-PER3D	No-Essential3D
16	N	16	4.614	-21.191	18.07	0.49	0.402472527472527	-1.2010154358867873	0.07991617368265291	0	1	No-PER3D	No-Essential3D
17	T	17	6.14	-24.009	16.068	-0.08	0.40053050397878	-2.058652920725388	-0.04953956127347734	0	0.2863822326125072	No-PER3D	No-Essential3D
18	H	18	6.69	-25.968	19.254	-1.22	0.431944444444444	-2.9193869552477936	-0.5030128369603829	0	1	No-PER3D	No-Essential3D
19	R	19	3.105	-25.365	20.346	0.49	0.430894308943089	-2.0758227548342085	-0.2513211527638051	0	1	No-PER3D	No-Essential3D
20	P	20	0.234	-27.472	19.231	-0.65	0.536890645586298	-2.0050341506036977	-0.6942362545637137	0	1	No-PER3D	No-Essential3D
21	R	21	-1.575	-26.206	16.154	0.49	0.38953488372093	-1.5739895064222993	-0.5095672296765299	0.8358803703576945	1	No-PER3D	No-Essential3D
22	E	22	-4.622	-25.21	18.154	0.49	0.434343434343434	-1.2548313338398072	-0.5289258707172819	0.8358803703576945	1	No-PER3D	No-Essential3D
23	Y	23	-2.606	-22.655	20.056	0.49	0.435994930291508	-1.0854109143580786	-0.32132907134871597	1.1308966979710156	1	No-PER3D	No-Essential3D
24	W	24	-1.916	-20.414	17.031	0.49	0.389433962264151	-0.7129351391739833	-0.09167680221485372	1.1308966979710156	1	No-PER3D	No-Essential3D
25	D	25	-4.47	-21.559	14.46	0.49	0.388636363636364	0.0027128114897316245	-0.11911015853035474	1.1308966979710156	1	No-PER3D	No-Essential3D
26	Y	26	-7.071	-18.966	15.345	0.49	0.388636363636364	-0.17652019337374436	-0.2547661619800084	1.1308966979710156	1	No-PER3D	No-Essential3D
27	E	27	-9.073	-19.623	12.198	0.49	0.390458015267176	0.0459913308225798	-0.6165153321920946	1.1308966979710156	1	No-PER3D	No-Essential3D
28	S	28	-9.802	-23.19	13.244	-0.36	0.437179487179487	-0.1294811121999939	-0.6750749052187177	1.732616685738008	0.6244117013750038	No-PER3D	No-Essential3D
29	H	29	-10.692	-22.171	16.78	0.49	0.435897435897436	-0.7414447517800474	-0.5229909067880217	1.1308966979710156	1	No-PER3D	No-Essential3D
30	V	30	-14.397	-22.279	17.519	0.49	0.433333333333333	-1.2214162338036185	-0.5761989566142799	1.732616685738008	0.6244117013750038	No-PER3D	No-Essential3D
31	V	31	-15.464	-19.524	19.852	-0.65	0.485209923664122	-1.2285733353216668	-0.5652070976753295	1.732616685738008	0.6244117013750038	No-PER3D	No-Essential3D
32	E	32	-17.683	-20.464	22.746	-0.93	0.481939163498099	-1.7623451492578688	-0.4461166304384064	0	0.5242548217416715	No-PER3D	No-Essential3D
33	W	33	-19.821	-17.418	23.311	0.49	0.430925221799746	-1.5089619630624005	-0.9583500644761211	0	0.5242548217416715	No-PER3D	No-Essential3D
34	G	34	-21.31	-16.55	26.677	0.49	0.481132075471698	-1.3257316438414046	-1.0814011392473173	0	1	No-PER3D	No-Essential3D
35	N	35	-24.624	-14.951	27.514	0.49	0.481534090909091	-0.0909945912396526	-1.3265364273132345	0	1	No-PER3D	No-Essential3D
36	Q	36	-24.877	-11.209	26.979	0.49	0.481534090909091	0.5844764673100679	-1.5212156669878956	0	0.5242548217416715	No-PER3D	No-Essential3D
37	D	37	-27.852	-11.155	29.326	0.49	0.368278109722977	0.49402799320657176	-1.3544724593574347	0	0.5242548217416715	No-PER3D	No-Essential3D
38	D	38	-25.368	-11.722	32.119	0.49	0.319811320754717	0.4746368396931353	-1.648360412383484	0	0.5242548217416715	No-PER3D	No-Essential3D
39	Y	39	-24.069	-8.203	31.676	0.49	0.321022727272727	0.3075883962733549	-1.8078530268840707	0	0.5242548217416715	No-PER3D	No-Essential3D
40	Q	40	-25.726	-4.799	31.954	0.49	0.321969696969697	1.0530335521543603	-1.9005242592240472	0	0.2863822326125072	No-PER3D	No-Essential3D
41	L	41	-23.905	-1.634	30.897	0.49	0.319548872180451	1.062472032718428	-1.9226553327416422	0	0.5242548217416715	No-PER3D	No-Essential3D
42	V	42	-23.445	0.991	33.614	0.49	0.420987654320988	0.957600026451005	-2.0779196043064823	0	0.5242548217416715	No-PER3D	No-Essential3D
43	R	43	-21.753	3.882	31.802	0.49	0.420987654320988	0.9755386591020114	-1.886911064702927	1.732616685738008	0.6244117013750038	No-PER3D	No-Essential3D
44	K	44	-19.283	4.801	29.08	0.49	0.360569319978914	1.2984340468201303	-1.716290138256795	7.7160290293198655	0.0593220338983051	No-PER3D	No-Essential3D
45	L	45	-15.528	4.65	29.702	0.49	0.364021164021164	0.9172381029862404	-1.8871421618360942	7.7160290293198655	0.0593220338983051	No-PER3D	No-Essential3D
46	G	46	-14.286	5.674	26.265	0.49	0.366737739872068	1.2984340468201303	-1.5093354462819057	12.898426735175356	0.008592202140055651	PER3D	Essential3D
47	R	47	-14.147	4.796	22.588	0.49	0.368869936034115	1.2984340468201303	-1.2377788384916586	15.974798400763042	0.002989846003420768	PER3D	Essential3D
48	G	48	-11.428	3.508	20.294	0.49	0.368869936034115	1.2984340468201303	-0.7597865425826713	40.94983070182649	3.958562894636904e-5	PER3D	Essential3D
49	K	49	-11.368	3.38	16.534	0.49	0.366895097522404	1.2984340468201303	-0.7540945341051263	40.94983070182649	3.958562894636904e-5	PER3D	Essential3D
50	Y	50	-12.52	-0.237	16.658	0.49	0.369622942113648	1.2984340468201303	-0.9538929688572618	40.94983070182649	1.0292263526055955e-5	PER3D	Essential3D
51	S	51	-14.554	-0.369	19.816	0.49	0.214197530864198	1.2984340468201303	-1.3157437188070484	40.94983070182649	1.0292263526055955e-5	PER3D	Essential3D
52	E	52	-16.681	1.3	22.461	0.49	0.214197530864198	1.2984340468201303	-1.6229582364586432	15.974798400763042	0.002989846003420768	PER3D	Essential3D
53	V	53	-15.79	0.579	26.069	0.49	0.215613382899628	0.9829615415782902	-1.7019746790717771	15.974798400763042	0.002989846003420768	PER3D	Essential3D
54	F	54	-18.23	0.518	28.924	0.49	0.216232961586121	0.7889768795315432	-1.9841651987215883	3.7941141364477593	0.18300060496067772	No-PER3D	No-Essential3D
55	E	55	-18.296	-0.058	32.643	0.49	0.183974696889826	0.6075073569716829	-2.1345199106647303	1.732616685738008	0.6244117013750038	No-PER3D	No-Essential3D
56	A	56	-20.662	-2.92	33.327	0.49	0.184126984126984	0.629098816029447	-2.0984819664883987	0	0.5242548217416715	No-PER3D	No-Essential3D
57	I	57	-21.921	-5.288	35.972	0.49	0.161111111111111	0.7105988537948374	-2.18942300771931	0	0.5242548217416715	No-PER3D	No-Essential3D
58	N	58	-22.181	-9.053	35.926	0.49	0.161710037174721	0.3143719128220548	-1.9894707098016593	0	0.5242548217416715	No-PER3D	No-Essential3D
59	I	59	-25.696	-9.699	37.194	0.49	0.161847014925373	0.957600026451005	-2.049023391398152	0	0.5242548217416715	No-PER3D	No-Essential3D
60	T	60	-24.786	-13.24	38.161	0.49	0.186034115138593	0.8894332223771803	-2.1181094081290257	0	0.5242548217416715	No-PER3D	No-Essential3D
61	N	61	-22.264	-12.397	40.846	0.49	0.186034115138593	0.7407056498524709	-2.618852825749371	0	1	No-PER3D	No-Essential3D
62	N	62	-22.608	-8.626	41.11	0.49	0.184656084656085	0.826510018616726	-2.5557739703946996	0	1	No-PER3D	No-Essential3D
63	E	63	-19.018	-8.149	40.013	0.49	0.183447548761202	-0.3057922445413158	-2.506920182097187	0	1	No-PER3D	No-Essential3D
64	K	64	-17.843	-5.119	38.095	-0.08	0.212287104622871	0.050702486872338734	-2.3030923121910822	0	0.5242548217416715	No-PER3D	No-Essential3D
65	V	65	-16.52	-5.725	34.606	0.49	0.213064713064713	-0.10077929995838353	-2.0343456196985117	0	0.2863822326125073	No-PER3D	No-Essential3D
66	V	66	-15.481	-3.762	31.546	0.49	0.212121212121212	-0.43821952496110217	-1.9026864653110427	0	0.2863822326125073	No-PER3D	No-Essential3D
67	V	67	-17.135	-4.399	28.205	0.49	0.36101083032491	-0.15459519791140333	-1.7270382532728699	1.8137392850178795	0.45509715049993305	No-PER3D	No-Essential3D
68	K	68	-15.537	-3.623	24.862	0.49	0.3584229390681	0.403252524772338	-1.3755256279650123	9.026415637471956	0.002243712213806155	PER3D	Essential3D
69	I	69	-18.027	-3.663	22.012	0.49	0.357398873527906	0.703469397228412	-1.6211985768188373	40.94983070182649	4.999099426941473e-4	PER3D	Essential3D
70	L	70	-16.256	-4.408	18.774	0.49	0.359979370809696	0.51118433962167	-1.1084512991685935	28.119372874310212	8.800935545749913e-5	PER3D	Essential3D
71	K	71	-16.94	-2.27	15.743	0.49	0.362042289840124	1.0428085315432865	-1.4508864066579568	40.94983070182649	1.4420479116177324e-4	PER3D	Essential3D
72	P	72	-17.618	-4.356	12.721	0.49	0.364675324675325	0.9755386591020114	-1.500170284296755	40.94983070182649	0.005260081823495027	PER3D	Essential3D
73	V	73	-14.418	-5.78	11.285	0.49	0.255072463768116	1.2984340468201303	-0.9428697029520945	40.94983070182649	4.999099426941473e-4	PER3D	Essential3D
74	K	74	-13.532	-9.004	9.526	0.49	0.423586040914561	1.2984340468201303	-0.9911432033917996	40.94983070182649	0.0016559516851743675	PER3D	Essential3D
75	K	75	-14.669	-12.03	11.466	0.49	0.42512077294686	0.1298602626974152	-0.8858483611836259	7.7160290293198655	0.0593220338983051	No-PER3D	No-Essential3D
76	K	76	-11.187	-13.435	11.066	0.49	0.366753246753247	0.0459913308225798	-0.37486307251087114	3.7941141364477593	0.18300060496067772	No-PER3D	No-Essential3D
77	K	77	-9.881	-10.499	13.085	0.49	0.429440389294404	1.0428085315432865	-0.3486329806136093	15.974798400763042	0.002989846003420768	PER3D	Essential3D
78	I	78	-12.303	-11.205	15.924	0.49	0.431013431013431	0.36263537685928676	-0.6413256042844778	23.490996239269254	3.032259177291863e-4	PER3D	Essential3D
79	K	79	-11.156	-14.786	16.321	0.49	0.431013431013431	-0.41101212345226196	-0.4280170015715922	4.9951113823730715	0.09018083236166241	No-PER3D	No-Essential3D
80	R	80	-7.533	-13.721	16.271	0.49	0.431013431013431	0.40960373224122326	-0.07834413571149837	4.9951113823730715	0.09018083236166241	No-PER3D	No-Essential3D
81	E	81	-8.029	-11.174	19.031	0.49	0.431013431013431	0.45621524385537116	-0.0712877158957607	3.754335620714225	0.08083115942431535	No-PER3D	No-Essential3D
82	I	82	-10.026	-13.614	21.13	-0.08	0.470588235294118	-0.4812451831611278	-0.2997624628320112	2.387890025329422	0.27206372369540543	No-PER3D	No-Essential3D
83	K	83	-7.468	-16.369	20.726	0.49	0.470588235294118	-0.41101212345226196	-0.057617209998432645	1.4134578305181875	0.715083477385586	No-PER3D	No-Essential3D
84	I	84	-4.58	-14.113	21.649	0.49	0.473666554847367	0.4963209011394069	0.38281319120062524	3.0302503583398432	0.15232246727165114	No-PER3D	No-Essential3D
85	L	85	-6.37	-12.78	24.7	0.49	0.476767676767677	-0.23262824994328174	0.2860393282693161	2.387890025329422	0.27206372369540543	No-PER3D	No-Essential3D
86	E	86	-7.134	-16.298	25.829	0.49	0.583747927031509	-1.3923608508308576	-0.21459608030848626	0.8276505452465007	1	No-PER3D	No-Essential3D
87	N	87	-3.564	-17.46	25.295	0.49	0.586466165413534	0.27756277049920997	0.28827609250798025	0.8276505452465007	1	No-PER3D	No-Essential3D
88	L	88	-2.214	-14.473	27.216	0.49	0.659774436090226	0.10850474763669317	0.8589697510938388	0.6446199588118797	0.7018629190445762	No-PER3D	No-Essential3D
89	R	89	-4.755	-14.579	30.043	0.49	0.664150943396226	-0.6018238671071879	0.5570520068394258	0.6446199588118797	0.7018629190445762	No-PER3D	No-Essential3D
90	G	90	-3.019	-14.661	33.385	0.49	0.666666666666667	-1.033588197810726	0.6678565396741069	0	0.2863822326125073	No-PER3D	No-Essential3D
91	G	91	0.225	-13.136	32.126	0.49	0.664772727272727	-0.11319835333215751	1.2525534596891204	0	0.2863822326125073	No-PER3D	No-Essential3D
92	P	92	1.896	-10.3	33.912	-0.36	0.669201520912548	-0.2902112607530131	1.548576521793398	0	0.5242548217416715	No-PER3D	No-Essential3D
93	N	93	0.378	-6.898	33.161	0.49	0.531320754716981	0.05730490027861223	1.3827398045620105	0.39832191354521673	0.6414838967670492	No-PER3D	No-Essential3D
94	I	94	-1.869	-8.308	30.445	0.49	0.479835953520164	0.12276366076954462	1.0700290350125292	1.2966400389686512	1	No-PER3D	No-Essential3D
95	I	95	-5.54	-7.371	30.456	0.49	0.47940074906367	-0.10659723487222345	0.24732427414538843	1.2966400389686512	1	No-PER3D	No-Essential3D
96	T	96	-7.641	-10.291	31.55	-0.93	0.48257006151743	-0.995468603427337	-0.1374843885065917	1.0103492872028714	1	No-PER3D	No-Essential3D
97	L	97	-10.446	-11.479	29.303	0.49	0.482124616956078	-0.5178525090942867	-0.4539159351921646	1.2966400389686512	1	No-PER3D	No-Essential3D
98	A	98	-13.39	-12.707	31.354	-0.65	0.397388059701493	-0.9964296016050692	-1.206573101192587	0	0.2863822326125073	No-PER3D	No-Essential3D
99	D	99	-15.972	-13.611	28.735	0.49	0.398876404494382	-1.2524395161530062	-1.0670365099396375	0	0.14639023039773597	No-PER3D	No-Essential3D
100	I	100	-17.115	-13.238	25.147	-0.93	0.442786069651741	-0.8272939223241503	-1.0152413937506553	0	0.2863822326125073	No-PER3D	No-Essential3D
101	V	101	-20.682	-12.28	24.296	0.49	0.439506172839506	-0.8071129605917677	-1.0940149827103502	0	0.2863822326125073	No-PER3D	No-Essential3D
102	K	102	-22.733	-11.543	21.211	0.49	0.439506172839506	-0.4505826366530117	-1.1037334225265856	0	1	No-PER3D	No-Essential3D
103	D	103	-25.715	-9.222	20.769	0.49	0.438271604938272	0.2784946475200414	-1.1869918431880866	0	1	No-PER3D	No-Essential3D
104	P	104	-28.886	-11.221	20.349	0.49	0.439900867410161	0.8894332223771803	-1.065722443122047	0	1	No-PER3D	No-Essential3D
105	V	105	-30.469	-8.961	17.736	0.49	0.329291044776119	0.6167660060818797	-1.1914073378298167	0	1	No-PER3D	No-Essential3D
106	S	106	-27.529	-7.414	15.961	0.49	0.328066914498141	0.8602188777741123	-1.261874501393994	0	1	No-PER3D	No-Essential3D
107	R	107	-24.916	-10.023	16.572	-0.08	0.377398720682303	0.937550966429292	-1.1828745532946319	0	1	No-PER3D	No-Essential3D
108	T	108	-22.158	-7.646	17.461	0.49	0.221383647798742	0.44168495140805564	-1.326913671853021	40.94983070182649	0.047371497123873375	PER3D	Essential3D
109	P	109	-19.379	-9.203	19.409	0.49	0.222012578616352	-0.19095729112290338	-1.0992965056094977	4.9951113823730715	0.09018083236166241	No-PER3D	No-Essential3D
110	A	110	-18.21	-7.768	22.691	0.49	0.189406099518459	0.27731188053206307	-1.3443938894317458	1.8137392850178795	0.45509715049993305	No-PER3D	No-Essential3D
111	L	111	-15.258	-8.583	24.903	0.49	0.18816631130064	0.1854234300644945	-1.10285842296446	2.387890025329422	0.27206372369540543	No-PER3D	No-Essential3D
112	V	112	-15.654	-8.628	28.67	0.49	0.290534979423868	-0.26878990820195753	-1.556057851625192	0	0.14639023039773597	No-PER3D	No-Essential3D
113	F	113	-12.643	-7.881	30.854	0.49	0.186083289404323	-0.6568769121395874	-1.2770598309817935	0.6446199588118797	0.7018629190445762	No-PER3D	No-Essential3D
114	E	114	-12.039	-7.861	34.581	0.49	0.188336008560728	-0.9172963723490279	-1.590147128576051	0	0.2863822326125073	No-PER3D	No-Essential3D
115	H	115	-12.464	-4.402	36.028	-0.36	0.187633262260128	-0.4505826366530117	-1.7146004091771818	0	0.2863822326125072	No-PER3D	No-Essential3D
116	V	116	-9.498	-2.463	37.331	-0.08	0.187265917602996	-1.1040613975111089	-0.7555927895094853	0	0.5242548217416715	No-PER3D	No-Essential3D
117	N	117	-9.958	1.08	38.529	0.49	0.185185185185185	-1.0645731087533736	-0.627515866954865	0	0.5242548217416715	No-PER3D	No-Essential3D
118	N	118	-7.225	2.586	36.411	0.49	0.183447548761202	-0.39975651080849345	-0.13906698607444218	0.8358803703576945	1	No-PER3D	No-Essential3D
119	T	119	-6.642	5.532	34.113	0.49	0.318933823529412	-0.3391068480360423	0.16792638466553986	0.8358803703576945	1	No-PER3D	No-Essential3D
120	D	120	-5.038	5.956	30.703	0.49	0.320110701107011	1.0712113665740466	0.32330558776597224	40.94983070182649	0.37288135593220345	No-PER3D	No-Essential3D
121	F	121	-1.246	6.213	30.629	0.49	0.322490706319703	0.5798335270945134	0.7560192052015654	0.30996592017284647	0.3958339741815087	No-PER3D	No-Essential3D
122	K	122	-1.358	9.05	28.116	0.49	0.42716049382716	0.6339246981828426	0.6659831395269667	0.544878478239008	1	No-PER3D	No-Essential3D
123	Q	123	-2.913	11.209	30.78	0.49	0.42998760842627	0.57063809355072	0.4347526850862599	0	0.5242548217416715	No-PER3D	No-Essential3D
124	L	124	-0.05	10.572	33.253	0.49	0.559076262083781	0.6616125877093967	0.37930583595317513	0	0.5242548217416715	No-PER3D	No-Essential3D
125	Y	125	3.169	9.976	31.316	0.49	0.647388059701493	0.5733356322952324	0.6496537564607316	0.30996592017284647	0.3958339741815087	No-PER3D	No-Essential3D
126	Q	126	4.078	13.62	30.757	0.49	0.64365671641791	0.5334794973450637	0.5684676089227769	0.544878478239008	1	No-PER3D	No-Essential3D
127	T	127	4.004	14.318	34.523	-0.93	0.638376383763838	0.0459913308225792	0.39887228905988653	0	0.5242548217416715	No-PER3D	No-Essential3D
128	L	128	6.025	11.407	35.989	0.49	0.540779220779221	0.5051478473645056	0.4084027791962044	0	0.14639023039773597	No-PER3D	No-Essential3D
129	T	129	9.208	11.6	38.012	0.49	0.536874677668901	-0.15715785971868962	0.2101599554872558	0	0.2863822326125073	No-PER3D	No-Essential3D
130	D	130	12.404	10.136	36.629	0.49	0.531122448979592	-0.07108777005326936	0.30881163850114174	0	0.14639023039773597	No-PER3D	No-Essential3D
131	Y	131	11.993	7.066	38.783	-0.08	0.531490015360983	0.02479112859866249	0.45885577127749794	0	0.14639023039773597	No-PER3D	No-Essential3D
132	D	132	8.387	6.634	37.742	0.49	0.531122448979592	0.23867482559143316	0.7573713272801412	0	0.14639023039773597	No-PER3D	No-Essential3D
133	I	133	9.34	6.629	34.091	0.49	0.525492175668854	0.399391986899094	0.5541179377904168	0	0.0387709760490128	No-PER3D	No-Essential3D
134	R	134	11.763	3.821	34.76	0.49	0.525492175668854	0.4911955775248337	0.42323250215757313	0	0.14639023039773597	No-PER3D	No-Essential3D
135	F	135	9.224	1.936	36.856	0.49	0.527355623100304	0.3935296886471313	1.2039791231529706	0	0.2863822326125073	No-PER3D	No-Essential3D
136	Y	136	6.383	1.991	34.345	0.49	0.527355623100304	0.8853606679374921	1.1050202898909438	0	0.07487670081105753	No-PER3D	No-Essential3D
137	M	137	8.717	1.31	31.461	0.49	0.527355623100304	0.5839421250608892	0.8568375518405625	0	0.14639023039773597	No-PER3D	No-Essential3D
138	Y	138	9.812	-1.799	33.31	0.49	0.527707168276563	0.399391986899094	1.1226172063972402	0	0.14639023039773597	No-PER3D	No-Essential3D
139	E	139	6.225	-2.918	33.801	0.49	0.620071684587814	0.5580577537694947	1.1855540698506697	0	0.14639023039773597	No-PER3D	No-Essential3D
140	I	140	5.562	-2.443	30.11	0.21	0.615658362989324	0.5174777602460762	1.0127956999450196	0.30996592017284647	0.3958339741815087	No-PER3D	No-Essential3D
141	L	141	8.599	-4.599	29.418	0.49	0.738790035587189	0.47938233163270744	0.8364612685950882	0	0.2863822326125073	No-PER3D	No-Essential3D
142	K	142	7.186	-7.353	31.583	0.49	0.744086021505376	0.6885205366859065	0.9410356824446109	0	0.2863822326125072	No-PER3D	No-Essential3D
143	A	143	4.095	-7.47	29.416	0.49	0.823250296559905	0.5146537894530732	1.068746229311913	0.39832191354521673	0.6414838967670492	No-PER3D	No-Essential3D
144	L	144	6.095	-7.392	26.193	0.49	0.825622775800712	0.279519712242956	0.8267403656911407	2.4768233202024983	0.4067072088987065	No-PER3D	No-Essential3D
145	D	145	8.573	-10.051	27.214	0.49	0.822143698468787	0.472287289054854	0.4565209946374003	0	0.5242548217416715	No-PER3D	No-Essential3D
146	Y	146	5.69	-12.233	28.292	0.49	0.821052631578947	0.3123879165841553	0.8031893039964012	0	0.5242548217416715	No-PER3D	No-Essential3D
147	C	147	3.601	-11.862	25.151	0.49	0.615789473684211	0.57063809355072	0.9376761403377699	1.732616685738008	0.6244117013750038	No-PER3D	No-Essential3D
148	H	148	6.666	-12.246	22.977	0.49	0.611498257839721	0.40062735901853214	0.5897211916708951	0	1	No-PER3D	No-Essential3D
149	S	149	7.601	-15.391	24.857	0.49	0.611111111111111	-0.09425616081256291	0.4318528677853835	0	1	No-PER3D	No-Essential3D
150	M	150	4.043	-16.526	24.135	-0.65	0.404844290657439	-0.35192015707247554	0.655777443920517	0	0.5242548217416715	No-PER3D	No-Essential3D
151	G	151	4.701	-16.034	20.431	0.49	0.409090909090909	-0.3255398149386424	0.5396271646867944	0	1	No-PER3D	No-Essential3D
152	I	152	2.636	-12.878	20.077	0.49	0.413145539906103	0.5850605158149846	0.7123681835060054	10.163311180282085	0.023280732515098417	PER3D	No-Essential3D
153	M	153	3.527	-9.449	18.663	0.49	0.417556346381969	0.35024917812406764	0.8399361258493533	3.7941141364477593	0.18300060496067772	No-PER3D	No-Essential3D
154	H	154	1.417	-6.576	20.012	0.49	0.626334519572954	0.6339246981828426	1.1158029348751901	12.898426735175356	0.008592202140055651	PER3D	No-Essential3D
155	R	155	2.071	-4.254	17.036	0.49	0.619298245614035	0.9429988138280927	1.1104227721546567	5.521674041040467	0.010360601043986395	PER3D	No-Essential3D
156	D	156	0.127	-1.333	18.589	0.49	0.617957746478873	0.8962310200133506	1.113847269952819	7.535103034361232	0.0055157852149338394	PER3D	No-Essential3D
157	V	157	2.334	-0.211	21.479	0.49	0.621478873239437	0.9006643662978102	1.1386088507199905	6.2479831809360755	0.013204326107168117	PER3D	No-Essential3D
158	K	158	1.594	3.428	22.339	0.49	0.501067615658363	0.8627815395813986	1.0094779405358245	4.577197467168654	0.041183045561862044	PER3D	No-Essential3D
159	P	159	0.682	5.465	25.399	0.49	0.629893238434164	0.8409989142194625	0.9909959311509946	4.137370414101254	0.06605758074988372	No-PER3D	No-Essential3D
160	H	160	-3.044	5.194	24.766	0.49	0.629893238434164	1.2984340468201303	0.521088855240621	15.974798400763042	0.002989846003420768	PER3D	No-Essential3D
161	N	161	-2.823	1.432	24.983	0.49	0.627659574468085	0.7602750672899328	0.8257084660860924	15.974798400763042	0.002989846003420768	PER3D	No-Essential3D
162	V	162	-1.357	1.399	28.479	0.49	0.621908127208481	1.221159936938871	0.914506544536613	4.9951113823730715	0.09018083236166241	No-PER3D	No-Essential3D
163	M	163	-3.48	1.644	31.617	0.49	0.621478873239437	0.16368739855359934	0.43150436287784066	1.732616685738008	0.6244117013750038	No-PER3D	No-Essential3D
164	I	164	-2.232	2.743	35.014	0.49	0.621478873239437	0.16368739855359934	0.47669808344231995	0.544878478239008	1	No-PER3D	No-Essential3D
165	D	165	-3.654	2.183	38.47	0.49	0.619298245614035	-0.6950939990917322	0.18462891738403747	0	0.5242548217416715	No-PER3D	No-Essential3D
166	H	166	-1.32	4.741	39.956	0.49	0.619718309859155	-0.2308343866781813	0.24800847665634665	0	0.5242548217416715	No-PER3D	No-Essential3D
167	E	167	-2.391	4.254	43.545	-0.36	0.619298245614035	-1.7601028201764928	0.13144921944622626	0	0.5242548217416715	No-PER3D	No-Essential3D
168	H	168	-1.659	0.527	43.347	-0.93	0.619718309859155	-1.3231689820341181	0.36952966837861395	0	0.5242548217416715	No-PER3D	No-Essential3D
169	R	169	1.264	1.088	40.993	-0.08	0.619718309859155	-0.3698587897234826	0.30129403577507247	0	0.5242548217416715	No-PER3D	No-Essential3D
170	K	170	-0.254	-1.422	38.59	0.49	0.748936170212766	-0.27785096419089983	0.5547799546846864	0	0.2863822326125073	No-PER3D	No-Essential3D
171	L	171	-0.079	-1.379	34.802	0.49	0.76028880866426	-0.13876699263110345	0.6988262321877885	0.39832191354521673	0.6414838967670492	No-PER3D	No-Essential3D
172	R	172	-1.889	-3.173	31.987	0.49	0.759712230215827	-0.1594875522707685	0.6229180081634532	1.0103492872028714	1	No-PER3D	No-Essential3D
173	L	173	-1.164	-3.42	28.266	0.49	0.847172081829121	0.6746588660010373	1.2101515280337076	4.137370414101254	0.06605758074988372	No-PER3D	No-Essential3D
174	I	174	-4.431	-3.302	26.348	0.49	0.734098018769552	0.8521558686731373	0.6988288170754458	4.137370414101254	0.06605758074988372	No-PER3D	No-Essential3D
175	D	175	-5.961	-3.257	22.84	0.49	0.722222222222222	0.7347833261542919	0.16667739949871913	12.85875336127689	1.3454435146112963e-4	PER3D	No-Essential3D
176	W	176	-4.81	-6.572	21.341	0.49	0.648148148148148	0.8224623271467555	0.5309245393520498	7.903623258147891	0.001537067502665123	PER3D	No-Essential3D
177	G	177	-6.889	-6.038	18.18	0.49	0.648148148148148	1.1369863529610709	0.041960906310575495	39.94983070182649	6.034359021301356e-6	PER3D	No-Essential3D
178	L	178	-3.784	-5.569	16.003	0.49	0.715457154571546	1.123147979201723	0.4467045545287623	10.777778492265165	4.459591113225894e-4	PER3D	No-Essential3D
179	A	179	-1.735	-8.38	17.59	0.49	0.720164609053498	0.8383081193218112	0.8026487388556803	6.2479831809360755	0.013204326107168117	PER3D	No-Essential3D
180	E	180	-0.551	-11.372	15.56	0.49	0.720164609053498	0.8602188777741123	0.4229229223381722	3.260330761476125	0.13508420272526822	No-PER3D	No-Essential3D
181	F	181	1.248	-14.652	16.105	0.49	0.720776538620405	0.4220037087280944	0.33989039824413014	1.1308966979710156	1	No-PER3D	No-Essential3D
182	Y	182	4.852	-14.653	15.001	0.49	0.72890559732665	0.27731188053206307	0.3545615842269613	0	0.2863822326125073	No-PER3D	No-Essential3D
183	H	183	5.861	-17.419	12.626	0.49	0.787218045112782	-0.5212160027163504	0.11802990102028638	0	0.2863822326125073	No-PER3D	No-Essential3D
184	P	184	9.289	-17.438	11.085	0.49	0.737220109843684	-0.23324920261197052	0.18461084669287897	0	0.2863822326125073	No-PER3D	No-Essential3D
185	G	185	9.301	-16.606	7.394	0.21	0.660984848484848	-1.2790642235613425	0.28287293680527864	0	0.14639023039773597	No-PER3D	No-Essential3D
186	Q	186	5.787	-15.221	7.468	0.49	0.58863443596268	-0.07925294077717561	0.7127938882562498	0	0.2863822326125073	No-PER3D	No-Essential3D
187	E	187	5.207	-11.878	5.801	0.49	0.530268199233717	0.28041664387550624	0.5928629209824813	0	0.07487670081105753	No-PER3D	No-Essential3D
188	Y	188	3.041	-9.473	7.741	0.49	0.527756653992396	1.186815888102756	1.0582664348956086	0.30996592017284647	0.3958339741815087	No-PER3D	No-Essential3D
189	N	189	0.94	-6.451	6.882	0.49	0.587484035759898	1.2984340468201303	0.8606389754554616	0.544878478239008	1	No-PER3D	No-Essential3D
190	V	190	2.709	-3.152	7.365	0.49	0.584706379383185	1.2984340468201303	0.8167528604827696	1.8137392850178795	0.45509715049993305	No-PER3D	No-Essential3D
191	R	191	-0.502	-1.296	8.064	0.49	0.585241730279898	1.2984340468201303	0.8961714872988416	3.260330761476125	0.13508420272526822	No-PER3D	No-Essential3D
192	V	192	-0.185	-1.674	11.8	0.49	0.578616352201258	0.8352911674668693	0.9234229967963519	5.125431016622554	0.030328264720946674	PER3D	No-Essential3D
193	A	193	0.542	0.652	14.701	0.49	0.574282147315855	0.861756474858484	1.0037663836715998	9.568464638729187	0.003692886773508275	PER3D	No-Essential3D
194	S	194	-0.13	4.364	14.911	0.49	0.567901234567901	0.3432018581540296	1.1280749624058184	4.137370414101254	0.06605758074988372	No-PER3D	No-Essential3D
195	R	195	1.995	6.617	12.738	0.49	0.634191176470588	0.37214828811360834	1.2524711309246495	3.0302503583398432	0.15232246727165114	No-PER3D	No-Essential3D
196	Y	196	4.19	8.104	15.443	0.49	0.632841328413284	0.38087298672114345	1.2484852924991547	2.387890025329422	0.27206372369540543	No-PER3D	No-Essential3D
197	F	197	5.029	4.624	16.733	0.49	0.634191176470588	0.9510768873051844	1.0404636559204938	4.137370414101254	0.06605758074988372	No-PER3D	No-Essential3D
198	K	198	5.605	2.809	13.435	0.49	0.632352941176471	0.9732486208912448	0.7674864036681012	2.362299991947712	0.2997200430762225	No-PER3D	No-Essential3D
199	G	199	9.023	1.201	13.108	0.49	0.634191176470588	0.9661793725014864	0.2910296789405051	3.754335620714225	0.08083115942431535	No-PER3D	No-Essential3D
200	P	200	11.211	1.815	10.111	0.49	0.63003663003663	0.778595372976067	0.3193845546620664	1.8137392850178795	0.45509715049993305	No-PER3D	No-Essential3D
201	E	201	10.463	-1.656	8.823	0.49	0.557575757575758	0.8627815395813986	0.050747136749551384	0.8185561782889208	1	No-PER3D	No-Essential3D
202	L	202	6.851	-0.601	8.432	0.49	0.563725490196078	0.8962310200133506	0.46560883945982995	0.8185561782889208	1	No-PER3D	No-Essential3D
203	L	203	7.778	2.695	6.795	0.49	0.566993464052288	1.221159936938871	0.7905964730015713	1.0103492872028714	1	No-PER3D	No-Essential3D
204	V	204	10.035	0.939	4.253	0.49	0.425245098039216	0.1406649989659753	0.48275883696564387	0.6446199588118797	0.7018629190445762	No-PER3D	No-Essential3D
205	D	205	7.45	-1.801	3.605	0.49	0.473181818181818	0.34830508985647085	0.5750214343687322	0.6446199588118797	0.7018629190445762	No-PER3D	No-Essential3D
206	Y	206	9.56	-4.673	4.909	0.49	0.538819875776398	-0.10077929995838353	-0.010222396560323746	0.30996592017284647	0.3958339741815087	No-PER3D	No-Essential3D
207	Q	207	7.011	-7.394	5.735	0.49	0.558363417569194	0.510291541314615	0.3245582813996477	0.2085285578446187	0.2372277451863541	No-PER3D	No-Essential3D
208	M	208	9.301	-10.001	7.396	0.49	0.564040404040404	0.510291541314615	0.21044491286870792	0	0.0387709760490128	No-PER3D	No-Essential3D
209	Y	209	9.339	-8.17	10.769	0.49	0.563607085346216	0.5005548641253588	0.15418587708296913	0.2085285578446187	0.2372277451863541	No-PER3D	No-Essential3D
210	D	210	8.986	-9.711	14.234	0.49	0.634545454545455	0.5660698703290356	0.09322483077195037	0.6446199588118797	0.7018629190445762	No-PER3D	No-Essential3D
211	Y	211	8.634	-8.89	17.946	0.49	0.634545454545455	0.45111990883641484	0.2687198855774151	3.7941141364477593	0.18300060496067772	No-PER3D	No-Essential3D
212	S	212	11.325	-6.221	17.684	0.49	0.627240143369176	0.424200275991483	-0.4708733347708733	2.71295344782387	0.3512565751022793	No-PER3D	No-Essential3D
213	L	213	8.729	-3.964	16.092	0.49	0.566159818828858	0.8097856934067109	-0.025588676515629613	3.0302503583398432	0.15232246727165114	No-PER3D	No-Essential3D
214	D	214	7.283	-3.492	19.571	0.49	0.49469964664311	0.9091275509897746	0.436401254827934	4.137370414101254	0.06605758074988372	No-PER3D	No-Essential3D
215	M	215	10.693	-2.425	20.84	0.49	0.495035460992908	0.4605943806495876	-0.2896082174487953	1.9148572531800983	0.33440928731068975	No-PER3D	No-Essential3D
216	W	216	10.816	0.504	18.431	0.49	0.48951048951049	0.5839421250608892	-0.3339649535825941	3.0302503583398432	0.15232246727165114	No-PER3D	No-Essential3D
217	S	217	7.401	1.63	19.585	-0.93	0.54320987654321	0.9006643662978102	0.5961058867480448	5.125431016622554	0.030328264720946674	PER3D	No-Essential3D
218	L	218	8.618	1.374	23.146	0.49	0.611111111111111	0.738309394656047	0.25693815971248624	2.362299991947712	0.2997200430762225	No-PER3D	No-Essential3D
219	G	219	11.603	3.523	22.27	0.49	0.611498257839721	0.6885205366859065	-0.1445826234677627	1.8613362910046094	0.4769746692006827	No-PER3D	No-Essential3D
220	C	220	9.313	6.191	20.881	0.49	0.607266435986159	0.5528869727392711	0.5434379662625745	1.0103492872028714	1	No-PER3D	No-Essential3D
221	M	221	7.399	6.214	24.145	0.49	0.603448275862069	0.7167098165660594	0.7601264425611627	1.8613362910046094	0.4769746692006827	No-PER3D	No-Essential3D
222	L	222	10.568	6.484	26.192	0.49	0.67281814686659	0.5988273734308733	0.3189292251539188	0.6446199588118797	0.7018629190445762	No-PER3D	No-Essential3D
223	A	223	11.855	9.367	24.114	0.49	0.670498084291188	0.15953946223296803	0.15422142228939198	0.6446199588118797	0.7018629190445762	No-PER3D	No-Essential3D
224	S	224	8.578	11.171	24.506	0.49	0.668193967163039	0.03850890650825583	0.8408066439124209	1.1308966979710156	1	No-PER3D	No-Essential3D
225	M	225	8.676	10.864	28.275	0.49	0.665905631659056	0.3022141684339969	0.34052601740415706	0.25085667947313434	0.2401011930706754	No-PER3D	No-Essential3D
226	I	226	12.268	11.816	29.036	0.49	0.603448275862069	0.11693046903337798	0.019591413554537855	0.2085285578446187	0.2372277451863541	No-PER3D	No-Essential3D
227	F	227	12.31	14.607	26.451	0.49	0.670103092783505	0.009684911629394097	0.2176666343617201	0.30996592017284647	0.3958339741815087	No-PER3D	No-Essential3D
228	R	228	8.778	15.825	27.138	0.49	0.674329501915709	0.1514827216963966	0.5468573253420898	0.30996592017284647	0.3958339741815087	No-PER3D	No-Essential3D
229	K	229	8.039	15.874	23.43	-0.08	0.683760683760684	0.1503615571557085	1.087320568224822	0.39832191354521673	0.6414838967670492	No-PER3D	No-Essential3D
230	E	230	4.741	14.334	22.402	0.49	0.687645687645688	1.0428085315432865	1.3431877930762686	1.732616685738008	0.6244117013750038	No-PER3D	No-Essential3D
231	P	231	5.105	12.708	20.022	0.49	0.692488262910798	0.1514827216963966	1.337283338009597	1.7709791568640234	0.6614014580577686	No-PER3D	No-Essential3D
232	F	232	8.866	12.415	19.633	0.49	0.692007797270955	0.24566054311418095	1.163877890692939	1.2966400389686512	1	No-PER3D	No-Essential3D
233	F	233	8.751	11.691	15.918	0.49	0.747368421052632	0.07412236838893055	1.2239659047004368	1.0103492872028714	1	No-PER3D	No-Essential3D
234	H	234	5.935	13.846	14.642	0.49	0.747887323943662	0.050702486872338734	1.4318707956240944	1.2966400389686512	1	No-PER3D	No-Essential3D
235	G	235	5.469	12.842	11.041	0.49	0.748936170212766	0.6616125877093967	1.4048471370492497	1.7709791568640234	0.6614014580577686	No-PER3D	No-Essential3D
236	H	236	2.635	14.498	9.162	-0.93	0.683274021352313	0.3432018581540296	1.5116099295201024	0.8358803703576945	1	No-PER3D	No-Essential3D
237	D	237	2.266	11.628	6.722	0.49	0.628571428571429	0.399391986899094	1.429481765365765	0.544878478239008	1	No-PER3D	No-Essential3D
238	N	238	3.792	8.177	6.348	0.49	0.720942140296979	0.7714093910043505	1.1331027593984537	1.2966400389686512	1	No-PER3D	No-Essential3D
239	Y	239	6.734	9.428	4.315	0.49	0.717844433146924	0.4840201244644313	1.072441025333373	0.30996592017284647	0.3958339741815087	No-PER3D	No-Essential3D
240	D	240	7.321	12.341	6.662	0.49	0.713272543059777	0.6616125877093967	1.2253816009402247	0.39832191354521673	0.6414838967670492	No-PER3D	No-Essential3D
241	Q	241	7.443	9.948	9.572	0.49	0.624555160142349	0.3799760550885932	1.2515554346019435	1.0103492872028714	1	No-PER3D	No-Essential3D
242	L	242	10.567	8.343	8.166	0.49	0.537244897959184	0.5733356322952324	0.9945939750678814	0.5220669961520529	0.6972761947221852	No-PER3D	No-Essential3D
243	V	243	12.042	11.739	7.372	0.49	0.533434650455927	0.1514827216963966	1.1511061931416915	0	0.14639023039773597	No-PER3D	No-Essential3D
244	R	244	11.598	12.817	10.969	0.49	0.618374558303887	0.4634722361550964	1.3043928459985625	0.8185561782889208	1	No-PER3D	No-Essential3D
245	I	245	13.371	9.672	12.113	0.49	0.621428571428571	0.826510018616726	0.9128945654332948	1.2966400389686512	1	No-PER3D	No-Essential3D
246	A	246	16.147	10.217	9.592	0.49	0.623655913978495	0.51118433962167	0.8355998085125577	0	0.14639023039773597	No-PER3D	No-Essential3D
247	K	247	16.688	13.715	10.827	0.49	0.536485097636177	0.34830508985647085	1.0939943193068404	0	0.2863822326125073	No-PER3D	No-Essential3D
248	V	248	17.485	12.251	14.231	-0.65	0.630434782608696	0.05394140665654857	0.45493239589559387	0	0.2863822326125073	No-PER3D	No-Essential3D
249	L	249	19.177	8.898	13.538	0.49	0.623655913978495	0.09165330484332353	0.03629311456300775	0	0.2863822326125073	No-PER3D	No-Essential3D
250	G	250	20.858	10.109	10.399	0.49	0.623214285714286	-0.34295084074697263	0.5481668347177847	0	0.2863822326125072	No-PER3D	No-Essential3D
251	T	251	20.507	8.824	6.863	0.49	0.622775800711744	-0.39027171653324816	0.6894508057368242	0	0.14639023039773597	No-PER3D	No-Essential3D
252	E	252	23.676	6.754	6.853	0.49	0.620567375886525	-1.3789068763426027	0.7058910662354342	0	0.5242548217416715	No-PER3D	No-Essential3D
253	D	253	22.344	4.03	9.113	-0.08	0.534183673469388	-1.5248307534844447	0.28285779523285065	0	0.5242548217416715	No-PER3D	No-Essential3D
254	L	254	19.06	4.115	7.248	0.49	0.538026721479959	-0.39251811517738544	0.37232852756459733	0	0.14639023039773597	No-PER3D	No-Essential3D
255	Y	255	20.665	3.36	3.907	0.49	0.630434782608696	-1.4346447706510874	0.518239402358926	0	0.5242548217416715	No-PER3D	No-Essential3D
256	D	256	22.773	0.648	5.467	-1.22	0.625448028673835	-2.3040654749761336	0.16678793234235523	0	1	No-PER3D	No-Essential3D
257	Y	257	19.537	-0.879	6.723	0.49	0.69995988768552	-1.5573962712201184	-0.19551976762801132	0	0.5242548217416715	No-PER3D	No-Essential3D
258	I	258	17.976	-0.638	3.288	0.21	0.566544566544567	-1.4346447706510874	0.03205580410177942	0	0.2863822326125072	No-PER3D	No-Essential3D
259	D	259	21.01	-2.209	1.657	-0.93	0.566993464052288	-2.3456710431414933	-0.197376694266496	0.8358803703576945	1	No-PER3D	No-Essential3D
260	K	260	21.327	-4.916	4.265	0.49	0.57283950617284	-2.5622716758965045	-0.5411163998772727	0.8358803703576945	1	No-PER3D	No-Essential3D
261	Y	261	17.849	-6.271	3.522	0.49	0.514498141263941	-1.7638641463775102	-0.42820583234080845	0.8358803703576945	1	No-PER3D	No-Essential3D
262	N	262	17.938	-5.475	-0.191	-1.22	0.514498141263941	-3.222101381233529	-0.11236290022855511	0.8358803703576945	1	No-PER3D	No-Essential3D
263	I	263	14.836	-3.376	0.286	0.49	0.586346738763096	-1.7638641463775102	0.15902564080739215	0.544878478239008	1	No-PER3D	No-Essential3D
264	E	264	13.762	-1.663	-2.901	-0.08	0.512177121771218	-2.0381516262670947	0.15327564391612125	0	0.2863822326125072	No-PER3D	No-Essential3D
265	L	265	12.839	1.862	-1.926	0.49	0.514074074074074	-0.7010335463574497	0.4618289378301633	0	0.2863822326125072	No-PER3D	No-Essential3D
266	D	266	10.55	4.082	-3.961	0.49	0.569085690856909	0.15484621531846027	0.6246338360225894	0	0.2863822326125072	No-PER3D	No-Essential3D
267	P	267	12.613	6.094	-6.374	0.49	0.635531135531136	0.02479112859866249	0.7193708634298519	0	0.2863822326125072	No-PER3D	No-Essential3D
268	R	268	11.108	9.419	-5.394	-0.36	0.564916564916565	0.02479112859866249	0.8197203931196053	0	0.5242548217416715	No-PER3D	No-Essential3D
269	F	269	11.254	8.469	-1.746	0.49	0.560808080808081	0.4493387680058184	0.816939950786759	0	0.2863822326125072	No-PER3D	No-Essential3D
270	N	270	14.996	7.977	-1.87	0.49	0.55515443241075	0.050883685181944964	0.757904485938306	0	0.2863822326125073	No-PER3D	No-Essential3D
271	D	271	15.39	11.526	-3.104	0.49	0.563701531443467	0.15484621531846027	0.9283806901982132	0	0.5242548217416715	No-PER3D	No-Essential3D
272	I	272	12.993	12.652	-0.406	0.49	0.563701531443467	0.4271290323426676	0.9480010661679441	0	0.2863822326125072	No-PER3D	No-Essential3D
273	L	273	15.15	11.271	2.381	0.49	0.62410071942446	0.6449552859620331	0.9166009951289904	0	0.2863822326125072	No-PER3D	No-Essential3D
274	G	274	18.223	13.063	1.104	0.49	0.62410071942446	0.4271290323426676	0.9056617255652843	0	0.2863822326125072	No-PER3D	No-Essential3D
275	R	275	21.136	13.147	3.495	-0.36	0.625448028673835	-0.07925294077717561	0.9495470016052338	0	0.2863822326125073	No-PER3D	No-Essential3D
276	H	276	21.022	13.996	7.168	0.49	0.625	0.1004453619529079	0.9305379734409841	0	0.2863822326125073	No-PER3D	No-Essential3D
277	S	277	23.638	13.61	9.853	0.49	0.629496402877698	-0.23232927273243148	0.959353432689536	0	0.5242548217416715	No-PER3D	No-Essential3D
278	R	278	22.912	11.767	13.06	0.49	0.631294964028777	-0.5117370661450795	0.4673268495995094	0	0.2863822326125072	No-PER3D	No-Essential3D
279	K	279	21.916	13.971	15.941	0.49	0.524193548387097	-0.23531904484093305	0.5346875372402373	0	0.2863822326125072	No-PER3D	No-Essential3D
280	R	280	23.188	13.389	19.428	0.49	0.524193548387097	-0.5059813551340618	-0.17464854937628826	0	0.2863822326125072	No-PER3D	No-Essential3D
281	W	281	20.521	12.348	21.887	0.49	0.488753124132186	-0.07479921129140818	-0.6065812801832806	0	0.2863822326125073	No-PER3D	No-Essential3D
282	E	282	21.731	15.134	24.155	0.49	0.488006617038875	-0.2945165325892548	-0.6953313526134028	0	0.2863822326125073	No-PER3D	No-Essential3D
283	R	283	20.617	17.679	21.574	-0.65	0.488378527946873	-1.0441403346642593	-0.1633361761027228	0	0.2863822326125072	No-PER3D	No-Essential3D
284	F	284	17.016	17.069	22.664	0.49	0.491917502787068	-0.5399170272550248	0.19937619453129685	0	0.2863822326125072	No-PER3D	No-Essential3D
285	V	285	17.636	17.797	26.35	-0.08	0.496911847276811	0.0027128114897316245	-0.34366146845345835	0	0.2863822326125072	No-PER3D	No-Essential3D
286	H	286	16.377	21.073	27.786	0.49	0.400112707805016	-0.6832572542734211	-0.2911764089882492	0	0.5242548217416715	No-PER3D	No-Essential3D
287	S	287	16.31	22.713	31.196	0.49	0.400794777178541	-0.5384819366429444	-0.4423369763911902	0	0.5242548217416715	No-PER3D	No-Essential3D
288	E	288	12.802	21.446	31.849	0.49	0.323260073260073	-0.8605331534127798	-0.031102248331096295	0	0.2863822326125073	No-PER3D	No-Essential3D
289	N	289	13.496	17.786	31.156	0.49	0.350082644628099	-0.6604646386697889	0.05568098313782341	0	0.2863822326125073	No-PER3D	No-Essential3D
290	Q	290	16.994	17.834	32.613	-0.36	0.321167883211679	-0.013648798510637201	-0.5390684967275247	0	0.2863822326125072	No-PER3D	No-Essential3D
291	H	291	16.012	15.772	35.627	0.49	0.324074074074074	0.2784946475200414	-0.4826150307186339	0	0.2863822326125072	No-PER3D	No-Essential3D
292	L	292	14.561	13.097	33.344	0.49	0.327715355805243	0.21895044670367522	-0.06966299388239142	0	0.14639023039773597	No-PER3D	No-Essential3D
293	V	293	17.737	12.496	31.34	0.49	0.328947368421053	0.03850890650825583	-0.40559813571937925	0	0.2863822326125073	No-PER3D	No-Essential3D
294	S	294	20.62	10.364	32.571	0.49	0.239917976760082	0.07573684532752156	-0.538319522598905	0	0.5242548217416715	No-PER3D	No-Essential3D
295	P	295	23.48	8.741	30.757	0.49	0.239917976760082	0.07681316328658183	-0.9984484482179102	0	0.5242548217416715	No-PER3D	No-Essential3D
296	E	296	21.839	5.363	31.307	0.49	0.239917976760082	0.5360421591523507	-0.4644678328223613	0	0.5242548217416715	No-PER3D	No-Essential3D
297	A	297	18.598	6.65	29.886	0.49	0.240137221269297	0.4250789028968383	-0.3046636751584722	0	0.14639023039773597	No-PER3D	No-Essential3D
298	L	298	20.258	7.835	26.707	0.49	0.240137221269297	0.3143719128220548	-0.6586804322678628	0	1	No-PER3D	No-Essential3D
299	D	299	22.216	4.63	26.31	0.49	0.26	0.9465608678965396	-0.8470664699804674	0	1	No-PER3D	No-Essential3D
300	F	300	19.055	2.592	26.759	-0.36	0.26	1.0576787138724102	-0.6677051241815645	0.8276505452465007	1	No-PER3D	No-Essential3D
301	L	301	17.102	4.725	24.326	0.49	0.256934306569343	0.6719617988542081	-0.44368313584647856	0.6446199588118797	0.7018629190445762	No-PER3D	No-Essential3D
302	D	302	19.886	4.489	21.774	0.49	0.144078144078144	0.37214828811360834	-0.8218889276399197	1.1308966979710156	1	No-PER3D	No-Essential3D
303	K	303	19.7	0.711	21.98	0.49	0.144199346405229	0.7602750672899328	-1.2487174917492487	3.5188059957502755	0.5492940416500046	No-PER3D	No-Essential3D
304	L	304	15.963	0.686	21.269	0.49	0.257664233576642	0.390836200261094	-1.0852530118353578	1.1308966979710156	1	No-PER3D	No-Essential3D
305	L	305	15.837	3.157	18.407	0.49	0.234625668449198	0.11693046903337798	-0.47890777102490323	1.8137392850178795	0.45509715049993305	No-PER3D	No-Essential3D
306	R	306	17.838	1.343	15.796	0.49	0.234625668449198	-0.506468376834994	-0.5884333337994629	1.1308966979710156	1	No-PER3D	No-Essential3D
307	Y	307	16.87	1.055	12.168	0.49	0.13	-0.19589577075906944	-0.24222759337915561	1.2966400389686512	1	No-PER3D	No-Essential3D
308	D	308	17.842	-2.591	12.013	0.49	0.130970149253731	-0.14562588158589984	-0.5310482698191098	3.5188059957502755	0.5492940416500046	No-PER3D	No-Essential3D
309	H	309	15.115	-4.397	13.912	0.49	0.145522388059701	0.5761680479769705	-0.6005957614110746	2.71295344782387	0.3512565751022793	No-PER3D	No-Essential3D
310	Q	310	17.505	-7.243	14.608	0.49	0.163712686567164	0.629098816029447	-0.9560092430029715	3.5188059957502755	0.5492940416500046	No-PER3D	No-Essential3D
311	S	311	19.888	-4.857	16.392	-0.36	0.145522388059701	0.6870854460738256	-1.624224903130737	3.5188059957502755	0.5492940416500046	No-PER3D	No-Essential3D
312	R	312	17.293	-3.544	18.847	0.49	0.164943609022556	0.13031249713399556	-1.2314667569901727	1.732616685738008	0.6244117013750038	No-PER3D	No-Essential3D
313	L	313	17.338	-4.812	22.408	0.49	0.165719696969697	0.6197557781903813	-1.1576847728460533	1.732616685738008	0.6244117013750038	No-PER3D	No-Essential3D
314	T	314	15.026	-7.679	23.185	0.49	0.163857677902622	0.6554756870656312	-0.4463869116359258	1.732616685738008	0.6244117013750038	No-PER3D	No-Essential3D
315	A	315	12.549	-7.166	25.978	0.49	0.293501048218029	0.8169233809246906	0.08204300384163754	1.732616685738008	0.6244117013750038	No-PER3D	No-Essential3D
316	R	316	14.676	-9.257	28.312	-0.08	0.29404309252218	0.9716946663910817	0.3684706490801177	3.5188059957502755	0.5492940416500046	No-PER3D	No-Essential3D
317	E	317	17.834	-7.418	27.33	0.49	0.333015267175573	0.35872567487124674	-0.21775355420020823	3.5188059957502755	0.5492940416500046	No-PER3D	No-Essential3D
318	A	318	16.083	-4.14	28.03	0.49	0.440656565656566	0.7901727883749436	-0.13425680282751318	0.8276505452465007	1	No-PER3D	No-Essential3D
319	M	319	14.991	-5.309	31.459	0.49	0.436953807740325	0.6449552859620331	0.49536579562552335	0	0.2863822326125072	No-PER3D	No-Essential3D
320	E	320	18.622	-6.041	32.304	0.49	0.528301886792453	0.07681316328658183	0.3245221949304543	0	1	No-PER3D	No-Essential3D
321	H	321	19.823	-2.6	31.193	0.49	0.665399239543726	0.4258477014390242	-0.6461239103638629	0	0.2863822326125073	No-PER3D	No-Essential3D
322	P	322	21.372	-0.532	33.941	0.49	0.723140495867769	0.4271290323426676	-0.10263735115250236	0	0.5242548217416715	No-PER3D	No-Essential3D
323	Y	323	18.66	2.051	33.432	0.49	0.815850815850816	0.510291541314615	-0.27098143948575615	0	0.2863822326125073	No-PER3D	No-Essential3D
324	F	324	16.473	-0.312	35.439	0.49	0.85795763172189	0.24438473518857065	0.37773653185177186	0	0.2863822326125072	No-PER3D	No-Essential3D
325	Y	325	19.115	-1.276	37.965	0.49	0.797727272727273	0.012517327311132108	0.8675791392416298	0	0.5242548217416715	No-PER3D	No-Essential3D
326	T	326	19.362	1.375	40.683	-0.36	0.745047169811321	-0.04023641476123639	1.5227070870167925	0	0.5242548217416715	No-PER3D	No-Essential3D
327	V	327	20.203	-0.849	43.582	0.49	0.769735403455062	-0.39975651080849345	2.6161639063873117	0	1	No-PER3D	No-Essential3D
328	V	328	21.749	1.671	45.892	0.49	0.76839591925331	-0.6120303305120711	2.6333517576275884	0	1	No-PER3D	No-Essential3D
329	K	329	23.984	4.675	45.825	0.49	0.789591078066914	-2.4328015445892395	2.5655181806985285	0	0.5242548217416715	No-PER3D	No-Essential3D
330	D	330	27.393	3.599	46.94	-0.08	0.751991502920871	-2.8992059935154106	2.5388236364053616	0	0.5242548217416715	No-PER3D	No-Essential3D
331	Q	331	28.822	6.569	48.714	0.49	0.774069104327407	-2.773635564958365	2.5818660325586964	0	0.5242548217416715	No-PER3D	No-Essential3D
332	A	332	31.079	7.256	51.639	-0.36	0.787334593572779	-3.588049487314064	2.5961448942066028	0	0.5242548217416715	No-PER3D	No-Essential3D
333	R	333	29.562	10.109	53.521	-0.36	0.785770750988142	-3.588049487314064	2.5961448942066028	0	0.5242548217416715	No-PER3D	No-Essential3D
