Uniprot_position	aminoacid	Position_in_structure	x	y	z	paraz	mtr	paraz3dscore	mtr3dscore	PER3D_OR	PER3D_pvalue	PER3D	Essential3D
1	M	1	6.443	-10.713	5.736	NA	0.291245791245791	Inf	0.18626197966850105	0	0.5241830065359477	No-PER3D	No-Essential3D
2	I	2	6.333	-7.895	8.223	NA	0.289368505195843	Inf	0.10256672492809647	0	0.5241830065359477	No-PER3D	No-Essential3D
3	R	3	9.737	-6.323	8.548	NA	0.287226001511716	Inf	0.5632088899585607	0	0.5241830065359477	No-PER3D	No-Essential3D
4	F	4	8.917	-4.284	11.604	NA	0.285304659498208	Inf	0.5591234023311141	0	0.5241830065359477	No-PER3D	No-Essential3D
5	I	5	6.157	-2.494	13.443	NA	0.283571915473756	Inf	0.2985694219388212	26.759476268905967	0.011437908496732024	PER3D	No-Essential3D
6	L	6	6.518	0.979	14.842	NA	0.380701754385965	Inf	0.9904497799518369	14.097346778930348	0.044117647058823525	PER3D	No-Essential3D
7	I	7	4.322	3.094	17.015	NA	0.379213483146067	Inf	0.8729100310397448	9.279842503701484	0.08333333333333334	No-PER3D	No-Essential3D
8	Q	8	5.64	6.63	17.029	NA	0.457985257985258	Inf	1.2559730018105277	14.097346778930348	0.044117647058823525	PER3D	No-Essential3D
9	N	9	4.006	9.991	17.669	NA	0.523003472222222	Inf	1.0653041354172579	14.097346778930348	0.044117647058823525	PER3D	No-Essential3D
10	R	10	3.864	13.175	15.64	NA	0.536252692031587	Inf	1.2616625066169787	9.279842503701484	0.08333333333333334	No-PER3D	No-Essential3D
11	A	11	7.208	14.105	17.146	NA	0.542016806722689	Inf	1.1306854882055595	25.759476268905967	0.01862745098039216	PER3D	No-Essential3D
12	G	12	8.768	10.816	16.164	NA	0.542315504400813	Inf	1.1050372676846336	14.097346778930348	0.044117647058823525	PER3D	No-Essential3D
13	K	13	9.323	9.433	19.624	NA	0.540629095674967	Inf	0.8990679650245326	25.759476268905967	0.01862745098039216	PER3D	No-Essential3D
14	T	14	9.162	5.678	19.202	NA	0.539047619047619	Inf	0.7673514572892887	25.759476268905967	0.01862745098039216	PER3D	No-Essential3D
15	R	15	6.647	4.184	21.637	NA	0.505627705627706	Inf	0.21650015726500607	25.759476268905967	0.01862745098039216	PER3D	No-Essential3D
16	L	16	6.944	0.563	20.522	NA	0.472280334728034	Inf	0.03175469247769362	14.097346778930348	0.044117647058823525	PER3D	No-Essential3D
17	A	17	9.304	-1.077	18.113	NA	0.421768707482993	Inf	0.3219383971686438	14.097346778930348	0.044117647058823525	PER3D	No-Essential3D
18	K	18	9.106	-4.726	17.303	NA	0.423638778220452	Inf	-0.02817496384838953	26.759476268905967	0.08235294117647057	No-PER3D	No-Essential3D
19	W	19	11.788	-5.746	14.851	NA	0.39883268482490303	Inf	0.08295526013962536	0	0.24509803921568615	No-PER3D	No-Essential3D
20	Y	20	11.402	-8.808	12.631	NA	0.376873182733169	Inf	-0.06597704608337372	0	0.5241830065359477	No-PER3D	No-Essential3D
21	M	21	14.864	-8.898	11.053	NA	0.401951672862454	Inf	-0.0688331300670396	0	0.27777777777777773	No-PER3D	No-Essential3D
22	Q	22	18.362	-8.334	12.369	NA	0.40521978021978	Inf	-0.09912670568515286	0	0.27777777777777773	No-PER3D	No-Essential3D
23	F	23	19.385	-4.703	12.443	NA	0.430656934306569	Inf	0.27795727508949625	0	0.27777777777777773	No-PER3D	No-Essential3D
24	D	24	22.142	-2.88	14.216	NA	0.430656934306569	Inf	0.38214631556492185	0	0.5241830065359477	No-PER3D	No-Essential3D
25	D	25	21.299	-0.154	16.675	NA	0.408328513591671	Inf	0.4571427486971523	0	1	No-PER3D	No-Essential3D
26	D	26	22.693	2.358	14.261	NA	0.378917990553886	Inf	0.5352448128185635	0	1	No-PER3D	No-Essential3D
27	E	27	20.387	0.951	11.618	NA	0.378917990553886	Inf	0.5268638964481639	0	0.5241830065359477	No-PER3D	No-Essential3D
28	K	28	17.34	0.706	13.826	NA	0.356565656565657	Inf	0.3726645649172167	0	0.27777777777777773	No-PER3D	No-Essential3D
29	Q	29	17.78	4.329	14.748	NA	0.47254004576659	Inf	0.6847099338095126	0	1	No-PER3D	No-Essential3D
30	K	30	18.136	5.583	11.204	NA	0.531987977672821	Inf	0.7109654557979517	0	1	No-PER3D	No-Essential3D
31	L	31	15.162	3.491	10.265	NA	0.526641091219096	Inf	0.6417690191301602	0	0.27777777777777773	No-PER3D	No-Essential3D
32	I	32	13.008	5.048	12.98	NA	0.522852306390182	Inf	0.7505621873231155	9.279842503701484	0.08333333333333334	No-PER3D	No-Essential3D
33	E	33	14.006	8.487	11.771	NA	0.524739859842854	Inf	0.7733568652627216	0	1	No-PER3D	No-Essential3D
34	E	34	13.142	7.66	8.186	NA	0.524333474396953	Inf	0.9611430950486778	0	1.0000000000000002	No-PER3D	No-Essential3D
35	V	35	9.77	6.195	9.04	NA	0.520588235294118	Inf	1.1849618958346753	0	1	No-PER3D	No-Essential3D
36	H	36	9.102	9.491	10.746	NA	0.517270253297048	Inf	1.1906212079909544	0	1	No-PER3D	No-Essential3D
37	A	37	10.216	11.647	7.856	NA	0.467756183745583	Inf	0.8395023148438758	0	1	No-PER3D	No-Essential3D
38	V	38	7.914	9.744	5.533	NA	0.466109154929578	Inf	1.3394143469575537	0	1	No-PER3D	No-Essential3D
39	V	39	4.687	9.161	7.479	NA	0.414605418138987	Inf	1.3908725107112176	0	0.5241830065359477	No-PER3D	No-Essential3D
40	T	40	4.51	12.416	9.352	NA	0.358662613981763	Inf	1.3449225344257696	0	0.5241830065359477	No-PER3D	No-Essential3D
41	V	41	4.468	14.494	6.199	NA	0.315602836879433	Inf	0.7287798482878511	0	0.5241830065359477	No-PER3D	No-Essential3D
42	R	42	1.453	12.73	4.657	NA	0.317204301075269	Inf	1.0710157664129254	0	0.5241830065359477	No-PER3D	No-Essential3D
43	D	43	-1.777	14.679	4.496	NA	0.319244604316547	Inf	0.661758106425468	0	1	No-PER3D	No-Essential3D
44	A	44	-4.596	12.069	4.483	NA	0.321557971014493	Inf	1.0247876193604712	0	1	No-PER3D	No-Essential3D
45	K	45	-5.355	13.595	1.137	NA	0.323905109489051	Inf	0.07015025789781734	0	1.0000000000000002	No-PER3D	No-Essential3D
46	H	46	-2.732	10.999	0.339	NA	0.432598039215686	Inf	0.8614382563348618	0	1	No-PER3D	No-Essential3D
47	T	47	-3.051	7.272	0.87	NA	0.47192513368984	Inf	0.9601911159053791	0	1	No-PER3D	No-Essential3D
48	N	48	-2.242	4.774	3.646	NA	0.576797385620915	Inf	0.9146732893710965	0	1	No-PER3D	No-Essential3D
49	F	49	0.558	3.13	1.735	NA	0.57843137254902	Inf	1.1000600430049263	0	1	No-PER3D	No-Essential3D
50	V	50	4.034	4.333	0.879	NA	0.57843137254902	Inf	1.4789374308391137	0	1.0000000000000002	No-PER3D	No-Essential3D
51	E	51	7.072	2.92	-0.821	NA	0.654981549815498	Inf	1.6260765163864477	0	1	No-PER3D	No-Essential3D
52	F	52	9.702	2.741	1.861	NA	0.575831305758313	Inf	1.6477094429575383	0	1	No-PER3D	No-Essential3D
53	R	53	13.094	1.578	0.749	NA	0.65018315018315	Inf	1.5546007095877346	0	1	No-PER3D	No-Essential3D
54	N	54	12.632	-1.878	-0.707	NA	0.64963503649635	Inf	1.6726460384766721	0	1	No-PER3D	No-Essential3D
55	F	55	9.53	-2.47	1.386	NA	0.649090909090909	Inf	1.313380127324078	0	1	No-PER3D	No-Essential3D
56	K	56	6.316	-0.546	1.898	NA	0.773285198555957	Inf	1.1040804349705378	0	1	No-PER3D	No-Essential3D
57	I	57	4.593	0.847	4.933	NA	0.773285198555957	Inf	0.9611953300476604	0	1	No-PER3D	No-Essential3D
58	I	58	0.962	0.607	5.9	NA	0.776086956521739	Inf	0.7140288810938598	0	1	No-PER3D	No-Essential3D
59	Y	59	0.034	3.122	8.545	NA	1.03478260869565	Inf	0.7692319564339545	0	0.5241830065359477	No-PER3D	No-Essential3D
60	R	60	-2.912	4.768	10.26	NA	0.857487922705314	Inf	0.7059730611458793	0	1	No-PER3D	No-Essential3D
61	R	61	-2.799	7.646	12.71	NA	0.860606060606061	Inf	1.0594900895763173	0	0.5241830065359477	No-PER3D	No-Essential3D
62	Y	62	-4.689	7.375	15.95	NA	0.855072463768116	Inf	0.7951027665816573	0	1	No-PER3D	No-Essential3D
63	A	63	-4.668	10.608	17.938	NA	0.851318944844125	Inf	1.1793303913549962	0	1	No-PER3D	No-Essential3D
64	G	64	-1.033	11.622	18.05	NA	0.85439229843562	Inf	1.3914758266250844	14.097346778930348	0.044117647058823525	PER3D	No-Essential3D
65	L	65	0.089	8.085	17.346	NA	0.848267622461171	Inf	1.0201004140988355	9.279842503701484	0.08333333333333334	No-PER3D	No-Essential3D
66	Y	66	1.192	6.676	14.042	NA	0.635714285714286	Inf	1.1995046408494692	6.606002068498141	0.24509803921568632	No-PER3D	No-Essential3D
67	F	67	0.872	2.93	13.884	NA	0.635714285714286	Inf	0.8134697017620518	9.279842503701484	0.08333333333333334	No-PER3D	No-Essential3D
68	C	68	3.201	1.761	11.165	NA	0.635714285714286	Inf	0.8445088906041007	6.606002068498141	0.24509803921568632	No-PER3D	No-Essential3D
69	I	69	3.681	-1.706	9.756	NA	0.636200716845878	Inf	0.4184166812309776	0	1	No-PER3D	No-Essential3D
70	C	70	6.44	-2.248	7.227	NA	0.640794223826715	Inf	0.7539585833410012	0	0.5241830065359477	No-PER3D	No-Essential3D
71	V	71	5.773	-5.172	4.934	NA	0.639492753623188	Inf	0.6239744055111043	0	0.5241830065359477	No-PER3D	No-Essential3D
72	D	72	7.082	-6.813	1.799	NA	0.511191335740072	Inf	0.8306818077526132	0	1	No-PER3D	No-Essential3D
73	V	73	5.992	-5.032	-1.334	NA	0.511594202898551	Inf	1.0951966717120758	0	1	No-PER3D	No-Essential3D
74	N	74	3.769	-7.859	-2.522	NA	0.506859205776173	Inf	0.7498756237363438	0	1.0000000000000002	No-PER3D	No-Essential3D
75	D	75	1.803	-7.916	0.753	NA	0.362042289840124	Inf	0.3335198138290813	0	1	No-PER3D	No-Essential3D
76	N	76	-1.956	-7.241	0.854	NA	0.362042289840124	Inf	0.28406491043366583	0	1.0000000000000002	No-PER3D	No-Essential3D
77	N	77	-2.481	-3.635	1.858	NA	0.180883864337102	Inf	0.7055886866351021	0	1.0000000000000002	No-PER3D	No-Essential3D
78	L	78	-5.98	-3.853	3.237	NA	0.15884476534296	Inf	0.3153336427912598	0	1	No-PER3D	No-Essential3D
79	A	79	-5.219	-6.907	5.265	NA	0.158393501805054	Inf	-0.4023370508256988	0	1	No-PER3D	No-Essential3D
80	Y	80	-2.377	-5.118	7.066	NA	0.140687450039968	Inf	0.15705065808213897	1.914502948155032	1	No-PER3D	No-Essential3D
81	L	81	-4.332	-1.919	7.325	NA	0.14119534697152	Inf	0.3772817246895175	0	1	No-PER3D	No-Essential3D
82	E	82	-6.959	-3.72	9.386	NA	0.126164874551971	Inf	-0.2701267572236551	0	1.0000000000000002	No-PER3D	No-Essential3D
83	A	83	-4.52	-5.754	11.417	NA	0.127338129496403	Inf	-0.5864149500105714	1.914502948155032	1	No-PER3D	No-Essential3D
84	I	84	-3.128	-2.499	12.695	NA	0.127338129496403	Inf	-0.04743897173887116	1.914502948155032	1	No-PER3D	No-Essential3D
85	H	85	-6.66	-1.482	13.537	NA	0.126428571428571	Inf	-0.2490747273161885	1.914502948155032	1	No-PER3D	No-Essential3D
86	N	86	-7.682	-4.707	15.295	NA	0.125531914893617	Inf	-1.2573556466941107	3.894440945434843	0.40522875816993464	No-PER3D	No-Essential3D
87	F	87	-4.451	-4.478	17.234	NA	0.125352112676056	Inf	-0.9200440061311662	1.2081863040206184	0.9999999999999999	No-PER3D	No-Essential3D
88	V	88	-5.407	-1.011	18.379	NA	0.125531914893617	Inf	-0.5674822976878877	1.914502948155032	1	No-PER3D	No-Essential3D
89	E	89	-8.815	-2.341	19.322	NA	0.125531914893617	Inf	-1.5450422562682844	3.894440945434843	0.40522875816993464	No-PER3D	No-Essential3D
90	V	90	-7.242	-4.991	21.526	NA	0	Inf	-1.493433709192941	1.2081863040206184	0.9999999999999999	No-PER3D	No-Essential3D
91	L	91	-5.076	-2.398	23.224	NA	0	Inf	-1.5826442444340354	1.2081863040206184	0.9999999999999999	No-PER3D	No-Essential3D
92	N	92	-8.153	-0.328	23.906	NA	0	Inf	-1.6661866755822794	0	1.0000000000000002	No-PER3D	No-Essential3D
93	E	93	-9.78	-3.335	25.503	NA	0	Inf	-1.7281014051660433	0	1.0000000000000002	No-PER3D	No-Essential3D
94	Y	94	-6.804	-4.315	27.633	NA	0	Inf	-1.503987548114688	0	1	No-PER3D	No-Essential3D
95	F	95	-6.058	-0.762	28.744	NA	0	Inf	-1.7186693176473762	0	1.0000000000000002	No-PER3D	No-Essential3D
96	H	96	-9.633	0.468	28.512	NA	0	Inf	-2.1104511841675007	0	1.0000000000000002	No-PER3D	No-Essential3D
97	N	97	-9.784	3.804	26.715	NA	0.194798007747648	Inf	-2.1306728765081617	0	1.0000000000000002	No-PER3D	No-Essential3D
98	V	98	-6.129	3.482	25.757	NA	0.168824940047962	Inf	-1.2938245918947233	0	1.0000000000000002	No-PER3D	No-Essential3D
99	C	99	-3.945	6.483	25.055	NA	0.168824940047962	Inf	-0.8395026405260696	25.759476268905967	0.01862745098039216	PER3D	Essential3D
100	E	100	-0.304	7.265	24.414	NA	0.158273381294964	Inf	0.027643522447290955	9.279842503701484	0.08333333333333334	No-PER3D	No-Essential3D
101	L	101	0.502	7.343	28.096	NA	0.159172661870504	Inf	-0.43104807593257427	26.759476268905967	0.004901960784313726	PER3D	Essential3D
102	D	102	-0.724	3.823	28.686	NA	0.157589285714286	Inf	-1.5747517276538194	26.759476268905967	0.004901960784313726	PER3D	Essential3D
103	L	103	1.68	2.697	26.012	NA	0.168571428571429	Inf	-0.9508910260089793	9.279842503701484	0.08333333333333334	No-PER3D	No-Essential3D
104	V	104	4.565	4.526	27.668	NA	0.158723021582734	Inf	-0.5440335704651983	26.759476268905967	0.004901960784313726	PER3D	Essential3D
105	F	105	4.075	3.666	31.31	NA	0.158273381294964	Inf	-1.2079282651375574	26.759476268905967	0.004901960784313726	PER3D	Essential3D
106	N	106	3.15	0.149	30.34	NA	0.159420289855072	Inf	-1.313151259057027	14.097346778930348	0.044117647058823525	PER3D	Essential3D
107	F	107	5.571	-0.262	27.471	NA	0.225063938618926	Inf	-0.9239923303403974	14.097346778930348	0.044117647058823525	PER3D	Essential3D
108	Y	108	6.772	-3.588	28.768	NA	0.239318181818182	Inf	-0.7740358662060368	14.097346778930348	0.044117647058823525	PER3D	Essential3D
109	K	109	3.328	-5.179	28.48	NA	0.255272727272727	Inf	-1.2255622350015434	0	1	No-PER3D	No-Essential3D
110	V	110	2.673	-3.653	25.086	NA	0.255272727272727	Inf	-1.1737419254987216	26.759476268905967	0.011437908496732024	PER3D	Essential3D
111	Y	111	5.19	-6.149	23.728	NA	0.255272727272727	Inf	-0.7450483682301484	26.759476268905967	0.004901960784313724	PER3D	Essential3D
112	T	112	3.293	-9.108	25.108	NA	0.256727272727273	Inf	-1.075864537651155	1.914502948155032	1	No-PER3D	No-Essential3D
113	V	113	0.204	-7.958	23.271	NA	0.256934306569343	Inf	-1.2500281772787596	1.2081863040206184	0.9999999999999999	No-PER3D	No-Essential3D
114	V	114	2.027	-7.381	20.011	NA	0.256934306569343	Inf	-0.9080097568778167	0.8415839637390266	1	No-PER3D	No-Essential3D
115	D	115	3.622	-10.809	20.035	NA	0.259340659340659	Inf	-0.7239502404309713	1.2081863040206184	0.9999999999999999	No-PER3D	No-Essential3D
116	E	116	0.272	-12.358	20.692	NA	0.262222222222222	Inf	-1.0659644579886458	1.2081863040206184	0.9999999999999999	No-PER3D	No-Essential3D
117	M	117	-1.019	-10.842	17.46	NA	0.244926199261993	Inf	-1.171509135030342	0.8415839637390266	1	No-PER3D	No-Essential3D
118	F	118	2.2	-10.911	15.437	NA	0.24766791044776101	Inf	-0.822995827628561	0.8415839637390266	1	No-PER3D	No-Essential3D
119	L	119	5.127	-13.259	15.53	NA	0.246050185873606	Inf	-0.7058066152207396	0.6163668799373947	1	No-PER3D	No-Essential3D
120	A	120	8.163	-13.719	13.312	NA	0.233099209833187	Inf	-0.6118406170443786	1.2081863040206184	0.9999999999999999	No-PER3D	No-Essential3D
121	G	121	6.944	-11.244	10.724	NA	0.235515258735073	Inf	-0.2677065185103868	1.2081863040206184	0.9999999999999999	No-PER3D	No-Essential3D
122	E	122	3.629	-12.976	10.241	NA	0.233099209833187	Inf	-0.47450562520456047	1.2081863040206184	0.9999999999999999	No-PER3D	No-Essential3D
123	I	123	0.188	-12.41	11.7	NA	0.248798076923077	Inf	-0.8337982153621039	1.914502948155032	1	No-PER3D	No-Essential3D
124	R	124	-0.397	-14.774	14.656	NA	0.247058823529412	Inf	-0.9918219712655466	3.894440945434843	0.40522875816993464	No-PER3D	No-Essential3D
125	E	125	-3.864	-14.221	16.132	NA	0.246234939759036	Inf	-1.1037134316156723	3.894440945434843	0.40522875816993464	No-PER3D	No-Essential3D
126	T	126	-6.69	-12.259	14.656	NA	0.247406639004149	Inf	-1.2938560901056915	1.914502948155032	1	No-PER3D	No-Essential3D
127	S	127	-9.38	-13.027	17.202	NA	0.312042413531936	Inf	-1.184924449906152	26.759476268905967	0.22222222222222224	No-PER3D	No-Essential3D
128	Q	128	-9.762	-10.181	19.615	NA	0.205128205128205	Inf	-1.4353235593645932	3.894440945434843	0.40522875816993464	No-PER3D	No-Essential3D
129	T	129	-11.767	-12.577	21.709	NA	0.243254462432545	Inf	-1.3117751166602774	26.759476268905967	0.22222222222222224	No-PER3D	No-Essential3D
130	K	130	-8.983	-15.082	22.202	NA	0.24442538593482	Inf	-0.9090049086682334	26.759476268905967	0.22222222222222224	No-PER3D	No-Essential3D
131	V	131	-6.242	-12.495	22.37	NA	0.267961165048544	Inf	-1.2071468912532095	1.914502948155032	1	No-PER3D	No-Essential3D
132	L	132	-8.078	-10.687	25.127	NA	0.269	Inf	-1.39009732375241	1.914502948155032	1	No-PER3D	No-Essential3D
133	K	133	-8.899	-13.841	26.989	NA	0.268041237113402	Inf	-1.1176487137175897	0	1	No-PER3D	No-Essential3D
134	Q	134	-5.228	-14.767	27.073	NA	0.267021276595745	Inf	-1.0126156424909065	1.914502948155032	1	No-PER3D	No-Essential3D
135	L	135	-4.02	-11.318	28.057	NA	0.295482295482295	Inf	-1.2145627449661878	1.914502948155032	1	No-PER3D	No-Essential3D
136	L	136	-6.45	-11.438	30.962	NA	0.29757343550447	Inf	-1.3068569360659577	0	1	No-PER3D	No-Essential3D
137	M	137	-5.423	-14.917	31.991	NA	0.384944396920445	Inf	-0.9461543751414616	0	1	No-PER3D	No-Essential3D
138	L	138	-1.945	-13.591	32.19	NA	0.227848101265823	Inf	-0.9254307707716264	0	1	No-PER3D	No-Essential3D
139	Q	139	-1.375	-10.765	34.578	NA	0.23	Inf	-0.9414452533790889	0	1	No-PER3D	No-Essential3D
140	S	140	-3.352	-12.954	36.929	NA	0.227586206896552	Inf	-0.748979969797825	0	1	No-PER3D	No-Essential3D
