Uniprot_position	aminoacid	Position_in_structure	x	y	z	paraz	mtr	paraz3dscore	mtr3dscore	PER3D_OR	PER3D_pvalue	PER3D	Essential3D
14	R	14	272.715	-1.76	51.005	-0.86	0.840840840840841	-2.066025887333524	1.5725445335638486	1.2401631127578032	0.8045466613413533	No-PER3D	No-Essential3D
15	R	15	275.933	-0.392	52.485	-0.86	0.834054834054834	-1.2627867193156057	1.52149212660068	2.2817985830345333	0.13972564160180917	No-PER3D	No-Essential3D
16	Y	16	276.526	2.117	55.266	-0.86	0.838983050847457	-0.6346806964386295	1.3312229852597175	3.73260270255895	0.009884188587171765	PER3D	No-Essential3D
17	Q	17	280.046	1.299	56.498	-0.86	0.836065573770492	-0.6271788872620315	1.3393298487939242	6.040919586242085	0.004571739929517765	PER3D	No-Essential3D
18	E	18	283.494	0.125	55.499	-0.13	0.945	-0.812678168719727	0.9463095995108015	3.361735628809391	0.043347819935873236	PER3D	No-Essential3D
19	D	19	284.773	-2.66	57.755	-0.13	0.94921875	-1.6737299804440509	1.8521439068605028	2.341121208217141	0.3686934926758874	No-PER3D	No-Essential3D
20	G	20	288.081	-4.098	58.832	-0.86	0.946768060836502	-1.6621557605715855	1.815480246497192	1.9461272105688845	1	No-PER3D	No-Essential3D
21	F	21	288.422	-0.518	59.891	-0.5	0.947955390334572	-1.5271231953928222	-0.5101883489082554	1.9821150001640782	0.5263593176658335	No-PER3D	No-Essential3D
22	D	22	285.047	0.745	61.16	-0.86	0.951818181818182	-1.631057351621325	0.0883799009495894	2.021042904836915	0.4212464305727629	No-PER3D	No-Essential3D
23	L	23	284.281	3.83	59.095	-0.13	0.756521739130435	-0.3083227694286566	-0.23521422488114277	3.020962621052815	0.03721290815195531	PER3D	No-Essential3D
24	D	24	281.236	5.706	57.795	0.61	0.630434782608696	0.3005328829693148	0.331076349649574	5.949506951421611	9.062081318083159e-4	PER3D	No-Essential3D
25	L	25	282.699	5.441	54.338	-0.13	0.723116883116883	0.3242843389542785	0.6377760758698225	3.6477208662821705	0.005204225005665966	PER3D	No-Essential3D
26	T	26	281.552	3.923	51.057	-0.5	0.721584984358707	0.23904967309029931	1.3223737203532546	3.4339904390374816	0.008322033319122981	PER3D	No-Essential3D
27	Y	27	283.084	3.528	47.611	0.24	0.723670490093848	0.7413329685900848	0.9736502761814902	2.9083743898649232	0.0550302167057385	No-PER3D	No-Essential3D
28	I	28	280.314	4.724	45.296	-0.13	0.632727272727273	-0.1277577448759283	0.9747810397754226	2.2134674704058703	0.08835229229154916	No-PER3D	No-Essential3D
29	Y	29	282.742	3.878	42.516	1.34	0.504347826086957	0.6593813865245219	0.35014735260288854	1.3226098104142616	0.6525693378956842	No-PER3D	No-Essential3D
30	P	30	286.256	2.462	43.034	0.61	0.456842796192977	1.4509586511860924	0.1635172214328861	0.703341760331175	0.449172183345194	No-PER3D	No-Essential3D
31	N	31	287.763	5.971	42.762	1.71	0.456842796192977	1.4420884768165783	-0.1502761528579415	0.998271665452725	1	No-PER3D	No-Essential3D
32	I	32	284.892	7.939	44.387	2.44	0.500358422939068	0.9388686456325609	0.13782352447888105	2.3554358777608684	0.061659008382019515	No-PER3D	No-Essential3D
33	I	33	284.258	7.82	48.152	2.44	0.458155562848704	0.7527642968591863	0.31444979422635205	4.576416754697206	6.804955928736405e-4	PER3D	No-Essential3D
34	A	34	281.185	9.066	49.927	2.08	0.461133069828722	1.0179337660332846	0.7680245478852852	5.934651438673151	3.701664246403476e-5	PER3D	No-Essential3D
35	M	35	282.099	9.423	53.626	0.97	0.461133069828722	0.8728271310215201	0.30622641274845236	6.489580752826823	4.859726167121017e-5	PER3D	No-Essential3D
36	G	36	280.878	11.219	56.752	1.34	0.459123610202747	1.059687256581981	0.16607702618594322	9.951420101915186	5.478948268701097e-5	PER3D	No-Essential3D
37	F	37	282.708	13.939	58.776	2.08	0.460431654676259	0.891439099060754	-0.7840108725543181	7.246314981363294	0.0015975511959792257	PER3D	Essential3D
38	P	38	286.428	13.535	59.702	1.34	0.421744324970131	0.5861792718213761	-1.3033655886428595	2.083499415007089	0.15681643018809469	No-PER3D	No-Essential3D
39	A	39	285.939	14.482	63.3	2.08	0.490523968784838	0.17428712585959982	-1.3363516213300972	2.369061095392182	0.17321734421091714	No-PER3D	No-Essential3D
40	E	40	287.947	15.482	66.349	0.24	0.490909090909091	-0.35111230956322587	-2.06884305693183	1.4601843631520741	1	No-PER3D	No-Essential3D
41	R	41	286.721	14.45	69.804	0.24	0.48699501936912	-0.9139525926037998	-1.8496096009183973	1.2905167624679852	1	No-PER3D	No-Essential3D
42	L	42	283.17	13.564	68.803	-0.86	0.487364620938628	-0.4853264955590879	-1.493324111276261	1.2905167624679852	1	No-PER3D	No-Essential3D
43	E	43	281.173	10.798	70.248	-0.5	0.452552862300155	-0.9497566818557447	-1.6669730014820936	0.7935534694686007	0.6771453815960715	No-PER3D	No-Essential3D
44	G	44	277.887	8.93	70.729	-0.86	0.387912087912088	-2.1537970546997203	-1.902037132233078	1.2834840180265208	1	No-PER3D	No-Essential3D
45	V	45	278.746	6.363	68.08	-0.86	0.229561805101373	-1.4415710946571856	-0.9394453173456245	3.6749031391963194	0.30171618027416586	No-PER3D	No-Essential3D
46	Y	46	278.407	9.372	65.908	-0.13	0.228739002932551	-0.029618508448619223	-0.678785026804354	2.8971129219927843	0.1728222706334612	No-PER3D	No-Essential3D
47	R	47	281.042	9.309	63.189	-0.86	0.227922077922078	-0.03211374806254792	-0.3395592792281179	6.274954198409854	0.004465000862963289	PER3D	No-Essential3D
48	N	48	284.692	8.942	62.116	-0.86	0.227922077922078	-0.2602722202611485	-0.5171298580074054	2.9083743898649232	0.0550302167057385	No-PER3D	No-Essential3D
49	N	49	287.971	9.676	63.866	-0.86	0.227110967324491	-0.7626661075424072	-1.238401610443168	1.7696266856675171	0.4572704010226167	No-PER3D	No-Essential3D
50	I	50	290.011	11.85	61.448	-0.13	0.228405046910385	-0.25138292913652777	-2.033587383406426	0.9016828543373342	0.8131094661166953	No-PER3D	No-Essential3D
51	D	51	293.156	9.878	62.417	-0.5	0.226950354609929	-0.2797087258550615	-2.085009323006436	0.8708303635139453	0.762188541097582	No-PER3D	No-Essential3D
52	D	52	291.535	6.57	61.274	0.24	0.228571428571429	-0.5794401015927717	-1.1051812949138482	1.7737691960685198	0.5755322949092847	No-PER3D	No-Essential3D
53	V	53	290.361	8.225	58.002	-0.13	0.208928571428571	0.12095608244051241	-1.4021195356449596	3.5062598540910845	0.04305423254688164	PER3D	Essential3D
54	V	54	293.867	9.594	57.349	-0.5	0.228087324861518	-0.0713850249817636	-2.268779336447139	0.837325018521906	0.7935978788390861	No-PER3D	No-Essential3D
55	R	55	295.246	6.098	58.093	-0.5	0.249110320284698	-0.7977338532058718	-2.2741489483488397	2.160475517927738	0.5319027612743544	No-PER3D	No-Essential3D
56	F	56	292.626	4.485	55.822	-0.5	0.139088729016787	-0.4910551498393991	-1.1691106719534432	3.4752649043283257	0.11407574091910237	No-PER3D	No-Essential3D
57	L	57	293.394	6.841	52.942	-0.13	0.124199288256228	0.5737073158145108	-1.599604067001119	3.4752649043283257	0.11407574091910237	No-PER3D	No-Essential3D
58	D	58	297.192	6.703	53.351	-0.5	0.125089605734767	0.11469424172285618	-2.7657738371479783	1.4601843631520741	1	No-PER3D	No-Essential3D
59	S	59	297.224	2.879	53.578	-0.5	0.125089605734767	-0.7173610638876585	-2.705453762604703	1.1228851434535772	1	No-PER3D	No-Essential3D
60	K	60	294.699	2.428	50.738	0.61	0.155357142857143	-0.22099001948187186	-1.8418151711995443	0.7043240989010825	0.5210631619736452	No-PER3D	No-Essential3D
61	H	61	295.453	5.416	48.488	0.97	0.177427554651754	0.835771328267777	-1.4650271962213863	0.8856707150857072	0.7842869039702923	No-PER3D	No-Essential3D
62	K	62	298.833	6.582	49.664	-0.86	0.154593639575972	0.13991520017773282	-2.303083641939355	0.6225869474683817	0.49053475789251244	No-PER3D	No-Essential3D
63	N	63	299.381	9.882	47.843	-0.5	0.245774647887324	0.5365800319597767	-1.9069229391429978	0.8708303635139453	0.762188541097582	No-PER3D	No-Essential3D
64	H	64	296.427	9.399	45.554	0.97	0.369964664310954	1.191766272829972	-1.0222604101758797	1.6525380815470267	0.572630577671325	No-PER3D	No-Essential3D
65	Y	65	293.496	11.021	47.259	1.34	0.369964664310954	1.0412824558968115	-1.2762222548440496	1.464353852207603	0.632490426659005	No-PER3D	No-Essential3D
66	K	66	291.87	14.434	47.309	0.61	0.369964664310954	1.2011807100468102	-1.002867848822777	1.4522737980552538	0.510292964439814	No-PER3D	No-Essential3D
67	I	67	289.18	15.469	49.786	0.97	0.369718309859155	1.3891338238232533	-1.1716207319031948	2.928237815287372	0.03009246642447922	PER3D	Essential3D
68	Y	68	286.149	17.59	48.793	1.71	0.368904593639576	1.6547350677285901	-0.718626328562578	7.754260993542776	9.408071973210067e-4	PER3D	Essential3D
69	N	69	284.444	19.314	51.742	1.71	0.412811387900356	1.2257679793576692	-0.9558290013748306	4.918398010190375	0.019272466899479007	PER3D	Essential3D
70	L	70	280.822	20.413	51.177	1.34	0.309608540925267	1.2245280108987275	-0.9530829885194625	9.951420101915186	5.478948268701097e-5	PER3D	Essential3D
71	C	71	280.192	21.766	54.687	-0.86	0.274416765519968	1.4506517589925045	-1.1184991971216927	11.831931717447635	0.0013899022454479902	PER3D	Essential3D
72	A	72	279.172	25.455	54.919	0.97	0.246975088967972	1.360118561884015	-1.6150871345936826	6.285714582108669	0.049507829253362126	PER3D	Essential3D
73	E	73	280.075	25.392	58.54	3.18	0.246975088967972	0.9867932346250804	-1.8249939147515346	2.970599158570374	0.4575443343818529	No-PER3D	No-Essential3D
74	R	74	282.732	23.172	60.025	0.61	0.272477424420887	1.0632701128133446	-1.5464320317548441	1.0414461984643184	1	No-PER3D	No-Essential3D
75	H	75	286.362	22.716	59.147	0.24	0.272477424420887	0.8852949599645081	-1.6918909938779085	0.7237060213220818	0.5849637735702928	No-PER3D	No-Essential3D
76	Y	76	289.411	20.756	60.295	-0.86	0.27344365642238	0.8162522222904968	-1.9468716648227593	0.45188020694192643	0.2068914764933787	No-PER3D	No-Essential3D
77	D	77	293.172	20.996	59.946	0.61	0.273625939106366	0.4749050790454534	-2.370584264359408	0.29649708432956967	0.07508517485227231	No-PER3D	No-Essential3D
78	T	78	293.719	20.98	56.162	-0.86	0.275396825396825	0.5177725600545846	-2.3963623148179414	0.45188020694192643	0.2068914764933787	No-PER3D	No-Essential3D
79	A	79	297.353	20.02	56.907	0.61	0.275587415372362	0.32369978239506303	-2.615887583519346	0.23950473936370123	0.03973976302821057	No-PER3D	No-Essential3D
80	K	80	296.193	16.934	58.89	0.97	0.275207591933571	0.1995080843144763	-2.4772169756584774	0.45188020694192643	0.2068914764933787	No-PER3D	No-Essential3D
81	F	81	295.693	15.321	55.493	2.08	0.248398576512456	0.02630159361353159	-2.5057469490886106	0.6679835313730706	0.4126900557496035	No-PER3D	No-Essential3D
82	N	82	298.741	14.668	53.225	0.97	0.248571428571429	0.02633840227243276	-2.7785466836918684	0.48876037124021393	0.3129550614179847	No-PER3D	No-Essential3D
83	C	83	296.516	15.802	50.366	1.34	0.227435646790486	1.0173435887379227	-1.8705998877703167	0.8856707150857072	0.7842869039702923	No-PER3D	No-Essential3D
84	R	84	294.577	18.732	49.054	0.61	0.250179211469534	1.5542976225543033	-1.660038336009739	0.6178319103253699	0.36620868266039147	No-PER3D	No-Essential3D
85	V	85	291.236	19.596	50.636	-0.13	0.250359712230216	1.0557661657600932	-1.532264508113082	1.3886652628443097	0.6321002003391891	No-PER3D	No-Essential3D
86	A	86	288.917	21.472	48.243	-0.86	0.250179211469534	1.0881648641813302	-1.2101007006729763	2.8971129219927843	0.1728222706334612	No-PER3D	No-Essential3D
87	Q	87	285.867	23.345	49.44	-0.5	0.25	0.485914227577344	-1.4455248471955386	2.8971129219927843	0.1728222706334612	No-PER3D	No-Essential3D
88	Y	88	282.448	23.577	47.776	-0.5	0.278773397052967	0.8575825948835027	-1.2894176445027845	5.358746777901703	0.011966639484976054	PER3D	Essential3D
89	P	89	280.149	24.401	50.666	-0.86	0.278370897587979	1.0540729674506415	-1.4994764162378642	4.7036616285203285	0.031242687789776593	PER3D	Essential3D
90	F	90	276.391	24.569	50.64	-0.5	0.313392857142857	0.49084642354572416	-1.264056147659209	3.8015472942414665	0.027977917204798863	PER3D	Essential3D
91	E	91	273.888	24.511	53.446	0.97	0.310498220640569	0.9990087474286852	-1.1059458861847002	2.535595252931852	0.2129731316219078	No-PER3D	No-Essential3D
92	D	92	272.553	21.461	55.241	1.34	0.278773397052967	1.2800810777962388	-0.24893363688497136	21.868708383754385	1.5943587201647157e-4	PER3D	Essential3D
93	H	93	269.342	20.098	53.708	-0.13	0.311387900355872	0.9995202344179984	0.5684697642859364	6.512433140876475	0.0027196327746476516	PER3D	No-Essential3D
94	N	94	269.44	22.423	50.64	0.61	0.207591933570581	0.5303484254906788	0.13915499712929888	2.550642081668029	0.06679330133300149	No-PER3D	No-Essential3D
95	P	95	270.586	22.049	47.079	0.61	0.177183240787481	0.055547746231331706	0.20552640014111742	2.7197033895573592	0.03654210064586942	PER3D	No-Essential3D
96	P	96	273.764	23.771	46.084	3.18	0.177183240787481	0.3424055922899566	-0.3287033972559599	5.242816063102913	0.0025781185082519634	PER3D	Essential3D
97	Q	97	273.778	26.807	43.902	0.97	0.176942355889724	0.2501379543380058	-0.2319680253697681	2.7974064030774737	0.05614275803098246	No-PER3D	No-Essential3D
98	L	98	273.157	25.841	40.319	1.71	0.176942355889724	0.04721878736322005	0.23022063885824978	2.024394975935716	0.19533239497617316	No-PER3D	No-Essential3D
99	E	99	276.558	27.316	39.339	-0.13	0.176942355889724	-0.06561488604241138	-0.44188387616341956	7.076399622634404	0.030649785438366918	PER3D	No-Essential3D
100	L	100	278.439	25.363	42.032	-0.86	0.176942355889724	0.1912977217327688	-0.8463379157846281	8.722759098214931	0.011476646881598988	PER3D	Essential3D
101	I	101	277.879	22.066	40.26	-0.5	0.311619718309859	-0.3619400956754625	-0.14245590943354144	4.5783399547631785	0.0069653723829603675	PER3D	No-Essential3D
102	K	102	279.838	22.51	37.013	0.97	0.555948174322733	-0.4227445580430834	-0.05231341107912595	2.4738878466950682	0.11924361100785189	No-PER3D	No-Essential3D
103	P	103	283.117	23.733	38.507	0.97	0.625441696113074	-0.1308195131476231	-1.0543448560430857	2.524068976473656	0.3749484718092655	No-PER3D	No-Essential3D
104	F	104	282.936	20.927	41.074	1.71	0.625441696113074	0.5867502340420052	-0.9876003804909341	2.5802010398143436	0.1210680328343833	No-PER3D	No-Essential3D
105	C	105	282.379	18.39	38.36	1.34	0.553990610328638	-0.21869327790405127	-0.3573715406255737	2.7974064030774737	0.05614275803098246	No-PER3D	No-Essential3D
106	E	106	285.285	19.796	36.347	0.97	0.553990610328638	-0.002482777647145325	-0.46416712009069194	1.3961356704512333	0.7894281390176535	No-PER3D	No-Essential3D
107	D	107	287.57	19.985	39.339	0.61	0.554377699254024	0.3563450179327861	-0.6278812898098439	7.4797018512454	0.019303986332757168	PER3D	Essential3D
108	L	108	286.763	16.355	40.143	-0.86	0.554377699254024	0.9614817546337895	-0.32116114547354	3.020962621052815	0.03721290815195531	PER3D	Essential3D
109	D	109	287.044	15.289	36.499	1.71	0.557919621749409	0.7730020480816789	0.17154931671125162	1.3886652628443097	0.6321002003391891	No-PER3D	No-Essential3D
110	Q	110	290.504	16.852	36.366	0.61	0.56031746031746	1.1354734761775265	0.5681660285810844	1.305679535509875	0.7885165725198945	No-PER3D	No-Essential3D
111	W	111	291.789	15.191	39.543	3.18	0.564348521183054	1.5213957008592782	-0.1312444085643455	1.6743765827696035	0.45562781187768964	No-PER3D	No-Essential3D
112	L	112	290.665	11.657	38.64	-0.5	0.63898916967509	1.3751221802372111	0.21778892942105288	0.7727500152964354	0.6373144741336983	No-PER3D	No-Essential3D
113	S	113	291.769	11.952	34.992	-0.5	0.643636363636364	1.2018267988754165	0.6192543691182971	0.837325018521906	0.7935978788390861	No-PER3D	No-Essential3D
114	E	114	295.272	13.083	36.101	0.61	0.732919254658385	1.2005346212182035	0.5524629056047171	1.0414461984643184	1	No-PER3D	No-Essential3D
115	D	115	296.234	9.592	37.305	0.97	0.735584415584416	1.2018267988754165	0.12023808001901137	0.9556084808709808	1	No-PER3D	No-Essential3D
116	D	116	294.664	6.158	37.079	0.24	0.730848861283644	1.623684798730265	0.3412424955923332	0.9556084808709808	1	No-PER3D	No-Essential3D
117	N	117	295.032	5.322	40.829	-0.13	0.730848861283644	1.27050604135629	-0.32668918826074295	1.4145775356885262	0.7667618383841669	No-PER3D	No-Essential3D
118	H	118	293.716	8.779	41.915	0.24	0.731428571428571	1.3539807180122532	-0.49610972760545813	1.305679535509875	0.7885165725198945	No-PER3D	No-Essential3D
119	V	119	290.776	8.762	44.328	2.08	0.727272727272727	1.425588896516143	-0.5573125573136667	1.0574660737196437	1	No-PER3D	No-Essential3D
120	A	120	288.296	11.407	45.568	2.08	0.730507587650445	1.1855903057043482	-0.22052427520589177	1.4974382933358386	0.3492440094317087	No-PER3D	No-Essential3D
121	A	121	286.722	11.408	49.04	1.34	0.725194805194805	1.3494099832141324	-0.6657092050550855	2.5019871517646237	0.04231730187467548	PER3D	Essential3D
122	I	122	283.647	13.54	49.388	2.44	0.639194139194139	1.253293960030796	-0.03765751948876755	4.453377094664839	0.0011362352316675883	PER3D	Essential3D
123	H	123	281.857	14.456	52.604	0.24	0.735294117647059	1.107132649256608	-0.5297063831916552	11.796738585650536	8.124481131744365e-6	PER3D	Essential3D
124	C	124	280.089	16.762	54.914	2.08	0.730507587650445	1.2677586255279776	-0.6102974982632965	20.868708383754385	6.4942914846688094e-006	PER3D	Essential3D
125	K	125	278.3	15.516	58.108	1.34	0.730507587650445	1.3853920366500938	-0.6174313180050792	14.757500235179663	2.6124276294784863e-4	PER3D	Essential3D
126	A	126	276.279	12.32	57.48	2.81	0.642066420664207	0.6957872251756593	0.47079977508121584	11.160926836747523	1.5559918939454212e-5	PER3D	No-Essential3D
127	G	127	277.552	11.764	53.878	1.34	0.802583025830258	0.5895401630746242	0.48128230643338865	5.6428583208409995	6.859819529018491e-5	PER3D	No-Essential3D
128	K	128	274.079	11.447	52.332	0.61	0.808550185873606	0.07619322107271295	1.0065848286950208	4.379084894892292	5.186875818686967e-4	PER3D	No-Essential3D
129	G	129	272.112	14.295	50.537	0.97	0.803240740740741	0.30161948690833484	0.7079026569585899	7.012849884274515	2.429321107108517e-5	PER3D	No-Essential3D
130	R	130	274.706	16.976	49.726	2.44	0.803903345724907	0.3887721210719803	0.011772638446683551	7.193740619744219	1.3718284565868483e-5	PER3D	No-Essential3D
131	T	131	277.386	14.482	48.965	-0.86	0.809235074626866	0.8058596794264141	0.06425835476299845	7.757111223926954	6.5913340691866544e-6	PER3D	No-Essential3D
132	G	132	274.836	12.606	46.821	0.24	0.820018796992481	-0.02318295697936219	0.5494711235952776	3.2328714785368677	0.0037198049536491785	PER3D	No-Essential3D
133	V	133	273.818	15.679	44.785	-0.5	0.556027615507169	-0.23026498355475666	0.5624119731599418	4.157684977518592	8.890434058936688e-4	PER3D	No-Essential3D
134	M	134	277.44	16.311	43.892	-0.5	0.486524163568773	0.3287375971053923	0.0879661217036858	5.224907459240905	2.202379090842288e-4	PER3D	No-Essential3D
135	I	135	278.371	12.713	43.255	-0.13	0.43283582089552203	0.20500041519437745	0.512055222149218	2.6170568761690376	0.021911868080042182	PER3D	No-Essential3D
136	C	136	275.251	12.133	41.127	-0.5	0.490601503759399	-0.8161153612879137	0.7757375866563031	1.5033379281976513	0.3728999704107956	No-PER3D	No-Essential3D
137	A	137	275.851	15.348	39.148	-0.13	0.436477987421384	-0.7797793255670828	0.3503565567643671	1.8966054856798018	0.13765508664970783	No-PER3D	No-Essential3D
138	Y	138	279.41	14.19	38.431	-0.5	0.43979721166033	-0.4168620907456128	0.14317153182543135	1.6259304311254843	0.31477884543923795	No-PER3D	No-Essential3D
139	L	139	278.386	10.718	37.245	-0.5	0.44147582697201	-0.7487153746876812	0.034417753824740493	1.045249438814253	1	No-PER3D	No-Essential3D
140	L	140	275.909	12.334	34.879	-0.5	0.44147582697201	-1.4094129895854752	0.42967018960705955	1.219702439879231	0.8264378216332846	No-PER3D	No-Essential3D
141	H	141	278.661	14.802	33.923	-0.5	0.440203562340967	-1.0581919235902064	0.4213458857609782	1.3869936411754347	0.6522885864900152	No-PER3D	No-Essential3D
142	R	142	280.935	11.857	33.078	-0.5	0.524242424242424	-1.1416666002461693	-0.04768851967999463	1.024738306846035	0.9999999999999999	No-PER3D	No-Essential3D
143	G	143	278.106	10.121	31.159	-0.86	0.522727272727273	-1.3491257231117246	-0.1618318015251446	0.8708303635139453	0.762188541097582	No-PER3D	No-Essential3D
144	K	144	278.126	7.063	33.463	-0.5	0.52319391634981	-1.650009290593783	-0.38189966724952185	0.42420585997959664	0.13561448893421882	No-PER3D	No-Essential3D
145	F	145	274.42	7.683	33.915	-0.86	0.479275513758272	-1.8655544636450518	0.21701391651201962	0.837325018521906	0.7935978788390861	No-PER3D	No-Essential3D
146	L	146	271.963	8.804	31.266	-0.86	0.482517482517483	-1.8634770395653786	0.4242888171896209	0.6129554865101086	0.39008698763586536	No-PER3D	No-Essential3D
147	K	147	269.108	9.934	33.539	-0.86	0.482517482517483	-1.8674780044595642	0.6414082515669108	0.6079533019814717	0.29572908598720743	No-PER3D	No-Essential3D
148	A	148	268.967	11.698	36.935	0.24	0.480222068008328	-1.7396584810279963	0.9151329577061572	1.3888800192034991	0.5307386890629835	No-PER3D	No-Essential3D
149	Q	149	266.7	9.024	38.456	-0.5	0.511346890657236	-1.8430175599928387	1.1446178850172783	0.6724331209695593	0.3589942629175338	No-PER3D	No-Essential3D
150	E	150	269.164	6.232	37.516	-0.5	0.506993006993007	-1.972997523259775	0.4935140566073661	0.6835463999839385	0.5458364002322164	No-PER3D	No-Essential3D
151	A	151	271.958	8.088	39.245	-0.13	0.558587479935795	-1.8571638287258518	0.4939238965388355	0.9509226415102288	1	No-PER3D	No-Essential3D
152	L	152	269.943	8.842	42.402	-0.13	0.605970149253731	-1.4616156617069258	1.1295083676753126	1.2749546645333123	0.7038227383505213	No-PER3D	No-Essential3D
153	D	153	268.729	5.257	42.696	-0.86	0.649253731343284	-1.8656593840531162	0.9406659677551934	0.9529088851802279	1	No-PER3D	No-Essential3D
154	F	154	272.257	4.02	42.297	-0.86	0.645522388059702	-1.7218974409234022	0.6142761837251179	0.8686354950063039	0.8279837195782512	No-PER3D	No-Essential3D
155	Y	155	273.572	6.399	44.948	-0.5	0.652830188679245	-0.9354350461549666	0.91635233531113	1.4990028705265863	0.36053055719807214	No-PER3D	No-Essential3D
156	G	156	270.817	5.411	47.407	-0.5	0.651515151515152	-1.4546244277781273	1.2765386092734836	1.7497221730476393	0.23568615970680945	No-PER3D	No-Essential3D
157	E	157	271.221	1.702	46.764	-0.86	0.702252120503071	-1.8232127837666199	1.3031984702408101	1.3869936411754347	0.6522885864900152	No-PER3D	No-Essential3D
158	V	158	274.997	1.809	47.092	-0.86	0.64828897338403	-0.9162542840557104	1.108123122392287	1.4993069173411893	0.429465576204148	No-PER3D	No-Essential3D
159	R	159	275.326	4.315	49.96	0.24	0.647169811320755	-0.4886000122906943	1.1545262055715118	2.33990690678751	0.04792329153923201	PER3D	No-Essential3D
160	T	160	272.478	3.108	52.238	-0.86	0.644736842105263	-0.946594762285443	1.5204244719289886	2.0758701321671866	0.12447972353400466	No-PER3D	No-Essential3D
161	R	161	270.534	-0.007	53.388	-0.86	0.698380566801619	-2.1427850406945006	1.5298132558380018	1.4876611413050813	0.6063070651930718	No-PER3D	No-Essential3D
162	D	162	267.094	1.581	53.054	-0.5	0.702252120503071	-2.1947761887847195	1.5782856829413479	1.3961356704512333	0.7894281390176535	No-PER3D	No-Essential3D
163	K	163	267.575	3.041	49.516	-0.5	0.645283018867925	-2.0193782739081327	1.5364212215944477	1.3138673570086394	0.8048568226827847	No-PER3D	No-Essential3D
164	K	164	267.473	6.53	51.02	0.61	0.640449438202247	-1.6415326051624655	1.787506001687312	1.6977507326306511	0.3655438963193782	No-PER3D	No-Essential3D
165	G	165	270.201	8.593	49.409	-0.5	0.74657960199005	-1.1014798751068435	1.442171280601	2.5532508878672093	0.05389590745525803	No-PER3D	No-Essential3D
166	V	166	269.002	11.976	48.282	-0.86	0.823670668953688	-0.837229544206775	1.1452045039953913	3.159677734301773	0.010214273777454092	PER3D	No-Essential3D
167	T	167	265.487	12.22	49.693	-0.86	0.819199457259159	-0.7123063689344429	1.1773201579651065	2.194763050711886	0.13894147702435874	No-PER3D	No-Essential3D
168	I	168	264.96	15.957	49.844	-0.86	0.90187265917603	0.3231839971957553	1.1027558008516822	2.459709525139129	0.0979378021234329	No-PER3D	No-Essential3D
169	P	169	263.06	16.909	46.685	-0.13	0.899250936329588	0.14755340588481428	1.2370690441299768	1.4522737980552538	0.510292964439814	No-PER3D	No-Essential3D
170	S	170	264.961	20.201	46.22	0.24	0.905263157894737	0.638921906951982	0.6806866059186546	1.8130039288837203	0.23460230726985015	No-PER3D	No-Essential3D
171	Q	171	268.241	18.3	46.345	-0.5	0.911320754716981	0.0909322120108908	0.7374754507940626	2.428124896388077	0.04254440629285483	PER3D	No-Essential3D
172	R	172	266.905	15.832	43.804	-0.5	0.911320754716981	-0.2692743912730661	1.1098652835608553	2.3554358777608684	0.061659008382019515	No-PER3D	No-Essential3D
173	R	173	265.59	18.681	41.648	0.24	0.867924528301887	0.13319587636022484	0.923796078899119	1.2398109054532183	0.6830863402594454	No-PER3D	No-Essential3D
174	Y	174	269.045	20.128	41.196	0.24	0.871989860583016	0.020899484721471805	0.5911742600019867	1.8772375425841579	0.17329549426164445	No-PER3D	No-Essential3D
175	V	175	270.469	16.86	39.987	-0.13	0.871989860583016	-0.9733295604936711	0.677519634459017	1.8966054856798018	0.13765508664970783	No-PER3D	No-Essential3D
176	Y	176	267.615	16.828	37.386	-0.86	0.979245283018868	-1.0077252073112746	0.8282639932601672	2.024394975935716	0.19533239497617316	No-PER3D	No-Essential3D
177	Y	177	268.505	20.417	36.589	-0.13	0.972744360902256	-0.4902367706564975	0.5370559838801771	1.5057006227363887	0.41266653153819793	No-PER3D	No-Essential3D
178	Y	178	272.164	19.611	35.879	-0.5	0.774626865671642	-0.8018298865277756	0.3628773753724796	1.8639456933743683	0.2166882024585517	No-PER3D	No-Essential3D
179	S	179	271.111	16.549	33.919	-0.13	0.766051660516605	-1.4387382436394494	0.7290466598228841	1.1648851859656704	0.8268005430091816	No-PER3D	No-Essential3D
180	Y	180	268.848	18.747	31.792	-0.86	0.795036764705882	-1.3843744836324146	1.0411146754979064	0.9556084808709808	1	No-PER3D	No-Essential3D
181	L	181	271.738	21.085	31.128	-0.13	0.789835164835165	-1.1982256948867018	0.8947467274954561	1.1826784455377186	1	No-PER3D	No-Essential3D
182	L	182	273.93	18.161	29.98	-0.13	0.724228152799581	-1.6763604849605205	0.8765598746714884	0.6679835313730706	0.4126900557496035	No-PER3D	No-Essential3D
183	K	183	271.249	16.319	27.954	-0.5	0.726890756302521	-2.02306098023119	1.2158758007504094	0.4253872658288415	0.16832891688602364	No-PER3D	No-Essential3D
184	N	184	270.305	19.453	25.992	-0.5	0.800276752767528	-2.1122643111674644	2.0146112829133944	0.7935534694686007	0.6771453815960715	No-PER3D	No-Essential3D
185	H	185	273.868	20.883	25.632	-0.5	0.796703296703297	-2.0095577237133138	1.8652395738649314	1.612729872853333	1	No-PER3D	No-Essential3D
186	L	186	272.866	24.119	27.425	-0.86	0.790307971014493	-1.3129124442683286	1.7074363017458252	1.2834840180265208	1	No-PER3D	No-Essential3D
187	D	187	275.038	26.644	29.19	-0.86	0.784622302158273	-1.5052853929859216	1.229996339698616	1.9461272105688845	1	No-PER3D	No-Essential3D
188	Y	188	273.449	28.079	32.299	-0.86	0.784622302158273	-0.77830624303786	0.47634598506624287	1.6320978230298229	0.7350780741041064	No-PER3D	No-Essential3D
189	R	189	272.832	31.817	32.433	-0.86	0.630434782608696	-0.4444075364140081	0.15898247159351986	21.868708383754385	0.19972381635463762	No-PER3D	No-Essential3D
190	P	190	270.656	33.734	34.914	-0.86	0.70048309178744	0.09695029307539889	-0.4304125441474253	1.1228851434535772	1	No-PER3D	No-Essential3D
191	V	191	267.089	34.165	33.6	-0.86	0.701010101010101	-0.42906292673460306	0.6145672464891606	1.1228851434535772	1	No-PER3D	No-Essential3D
192	A	192	265.29	37.134	35.156	-0.86	0.630434782608696	-0.3098659987449854	0.3887196150951079	1.1228851434535772	1	No-PER3D	No-Essential3D
193	L	193	261.552	36.644	35.613	-0.13	0.506181818181818	-0.09905152122953385	0.6216315741041598	1.8060157429551962	0.7388447365576025	No-PER3D	No-Essential3D
194	L	194	258.677	38.359	37.343	-0.5	0.502898550724638	-0.29528066308527245	0.5916292528888074	1.4601843631520741	1	No-PER3D	No-Essential3D
195	F	195	256.871	36.334	39.984	-0.5	0.557953637090328	-0.1784343019709888	0.29174898927321075	1.0414461984643184	1	No-PER3D	No-Essential3D
196	H	196	253.124	37.1	39.99	0.61	0.470773381294964	-0.25676488090585603	0.31522787648316813	0.7043240989010825	0.5210631619736452	No-PER3D	No-Essential3D
197	K	197	251.367	34.59	42.222	-0.86	0.473471223021583	0.11160890843972457	0.08714673926495353	0.9547436817332842	1	No-PER3D	No-Essential3D
198	M	198	250.998	31.114	43.654	-0.5	0.473118279569893	0.11233100771875541	0.2426499624164226	1.0956090026011667	0.9999999999999999	No-PER3D	No-Essential3D
199	M	199	247.977	28.88	44.089	-0.5	0.472767857142857	0.49544980644954556	0.16654515562148972	0.6679835313730706	0.4126900557496035	No-PER3D	No-Essential3D
200	F	200	247.324	25.83	46.348	2.08	0.477888086642599	1.025947062199196	-0.07518778634075662	0.6079533019814717	0.29572908598720743	No-PER3D	No-Essential3D
201	E	201	245.074	23.074	44.948	-0.13	0.477517985611511	1.32241466381462	-0.15287279563002099	0.8856707150857072	0.7842869039702923	No-PER3D	No-Essential3D
202	T	202	243.836	21.734	48.315	1.34	0.475806451612903	1.5840440383089867	-0.2686487012357446	0.45188020694192643	0.2068914764933787	No-PER3D	No-Essential3D
203	I	203	243.803	23.191	51.803	0.97	0.473754448398577	0.7742954634569545	-0.3251908701056515	0.5149231019392231	0.2596925538095918	No-PER3D	No-Essential3D
204	P	204	246.604	22.16	54.15	-0.13	0.47508896797153	0.974798363267846	-0.20841564966572554	0.5586253845562634	0.25442289633713516	No-PER3D	No-Essential3D
205	M	205	245.273	21.019	57.514	-0.86	0.50752688172043	0.4139085506131877	-0.3103657613533213	0.36274346585010464	0.14059296298763926	No-PER3D	No-Essential3D
206	F	206	247.37	22.446	60.343	-0.5	0.580899245159173	0.27212890372650195	-0.14600663272863093	0.34771130801089534	0.08841540103731149	No-PER3D	No-Essential3D
207	S	207	244.706	23.688	62.723	-0.86	0.578809679529104	0.04194352085322716	-0.11339972177765968	0.2921439617518978	0.04599985547485732	No-PER3D	No-Essential3D
208	G	208	241.388	21.886	62.423	-0.5	0.578809679529104	-0.19889378154352869	-0.16215309011677823	0.3092468121685013	0.154452053118643	No-PER3D	No-Essential3D
209	G	209	241.21	21.065	58.708	-0.5	0.71256038647343	0.24303097722333408	-0.5850920342419225	0.5200196510836381	0.404683415271063	No-PER3D	No-Essential3D
210	T	210	242.532	24.438	57.448	1.34	0.715151515151515	0.4394419811197176	-0.5090278600471497	0.45188020694192643	0.2068914764933787	No-PER3D	No-Essential3D
211	C	211	245.536	26.78	57.87	0.61	0.715151515151515	0.540815402485593	-0.02546830524405572	0.350096355097226	0.030255149992379667	No-PER3D	No-Essential3D
212	N	212	246.557	30.445	58.081	-0.5	0.585123966942149	-0.04637766109368544	0.15456927095437392	0.19610299615011798	0.001038103072411582	No-PER3D	No-Essential3D
213	P	213	249.455	30.488	55.576	-0.86	0.646520146520147	0.15710116301866625	-0.0015676583077540258	0.2478186539224232	0.005320276621537772	No-PER3D	No-Essential3D
214	Q	214	252.325	32.961	55.531	-0.86	0.646520146520147	0.25493467442917545	-0.029054537994348144	0.3254488878793938	0.035476750395720534	No-PER3D	No-Essential3D
215	F	215	255.306	32.804	53.204	-0.5	0.585600530856005	-0.1517816826359503	-0.056356472001445015	0.42420585997959664	0.13561448893421882	No-PER3D	No-Essential3D
216	V	216	258.754	34.106	52.624	-0.86	0.536800486618005	-0.09752036017765342	0.07624871706662802	0.7043240989010825	0.5210631619736452	No-PER3D	No-Essential3D
217	V	217	260.745	34.251	49.435	-0.13	0.537240537240537	-0.15574287917235352	-0.19952059219898197	0.6178319103253699	0.36620868266039147	No-PER3D	No-Essential3D
218	C	218	264.499	34.253	49.429	-0.86	0.594609769792252	0.15075166935822287	-0.21079705053813835	0.7870557691359086	0.7483412915918716	No-PER3D	No-Essential3D
219	Q	219	266.779	34.743	46.53	-0.86	0.594609769792252	0.08894993106324021	-0.30281708229251497	0.6178319103253699	0.36620868266039147	No-PER3D	No-Essential3D
220	L	220	269.559	32.601	47.802	-0.86	0.64760147601476	0.6403995360322209	-0.9334028887675406	1.4145775356885262	0.7667618383841669	No-PER3D	No-Essential3D
221	K	221	270.875	34.612	50.817	-0.5	0.539667896678967	-0.8503236111332005	-0.6360636313297309	0.7935534694686007	0.6771453815960715	No-PER3D	No-Essential3D
222	V	222	268.506	37.548	50.89	-0.86	0.498154981549816	-0.9758726057806927	-0.2714662468285169	0.9572425638623421	1	No-PER3D	No-Essential3D
223	K	223	264.894	37.687	51.912	-0.86	0.494505494505495	-0.8876244728380839	-0.21264098264728193	0.9572425638623421	1	No-PER3D	No-Essential3D
224	I	224	263.178	39.527	49.061	-0.13	0.645220588235294	-0.8735228818832806	-0.37943520872231656	0.735657205027602	0.7077234440239252	No-PER3D	No-Essential3D
225	Y	225	259.575	39.102	50.046	-0.13	0.591715976331361	-0.6474285260184429	-0.5243780888673026	0.6272250761728151	0.4550979167458391	No-PER3D	No-Essential3D
226	S	226	257.625	38.273	53.155	-0.13	0.555555555555555	-0.5076745424767853	-0.276731389350538	0.4619905519812526	0.2602423406202259	No-PER3D	No-Essential3D
227	S	227	253.829	38.097	53.115	-0.13	0.558587479935795	-0.4071571736060733	-0.2734370800459936	0.36274346585010464	0.14059296298763926	No-PER3D	No-Essential3D
228	N	228	251.485	39.153	55.884	-0.86	0.562803234501348	-0.1687625479912426	-0.21705392567170073	0.09708594260848016	0.002976419206386364	No-PER3D	No-Essential3D
229	S	229	249.386	36.275	57.084	0.61	0.562803234501348	-0.1668702482995532	0.08262579604173062	0.14621507841369866	0.007240096951402666	No-PER3D	No-Essential3D
230	G	230	246.677	34.489	55.113	1.34	0.558587479935795	0.30588249847017684	-0.11884040214535323	0.16450285301903905	0.00507402294101825	No-PER3D	No-Essential3D
231	P	231	245.927	34.028	51.425	0.24	0.521348314606742	0.14400709609224077	-0.3088784131855716	0.2504251118511598	0.011398379910768554	No-PER3D	No-Essential3D
232	T	232	244.88	36.885	49.176	1.71	0.52089552238806	-0.012712517433415262	-0.5165994053259219	0.24910932731435806	0.017299017176213464	No-PER3D	No-Essential3D
233	R	233	241.877	34.875	47.991	0.24	0.522846441947566	0.34708204476368004	-0.6746707315032813	0.29649708432956967	0.07508517485227231	No-PER3D	No-Essential3D
234	R	234	240.122	31.631	48.765	0.61	0.519402985074627	0.7753494366470551	-0.48410394437494647	0.4619905519812526	0.2602423406202259	No-PER3D	No-Essential3D
235	E	235	237.841	29.691	46.447	0.24	0.490168539325843	1.001054695385939	-0.8427128464311996	0.6272250761728151	0.4550979167458391	No-PER3D	No-Essential3D
236	D	236	236.774	26.761	48.539	0.97	0.467239527389903	1.330845768034073	-0.6985198862330981	0.7935534694686007	0.6771453815960715	No-PER3D	No-Essential3D
237	K	237	239.501	24.216	47.611	0.24	0.399540757749713	0.7749774461093727	-0.47294801521431074	0.2921439617518978	0.04599985547485732	No-PER3D	No-Essential3D
238	F	238	241.937	26.785	46.207	0.61	0.368253968253968	1.1504088962654806	-0.29582082242690594	0.5529335985336065	0.3351954910865821	No-PER3D	No-Essential3D
239	M	239	244.052	29.383	47.881	1.71	0.367949393779652	0.5949340258710211	-0.19251645594842423	0.5529335985336065	0.3351954910865821	No-PER3D	No-Essential3D
240	Y	240	245.765	32.187	45.994	0.61	0.367949393779652	0.6252140556383802	-0.21405511230245988	0.7500765599230527	0.5664967204792732	No-PER3D	No-Essential3D
241	F	241	248.775	34.197	47.052	0.24	0.364207221350079	0.24916882109509608	-0.2534011044639953	0.46929076071164405	0.15203529586383743	No-PER3D	No-Essential3D
242	E	242	249.147	37.207	44.805	0.24	0.363920750782065	0.5040939365689437	-0.2582914620523393	0.6129554865101086	0.39008698763586536	No-PER3D	No-Essential3D
243	F	243	252.002	39.698	45.026	0.61	0.421818181818182	-0.22175195872112508	-0.3111348819825782	0.5049041775498434	0.22666999672106208	No-PER3D	No-Essential3D
244	P	244	250.816	43.333	45.292	1.34	0.343616672136528	0.053167006790163326	-0.8202487722708999	0.4717330302273866	0.5968493142694478	No-PER3D	No-Essential3D
245	Q	245	253.318	44.043	42.521	0.61	0.346115702479339	-0.19700521419837122	-1.078344934097289	0.4717330302273866	0.5968493142694478	No-PER3D	No-Essential3D
246	P	246	255.078	41.299	40.565	0.97	0.317028985507246	-0.08841259185181304	-0.09543115541850042	0.6272250761728151	0.4550979167458391	No-PER3D	No-Essential3D
247	L	247	258.187	40.189	42.285	0.97	0.419975932611312	-0.42967671112177935	-0.031008053129317717	0.735657205027602	0.7077234440239252	No-PER3D	No-Essential3D
248	P	248	261.511	40.314	40.461	-0.86	0.416965352449223	-0.40663618951085745	0.06406187822966586	1.2905167624679852	1	No-PER3D	No-Essential3D
249	V	249	263.252	36.954	40.802	0.97	0.341399607586658	-0.3090242372997152	0.16344390978605067	1.0414461984643184	1	No-PER3D	No-Essential3D
250	C	250	266.501	35.672	39.42	0.97	0.412249705535925	-0.26947898606879156	0.14474395346716412	1.2979061060210415	1	No-PER3D	No-Essential3D
251	G	251	268.514	32.488	39.766	0.97	0.409090909090909	0.2455707746875114	-0.4445559545268081	0.7500765599230527	0.5664967204792732	No-PER3D	No-Essential3D
252	D	252	268.01	30.235	42.788	0.24	0.443181818181818	0.3850308246349087	-0.31197566927543047	1.6188834342094844	0.4861623003457174	No-PER3D	No-Essential3D
253	I	253	264.754	30.957	44.623	0.97	0.484137931034483	0.4442324934098733	-0.3647414300495004	1.3226098104142616	0.6525693378956842	No-PER3D	No-Essential3D
254	K	254	263.539	29.501	47.937	0.61	0.477815699658703	0.6961792219271332	-0.3164985617957098	1.4876611413050813	0.6063070651930718	No-PER3D	No-Essential3D
255	V	255	259.899	29.771	48.908	0.61	0.396825396825397	0.15645507419005983	0.3185614641613031	2.2748955460978872	0.3022147858574897	No-PER3D	No-Essential3D
256	E	256	258.937	28.754	52.439	1.34	0.446186440677966	0.40798553127693743	0.3267180578594898	0.7870557691359086	0.7483412915918716	No-PER3D	No-Essential3D
257	F	257	255.403	28.469	53.773	0.97	0.513408093612872	0.33494125468766733	0.21818867297582564	0.7801354763732158	0.5999134641335417	No-PER3D	No-Essential3D
258	F	258	254.458	28.775	57.442	1.34	0.513119533527697	-0.15771082911364187	0.24423451503885782	0.4253872658288415	0.16832891688602364	No-PER3D	No-Essential3D
259	H	259	251.306	28.245	59.42	-0.13	0.513119533527697	0.052231716295418666	0.1728704616153895	0.18587388265069393	0.002355011927858413	No-PER3D	No-Essential3D
260	K	260	250.771	31.078	61.915	-0.13	0.516634050880626	-0.1279675856920569	0.39596639631610664	0.16450285301903905	0.00507402294101825	No-PER3D	No-Essential3D
261	Q	261	248.635	30.558	65.104	1.34	0.519569471624266	-0.12747159830848018	0.4690647453397288	0.14621507841369866	0.007240096951402666	No-PER3D	No-Essential3D
262	N	262	247.86	34.14	66.076	1.34	0.523479980227385	-0.4266759874511401	0.400452120049283	0.12285062890840748	0.0022790887340706206	No-PER3D	No-Essential3D
263	K	263	250.541	35.482	68.466	0.24	0.526785714285714	0.20062405592752403	0.26077321451224766	0.11882603638883234	0.009991909373568801	No-PER3D	No-Essential3D
264	M	264	251.351	31.821	69.253	0.61	0.527127924340468	0.14237033772643762	0.2716904948792878	0.1513471054796739	0.03163970760373172	No-PER3D	No-Essential3D
265	L	265	255.005	32.575	69.159	0.61	0.611111111111111	0.14237033772643762	0.2716904948792878	0.1513471054796739	0.03163970760373172	No-PER3D	No-Essential3D
266	K	266	256.266	29.919	66.84	-0.5	0.702837232453957	0.3985230219746377	0.3164776388288835	0.1513471054796739	0.03163970760373172	No-PER3D	No-Essential3D
267	K	267	254.682	29.724	63.421	-0.13	0.703759398496241	-0.01578143936929619	0.35992529545971486	0.19578247164059592	0.014681609277400757	No-PER3D	No-Essential3D
268	D	268	254.688	26.113	62.241	0.24	0.613240418118467	0.07208065901722249	0.23865724756753248	0.24910932731435806	0.017299017176213464	No-PER3D	No-Essential3D
269	K	269	256.736	25.278	59.175	0.61	0.696428571428571	0.27212890372650195	0.20954284148103225	0.6272250761728151	0.4550979167458391	No-PER3D	No-Essential3D
270	M	270	254.432	23.917	56.453	0.97	0.609375	0.4980924892276653	-0.0381497897819387	0.6178319103253699	0.36620868266039147	No-PER3D	No-Essential3D
271	F	271	256.737	23.236	53.566	0.97	0.609375	0.8199883011689605	0.4516638710087847	1.5328658636990844	0.7686686535292984	No-PER3D	No-Essential3D
272	H	272	259.363	24.834	51.404	1.34	0.605172413793104	0.7497440879699065	0.48000973763458665	1.6525380815470267	0.572630577671325	No-PER3D	No-Essential3D
273	F	273	260.999	24.462	48.005	2.44	0.609756097560976	0.4599966210623624	0.7242829761141447	2.6880237905176902	0.08164755824064014	No-PER3D	No-Essential3D
274	W	274	263.884	25.629	45.919	3.18	0.675154320987654	0.6843419516030206	0.3612152252023103	2.9083743898649232	0.0550302167057385	No-PER3D	No-Essential3D
275	V	275	263.476	26.39	42.232	1.34	0.613636363636364	0.5598606323180956	0.3731591813788246	1.5057006227363887	0.41266653153819793	No-PER3D	No-Essential3D
276	N	276	265.733	27.976	39.6	0.97	0.542005420054201	0.23904967309029931	0.13672433903280687	1.6977507326306511	0.3655438963193782	No-PER3D	No-Essential3D
277	T	277	264.248	30.541	37.175	1.34	0.609375	-0.15251896117910485	0.6035602882413668	1.4145775356885262	0.7667618383841669	No-PER3D	No-Essential3D
278	F	278	266.158	29.042	34.188	-0.13	0.457317073170732	-0.4375024620582758	0.6020164917030187	1.2979061060210415	1	No-PER3D	No-Essential3D
279	F	279	264.046	25.88	34.345	2.08	0.542346542346542	-0.5384042311358487	0.8904680591439461	1.0956090026011667	0.9999999999999999	No-PER3D	No-Essential3D
280	I	280	260.601	27.477	34.39	0.97	0.489824561403509	-0.5282914026614218	0.8247293433547545	1.068866229365283	0.9999999999999999	No-PER3D	No-Essential3D
281	P	281	258.618	25.174	33.514	-0.86	0.407925407925408	-0.7494111626569496	1.3436543875350777	0.5418440338047487	0.46835245138832937	No-PER3D	No-Essential3D
282	G	282	258.664	22.881	30.836	-0.86	0.407665505226481	-1.6760682066809127	1.1050964672057906	0.07549184971534682	0.01288692430654468	No-PER3D	No-Essential3D
283	P	283	259.454	19.747	28.996	-0.86	0.490909090909091	-1.7982405275569369	1.0201792634122082	0	0.057811174403102655	No-PER3D	No-Essential3D
284	E	284	256.108	20.946	27.971	-0.86	0.490909090909091	-1.9893905224203814	0.9915769403220254	0	0.01360262927131828	No-PER3D	No-Essential3D
285	E	285	252.593	21.37	29.435	-0.86	0.447846889952153	-2.5049694076483884	1.1849068830984806	0	0.01360262927131828	No-PER3D	No-Essential3D
310	D	310	249.211	22.944	28.677	-0.86	0.83451536643026	-2.8258909586576575	1.4643052987003793	0	0.01360262927131828	No-PER3D	No-Essential3D
311	N	311	249.257	25.015	31.893	-0.86	0.877381938690969	-1.4755653068700212	1.5298910543504247	0.30504786986603133	0.09932248416902506	No-PER3D	No-Essential3D
312	D	312	248.461	28.727	31.267	-0.86	0.828638497652582	-1.5944456513336216	1.8240035913826875	0.41407564315120565	0.3641338918020188	No-PER3D	No-Essential3D
313	K	313	248.532	31.244	28.394	-0.86	0.83451536643026	-1.7763196565863584	2.3630900325569515	0.1564169499457104	0.1462282646666714	No-PER3D	No-Essential3D
314	E	314	249.776	34.63	29.617	-0.86	0.803715170278638	-1.2338286866898571	2.4299100991181386	0.1564169499457104	0.1462282646666714	No-PER3D	No-Essential3D
315	Y	315	251.903	33.08	32.401	-0.86	0.812853255181076	-1.141052815858993	1.5597491393561815	0.4619905519812526	0.2602423406202259	No-PER3D	No-Essential3D
316	L	316	254.812	30.701	32.649	-0.86	0.855718085106383	-1.0566079638813646	1.1988415485143844	0.4253872658288415	0.16832891688602364	No-PER3D	No-Essential3D
317	V	317	253.663	28.055	35.098	-0.86	0.829210836277974	-1.0276886995002377	1.1440474877441233	0.45188020694192643	0.2068914764933787	No-PER3D	No-Essential3D
318	L	318	255.368	25.52	37.363	-0.86	0.805287239450941	-0.6995930452642335	1.006012527578736	0.42420585997959664	0.13561448893421882	No-PER3D	No-Essential3D
319	T	319	253.388	22.88	39.22	-0.86	0.84047619047619	0.24072928577142338	1.025898189487522	0.3636285186277276	0.046423493053757044	No-PER3D	No-Essential3D
320	L	320	254.861	21.237	42.317	-0.86	0.775253216534355	1.0402285812733612	0.9704020124285881	0.7294333268448895	0.4785397827922384	No-PER3D	No-Essential3D
321	T	321	252.969	18.252	43.709	2.08	0.675941080196399	1.4188664960851654	0.6033437612080798	0.9556084808709808	1	No-PER3D	No-Essential3D
322	K	322	253.068	17.205	47.377	2.44	0.676430331234602	1.4648229573434843	0.2078552641266197	1.068866229365283	0.9999999999999999	No-PER3D	No-Essential3D
323	N	323	256.032	14.904	46.664	1.71	0.632616487455197	0.8631512032348996	0.8513526312762592	0.7500765599230527	0.5664967204792732	No-PER3D	No-Essential3D
324	D	324	258.086	17.768	45.172	-0.86	0.573476702508961	0.8575593454748973	1.381602339118934	0.837325018521906	0.7935978788390861	No-PER3D	No-Essential3D
325	L	325	257.722	19.829	48.347	1.34	0.637184115523466	1.1507498875916895	0.9512814911626438	1.1674162679493947	0.9999999999999999	No-PER3D	No-Essential3D
326	D	326	260.448	19.639	50.941	0.61	0.638181818181818	0.7225048984997996	0.6942767941811593	1.3138673570086394	0.8048568226827847	No-PER3D	No-Essential3D
327	K	327	258.719	18.884	54.271	0.24	0.635869565217391	1.2411713806450415	0.22012108845968167	1.068866229365283	0.9999999999999999	No-PER3D	No-Essential3D
328	A	328	255.228	18.106	52.878	0.61	0.533333333333333	1.2496373721922993	0.20522214156645213	0.9556084808709808	1	No-PER3D	No-Essential3D
329	N	329	256.406	14.924	51.087	-0.5	0.508695652173913	1.299532103020816	0.30067585624488213	1.068866229365283	0.9999999999999999	No-PER3D	No-Essential3D
330	K	330	257.134	13.169	54.39	0.24	0.423913043478261	1.1034450908830593	0.10149631474622207	0.6317505569687565	0.6338356157126177	No-PER3D	No-Essential3D
331	D	331	253.432	13.378	55.259	0.61	0.427007299270073	1.3638546407624788	-0.4170801410214151	0.5200196510836381	0.404683415271063	No-PER3D	No-Essential3D
332	K	332	252.678	9.808	54.056	0.24	0.480769230769231	1.8585114842710881	-0.8691689272901825	21.868708383754385	1	No-PER3D	No-Essential3D
333	A	333	249.73	9.732	56.501	2.44	0.481158088235294	1.6035863687972403	-1.322382020310735	21.868708383754385	1	No-PER3D	No-Essential3D
334	N	334	248.057	12.746	54.821	0.61	0.553505535055351	1.3891338238232533	-0.5818528044822452	0.30504786986603133	0.09932248416902506	No-PER3D	No-Essential3D
335	R	335	247.509	14.439	58.189	0.61	0.217039800995025	0.7329425153512449	-0.5272920433293905	0.5200196510836381	0.404683415271063	No-PER3D	No-Essential3D
336	Y	336	248.787	17.866	57.142	1.71	0.216666666666667	0.9193817728987836	-0.1993303793313317	0.36274346585010464	0.14059296298763926	No-PER3D	No-Essential3D
337	F	337	248.257	17.69	53.377	2.44	0.215867158671587	1.384669937371063	-0.11529846342453821	0.7870557691359086	0.7483412915918716	No-PER3D	No-Essential3D
338	S	338	245.919	15.967	50.989	0.61	0.214460784313725	1.547761217392167	-0.3158556167342356	0.6225869474683817	0.49053475789251244	No-PER3D	No-Essential3D
339	P	339	247.781	13.639	48.614	1.71	0.571895424836601	1.4971152371017427	-0.4869408297808115	0.3830849191252373	0.2251787104612843	No-PER3D	No-Essential3D
340	N	340	246.341	15.708	45.723	1.34	0.56772100567721	1.377509119520674	-0.12875578568159934	0.735657205027602	0.7077234440239252	No-PER3D	No-Essential3D
341	F	341	248.006	18.853	47.05	1.71	0.693140794223827	1.28339551348699	-0.2065468067190105	0.42420585997959664	0.13561448893421882	No-PER3D	No-Essential3D
342	K	342	249.796	20.99	44.487	0.24	0.636363636363636	1.1530158299529494	0.10685690885693219	0.6129554865101086	0.39008698763586536	No-PER3D	No-Essential3D
343	V	343	251.315	24.419	44.453	1.34	0.747262773722628	1.213805634994986	0.16844425388374795	0.7801354763732158	0.5999134641335417	No-PER3D	No-Essential3D
344	K	344	251.297	26.311	41.181	1.71	0.752757352941177	0.166488453646067	0.6728109469776163	0.5611769109079018	0.27413931673022496	No-PER3D	No-Essential3D
345	L	345	253.777	29.104	40.545	0.97	0.8	0.1660590973179946	0.6835047660839095	0.7801354763732158	0.5999134641335417	No-PER3D	No-Essential3D
346	Y	346	252.972	31.803	37.986	1.71	0.835714285714286	-0.3847827673740345	0.7523511869458251	0.7237060213220818	0.5849637735702928	No-PER3D	No-Essential3D
347	F	347	255.723	33.861	36.325	1.34	0.785820895522388	-0.6278608699144496	0.8037425778368612	0.5049041775498434	0.22666999672106208	No-PER3D	No-Essential3D
348	T	348	256.272	36.171	33.405	-0.5	0.872366790582404	-0.8736333078599839	1.0013012674419857	0.7043240989010825	0.5210631619736452	No-PER3D	No-Essential3D
349	K	349	259.469	37.02	31.571	0.97	0.872366790582404	-0.5794401015927717	0.8392236543282194	0.6272250761728151	0.4550979167458391	No-PER3D	No-Essential3D
350	T	350	260.864	40.557	31.912	-0.86	0.872366790582404	-0.651155961568096	0.7267723806398318	1.9461272105688845	1	No-PER3D	No-Essential3D
351	V	351	261.846	41.168	28.205	-0.86	0.915185185185185	-1.8192845636886925	1.7384869405487202	21.868708383754385	1	No-PER3D	No-Essential3D
