Uniprot_position	aminoacid	Position_in_structure	x	y	z	paraz	mtr	paraz3dscore	mtr3dscore	PER3D_OR	PER3D_pvalue	PER3D	Essential3D
37	D	10	170.318	139.991	190.681	-1.14	0.764801738185769	-1.9622000804559945	1.7664809913382111	0	0.24749163879598657	No-PER3D	No-Essential3D
38	N	11	171.236	141.734	187.424	-0.61	0.699076588810429	-1.9622000804559945	1.7664809913382111	0	0.24749163879598657	No-PER3D	No-Essential3D
39	T	12	167.958	142.478	185.616	-0.34	0.696428571428572	-1.0983802528783302	1.2607350288461392	0	0.24749163879598657	No-PER3D	No-Essential3D
40	T	13	165.922	142.886	188.819	-0.87	0.70242656449553	-1.0983802528783302	1.4322791850895755	0	0.24749163879598657	No-PER3D	No-Essential3D
41	V	14	166.575	146.652	188.683	-0.08	0.73544061302682	-1.1698901582602976	0.8575603209654106	0.283902631071483	0.3708741998922752	No-PER3D	No-Essential3D
42	F	15	164.646	147.176	185.444	-0.08	0.701754385964912	-1.0055860338607083	0.467218339483574	0.453691741797706	0.4477892663631257	No-PER3D	No-Essential3D
43	T	16	161.909	144.811	186.626	0.71	0.697067095218963	-0.4634664829098405	1.1211322447610073	0	0.12248067841619384	No-PER3D	No-Essential3D
44	R	17	161.574	147.003	189.727	-0.61	0.766059635781469	-0.9122727290506221	1.098562759253987	0.22258693348083086	0.21408579516323403	No-PER3D	No-Essential3D
45	I	18	161.204	150.108	187.541	1.24	0.707731305449937	-0.4229885679652743	0.470024779187008	0.38578630128127167	0.622524519935365	No-PER3D	No-Essential3D
46	L	19	158.495	148.574	185.334	1.24	0.668582375478927	-0.17258916264938376	0.27400016616388373	0.5783433360924873	0.6844510093503574	No-PER3D	No-Essential3D
47	D	20	156.524	147.269	188.316	0.45	0.623409669211196	-0.17065180391077392	0.8946480999155787	0.283902631071483	0.3708741998922752	No-PER3D	No-Essential3D
48	R	21	156.678	150.684	189.994	-0.61	0.667300380228137	-0.1548317403162834	0.5480546245731499	0.5886464520667213	1	No-PER3D	No-Essential3D
49	L	22	155.249	152.425	186.918	0.98	0.667300380228137	0.027862888172114807	0.2489421219820205	0.38578630128127167	0.622524519935365	No-PER3D	No-Essential3D
50	L	23	152.208	150.108	186.844	1.24	0.667300380228137	0.24315117605856174	0.31583050271582835	0.38578630128127167	0.622524519935365	No-PER3D	No-Essential3D
51	D	24	151.145	150.233	190.504	-0.34	0.528838951310862	0.25160158741529975	0.602641291614923	0	0.4983277591973244	No-PER3D	No-Essential3D
52	G	25	148.916	153.303	190.603	-0.61	0.543406953859611	0.6030739231831803	0.44970309523634894	0	0.4983277591973244	No-PER3D	No-Essential3D
53	Y	26	148.584	153.43	186.827	1.24	0.527407407407408	0.5206594372578105	0.07623030095181862	0	0.24749163879598657	No-PER3D	No-Essential3D
54	D	27	145.154	153.205	185.191	1.24	0.53134328358209	0.6042778532564594	-0.07660703072478678	0	0.4983277591973244	No-PER3D	No-Essential3D
55	N	28	145.229	152.557	181.437	-0.34	0.573033707865169	0.7367101613171464	-0.08789491634580525	0	0.24749163879598657	No-PER3D	No-Essential3D
56	R	29	141.597	153.705	181.078	0.71	0.510437517872462	0.7114276297782879	-0.07820770105489447	0	0.9999999999999999	No-PER3D	No-Essential3D
57	L	30	142.336	157.364	181.859	1.24	0.441975308641975	0.763141898835044	-0.019519713239037322	0	0.4983277591973244	No-PER3D	No-Essential3D
58	R	31	143.741	159.966	179.494	1.24	0.417837078651685	0.4488155279875648	-0.0036114590647401603	0	0.24749163879598657	No-PER3D	No-Essential3D
59	P	32	146.914	161.693	180.804	1.24	0.420990566037736	0.47993445037561516	-0.13285931380360544	0	0.12248067841619384	No-PER3D	No-Essential3D
60	G	33	145.576	164.834	182.416	-0.34	0.39622641509434	0.18624049735745551	-0.14235887908142003	0	0.24749163879598657	No-PER3D	No-Essential3D
61	L	34	141.899	163.937	182.164	0.45	0.449936628643853	0.29300173281018044	0.16655960153031876	0	0.4983277591973244	No-PER3D	No-Essential3D
62	G	35	140.656	166.974	184.076	1.24	0.423038728897716	0.07093683079387363	0.0878031149250509	0	0.4983277591973244	No-PER3D	No-Essential3D
63	E	36	143.848	168.976	183.619	-0.87	0.423038728897716	-0.11206054034453049	0.11475081308240992	0	0.4983277591973244	No-PER3D	No-Essential3D
64	R	37	144.791	169.689	179.994	-0.87	0.398876404494382	-0.6524244882345768	0.1528424838871914	0	0.24749163879598657	No-PER3D	No-Essential3D
65	V	38	144.671	168.383	176.441	-0.08	0.395910780669145	-0.13498755652262573	0.41051695767542384	0	0.24749163879598657	No-PER3D	No-Essential3D
66	T	39	146.893	165.528	175.263	1.24	0.394795539033457	-0.25850221653064565	0.29043941088135794	0	0.0296415986239614	No-PER3D	No-Essential3D
67	E	40	149.076	166.773	172.405	-0.61	0.34533359420857	-0.18525948879989212	0.5870125312245708	0	0.0603822980471735	No-PER3D	No-Essential3D
68	V	41	149.721	163.644	170.339	0.71	0.367249271743654	0.25224219209956145	0.4307945249671053	0	0.0296415986239614	No-PER3D	No-Essential3D
69	K	42	152.545	164.139	167.835	-0.87	0.417124901806756	-0.3749311472820365	0.6267549667272124	0	0.014481130614075376	No-PER3D	No-Essential3D
70	T	43	152.298	162	164.701	0.19	0.414035087719298	-0.3193217329597877	0.7303763174300698	0	0.003397189874990337	No-PER3D	No-Essential3D
71	D	44	154.572	160.959	161.83	0.19	0.412507282967567	-0.5604241651348417	0.9084901381802439	0.1303244582064505	0.036145679706651786	No-PER3D	No-Essential3D
72	I	45	154.117	158.656	158.826	0.45	0.412507282967567	-0.37445709981568287	0.5818508245785889	0.47621976284934386	0.3358294700888109	No-PER3D	No-Essential3D
73	F	46	156.772	156.74	156.871	-0.34	0.409485251590515	-0.11115759278957117	0.2593829886493748	0.69502937416879	0.7230636731172665	No-PER3D	No-Essential3D
74	V	47	155.122	155.41	153.708	1.24	0.456410256410256	0.012185043217859704	0.40921591751481656	1.2195392494403787	0.7658158822395077	No-PER3D	No-Essential3D
75	T	48	157.067	152.293	152.741	0.98	0.391544117647059	0.12603978414779599	0.3559392174969847	2.584125043747296	0.29152992419450147	No-PER3D	No-Essential3D
76	S	49	155.043	151.338	149.662	1.24	0.372899159663866	0.2641883649702056	0.3255500733788214	3.635013243501617	0.10350135841072441	No-PER3D	No-Essential3D
77	F	50	152.065	153.183	148.172	0.45	0.387912087912088	0.09293057774231153	0.5406761546612012	3.097494105614171	0.07836243634457422	No-PER3D	No-Essential3D
78	G	51	150.32	150.044	146.956	1.24	0.384	0.5632196862746351	0.3230729893595628	6.420384146786165	0.020331425104970404	PER3D	No-Essential3D
79	P	52	148.172	149.339	143.915	1.24	0.335360060801824	0.2588703152327216	0.12855143983308603	3.635013243501617	0.10350135841072441	No-PER3D	No-Essential3D
80	V	53	145.203	151.604	143.259	0.71	0.333207118515714	0.16053457414210895	-0.021569848207661734	3.0950172889768344	0.17680492195921646	No-PER3D	No-Essential3D
81	S	54	142.036	149.665	142.426	0.19	0.315178571428571	0.44642924364877146	-0.4767784201786545	1.1976083938744846	0.9999999999999999	No-PER3D	No-Essential3D
82	D	55	139.823	151.625	140.038	-1.14	0.350457984866587	0.636422786213008	-0.8524287923270142	2.4267006506037867	0.5903010033444815	No-PER3D	No-Essential3D
83	H	56	136.871	149.224	140.321	-0.87	0.313167259786477	0.2840324537642521	-1.194156281350377	2.4267006506037867	0.5903010033444815	No-PER3D	No-Essential3D
84	D	57	136.589	149.748	144.091	0.19	0.29453483521068	0.1564158659966809	-1.067439607568562	1.1927936556840202	1	No-PER3D	No-Essential3D
85	M	58	137.761	153.42	144.137	1.24	0.23321554770318	0.45860231438970334	-0.9537337605653778	2.4267006506037867	0.5903010033444815	No-PER3D	No-Essential3D
86	E	59	140.312	152.405	146.763	1.24	0.219649561952441	0.4593923935002928	-0.7875323834705911	0.5886464520667213	1	No-PER3D	No-Essential3D
87	Y	60	144.06	152.28	147.249	1.24	0.219649561952441	0.5996522271854402	-0.4191252186620712	3.635013243501617	0.10350135841072441	No-PER3D	No-Essential3D
88	T	61	146.459	150.422	149.528	0.71	0.247887323943662	0.648562956762748	-0.41961215537168156	4.206737721097357	0.03433404675626304	PER3D	Essential3D
89	I	62	149.26	151.98	151.588	0.71	0.265593561368209	0.4518191961719608	-0.17863502027382286	4.206737721097357	0.03433404675626304	PER3D	Essential3D
90	D	63	151.877	150.425	153.897	1.24	0.267289247854619	0.396976143763736	-0.3238407448373523	3.9423260724212903	0.1356353411190362	No-PER3D	No-Essential3D
91	V	64	153.049	152.851	156.583	0.71	0.267289247854619	0.2670679845498667	-0.29736923427999473	1.202669787805894	1	No-PER3D	No-Essential3D
92	F	65	155.075	153.028	159.761	0.45	0.193956043956044	0.5020566654721164	-0.28897075498215335	1.202669787805894	1	No-PER3D	No-Essential3D
93	F	66	152.506	155.066	161.675	1.24	0.210431654676259	0.6314801651824384	-0.30452547504297955	0.7853893819318678	1	No-PER3D	No-Essential3D
94	R	67	154.355	156.899	164.448	-0.61	0.210431654676259	0.3490446777213167	0.030366170014026153	0.8857935538266402	1	No-PER3D	No-Essential3D
95	Q	68	152.868	158.578	167.515	1.24	0.313392857142857	0.10825866306552195	-0.08541312665757576	0.37035020996891377	0.2826246223106408	No-PER3D	No-Essential3D
96	S	69	154.327	160.563	170.398	-0.34	0.314516129032258	0.16562239008646126	-0.09346711402775634	0.37035020996891377	0.2826246223106408	No-PER3D	No-Essential3D
97	W	70	152.799	162.077	173.527	1.24	0.341883116883117	0.07404170308811948	-0.02587132889923392	0.31073129128834204	0.1731796276604214	No-PER3D	No-Essential3D
98	K	71	153.809	162.962	177.077	-0.87	0.315647482014388	0.12676908794218608	-0.45116210133538	0.22258693348083086	0.21408579516323403	No-PER3D	No-Essential3D
99	D	72	152.456	160.827	179.93	1.24	0.313167259786477	0.2935635668443773	-0.34457275631834555	0.5783433360924873	0.6844510093503574	No-PER3D	No-Essential3D
100	E	73	153.608	162.259	183.257	-0.61	0.248936170212766	0.15420063466184758	-0.3683130826256296	0.38578630128127167	0.622524519935365	No-PER3D	No-Essential3D
101	R	74	152.718	159.059	185.147	1.24	0.22550594282043	0.21885417048673525	-0.05628556858815576	0.283902631071483	0.3708741998922752	No-PER3D	No-Essential3D
102	L	75	155.624	157.206	183.483	1.24	0.306818181818182	0.12703997220867386	-0.09987135705420747	0.31073129128834204	0.1731796276604214	No-PER3D	No-Essential3D
103	K	76	158.521	159.258	184.838	-0.34	0.308978873239437	-0.11278289838849785	-0.22177980987140686	0.38578630128127167	0.622524519935365	No-PER3D	No-Essential3D
104	F	77	161.384	157.159	186.172	0.71	0.339458413926499	-0.3251561633149089	-0.01821878100831908	0.38578630128127167	0.622524519935365	No-PER3D	No-Essential3D
105	K	78	165.038	157.319	187.2	-0.87	0.248936170212766	-0.5389084754161668	0.026798874256399367	0.5886464520667213	1	No-PER3D	No-Essential3D
106	G	79	167.225	154.401	186.178	-0.34	0.279569892473118	-0.9939940431156192	0.2274389367808258	0.38578630128127167	0.622524519935365	No-PER3D	No-Essential3D
107	P	80	170.489	153.444	184.483	0.45	0.314285714285714	-1.1576738089873198	-0.12486764797424466	1.1927936556840202	1	No-PER3D	No-Essential3D
108	M	81	169.002	154.144	181.037	-0.34	0.313829787234043	-0.6875391153718803	-0.33709681846978456	1.8338428638120128	0.6568404726685136	No-PER3D	No-Essential3D
109	T	82	167.41	157.331	179.726	-0.34	0.311619718309859	-0.9094635588796379	-0.5089827298459341	1.202669787805894	1	No-PER3D	No-Essential3D
110	V	83	165.014	155.407	177.448	-0.87	0.310526315789474	-0.4229885679652743	-0.5210388336963696	1.6400978603520238	0.6982104130124059	No-PER3D	No-Essential3D
111	L	84	163.298	152.029	177.893	1.24	0.278171788810087	-0.07233084792632427	-0.3096752937862191	1.5465424585409209	0.7270199063584484	No-PER3D	No-Essential3D
112	R	85	163.224	150.299	174.504	-1.14	0.31095406360424	-0.07452932892970324	-0.38511055180335213	1.6400978603520238	0.6982104130124059	No-PER3D	No-Essential3D
113	L	86	160.5	147.947	175.679	1.24	0.276595744680851	0.09915067033723753	-0.2904314520903805	1.6400978603520238	0.6982104130124059	No-PER3D	No-Essential3D
114	N	87	158.46	145.099	174.215	1.24	0.376618705035971	0.5416734894459527	-0.48673713509923217	1.6400978603520238	0.6982104130124059	No-PER3D	No-Essential3D
115	N	88	155.083	145.423	172.485	0.19	0.376618705035971	0.461519529567264	-0.6310749255338991	1.2079972920901685	1	No-PER3D	No-Essential3D
116	L	89	153.313	143.804	175.461	-0.08	0.344601247128323	0.12844219664696352	-0.5094673422324234	1.6400978603520238	0.6982104130124059	No-PER3D	No-Essential3D
117	M	90	153.911	146.96	177.528	0.45	0.379061371841155	0.5484957598612001	-0.24256535000391646	1.6400978603520238	0.6982104130124059	No-PER3D	No-Essential3D
118	A	91	151.882	149.037	175.046	0.45	0.379856115107914	0.5971880428249277	-0.44388021005105704	1.6400978603520238	0.6982104130124059	No-PER3D	No-Essential3D
119	S	92	148.682	147.145	175.913	0.19	0.378214285714286	0.5416734894459527	-0.29872995096447197	1.1976083938744846	0.9999999999999999	No-PER3D	No-Essential3D
120	K	93	149.02	148.1	179.599	-0.34	0.380935251798561	0.4930784937608741	0.02844983559004675	1.1976083938744846	0.9999999999999999	No-PER3D	No-Essential3D
121	I	94	149.527	151.83	178.88	0.71	0.344805194805195	0.8575922652373136	-0.12210019993160699	0.8857935538266402	1	No-PER3D	No-Essential3D
122	W	95	147.051	154.36	177.481	1.24	0.346041055718475	0.6869606637729411	-0.3134316229553302	0.5886464520667213	1	No-PER3D	No-Essential3D
123	T	96	147.551	154.617	173.736	-0.08	0.344294003868472	0.7388170389453846	-0.2946813006471756	0.7853893819318678	1	No-PER3D	No-Essential3D
124	P	97	145.338	156.97	171.69	1.24	0.485542825968358	0.6267311491231121	0.05332935277654781	0	0.0603822980471735	No-PER3D	No-Essential3D
125	D	98	142.503	155.466	169.667	1.24	0.544897959183674	1.2600585641715167	0.47793964475091716	0	0.9999999999999999	No-PER3D	No-Essential3D
126	T	99	143.533	156.767	166.264	1.24	0.493912562257886	0.5903779333195112	0.30292705320107743	0	0.0603822980471735	No-PER3D	No-Essential3D
127	F	100	141.456	155.362	163.415	0.45	0.551901336073998	0.6076820693257309	0.26777800157206283	0	0.24749163879598657	No-PER3D	No-Essential3D
128	F	101	141.436	156.2	159.72	1.24	0.51326164874552	0.46993586301057105	0.0318191984807018	0.22258693348083086	0.21408579516323403	No-PER3D	No-Essential3D
129	H	102	138.364	158.126	158.582	0.45	0.555900621118012	0.25389536547830105	0.4590496091413023	0.18162703958819268	0.12060440668327736	No-PER3D	No-Essential3D
130	N	103	138.243	156.442	155.159	1.24	0.552346570397112	0.44642924364877146	-0.2658807140501534	0.283902631071483	0.3708741998922752	No-PER3D	No-Essential3D
131	G	104	139.679	152.974	155.765	0.45	0.479838709677419	0.601268028073262	-0.5335665846543923	0.38578630128127167	0.622524519935365	No-PER3D	No-Essential3D
132	K	105	137.819	150.036	154.239	0.71	0.479838709677419	0.48963087582375703	-0.5716215376370841	0	0.12248067841619384	No-PER3D	No-Essential3D
133	K	106	139.752	147.009	155.53	-0.08	0.3984375	0.1577401890772878	-0.563493359189266	0	0.24749163879598657	No-PER3D	No-Essential3D
134	S	107	143.028	147.934	157.209	0.19	0.398131672597865	0.4301594664084876	-0.672186954010645	0.38578630128127167	0.622524519935365	No-PER3D	No-Essential3D
135	V	108	145.384	145.414	158.796	-1.14	0.402428057553957	0.4301594664084876	-0.7069637381877941	0.283902631071483	0.3708741998922752	No-PER3D	No-Essential3D
136	A	109	147.538	145.879	161.884	-0.61	0.379369138959932	0.2706321886007993	-0.8474962435085974	0.38578630128127167	0.622524519935365	No-PER3D	No-Essential3D
137	H	110	150.308	143.358	161.245	1.24	0.356999598876855	0.6018699931099015	-0.9214462824664447	0.283902631071483	0.3708741998922752	No-PER3D	No-Essential3D
138	N	111	151.411	140.89	163.894	-0.34	0.385559566787004	0.3337698149165898	-0.7427400845577428	0.283902631071483	0.3708741998922752	No-PER3D	No-Essential3D
139	M	112	153.861	138.608	162.058	0.71	0.384172661870504	0.1804944674622603	-0.6149027229359786	0	0.12248067841619384	No-PER3D	No-Essential3D
140	T	113	155.698	137.254	163.832	1.24	0.388363636363636	0.5737782914000586	-0.40408373897433175	0.283902631071483	0.3708741998922752	No-PER3D	No-Essential3D
141	M	114	155.036	139.369	166.909	-0.08	0.390875912408759	0.48219934382597146	-0.625864869436586	0.283902631071483	0.3708741998922752	No-PER3D	No-Essential3D
142	P	115	152.697	142.41	167.05	1.24	0.412955465587045	0.24829762022556262	-0.6576602014740726	0.453691741797706	0.4477892663631257	No-PER3D	No-Essential3D
143	N	116	154.662	145.022	165.116	1.24	0.415634674922601	0.40803725131198637	-0.8692929122569996	0.453691741797706	0.4477892663631257	No-PER3D	No-Essential3D
144	K	117	154.653	147.749	167.759	0.19	0.438725490196078	0.4708357973923769	-0.8014967787890238	0.6496284475119725	0.7485181917231076	No-PER3D	No-Essential3D
145	L	118	157.468	149.482	169.616	0.71	0.384615384615385	0.4611305675435892	-0.7695223667517805	1.2079972920901685	1	No-PER3D	No-Essential3D
146	L	119	157.171	151.407	172.867	0.19	0.409007352941176	0.3092055371146306	-0.626877382998874	0.7740820357977172	0.7500423238944828	No-PER3D	No-Essential3D
147	R	120	159.98	153.646	174.117	1.24	0.436274509803922	0.067106144197077	-0.6377297175705573	0.9479095593305584	1	No-PER3D	No-Essential3D
148	I	121	159.505	155.358	177.478	0.98	0.434676434676435	0.03768232985087066	-0.5161155729115123	1.5465424585409209	0.7270199063584484	No-PER3D	No-Essential3D
149	T	122	161.973	158.19	177.938	-0.87	0.434676434676435	-0.26325755161632447	-0.7342676647603457	1.6400978603520238	0.6982104130124059	No-PER3D	No-Essential3D
150	E	123	163.036	159.33	181.399	-0.34	0.436654366543665	-0.406060264239256	-0.5295022403381321	1.202669787805894	1	No-PER3D	No-Essential3D
151	D	124	160.585	162.265	181.545	0.45	0.409722222222222	-0.3573339307280015	-0.690409923229333	0.7853893819318678	1	No-PER3D	No-Essential3D
152	G	125	157.483	160.459	180.255	1.24	0.458952811893988	-3.7287354649629024e-4	-0.5555774164131901	0.8857935538266402	1	No-PER3D	No-Essential3D
153	T	126	157.671	161.291	176.54	-0.08	0.487226277372263	0.08110796417157541	-0.616074151638725	0.5675103527299394	0.5015146116110797	No-PER3D	No-Essential3D
154	L	127	156.423	158.192	174.73	0.71	0.490384615384615	0.09134027729891733	-0.6438143724353743	0.40761951262774343	0.21816387558343492	No-PER3D	No-Essential3D
155	L	128	157.051	156.865	171.236	1.24	0.36896197327852	0.14755056272980843	-0.6467251986115364	0.9479095593305584	1	No-PER3D	No-Essential3D
156	Y	129	154.697	154.313	169.709	1.24	0.274744897959184	0.3208790504806588	-0.6390471133369141	0.9479095593305584	1	No-PER3D	No-Essential3D
157	T	130	154.869	153.095	166.11	1.24	0.274744897959184	0.5520710673515438	-0.6902514301314142	0.8857935538266402	1	No-PER3D	No-Essential3D
158	M	131	152.844	150.508	164.196	0.71	0.183163265306122	0.3626774153157991	-0.7868964485024768	2.501291901788034	0.40637346134036	No-PER3D	No-Essential3D
159	R	132	153.177	148.857	160.794	1.24	0.198671831765357	0.5925997315456534	-0.8653813424332325	0.5675103527299394	0.5015146116110797	No-PER3D	No-Essential3D
160	L	133	149.787	149.206	159.122	0.71	0.199554069119287	0.4400122176699546	-0.7481537974156826	0.5675103527299394	0.5015146116110797	No-PER3D	No-Essential3D
161	T	134	148.358	148.23	155.736	1.24	0.199554069119287	0.7257543976503078	-0.8158587498796857	1.8338428638120128	0.6568404726685136	No-PER3D	No-Essential3D
162	V	135	145.54	150.72	155.239	0.71	0.303733031674208	0.7018612664933146	-0.6769300896498434	1.2079972920901685	1	No-PER3D	No-Essential3D
163	R	136	143.126	150.076	152.367	-0.87	0.326923076923077	0.5091673774674204	-0.6969331518201449	0.5783433360924873	0.6844510093503574	No-PER3D	No-Essential3D
164	A	137	141.716	153.586	152.154	1.24	0.356643356643357	0.48661809258141137	-0.48363758192457584	0.453691741797706	0.4477892663631257	No-PER3D	No-Essential3D
165	E	138	139.007	155.235	150.058	-0.61	0.359275410935928	0.25081150830471044	-0.5280275840048203	0.283902631071483	0.3708741998922752	No-PER3D	No-Essential3D
166	C	139	139.619	157.582	147.131	1.24	0.301775147928994	0.020898487123216285	-0.49801118593723875	0.283902631071483	0.3708741998922752	No-PER3D	No-Essential3D
167	P	140	136.633	159.291	145.456	-0.61	0.298989331836047	0.32060182974010093	-0.7930766895795809	0.5886464520667213	1	No-PER3D	No-Essential3D
168	M	141	137.495	159.394	141.762	0.71	0.322727272727273	0.12503601118347404	-0.7796142194257608	0.5886464520667213	1	No-PER3D	No-Essential3D
169	H	142	136.27	161.83	139.117	-0.08	0.257664233576642	0.5253481976522899	-1.3445903390734435	2.4267006506037867	0.5903010033444815	No-PER3D	No-Essential3D
170	L	143	136.627	159.714	135.977	0.71	0.257664233576642	0.45860231438970334	-1.3450278475978772	6.502854970890097	0.08929001751972297	No-PER3D	No-Essential3D
171	E	144	135.487	162.325	133.461	-1.14	0.258608058608059	0.6723546264909613	-1.4811090809202159	2.501291901788034	0.40637346134036	No-PER3D	No-Essential3D
172	D	145	138.906	162.648	131.783	-0.08	0.355249916135525	0.425473479959475	-0.3533610093116242	1.8338428638120128	0.6568404726685136	No-PER3D	No-Essential3D
173	F	146	139.582	158.899	131.766	1.24	0.352941176470588	0.4807245294862046	-0.9210086338223085	1.6400978603520238	0.6982104130124059	No-PER3D	No-Essential3D
174	P	147	142.362	157.809	131.254	1.24	0.352941176470588	0.4688519893378894	-0.340446910292597	1.9030952020829974	0.5033735645798277	No-PER3D	No-Essential3D
175	M	148	144.108	161.193	130.962	1.24	0.35394385026738	0.41830827974964785	0.6525406188430999	1.202669787805894	1	No-PER3D	No-Essential3D
176	D	149	143.213	162.363	134.468	1.24	0.350649350649351	0.005322641800169523	0.18652280195362572	0.7853893819318678	1	No-PER3D	No-Essential3D
177	A	150	144.57	162.839	137.985	-0.87	0.35036496350365	0.08020709235812183	0.4274076763778153	0.38578630128127167	0.622524519935365	No-PER3D	No-Essential3D
178	H	151	143.396	162.136	141.52	1.24	0.347107438016529	0.06523586779981744	-0.11893362398388667	1.1976083938744846	0.9999999999999999	No-PER3D	No-Essential3D
179	A	152	144.165	163.363	145.034	0.45	0.350935828877005	0.020898487123216285	0.23944065195673198	0.5783433360924873	0.6844510093503574	No-PER3D	No-Essential3D
180	C	153	143.607	160.275	147.171	1.24	0.351224421335122	-0.13132342151699397	3.767026883300188e-4	0.22258693348083086	0.21408579516323403	No-PER3D	No-Essential3D
181	P	154	143.339	161.251	150.862	1.24	0.347652347652348	0.1622348613508626	0.09975127878286505	0.18162703958819268	0.12060440668327736	No-PER3D	No-Essential3D
182	L	155	144.601	159.496	153.982	1.24	0.463536463536464	0.22082612491710604	0.1088589534960423	0.5675103527299394	0.5015146116110797	No-PER3D	No-Essential3D
183	K	156	142.777	160.99	156.951	-1.14	0.424908424908425	0.10681394697758707	0.6301798082404824	0.18162703958819268	0.12060440668327736	No-PER3D	No-Essential3D
184	F	157	143.077	159.942	160.584	1.24	0.426129426129426	0.21376095632917944	0.8147142653822029	0.1303244582064505	0.036145679706651786	No-PER3D	No-Essential3D
185	G	158	142.07	161.164	164.014	0.45	0.426814268142681	0.19579705234104305	1.0416755185631354	0	0.007035910967397163	No-PER3D	No-Essential3D
186	S	159	140.796	160.119	167.407	1.24	0.585858585858586	0.22287988798328776	0.9839773059324873	0	0.0296415986239614	No-PER3D	No-Essential3D
187	Y	160	137.596	158.121	167.747	0.71	0.648698884758364	0.6325461313770497	1.1987294727980546	0	0.12248067841619384	No-PER3D	No-Essential3D
188	A	161	136.399	158.84	171.294	0.45	0.648698884758364	0.5195102312787716	1.2414623435853085	0	0.4983277591973244	No-PER3D	No-Essential3D
189	Y	162	138.467	161.823	172.433	1.24	0.715652768284347	0.5124296396014667	0.8379213466476528	0	0.12248067841619384	No-PER3D	No-Essential3D
190	T	163	137.195	165.151	171.119	0.45	0.716295025728988	0.2624447421054567	1.2410121822120714	0	0.12248067841619384	No-PER3D	No-Essential3D
191	R	164	139.026	168.373	170.25	-0.34	0.712972420837589	-0.33648971193577654	1.2588461850324109	0	0.0296415986239614	No-PER3D	No-Essential3D
192	A	165	139.018	169.479	173.899	-0.61	0.718353344768439	-0.1932473031121691	0.9689006664543541	0	0.24749163879598657	No-PER3D	No-Essential3D
193	E	166	140.707	166.233	175.021	1.24	0.738612175393785	0.24460374386436567	0.7491949874584629	0	0.12248067841619384	No-PER3D	No-Essential3D
194	V	167	143.229	164.995	172.414	0.45	0.744315744315744	-0.11025464523461201	0.6391561492295997	0	0.0296415986239614	No-PER3D	No-Essential3D
195	V	168	144.793	167.341	169.847	-0.61	0.747200689061154	-0.0769276718424804	0.9695163412590581	0	0.0603822980471735	No-PER3D	No-Essential3D
196	Y	169	146.86	165.826	167.054	1.24	0.736469755925009	-0.33682502402515124	0.9545365464401583	0	0.014481130614075376	No-PER3D	No-Essential3D
197	E	170	149.705	167.801	165.503	-1.14	0.901041666666667	-0.854509167409758	1.1958482080614985	0	0.007035910967397163	No-PER3D	No-Essential3D
198	W	171	152.426	166.93	163.011	1.24	1.0078125	-1.088228933396819	1.259947017108973	0	0.001628659688897874	No-PER3D	No-Essential3D
199	T	172	156.06	166.984	164.016	-0.34	1.0078125	-1.3551445133979687	1.4144264295817073	0	0.014481130614075376	No-PER3D	No-Essential3D
200	R	173	158.782	168.993	162.226	-0.87	1.0078125	-2.3224761548847273	2.4242700957496486	0	0.0603822980471735	No-PER3D	No-Essential3D
201	E	174	157.055	171.316	159.704	-1.67	1.01470588235294	-2.455630820989382	2.4350518699950103	0	0.0296415986239614	No-PER3D	No-Essential3D
202	P	175	154.119	169.147	158.449	-1.67	1.01574803149606	-1.8484286885311312	2.119700736490804	0	0.007035910967397163	No-PER3D	No-Essential3D
203	A	176	154.985	169.194	154.726	-1.67	0.95703125	-1.81452711214948	2.319097635277591	0	0.014481130614075376	No-PER3D	No-Essential3D
204	R	177	158.047	167.025	155.509	-1.4	0.963585434173669	-1.9384224615087347	2.179504863623091	0	0.0296415986239614	No-PER3D	No-Essential3D
205	S	178	156.4	164.81	158.147	-0.34	0.906455862977602	-1.4846653683729003	1.5197663664926464	0.11319625014471009	0.019313961549822525	No-PER3D	No-Essential3D
206	V	179	155.018	162.317	155.605	0.71	0.8984375	-0.944961254676621	1.4418482730159208	0.1303244582064505	0.036145679706651786	No-PER3D	No-Essential3D
207	V	180	158.01	160.86	153.757	-0.61	0.950787401574803	-1.089049794810418	1.267901921699349	0.453691741797706	0.4477892663631257	No-PER3D	No-Essential3D
208	V	181	157.78	158.16	151.089	0.19	0.957312252964427	-0.7337544956042021	1.251287863290926	1.2195392494403787	0.7658158822395077	No-PER3D	No-Essential3D
209	A	182	160.383	155.42	150.748	-0.08	0.866857551896922	-0.25412428899144945	1.0608065179980852	1.9030952020829974	0.5033735645798277	No-PER3D	No-Essential3D
210	E	183	162.128	155.57	147.381	-0.87	0.913385826771654	-0.6723695964485652	1.674079223794058	2.0999184446781474	0.4617493954433026	No-PER3D	No-Essential3D
211	D	184	162.395	151.783	147.016	-0.87	0.874789915966387	-0.4831719854327743	1.7931642441361257	4.722485071334723	0.0741868464497489	No-PER3D	No-Essential3D
212	G	185	158.778	150.713	147.465	-0.61	0.879164313946923	-0.19031599510766384	1.1489048304382918	3.635013243501617	0.10350135841072441	No-PER3D	No-Essential3D
213	S	186	156.477	152.177	144.823	-0.08	0.83499245852187	-0.04072768350275117	1.1691001356533164	4.206737721097357	0.03433404675626304	PER3D	No-Essential3D
214	R	187	153.976	149.397	143.85	-0.34	0.878233970753656	0.09832623996097035	1.0255647964394456	4.206737721097357	0.03433404675626304	PER3D	No-Essential3D
215	L	188	152.181	151.739	141.396	1.24	0.879164313946923	0.06988339197975463	0.9127583573748054	2.2791746659475285	0.3337517874622549	No-PER3D	No-Essential3D
216	N	189	152.107	149.926	138.079	-0.34	0.873172103487064	0.22142808995374544	1.2358488202495437	11.269746983904893	0.010190255364829122	PER3D	No-Essential3D
217	Q	190	149.356	152.004	136.446	1.24	0.792322834645669	0.15415849710928284	0.956561639447436	5.54716076015276	0.039365781369226124	PER3D	No-Essential3D
218	Y	191	149.437	155.383	138.221	0.71	0.736394040741867	0.35510195090250163	0.6260550335983268	5.54716076015276	0.039365781369226124	PER3D	No-Essential3D
219	D	192	152.33	157.712	139.064	-1.14	0.736507936507937	0.1505299856384281	1.0013956431876112	3.635013243501617	0.10350135841072441	No-PER3D	No-Essential3D
220	L	193	152.817	159.375	142.453	0.45	0.734841628959276	-0.22797643271242174	1.2057646192061493	2.2791746659475285	0.3337517874622549	No-PER3D	No-Essential3D
221	L	194	153.67	163.046	141.918	-0.08	0.736953242835596	-0.26769586436295784	1.1250071943070326	1.202669787805894	1	No-PER3D	No-Essential3D
222	G	195	153.92	164.082	145.58	1.24	0.688976377952756	-0.9683437656634681	1.5054539866713603	0.7853893819318678	1	No-PER3D	No-Essential3D
223	Q	196	151.854	164.466	148.727	-0.87	0.68359375	-0.7950625253647265	1.374984542127997	0.69502937416879	0.7230636731172665	No-PER3D	No-Essential3D
224	T	197	150.147	167.377	150.472	-0.87	0.678294573643411	-1.0115300750920664	1.5925129786217829	0.22258693348083086	0.21408579516323403	No-PER3D	No-Essential3D
225	V	198	149.819	167.429	154.26	-0.08	0.673076923076923	-1.105754324577164	1.607073766628489	0.1303244582064505	0.036145679706651786	No-PER3D	No-Essential3D
226	D	199	147.045	169.406	155.955	-0.87	0.714503816793893	-1.2109811572319498	1.80900390302891	0.1303244582064505	0.036145679706651786	No-PER3D	No-Essential3D
227	S	200	144.861	169.234	159.072	-0.34	0.760456273764259	-0.9280473000107645	1.448003411754605	0.22258693348083086	0.21408579516323403	No-PER3D	No-Essential3D
228	G	201	141.159	169.744	159.667	-0.61	0.707731305449937	-0.876775033253639	1.4088099711473987	0	0.007035910967397163	No-PER3D	No-Essential3D
229	I	202	138.156	169.498	162.005	-0.08	0.703030303030303	-0.4041640743738416	1.3805082317399597	0	0.0296415986239614	No-PER3D	No-Essential3D
230	V	203	134.976	167.421	161.741	-0.08	0.700377358490566	-0.2822857837490184	1.331962268893163	0	0.014481130614075376	No-PER3D	No-Essential3D
231	Q	204	131.6	168.197	163.295	-0.61	0.705050505050505	-0.6393819124407212	1.6625724372291566	0	0.24749163879598657	No-PER3D	No-Essential3D
232	S	205	130.209	164.786	164.18	0.71	0.706361323155216	-0.33463711264198087	1.5526994401421843	0	0.0296415986239614	No-PER3D	No-Essential3D
233	S	206	127.147	164.041	166.292	-0.61	0.700377358490566	-0.27711935339107785	1.685545233658192	0	0.4983277591973244	No-PER3D	No-Essential3D
234	T	207	129.363	163.701	169.387	-0.08	0.737359550561798	-0.13261996159590986	1.6612851693002766	0	0.24749163879598657	No-PER3D	No-Essential3D
235	G	208	131.669	166.717	169.097	1.24	0.734608208955224	-0.1355371767734705	1.6148981002507703	0	0.12248067841619384	No-PER3D	No-Essential3D
236	E	209	134.582	168.294	167.284	0.71	0.738624338624339	-0.2822857837490184	1.555793383918647	0	0.12248067841619384	No-PER3D	No-Essential3D
237	Y	210	137.557	166.082	166.474	0.71	0.69452736318408	-0.11229355906839088	1.373974683066583	0	0.0296415986239614	No-PER3D	No-Essential3D
238	V	211	141.026	166.998	165.239	-0.08	0.651685393258427	-0.12836240430974033	1.2621641393921346	0	0.003397189874990337	No-PER3D	No-Essential3D
239	V	212	141.68	165.32	161.885	0.71	0.657894736842105	-0.0012664349522356478	1.1980215617392167	0.11319625014471009	0.019313961549822525	No-PER3D	No-Essential3D
240	M	213	145.053	164.99	160.193	1.24	0.713869463869464	-0.4871010274962455	1.2262276631585616	0.1303244582064505	0.036145679706651786	No-PER3D	No-Essential3D
241	T	214	145.078	164.756	156.405	0.71	0.658490566037736	-0.5223599093180049	1.2187061409438842	0.15232592955246338	0.06659766814082285	No-PER3D	No-Essential3D
242	T	215	147.593	163.611	153.781	-0.34	0.656015037593985	-0.4554584412459487	1.113459286996025	0.2659203861942165	0.10347255233396897	No-PER3D	No-Essential3D
243	H	216	146.494	163.932	150.148	0.19	0.648148148148148	-0.32786500597978663	0.7843130671877884	0.283902631071483	0.3708741998922752	No-PER3D	No-Essential3D
244	F	217	148.535	161.733	147.82	1.24	0.652416356877323	-0.17135409645351996	0.575009801225603	0.5675103527299394	0.5015146116110797	No-PER3D	No-Essential3D
245	H	218	148.435	163.076	144.269	-0.61	0.579925650557621	-0.0023176836648700952	0.5179503975537858	0.7853893819318678	1	No-PER3D	No-Essential3D
246	L	219	148.309	160.527	141.456	0.71	0.577777777777778	0.3482019266700215	0.5580235095097786	1.6400978603520238	0.6982104130124059	No-PER3D	No-Essential3D
247	K	220	148.467	160.674	137.666	-0.34	0.582089552238806	0.44726876576883595	0.6670129798196704	2.0999184446781474	0.4617493954433026	No-PER3D	No-Essential3D
248	R	221	147.386	157.77	135.469	1.24	0.58312447786132	0.2588703152327216	0.5047050390562349	3.2030510984762137	0.2395544513416856	No-PER3D	No-Essential3D
249	K	222	149.953	156.725	132.887	0.71	0.651119402985075	0.358571428735959	1.1864815554487016	3.2030510984762137	0.2395544513416856	No-PER3D	No-Essential3D
250	I	223	148.011	156.312	129.649	0.45	0.653558052434457	0.40900965637117337	0.8872002397481056	0.8857935538266402	1	No-PER3D	No-Essential3D
251	G	224	150.473	153.886	128.043	1.24	0.653558052434457	0.3375122949141182	1.0370044411132044	1.8338428638120128	0.6568404726685136	No-PER3D	No-Essential3D
252	Y	225	148.213	150.888	128.657	1.24	0.652985074626866	0.6833359280684453	0.8742790531999499	1.1976083938744846	0.9999999999999999	No-PER3D	No-Essential3D
253	F	226	145.082	152.224	126.982	0.19	0.774907749077491	0.7940820598091717	-0.16413123723886267	5.54716076015276	0.039365781369226124	PER3D	Essential3D
254	V	227	146.927	153.369	123.861	-0.34	0.650557620817844	0.6042778532564594	0.1248819094306018	4.722485071334723	0.0741868464497489	No-PER3D	No-Essential3D
255	I	228	148.06	149.772	123.304	0.45	0.645756457564576	0.2958460176083021	0.43128858455842606	4.722485071334723	0.0741868464497489	No-PER3D	No-Essential3D
256	Q	229	144.775	148.094	124.224	1.24	0.643382352941177	0.22383595010030347	-0.20333337861454875	16.93594726815625	9.549599622104343e-4	PER3D	Essential3D
257	T	230	142.076	150.594	123.209	-0.08	0.514705882352941	0.5360810400733018	-0.7236189200645475	11.690595987081844	2.3716545504214273e-4	PER3D	Essential3D
258	Y	231	143.274	153.615	121.209	1.24	0.323529411764706	0.7522059064538663	-0.512302659270855	9.379135126385785	0.0012550578470094896	PER3D	Essential3D
259	L	232	145.426	151.825	118.628	-0.08	0.431372549019608	0.477865195562167	-0.44711010076391816	5.54716076015276	0.039365781369226124	PER3D	Essential3D
260	P	233	142.892	148.993	117.987	1.24	0.431372549019608	0.484787793483521	-0.9230190475911618	6.876537595930676	0.0021233287164035917	PER3D	Essential3D
261	C	234	140.291	151.731	117.458	0.19	0.436183395291202	0.8287645069201696	-1.1979340607016415	8.499533854046588	4.397418355070704e-4	PER3D	Essential3D
262	I	235	142.518	153.809	115.161	-0.34	0.326208178438662	0.7935958572795782	-0.9018834552541966	4.206737721097357	0.03433404675626304	PER3D	Essential3D
263	M	236	143.601	150.786	113.101	0.45	0.260966542750929	0.7680605004253311	-0.8173552697642659	6.420384146786165	0.020331425104970404	PER3D	Essential3D
264	T	237	139.939	149.755	112.746	-0.08	0.438202247191011	1.0798302322016544	-1.3525804939587813	9.40200680894821	1.9158175313460036e-4	PER3D	Essential3D
265	V	238	138.869	153.138	111.332	0.19	0.219101123595506	0.9690686654599886	-1.2367388203627654	6.876537595930676	0.0021233287164035917	PER3D	Essential3D
266	I	239	141.758	152.896	108.853	0.45	0.220959595959596	0.9718377046285304	-0.9286292385156302	4.722485071334723	0.0741868464497489	No-PER3D	No-Essential3D
267	L	240	140.499	149.444	107.793	1.24	0.189935064935065	1.2244183503570616	-1.1879081713825859	8.3310046314013	0.005050086227887049	PER3D	Essential3D
268	S	241	137.07	150.964	107.182	1.24	0.223067173637516	1.1823882754207444	-1.1651035156984668	5.457776184497201	0.009097020223266769	PER3D	Essential3D
269	Q	242	138.785	153.613	105.036	0.45	0.223700887198986	1.0351844919842255	-0.8120750414011986	8.004265981965297	0.044420937772994454	PER3D	Essential3D
270	V	243	140.619	151.018	102.939	1.24	0.225190839694657	1.1715697037855122	-0.8832747799981712	8.004265981965297	0.044420937772994454	PER3D	Essential3D
271	S	244	137.333	150.222	101.153	1.24	0.226053639846743	1.027800929845625	-1.0822834072176495	6.502854970890097	0.08929001751972297	No-PER3D	No-Essential3D
272	F	245	137.197	153.595	99.376	1.24	0.226053639846743	0.7593313737466515	-0.4900012097657603	0.5783433360924873	0.6844510093503574	No-PER3D	No-Essential3D
273	W	246	140.191	152.519	97.273	1.24	0.224747474747475	0.6657245919965056	-0.4484580760562069	17.93594726815625	0.20568561872909694	No-PER3D	No-Essential3D
274	L	247	138.474	149.517	95.663	0.98	0.2264631043257	0.5253481976522899	-0.7160050871584078	1.1927936556840202	1	No-PER3D	No-Essential3D
275	N	248	136.274	149.369	92.604	-0.08	0.2264631043257	-0.7576680421403805	-0.3090203171934034	0.5886464520667213	1	No-PER3D	No-Essential3D
276	R	249	132.526	149.776	93.008	-0.08	0.170019157088123	-0.7952745876050339	-0.365531314105995	0.283902631071483	0.3708741998922752	No-PER3D	No-Essential3D
277	E	250	131.79	146.438	91.286	0.71	0.169847328244275	-1.3010618807148457	-0.3832451933091958	0.38578630128127167	0.622524519935365	No-PER3D	No-Essential3D
278	S	251	133.216	144.447	94.235	0.45	0.300802703844529	-0.6770890023358188	-0.8622548307548684	0.38578630128127167	0.622524519935365	No-PER3D	No-Essential3D
279	V	252	130.006	144.624	96.324	-0.08	0.30020964360587	-0.08108249345900605	-1.1627301099202463	0.5886464520667213	1	No-PER3D	No-Essential3D
280	P	253	130.676	141.203	97.986	1.24	0.299081035923141	0.2731970831047415	-1.2600976900541312	3.7182587171389376	0.3279095111044304	No-PER3D	No-Essential3D
281	A	254	134.073	142.577	99.13	1.24	0.268421052631579	1.0786263021283753	-1.3470760262618595	3.7182587171389376	0.3279095111044304	No-PER3D	No-Essential3D
282	R	255	133.497	146.201	100.156	1.24	0.268164794007491	1.05151845725261	-1.4055432277330213	3.2030510984762137	0.2395544513416856	No-PER3D	No-Essential3D
283	T	256	130.59	144.981	102.27	1.24	0.269172932330827	1.1267835050595343	-1.372601888346923	2.501291901788034	0.40637346134036	No-PER3D	No-Essential3D
284	V	257	133.034	142.783	104.207	-0.08	0.272243346007605	1.4595607221326907	-1.2758398406186622	8.004265981965297	0.044420937772994454	PER3D	Essential3D
285	F	258	135.085	145.878	105.105	0.45	0.302492606675116	1.2312996845460653	-1.3251995298740569	4.722485071334723	0.0741868464497489	No-PER3D	No-Essential3D
286	G	259	132.135	147.958	106.252	1.24	0.300505050505051	1.2016278246150436	-1.4436856192316683	3.635013243501617	0.10350135841072441	No-PER3D	No-Essential3D
287	V	260	130.475	145.338	108.471	0.71	0.301647655259823	1.3225674438727633	-1.340743115211295	3.635013243501617	0.10350135841072441	No-PER3D	No-Essential3D
288	T	261	133.359	143.445	110.079	1.24	0.301647655259823	1.4878120357840667	-1.269249312510496	6.420384146786165	0.020331425104970404	PER3D	Essential3D
289	T	262	134.941	146.717	111.206	0.71	0.269433962264151	1.1371307959596075	-1.400643899401233	15.844410917560358	1.5759837559598313e-5	PER3D	Essential3D
290	V	263	131.616	147.416	112.923	1.24	0.271212121212121	1.1072572641835408	-1.555521190123478	6.1441308969163435	0.0044627302180742555	PER3D	Essential3D
291	L	264	131.949	143.991	114.569	1.24	0.271212121212121	1.0056243604122774	-1.266311410648273	7.3466506668794525	0.01024690637699746	PER3D	Essential3D
292	T	265	135.49	144.986	115.552	1.24	0.271212121212121	0.7931744817539306	-1.294456261230814	15.844410917560358	1.5759837559598313e-5	PER3D	Essential3D
293	M	266	134.317	148.297	117.035	1.24	0.30020964360587	0.7756589261202529	-1.4761605885472144	11.425508189534245	3.337109790878225e-5	PER3D	Essential3D
294	T	267	131.468	146.491	118.809	1.24	0.338345864661654	0.8768175235949871	-1.5100324179996412	11.690595987081844	2.3716545504214273e-4	PER3D	Essential3D
295	T	268	133.997	144.168	120.47	1.24	0.191546281433922	0.8593304392806103	-1.1808877869260648	8.3310046314013	0.005050086227887049	PER3D	Essential3D
296	L	269	136.135	147.146	121.49	1.24	0.223470661672909	0.6217154210920162	-1.251879564657847	8.499533854046588	4.397418355070704e-4	PER3D	Essential3D
297	S	270	133.267	149.321	122.761	0.45	0.223258706467662	0.8649287141213572	-1.5920450990496309	6.876537595930676	0.0021233287164035917	PER3D	Essential3D
298	I	271	132.022	146.582	125.116	-0.08	0.269662921348315	0.6757346440763703	-1.5049561602814645	5.54716076015276	0.039365781369226124	PER3D	Essential3D
299	S	272	135.344	145.401	126.562	-0.61	0.269662921348315	0.723403565770379	-1.034883935380011	7.3466506668794525	0.01024690637699746	PER3D	Essential3D
300	A	273	136.825	148.888	127.042	0.45	0.267910447761194	0.7725950447916554	-1.0845973657787102	5.457776184497201	0.009097020223266769	PER3D	Essential3D
301	R	274	134.953	149.741	130.252	1.24	0.266417910447761	0.5308381187864418	-1.4509432096992854	17.93594726815625	0.0012680388914365715	PER3D	Essential3D
302	N	275	136.1	146.625	132.105	-0.34	0.266417910447761	-0.10951104136582203	-0.8812118747064804	17.93594726815625	0.01729804147977082	PER3D	No-Essential3D
303	S	276	137.715	147.162	135.54	0.71	0.220987654320988	-0.16556018297586483	-1.2478047272485904	3.7182587171389376	0.3279095111044304	No-PER3D	No-Essential3D
304	L	277	135.903	150.482	135.959	0.45	0.220987654320988	0.3479912389071977	-1.3659888245203682	5.074657062632561	0.17418520251935005	No-PER3D	No-Essential3D
305	P	278	133.115	151.717	138.226	1.24	0.219362745098039	0.09695218933385842	-1.4864738416648675	3.7182587171389376	0.3279095111044304	No-PER3D	No-Essential3D
306	K	279	129.867	151.83	136.27	0.71	0.221393034825871	0.32326641026993175	-1.6300320429605692	3.7182587171389376	0.3279095111044304	No-PER3D	No-Essential3D
307	V	280	129.576	155.608	136.253	1.24	0.221189591078067	0.29173760623323763	-1.6305362336526659	17.93594726815625	0.04005862237420616	PER3D	Essential3D
308	A	281	126.516	157.504	135.021	0.45	0.222014925373134	0.42872295893468904	-1.893264334670142	17.93594726815625	0.20568561872909694	No-PER3D	No-Essential3D
309	Y	282	128.308	159.506	132.319	1.24	0	0.7144020452534479	-1.9995084479337457	17.93594726815625	0.007356638330477256	PER3D	Essential3D
310	A	283	130.682	159.265	129.369	0.19	0	0.7294865808774728	-2.084008452577273	17.93594726815625	0.007356638330477256	PER3D	Essential3D
311	T	284	134.396	159.122	130.065	1.24	0	0.7425445916722677	-1.7306487405642024	8.004265981965297	0.044420937772994454	PER3D	Essential3D
312	A	285	136.935	160.795	127.8	1.24	0	0.7222630004377988	-0.9785380320997293	2.501291901788034	0.40637346134036	No-PER3D	No-Essential3D
313	M	286	137.67	157.37	126.31	0.71	0	0.7359665574483566	-1.044202514788564	3.9423260724212903	0.1356353411190362	No-PER3D	No-Essential3D
314	D	287	133.959	157.004	125.519	1.24	0	0.6320927894322149	-1.7834125553458153	9.591660997285908	0.021527784012386565	PER3D	Essential3D
315	W	288	134.107	160.22	123.492	0.19	0	0.7938299547938267	-1.2673933128287562	3.2030510984762137	0.2395544513416856	No-PER3D	No-Essential3D
316	F	289	136.87	158.617	121.414	0.71	0	0.725399555102394	-0.9552487299415328	3.635013243501617	0.10350135841072441	No-PER3D	No-Essential3D
317	I	290	135.194	155.273	120.721	0.71	0	0.7763422377834652	-1.60208791994346	8.499533854046588	4.397418355070704e-4	PER3D	Essential3D
318	A	291	131.744	156.703	119.937	0.19	0	0.875258434150091	-2.2049130575294464	6.420384146786165	0.020331425104970404	PER3D	Essential3D
319	V	292	133.276	159.051	117.359	0.71	0	0.7690718016868854	-1.619624670836617	8.004265981965297	0.044420937772994454	PER3D	Essential3D
320	C	293	135.531	156.327	115.931	1.24	0	0.8566551946642891	-1.199589076634971	6.9220495732323055	7.265727330081553e-4	PER3D	Essential3D
321	Y	294	132.377	154.205	115.764	0.71	0	1.0497673900777176	-1.6466393389682905	12.971032781381794	9.882577911906572e-5	PER3D	Essential3D
322	A	295	130.839	156.994	113.657	0.19	0	0.9790737395172381	-1.5017050416423894	2.584125043747296	0.29152992419450147	No-PER3D	No-Essential3D
323	F	296	133.648	156.924	111.08	1.24	0.146483562213899	0.7045945131461641	-1.1584588606185753	3.635013243501617	0.10350135841072441	No-PER3D	No-Essential3D
324	V	297	133.063	153.178	110.679	0.71	0.145107794361526	1.1023344635714074	-1.4121473521167327	4.5235779730273045	0.012761449007653821	PER3D	Essential3D
325	F	298	129.271	153.534	110.65	1.24	0.259259259259259	1.1599886732096478	-1.5881992150127606	3.635013243501617	0.10350135841072441	No-PER3D	No-Essential3D
326	S	299	129.524	156.23	107.966	0.19	0.259259259259259	1.0798302322016544	-1.38470044058506	8.004265981965297	0.044420937772994454	PER3D	Essential3D
327	A	300	132.02	154.206	105.914	1.24	0.235690235690236	1.1029985450752422	-1.047285145668778	4.722485071334723	0.0741868464497489	No-PER3D	No-Essential3D
328	L	301	129.247	151.67	105.227	1.24	0.214460784313725	0.9902790805745211	-1.4303112013604822	4.722485071334723	0.0741868464497489	No-PER3D	No-Essential3D
329	I	302	126.439	154.182	104.632	0.45	0.214460784313725	1.0077388994137093	-1.2816405744790618	6.502854970890097	0.08929001751972297	No-PER3D	No-Essential3D
330	E	303	128.833	155.688	102.067	1.24	0.215686274509804	0.6578881512254113	-0.7230642845681345	1.1976083938744846	0.9999999999999999	No-PER3D	No-Essential3D
331	F	304	129.066	152.346	100.262	0.71	0.215686274509804	0.6913312585550929	-1.1244060672835758	1.6400978603520238	0.6982104130124059	No-PER3D	No-Essential3D
332	A	305	125.282	151.959	100.421	0.98	0.214285714285714	0.6125959155809322	-1.154330351088748	1.202669787805894	1	No-PER3D	No-Essential3D
333	T	306	125.083	155.209	98.443	-0.08	0.212895377128954	0.06166656922962556	-0.7212264598583779	0	0.12248067841619384	No-PER3D	No-Essential3D
334	V	307	127.686	154.132	95.861	0.71	0.234820530023482	-0.08181179725339614	-0.5399710888512576	0.283902631071483	0.3708741998922752	No-PER3D	No-Essential3D
335	N	308	125.897	150.791	95.439	-0.34	0.235016835016835	-0.4398999602989589	-0.836360988462937	0.283902631071483	0.3708741998922752	No-PER3D	No-Essential3D
336	Y	309	122.622	152.654	94.873	0.71	0.235690235690236	-1.0625633331982807	-0.9777915849292936	0	0.12248067841619384	No-PER3D	No-Essential3D
337	F	310	123.974	154.472	91.798	0.19	0.237449118046133	-1.2770434757529299	-0.3350089628574591	0	0.24749163879598657	No-PER3D	No-Essential3D
338	T	311	125.939	151.558	90.303	-0.34	0.2893864013267	-1.7450231345372003	-0.18704750025692687	0.283902631071483	0.3708741998922752	No-PER3D	No-Essential3D
339	K	312	124.359	150.744	86.937	-1.67	0.387777777777778	-2.4697097209051386	0.03994686835916482	0	0.24749163879598657	No-PER3D	No-Essential3D
340	R	313	126.534	148.047	85.329	-1.67	0.430864197530864	-2.696095787625636	0.1464374205814584	0	0.24749163879598657	No-PER3D	No-Essential3D
341	G	314	127.044	144.988	87.516	-1.67	0.433705080545229	-2.1601356892141625	-0.2796447991756477	0.283902631071483	0.3708741998922752	No-PER3D	No-Essential3D
342	Y	315	130.359	143.866	86.033	-1.67	0.592592592592593	-3.0317916230582562	0.3356300104789371	0.283902631071483	0.3708741998922752	No-PER3D	No-Essential3D
343	A	316	133.966	144.96	86.454	-1.67	0.588728614558873	-2.9935166794785957	0.5652969802316526	0.283902631071483	0.3708741998922752	No-PER3D	No-Essential3D
344	W	317	136.423	146.39	83.936	-1.4	0.589225589225589	-3.2169961993310054	0.9326957429322994	0.5886464520667213	1	No-PER3D	No-Essential3D
345	D	318	137.968	143.603	81.861	-1.67	0.692873303167421	-3.550484829629281	1.4338038433657176	0	0.9999999999999999	No-PER3D	No-Essential3D
346	G	319	141.193	145.445	81.042	-1.4	0.692873303167421	-4.2551852325219075	1.599587410400342	0	1	No-PER3D	No-Essential3D
347	K	320	141.359	145.288	77.239	-1.4	0.642335766423358	-4.218666020299112	1.6623648054201472	0	1	No-PER3D	No-Essential3D
348	S	321	139.193	148.369	76.669	-1.14	0.638686131386861	-3.9451549972878253	1.7173087037794557	0	0.9999999999999999	No-PER3D	No-Essential3D
349	V	322	138.722	152.058	77.498	-0.61	0.742424242424242	-3.6603434488159876	1.8580129594330597	0	0.9999999999999999	No-PER3D	No-Essential3D
350	V	323	135.936	154.09	79.099	-1.4	0.884334643458731	-3.5974381024871613	1.80882687656801	0	0.9999999999999999	No-PER3D	No-Essential3D
411	K	384	130.241	147.693	76.097	-1.14	0.789591078066914	-3.9366685531349215	1.5560101886841151	0	0.4983277591973244	No-PER3D	No-Essential3D
412	T	385	129.962	150.44	78.711	-0.08	0.795505617977528	-4.065285328963371	1.3679277683113336	0	0.4983277591973244	No-PER3D	No-Essential3D
413	F	386	131.694	150.237	82.086	-0.87	0.786397812713602	-3.362357669482993	0.8984884053258501	0.38578630128127167	0.622524519935365	No-PER3D	No-Essential3D
414	N	387	131.067	152.115	85.331	-0.34	0.780529172320217	-2.6541829686745504	0.521430527929297	0.283902631071483	0.3708741998922752	No-PER3D	No-Essential3D
415	S	388	133.177	155.199	85.933	-1.14	0.774747474747475	-2.168582484648198	0.6922030723555171	0.283902631071483	0.3708741998922752	No-PER3D	No-Essential3D
416	V	389	135.038	155.78	89.185	-0.08	0.776119402985075	-1.004486793359019	0.44564308888214504	0.5886464520667213	1	No-PER3D	No-Essential3D
417	S	390	132.504	157.284	91.57	-0.61	0.695840725409028	-0.4908972034029811	-0.032314222421877314	0.5886464520667213	1	No-PER3D	No-Essential3D
418	K	391	132.457	160.989	92.374	0.19	0.730337078651686	-0.363745290400535	0.49023104910971566	0	0.4983277591973244	No-PER3D	No-Essential3D
419	I	392	131.55	160.037	95.946	0.45	0.655430711610487	0.05314541971097329	-0.09354122232266744	0	0.24749163879598657	No-PER3D	No-Essential3D
420	D	393	134.654	157.84	96.198	1.24	0.659774436090226	0.2698862754032242	-0.16255524842418181	1.1927936556840202	1	No-PER3D	No-Essential3D
421	R	394	136.986	160.503	94.758	-0.34	0.659774436090226	0.09326973365319867	0.3891990383123105	1.1927936556840202	1	No-PER3D	No-Essential3D
422	L	395	135.795	162.884	97.49	0.19	0.711175616835994	0.4020884203616668	0.7812921363984346	0	0.4983277591973244	No-PER3D	No-Essential3D
423	S	396	135.627	160.388	100.374	0.45	0.70979020979021	0.7055283724192211	-0.21564310109785817	0	0.24749163879598657	No-PER3D	No-Essential3D
424	R	397	139.182	159.164	99.775	1.24	0.709143686502177	0.6666969970556922	0.14713216728445327	0	0.4983277591973244	No-PER3D	No-Essential3D
425	I	398	140.212	162.619	101.019	0.71	0.596912521440823	0.5144900156861273	0.5233773727082688	0	0.4983277591973244	No-PER3D	No-Essential3D
426	A	399	137.451	163.736	103.4	-0.08	0.505079825834543	0.44535908358363485	0.2577506416012654	0	0.4983277591973244	No-PER3D	No-Essential3D
427	F	400	137.343	160.707	105.719	1.24	0.562803234501348	0.7949365975884569	-0.38153697626609906	1.8338428638120128	0.6568404726685136	No-PER3D	No-Essential3D
428	P	401	141.144	160.563	106.344	1.24	0.543546365914787	0.7172620601334092	-0.3365337332106989	0.5886464520667213	1	No-PER3D	No-Essential3D
429	L	402	141.117	164.346	106.82	-0.08	0.549242424242424	0.42348768725240005	0.415162881013097	0	0.4983277591973244	No-PER3D	No-Essential3D
430	L	403	138.112	164.659	109.152	-0.34	0.54559748427673	0.5079634473941416	-0.09160047808316979	0.5886464520667213	1	No-PER3D	No-Essential3D
431	F	404	139.436	161.775	111.238	1.24	0.549242424242424	0.5233888014580282	-0.48888423136865505	2.501291901788034	0.40637346134036	No-PER3D	No-Essential3D
432	G	405	142.852	163.427	111.47	-0.08	0.552915082382763	0.5268651495446213	0.27817420317643016	0	0.4983277591973244	No-PER3D	No-Essential3D
433	I	406	141.35	166.788	112.425	-0.61	0.552915082382763	0.48219934382597146	1.0984771912422506	0	0.4983277591973244	No-PER3D	No-Essential3D
434	F	407	139.364	165.11	115.213	1.24	0.51429413498379	0.46090072634778156	0.04870498157496874	1.1976083938744846	0.9999999999999999	No-PER3D	No-Essential3D
435	N	408	142.518	163.23	116.218	1.24	0.534865900383142	0.39489033491178005	0.1398075953364597	0.283902631071483	0.3708741998922752	No-PER3D	No-Essential3D
436	L	409	144.229	166.598	116.859	0.45	0.585576923076923	0.16562239008646126	1.393210285648444	0	0.4983277591973244	No-PER3D	No-Essential3D
437	V	410	141.382	168.269	118.775	0.71	0.667322834645669	0.2057769990011188	1.1780611195915607	0.5886464520667213	1	No-PER3D	No-Essential3D
438	Y	411	141.022	165.189	121.003	1.24	0.838414634146341	0.5879321872615564	0.07957805774672749	1.202669787805894	1	No-PER3D	No-Essential3D
439	W	412	144.675	164.933	122.064	1.24	0.926255230125523	0.3216552685542202	0.6461523143795695	0.7853893819318678	1	No-PER3D	No-Essential3D
440	A	413	144.998	168.698	122.575	0.19	0.872971602434077	0.31774249581606334	1.8984219335769486	0	0.4983277591973244	No-PER3D	No-Essential3D
441	T	414	141.89	169.127	124.73	-0.08	0.904761904761905	0.5597324405451373	1.0885014892561853	2.4267006506037867	0.5903010033444815	No-PER3D	No-Essential3D
442	Y	415	143.015	166.513	127.255	0.19	0.896969696969697	0.3490446777213167	0.29053576630875216	1.1976083938744846	0.9999999999999999	No-PER3D	No-Essential3D
443	L	416	146.825	166.499	127.207	0.71	0.889922480620155	0.40803725131198637	1.1146553627951246	0.38578630128127167	0.622524519935365	No-PER3D	No-Essential3D
444	N	417	146.916	170.246	127.957	-0.08	0.912322274881517	0.28162459361769426	1.8185209521800634	0	0.9999999999999999	No-PER3D	No-Essential3D
445	R	418	144.967	169.96	131.226	-0.34	0.91219512195122	-0.17929540443687936	1.6543731817364538	0	0.4983277591973244	No-PER3D	No-Essential3D
