Uniprot_position	aminoacid	Position_in_structure	x	y	z	paraz	mtr	paraz3dscore	mtr3dscore	PER3D_OR	PER3D_pvalue	PER3D	Essential3D
54	G	54	-18.281	-19.222	61.965	0.84	0.555729984301413	-2.7694104942416895	1.3428649154671781	0	1	No-PER3D	No-Essential3D
55	L	55	-15.17	-21.33	62.945	-0.31	0.435049019607843	-3.0026027946848357	1.2451491133251462	0	1	No-PER3D	No-Essential3D
56	T	56	-11.847	-20.37	64.63	-1.08	0.437884378843788	-3.169168723572797	0.8062388167218857	0	1	No-PER3D	No-Essential3D
57	I	57	-8.726	-22.169	63.324	-0.69	0.260805860805861	-3.5855835457927014	0.6813400161061239	0	1	No-PER3D	No-Essential3D
58	D	58	-5.194	-21.827	64.71	-0.31	0.326007326007326	-4.168564296900567	0.3187374423688433	0	1	No-PER3D	No-Essential3D
59	L	59	-2.978	-22.057	61.559	0.46	0.326286764705882	-3.7021796960142743	0.5985555934423215	0	1	No-PER3D	No-Essential3D
60	K	60	0.301	-23.832	62.328	-1.46	0.323905109489051	-5.330470280847722	0.9524630089674828	0	1	No-PER3D	No-Essential3D
61	N	61	1.341	-24.922	58.756	-1.46	0.323905109489051	-3.3342862530791244	0.8976177268343327	0	1	No-PER3D	No-Essential3D
62	F	62	0.234	-22.643	55.907	-0.31	0.325091575091575	-0.9955268035663473	0.6307194286676867	0	1	No-PER3D	No-Essential3D
63	R	63	3.436	-22.53	53.803	-1.46	0.325091575091575	-1.3702566915828118	0.6196328223174222	0	1	No-PER3D	No-Essential3D
64	K	64	3.754	-25.482	51.387	0.07	0.322727272727273	-1.693430803609998	0.7288380836708344	0	1	No-PER3D	No-Essential3D
65	P	65	7.151	-27.26	51.085	0.84	0.323905109489051	-1.258729939196959	0.4664956000293935	0	1	No-PER3D	No-Essential3D
66	G	66	9.454	-25.131	48.913	0.84	0.323905109489051	0.6372248513625343	1.2844076149981305	0	1	No-PER3D	No-Essential3D
67	E	67	6.872	-22.298	48.68	0.84	0.323905109489051	-0.25336696041685547	0.6973700797729397	0	1	No-PER3D	No-Essential3D
68	K	68	8.45	-18.87	48.436	0.84	0	0.026463800114919972	0.18034688792355066	0	1	No-PER3D	No-Essential3D
69	T	69	6.62	-16.078	50.215	0.84	0	-0.5165700960474676	0.17796523461369887	0	1	No-PER3D	No-Essential3D
70	F	70	4.901	-12.921	48.885	0.07	0	-0.06759625462454626	-0.040238143132798866	0	1	No-PER3D	No-Essential3D
71	T	71	4.889	-14.216	45.265	0.84	0	0.16099113468112747	0.5401330778970047	0	1	No-PER3D	No-Essential3D
72	Q	72	2.298	-13.34	42.611	0.84	0	0.752131202305534	0.48995501808785114	0	1	No-PER3D	No-Essential3D
73	R	73	0.486	-16.602	43.63	0.84	0	0.9056047367830349	0.8504570350196234	0	1	No-PER3D	No-Essential3D
74	S	74	-0.485	-14.951	46.928	-0.69	0	0.37868556174078527	0.5940773386791439	0	1	No-PER3D	No-Essential3D
75	R	75	-1.362	-11.599	45.288	0.84	0	0.862946460258303	0.5967857138623927	0	1	No-PER3D	No-Essential3D
76	L	76	-5.007	-10.616	45.379	0.84	0	1.3615592770059575	0.564490996512046	0	1	No-PER3D	No-Essential3D
77	F	77	-6.881	-8.162	43.252	0.84	0	1.595341042313722	0.5145694767153909	0	1	No-PER3D	No-Essential3D
78	V	78	-9.438	-6.093	45.204	0.84	0	0.7203135183284911	0.518843474854873	0	1	No-PER3D	No-Essential3D
79	G	79	-12.017	-4.377	42.976	0.84	0	-0.24050517390794177	0.5161629316827476	0	1	No-PER3D	No-Essential3D
80	N	80	-15.174	-2.217	43.393	0.84	0	-1.1164371861529405	0.3791245042522219	0	1	No-PER3D	No-Essential3D
81	L	81	-13.369	-0.251	46.151	0.84	0	-0.8418805971625648	0.05163000055660152	0	1	No-PER3D	No-Essential3D
82	P	82	-14.977	3.055	47.387	0.84	0	-0.8926067621726957	-0.12598860357289282	0	1	No-PER3D	No-Essential3D
83	P	83	-13.41	6.048	45.464	-1.08	0	-0.6767630676562375	-0.49946986694844786	0	1	No-PER3D	No-Essential3D
84	D	84	-12.041	7.401	48.779	0.84	0	-0.8459361154311413	-0.7623718641324809	0	1	No-PER3D	No-Essential3D
85	I	85	-10.197	4.102	49.867	0.84	0	-0.15569889287293168	-0.6647264833874812	0	1	No-PER3D	No-Essential3D
86	T	86	-6.846	4.463	51.685	0.84	0	-0.2531457503294787	-1.0560220427908336	0	1	No-PER3D	No-Essential3D
87	E	87	-3.778	2.199	52.087	0.84	0	0.006084820815323156	-0.8528655901201372	0	1	No-PER3D	No-Essential3D
88	E	88	-4.57	1.952	55.839	0.07	0	-0.056984452258494585	-0.9934808518165212	0	1	No-PER3D	No-Essential3D
89	E	89	-8.181	0.89	55.108	0.07	0	0.48948811443582046	-0.7150915195107435	0	1	No-PER3D	No-Essential3D
90	M	90	-6.893	-1.889	52.8	0.07	0	0.6911053083593357	-0.5056057933610787	0	1	No-PER3D	No-Essential3D
91	R	91	-4.281	-3.027	55.342	0.07	0	0.060440030942771665	-0.6962871810399983	0	1	No-PER3D	No-Essential3D
92	K	92	-6.958	-3.155	58.089	0.07	0	-0.6740593888105201	-1.0017124105092625	0	1	No-PER3D	No-Essential3D
93	L	93	-9.229	-5.254	55.806	0.84	0	-0.07179161835065997	-0.07414583413564522	0	1	No-PER3D	No-Essential3D
94	F	94	-6.444	-7.904	55.432	0.84	0	0.49229971323546395	-0.013621033013980578	0	1	No-PER3D	No-Essential3D
95	E	95	-4.917	-7.502	58.964	-1.84	0	-0.4207364360921935	-0.33964339034674873	0	1	No-PER3D	No-Essential3D
96	K	96	-6.42	-10.9	60.089	0.07	0	-0.9886692908576634	0.08356124187830828	0	1	No-PER3D	No-Essential3D
97	Y	97	-4.479	-12.795	57.379	0.84	0	-0.8151576285714093	0.3917675062283862	0	1	No-PER3D	No-Essential3D
98	G	98	-1.039	-12.218	58.899	0.84	0	-1.1573419824825477	0.0955353180783111	0	1	No-PER3D	No-Essential3D
99	K	99	1.87	-10.249	57.338	-0.69	0	-0.7785197078496107	-0.31107955683057414	0	1	No-PER3D	No-Essential3D
100	A	100	1.219	-8.129	54.248	-0.69	0	0.055511449713598685	-0.4110596762013003	0	1	No-PER3D	No-Essential3D
101	G	101	3.681	-7.249	51.544	-0.31	0	-0.043634273342705344	-0.46061568922331836	0	1	No-PER3D	No-Essential3D
102	E	102	2.817	-4.901	48.666	0.84	0	0.6810244486631599	-0.5584001692611874	0	1	No-PER3D	No-Essential3D
103	V	103	-0.298	-2.746	48.965	0.84	0	-0.23121543994297591	-0.7270017829190236	0	1	No-PER3D	No-Essential3D
104	F	104	-1.216	-0.818	45.787	0.84	0	0.07452169159755109	-0.8034948084408698	0	1	No-PER3D	No-Essential3D
105	I	105	-4.362	1.272	45.256	0.84	0	0.4903871209485592	-0.9026558173900903	0	1	No-PER3D	No-Essential3D
106	H	106	-5.151	2.808	41.876	-1.46	0	0.6954127221725442	-0.8403097936781491	0	1	No-PER3D	No-Essential3D
107	K	107	-5.309	6.621	42.048	0.07	0	-0.23724627529926415	-1.0239119682301967	0	1	No-PER3D	No-Essential3D
108	D	108	-8.804	6.801	40.48	-1.46	0	-0.056984452258494585	-1.0308376705864124	0	1	No-PER3D	No-Essential3D
109	K	109	-10.022	3.396	39.302	0.07	0	-0.056984452258494585	-1.0308376705864124	0	1	No-PER3D	No-Essential3D
110	G	110	-11.521	1.713	42.391	0.84	0	0.11892961663846313	-0.3516923206586169	0	1	No-PER3D	No-Essential3D
111	F	111	-9.191	-1.3	42.478	0.84	0	0.7922503077581183	-0.12241102469120904	0	1	No-PER3D	No-Essential3D
112	G	112	-6.003	-2.403	44.236	0.84	0.323529411764706	0.7571523201618665	-0.1362317079024216	0	1	No-PER3D	No-Essential3D
113	F	113	-3.582	-5.231	45.009	0.84	0.434194341943419	0.8473744343705871	0.11159438685640018	0	1	No-PER3D	No-Essential3D
114	I	114	-2.288	-6.834	48.182	0.84	0.432598039215686	0.38698094001741884	-0.10511578230957382	0	1	No-PER3D	No-Essential3D
115	R	115	0.348	-9.561	48.587	0.07	0.435802469135802	0.862946460258303	0.08694168471179103	0	1	No-PER3D	No-Essential3D
116	L	116	-0.236	-12.067	51.394	0.84	0.439054726368159	0.13652432666521022	0.12481850583902494	0	1	No-PER3D	No-Essential3D
117	E	117	2.488	-14.356	52.732	0.84	0.439054726368159	-0.21074715024890672	0.042690605383586724	0	1	No-PER3D	No-Essential3D
118	T	118	1.325	-17.732	51.246	0.07	0.328996282527881	-0.03714990072646521	0.2658765275918665	0	1	No-PER3D	No-Essential3D
119	R	119	-1.252	-19.244	48.793	0.84	0.329925650557621	0.4161991057251174	0.5877603185815651	0	1	No-PER3D	No-Essential3D
120	T	120	-3.206	-20.713	51.746	-0.69	0.53134328358209	-0.541128512229403	0.684325011042738	0	1	No-PER3D	No-Essential3D
121	L	121	-3.592	-17.244	53.4	0.84	0.53134328358209	-0.929219079875122	0.460072449149372	0	1	No-PER3D	No-Essential3D
122	A	122	-4.575	-15.629	50.077	0.84	0.53134328358209	0.4947871365637513	0.5308377735803121	0	1	No-PER3D	No-Essential3D
123	E	123	-7.169	-18.469	49.402	0.84	0.530855018587361	1.0326378825487386	1.2288148773448644	0	1	No-PER3D	No-Essential3D
124	I	124	-8.717	-17.88	52.894	0.84	0.442379182156134	0.66876777122924	1.0065384582490047	0	1	No-PER3D	No-Essential3D
125	A	125	-8.706	-14.042	52.494	0.84	0.442786069651741	0.16272921393908876	0.7717168213453882	0	1	No-PER3D	No-Essential3D
126	K	126	-10.312	-14.386	48.994	0.84	0.441140024783147	0.919267712768079	1.0095563377390324	0	1	No-PER3D	No-Essential3D
127	V	127	-13.222	-16.617	50.233	-0.31	0.441140024783147	0.49528171196235843	1.5699705940649102	0	1	No-PER3D	No-Essential3D
128	E	128	-13.819	-14.48	53.347	0.84	0.444029850746269	0.29074252972111075	1.3716421889137174	0	1	No-PER3D	No-Essential3D
129	L	129	-13.544	-11.033	51.683	0.84	0.447368421052632	-0.05018549516117506	0.9502693325136006	0	1	No-PER3D	No-Essential3D
130	D	130	-15.052	-11.618	48.226	0.84	0.450314465408805	0.4127728920154581	1.0332991715865116	0	1	No-PER3D	No-Essential3D
131	N	131	-18.488	-9.849	47.953	-1.46	0.449874686716792	-0.6170890131328984	1.3746558386269458	0	1	No-PER3D	No-Essential3D
132	M	132	-17.919	-8.101	51.284	-0.69	0.453282828282828	-0.6734449163455842	1.1428267379327208	0	1	No-PER3D	No-Essential3D
133	P	133	-19.908	-4.857	51.605	-1.08	0.455470737913486	-0.8579806997626278	1.0974615468810842	0	1	No-PER3D	No-Essential3D
134	L	134	-17.746	-1.749	52.063	0.07	0.390403489640131	-0.928557854070463	0.42464060767354633	0	1	No-PER3D	No-Essential3D
135	R	135	-19.321	1.732	52.131	0.07	0.391899288451013	-1.6865871165317754	0.4727114524898877	0	1	No-PER3D	No-Essential3D
136	G	136	-22.122	0.893	49.649	-0.31	0.514367816091954	-3.0969715851651727	0.9225709258138532	0	1	No-PER3D	No-Essential3D
137	K	137	-19.869	-1.229	47.404	0.07	0.585605234460196	-0.8401425179046035	0.4497701148172284	0	1	No-PER3D	No-Essential3D
138	Q	138	-19.684	-5.039	47.185	-0.69	0.683908045977011	-0.8579806997626278	0.9613868030504092	0	1	No-PER3D	No-Essential3D
139	L	139	-15.935	-5.842	47.015	0.84	0.683908045977011	0.010017974308554852	0.7352440567949604	0	1	No-PER3D	No-Essential3D
140	R	140	-14.574	-8.217	44.333	0.84	0.680608365019011	0.49325395282807005	0.9662427379079589	0	1	No-PER3D	No-Essential3D
141	V	141	-11.615	-10.192	45.678	0.07	0.675471698113208	0.9056047367830349	0.8828588859226079	0	1	No-PER3D	No-Essential3D
142	R	142	-9.833	-12.44	43.206	0.84	0.835674157303371	1.31712056109447	0.9321056779255649	0	1	No-PER3D	No-Essential3D
143	F	143	-6.399	-13.925	42.652	0.84	0.766917293233083	1.5311286697279283	0.8579554013926874	0	1	No-PER3D	No-Essential3D
144	A	144	-4.39	-11.384	40.602	0.84	0.774891774891775	1.7382980612810426	0.8814462058979502	0	1	No-PER3D	No-Essential3D
145	C	145	-3.583	-12.473	36.999	-0.31	0.772727272727273	0.7985639476993802	0.4722970815600067	0	1	No-PER3D	No-Essential3D
146	H	146	0.096	-13.648	36.876	0.84	0.671698113207547	0.6493914061682637	0.3231931248983756	0	1	No-PER3D	No-Essential3D
147	S	147	2.207	-11.338	34.693	-0.31	0.676136363636364	0.7635698435758778	0.103031865994718	0	1	No-PER3D	No-Essential3D
148	A	148	5.187	-13.648	34.256	0.84	0.671052631578947	0.3675876908031267	0.3288591089611099	0	1	No-PER3D	No-Essential3D
149	S	149	3.993	-17.295	33.92	-0.31	0.771967654986523	0.4323144546344609	0.25518904557110966	0	1	No-PER3D	No-Essential3D
150	L	150	5.242	-19.611	31.195	0.84	0.76906552094522	0.4921620825249918	0.26428519676838075	0	1	No-PER3D	No-Essential3D
151	T	151	4.427	-23.016	29.723	0.07	0.672932330827068	1.1275738783813238	0.5116723888695373	0	1	No-PER3D	No-Essential3D
152	V	152	7.444	-25.217	29.023	0.84	0.774891774891775	0.9473236262890514	0.7532063334526704	0	1	No-PER3D	No-Essential3D
153	R	153	6.832	-28.056	26.576	0.07	0.778625954198473	0.7922503077581183	0.5879726285664206	0	1	No-PER3D	No-Essential3D
154	N	154	8.988	-30.984	25.357	0.84	0.778625954198473	0.024841592807489227	0.4374176032472021	0	1	No-PER3D	No-Essential3D
155	L	155	10.588	-31.467	28.76	0.84	0.902408111533587	0.22530006722569698	1.2227929088530785	0	1	No-PER3D	No-Essential3D
156	P	156	13.193	-34.27	28.639	-0.69	0.898989898989899	0.41744192583968115	0.8361601565409882	0	1	No-PER3D	No-Essential3D
157	Q	157	13.243	-37.131	31.206	-0.69	0.89811320754717	0.5834112435679621	1.248334237606481	0	1	No-PER3D	No-Essential3D
158	Y	158	14.932	-36.613	34.66	-1.08	0.968614718614719	-0.1536012110098748	2.095281480465211	0	1	No-PER3D	No-Essential3D
159	V	159	13.733	-32.993	34.969	0.84	0.975013579576317	0.5634881555702349	1.805678554002474	0	1	No-PER3D	No-Essential3D
160	S	160	12.579	-32.276	38.559	0.84	0.967654986522911	0.5808982087434169	1.957935279638331	0	1	No-PER3D	No-Essential3D
161	N	161	10.78	-29.125	39.761	0.84	0.967654986522911	0.8687818621812547	1.9247507968602628	0	1	No-PER3D	No-Essential3D
162	E	162	14.177	-27.973	41.249	0.84	0.840355805243446	1.3672181397062966	2.074879470252817	0	1	No-PER3D	No-Essential3D
163	L	163	16.085	-28.577	38.005	0.84	0.83410780669145	0.5834112435679621	2.339703353198227	0	1	No-PER3D	No-Essential3D
164	L	164	13.382	-26.579	36.083	0.84	0.750524109014675	0.8909420308478665	1.7172901737963668	0	1	No-PER3D	No-Essential3D
165	E	165	13.808	-23.75	38.616	0.84	0.845170454545455	1.2979946382254222	1.920553204478121	0	1	No-PER3D	No-Essential3D
166	E	166	17.647	-23.885	38.429	-0.31	0.753367003367003	1.2032341401508138	2.326325014393421	0	1	No-PER3D	No-Essential3D
167	A	167	17.484	-23.872	34.581	0.84	0.683206106870229	1.4932288859084935	1.8683382392422807	0	1	No-PER3D	No-Essential3D
168	F	168	15.145	-20.836	34.34	0.84	0.689922480620155	0.8440562830599337	1.0047252599839158	0	1	No-PER3D	No-Essential3D
169	S	169	16.832	-18.976	37.199	0.84	0.690661478599222	0.5916002708410492	1.3662688067520437	0	1	No-PER3D	No-Essential3D
170	V	170	19.461	-17.894	34.525	-1.08	0.686046511627907	0.7284740124055047	1.2480824208440864	0	1	No-PER3D	No-Essential3D
171	F	171	16.804	-15.48	33.108	0.84	0.686046511627907	0.4112745478275603	0.5313945610484343	0	1	No-PER3D	No-Essential3D
172	G	172	15.808	-13.922	36.439	0.84	0.683397683397684	0.22543376563015546	0.6794998847752673	0	1	No-PER3D	No-Essential3D
173	Q	173	14.071	-14.57	39.78	-0.69	0.455598455598456	0.4112745478275603	0.8037937777156778	0	1	No-PER3D	No-Essential3D
174	V	174	11.897	-17.711	39.681	0.07	0.450381679389313	0.8098583992816676	1.1074887910345366	0	1	No-PER3D	No-Essential3D
175	E	175	8.984	-17.75	42.142	0.84	0.450381679389313	0.4947480911375456	0.9121325351482885	0	1	No-PER3D	No-Essential3D
176	R	176	7.883	-21.373	41.221	0.07	0.386813186813187	1.107878418847328	1.1592355950811104	0	1	No-PER3D	No-Essential3D
177	A	177	8.636	-24.104	38.714	0.84	0.451282051282051	1.179352219911946	1.7454818376286945	0	1	No-PER3D	No-Essential3D
178	V	178	6.584	-27.299	38.375	0.84	0.451282051282051	0.985630738981148	1.8652446604284623	0	1	No-PER3D	No-Essential3D
179	V	179	7.069	-30.463	36.253	0.84	0.453846153846154	0.4920111327135064	2.0628330573623384	0	1	No-PER3D	No-Essential3D
180	I	180	3.436	-31.491	35.623	0.07	0.453846153846154	1.38827563840852	1.5319638520691117	0	1	No-PER3D	No-Essential3D
181	V	181	2.658	-35.159	36.428	0.84	0.453846153846154	0.9596385537143629	1.3707613282238955	0	1	No-PER3D	No-Essential3D
182	D	182	-0.358	-37.418	35.659	0.84	0.459143968871595	1.2081170384006046	0.41151000605341287	0	1	No-PER3D	No-Essential3D
183	D	183	-2.573	-39.442	38.169	0.84	0.275486381322957	0.4885225148480643	0.808183212113547	0	1	No-PER3D	No-Essential3D
184	R	184	0.291	-42.061	38.451	0.84	0.274418604651163	0.4885225148480643	0.808183212113547	0	1	No-PER3D	No-Essential3D
185	G	185	3.087	-39.491	39.009	0.84	0.274418604651163	1.0731930652345034	1.0104644080490532	0	1	No-PER3D	No-Essential3D
186	R	186	4.484	-39.827	35.445	0.84	0.274131274131274	0.19998928803163493	1.506586104120176	0	1	No-PER3D	No-Essential3D
187	P	187	5.66	-36.514	33.9	-1.08	0.275193798449612	0.3912488520293101	1.9100844094720502	0	1	No-PER3D	No-Essential3D
188	S	188	3.392	-35.152	31.136	0.07	0.273359073359073	0.49343829456755095	1.4853193678470227	0	1	No-PER3D	No-Essential3D
189	G	189	6.343	-33.44	29.34	0.84	0	-0.22613259542864605	1.7104219459193533	0	1	No-PER3D	No-Essential3D
190	K	190	4.855	-30.034	30.247	0.84	0	0.4920111327135064	1.4279009451254627	0	1	No-PER3D	No-Essential3D
191	G	191	5.949	-27.676	32.998	0.84	0	0.8065701412260651	1.5141808712854818	0	1	No-PER3D	No-Essential3D
192	I	192	5.181	-24.276	34.52	-0.31	0	1.1655094679270994	1.157659079679972	0	1	No-PER3D	No-Essential3D
193	V	193	7.734	-21.511	35.211	0.84	0	0.44120813504800566	1.1568933623107303	0	1	No-PER3D	No-Essential3D
194	E	194	6.485	-18.48	37.215	0.84	0	0.9384919227424997	0.7631248247815401	0	1	No-PER3D	No-Essential3D
195	F	195	8.894	-15.534	37.42	0.84	0	0.43231445463446055	0.6141916313039287	0	1	No-PER3D	No-Essential3D
196	S	196	8.642	-12.658	39.933	-0.31	0	0.6410268997393247	0.4057879600499835	0	1	No-PER3D	No-Essential3D
197	G	197	8.584	-10.056	37.104	-0.31	0	0.6904535286376002	0.3833277047475291	0	1	No-PER3D	No-Essential3D
198	K	198	7.641	-9.752	33.385	0.84	0	0.4960928156160736	0.3223286402261933	0	1	No-PER3D	No-Essential3D
199	P	199	11.224	-8.698	32.183	0.84	0	-0.32089133958865346	0.13775135301383437	0	1	No-PER3D	No-Essential3D
200	A	200	12.621	-12.096	33.326	-0.69	0	-0.043634273342705344	0.5784129885386298	0	1	No-PER3D	No-Essential3D
201	A	201	9.756	-13.966	31.55	0.84	0	0.22703814648365828	0.4887167004653145	0	1	No-PER3D	No-Essential3D
202	R	202	10.363	-11.91	28.327	0.84	0	0.5885586321396168	0.01066963892274204	0	1	No-PER3D	No-Essential3D
203	K	203	14.106	-12.807	28.519	0.84	0	0.49450180460301657	0.052390747486742266	0	1	No-PER3D	No-Essential3D
204	A	204	13.26	-16.56	28.807	0.84	0	0.11439182052173157	0.22512160119432767	0	1	No-PER3D	No-Essential3D
205	L	205	10.812	-16.331	25.887	-0.31	0	0.4920111327135064	-0.06741621635339591	0	1	No-PER3D	No-Essential3D
206	D	206	13.233	-14.479	23.598	0.07	0	-0.1215839615211132	-0.9314071797876599	0	1	No-PER3D	No-Essential3D
208	C	208	14.522	-19.922	24.23	0.84	0	0.40692934968265687	0.05214289641692546	0	1	No-PER3D	No-Essential3D
209	S	209	13.065	-19.135	20.728	-0.31	0	0.07899468968789242	-0.8762426931584074	0	1	No-PER3D	No-Essential3D
210	E	210	16.368	-17.685	19.319	0.07	0	-0.5099074588919491	-1.1416489082858654	0	1	No-PER3D	No-Essential3D
211	G	211	18.511	-20.426	20.91	0.84	0	-0.0927684369812279	-1.1416489082858654	0	1	No-PER3D	No-Essential3D
212	S	212	18.214	-24.111	21.798	-1.08	0	-0.24645123452728332	-1.1416489082858654	0	1	No-PER3D	No-Essential3D
213	F	213	17.769	-24.397	25.575	0.84	0	0.024841592807489227	0.33910088400004773	0	1	No-PER3D	No-Essential3D
214	L	214	18.797	-27.908	26.722	0.84	0	0.5834112435679621	0.8659097428970431	0	1	No-PER3D	No-Essential3D
215	L	215	17.957	-28.885	30.31	0.84	0	-0.03389801050189242	1.6744915133323326	0	1	No-PER3D	No-Essential3D
216	T	216	19.784	-32.268	30.305	0.84	0	-0.3175852105653576	1.3490129392889048	0	1	No-PER3D	No-Essential3D
217	T	217	22.279	-34.412	28.238	0.84	0	0.2722282071906532	-0.05260475181050235	0	1	No-PER3D	No-Essential3D
218	F	218	19.51	-35.181	25.682	-1.08	0	-0.3109273507391339	-0.014187578908735118	0	1	No-PER3D	No-Essential3D
219	P	219	19.966	-32.778	22.708	0.84	0	-0.22379287335062126	-0.3315731122868726	0	1	No-PER3D	No-Essential3D
220	R	220	16.283	-31.775	22.428	0.84	0	-0.3721485843720505	-0.18835878175320472	0	1	No-PER3D	No-Essential3D
221	P	221	15.463	-28.12	23.256	0.84	0	0.29757519636925595	-0.138812622155734	0	1	No-PER3D	No-Essential3D
222	V	222	12.448	-27.119	25.299	0.84	0	0.42431014226227015	0.4976464396940526	0	1	No-PER3D	No-Essential3D
223	T	223	9.577	-24.93	23.902	-1.08	0	0.34091037141654484	-0.0944138669382643	0	1	No-PER3D	No-Essential3D
224	V	224	8.775	-21.859	26.078	0.84	0	0.5572732054963129	0.0044044101970773415	0	1	No-PER3D	No-Essential3D
225	E	225	5.426	-20.08	25.497	0.84	0	0.5742194782614358	-0.05673510391074537	0	1	No-PER3D	No-Essential3D
226	P	226	3.29	-17.662	27.588	0.84	0	0.5742194782614358	0.06163235427813677	0	1	No-PER3D	No-Essential3D
227	M	227	0.846	-19.416	29.924	0.07	0	-0.06843532736976914	0.38599820853537503	0	1	No-PER3D	No-Essential3D
228	D	228	-2.708	-19.582	28.594	0.07	0	-0.056984452258494585	0.8382057699880553	0	1	No-PER3D	No-Essential3D
229	Q	229	-4.467	-18.347	31.751	0.84	0	0.24661440759964384	0.8648249210180031	0	1	No-PER3D	No-Essential3D
230	L	230	-7.848	-20.017	32.117	-0.31	0	0.49021231412663774	-0.44078640493124693	0	1	No-PER3D	No-Essential3D
231	D	231	-10.185	-19.606	35.083	0.84	0	1.158648628750936	0.16852968037475577	0	1	No-PER3D	No-Essential3D
232	D	232	-11.718	-23.051	35.811	0.84	0	1.5294388704493544	-1.1416489082858654	0	1	No-PER3D	No-Essential3D
233	E	233	-12.842	-21.887	39.312	0.84	0	1.7653962969847121	-0.2933496341637781	0	1	No-PER3D	No-Essential3D
234	E	234	-15.14	-18.814	38.992	0.07	0	1.5294388704493544	0.24648669252465832	0	1	No-PER3D	No-Essential3D
235	G	235	-15.942	-19.478	35.285	0.84	0	1.078262463070224	-1.1416489082858654	0	1	No-PER3D	No-Essential3D
236	L	236	-18.995	-17.846	33.714	0.84	0	0.49684152668104176	-1.1416489082858654	0	1	No-PER3D	No-Essential3D
237	P	237	-21.804	-17.143	36.261	0.84	0	0.8856253453128426	-1.1416489082858654	0	1	No-PER3D	No-Essential3D
238	E	238	-25.303	-16.413	34.848	0.84	0	0.28328871155949814	-1.1416489082858654	0	1	No-PER3D	No-Essential3D
239	K	239	-25.198	-12.862	36.347	0.84	0	0.4973094710966464	-1.1416489082858654	0	1	No-PER3D	No-Essential3D
240	L	240	-22.119	-11.975	34.226	0.84	0	0.4989685467519734	-1.1416489082858654	0	1	No-PER3D	No-Essential3D
241	V	241	-23.645	-13.188	30.869	-0.69	0	-0.3360995330958152	-1.1416489082858654	0	1	No-PER3D	No-Essential3D
242	I	242	-24.694	-10.195	28.696	-0.69	0	-1.2953855850860156	-1.1416489082858654	0	1	No-PER3D	No-Essential3D
243	K	243	-28.442	-10.555	28.172	0.84	0	-1.0009148492660274	-1.1416489082858654	0	1	No-PER3D	No-Essential3D
244	N	244	-28.566	-9.313	24.494	0.46	0	-1.638934776876002	-1.1416489082858654	0	1	No-PER3D	No-Essential3D
245	Q	245	-30.688	-10.442	21.418	-0.69	0	-1.1988188738657162	-1.1416489082858654	0	1	No-PER3D	No-Essential3D
246	Q	246	-28.316	-13.424	20.691	-0.31	0	-1.638934776876002	-1.1416489082858654	0	1	No-PER3D	No-Essential3D
247	F	247	-28.653	-14.534	24.34	0.07	0	-1.335495106423585	-1.1416489082858654	0	1	No-PER3D	No-Essential3D
248	H	248	-32.474	-14.705	24.176	-1.08	0	-1.335495106423585	-1.1416489082858654	0	1	No-PER3D	No-Essential3D
249	K	249	-32.34	-16.419	20.719	0.84	0	-0.4780426724959914	-1.1416489082858654	0	1	No-PER3D	No-Essential3D
250	E	250	-29.987	-19.068	22.169	0.84	0	-0.22379287335062126	-1.1416489082858654	0	1	No-PER3D	No-Essential3D
251	R	251	-32.083	-19.572	25.333	0.84	0	-0.4374874898102266	-1.1416489082858654	0	1	No-PER3D	No-Essential3D
252	E	252	-35.362	-20.072	23.419	0.84	0	-0.2854055547386097	-1.1416489082858654	0	1	No-PER3D	No-Essential3D
253	Q	253	-34.679	-23.867	23.484	0.07	0	1.2081170384006046	-1.1416489082858654	0	1	No-PER3D	No-Essential3D
254	P	254	-33.703	-25.545	26.785	0.84	0	1.3395668787841846	-1.1416489082858654	0	1	No-PER3D	No-Essential3D
255	P	255	-30.979	-28.261	27.246	0.84	0	2.306746538593176	-1.1416489082858654	0	1	No-PER3D	No-Essential3D
256	R	256	-32.237	-31.381	25.411	0.84	0	1.4635366985849876	-1.1416489082858654	0	1	No-PER3D	No-Essential3D
257	F	257	-31.289	-34.261	23.075	0.84	0	-1.1269255954682245	-1.1416489082858654	0	1	No-PER3D	No-Essential3D
258	A	258	-32.162	-33.559	19.354	0.84	0	0.2570200136834915	-1.1416489082858654	0	1	No-PER3D	No-Essential3D
259	Q	259	-35.23	-35.635	18.557	0.84	0	-0.5099074588919491	-1.1416489082858654	0	1	No-PER3D	No-Essential3D
260	P	260	-35.641	-37.547	15.25	-2.23	0	-0.7666083954523931	-1.1416489082858654	0	1	No-PER3D	No-Essential3D
261	G	261	-38.102	-35.769	12.972	0.84	0	-1.0660928214395775	-1.1416489082858654	0	1	No-PER3D	No-Essential3D
262	S	262	-37.004	-32.208	13.895	0.07	0	-0.7666083954523931	-1.1416489082858654	0	1	No-PER3D	No-Essential3D
263	F	263	-34.979	-29.674	11.768	0.84	0	-0.7666083954523931	-1.1416489082858654	0	1	No-PER3D	No-Essential3D
264	E	264	-32.349	-29.628	14.56	0.84	0	-0.02855606439543409	-1.1416489082858654	0	1	No-PER3D	No-Essential3D
265	Y	265	-31.95	-33.483	14.506	0.07	0	0.07899468968789242	-1.1416489082858654	0	1	No-PER3D	No-Essential3D
266	E	266	-30.842	-33.31	10.839	0.84	0	-0.5300040003121272	-1.1416489082858654	0	1	No-PER3D	No-Essential3D
267	Y	267	-28.344	-30.564	11.62	0.84	0	-0.33252113462354205	-1.1416489082858654	0	1	No-PER3D	No-Essential3D
268	A	268	-27.16	-32.038	14.879	-0.31	0	-0.6737214289548055	-1.1416489082858654	0	1	No-PER3D	No-Essential3D
269	M	269	-26.465	-35.363	13.08	-1.08	0	-0.6737214289548055	-1.1416489082858654	0	1	No-PER3D	No-Essential3D
270	R	270	-24.453	-33.469	10.422	0.84	0	-0.08896638860443755	-1.1416489082858654	0	1	No-PER3D	No-Essential3D
271	W	271	-22.592	-31.716	13.267	0.84	0	-0.08896638860443755	-1.1416489082858654	0	1	No-PER3D	No-Essential3D
272	K	272	-21.851	-35.09	14.983	0.84	0	0.08257308816016588	-1.1416489082858654	0	1	No-PER3D	No-Essential3D
273	A	273	-20.494	-36.488	11.66	-0.31	0	0.028897111076065577	-1.1416489082858654	0	1	No-PER3D	No-Essential3D
274	L	274	-18.307	-33.347	11.161	0.84	0	0.028897111076065577	-1.1416489082858654	0	1	No-PER3D	No-Essential3D
275	I	275	-16.942	-33.687	14.752	-1.84	0	-0.43748748981022695	-1.1416489082858654	0	1	No-PER3D	No-Essential3D
276	E	276	-16.092	-37.375	14.036	0.84	0	-0.2833777956043213	-1.1416489082858654	0	1	No-PER3D	No-Essential3D
277	M	277	-14.306	-36.25	10.79	0.84	0	0.49528171196235843	-1.1416489082858654	0	1	No-PER3D	No-Essential3D
278	E	278	-12.306	-33.65	12.795	0.84	0	0.49528171196235843	-1.1416489082858654	0	1	No-PER3D	No-Essential3D
279	K	279	-11.341	-36.404	15.335	0.84	0	0.1830068052819712	-1.1416489082858654	0	1	No-PER3D	No-Essential3D
280	Q	280	-10.111	-38.682	12.475	0.84	0	-0.12926810139841605	-1.1416489082858654	0	1	No-PER3D	No-Essential3D
281	Q	281	-8.151	-35.754	10.856	0.84	0	0.3371164994878765	-1.1416489082858654	0	1	No-PER3D	No-Essential3D
282	Q	282	-6.476	-34.842	14.174	-0.31	0	0.024841592807489227	-1.1416489082858654	0	1	No-PER3D	No-Essential3D
283	D	283	-5.692	-38.51	15.02	0.07	0	0.7994455821055922	-1.1416489082858654	0	1	No-PER3D	No-Essential3D
284	Q	284	-3.846	-38.844	11.696	0.84	0	0.48717067542520537	-1.1416489082858654	0	1	No-PER3D	No-Essential3D
285	V	285	-1.77	-35.659	12.319	0.84	0	0.48717067542520537	-1.1416489082858654	0	1	No-PER3D	No-Essential3D
286	D	286	-0.984	-36.944	15.897	0.07	0	0.17489576874481816	-1.1416489082858654	0	1	No-PER3D	No-Essential3D
287	R	287	0.187	-40.313	14.424	0.07	0	-0.13737913793556875	-1.1416489082858654	0	1	No-PER3D	No-Essential3D
288	N	288	2.36	-38.591	11.75	0.84	0	-0.13737913793556875	-1.1416489082858654	0	1	No-PER3D	No-Essential3D
289	I	289	3.975	-36.274	14.338	0.07	0	0.04790735296001799	-1.1416489082858654	0	1	No-PER3D	No-Essential3D
290	K	290	4.589	-39.162	16.865	0.07	0	-0.24485037205284516	-1.1416489082858654	0	1	No-PER3D	No-Essential3D
291	E	291	6.265	-41.218	14.082	0.07	0	-0.13737913793556908	-1.1416489082858654	0	1	No-PER3D	No-Essential3D
292	A	292	8.429	-38.234	12.977	0.84	0	-0.13737913793556908	-1.1416489082858654	0	1	No-PER3D	No-Essential3D
293	R	293	9.397	-37.458	16.602	0.07	0	0.3567181711193294	-0.8897795532928455	0	1	No-PER3D	No-Essential3D
294	E	294	10.215	-41.122	17.467	0.07	0	0.17489576874481816	-1.1416489082858654	0	1	No-PER3D	No-Essential3D
295	K	295	12.506	-41.265	14.369	0.84	0	-0.4455985263473796	-1.1416489082858654	0	1	No-PER3D	No-Essential3D
296	L	296	14.406	-38.082	15.42	0.84	0	-0.5490142421960794	-1.1416489082858654	0	1	No-PER3D	No-Essential3D
297	E	297	14.402	-39.102	19.142	0.84	0	-0.8891247515380595	-0.676499807480914	0	1	No-PER3D	No-Essential3D
298	M	298	16.022	-42.444	18.185	-1.08	0	-0.7395168766542102	-1.1416489082858654	0	1	No-PER3D	No-Essential3D
299	E	299	18.816	-40.603	16.247	0.84	0	-0.4172098984673445	-1.1416489082858654	0	1	No-PER3D	No-Essential3D
300	M	300	19.203	-38.161	19.265	0.84	0	-0.3969323071244621	-0.8799247719343842	0	1	No-PER3D	No-Essential3D
301	E	301	19.471	-41.118	21.789	0.84	0	-0.8401425179046035	-0.6184558679397435	0	1	No-PER3D	No-Essential3D
302	A	302	21.968	-43.013	19.508	-1.46	0	-0.44154300807880326	-1.1416489082858654	0	1	No-PER3D	No-Essential3D
303	A	303	24.149	-39.865	19.006	0.84	0	-0.4138302999101976	-1.1416489082858654	0	1	No-PER3D	No-Essential3D
304	R	304	24.144	-38.924	22.766	-1.08	NA	-0.4138302999101976	-1.1416489082858654	0	1	No-PER3D	No-Essential3D
305	H	305	25.255	-42.508	23.751	0.84	0	-1.151974384774138	-1.1416489082858654	0	1	No-PER3D	No-Essential3D
306	E	306	28.428	-41.529	21.732	0.84	0	-0.963437515266236	-1.1416489082858654	0	1	No-PER3D	No-Essential3D
307	H	307	29.44	-38.571	24.053	0.84	0	-0.963437515266236	-1.1416489082858654	0	1	No-PER3D	No-Essential3D
308	Q	308	30.92	-40.276	27.192	0.84	0	-0.3526902896490826	-1.1416489082858654	0	1	No-PER3D	No-Essential3D
309	V	309	32.811	-42.687	24.72	-0.69	0	-0.6706797902533729	-1.1416489082858654	0	1	No-PER3D	No-Essential3D
310	M	310	36.032	-40.691	25.417	-0.69	0	-0.08516434022764686	-1.1416489082858654	0	1	No-PER3D	No-Essential3D
311	L	311	34.894	-38.622	28.504	0.84	0	-0.08516434022764686	-1.1416489082858654	0	1	No-PER3D	No-Essential3D
312	M	312	35.015	-41.699	30.852	0.07	0	-0.5012170626021423	-1.1416489082858654	0	1	No-PER3D	No-Essential3D
