Uniprot_position	aminoacid	Position_in_structure	x	y	z	paraz	mtr	paraz3dscore	mtr3dscore	PER3D_OR	PER3D_pvalue	PER3D	Essential3D
4	T	4	126.169	99.45	137.313	-0.97	0	-1.1166291236528139	-1.0443660438370455	0	1	No-PER3D	No-Essential3D
5	L	5	127.774	96.055	138.103	-0.67	0	-1.1166291236528139	-1.0443660438370455	0	1	No-PER3D	No-Essential3D
6	S	6	129.258	95.543	134.602	0.56	0	-2.2849264598961945	-1.0443660438370455	0	0.2608695652173914	No-PER3D	No-Essential3D
7	A	7	132.326	93.324	134.825	-0.97	0	-2.2849264598961945	-1.0443660438370455	0	0.2608695652173914	No-PER3D	No-Essential3D
8	E	8	134.669	94.273	131.997	0.56	0	-2.5685037137863245	-1.0443660438370455	0	0.2608695652173914	No-PER3D	No-Essential3D
11	A	11	135.176	98.079	127.591	-2.2	0	-2.4944528544672413	-1.0443660438370455	0	0.2608695652173914	No-PER3D	No-Essential3D
12	A	12	132.597	96.597	125.229	-2.2	0	-2.1055664061721844	-1.0443660438370455	0	0.2608695652173914	No-PER3D	No-Essential3D
14	E	14	133.442	101.808	125.146	-1.59	0	-1.9077789496683102	-1.0443660438370455	0	0.2608695652173914	No-PER3D	No-Essential3D
15	R	15	133.831	100.003	121.814	-1.28	0	-2.027780430195364	-1.0443660438370455	0	0.2608695652173914	No-PER3D	No-Essential3D
16	S	16	130.154	100.661	121.111	-0.05	0	-1.9085607182710924	-1.0443660438370455	0	0.2608695652173914	No-PER3D	No-Essential3D
17	K	17	130.502	104.377	121.872	-1.28	0	-1.9092121921067442	-1.0443660438370455	0	0.2608695652173914	No-PER3D	No-Essential3D
19	I	19	131.939	103.092	116.674	0.87	0	-1.6261468105160548	-1.0443660438370455	0	1	No-PER3D	No-Essential3D
20	E	20	128.846	105.219	117.286	-0.05	0	-1.35079888820924	-1.0443660438370455	0	1	No-PER3D	No-Essential3D
21	K	21	131.209	108.19	117.055	0.56	0	-1.4848700558704304	-1.0443660438370455	0	1	No-PER3D	No-Essential3D
22	N	22	132.669	106.862	113.802	-1.28	0	-1.3896618081744663	-1.0443660438370455	0	1	No-PER3D	No-Essential3D
23	L	23	129.184	106.255	112.358	1.17	0	-1.423343005477662	-1.0443660438370455	0	1	No-PER3D	No-Essential3D
24	K	24	128.278	109.84	113.256	-0.67	0	-1.4833344389721084	-1.0443660438370455	0	1	No-PER3D	No-Essential3D
25	E	25	131.404	111.311	111.649	-0.67	0	-1.435730315124126	-1.0443660438370455	0	1	No-PER3D	No-Essential3D
26	D	26	130.996	109.364	108.407	-0.05	0	-1.378912489886212	-1.0443660438370455	0	1	No-PER3D	No-Essential3D
27	G	27	127.311	110.278	108.371	-0.97	0	-1.378912489886212	-1.0443660438370455	0	1	No-PER3D	No-Essential3D
28	I	28	128.225	113.96	108.557	-1.28	0	-1.6534335415554688	-1.0443660438370455	0	1	No-PER3D	No-Essential3D
29	S	29	130.91	113.531	105.887	-0.97	0	-1.765887948263357	-0.9740809072895831	0	0.2608695652173914	No-PER3D	No-Essential3D
30	A	30	128.459	111.789	103.567	-0.97	0	-1.1715138782069578	-0.9284369127317023	0	0.2608695652173914	No-PER3D	No-Essential3D
31	A	31	125.659	114.226	104.395	-0.97	0	-1.0521332139232897	-0.9458262823975037	0	0.2608695652173914	No-PER3D	No-Essential3D
32	K	32	127.723	117.075	102.974	-0.97	0	-1.2475319330297738	-0.9348774200153324	0	0.2608695652173914	No-PER3D	No-Essential3D
33	D	33	127.223	115.362	99.609	-0.05	0	-0.7165891092022523	-0.9308913269457522	0.3430130902748586	0.4579710144927536	No-PER3D	No-Essential3D
34	V	34	124.435	116.128	97.145	0.56	0.1440329218107	-0.30196516388176164	-0.9177306227165996	0.6935549166731021	0.9999999999999999	No-PER3D	No-Essential3D
35	K	35	122.833	113.195	95.342	1.17	0.144444444444444	0.26736189280578365	-0.8834038749001407	1.0630881293689936	1	No-PER3D	No-Essential3D
36	L	36	121.199	113.471	91.918	1.17	0.143382352941176	0.6573942668732945	-0.825750937110609	1.0630881293689936	1	No-PER3D	No-Essential3D
37	L	37	119.423	110.564	90.269	1.17	0.161305147058824	1.0375342613132934	-0.6575473159061992	2.3201251558559988	0.6568891957878121	No-PER3D	No-Essential3D
38	L	38	119.677	110.81	86.497	1.17	0.184348739495798	1.1741816928215374	-0.4909062570597596	8.431194656938402	0.08638487368159468	No-PER3D	No-Essential3D
39	L	39	116.819	109.24	84.568	1.17	0.183003128258603	1.2260056419673473	-0.3553868290387174	8.431194656938402	0.010576444677616611	PER3D	Essential3D
40	G	40	115.535	109.26	81.009	1.17	0.183673469387755	1.0278323124992794	-0.27438385062547543	6.5877245148189605	0.07303106962206876	No-PER3D	No-Essential3D
41	A	41	114.803	106.844	78.198	-0.36	0.214111922141119	0.766096636924737	-0.265257088452647	1.6196465743018555	0.7232603779134227	No-PER3D	No-Essential3D
42	G	42	117.468	105.077	76.149	0.25	0.215506715506716	1.135532213041209	-0.31636854670208764	8.431194656938402	0.020381142083929236	PER3D	Essential3D
43	E	43	119.206	107.447	73.704	-0.05	0.217283950617284	0.92424579378839	-0.06572436585360811	5.818102027691564	0.1345485868515186	No-PER3D	No-Essential3D
44	S	44	117.909	110.598	75.332	1.17	0.215867158671587	1.1497065592154265	-0.12138264779465108	7.431194656938403	0.07018640706797073	No-PER3D	No-Essential3D
45	G	45	121.336	112.207	75.478	1.17	0.215686274509804	1.1350843247791988	0.02154879172461596	8.431194656938402	0.020381142083929236	PER3D	No-Essential3D
46	K	46	122.047	111.394	79.113	1.17	0.260516605166052	1.2660521218647645	-0.01214135785932205	8.431194656938402	0.020381142083929236	PER3D	Essential3D
47	S	47	125.492	110.039	78.239	1.17	0.217283950617284	1.0532999281360658	0.10774518793898821	8.431194656938402	0.010576444677616611	PER3D	No-Essential3D
48	T	48	126.141	113.441	76.674	1.17	0.32380073800738	1.4324476778109951	0.2965608244324602	3.866436262074366	0.25238211899054974	No-PER3D	No-Essential3D
49	I	49	125.274	115.272	79.864	0.25	0.323148148148148	1.189912402511665	0.03996293112719307	5.113018899205334	0.1405505122403845	No-PER3D	No-Essential3D
50	V	50	127.282	112.829	81.954	0.56	0.287484510532838	1.2132088344813305	0.0066884217507300545	8.431194656938402	0.16475046651376524	No-PER3D	No-Essential3D
51	K	51	130.305	113.426	79.734	1.17	0.388104089219331	1.5470519481765341	0.4357342366745307	8.431194656938402	0.08983660794063018	No-PER3D	No-Essential3D
52	Q	52	129.481	117.122	80.155	1.17	0.388104089219331	1.3827665336710517	0.3404197106372923	2.7986581910237502	0.6598217667639849	No-PER3D	No-Essential3D
53	M	53	130.392	116.677	83.823	1.17	0.390671641791045	0.8193231000617365	-0.005378284109195241	2.3201251558559988	0.6568891957878121	No-PER3D	No-Essential3D
54	K	54	134.048	116.147	82.803	0.56	0.43483709273183	0.9811600587348943	0.3717076861398709	8.431194656938402	0.305888583947229	No-PER3D	No-Essential3D
55	I	55	134.854	113.757	85.667	1.17	0.554904051172708	0.432944826033939	0.005916669364503498	8.431194656938402	1	No-PER3D	No-Essential3D
182	T	182	129.289	96.374	88.074	1.17	0.263736263736264	1.6738939039779317	-0.20855535642181816	8.431194656938402	1	No-PER3D	No-Essential3D
183	T	183	126.838	97.392	85.365	1.17	0.263003663003663	1.4837136573395913	-0.4657278756265034	8.431194656938402	0.5565217391304347	No-PER3D	No-Essential3D
184	G	184	123.857	97.919	87.632	1.17	0.263970588235294	1.5578012664647882	-0.542879631387909	8.431194656938402	0.5599595551061679	No-PER3D	No-Essential3D
185	I	185	124.291	101.519	88.745	1.17	0.145706145706146	1.4814811066181848	-0.4876695244017961	8.431194656938402	0.5599595551061679	No-PER3D	No-Essential3D
186	V	186	127.012	103.703	87.268	-0.36	0.164667896678967	1.1947814317014667	-0.34996772032386264	8.431194656938402	0.3167490478891499	No-PER3D	No-Essential3D
187	E	187	128.002	106.407	89.726	1.17	0	1.1822294327064866	-0.27893062417180675	8.431194656938402	0.5599595551061679	No-PER3D	No-Essential3D
188	T	188	129.689	109.692	88.846	-0.05	0	0.8465945186819367	-0.013934577838854045	1.4554310159491162	1.0000000000000002	No-PER3D	No-Essential3D
189	H	189	131.146	111.651	91.749	-1.28	0	0.35406456284621995	-0.32384877897040554	0.3430130902748586	0.4579710144927536	No-PER3D	No-Essential3D
190	F	190	132.489	115.103	91.033	1.17	0	0.2524040535392192	-0.2584550303232166	0.6935549166731021	0.9999999999999999	No-PER3D	No-Essential3D
191	T	191	132.582	118.48	92.748	-0.05	0	-0.045997022142712625	-0.5486537682256561	0.3430130902748586	0.4579710144927536	No-PER3D	No-Essential3D
192	F	192	131.921	122.101	91.88	-0.05	0	-0.046931745472126	-0.5496602565825057	0	0.2608695652173914	No-PER3D	No-Essential3D
193	K	193	132.307	125.18	94.128	-0.36	0	-0.5435368971990419	-1.0443660438370455	0	1	No-PER3D	No-Essential3D
194	N	194	132.701	122.818	97.111	-0.97	0	-0.6443757401888536	-0.962366717865006	0	0.2608695652173914	No-PER3D	No-Essential3D
195	L	195	129.574	120.804	96.331	-0.36	0	-0.43211253505679725	-0.9263523382701006	0	0.2608695652173914	No-PER3D	No-Essential3D
196	H	196	130.212	117.073	96.03	-1.28	0	-0.4180169072492433	-0.751266516867731	0.3430130902748586	0.4579710144927536	No-PER3D	No-Essential3D
197	F	197	127.757	115.947	93.358	0.25	0	0.1279464919763071	-0.6281336862930885	0.6935549166731021	0.9999999999999999	No-PER3D	No-Essential3D
198	R	198	127.019	112.257	93.365	0.56	0	0.09016100950850504	-0.5490116443847635	0.6935549166731021	0.9999999999999999	No-PER3D	No-Essential3D
199	L	199	125.239	111.471	90.108	0.56	0	0.853362607974541	-0.34354520279894946	1.4554310159491162	1.0000000000000002	No-PER3D	No-Essential3D
200	F	200	123.67	108.025	89.93	-0.05	0	1.1364279895652305	-0.5435444951357332	1.4554310159491162	1.0000000000000002	No-PER3D	No-Essential3D
201	D	201	122.953	106.928	86.381	1.17	0	1.1233985128521953	-0.2693469663428926	8.431194656938402	0.16475046651376524	No-PER3D	No-Essential3D
202	V	202	120.582	103.999	86.787	1.17	0	1.4601721638938223	-0.4688509789168707	8.431194656938402	0.010576444677616611	PER3D	Essential3D
203	G	203	119.751	103.224	83.137	1.17	0	1.3821266932967509	-0.2865494009707241	8.431194656938402	0.020381142083929236	PER3D	Essential3D
204	G	204	121.872	100.091	83.27	1.17	0	1.4716112780080606	-0.3304479215646672	8.431194656938402	0.043702370650533444	PER3D	Essential3D
205	Q	205	119.29	98.452	85.544	1.17	0	1.5387596169255953	-0.5565183308563016	8.431194656938402	0.08983660794063018	No-PER3D	No-Essential3D
206	R	206	117.357	96.527	82.913	0.56	0	1.546245749304915	-0.5737039719998565	8.431194656938402	0.16475046651376524	No-PER3D	No-Essential3D
207	S	207	114.408	95.498	85.093	1.17	0	1.837614290214416	-0.9056451285205083	8.431194656938402	0.3167490478891499	No-PER3D	No-Essential3D
208	E	208	111.171	96.911	86.455	1.17	0	1.8208012539174037	-1.0443660438370455	8.431194656938402	0.3167490478891499	No-PER3D	No-Essential3D
209	R	209	111.727	100.268	88.14	1.17	0	1.5792999030412964	-0.8068317706499689	8.431194656938402	0.16475046651376524	No-PER3D	No-Essential3D
210	K	210	109.173	99.789	90.916	0.56	0	1.1503388720559122	-0.7733385010009853	8.431194656938402	0.305888583947229	No-PER3D	No-Essential3D
211	K	211	111.457	97.481	92.903	1.17	0	1.73673607243234	-0.9719294352271469	8.431194656938402	0.305888583947229	No-PER3D	No-Essential3D
212	W	212	114.435	99.802	93.386	1.17	0	1.8079442261608643	-0.8243383548988795	8.431194656938402	0.3167490478891499	No-PER3D	No-Essential3D
213	I	213	113.14	103.365	93.162	1.17	0	1.2050582524825444	-0.6920643645727411	8.431194656938402	0.3167490478891499	No-PER3D	No-Essential3D
214	H	214	112.038	103.157	96.756	1.17	0	0.762098787997796	-0.7731677700741652	8.431194656938402	0.305888583947229	No-PER3D	No-Essential3D
215	C	215	115.725	103.262	97.667	1.17	0	1.6007985396178044	-0.8516210392140368	8.431194656938402	0.305888583947229	No-PER3D	No-Essential3D
216	F	216	116.314	106.328	95.505	1.17	0	1.223905200462746	-0.6910788890119025	8.431194656938402	0.16475046651376524	No-PER3D	No-Essential3D
217	E	217	114.183	108.537	97.675	1.17	0	0.6101787551054898	-0.7105089908736211	8.431194656938402	0.5565217391304347	No-PER3D	No-Essential3D
218	D	218	116.204	110.998	99.84	-0.67	0	0.4391243858228387	-0.7903870130318823	1.0630881293689936	1	No-PER3D	No-Essential3D
219	V	219	117.81	112.042	96.547	1.17	0	0.5814944329341163	-0.8224617998500973	1.4554310159491162	1.0000000000000002	No-PER3D	No-Essential3D
220	T	220	117.621	115.767	96.017	-0.36	0	0.2631185091735654	-0.8395963836865269	1.0630881293689936	1	No-PER3D	No-Essential3D
221	A	221	116.82	115.914	92.283	-0.05	0	0.4841278944145958	-0.7061870729117274	1.0630881293689936	1	No-PER3D	No-Essential3D
222	I	222	115.81	113.765	89.348	0.87	0	0.7859502165389015	-0.6089717846430687	1.4554310159491162	1.0000000000000002	No-PER3D	No-Essential3D
223	I	223	117.761	115.038	86.374	0.56	0	1.0905642315353468	-0.4266520192564406	8.431194656938402	0.305888583947229	No-PER3D	No-Essential3D
224	F	224	115.634	114.271	83.336	0.56	0	1.0387069142174665	-0.17062860150212056	8.431194656938402	0.04391284225169414	PER3D	Essential3D
225	C	225	116.778	114.279	79.719	0.25	0	1.1224288773758764	-0.08184238410216699	8.431194656938402	0.020381142083929236	PER3D	Essential3D
226	V	226	114.375	114.216	76.792	0.25	0	0.7819393597925863	0.08992888831635507	2.0679235464650167	0.4892547860276314	No-PER3D	No-Essential3D
227	A	227	115.635	114.393	73.227	-0.97	0	0.8999429872236419	0.0635366702437861	4.83972345084435	0.08580933254784642	No-PER3D	No-Essential3D
228	L	228	114.108	116.884	70.826	1.17	0	0.6562917726898838	0.4207008883149338	1.6196465743018555	0.7232603779134227	No-PER3D	No-Essential3D
229	S	229	113.901	114.496	67.883	1.17	0	0.3561539444060851	0.5015972322878648	1.2324346656422984	1	No-PER3D	No-Essential3D
230	G	230	110.613	113.155	69.196	-0.97	0.104093567251462	0.25941007981179887	0.5343032982957202	1.0888895007582824	1	No-PER3D	No-Essential3D
231	Y	231	109.046	111.881	65.99	1.17	0.104020979020979	0.19736754390335856	0.7251539770557576	0.9574641259714228	1	No-PER3D	No-Essential3D
232	D	232	110.3	108.312	65.423	1.17	0.113398796325626	0.45353012184085684	0.17810242324346937	1.0782228415208417	1	No-PER3D	No-Essential3D
233	Q	233	109.906	104.904	67.067	-0.05	0.104895104895105	0.4899332753716667	0.045145000500822784	1.2892476653501603	0.9999999999999999	No-PER3D	No-Essential3D
242	N	242	106.499	108.315	69.082	0.56	0.112464854732896	2.2504649677967747e-4	0.36257157908678606	0.725324618554492	0.7165249162118448	No-PER3D	No-Essential3D
243	R	243	109.44	108.973	71.384	1.17	0.137931034482759	0.3099248500683652	0.18065290402890186	0.9574641259714228	1	No-PER3D	No-Essential3D
244	M	244	108.186	112.182	72.985	1.17	0.13840830449827	0.14488481170325282	0.5431729072695156	0.8367137002985889	1	No-PER3D	No-Essential3D
245	H	245	104.919	110.437	73.785	-1.59	0.15625	0.09016100950850504	0.48319639848687207	0.6223227087209737	0.7034414508062377	No-PER3D	No-Essential3D
246	E	246	106.996	107.651	75.315	1.17	0.139274691358025	0.12318790048111161	-0.04903769193471584	1.0782228415208417	1	No-PER3D	No-Essential3D
247	S	247	109.174	110.166	77.156	1.17	0.139274691358025	0.3947250276757025	0.1658365930011023	1.2440928316377113	1	No-PER3D	No-Essential3D
248	L	248	106.021	111.978	78.266	-0.36	0.12448275862069	-0.3671329060043017	0.770174632881994	0.6494714542164536	0.6777258843027223	No-PER3D	No-Essential3D
249	M	249	104.507	108.803	79.72	-1.28	0.12448275862069	-0.13573046176639844	0.3138538109096148	0.8649390253268169	0.9999999999999999	No-PER3D	No-Essential3D
250	L	250	107.839	108.076	81.405	1.17	0.113166144200627	0.16984928908542818	0.012579873424485964	1.5249793947854213	1	No-PER3D	No-Essential3D
251	F	251	107.952	111.579	82.879	1.17	0.112464854732896	0.15977564223243593	0.18737615456764115	0.6729937517323255	0.6435212423769477	No-PER3D	No-Essential3D
252	D	252	104.474	111.616	84.326	-1.28	0.123630136986301	-0.6402807617933282	0.4770656090210973	0.6729937517323255	0.6435212423769477	No-PER3D	No-Essential3D
253	S	253	104.965	108.095	85.631	0.56	0.123630136986301	-0.09884783705996163	0.12940182789206775	2.3201251558559988	0.6568891957878121	No-PER3D	No-Essential3D
254	I	254	108.127	109.192	87.404	1.17	0.138220694921726	0.3673910468855708	-0.35029458467077146	1.8734448620904096	1	No-PER3D	No-Essential3D
255	C	255	106.928	112.551	88.729	0.25	0.137277208949564	-0.33503424722687647	0.04973268294952849	0.3430130902748586	0.4579710144927536	No-PER3D	No-Essential3D
256	N	256	103.538	111.383	89.994	-0.05	0.123549488054608	-0.7841168779361558	0.14058825018516238	0	0.2608695652173914	No-PER3D	No-Essential3D
257	N	257	105.27	108.461	91.689	-1.28	0.137366818873668	-0.27646240624287893	-0.21439505370960907	1.4554310159491162	1.0000000000000002	No-PER3D	No-Essential3D
258	K	258	104.401	107.939	95.34	-0.97	0.137366818873668	-0.4819415971663482	-0.34051291098579184	8.431194656938402	1	No-PER3D	No-Essential3D
259	F	259	108.005	108.35	96.541	0.56	0.137838869797633	0.5531606320112727	-0.7297195099968129	8.431194656938402	1	No-PER3D	No-Essential3D
260	F	260	108.985	111.415	94.509	1.17	0.124054982817869	-0.13938172477191954	-0.3923459612204522	1.0630881293689936	1	No-PER3D	No-Essential3D
261	I	261	105.957	113.431	95.568	-1.28	0	-0.6149430829710151	-0.2786091370166481	0.6935549166731021	0.9999999999999999	No-PER3D	No-Essential3D
262	D	262	108.164	116.337	96.693	-0.97	0	-0.8106318630471825	-0.3381527542811037	0.6935549166731021	0.9999999999999999	No-PER3D	No-Essential3D
263	T	263	111.521	115.817	94.987	0.56	0	-0.20723679646652304	-0.4385918549131901	0.6935549166731021	0.9999999999999999	No-PER3D	No-Essential3D
264	S	264	111.939	118.446	92.29	1.17	0	-0.20592590399234567	-0.3516765603658278	0.6935549166731021	0.9999999999999999	No-PER3D	No-Essential3D
265	I	265	112.786	117.474	88.727	0.56	0	0.29598128991150846	-0.1724847584638352	0.6935549166731021	0.9999999999999999	No-PER3D	No-Essential3D
266	I	266	115.484	119.526	87.093	0.56	0	0.5963402902041745	-0.36511061392553645	8.431194656938402	1	No-PER3D	No-Essential3D
267	L	267	114.698	118.738	83.473	1.17	0	0.6760425526341554	6.701480042448102e-4	8.431194656938402	0.5599595551061679	No-PER3D	No-Essential3D
268	F	268	117.086	118.888	80.544	1.17	0.138694638694639	0.9439640049755392	0.06665856356819971	2.7986581910237502	0.6598217667639849	No-PER3D	No-Essential3D
269	L	269	116.153	118.942	76.863	1.17	0.124825174825175	0.9209041578857371	0.240065896101554	2.053191113904159	0.47246796537648034	No-PER3D	No-Essential3D
270	N	270	118.921	117.903	74.495	1.17	0.125352112676056	0.9366171319718025	0.001951954986563133	2.3505545797092053	0.46139734080250494	No-PER3D	No-Essential3D
271	K	271	119.514	117.825	70.722	1.17	0.113316261203585	0.8332972138364668	0.08200833182514355	1.5249793947854213	1	No-PER3D	No-Essential3D
272	K	272	118.284	121.374	70.206	-0.36	0.125531914893617	0.6140111207560848	0.2751915353057508	0.9247032797207118	1	No-PER3D	No-Essential3D
273	D	273	120.058	122.125	66.916	1.17	0.126428571428571	0.48462841699564524	0.29404042174369527	2.3201251558559988	0.6568891957878121	No-PER3D	No-Essential3D
274	L	274	118.685	118.849	65.588	0.56	0.22987012987013	0.17525977929051603	0.3445073147720139	2.7986581910237502	0.6598217667639849	No-PER3D	No-Essential3D
275	F	275	115.285	120.198	66.612	0.25	0.209964412811388	-0.0789168094004906	0.9358764587539292	0.6223227087209737	0.7034414508062377	No-PER3D	No-Essential3D
276	G	276	116.034	123.441	64.787	-1.28	0.211309523809524	-0.356437334307489	1.2892264007713135	0.6494714542164536	0.6777258843027223	No-PER3D	No-Essential3D
277	E	277	116.809	121.606	61.56	0.56	0.230869849574886	-0.3854491786138925	1.1475481339984093	0.8649390253268169	0.9999999999999999	No-PER3D	No-Essential3D
278	K	278	113.884	119.23	62.065	1.17	0.231046931407942	-0.356437334307489	1.1456390183831715	0.309325968150093	0.12354505697193105	No-PER3D	No-Essential3D
279	I	279	111.459	122.134	62.285	0.56	0.346304774362328	-0.7156397392109821	1.4884190115502414	0.22320737648467584	0.0523182166124883	No-PER3D	No-Essential3D
280	K	280	113.406	123.771	59.456	-1.28	0.426328502415459	-0.7099255046525202	1.7617633116430855	0.2761258663716914	0.17781373722580646	No-PER3D	No-Essential3D
281	K	281	112.109	120.966	57.261	-0.67	0.536800486618005	-1.016506901882219	1.7521270021732656	0.49257253249166477	0.5940103038181906	No-PER3D	No-Essential3D
282	S	282	109.32	119.076	59.057	-0.67	0.538766788766789	-0.9220664626354159	1.535605031082493	0.2761258663716914	0.17781373722580646	No-PER3D	No-Essential3D
283	P	283	106.33	119.814	61.307	-1.28	0.539667896678967	-0.6438244930971482	1.87198121664023	0.1810094360415713	0.022257021018753105	No-PER3D	No-Essential3D
284	L	284	106.413	118.135	64.698	1.17	0.496323529411765	-0.2090283495145654	1.6978939091308212	0.3167786383442107	0.1429681392447688	No-PER3D	No-Essential3D
285	T	285	102.607	118.096	64.821	-0.67	0.549450549450549	-0.07777761534276802	2.0332573524538082	0.309325968150093	0.12354505697193105	No-PER3D	No-Essential3D
286	I	286	103.323	114.474	63.962	-1.28	0.514705882352941	0.03247300136154173	1.2446147416644244	0.4375125125211314	0.41569670464795394	No-PER3D	No-Essential3D
287	C	287	103.964	114.206	67.689	-0.05	0.549894957983193	0.1873029970023562	1.2468723333362153	0.5120972813685489	0.4670199870925179	No-PER3D	No-Essential3D
288	F	288	101.429	116.871	68.724	0.56	0.509489051094891	-0.1740116308482833	1.783945044841139	0.2506277025679615	0.0979756016417313	No-PER3D	No-Essential3D
289	P	289	98.274	116.816	66.577	1.17	0.50989010989011	-0.59338538420611	2.143862218641189	0.29992106363196847	0.17316732606875396	No-PER3D	No-Essential3D
290	E	290	96.368	119.288	68.78	-0.36	0.506181818181818	-0.318313085445148	2.671960176439404	0.6935549166731021	0.9999999999999999	No-PER3D	No-Essential3D
291	Y	291	99.054	121.98	68.598	0.56	0.542752867570386	-0.7919997113475422	2.7730684318710654	0.13276377649934606	0.03262014564389468	No-PER3D	No-Essential3D
292	T	292	98.152	125.482	67.425	-1.28	0.542337662337662	-0.461637329288535	2.6797303792025193	0.13276377649934606	0.03262014564389468	No-PER3D	No-Essential3D
293	G	293	100.763	128.111	66.646	1.17	0.545881126173097	-0.8708657623676795	2.7307900054923433	0.13276377649934606	0.03262014564389468	No-PER3D	No-Essential3D
294	P	294	103.789	128.896	64.475	-0.67	0.593162393162393	-1.1424274875446236	2.654754914708742	0.20253367982668183	0.06424326123948801	No-PER3D	No-Essential3D
295	N	295	106.501	126.615	63.093	-0.67	0.593162393162393	-1.0331427516140408	2.287544545724854	0.2761258663716914	0.17781373722580646	No-PER3D	No-Essential3D
296	T	296	109.347	128.536	64.722	-0.97	0.593162393162393	-1.0730455240477113	2.2512808372921205	0.20253367982668183	0.06424326123948801	No-PER3D	No-Essential3D
297	Y	297	111.896	127.323	67.247	-0.97	0.547179757511861	-0.593814131944103	1.824746004423889	0.35423721122216006	0.2114050047710557	No-PER3D	No-Essential3D
298	E	298	111.067	129.357	70.35	-1.28	0.547179757511861	-0.9596890766443049	2.2022651901039314	0.19636289639647703	0.1028937358563243	No-PER3D	No-Essential3D
299	D	299	107.316	128.711	70.236	-0.36	0.492478001703094	-1.0100411465208634	2.649018686827743	0.29992106363196847	0.17316732606875396	No-PER3D	No-Essential3D
300	A	300	107.782	124.98	69.681	1.17	0.532407407407407	-0.9118731435689682	2.263986888165718	0.35423721122216006	0.2114050047710557	No-PER3D	No-Essential3D
301	A	301	110.339	124.832	72.494	0.25	0.58974358974359	-0.2540483438508551	1.5485596725118347	0.7821620062207302	0.7060337458166726	No-PER3D	No-Essential3D
302	A	302	108.026	126.657	74.884	-1.59	0.638376383763838	-0.7657339857910258	2.4453186753869294	0.09727058602214814	0.048870913380519014	No-PER3D	No-Essential3D
303	Y	303	105.14	124.43	73.779	0.56	0.630434782608696	-1.0151555590116959	2.8590458588213847	0.19636289639647703	0.1028937358563243	No-PER3D	No-Essential3D
304	I	304	106.933	121.188	74.59	1.17	0.630434782608696	-0.42437302588925446	1.4953983731664389	0.6494714542164536	0.6777258843027223	No-PER3D	No-Essential3D
305	Q	305	108.283	122.783	77.771	-0.67	0.571053495241221	-0.16341265267594893	1.4855734199768893	0.6935549166731021	0.9999999999999999	No-PER3D	No-Essential3D
306	A	306	104.741	123.588	78.881	-1.59	0.628158844765343	-0.5275664814564931	2.121871570584579	0.3430130902748586	0.4579710144927536	No-PER3D	No-Essential3D
307	Q	307	103.707	120.087	77.826	-0.67	0.630434782608696	-0.6694574828614462	1.8263629687934912	0.19636289639647703	0.1028937358563243	No-PER3D	No-Essential3D
308	F	308	106.286	118.649	80.2	0.56	0.629963898916968	-0.38690397357019746	0.8432731010431258	0.15955635026144704	0.16231884057971002	No-PER3D	No-Essential3D
309	E	309	105.638	121.152	82.984	-0.97	0.634545454545455	-0.6177015059180009	1.1523452827623488	0	1	No-PER3D	No-Essential3D
310	S	310	101.904	120.431	82.903	-0.67	0.559967910148416	-1.3509642623367517	1.7114500025016481	0	1	No-PER3D	No-Essential3D
311	K	311	102.537	116.86	84.07	-0.67	0.472122302158273	-0.8464077992988587	1.000547718867716	0	0.2608695652173914	No-PER3D	No-Essential3D
312	N	312	103.149	117.536	87.755	-0.36	0.36047107014849	-1.0920168914341908	0.6022801836248106	0	0.06376811594202893	No-PER3D	No-Essential3D
313	R	313	100.448	118.046	90.342	-1.28	0.358163265306122	-1.3398240597471065	0.6228777952689356	0	0.2608695652173914	No-PER3D	No-Essential3D
314	S	314	102.12	118.665	93.7	-1.28	0.313392857142857	-1.3398240597471065	0.38886234598348346	0	0.2608695652173914	No-PER3D	No-Essential3D
315	P	315	102.587	122.219	95.044	-0.97	0.358163265306122	-1.295989177376824	0.07264747243254581	0	0.2608695652173914	No-PER3D	No-Essential3D
316	N	316	105.783	121.681	97.059	-0.67	0.179081632653061	-1.187472249895402	-0.299525918881399	0	0.2608695652173914	No-PER3D	No-Essential3D
317	K	317	107.912	120.559	94.098	0.56	0.207446808510638	-0.8177239420097776	-0.13303242267062926	0.3430130902748586	0.4579710144927536	No-PER3D	No-Essential3D
318	E	318	108.887	122.268	90.879	-1.28	0.178824721377913	-0.5476318755945672	0.12041381488461969	0.3430130902748586	0.4579710144927536	No-PER3D	No-Essential3D
319	I	319	110.435	121.781	87.46	0.87	0.209964412811388	-0.36663383051234705	0.366587203416237	0.3430130902748586	0.4579710144927536	No-PER3D	No-Essential3D
320	Y	320	113.383	123.661	86.023	0.56	0.211469534050179	0.2362592709746674	-0.12533389043273765	8.431194656938402	1	No-PER3D	No-Essential3D
321	C	321	114.106	123.534	82.304	0.56	0.179969496695475	0.1747223133761034	0.4851252618710266	8.431194656938402	1	No-PER3D	No-Essential3D
322	H	322	117.046	124.066	79.977	1.17	0.156914893617021	0.5306722883800916	-0.08558935327800855	1.0630881293689936	1	No-PER3D	No-Essential3D
323	M	323	118.275	123.281	76.455	-0.36	0.156360424028269	0.4031501690367665	0.2948454607231499	3.3127088489160728	0.4091641212216578	No-PER3D	No-Essential3D
324	T	324	121.627	121.626	75.795	1.17	0.139280125195618	1.073275744621738	-0.08480903043636932	4.464664871878274	0.24149447994672302	No-PER3D	No-Essential3D
325	C	325	123.886	119.684	73.262	1.17	0.125795053003534	1.1905213332093474	0.10325250804541394	5.818102027691564	0.1345485868515186	No-PER3D	No-Essential3D
326	A	326	125.73	122.806	72.164	1.17	0.125704225352113	1.3159416049790726	0.14762727954797575	2.7986581910237502	0.6598217667639849	No-PER3D	No-Essential3D
327	T	327	126.204	124.031	75.712	1.17	0.124825174825175	1.1532530094946714	0.017044029131265168	1.8734448620904096	1	No-PER3D	No-Essential3D
328	D	328	129.876	124.007	76.655	1.17	0.139571150097466	1.0169911196957413	0.2784342135061684	1.0630881293689936	1	No-PER3D	No-Essential3D
329	T	329	129.563	123.366	80.413	1.17	0.141055949566588	1.0240487529153017	0.1271983631341957	1.0630881293689936	1	No-PER3D	No-Essential3D
330	N	330	127.029	126.031	81.301	-0.97	0.141953341241597	0.862603250011812	-0.1470929796647806	0.6935549166731021	0.9999999999999999	No-PER3D	No-Essential3D
331	N	331	124.578	123.24	82.091	1.17	0.142063492063492	0.9711572208833248	-0.03882613413927447	1.4554310159491162	1.0000000000000002	No-PER3D	No-Essential3D
332	I	332	126.696	122.22	85.069	0.56	0	0.6836129566725294	-0.21354142551796518	1.0630881293689936	1	No-PER3D	No-Essential3D
333	Q	333	126.26	125.809	86.255	-0.05	0	0.3174323104601616	-0.5156694455467329	0.6935549166731021	0.9999999999999999	No-PER3D	No-Essential3D
334	V	334	122.526	125.307	85.706	-0.36	0	0.6515142978951042	-0.4406503989977924	0.3430130902748586	0.4579710144927536	No-PER3D	No-Essential3D
335	V	335	122.634	122.153	87.843	1.17	0	0.47856971032408396	-0.5118785529002752	1.0630881293689936	1	No-PER3D	No-Essential3D
336	F	336	124.487	124.128	90.521	1.17	0	-0.09744018823649978	-0.7236098791291053	0.3430130902748586	0.4579710144927536	No-PER3D	No-Essential3D
337	D	337	122.074	127.061	90.702	-1.28	0	-0.06427086323274443	-0.8751149546803666	0	1	No-PER3D	No-Essential3D
338	A	338	119.032	124.795	90.47	-0.67	0	0.3968748913333533	-0.734369324980946	8.431194656938402	1	No-PER3D	No-Essential3D
339	V	339	120.207	122.563	93.294	1.17	0	0.04955247375287875	-0.8485010729930522	0.3430130902748586	0.4579710144927536	No-PER3D	No-Essential3D
340	T	340	120.934	125.614	95.433	-0.36	0	-0.3215704546234068	-0.9996391387613875	0.3430130902748586	0.4579710144927536	No-PER3D	No-Essential3D
341	D	341	117.349	126.658	94.773	1.17	0	-0.09705628401191924	-0.8144488004568097	8.431194656938402	1	No-PER3D	No-Essential3D
342	I	342	116.163	123.229	95.934	-0.67	0	-0.09705628401191924	-0.7723351723377472	0.15955635026144704	0.16231884057971002	No-PER3D	No-Essential3D
343	I	343	118.371	123.368	99.03	0.56	0	-0.26181025854535117	-0.9140578608098776	0.3430130902748586	0.4579710144927536	No-PER3D	No-Essential3D
344	I	344	117.111	126.802	100.104	0.87	0	-0.7017054377262082	-1.0443660438370455	0	1	No-PER3D	No-Essential3D
345	A	345	113.541	125.633	99.547	-0.97	0	-0.5915249252716045	-0.8834355507185997	0	0.2608695652173914	No-PER3D	No-Essential3D
346	N	346	114.237	122.641	101.794	-1.28	0	-0.48134441281700074	-0.934338866557039	0.3430130902748586	0.4579710144927536	No-PER3D	No-Essential3D
347	N	347	115.772	124.953	104.378	-0.05	0	-0.5906291487475833	-1.0443660438370455	0	1	No-PER3D	No-Essential3D
348	L	348	112.68	127.131	104.229	1.17	0	-0.6350596643390334	-0.9628037288500703	0	0.2608695652173914	No-PER3D	No-Essential3D
349	R	349	110.066	124.411	104.592	-0.36	0	-0.8374155811154154	-0.8793252779170357	0	0.2608695652173914	No-PER3D	No-Essential3D
350	G	350	112.247	122.593	107.118	-1.28	0	-0.8260904064902906	-0.9569778492081435	0	0.2608695652173914	No-PER3D	No-Essential3D
351	C	351	112.596	125.593	109.42	-0.36	0	-0.7691329797161653	-1.0443660438370455	0	1	No-PER3D	No-Essential3D
352	G	352	108.87	126.266	109.163	-0.05	0	-0.9854874405361146	-1.0443660438370455	0	1	No-PER3D	No-Essential3D
353	L	353	109.138	129.574	107.311	1.17	0	-0.7691329797161653	-1.0443660438370455	0	1	No-PER3D	No-Essential3D
354	Y	354	107.325	128.251	104.249	-0.36	0	-0.9952445140592991	-0.7620349534975159	0	0.2608695652173914	No-PER3D	No-Essential3D
