Uniprot_position	aminoacid	Position_in_structure	x	y	z	paraz	mtr	paraz3dscore	mtr3dscore	PER3D_OR	PER3D_pvalue	PER3D	Essential3D
2	D	2	-40.4	26.953	-52.832	-2.19	0.910344827586207	-5.797235938721522	4.338130670436619	0	0.9999999999999999	No-PER3D	No-Essential3D
3	E	3	-40.177	30.671	-52.095	-0.33	0.925	-4.389605272340245	3.9581513153173447	0	0.9999999999999999	No-PER3D	No-Essential3D
4	K	4	-40.589	30.735	-48.295	-4.5	0.829059829059829	-3.7122745833929693	3.848590875520207	0	0.1505318343553637	No-PER3D	No-Essential3D
5	V	5	-38.628	27.469	-48.297	-4.5	0.826175869120654	-4.162564763081863	4.104102878044198	0	0.1505318343553637	No-PER3D	No-Essential3D
6	F	6	-35.521	29.63	-48.669	-4.5	0.87396449704142	-2.6409926377571873	3.1819381309867207	0	0.07967502606971308	No-PER3D	No-Essential3D
7	T	7	-36.785	33.083	-47.699	-1.72	0.871022727272727	-2.1358076641451897	2.8306055284832277	0	0.01787040613678052	No-PER3D	No-Essential3D
8	K	8	-37.016	31.673	-44.186	-2.19	0.876923076923077	-3.068754078586157	3.6460122221688165	0	0.1505318343553637	No-PER3D	No-Essential3D
9	E	9	-33.478	30.3	-44.472	-0.33	0.794612794612795	-2.076578856718751	3.0726732564961243	0	0.03566893792961972	No-PER3D	No-Essential3D
10	L	10	-32.379	33.858	-45.211	0.59	0.791416705122289	-1.0715583262555564	2.4813456828965257	0	0.015329757085302468	No-PER3D	No-Essential3D
11	D	11	-34.535	35.497	-42.565	0.59	0.714989444053483	-1.3863593157567173	2.3124809092630074	0	0.03566893792961972	No-PER3D	No-Essential3D
12	Q	12	-32.713	33.282	-40.064	-0.8	0.712925170068027	-1.8872596438110203	2.941269118087615	0	0.01787040613678052	No-PER3D	No-Essential3D
13	W	13	-29.201	33.814	-41.47	-0.8	0.663594470046083	-0.9743540468517251	2.4995917866071795	0	0.015329757085302468	No-PER3D	No-Essential3D
14	I	14	-29.816	37.481	-40.913	-0.33	0.620535714285714	-0.4754466605339369	2.215984830904921	0	0.01787040613678052	No-PER3D	No-Essential3D
15	E	15	-31.01	37.095	-37.328	0.59	0.65675057208238	-0.6622529720551141	2.450087306286076	0	0.03566893792961972	No-PER3D	No-Essential3D
16	Q	16	-27.893	35.052	-36.637	0.59	0.622362869198312	-0.7447600880804262	2.698709332961506	0	0.07569334039922279	No-PER3D	No-Essential3D
17	L	17	-25.686	37.747	-38.126	0.59	0.620901639344262	-0.4207122815516433	2.0435197590804326	0	0.07569334039922279	No-PER3D	No-Essential3D
18	N	18	-27.428	40.251	-35.898	-1.26	0.621513944223108	-0.5560744627404366	1.444984725244601	0	0.07569334039922279	No-PER3D	No-Essential3D
19	E	19	-26.062	38.35	-32.917	-0.8	0.626953125	-0.5547790533863959	2.251618967411393	0	0.2963131198425316	No-PER3D	No-Essential3D
20	C	20	-22.744	39	-34.681	0.59	0.659760087241003	-0.32215342746269743	1.7334857414509053	1.1938939400601962	1	No-PER3D	No-Essential3D
21	K	21	-22.285	35.297	-35.382	-1.26	0.691078066914498	-0.41783073176694474	2.183481044611755	0	0.2963131198425316	No-PER3D	No-Essential3D
22	Q	22	-20.693	34.541	-38.743	-1.26	0.689492753623188	-0.13766559886498486	1.6169949685629788	0	0.2963131198425316	No-PER3D	No-Essential3D
23	L	23	-22.309	32.254	-41.324	0.13	0.664617748751441	-0.36651536137886537	1.9051926712760752	0	0.07569334039922279	No-PER3D	No-Essential3D
24	S	24	-20.68	28.975	-42.322	-2.19	0.630909090909091	-0.3447312427359832	1.3042543139792868	0	0.2946728240845887	No-PER3D	No-Essential3D
25	E	25	-18.274	28.765	-45.248	0.59	0.601613522858241	-0.2814078209344471	0.25103360033347005	0	0.5398970398970399	No-PER3D	No-Essential3D
26	S	26	-21.042	26.834	-46.926	-0.33	0.630909090909091	-0.7130294985993963	1.2043690938227558	0	0.5398970398970399	No-PER3D	No-Essential3D
27	Q	27	-23.766	29.416	-46.341	-0.8	0.561232765612328	-0.9551345671766405	1.8460185098072766	0	0.03566893792961972	No-PER3D	No-Essential3D
28	V	28	-21.431	32.227	-47.393	0.59	0.519965650493774	-0.32123833700875326	0.9357606672254345	0	0.2946728240845887	No-PER3D	No-Essential3D
29	K	29	-20.922	30.59	-50.757	-0.33	0.496514965149652	-0.4808012145833316	0.640708209518281	0	0.2946728240845887	No-PER3D	No-Essential3D
30	S	30	-24.688	30.238	-51.282	-1.26	0.470382598562828	-0.8427917331014512	1.5763696235619413	0	0.2946728240845887	No-PER3D	No-Essential3D
31	L	31	-25.449	33.715	-50.003	0.59	0.468653250773994	-0.5890968979493884	1.6763937563872497	0	0.03566893792961972	No-PER3D	No-Essential3D
32	C	32	-22.968	35.111	-52.528	0.59	0.42716049382716	0.06995801578682617	0.6176111405837479	0	0.1505318343553637	No-PER3D	No-Essential3D
33	E	33	-24.276	32.996	-55.407	-2.65	0.42998760842627	-0.1471785001374807	0.7787038258309498	0	0.2963131198425316	No-PER3D	No-Essential3D
34	K	34	-27.814	34.155	-54.818	0.59	0.479772191673213	-0.57314507933924	1.38281285708749	0	0.07967502606971308	No-PER3D	No-Essential3D
35	A	35	-26.225	37.613	-54.491	0.59	0.50497512437811	-0.09020207871558936	0.7893832896128402	0	0.07967502606971308	No-PER3D	No-Essential3D
36	K	36	-24.539	37.748	-57.907	-0.33	0.508771929824562	-0.19543249857549785	0.30017034025738243	0	0.2963131198425316	No-PER3D	No-Essential3D
37	E	37	-27.77	36.77	-59.665	0.59	0.461335095836087	-0.29536992126775574	0.9652657133822627	0	0.2946728240845887	No-PER3D	No-Essential3D
38	I	38	-29.372	39.85	-58.13	0.59	0.459613696224759	0.013285707132335792	0.8832170922226649	0	0.1505318343553637	No-PER3D	No-Essential3D
39	L	39	-26.439	42.172	-58.537	0.59	0.43407960199005	-0.014700033521744937	0.5299844019446963	0	0.2963131198425316	No-PER3D	No-Essential3D
40	T	40	-25.923	41.412	-62.234	-1.26	0.46265697290152	0.06883100964881073	0.3295346586627513	0	0.9999999999999999	No-PER3D	No-Essential3D
41	K	41	-29.308	42.881	-63.188	-1.26	0.46265697290152	-0.3807192165151234	0.8697849237658741	0	0.2963131198425316	No-PER3D	No-Essential3D
42	E	42	-28.209	46.161	-61.597	0.59	0.467750533049041	-0.02374449454531418	0.5485137072456263	0	0.2963131198425316	No-PER3D	No-Essential3D
43	S	43	-26.665	48.882	-63.758	0.59	0.467339352097716	0.19940827253611618	0.011772225238421176	0	0.9999999999999999	No-PER3D	No-Essential3D
44	N	44	-23.378	50.609	-63.129	0.59	0.497737556561086	0.1403153989743611	-0.2488906463620277	0	0.9999999999999999	No-PER3D	No-Essential3D
45	V	45	-25.381	53.727	-62.397	0.59	0.497737556561086	0.3737487814340975	-0.3003101237357163	0	0.9999999999999999	No-PER3D	No-Essential3D
46	Q	46	-28.16	52.338	-60.231	0.59	0.386496350364964	0.3737487814340975	-0.1315122922009888	0	0.9999999999999999	No-PER3D	No-Essential3D
47	E	47	-31.555	54.031	-60.184	-0.8	0.426666666666667	0.12790167619306794	-0.12718470477287325	0	0.9999999999999999	No-PER3D	No-Essential3D
48	V	48	-32.76	54.312	-56.583	0.59	0.431013431013431	0.25729148050583606	-0.020766177916238176	0	0.5398970398970399	No-PER3D	No-Essential3D
49	R	49	-36.073	56	-55.841	-1.26	0.427878787878788	0.23516157070764027	-0.04789099462096487	0	0.9999999999999999	No-PER3D	No-Essential3D
50	C	50	-36.383	58.014	-52.632	-1.26	0.429440389294404	0.004028156712923299	0.008775183277885297	0	0.5398970398970399	No-PER3D	No-Essential3D
51	P	51	-36.993	58.181	-49.747	0.59	0.323260073260073	-0.0978048979006141	0.11118500341846434	0	0.5398970398970399	No-PER3D	No-Essential3D
52	V	52	-33.784	56.463	-48.557	0.59	0.369440083725798	-0.046835409779089045	-0.13341371473707248	0	0.5398970398970399	No-PER3D	No-Essential3D
53	T	53	-30.898	57.041	-46.205	0.59	0.371848739495798	0.15507147934042653	-0.18213195760081896	0	0.9999999999999999	No-PER3D	No-Essential3D
54	V	54	-27.41	57.189	-47.631	0.59	0.371848739495798	0.5091982228363229	-0.22282944207272995	0	0.9999999999999999	No-PER3D	No-Essential3D
55	C	55	-24.588	55.682	-45.627	0.59	0.437422552664188	0.6801191389083819	-0.2632747851411863	14.037462451397287	0.2972972972972973	No-PER3D	No-Essential3D
56	G	56	-20.851	55.916	-46.026	0.59	0.437422552664188	0.6130810571320972	-0.26419809083662094	14.037462451397287	0.021235521235521235	PER3D	Essential3D
57	D	57	-17.877	53.896	-44.844	0.59	0.262222222222222	0.8512952711852404	0.02070777141333186	14.037462451397287	0.001059883412824589	PER3D	No-Essential3D
58	V	58	-18.48	51.155	-42.277	-0.33	0.263940520446097	0.7400257762891135	0.058305487193399896	14.037462451397287	0.001059883412824589	PER3D	No-Essential3D
59	H	59	-15.131	49.358	-42.463	0.59	0.262962962962963	0.9159639567237451	0.061345636924389345	14.037462451397287	1.987281399046103e-4	PER3D	No-Essential3D
60	G	60	-16.183	46.242	-40.586	0.59	0.325645756457565	0.6823621560025785	0.13034323909027754	14.037462451397287	0.004996593231887351	PER3D	No-Essential3D
61	Q	61	-17.008	48.056	-37.356	0.59	0.432964329643296	0.565322902882637	0.22167425018290438	4.286384772158913	0.1437656143538496	No-PER3D	No-Essential3D
62	F	62	-20.057	45.844	-36.959	0.59	0.432598039215686	0.17471716773212126	0.6399131498428563	2.7828054296662597	0.33506510712393056	No-PER3D	No-Essential3D
63	H	63	-21.306	47.349	-33.738	-0.8	0.322992700729927	0.4372010159029982	0.4787874145198339	1.1938939400601962	1	No-PER3D	No-Essential3D
64	D	64	-21.209	50.962	-34.963	0.59	0.323260073260073	0.3369398382714297	0.039931501881048506	2.587493977036296	0.5669619199030964	No-PER3D	No-Essential3D
65	L	65	-23.146	49.616	-37.939	0.59	0	0.45451755465853694	0.13135145514473118	14.037462451397287	0.0825825825825826	No-PER3D	No-Essential3D
66	M	66	-25.585	48.358	-35.372	-1.26	0	0.13967139546692373	0.22267634249174545	1.1938939400601962	1	No-PER3D	No-Essential3D
67	E	67	-25.649	51.817	-33.809	0.59	0	0.06056629797003089	-0.14022618886066338	0	0.9999999999999999	No-PER3D	No-Essential3D
68	L	68	-26.207	53.215	-37.269	0.59	0	0.14685451151141768	-0.21113486425074154	0	1	No-PER3D	No-Essential3D
69	F	69	-29.46	51.271	-37.555	0.59	0	0.300776143859729	-0.45619884701221225	0	1	No-PER3D	No-Essential3D
70	R	70	-30.541	52.489	-34.139	0.59	0	-0.2733690358940573	-0.6955640284303861	0	1	No-PER3D	No-Essential3D
71	I	71	-30.194	55.983	-35.556	-0.33	0	0.16301652261152913	-0.3381061202515627	0	1	No-PER3D	No-Essential3D
72	G	72	-31.836	55.66	-38.95	0.59	0	0.3263348363347613	-0.5411015942521608	0	1	No-PER3D	No-Essential3D
73	G	73	-34.257	52.8	-38.352	0.59	0	0.29959893314720903	-1.0863208011491228	0	1	No-PER3D	No-Essential3D
74	K	74	-33.911	49.153	-39.344	-1.72	0	0.2867188629984612	-0.6939068705200838	0	1	No-PER3D	No-Essential3D
75	S	75	-34.237	47.146	-42.518	-1.72	0	0.23139310713224903	0.055411222505938794	0	0.1505318343553637	No-PER3D	No-Essential3D
76	P	76	-36.534	46.883	-44.198	0.59	0	0.4398761073954304	-0.01810016449967989	0	0.1505318343553637	No-PER3D	No-Essential3D
77	D	77	-38.624	49.418	-42.314	-0.33	0	0.4319774318982283	-0.6356524178993609	0	1	No-PER3D	No-Essential3D
78	T	78	-36.376	52.16	-43.708	0.59	0	0.39357574126955425	-0.3192204714897727	0	1	No-PER3D	No-Essential3D
79	N	79	-34.645	52.184	-47.066	0.59	0	0.2305895376933789	0.04688134874486848	0	0.2963131198425316	No-PER3D	No-Essential3D
80	Y	80	-30.87	52.369	-47.216	0.59	0	0.35621757484274635	0.01652313154625087	0	0.2963131198425316	No-PER3D	No-Essential3D
81	L	81	-28	53.036	-49.574	0.59	0	0.30414989126643327	-0.1062273228579146	0	0.2963131198425316	No-PER3D	No-Essential3D
82	F	82	-24.396	52.214	-48.67	0.59	0	0.6047339283377823	-0.2093850761501396	2.430875094297041	0.512012012012012	No-PER3D	No-Essential3D
83	M	83	-21.538	53.668	-50.673	0.59	0	0.7215929647873499	-0.30616871341158075	14.037462451397287	0.0825825825825826	No-PER3D	No-Essential3D
84	G	84	-19.007	50.843	-50.389	0.59	0	0.7423298777268339	-0.21243127809422602	14.037462451397287	0.004996593231887351	PER3D	Essential3D
85	D	85	-16.044	50.204	-48.087	0.59	0	0.9315901765806257	-0.09265678162564044	14.037462451397287	0.001059883412824589	PER3D	Essential3D
86	Y	86	-17.685	47.459	-46.07	-0.33	0	0.7316946198040107	0.11029238896473036	14.037462451397287	0.021235521235521235	PER3D	No-Essential3D
87	V	87	-14.551	45.575	-45.075	0.59	0.167635658914729	0.8163350807814964	-0.11518569987114913	14.037462451397287	0.004996593231887351	PER3D	Essential3D
88	D	88	-11.045	46.181	-43.685	0.59	0.300043233895374	0.9935127124109975	-0.14875358501707794	14.037462451397287	1.987281399046103e-4	PER3D	Essential3D
89	R	89	-9.817	47.913	-40.5	0.59	0.296868296868297	1.063172425132142	-0.21050619014015917	14.037462451397287	0.001059883412824589	PER3D	Essential3D
90	G	90	-12.681	46.869	-38.252	0.59	0.299178555987895	0.8431505209441205	0.005936247305923513	14.037462451397287	0.004996593231887351	PER3D	No-Essential3D
91	Y	91	-12.563	43.758	-36.075	-0.33	0.298880275624462	0.8046569526627584	0.09074549885198345	14.037462451397287	0.001059883412824589	PER3D	No-Essential3D
92	Y	92	-15.7	42.281	-37.649	0.59	0.300043233895374	0.3731226669129778	0.34667994361879967	8.711204997531198	0.06995230524642289	No-PER3D	No-Essential3D
93	S	93	-15.417	42.8	-41.406	0.59	0.448320413436692	0.5843138171236961	0.10733419239825723	13.037462451397287	0.020743432508138412	PER3D	No-Essential3D
94	V	94	-16.927	39.379	-42.029	0.59	0.48907681465821	0.44858307789314167	0.31054547673826816	4.286384772158913	0.1437656143538496	No-PER3D	No-Essential3D
95	E	95	-20.103	39.783	-40.005	0.59	0.494830659536542	-0.06745810471584637	0.9701686343250838	1.6774354827080826	0.6227319756731522	No-PER3D	No-Essential3D
96	T	96	-20.497	43.299	-41.331	0.59	0.543190661478599	0.1743847552580611	0.811332422609266	1.6774354827080826	0.6227319756731522	No-PER3D	No-Essential3D
97	V	97	-20.263	42.465	-45.019	-1.26	0.48999648999649	0.5608125352824712	0.5097541604076077	2.587493977036296	0.5669619199030964	No-PER3D	No-Essential3D
98	T	98	-22.204	39.2	-44.703	-1.72	0.48999648999649	0.10852122581370208	1.1980897042745462	0.3418296032164003	0.6485930902439442	No-PER3D	No-Essential3D
99	L	99	-25.075	40.974	-42.953	0.59	0.486713286713287	0.029516842043621178	1.5081800095819142	0.23263109959177022	0.22932829446602915	No-PER3D	No-Essential3D
100	L	100	-25.225	43.772	-45.482	0.59	0.411834319526627	0.177774936323636	0.47465480167940793	0.4286521555720345	0.6463112271935801	No-PER3D	No-Essential3D
101	V	101	-25.128	41.335	-48.382	-0.33	0.357948717948718	0.17652270728139663	0.9954715379910437	0	0.1505318343553637	No-PER3D	No-Essential3D
102	A	102	-27.693	39.161	-46.597	0.59	0.356577266922095	-0.29795826072348497	1.8166643947541525	0	0.0031584219734452036	No-PER3D	No-Essential3D
103	L	103	-30.079	42.054	-46.483	0.59	0.357948717948718	-0.014394059004636672	1.2049921973911841	0	0.01787040613678052	No-PER3D	No-Essential3D
104	K	104	-29.655	42.781	-50.169	0.59	0.387993329627571	0.3737487814340975	0.8889589561806955	0	0.07967502606971308	No-PER3D	No-Essential3D
105	V	105	-30.536	39.215	-51.08	0.59	0.384997242140099	-0.35213893013930714	1.6925894013530047	0	0.01787040613678052	No-PER3D	No-Essential3D
106	R	106	-33.516	39.473	-48.719	0.59	0.387993329627571	-0.7130294985993965	1.9814008166537027	0	0.015329757085302468	No-PER3D	No-Essential3D
107	Y	107	-35.017	42.936	-48.973	0.59	0.3621271076524	0.12598632093387915	0.797932021202142	0	0.07569334039922279	No-PER3D	No-Essential3D
108	R	108	-33.807	43.452	-52.539	-2.19	0.3621271076524	0.311137329322129	0.8284153395501156	0	0.07967502606971308	No-PER3D	No-Essential3D
109	E	109	-35.524	46.834	-52.986	-0.33	0.387993329627571	0.23627192158253232	0.44587845933588377	0	0.2963131198425316	No-PER3D	No-Essential3D
110	R	110	-34.974	48.253	-49.495	0.59	0.41664172403472	0.16221151822723237	0.19322198937887242	0	0.2963131198425316	No-PER3D	No-Essential3D
111	I	111	-31.207	48.537	-49.567	0.59	0.41301775147929	0.2817758536212006	0.30894696755455114	0	0.2946728240845887	No-PER3D	No-Essential3D
112	T	112	-28.607	49.392	-52.135	0.59	0.446998722860792	0.4124528811171899	0.1412925818199371	0	0.2946728240845887	No-PER3D	No-Essential3D
113	I	113	-24.947	48.465	-51.836	0.13	0.412213740458015	0.6609426960061502	0.14195358844316708	0	0.2946728240845887	No-PER3D	No-Essential3D
114	L	114	-22.245	49.96	-54.046	0.13	0.4106463878327	0.7719944471321657	-0.08767885599114256	0	1	No-PER3D	No-Essential3D
115	R	115	-18.641	49.067	-54.577	0.59	0.409476455103832	0.75166414032875	-0.3038566261449949	14.037462451397287	0.2972972972972973	No-PER3D	No-Essential3D
116	G	116	-15.905	50.728	-52.533	0.59	0.409476455103832	0.8591153137755516	-0.37629826331327615	14.037462451397287	0.021235521235521235	PER3D	Essential3D
117	N	117	-12.175	51.107	-53.053	0.59	0.407136589646095	1.1329126382917158	-0.3671242871471511	14.037462451397287	1.987281399046103e-4	PER3D	Essential3D
118	H	118	-11.76	48.34	-50.474	0.59	0.361207494795281	0.9505167418078617	-0.4209884177658947	14.037462451397287	0.001059883412824589	PER3D	Essential3D
119	E	119	-14.003	45.816	-52.205	0.59	0.262878787878788	0.8163350807814964	-0.5826762972396524	14.037462451397287	0.004996593231887351	PER3D	Essential3D
120	S	120	-10.867	44.752	-54.025	0.59	0.26188679245283	0.8509732694315217	-0.750287795504653	14.037462451397287	0.004996593231887351	PER3D	Essential3D
121	R	121	-8.647	41.701	-53.714	0.59	0.259925093632959	0.8830929443649616	-0.8481027701955919	14.037462451397287	0.004996593231887351	PER3D	Essential3D
122	Q	122	-5.436	43.648	-53.321	0.59	0.259925093632959	1.146658698005389	-0.6536468176543534	14.037462451397287	0.004996593231887351	PER3D	Essential3D
123	I	123	-6.655	46.089	-50.709	0.59	0.234056987788331	1.2409173931848618	-0.5311807899326552	14.037462451397287	0.001059883412824589	PER3D	Essential3D
124	T	124	-8.451	43.44	-48.654	0.59	0	1.0386824028632033	-0.6076695595743177	14.037462451397287	0.001059883412824589	PER3D	Essential3D
125	Q	125	-5.167	41.547	-48.704	0.59	0	1.0239687116168907	-0.9599995236196107	14.037462451397287	0.004996593231887351	PER3D	Essential3D
126	V	126	-3.229	44.566	-47.46	0.59	0	1.2409173931848618	-0.7281738845272309	14.037462451397287	0.004996593231887351	PER3D	Essential3D
127	Y	127	-5.815	45.885	-45.068	0.59	0	1.1641140119275137	-0.4472997990917258	14.037462451397287	0.001059883412824589	PER3D	Essential3D
128	G	128	-7.136	42.939	-43.098	0.59	0	1.1071308580914168	-0.5176543661229579	14.037462451397287	0.001059883412824589	PER3D	Essential3D
129	F	129	-10.211	41.266	-44.577	0.59	0	0.8346454244075908	-0.5792092031288697	14.037462451397287	0.001059883412824589	PER3D	Essential3D
130	Y	130	-8.125	38.435	-46.072	0.59	0	0.9228512164560615	-0.9532066698566414	13.037462451397287	0.020743432508138412	PER3D	Essential3D
131	D	131	-6.568	37.542	-42.723	0.59	0	0.9057239547170457	-1.029613699224934	8.711204997531198	0.06995230524642289	No-PER3D	No-Essential3D
132	E	132	-9.81	37.952	-40.766	0.59	0	0.862516544420892	-0.676616275208883	13.037462451397287	0.020743432508138412	PER3D	Essential3D
133	C	133	-11.462	35.497	-43.127	0.59	0	0.3118988199559232	-0.4199154876271228	8.711204997531198	0.06995230524642289	No-PER3D	No-Essential3D
134	L	134	-8.528	33.244	-42.496	0.59	0	0.9210210355481733	-1.2445627681309193	2.430875094297041	0.512012012012012	No-PER3D	No-Essential3D
135	R	135	-8.714	33.215	-38.732	0.59	0	0.39190610254656844	-1.2604734216673934	2.430875094297041	0.512012012012012	No-PER3D	No-Essential3D
136	K	136	-12.512	32.932	-38.908	0.59	0	0.3193731434076264	-0.23801771314503803	1.1938939400601962	1	No-PER3D	No-Essential3D
137	Y	137	-12.626	30.058	-41.418	0.59	0	0.3299207649557196	-0.4329433630816491	1.1938939400601962	1	No-PER3D	No-Essential3D
138	G	138	-9.182	28.45	-41.594	0.59	0	0.6154289865862961	-1.2276701297456822	2.430875094297041	0.512012012012012	No-PER3D	No-Essential3D
139	N	139	-8.786	28.788	-45.365	-0.33	0	0.8031644827346566	-1.4356670335990214	2.430875094297041	0.512012012012012	No-PER3D	No-Essential3D
140	A	140	-9.215	31.426	-48.061	-0.8	0	0.7204454676286434	-1.383623300532182	2.430875094297041	0.512012012012012	No-PER3D	No-Essential3D
141	N	141	-12.537	30.336	-49.516	0.13	0	0.19973710721829574	-0.6226443751200618	1.1938939400601962	1	No-PER3D	No-Essential3D
142	V	142	-14.767	32.868	-47.757	0.59	0	-0.02559382894167155	-0.046878650532942746	0.7719215043485192	0.9999999999999999	No-PER3D	No-Essential3D
143	W	143	-12.378	35.57	-48.881	0.59	0	0.5739609402259847	-0.6809424219666664	8.711204997531198	0.06995230524642289	No-PER3D	No-Essential3D
144	K	144	-12.491	34.391	-52.473	-0.33	0	0.6673101312156272	-0.9158293514503212	5.259209835194961	0.20527670527670522	No-PER3D	No-Essential3D
145	Y	145	-16.284	33.94	-52.427	0.59	0	-0.15797897562679528	0.042903862600864554	0	0.2963131198425316	No-PER3D	No-Essential3D
146	F	146	-16.745	37.569	-51.276	-0.8	0	0.14909583703917823	-0.04954719223859128	0	0.5398970398970399	No-PER3D	No-Essential3D
147	T	147	-14.088	39.284	-53.367	0.59	0	0.4289232147220347	-0.4397987791798641	2.430875094297041	0.512012012012012	No-PER3D	No-Essential3D
148	D	148	-15.768	37.534	-56.286	-0.33	0	0.2775358500220392	-0.4133833065793973	0	0.9999999999999999	No-PER3D	No-Essential3D
149	L	149	-19.147	39.004	-55.355	0.13	0	-0.06698767877869025	0.1450424446770879	0	0.9999999999999999	No-PER3D	No-Essential3D
150	F	150	-17.612	42.46	-55.051	0.59	0	0.0985180006014124	-0.24589945084685277	0	1	No-PER3D	No-Essential3D
151	D	151	-16.932	42.569	-58.804	0.59	0	0.5273615069442329	-0.2352965015719614	0	1	No-PER3D	No-Essential3D
152	Y	152	-20.686	42.499	-59.385	0.59	0	0.19991961833376382	0.09419913762783326	0	0.9999999999999999	No-PER3D	No-Essential3D
153	L	153	-21.236	45.56	-57.191	0.59	0	0.5271468391084204	-0.05050509079654258	0	0.9999999999999999	No-PER3D	No-Essential3D
154	P	154	-22.713	48.57	-59.058	-1.26	0	0.524141489407046	-0.1680059890691692	0	1	No-PER3D	No-Essential3D
155	L	155	-20.214	51.416	-59.263	0.59	0	0.7012066759796929	-0.2947205693787943	0	1	No-PER3D	No-Essential3D
156	T	156	-22.722	54.209	-58.781	-0.33	0	0.6078339452214094	-0.47136918618242446	0	1	No-PER3D	No-Essential3D
157	A	157	-26.331	55.081	-58.077	0.59	0	0.3489725353840757	-0.43112959393834027	0	1	No-PER3D	No-Essential3D
158	L	158	-28.623	57.962	-58.907	0.13	0	0.007735413745868801	-0.600910797098389	0	0.9999999999999999	No-PER3D	No-Essential3D
159	V	159	-31.309	59.045	-56.482	-0.33	0	-0.2229722012211313	-0.400496900569284	0	0.9999999999999999	No-PER3D	No-Essential3D
160	D	160	-34.506	60.511	-57.943	0.59	0	-0.4426563914505015	-0.41855341476745933	0	0.9999999999999999	No-PER3D	No-Essential3D
161	G	161	-32.635	61.553	-61.075	0.59	0	-0.14811767191916025	-0.788094671404243	0	0.9999999999999999	No-PER3D	No-Essential3D
162	Q	162	-31.164	64.348	-58.98	-1.26	0	-0.769178554404094	-0.8349191312595509	0	0.5398970398970399	No-PER3D	No-Essential3D
163	I	163	-28.577	62.868	-56.608	0.59	0	-0.3345793925741496	-0.48771043904715683	0	0.2963131198425316	No-PER3D	No-Essential3D
164	F	164	-25.43	61.107	-57.812	0.59	0	0.060816743778478774	-0.8652881113409336	0	0.9999999999999999	No-PER3D	No-Essential3D
165	C	165	-24.032	58.655	-55.27	0.59	0	0.48105517782291746	-0.4992445905683011	14.037462451397287	0.2972972972972973	No-PER3D	No-Essential3D
166	L	166	-20.613	56.96	-55.56	-0.33	0	0.7600614409649434	-0.4239841915405425	14.037462451397287	0.2972972972972973	No-PER3D	No-Essential3D
167	H	167	-17.807	55.901	-53.181	0.59	0.112251243781095	0.700856051847866	-0.41236126208679597	14.037462451397287	0.0825825825825826	No-PER3D	No-Essential3D
168	G	168	-14.896	57.763	-54.751	0.59	0.121662723893207	0.7987473254188066	-0.33992814111977976	14.037462451397287	0.0825825825825826	No-PER3D	No-Essential3D
169	G	169	-15.31	60.705	-57.059	0.59	0.122574055158325	0.6659044742569873	-0.5274687996474556	14.037462451397287	0.0825825825825826	No-PER3D	No-Essential3D
170	L	170	-15.283	62.157	-60.537	0.59	0.122574055158325	0.30414989126643327	-0.6961397019894001	14.037462451397287	0.0825825825825826	No-PER3D	No-Essential3D
171	S	171	-13.094	61.009	-63.447	0.59	0.112359550561798	0.5207893685862821	-0.4431862439770452	0	1	No-PER3D	No-Essential3D
172	P	172	-11.429	62.918	-66.278	0.59	0.103817235396183	0.3349498783672938	-0.4613736356717267	0	1	No-PER3D	No-Essential3D
173	S	173	-12.366	59.862	-68.309	0.59	0.104395604395604	0.7606393928305923	-0.4183076664565266	0	1	No-PER3D	No-Essential3D
174	I	174	-16.024	60.448	-67.534	0.59	0.104395604395604	0.5471825037842504	-0.7031348203940511	0	0.9999999999999999	No-PER3D	No-Essential3D
175	D	175	-18.211	63.434	-68.408	-1.26	0.103231341149557	-0.409207427226069	-1.1188532935355744	0	1	No-PER3D	No-Essential3D
176	T	176	-21.745	62.056	-68.79	0.59	0.102564102564103	-0.01851196604738537	-0.9950486555895448	0	0.9999999999999999	No-PER3D	No-Essential3D
177	L	177	-23.658	59.376	-66.878	0.59	0.110294117647059	0.11452044767646345	-0.8547290927216145	0	0.9999999999999999	No-PER3D	No-Essential3D
178	D	178	-23.924	57.454	-70.134	0.59	0.109987745098039	0.3155201309699668	-0.46536537566445974	0	0.9999999999999999	No-PER3D	No-Essential3D
179	H	179	-20.145	57.049	-69.992	-1.72	0.120764844012077	0.4837741786454023	-0.5334529504999008	0	0.9999999999999999	No-PER3D	No-Essential3D
180	I	180	-20.262	55.143	-66.715	0.59	0.119652406417112	0.5368700293187497	-0.531728971997727	0	0.9999999999999999	No-PER3D	No-Essential3D
181	R	181	-23.176	53.093	-68.022	0.59	0.120759837177748	0.241037547537569	-0.32162307350012975	0	1	No-PER3D	No-Essential3D
182	A	182	-20.985	51.846	-70.879	-1.26	0.11986531986532	0.37312266691297785	-0.27968871375061505	0	1	No-PER3D	No-Essential3D
183	L	183	-18.134	50.579	-68.668	0.13	0.120648867860764	0.3299207649557196	-0.3213501745485954	0	1	No-PER3D	No-Essential3D
184	D	184	-17.655	46.884	-67.884	0.59	0.132222222222222	0.282511373416537	-0.24917109219387254	0	1	No-PER3D	No-Essential3D
185	R	185	-17.421	46.735	-64.096	0.59	0.132222222222222	0.5469548257765705	-0.1732000064680091	0	1	No-PER3D	No-Essential3D
186	L	186	-17.373	42.973	-63.658	-1.72	0.14787277984304	0.23707692596682906	-0.22862534053171038	0	0.9999999999999999	No-PER3D	No-Essential3D
187	Q	187	-13.66	42.851	-62.912	0.59	0.189417989417989	0.6529141907420268	-0.6920613226579212	0	1	No-PER3D	No-Essential3D
188	E	188	-11.136	43.747	-60.236	0.59	0.166977611940299	0.9057239547170457	-0.34330768839235504	14.037462451397287	0.0825825825825826	No-PER3D	No-Essential3D
189	V	189	-10.572	47.446	-59.715	0.59	0.220570012391574	0.9810798669201923	-0.2576690447117687	14.037462451397287	0.0825825825825826	No-PER3D	No-Essential3D
190	P	190	-7.754	48.628	-62.053	0.59	0.220570012391574	0.9608997142779501	-0.03515195825257469	14.037462451397287	0.0825825825825826	No-PER3D	No-Essential3D
191	H	191	-4.778	50.686	-60.881	0.59	0.219753086419753	1.146658698005389	0.10352088518349122	14.037462451397287	0.0825825825825826	No-PER3D	No-Essential3D
192	E	192	-5.728	53.204	-63.532	-0.33	0.376383763837638	1.146658698005389	-0.11206329286993676	14.037462451397287	0.2972972972972973	No-PER3D	No-Essential3D
193	G	193	-8.863	54.221	-65.376	0.59	0.329335793357934	1.1212813569955313	-0.2624781750608044	14.037462451397287	0.2972972972972973	No-PER3D	No-Essential3D
194	P	194	-12.502	55.398	-65.045	0.59	0.330855018587361	0.7510011955416821	-0.4361434070798978	2.430875094297041	0.512012012012012	No-PER3D	No-Essential3D
195	M	195	-13.812	52.659	-62.773	0.59	0.332397003745318	0.6628884672871683	-0.34514496185760374	2.430875094297041	0.512012012012012	No-PER3D	No-Essential3D
196	C	196	-10.801	53.108	-60.545	0.59	0.334905660377359	1.1113116873130868	-0.21203274763220667	14.037462451397287	0.2972972972972973	No-PER3D	No-Essential3D
197	D	197	-11.408	56.865	-60.531	0.59	0.29769392033543	0.9116116972476691	-0.26630463979506075	14.037462451397287	0.0825825825825826	No-PER3D	No-Essential3D
198	L	198	-15.056	56.641	-59.457	0.59	0.189581095596133	0.6244032947223449	-0.3915827686512809	14.037462451397287	0.0825825825825826	No-PER3D	No-Essential3D
199	L	199	-13.634	54.632	-56.562	0.59	0.191017316017316	0.886989508140015	-0.2906948177426431	14.037462451397287	0.021235521235521235	PER3D	Essential3D
200	W	200	-10.598	56.611	-55.458	0.59	0.191017316017316	0.9811937059240322	-0.14410973780876177	14.037462451397287	0.021235521235521235	PER3D	Essential3D
201	S	201	-11.071	60.258	-56.442	0.59	0.191743617599131	0.9116116972476691	-0.14753962307229668	14.037462451397287	0.0825825825825826	No-PER3D	No-Essential3D
202	D	202	-11.413	63.009	-53.878	0.59	0.222853535353535	0.22144642417173407	-0.33042166883462415	5.259209835194961	0.20527670527670522	No-PER3D	No-Essential3D
203	P	203	-12.669	66.569	-54.018	0.59	0.265413533834587	-0.177671609474565	-0.40568280123758654	6.425236912649982	0.051498977969566165	No-PER3D	No-Essential3D
204	D	204	-9.799	69.06	-53.881	-0.33	0.264419475655431	-0.08817260406092556	-0.33461054465042567	8.711204997531198	0.06995230524642289	No-PER3D	No-Essential3D
205	D	205	-9.462	72.66	-52.766	0.59	0.266415094339623	-0.8434508010184193	-0.32342060605607725	5.259209835194961	0.20527670527670522	No-PER3D	No-Essential3D
206	R	206	-6.975	73.14	-55.613	-1.26	0.264661654135338	-0.18385562971675493	-0.2901627181959242	5.259209835194961	0.20527670527670522	No-PER3D	No-Essential3D
207	G	207	-9.475	73.529	-58.472	-1.26	0.219725343320849	-0.9372781062886038	-0.45362346163977907	5.259209835194961	0.20527670527670522	No-PER3D	No-Essential3D
208	G	208	-9.191	71.467	-61.648	0.59	0.21952736318408	-0.4252484812571554	-0.5755918903270703	5.259209835194961	0.20527670527670522	No-PER3D	No-Essential3D
209	W	209	-8.055	67.838	-62.045	0.59	0.219330855018587	0.1998976494031982	-0.429439661997815	5.259209835194961	0.20527670527670522	No-PER3D	No-Essential3D
210	G	210	-5.056	66.978	-59.883	0.59	0.217712177121771	0.3927409219080613	-0.2700717740509331	0	1	No-PER3D	No-Essential3D
211	I	211	-2.745	64.238	-58.669	-0.33	0.186610437532947	0.5036675445664323	-0.20915177372902594	0	1	No-PER3D	No-Essential3D
212	S	212	-4.2	62.137	-55.833	0.59	0.186610437532947	0.5910105202626283	-0.1867203823657187	0	1	No-PER3D	No-Essential3D
213	P	213	-1.862	61.977	-52.832	0.59	0.219135802469136	0.6173073301496551	-0.18375024153255293	0	1	No-PER3D	No-Essential3D
214	R	214	-3.283	58.497	-52.365	0.59	0.219135802469136	0.8768944106058767	-0.142698153543524	14.037462451397287	0.021235521235521235	PER3D	Essential3D
215	G	215	-1.911	56.837	-55.459	0.59	0.219135802469136	0.7485936592096986	-0.01968608312500169	14.037462451397287	0.2972972972972973	No-PER3D	No-Essential3D
216	A	216	-5.037	56.215	-57.515	0.59	0.189406099518459	0.9068405737017154	-0.05460338228723819	14.037462451397287	0.2972972972972973	No-PER3D	No-Essential3D
217	G	217	-7.838	58.349	-58.946	0.59	0.190655209452202	0.9810798669201923	-0.15327163175345043	14.037462451397287	0.0825825825825826	No-PER3D	No-Essential3D
218	Y	218	-7.398	62.117	-59.153	0.59	0.192099567099567	0.6506098538675886	-0.19659103657862495	2.430875094297041	0.512012012012012	No-PER3D	No-Essential3D
219	T	219	-8.373	65.149	-57.11	-1.72	0.224116161616162	0.41422524371118774	-0.3887251522255086	5.259209835194961	0.20527670527670522	No-PER3D	No-Essential3D
220	F	220	-11.192	67.044	-58.831	0.59	0.191374663072776	-0.05422587677233392	-0.5184069149451855	5.259209835194961	0.20527670527670522	No-PER3D	No-Essential3D
221	G	221	-11.898	70.675	-57.954	0.59	0.191729323308271	-0.38690209741118026	-0.5075245779692239	5.259209835194961	0.20527670527670522	No-PER3D	No-Essential3D
222	Q	222	-15.046	72.764	-57.531	-0.8	0.19012214551248	-0.6689823420386265	-0.5427797332731029	2.587493977036296	0.5669619199030964	No-PER3D	No-Essential3D
223	D	223	-15.268	73.878	-61.151	0.59	0	-1.0518638939937366	-0.6127179433241886	5.259209835194961	0.20527670527670522	No-PER3D	No-Essential3D
224	I	224	-15.115	70.228	-62.118	-0.33	0	-0.4442882555417455	-0.7008120853711088	5.259209835194961	0.20527670527670522	No-PER3D	No-Essential3D
225	S	225	-18.02	69.462	-59.811	-1.72	0	-0.7910746736569652	-0.8653648338093908	1.6774354827080826	0.6227319756731522	No-PER3D	No-Essential3D
226	E	226	-20.104	72.378	-61.081	-2.65	0	-1.095482917762996	-0.9767806233440709	1.6774354827080826	0.6227319756731522	No-PER3D	No-Essential3D
227	T	227	-19.444	71.358	-64.668	-0.33	0	-0.8032983556154403	-1.1273347587553846	2.587493977036296	0.5669619199030964	No-PER3D	No-Essential3D
228	F	228	-20.284	67.687	-64.118	0.59	0	-0.2714521339584299	-1.161384302029053	5.259209835194961	0.20527670527670522	No-PER3D	No-Essential3D
229	N	229	-23.502	68.367	-62.212	0.59	0	-0.8432926247183469	-1.3116084944506912	2.587493977036296	0.5669619199030964	No-PER3D	No-Essential3D
230	H	230	-24.819	70.735	-64.864	-2.65	0	-1.041001701501626	-1.4799486530846122	5.259209835194961	0.20527670527670522	No-PER3D	No-Essential3D
231	A	231	-23.927	68.438	-67.745	0.59	0	-1.0276796681614995	-1.4388574261042688	0	1	No-PER3D	No-Essential3D
232	N	232	-25.919	65.597	-66.174	0.59	0	-0.801217728899104	-1.4414168057922387	0	1	No-PER3D	No-Essential3D
233	G	233	-28.713	67.506	-64.459	-2.19	0	-0.8425739541375834	-1.56007287572172	0	1	No-PER3D	No-Essential3D
234	L	234	-27.477	66.775	-60.96	0.13	0	-0.6420497850993859	-1.4845132979172653	0	1	No-PER3D	No-Essential3D
235	T	235	-28.297	68.72	-57.808	-0.8	0	-0.9469771894157668	-1.1972335367087565	0	0.5398970398970399	No-PER3D	No-Essential3D
236	L	236	-25.927	66.731	-55.612	-0.33	0	-0.8722191155940764	-0.9850817463042236	0	0.5398970398970399	No-PER3D	No-Essential3D
237	V	237	-22.761	64.606	-55.715	-0.33	0	-0.5931625957680811	-0.980388564520804	0	0.9999999999999999	No-PER3D	No-Essential3D
238	S	238	-23.054	62.198	-52.809	-1.26	0	0.07297103219662252	-0.608317518068452	1.1938939400601962	1	No-PER3D	No-Essential3D
239	R	239	-19.916	60.34	-51.973	0.59	0.258695652173913	0.5612459991817079	-0.5002835430608652	14.037462451397287	0.0825825825825826	No-PER3D	No-Essential3D
240	A	240	-17.764	59.467	-49.008	0.59	0.214028776978417	0.6042739258324699	-0.2432105098768869	14.037462451397287	0.0825825825825826	No-PER3D	No-Essential3D
241	H	241	-14.331	57.978	-49.029	0.59	0.214028776978417	0.745034692458071	-0.3023779732591024	14.037462451397287	0.0825825825825826	No-PER3D	No-Essential3D
242	Q	242	-12.381	60.102	-46.619	0.59	0.256834532374101	0.8515367725005294	-0.19723427264584026	14.037462451397287	0.021235521235521235	PER3D	Essential3D
243	L	243	-12.545	60.606	-42.872	0.59	0.21540312876053	0.721085812025243	-0.04708381911931468	14.037462451397287	0.021235521235521235	PER3D	Essential3D
244	V	244	-14.471	63.793	-42.039	0.59	0.21540312876053	0.36766941140645154	-0.062217038305045685	14.037462451397287	0.021235521235521235	PER3D	Essential3D
245	M	245	-14.028	64.35	-38.313	0.59	0.214975845410628	0.4407430351939039	-0.038325356900971594	14.037462451397287	0.0825825825825826	No-PER3D	No-Essential3D
246	E	246	-17.651	65.545	-38.254	0.59	0.18308406395049	0.44374838489527835	-0.009278227085190638	14.037462451397287	0.0825825825825826	No-PER3D	No-Essential3D
247	G	247	-19.431	62.608	-39.838	0.59	0.213768115942029	0.414446225306877	0.060818494205325244	14.037462451397287	0.021235521235521235	PER3D	No-Essential3D
248	Y	248	-20.267	64.556	-42.97	0.59	0.213768115942029	0.1447556336835347	0.06149422183118979	5.259209835194961	0.20527670527670522	No-PER3D	No-Essential3D
249	N	249	-18.807	67.541	-44.803	-1.72	0.213939393939394	-0.09796589877747344	-0.07413999576675971	5.259209835194961	0.20527670527670522	No-PER3D	No-Essential3D
250	W	250	-19.959	69.858	-47.562	0.59	0.215506715506716	-0.5614254998413588	-0.2910923538867443	0	0.9999999999999999	No-PER3D	No-Essential3D
251	C	251	-17.499	71.006	-50.231	-2.19	0.258608058608059	-0.7348409535980572	-0.4596099018878605	2.587493977036296	0.5669619199030964	No-PER3D	No-Essential3D
252	H	252	-17.399	72.818	-53.584	-1.26	0.214111922141119	-0.8794641550527471	-0.5595608806505815	2.587493977036296	0.5669619199030964	No-PER3D	No-Essential3D
253	D	253	-20.125	75.363	-52.808	-0.8	0.215686274509804	-1.2599092270713854	-0.6640904843701662	5.259209835194961	0.20527670527670522	No-PER3D	No-Essential3D
254	R	254	-22.325	72.685	-51.248	-0.8	0.215686274509804	-1.4392105369337458	-0.6245154748635262	0	0.9999999999999999	No-PER3D	No-Essential3D
255	N	255	-22.176	70.853	-54.613	0.13	0.214896214896215	-1.0514130915385302	-0.9543313311152791	5.259209835194961	0.20527670527670522	No-PER3D	No-Essential3D
256	V	256	-20.629	67.724	-53.19	0.59	0.21256038647343	-0.37603983430464993	-0.8039915084656466	5.259209835194961	0.20527670527670522	No-PER3D	No-Essential3D
257	V	257	-20.928	66.338	-49.671	-0.33	0.181536874677669	-0.09104660527896011	-0.34592216135020143	2.587493977036296	0.5669619199030964	No-PER3D	No-Essential3D
258	T	258	-18.758	63.694	-48.046	0.59	0.181536874677669	0.3188214620813251	-0.23996680152571928	5.259209835194961	0.20527670527670522	No-PER3D	No-Essential3D
259	I	259	-20.362	61.183	-45.665	-0.33	0.157706093189964	0.3776786491730402	-0.2132425321792873	14.037462451397287	0.0825825825825826	No-PER3D	No-Essential3D
260	F	260	-18.42	58.89	-43.28	-0.33	0.15702846975089	0.5407935800993556	-0.1898917724974503	14.037462451397287	0.021235521235521235	PER3D	Essential3D
261	S	261	-20.286	56.341	-41.165	0.59	0.15702846975089	0.5109337683510055	-0.1932072280958283	14.037462451397287	0.004996593231887351	PER3D	Essential3D
262	A	262	-17.513	54.683	-39.215	0.59	0.158723021582734	0.662804985351019	-0.012923110438861355	14.037462451397287	0.001059883412824589	PER3D	Essential3D
263	P	263	-17.275	56.472	-35.827	0.59	0.158723021582734	0.563141143671394	0.07601509061634926	14.037462451397287	0.0825825825825826	No-PER3D	No-Essential3D
264	N	264	-13.82	56.694	-34.275	0.59	0.139784946236559	0.673316120038907	0.19707572963886225	14.037462451397287	0.2972972972972973	No-PER3D	No-Essential3D
265	Y	265	-12.583	55	-37.427	0.59	0.139784946236559	0.7360186433539475	0.15501652569671864	14.037462451397287	0.004996593231887351	PER3D	No-Essential3D
266	C	266	-10.099	52.151	-36.896	0.59	0.252517985611511	0.9541137622002445	0.12075562490488723	14.037462451397287	0.004996593231887351	PER3D	No-Essential3D
267	Y	267	-10.946	52.622	-33.234	0.59	0.253429602888087	0.36636063008488523	0.3499978373476995	2.587493977036296	0.5669619199030964	No-PER3D	No-Essential3D
268	R	268	-8.442	55.474	-33.295	0.59	0.279569892473118	0.6548742014168362	0.05536150698582266	14.037462451397287	0.2972972972972973	No-PER3D	No-Essential3D
269	C	269	-9.343	58.415	-35.543	0.59	0.342607570365578	0.6956610902212044	-0.017266044606405153	14.037462451397287	0.0825825825825826	No-PER3D	No-Essential3D
270	G	270	-11.921	59.895	-33.19	0.59	0.251245551601424	0.6683982750730214	0.062448740840791966	14.037462451397287	0.2972972972972973	No-PER3D	No-Essential3D
271	N	271	-14.29	61.246	-35.831	0.59	0.281746031746032	0.3489725353840757	0.0195839167881454	14.037462451397287	0.0825825825825826	No-PER3D	No-Essential3D
272	Q	272	-18.054	61.22	-35.517	-1.72	0.283552369573875	0.4280642161412302	0.04136206695001599	14.037462451397287	0.2972972972972973	No-PER3D	No-Essential3D
273	A	273	-20.059	59.28	-38.077	0.59	0.285599679101484	0.4913272641792477	0.02787715650897062	14.037462451397287	0.0825825825825826	No-PER3D	No-Essential3D
274	A	274	-23.127	60.412	-39.954	0.59	0.323636363636364	0.34612693849074766	-0.04354016793735834	0	1	No-PER3D	No-Essential3D
275	I	275	-25.786	59.371	-42.416	0.59	0.321557971014493	0.333557557812436	-0.24635680763475848	0	1	No-PER3D	No-Essential3D
276	M	276	-27.987	61.376	-44.768	-0.33	0.323905109489051	0.27274049229439384	-0.1209661513692586	0	1	No-PER3D	No-Essential3D
277	E	277	-31.745	60.99	-45.026	0.59	0.367792207792208	-0.13621139739657784	-0.03537119538278758	0	0.9999999999999999	No-PER3D	No-Essential3D
278	L	278	-33.509	61.773	-48.31	0.59	0.367792207792208	-0.15868335446305495	-0.07501671653737789	0	0.5398970398970399	No-PER3D	No-Essential3D
279	D	279	-37.221	62.011	-47.477	0.59	0.283995186522262	-0.20851050083672643	0.09639276469502966	0	0.5398970398970399	No-PER3D	No-Essential3D
280	D	280	-40.436	61.536	-49.443	-0.33	0.285024154589372	-0.4959242884011455	0.18850373991735664	0	0.5398970398970399	No-PER3D	No-Essential3D
281	T	281	-39.26	64.504	-51.492	-2.19	0.287104622871046	-0.8433810173566226	0.14512844800152935	0	0.5398970398970399	No-PER3D	No-Essential3D
282	L	282	-35.444	64.63	-51.575	0.59	0.28921568627451	-0.538813133097844	0.05342438731952011	0	0.5398970398970399	No-PER3D	No-Essential3D
283	K	283	-34.9	66.908	-48.578	-1.26	0.325367647058824	-0.5944926030117017	-0.0011282063118381671	0	0.9999999999999999	No-PER3D	No-Essential3D
284	Y	284	-31.426	66.933	-46.993	-1.26	0.325367647058824	-0.4676239120465357	0.17769516456582363	0	0.5398970398970399	No-PER3D	No-Essential3D
285	S	285	-31.189	65.92	-43.324	-1.26	0.327777777777778	-0.09860990228491084	0.46808130832451045	0	0.9999999999999999	No-PER3D	No-Essential3D
286	F	286	-28.093	64.749	-41.457	0.59	0.327205882352941	0.0929256236339683	0.15952892880733083	0	1	No-PER3D	No-Essential3D
287	L	287	-27.802	62.515	-38.393	0.13	0.29110291102911	0.27018943964090153	-0.072680701660206945	0	1	No-PER3D	No-Essential3D
288	Q	288	-24.436	62.386	-36.654	-1.26	0.326923076923077	0.20065657609546447	-0.018324607967282983	0	1	No-PER3D	No-Essential3D
289	F	289	-23.561	59.74	-34.095	0.59	0.328125	0.42127656553727366	-0.23109250274281085	0	1	No-PER3D	No-Essential3D
290	D	290	-20.771	58.532	-31.82	-0.33	0.376280323450135	0.26464832612899236	-0.15523058249118712	1.1938939400601962	1	No-PER3D	No-Essential3D
291	P	291	-19.478	54.949	-31.772	-1.26	0.375068946497518	0.32565180231172164	-0.024735049908590552	1.1938939400601962	1	No-PER3D	No-Essential3D
292	A	292	-21.822	52.746	-29.766	0.59	0.37677859988617	0.24257778925952345	-0.13751544800658425	0	0.9999999999999999	No-PER3D	No-Essential3D
293	P	293	-20.726	51.695	-26.252	0.59	0.378220140515222	0.049510904425689	0.1940461198694289	0	0.9999999999999999	No-PER3D	No-Essential3D
294	R	294	-18.79	48.44	-26.192	-0.8	0.293183940242764	-0.28880560481475354	0.3864529705917329	0	0.9999999999999999	No-PER3D	No-Essential3D
295	R	295	-19.371	45.967	-23.315	0.59	0.328663793103448	-0.3256211386565911	0.4351363846410955	0	0.9999999999999999	No-PER3D	No-Essential3D
296	G	296	-17.791	42.597	-22.47	0.59	0.328888888888889	-2.2809767881133687	-0.007209189003816429	0	0.9999999999999999	No-PER3D	No-Essential3D
297	E	297	-17.199	41.068	-19.004	-2.19	0.189814814814815	-2.9318228328172817	-0.3354079605912245	0	0.9999999999999999	No-PER3D	No-Essential3D
298	P	298	-15.754	37.673	-19.965	0.59	0.190704032809296	-3.0803461417200295	-0.4375798959299888	0	1	No-PER3D	No-Essential3D
299	H	299	-12.141	36.832	-19.08	-2.65	0.190007037297678	-3.5826688775211943	-0.8750134451659595	0	1	No-PER3D	No-Essential3D
300	V	300	-10.061	38.33	-21.918	-4.5	0	-3.5826688775211943	-0.8750134451659595	0	1	No-PER3D	No-Essential3D
301	T	301	-8.042	35.133	-22.489	-1.72	0	-4.103909216353332	-1.1604052521042172	0	1	No-PER3D	No-Essential3D
302	R	302	-4.757	34.685	-24.342	-0.33	0	-3.8418802892647443	-1.4905987161169119	0	1	No-PER3D	No-Essential3D
303	R	303	-5.478	34.249	-28.044	-2.19	0	-2.4556627395057604	-1.5355653683295951	0	1	No-PER3D	No-Essential3D
304	T	304	-4.605	31.118	-29.989	-1.26	0	-0.9477285268411104	-1.6554764408967506	0	1	No-PER3D	No-Essential3D
305	P	305	-1.176	31.273	-31.692	-1.26	0	-0.6123815893294069	-1.6554764408967506	0	1	No-PER3D	No-Essential3D
306	D	306	-0.983	32.815	-35.157	0.59	0	-0.04213574855578582	-1.6554764408967506	14.037462451397287	0.2972972972972973	No-PER3D	No-Essential3D
307	Y	307	0.752	29.662	-36.318	0.59	0	-0.2196825616831403	-1.6554764408967506	0	1	No-PER3D	No-Essential3D
308	F	308	-2.172	27.414	-35.486	0.59	0	-0.27541813796317627	-1.6554764408967506	0	1	No-PER3D	No-Essential3D
309	L	309	-3.743	25.415	-38.362	0.59	0	0.3731226669129778	-1.6554764408967506	0	1	No-PER3D	No-Essential3D
