Uniprot_position	aminoacid	Position_in_structure	x	y	z	paraz	mtr	paraz3dscore	mtr3dscore	PER3D_OR	PER3D_pvalue	PER3D	Essential3D
2	A	1	51.187	26.865	-17.604	0.37	0.450121654501217	0.6917872258367374	-0.8026786143869484	0	1	No-PER3D	No-Essential3D
3	A	2	52.396	26.31	-21.179	-0.51	0.446759259259259	0.5313630238530361	-0.62786946527635	0	1	No-PER3D	No-Essential3D
4	A	3	51.018	29.715	-22.181	-0.51	0.442982456140351	0.4800272792182519	-0.604588576102126	0	1	No-PER3D	No-Essential3D
5	D	4	53.859	31.648	-20.508	0.37	0.445147679324895	0.6682583428791278	-0.7428422535833831	0	1	No-PER3D	No-Essential3D
6	G	5	56.72	31.708	-23.002	0.37	0.442424242424242	0.4800272792182519	-0.5469937187689345	0	1	No-PER3D	No-Essential3D
7	D	6	56.87	35.505	-22.944	0.37	0.666666666666667	0.5313630238530361	-0.5753718141240728	0	1	No-PER3D	No-Essential3D
8	D	7	56.435	35.173	-19.179	0.37	0.535593220338983	0.7310020307660864	-0.6992489898260438	0	1	No-PER3D	No-Essential3D
9	S	8	58.594	32.253	-18.074	0.37	0.537704918032787	0.7880417470269578	-0.8393319861142197	0	1	No-PER3D	No-Essential3D
10	L	9	59.674	34.2	-14.99	0.37	0.445026178010471	1.0447204702008797	-0.8534972580093555	0	1	No-PER3D	No-Essential3D
11	Y	10	58.656	37.81	-15.587	0.37	0.442211055276382	1.0447204702008797	-0.7813372309129343	0	1	No-PER3D	No-Essential3D
12	P	11	57.213	38.428	-12.094	0.37	0.441747572815534	1.0447204702008797	-0.7476123825811051	0	1	No-PER3D	No-Essential3D
13	I	12	60.418	37.028	-10.573	0.37	0.494718309859155	1.0447204702008797	-0.8724982165679351	0	1	No-PER3D	No-Essential3D
14	A	13	62.2	39.695	-12.58	0.37	0.492613636363636	1.0447204702008797	-0.7233049408321778	0	1	No-PER3D	No-Essential3D
15	V	14	59.86	42.328	-11.161	0.37	0.496666666666667	1.0447204702008797	-0.6261392547130479	0	1	No-PER3D	No-Essential3D
16	L	15	60.541	41.007	-7.678	0.37	0.498376623376623	1.0447204702008797	-0.6725052039841064	0	0.9999999999999999	No-PER3D	No-Essential3D
17	I	16	64.282	40.828	-8.287	0.37	0.5	1.0447204702008797	-0.6958643851280848	0	1	No-PER3D	No-Essential3D
18	D	17	64.257	44.461	-9.412	0.37	0.499487704918033	1.0447204702008797	-0.4958631271110298	0	1	No-PER3D	No-Essential3D
19	E	18	62.655	46.061	-6.365	0.37	0.501	1.0447204702008797	-0.5249309028595333	0	1	No-PER3D	No-Essential3D
20	L	19	64.913	43.978	-4.099	0.37	0.572544642857143	1.0447204702008797	-0.74075424057947	0	0.9999999999999999	No-PER3D	No-Essential3D
21	R	20	67.813	45.588	-5.946	0.37	0.574154852780807	1.0447204702008797	-0.6788698948382984	0	1	No-PER3D	No-Essential3D
22	N	21	66.81	48.982	-4.539	0.37	0.575692963752665	1.0447204702008797	-0.558554992289034	0	1	No-PER3D	No-Essential3D
23	E	22	68.89	50.812	-1.906	0.37	0.447761194029851	1.0447204702008797	-0.7529157351017625	0	1	No-PER3D	No-Essential3D
24	D	23	65.955	52.117	0.128	0.37	0.447761194029851	1.0447204702008797	-0.7620788567621549	0	1	No-PER3D	No-Essential3D
25	V	24	65.27	49.436	2.741	0.37	0.444857496902107	1.0447204702008797	-0.9306257092779404	0	1	No-PER3D	No-Essential3D
26	Q	25	61.894	50.757	3.908	0.37	0.446517412935323	1.0447204702008797	-0.902323299870144	0	1	No-PER3D	No-Essential3D
27	L	26	60.818	50.283	0.289	0.37	0.401865671641791	1.0447204702008797	-0.5919385845021495	0	1	No-PER3D	No-Essential3D
28	R	27	62.221	46.798	-0.268	0.37	0.406818181818182	1.0447204702008797	-0.8109880515412298	0	1	No-PER3D	No-Essential3D
29	L	28	60.217	45.971	2.852	0.37	0.542424242424243	1.0447204702008797	-0.8363031398398376	0	1	No-PER3D	No-Essential3D
30	N	29	56.941	46.913	1.171	0.37	0.538345864661654	1.0447204702008797	-0.6385819239846713	0	1	No-PER3D	No-Essential3D
31	S	30	57.978	44.613	-1.658	0.37	0.536329588014981	1.0447204702008797	-0.6224862678995062	0	1	No-PER3D	No-Essential3D
32	I	31	58.16	41.544	0.587	0.37	0.451127819548872	1.0447204702008797	-0.8552961278154032	0	1	No-PER3D	No-Essential3D
33	K	32	54.755	42.444	1.971	0.37	0.541353383458647	0.9438824003825534	-0.7862737489942069	0	1	No-PER3D	No-Essential3D
34	K	33	53.371	42.242	-1.569	0.37	0.539325842696629	0.9401476570559484	-0.6389616205809444	0	1	No-PER3D	No-Essential3D
35	L	34	55.208	38.973	-2.13	0.37	0.539325842696629	0.9662908603421815	-0.7706556363022995	0	1	No-PER3D	No-Essential3D
36	S	35	51.773	37.408	-2.653	0.37	0.490296220633299	0.5903577303889779	-0.6994494151919185	0	0.9999999999999999	No-PER3D	No-Essential3D
37	T	36	51.055	39.538	-5.734	0.37	0.446096654275093	1.0447204702008797	-0.712319170802823	0	1	No-PER3D	No-Essential3D
38	I	37	54.143	37.937	-7.279	0.37	0.335820895522388	1.0447204702008797	-0.8271475217201801	0	0.9999999999999999	No-PER3D	No-Essential3D
39	A	38	52.87	34.511	-6.255	0.37	0.367722165474974	0.6534636664739643	-0.8152369000709505	0	1	No-PER3D	No-Essential3D
40	L	39	49.514	35.294	-7.867	0.37	0.368079289131921	0.5550779058854094	-0.9192602173123716	0	1	No-PER3D	No-Essential3D
41	A	40	50.967	36.614	-11.124	0.37	0.365332428765265	1.0447204702008797	-0.8421804812088113	0	0.9999999999999999	No-PER3D	No-Essential3D
42	L	41	53.005	33.425	-11.016	0.37	0.362960459614735	0.9591608958095725	-0.9141477208996909	0	1	No-PER3D	No-Essential3D
43	G	42	51.234	30.064	-11.016	0.37	0.44361833952912	0.4810967738981432	-0.9492049869750674	0	0.9999999999999999	No-PER3D	No-Essential3D
44	V	43	51.151	27.794	-7.967	0.37	0.399256505576208	-0.024036627152604816	-0.955776036722083	0	1	No-PER3D	No-Essential3D
45	E	44	53.266	25.354	-9.968	0.37	0.402247191011236	0.22254643503441154	-0.9789034270370245	0	1	No-PER3D	No-Essential3D
46	R	45	55.875	27.993	-10.79	0.37	0.402247191011236	0.947359575203875	-1.037942810632861	0	1	No-PER3D	No-Essential3D
47	T	46	55.672	29.571	-7.331	0.37	0.406415094339623	0.5616144447985341	-0.9425455990130079	0	1	No-PER3D	No-Essential3D
48	R	47	56.796	26.223	-5.93	0.37	0.406415094339623	0.10550968767812055	-0.8762147390010353	0	1	No-PER3D	No-Essential3D
49	S	48	59.456	25.506	-8.562	0.37	0.370867768595041	0.8094316406247849	-1.0239415536940049	0	1	No-PER3D	No-Essential3D
50	E	49	60.921	28.977	-9.168	0.37	0.370867768595041	1.0447204702008797	-1.1097501970321533	0	1	No-PER3D	No-Essential3D
51	L	50	59.985	31.365	-6.375	0.37	0.371240926374006	1.0447204702008797	-0.931316183528192	0	1.0000000000000002	No-PER3D	No-Essential3D
52	L	51	60.656	29.228	-3.302	0.37	0.340648854961832	0.4966044467565677	-0.8602202941350064	0	1	No-PER3D	No-Essential3D
53	P	52	64.114	27.876	-4.154	0.37	0.343269230769231	0.7880417470269578	-0.9100750949645559	0	1	No-PER3D	No-Essential3D
54	F	53	64.963	31.506	-4.838	0.37	0.37737843551797	0.8094316406247849	-1.0136167209849356	0	0.9999999999999999	No-PER3D	No-Essential3D
55	L	54	63.733	32.735	-1.453	0.37	0.379908029713477	0.8878612504834831	-0.8449817330798657	0	1	No-PER3D	No-Essential3D
56	T	55	65.534	29.809	0.204	0.37	0.344230769230769	0.8430443305642269	-0.8086081723200914	0	1	No-PER3D	No-Essential3D
57	D	56	69.154	30.544	-0.745	0.37	0.344230769230769	0.7310020307660864	-1.0004148581012726	0	1	No-PER3D	No-Essential3D
58	T	57	69.543	33.743	-2.765	0.37	0.375524475524476	0.6917872258367374	-1.1836345504797514	0	1	No-PER3D	No-Essential3D
59	I	58	68.08	36.289	-0.327	0.37	0.378435517970402	0.8188431938078284	-1.143862720568032	0	1	No-PER3D	No-Essential3D
60	Y	59	70.664	38.136	1.776	0.37	0.277519379844961	0.747513527578444	-1.158885189361956	0	1	No-PER3D	No-Essential3D
61	D	60	69.03	41.424	2.894	0.37	0.278599221789883	1.0447204702008797	-1.0528142077352163	0	1	No-PER3D	No-Essential3D
62	E	61	68.742	43.128	6.308	0.37	0.253272019808985	1.0447204702008797	-0.9227276370376407	0	1	No-PER3D	No-Essential3D
63	D	62	67.073	41.621	9.372	0.37	0.348249027237354	1.0447204702008797	-0.7597424648958986	0	1	No-PER3D	No-Essential3D
64	E	63	63.934	43.773	9.135	0.37	0.319320214669052	1.0447204702008797	-0.8743694546037344	0	1	No-PER3D	No-Essential3D
65	V	64	63.221	42.283	5.715	0.37	0.317531305903399	1.0447204702008797	-0.835991996145143	0	1	No-PER3D	No-Essential3D
66	L	65	63.865	38.668	6.689	0.37	0.319664771026639	0.899927344307898	-0.5445253855991136	0	1	No-PER3D	No-Essential3D
67	L	66	61.391	39.233	9.506	0.37	0.318425760286225	1.0447204702008797	-0.40917134355943013	0	1	No-PER3D	No-Essential3D
68	A	67	58.782	40.354	6.982	0.37	0.342664092664093	0.9591608958095725	-0.631439277094213	0	1	No-PER3D	No-Essential3D
69	L	68	59.653	37.364	4.82	0.37	0.373426573426573	0.8381254003291867	-0.6933553104094041	0	1	No-PER3D	No-Essential3D
70	A	69	59.342	34.952	7.747	0.37	0.346303501945525	0.5076813559411565	-0.39937868820335226	0	1	No-PER3D	No-Essential3D
71	E	70	55.931	36.416	8.502	0.37	0.429086538461539	0.575034056615266	-0.3271695246188724	0	1	No-PER3D	No-Essential3D
72	Q	71	54.935	36.158	4.846	0.37	0.59765625	0.575034056615266	-0.4418931381607474	0	1	No-PER3D	No-Essential3D
73	L	72	55.715	32.456	4.469	0.37	0.59765625	0.10570414125628264	-0.44728937708640676	0	1	No-PER3D	No-Essential3D
74	G	73	53.355	31.729	7.357	0.37	0.532774618377731	-0.40368089628053583	-0.20805174252388745	0	1	No-PER3D	No-Essential3D
75	T	74	50.47	32.803	5.109	-0.51	0.537552998182919	-0.1362086553694619	-0.2758866608914401	0	1.0000000000000002	No-PER3D	No-Essential3D
76	F	75	51.449	31.133	1.826	0.37	0.501129305477132	0.014092792090956109	-0.49073869005407184	0	1	No-PER3D	No-Essential3D
77	T	76	49.844	27.703	2.103	0.37	0.467720685111989	-0.8924017687523108	-0.2437659950700926	0	1	No-PER3D	No-Essential3D
78	T	77	47.013	28.429	-0.31	-3.14	0.471447543160691	-0.2559495981900507	-0.5525773824830486	0	1.0000000000000002	No-PER3D	No-Essential3D
79	L	78	49.247	30.561	-2.511	0.37	0.471447543160691	0.019950113286813332	-0.7563865073247068	0	1	No-PER3D	No-Essential3D
80	V	79	51.409	27.474	-3.084	0.37	0.470119521912351	-0.012073960366751235	-0.8094641433836673	0	1	No-PER3D	No-Essential3D
81	G	80	48.827	24.795	-3.817	0.37	0.46957671957672	-0.19503776272916235	-0.734816321900155	0	1	No-PER3D	No-Essential3D
82	G	81	47.107	24.179	-0.491	0.37	0.473333333333333	-0.7491137883441417	-0.3506848872228663	0	1	No-PER3D	No-Essential3D
83	P	82	47.634	21.399	2.138	0.37	0.51061388410786	-2.358946348553312	-0.16076854152123107	0	0.9999999999999999	No-PER3D	No-Essential3D
84	E	83	49.028	19.077	-0.537	-1.39	0.480431848852902	-2.123657518977217	-0.34209420000119173	0	1	No-PER3D	No-Essential3D
85	Y	84	52.141	21.202	-0.878	-1.39	0.520408163265306	-1.167987630017169	-0.4631263361802312	0	1	No-PER3D	No-Essential3D
86	V	85	52.635	22.935	2.497	-2.26	0.481781376518219	-1.4674358170790232	-0.23777712281549881	0	1	No-PER3D	No-Essential3D
87	H	86	55.955	21.172	3.164	0.37	0.512672811059908	-1.0306621007251058	-0.3464601021459554	0	1	No-PER3D	No-Essential3D
88	C	87	57.375	23.126	0.231	0.37	0.51061388410786	-0.32866721019617107	-0.5694155112548293	0	0.9999999999999999	No-PER3D	No-Essential3D
89	L	88	57.584	26.002	2.681	0.37	0.51061388410786	-0.27417126695873945	-0.47120655889785945	0	1	No-PER3D	No-Essential3D
90	L	89	59.755	24.201	5.23	0.37	0.565737051792829	-0.29919682187167074	-0.49388614789096824	0	0.9999999999999999	No-PER3D	No-Essential3D
91	P	90	63.08	24.829	3.432	0.37	0.565737051792829	0.3181540844424399	-0.7251517577300011	0	1.0000000000000002	No-PER3D	No-Essential3D
92	P	91	62.923	28.646	3.329	0.37	0.568674698795181	0.6740561298280123	-0.5421397594275815	0	1	No-PER3D	No-Essential3D
93	L	92	61.482	28.761	6.852	0.37	0.615962984384037	0.4121907595222869	-0.44858698261986113	0	0.9999999999999999	No-PER3D	No-Essential3D
94	E	93	64.192	26.383	8.064	0.37	0.550558312655087	0.7246012671515851	-0.5181283391921002	0	0.9999999999999999	No-PER3D	No-Essential3D
95	S	94	66.734	28.813	6.643	-1.39	0.517818181818182	0.8961169988896618	-0.6032941763692898	0	1	No-PER3D	No-Essential3D
96	L	95	65.195	31.737	8.546	0.37	0.594758064516129	0.9192330944269623	-0.4212991934527826	0	1	No-PER3D	No-Essential3D
97	A	96	65.145	29.795	11.822	0.37	0.594758064516129	0.9245729827577672	-0.37285518040122917	0	1	No-PER3D	No-Essential3D
98	T	97	68.941	29.572	11.658	0.37	0.654309545875811	0.8833795584915574	-0.30127814549659837	0	1	No-PER3D	No-Essential3D
99	V	98	69.733	33.281	11.217	0.37	0.649095923996323	0.8625613763355158	-0.3383043390138884	0	1	No-PER3D	No-Essential3D
100	E	99	71.682	35.15	13.917	0.37	0.701195219123506	0.7880417470269578	-0.25954478506354645	0	1	No-PER3D	No-Essential3D
101	E	100	68.955	37.631	14.854	0.37	0.755133312902237	1.0447204702008797	-0.2957078910258958	0	1	No-PER3D	No-Essential3D
102	T	101	66.902	35.81	17.493	0.37	0.700396825396826	1.0447204702008797	-0.16953569307470467	0	1	No-PER3D	No-Essential3D
103	V	102	63.884	37.952	16.623	0.37	0.579068241469816	1.0447204702008797	-0.32482467061334613	0	1	No-PER3D	No-Essential3D
104	V	103	63.868	36.545	13.095	0.37	0.581357048748353	0.8625613763355158	-0.36574284701790905	0	1	No-PER3D	No-Essential3D
105	R	104	64.354	32.968	14.31	0.37	0.536637275767711	0.8961169988896618	-0.29215390866461943	0	1	No-PER3D	No-Essential3D
106	D	105	61.264	33.437	16.502	0.37	0.539677713590757	1.0447204702008797	-0.07634216907532915	0	1	No-PER3D	No-Essential3D
107	K	106	58.985	34.575	13.648	0.37	0.580065359477124	0.48094398894387297	-0.24310030938858398	0	1	No-PER3D	No-Essential3D
108	A	107	60.071	31.614	11.526	0.37	0.632798573975045	0.5076813559411565	-0.10192106756787236	0	1	No-PER3D	No-Essential3D
109	V	108	59.29	29.346	14.472	0.37	0.539067231980618	0.5962619055646243	-0.20497845757957225	0	0.9999999999999999	No-PER3D	No-Essential3D
110	E	109	55.908	31.016	14.857	0.37	0.536953242835596	0.04491544364439424	-0.036892502083066776	0	1.0000000000000002	No-PER3D	No-Essential3D
111	S	110	55.216	30.454	11.152	0.37	0.61078431372549	-0.021016525680031824	-0.1282215619270751	0	0.9999999999999999	No-PER3D	No-Essential3D
112	L	111	56.402	26.861	11.38	0.37	0.61078431372549	-0.04747368861060359	-0.1853271450078322	0	1	No-PER3D	No-Essential3D
113	R	112	53.974	26.257	14.243	0.37	0.606689453125	0.1591788752508497	-0.0025235892262945882	0	0.9999999999999999	No-PER3D	No-Essential3D
114	A	113	51.177	27.836	12.201	-4.02	0.606689453125	-0.2696884913855778	0.028964538391729213	0	0.9999999999999999	No-PER3D	No-Essential3D
115	I	114	51.504	25.749	9.022	0.37	0.613188976377953	-1.2393733029075995	-0.05150261781575375	0	1	No-PER3D	No-Essential3D
116	S	115	52.255	22.538	10.939	0.37	0.6125	-1.2474802204685609	-0.10005356603230754	0	0.9999999999999999	No-PER3D	No-Essential3D
117	H	116	48.496	22.338	11.506	-4.02	0.697265625	-1.7710008680647704	0.12244659874719171	0	1	No-PER3D	No-Essential3D
118	E	117	48.178	22.329	7.702	0.37	0.697265625	-2.1033685757851606	-0.08161158739753988	0	1	No-PER3D	No-Essential3D
119	H	118	50.229	19.141	7.411	0.37	0.691860465116279	-2.123657518977217	-0.09052206726804227	0	1	No-PER3D	No-Essential3D
120	S	119	48.334	15.881	7.323	-1.39	0.685328185328185	-2.5928983097795424	-0.02564098318199381	0	0.9999999999999999	No-PER3D	No-Essential3D
121	P	120	49.54	13.509	10.046	0.37	0.599038461538462	-2.0060131041891696	0.08123000336515447	0	1	No-PER3D	No-Essential3D
122	S	121	51.201	11.681	7.147	-4.02	0.536036036036036	-2.2833525200428104	0.025855018854111345	0	1.0000000000000002	No-PER3D	No-Essential3D
123	D	122	53.123	14.78	6.08	-4.89	0.482432432432433	-2.0732384840680536	-0.16929195103772313	0	1	No-PER3D	No-Essential3D
124	L	123	54.229	15.473	9.655	0.37	0.482432432432433	-1.162196254385711	-0.13959333044299907	0	0.9999999999999999	No-PER3D	No-Essential3D
125	E	124	56.11	12.2	9.704	0.37	0.482432432432433	-1.091687350699305	-0.11175846613054245	0	1	No-PER3D	No-Essential3D
126	A	125	57.372	12.522	6.131	0.37	0.458172458172458	-1.5022047174832127	-0.4292152629286279	0	1.0000000000000002	No-PER3D	No-Essential3D
127	H	126	58.363	16.188	6.349	-2.26	0.395775430794886	-1.3958663893111596	-0.46346686287663463	0	1	No-PER3D	No-Essential3D
128	F	127	57.825	18.042	9.642	0.37	0.395775430794886	-0.8780222823549914	-0.2644733464898164	0	0.9999999999999999	No-PER3D	No-Essential3D
129	V	128	59.638	15.598	11.928	0.37	0.364530002047921	-0.596953863432328	-0.36019372545525263	0	1	No-PER3D	No-Essential3D
130	P	129	62.674	15.372	9.639	0.37	0.364530002047921	-0.6225029030075101	-0.7265073779950425	0	0.9999999999999999	No-PER3D	No-Essential3D
131	L	130	62.949	19.166	9.922	0.37	0.291309669522644	-0.09645925850479938	-0.6276742376821528	0	1	No-PER3D	No-Essential3D
132	V	131	62.713	19.065	13.698	0.37	0.291309669522644	0.3747584457260899	-0.5491765738515212	0	1	No-PER3D	No-Essential3D
133	K	132	65.361	16.335	13.794	0.37	0.231016731016731	0.020922381177623673	-0.7079899727172908	0	1.0000000000000002	No-PER3D	No-Essential3D
134	R	133	67.702	18.313	11.559	0.37	0.228607918263091	-0.061060636329631345	-0.8393477743468666	0	0.9999999999999999	No-PER3D	No-Essential3D
135	L	134	67.384	21.472	13.671	0.37	0.340996168582376	0.45199526076636304	-0.740792074773455	0	1.0000000000000002	No-PER3D	No-Essential3D
136	A	135	67.789	19.575	16.961	0.37	0.360323886639676	0.41104487236526044	-1.0229447372410017	2.9135376193811684	0.35096435765680817	No-PER3D	No-Essential3D
137	G	136	71.003	18.084	15.6	-2.26	0.392307692307692	0.1437781518604144	-1.0924625325220285	0	1	No-PER3D	No-Essential3D
138	G	137	72.409	21.216	13.985	0.37	0.440274841437632	0.4578352646105066	-0.9817325318543483	0	1	No-PER3D	No-Essential3D
139	D	138	76.047	22.227	14.423	0.37	0.423955337506344	0.5173259061794624	-1.0533744523034525	0	1	No-PER3D	No-Essential3D
140	W	139	75.092	25.821	15.149	0.37	0.484520385721536	0.642896040470276	-0.8774824603760144	0	1	No-PER3D	No-Essential3D
141	F	140	73.425	26.265	18.554	0.37	0.481663685152057	0.7537441590166495	-1.0762534475288488	188.94700452602302	6.129588501326469e-6	PER3D	Essential3D
142	T	141	70.814	28.678	17.152	0.37	0.483990562858106	0.6422849006531952	-0.6653658079239596	19.053733137042098	0.016299972440128662	PER3D	Essential3D
143	S	142	69.34	25.732	15.235	0.37	0.480778915561524	0.6835603436837271	-0.6941759854627492	0	1	No-PER3D	No-Essential3D
144	R	143	68.991	23.617	18.358	0.37	0.464332036316472	0.5084452807125075	-1.209972882983419	31.490979198822867	3.7453294771670363e-4	PER3D	Essential3D
145	T	144	67.418	26.466	20.311	0.37	0.477130977130977	0.8438082553355779	-1.0758702443009953	36.64667750749642	2.4146961914210902e-4	PER3D	Essential3D
146	S	145	64.812	26.92	17.555	0.37	0.513924777490669	0.7630155715175005	-0.7145208778647006	14.044098339750892	0.007632028660389381	PER3D	Essential3D
147	A	146	63.954	23.213	17.541	0.37	0.5478515625	0.5054220890641824	-0.8153284937393858	2.2997960344955244	0.4129873558655337	No-PER3D	No-Essential3D
148	C	147	62.818	23.344	21.189	0.37	0.517066085693537	0.5054220890641824	-1.0091843220635812	9.19350800681703	0.019546867949262553	PER3D	Essential3D
149	G	148	59.741	25.295	20.146	0.37	0.530734632683658	0.7011779108309052	-0.7051243170485672	6.326122510621027	0.07899740316833725	No-PER3D	No-Essential3D
150	L	149	58.608	22.866	17.457	0.37	0.509019607843137	0.18749723438362478	-0.5613256390343057	0	0.9999999999999999	No-PER3D	No-Essential3D
151	F	150	57.9	19.782	19.59	0.37	0.511023622047244	0.64267777624989	-0.3940822319180441	0	0.9999999999999999	No-PER3D	No-Essential3D
152	S	151	54.478	20.56	21.058	0.37	0.522474171474574	-0.11505214296364165	-0.18763553826013818	0	0.9999999999999999	No-PER3D	No-Essential3D
153	V	152	52.731	21.227	17.717	0.37	0.563368055555556	-0.021016525680031824	-0.00570910065883357	0	1	No-PER3D	No-Essential3D
154	C	153	53.744	17.972	16	0.37	0.638221153846154	-0.9199163847902131	-0.06519678959755808	0	0.9999999999999999	No-PER3D	No-Essential3D
155	Y	154	53.734	15.496	18.902	0.37	0.63710407239819	0.0070291847378868965	0.05619647105596987	0	0.9999999999999999	No-PER3D	No-Essential3D
156	P	155	49.909	15.054	19.152	0.37	0.629695885509839	-0.2638826631233106	0.2695383560347404	0	1	No-PER3D	No-Essential3D
157	R	156	49.14	13.941	15.586	0.37	0.649846153846154	-1.3696637696538216	0.28393813204269946	0	0.9999999999999999	No-PER3D	No-Essential3D
158	V	157	51.979	11.459	14.986	-2.26	0.676923076923077	-1.4082173278724852	0.2099268084062227	0	1	No-PER3D	No-Essential3D
159	S	158	52.287	7.703	15.515	0.37	0.676923076923077	-1.3488086233959404	0.2843355978476721	0	1	No-PER3D	No-Essential3D
160	S	159	53.161	6.223	18.899	-1.39	0.674329501915709	-0.2820820473819658	0.5825209662253643	0	1.0000000000000002	No-PER3D	No-Essential3D
161	A	160	56.519	5.126	17.503	0.37	0.680769230769231	-0.1630445933049842	0.5687473121540098	0	0.9999999999999999	No-PER3D	No-Essential3D
162	V	161	57.315	8.654	16.31	0.37	0.718660125190323	-0.47190525470657135	0.01733017887347718	0	0.9999999999999999	No-PER3D	No-Essential3D
163	K	162	56.168	10.172	19.624	0.37	0.721467391304348	-0.0622065234866578	0.22823492963963246	0	1	No-PER3D	No-Essential3D
164	A	163	58.78	8.008	21.375	0.37	0.66375	-0.4311821880491703	0.38259138980885793	0	1	No-PER3D	No-Essential3D
165	E	164	61.378	9.387	18.975	0.37	0.66375	-0.3028428264622094	-0.07384879562835373	0	0.9999999999999999	No-PER3D	No-Essential3D
166	L	165	60.327	12.949	19.79	-0.51	0.601222826086957	0.18377725288835053	-0.20485331235961113	0	0.9999999999999999	No-PER3D	No-Essential3D
167	R	166	60.516	12.456	23.548	0.37	0.575551232166018	0.04914674612555825	0.041450764575994156	0	1	No-PER3D	No-Essential3D
168	Q	167	64.068	11.207	23.079	0.37	0.561310782241015	-0.18147843017888773	-0.09143913661300984	0	0.9999999999999999	No-PER3D	No-Essential3D
169	Y	168	65.119	14.185	20.997	-2.26	0.482336956521739	0.19981967308672063	-0.6951480367381472	0	1	No-PER3D	No-Essential3D
170	F	169	63.766	16.619	23.602	0.37	0.504261363636364	0.3239307998927157	-0.7700547711905965	2.07567275539113	0.442095420863937	No-PER3D	No-Essential3D
171	R	170	65.674	14.725	26.295	0.37	0.482101167315175	-0.04719909813979545	-0.5386217791043273	3.349409358375371	0.3179625453342727	No-PER3D	No-Essential3D
172	N	171	68.931	15.216	24.373	-1.39	0.486152437628748	-0.19503776272916232	-1.0793744078825511	5.92628201113635	0.2104512936690506	No-PER3D	No-Essential3D
173	L	172	68.247	18.925	24.063	0.37	0.430447470817121	0.2887703281703663	-1.2050801306836387	36.64667750749642	2.4146961914210902e-4	PER3D	Essential3D
174	C	173	67.638	19.134	27.829	0.37	0.402416780665755	0.28798777108751894	-0.8590197810454038	31.490979198822867	3.7453294771670363e-4	PER3D	Essential3D
175	S	174	71.153	17.776	28.329	0.37	0.40512703135729	0.07515669946188624	-0.8918153377767123	43.66071708814892	1.4677288363985558e-4	PER3D	Essential3D
176	D	175	72.91	19.676	25.523	0.37	0.370833333333333	0.2680460578384096	-1.3635648361290866	43.66071708814892	1.4677288363985558e-4	PER3D	Essential3D
177	D	176	76.423	20.977	26.33	0.37	0.318766836276564	0.7310020307660864	-1.328036696047708	188.94700452602302	6.129588501326469e-6	PER3D	Essential3D
178	T	177	75.35	24.527	25.474	0.37	0.229974160206718	0.8094316406247849	-1.4085016869892677	101.54860798366177	1.8157523677232436e-5	PER3D	Essential3D
179	P	178	73.658	26.466	28.32	0.37	0.228205128205128	1.0447204702008797	-1.2208343026897361	165.8919743147643	1.0648731942402106e-6	PER3D	Essential3D
180	M	179	71.645	28.54	25.852	0.37	0.13587786259542	1.0447204702008797	-1.423533551244417	231.19452733848397	4.020003223236147e-7	PER3D	Essential3D
181	V	180	70.132	25.299	24.512	0.37	0.136923076923077	0.6534636664739643	-1.2660645075522996	129.09294306668033	2.379927440139268e-6	PER3D	Essential3D
182	R	181	69.394	23.845	27.946	0.37	0.123650296064089	0.6507484764920696	-0.8818719012121232	88.77403149809982	8.608794136568455e-6	PER3D	Essential3D
183	R	182	67.71	27.116	28.87	0.37	0.122709989630142	1.0447204702008797	-1.0487073883887943	165.8919743147643	1.0648731942402106e-6	PER3D	Essential3D
184	A	183	65.501	27.003	25.762	0.37	0.122709989630142	1.0447204702008797	-1.2154726200023669	165.8919743147643	1.0648731942402106e-6	PER3D	Essential3D
185	A	184	64.517	23.414	26.546	0.37	0.112058080808081	0.5858326366195952	-1.0184947507584172	24.45617924311798	7.903894513629599e-4	PER3D	Essential3D
186	A	185	63.654	24.211	30.146	0.37	0.207459207459207	0.40302366226607533	-0.8420946919457831	88.77403149809982	8.608794136568455e-6	PER3D	Essential3D
187	S	186	61.491	27.101	28.899	0.37	0.337121212121212	0.8786342375589302	-1.0559727691998746	70.33984342486036	4.1831554817110995e-5	PER3D	Essential3D
188	K	187	59.456	24.747	26.698	0.37	0.419096067305811	0.7394809075075675	-0.8650288741639799	12.44588014639667	0.009991214594536413	PER3D	Essential3D
189	L	188	59.342	21.817	29.144	0.37	0.418713450292398	0.5313630238530361	-0.5580197518472035	12.44588014639667	0.009991214594536413	PER3D	Essential3D
190	G	189	55.958	22.889	30.513	0.37	0.466666666666667	0.5464617722750317	-0.5735341530312748	0	1	No-PER3D	No-Essential3D
191	E	190	54.113	23.262	27.205	0.37	0.466666666666667	0.8499986802068701	-0.5678509541679241	0	0.9999999999999999	No-PER3D	No-Essential3D
192	F	191	55.621	20.001	26.001	0.37	0.466666666666667	0.5246083206116172	-0.24568865541611506	0	1	No-PER3D	No-Essential3D
193	A	192	54.406	18.166	29.118	0.37	0.470149253731343	0.4800272792182519	-0.24995420118536907	0	0.9999999999999999	No-PER3D	No-Essential3D
194	K	193	50.941	19.532	28.429	0.37	0.509824747742963	0.6413681909275741	-0.127000497656127	0	1	No-PER3D	No-Essential3D
195	V	194	50.596	17.486	25.239	0.37	0.594238683127572	0.33999986862962134	0.034967561036027356	0	0.9999999999999999	No-PER3D	No-Essential3D
196	L	195	52.123	14.308	26.623	0.37	0.628108733371891	0.33985663273499306	0.1733255946687762	0	1	No-PER3D	No-Essential3D
197	E	196	50.037	11.508	28.068	0.37	0.597242647058824	0.5313630238530361	0.3192131533893426	0	1	No-PER3D	No-Essential3D
198	L	197	50.168	11.46	31.884	0.37	0.628676470588235	0.019463979341408155	0.09447750380225418	0	1	No-PER3D	No-Essential3D
199	D	198	52.062	8.157	31.971	0.37	0.629248397747135	0.33885398147259493	0.29325660826562455	0	1.0000000000000002	No-PER3D	No-Essential3D
200	N	199	54.984	9.805	30.165	-1.39	0.664206642066421	0.10356515189649997	0.3447848088439187	0	0.9999999999999999	No-PER3D	No-Essential3D
201	V	200	54.792	12.922	32.344	0.37	0.674157303370787	-0.01307661162914939	0.009396845644730235	0	1	No-PER3D	No-Essential3D
202	K	201	55.129	10.923	35.561	0.37	0.641076375148397	-0.6260678852738146	0.14815525510818547	0	1	No-PER3D	No-Essential3D
203	S	202	57.877	8.755	34.094	0.37	0.609022556390977	-0.1441073002888631	0.358307290141698	0	1	No-PER3D	No-Essential3D
204	E	203	59.823	10.965	31.71	0.37	0.57784911717496	-0.0010076612484310834	0.1626298158942747	0	1	No-PER3D	No-Essential3D
205	I	204	59.045	14.617	32.41	0.37	0.606741573033708	0.2380159116542685	-0.1806784665088798	0	0.9999999999999999	No-PER3D	No-Essential3D
206	I	205	59.768	14.331	36.136	-1.39	0.669776119402985	-0.17537062272380916	0.010963868545846835	0	0.9999999999999999	No-PER3D	No-Essential3D
207	P	206	63.38	13.172	35.634	0.37	0.669776119402985	-0.13172367767959495	0.18353117441572533	0	1	No-PER3D	No-Essential3D
208	M	207	64.084	15.857	32.983	-1.39	0.66542750929368	0.17596171484299075	-0.24976342144187672	1.8884899125851822	0.4699906498207402	No-PER3D	No-Essential3D
209	F	208	62.537	18.384	35.352	0.37	0.669776119402985	0.44398303298531816	-0.346249970023272	1.7296313694061365	0.4967138103339802	No-PER3D	No-Essential3D
210	S	209	64.665	17.131	38.231	-1.39	0.662361623616236	0.3993568233635908	-0.0741316360634956	0	1	No-PER3D	No-Essential3D
211	N	210	67.921	17.187	36.268	-1.39	0.659926470588235	0.14121136462867515	-0.01426172687009281	4.731484633749176	0.24775280735397728	No-PER3D	No-Essential3D
212	L	211	67.369	20.745	35.069	0.37	0.664206642066421	0.49380028387636477	-0.5774131126922865	76.56825344584986	1.4657127253595486e-5	PER3D	Essential3D
213	A	212	66.588	21.838	38.642	0.37	0.699805068226121	0.49380028387636477	-0.21892381307460546	70.33984342486036	4.1831554817110995e-5	PER3D	Essential3D
214	S	213	69.993	20.586	39.714	0.37	0.699805068226121	0.4982431886047882	0.11678773043024528	7.892921699351448	0.17162102942326624	No-PER3D	No-Essential3D
215	D	214	71.887	22.051	36.747	0.37	0.706991358994501	0.4800272792182519	-0.39355561200363176	165.8919743147643	1.0648731942402106e-6	PER3D	Essential3D
216	E	215	75.309	23.608	37.422	0.37	0.671641791044776	0.7758189506853427	-0.4858194875179946	392.883488176128	1.1562091337347078e-7	PER3D	Essential3D
217	Q	216	74.288	26.855	35.698	0.37	0.629824561403509	0.8094316406247849	-0.583156640114178	393.883488176128	1.0691497934138642e-9	PER3D	Essential3D
218	D	217	72.253	29.21	37.867	0.37	0.581712962962963	1.0447204702008797	-0.35827255141715586	393.883488176128	1.2829797520966454e-8	PER3D	Essential3D
219	S	218	70.584	30.652	34.759	0.37	0.563579277864992	1.0447204702008797	-0.8052669937069542	393.883488176128	4.276599173655474e-9	PER3D	Essential3D
220	V	219	69.304	27.163	33.933	0.37	0.531851851851852	0.7220386467822352	-0.8467624462032056	393.883488176128	1.2829797520966454e-8	PER3D	Essential3D
221	R	220	68.145	26.137	37.441	0.37	0.4753053637812	0.6507484764920696	-0.40399645875587437	393.883488176128	7.056388636531519e-8	PER3D	Essential3D
222	L	221	66.032	29.304	37.845	0.37	0.4753053637812	0.899927344307898	-0.3195539875451064	129.09294306668033	2.379927440139268e-6	PER3D	Essential3D
223	L	222	63.851	28.384	34.845	0.37	0.480203317281969	0.4800272792182519	-0.6676592259260263	393.883488176128	7.056388636531519e-8	PER3D	Essential3D
224	A	223	62.853	25.162	36.601	0.37	0.54188679245283	0.33885398147259493	-0.43922556298185705	76.56825344584986	1.4657127253595486e-5	PER3D	Essential3D
225	V	224	60.545	26.936	39.077	0.37	0.481540930979133	0.6682583428791278	-0.19009207430307157	9.60056718391672	0.042855000595155984	PER3D	Essential3D
226	E	225	58.144	27.855	36.273	0.37	0.483351235230935	0.7310020307660864	-0.2579081293940859	0	1	No-PER3D	No-Essential3D
227	A	226	58.203	24.289	34.945	0.37	0.41799709724238	0.3881004806861961	-0.3779227387727509	6.326122510621027	0.07899740316833725	No-PER3D	No-Essential3D
228	C	227	57.378	23.285	38.505	0.37	0.454545454545455	0.2807002082535033	-0.1219859093261664	0	1	No-PER3D	No-Essential3D
229	V	228	54.159	25.268	38.483	0.37	0.459770114942529	0.33974522703917104	0.008600086471852654	0	1	No-PER3D	No-Essential3D
230	N	229	53.203	23.778	35.116	-1.39	0.46025641025641	0.2982760950884823	-0.2327112018830974	0	1	No-PER3D	No-Essential3D
231	I	230	53.973	20.225	36.128	0.37	0.502097902097902	0.08363366013488863	-0.05812719030344822	0	0.9999999999999999	No-PER3D	No-Essential3D
232	A	231	52.049	20.513	39.405	0.37	0.463824289405685	-0.18355303524355995	0.001659597858157077	0	0.9999999999999999	No-PER3D	No-Essential3D
233	Q	232	48.956	21.777	37.566	0.37	0.500699300699301	0.13946961614999495	-0.01701925152914698	0	0.9999999999999999	No-PER3D	No-Essential3D
234	L	233	48.9	18.647	35.398	0.37	0.546564885496183	-0.23672860988710842	-0.077326836816249	0	0.9999999999999999	No-PER3D	No-Essential3D
235	L	234	49.167	16.093	38.205	0.37	0.603295310519645	-0.7402661505377678	0.020252153166791957	0	0.9999999999999999	No-PER3D	No-Essential3D
236	P	235	46.61	14.924	40.782	-3.14	0.56992337164751	-0.7857196744331498	0.06569222722156202	0	1.0000000000000002	No-PER3D	No-Essential3D
237	Q	236	47.002	16.017	44.418	0.37	0.49599442702891	-1.036609176405051	0.3419987491510441	0	0.9999999999999999	No-PER3D	No-Essential3D
238	E	237	48.14	12.521	45.407	-1.39	0.499300699300699	-1.7711961105012621	0.15288912042746	0	1	No-PER3D	No-Essential3D
239	D	238	51.258	12.515	43.222	0.37	0.503171247357294	-0.7924853907776798	0.011192045926574877	0	1	No-PER3D	No-Essential3D
240	L	239	52.682	15.922	44.216	0.37	0.502632502632503	-0.6816509421140456	0.21706541277661995	0	1.0000000000000002	No-PER3D	No-Essential3D
241	E	240	54.399	14.945	47.455	0.37	0.4998244998245	-1.1593685657491004	0.3326716550143584	0	1	No-PER3D	No-Essential3D
242	A	241	56.355	12.202	45.721	-3.14	0.492222606291047	-0.7351438339130251	-0.07624144920225875	0	1	No-PER3D	No-Essential3D
243	L	242	56.901	13.703	42.282	0.37	0.490358126721763	-0.7402661505377678	0.058211346821855206	0	1	No-PER3D	No-Essential3D
244	V	243	57.182	17.441	42.889	0.37	0.488507718696398	-0.32834616113654147	0.02585176218220979	0	1	No-PER3D	No-Essential3D
245	M	244	57.69	18.523	46.5	0.37	0.484848484848485	-0.11599581474001644	0.28583701953139473	0	1	No-PER3D	No-Essential3D
246	P	245	61.252	17.199	46.684	0.37	0.48168249660787	0.06404034850921127	0.09863606036904823	0	1	No-PER3D	No-Essential3D
247	T	246	62.417	19.416	43.822	0.37	0.601554579249747	0.01897784539600302	-0.015997622861831113	0	0.9999999999999999	No-PER3D	No-Essential3D
248	L	247	60.361	22.409	44.951	0.37	0.588186699710863	0.21197302172184948	0.12679653868732385	0	1	No-PER3D	No-Essential3D
249	R	248	61.947	22.204	48.424	0.37	0.588186699710863	0.42808994382602855	0.36306302932047624	0	1	No-PER3D	No-Essential3D
250	Q	249	65.361	22.021	46.762	0.37	0.496282527881041	0.6552768902128605	0.09924668806955188	0	1	No-PER3D	No-Essential3D
251	A	250	64.574	25.234	44.874	0.37	0.567697228144989	0.7623738747095659	0.03598413627911614	5.92628201113635	0.2104512936690506	No-PER3D	No-Essential3D
252	A	251	63.371	27.103	47.961	0.37	0.566098081023454	0.7692603770386222	0.38579519291692704	3.349409358375371	0.3179625453342727	No-PER3D	No-Essential3D
253	E	252	66.714	26.337	49.608	0.37	0.587064676616915	1.0447204702008797	0.40502639015357184	7.892921699351448	0.17162102942326624	No-PER3D	No-Essential3D
254	D	253	68.915	26.773	46.527	0.37	0.590928006658344	1.0447204702008797	0.09752567049506436	7.892921699351448	0.17162102942326624	No-PER3D	No-Essential3D
255	K	254	72.25	28.486	47.158	0.37	0.498595505617978	1.0447204702008797	0.16126722617984993	11.742533792840565	0.13121229915123048	No-PER3D	No-Essential3D
256	S	255	71.556	31.013	44.402	0.37	0.496735074626866	1.0447204702008797	0.28850432099160395	19.053733137042098	0.016299972440128662	PER3D	No-Essential3D
257	W	256	69.309	33.859	45.531	0.37	0.493494423791822	1.0447204702008797	0.43647999917710345	11.530190575434656	0.03282503802654236	PER3D	No-Essential3D
258	R	257	68.112	34.164	41.931	0.37	0.494888475836431	1.0447204702008797	0.24499003144557094	11.530190575434656	0.03282503802654236	PER3D	No-Essential3D
259	V	258	66.514	30.728	42.164	0.37	0.498134328358209	0.8878612504834831	0.1281470544060072	19.053733137042098	0.016299972440128662	PER3D	No-Essential3D
260	R	259	64.926	31.522	45.535	0.37	0.443196004993758	0.7758189506853427	0.6234522164044761	2.9135376193811684	0.35096435765680817	No-PER3D	No-Essential3D
261	Y	260	63.756	34.834	44.091	0.37	0.529850746268657	0.5387672177907454	0.6533077216476747	2.573108729219907	0.3826246328930612	No-PER3D	No-Essential3D
262	M	261	61.873	32.854	41.445	0.37	0.529368029739777	0.747513527578444	0.23131625801365935	9.60056718391672	0.042855000595155984	PER3D	No-Essential3D
263	V	262	60.218	30.681	44.099	0.37	0.590381426202322	0.659702385439997	0.37119172118168337	2.9135376193811684	0.35096435765680817	No-PER3D	No-Essential3D
264	A	263	58.957	33.803	45.871	0.37	0.588186699710863	0.2395437611969704	0.8624122617290387	2.573108729219907	0.3826246328930612	No-PER3D	No-Essential3D
265	D	264	57.936	35.45	42.611	0.37	0.588186699710863	0.21617665054388235	0.7113551291582975	3.927750258559583	0.2835741022418833	No-PER3D	No-Essential3D
266	K	265	55.628	32.501	41.877	-1.39	0.594820384294069	0.33974522703917104	0.4215500043816413	0	1.0000000000000002	No-PER3D	No-Essential3D
267	F	266	54.523	31.594	45.389	0.37	0.759061833688699	-0.2006190326400371	0.9653794612574762	0	0.9999999999999999	No-PER3D	No-Essential3D
268	T	267	50.812	32.241	44.777	-1.39	0.659851301115242	-0.1885405825488224	1.246246436050836	0	1	No-PER3D	No-Essential3D
269	E	268	50.654	30.034	41.688	0.37	0.652573529411765	-0.12139752214960957	0.5072687746922283	0	0.9999999999999999	No-PER3D	No-Essential3D
270	L	269	52.659	27.384	43.543	0.37	0.654981549815498	0.0821752582986732	0.6046236263101388	0	1	No-PER3D	No-Essential3D
271	Q	270	50.157	27.776	46.373	0.37	0.652014652014652	-1.0315064386302832	1.1100920561041285	0	1.0000000000000002	No-PER3D	No-Essential3D
272	K	271	47.135	27.243	44.143	0.37	0.719789132197891	-1.56365822131189	1.0906509406996372	0	0.9999999999999999	No-PER3D	No-Essential3D
273	A	272	48.821	24.428	42.229	0.37	0.714573268921095	-0.5005268431001896	0.46157355728972815	0	1	No-PER3D	No-Essential3D
274	V	273	49.814	22.434	45.328	-2.26	0.803894927536232	-0.7555955742828769	0.524656964055796	0	1	No-PER3D	No-Essential3D
275	G	274	46.597	22.798	47.315	0.37	0.804545454545455	-1.3028203521606128	0.8798975768029387	0	1	No-PER3D	No-Essential3D
276	P	275	45.858	23.811	50.968	0.37	0.86374695863747	-2.8161553242068598	1.6136097572037382	0	0.9999999999999999	No-PER3D	No-Essential3D
277	E	276	47.056	20.659	52.729	-3.14	0.858181818181818	-2.385567466128868	1.3663911877110033	0	0.9999999999999999	No-PER3D	No-Essential3D
278	I	277	50.576	20.962	51.352	0.37	0.812043795620438	-1.3837700356903195	0.9437899154151278	0	0.9999999999999999	No-PER3D	No-Essential3D
279	T	278	50.394	24.747	51.562	0.37	0.809090909090909	-1.7729118773673977	1.3377840390231377	0	0.9999999999999999	No-PER3D	No-Essential3D
280	K	279	50.09	24.343	55.343	-4.02	0.809090909090909	-2.5241832765965238	1.6778781877753486	0	0.9999999999999999	No-PER3D	No-Essential3D
281	T	280	52.824	21.738	55.848	-0.51	0.776727272727273	-1.9070848462992203	1.4273932403613314	0	1	No-PER3D	No-Essential3D
282	D	281	55.446	23.018	53.421	0.37	0.781090909090909	-0.5203067447067821	1.0655306494291326	0	1	No-PER3D	No-Essential3D
283	L	282	54.604	26.482	52.074	0.37	0.789705882352941	-0.8837473052242427	1.2051938901012458	0	1.0000000000000002	No-PER3D	No-Essential3D
284	V	283	53.789	28.212	55.372	-1.39	0.816605839416058	-2.095927049777177	1.4932132407250351	0	1	No-PER3D	No-Essential3D
285	P	284	57.239	27.436	56.82	0.37	0.778909090909091	-1.0702052592842461	1.2501313649779426	0	0.9999999999999999	No-PER3D	No-Essential3D
286	A	285	58.89	28.159	53.475	0.37	0.832167832167832	-0.06560946110449387	1.0442744540769173	0	1	No-PER3D	No-Essential3D
287	F	286	57.207	31.553	53.238	0.37	0.832167832167832	-0.7491137883441416	1.1364846962560222	0	1	No-PER3D	No-Essential3D
288	Q	287	58.593	32.542	56.642	0.37	0.763480392156863	-0.9192606692359457	1.1724219351116827	0	0.9999999999999999	No-PER3D	No-Essential3D
289	N	288	62.107	31.692	55.421	0.37	0.799550814149354	-0.06220652348665784	1.1735304908536663	0	0.9999999999999999	No-PER3D	No-Essential3D
290	L	289	61.801	33.78	52.258	0.37	0.799550814149354	0.2887703281703663	1.0414159705898152	0	1	No-PER3D	No-Essential3D
291	M	290	60.564	36.785	54.257	-1.39	0.860606060606061	0.34031238330881036	0.664231567489698	0	1.0000000000000002	No-PER3D	No-Essential3D
292	K	291	63.768	36.361	56.271	0.37	0.820816864295125	0.19981967308672063	1.0167602970733283	0	1	No-PER3D	No-Essential3D
293	D	292	66.145	35.666	53.396	0.37	0.826115702479339	0.2526259729063555	0.816441637573437	4.731484633749176	0.24775280735397728	No-PER3D	No-Essential3D
294	C	293	69.649	37.14	53.679	0.37	0.827505827505828	0.23954376119697038	0.748451027966011	0	1	No-PER3D	No-Essential3D
295	E	294	69.281	38.875	50.268	0.37	0.827505827505828	0.3943854360054145	0.5297885722451106	5.92628201113635	0.2104512936690506	No-PER3D	No-Essential3D
296	A	295	66.969	41.906	50.101	0.37	0.821487603305785	0.13946961614999495	0.08886535316040074	5.92628201113635	0.2104512936690506	No-PER3D	No-Essential3D
297	E	296	65.746	41.179	46.57	0.37	0.816205533596838	0.5752123057285812	0.34068996293221354	3.927750258559583	0.2835741022418833	No-PER3D	No-Essential3D
298	V	297	64.149	37.943	47.777	0.37	0.755778588807786	0.4966044467565677	0.6715922094590773	3.349409358375371	0.3179625453342727	No-PER3D	No-Essential3D
299	R	298	62.764	39.61	50.908	0.37	0.822163238221632	0.19335296106877292	0.2211718705169335	3.349409358375371	0.3179625453342727	No-PER3D	No-Essential3D
300	A	299	61.128	42.227	48.684	0.37	0.855072463768116	0.37769352511075405	-0.12461849263514355	0	1	No-PER3D	No-Essential3D
301	A	300	59.61	39.638	46.338	0.37	0.794405594405594	0.3196030772345508	0.32656849283500794	2.9135376193811684	0.35096435765680817	No-PER3D	No-Essential3D
302	A	301	58.088	37.804	49.324	0.37	0.857487922705314	-0.003633035785632072	0.5094366060275775	0	0.9999999999999999	No-PER3D	No-Essential3D
303	S	302	56.741	41.084	50.772	-2.26	0.800992779783394	0.18749723438362476	0.09530394907987044	0	1	No-PER3D	No-Essential3D
304	H	303	54.691	41.653	47.613	0.37	0.798111510791367	-0.021883683528592383	-0.11716723013432946	0	1.0000000000000002	No-PER3D	No-Essential3D
305	K	304	52.956	38.286	48.079	0.37	0.793010752688172	0.03281396538061132	0.337650343235401	0	1	No-PER3D	No-Essential3D
306	V	305	51.939	38.781	51.723	0.37	0.790178571428571	-0.192502277780737	0.227982813968084	0	0.9999999999999999	No-PER3D	No-Essential3D
307	K	306	48.251	39.608	51.201	0.37	0.756428571428571	-0.06463719321368357	-0.16711743582120173	0	1.0000000000000002	No-PER3D	No-Essential3D
308	E	307	47.657	37.101	48.398	0.37	0.793615107913669	-0.20777663269409025	0.31400229042843486	0	1	No-PER3D	No-Essential3D
309	F	308	49.238	34.279	50.397	-2.26	0.793615107913669	-0.7619028506001849	0.915100458197679	0	1	No-PER3D	No-Essential3D
310	C	309	47.152	34.974	53.501	-1.39	0.796480144404332	-1.4289424686795063	0.806824278222473	0	0.9999999999999999	No-PER3D	No-Essential3D
311	E	310	43.996	35.472	51.45	0.37	0.816360952983344	-1.4705018394721483	0.5997476188842641	0	1	No-PER3D	No-Essential3D
312	N	311	44.3	31.98	50.003	0.37	0.844765342960289	-2.1043122475615355	1.4382010878584521	0	1	No-PER3D	No-Essential3D
313	L	312	44.898	30.045	53.216	0.37	0.853333333333333	-2.3190127971993046	1.550545369523312	0	0.9999999999999999	No-PER3D	No-Essential3D
314	S	313	42.046	27.681	54.12	-3.14	0.85958485958486	-2.947168422493549	1.634701060635285	0	1	No-PER3D	No-Essential3D
315	A	314	39.352	29.47	56.132	-3.14	0.865196078431373	-3.0998859716368568	1.495618298100576	0	1	No-PER3D	No-Essential3D
316	D	315	40.006	26.51	58.409	-1.39	0.897717666948436	-4.389076428418481	1.8841438512361222	0	1	No-PER3D	No-Essential3D
317	C	316	43.453	27.65	59.636	-4.02	0.864468864468864	-3.3115258145747126	1.681402631834634	0	1.0000000000000002	No-PER3D	No-Essential3D
318	R	317	43.669	31.134	58.076	0.37	0.86374695863747	-2.2956679133264077	1.2327545429915583	0	1	No-PER3D	No-Essential3D
319	E	318	43.439	33.629	60.956	0.37	0.858181818181818	-1.665214511000717	0.6484656077858328	0	1	No-PER3D	No-Essential3D
320	N	319	45.291	31.171	63.208	-0.51	0.748188405797102	-2.8482401646036	1.082687028104008	0	1	No-PER3D	No-Essential3D
321	V	320	48.485	30.875	61.171	-1.39	0.690635451505017	-2.4311372394459774	1.3672049038493186	0	0.9999999999999999	No-PER3D	No-Essential3D
322	I	321	48.306	34.565	60.219	0.37	0.68619827825604	-1.773398011312803	0.94663786629291935	0	0.9999999999999999	No-PER3D	No-Essential3D
323	M	322	48.189	35.767	63.825	0.37	0.68619827825604	-0.7597309537117902	0.27227116074546176	0	1	No-PER3D	No-Essential3D
324	S	323	50.692	33.176	65.064	-1.39	0.637184115523466	-1.3295577191578967	0.9306527661548475	0	0.9999999999999999	No-PER3D	No-Essential3D
325	Q	324	53.01	32.686	62.074	0.37	0.644160583941606	-1.7748953038646507	1.2234145732871704	0	1	No-PER3D	No-Essential3D
326	I	325	52.843	35.584	59.599	0.37	0.605128205128205	-0.5130829648513756	0.9367694660244273	0	0.9999999999999999	No-PER3D	No-Essential3D
327	L	326	52.022	38.705	61.627	0.37	0.606150061500615	-0.10130992272018498	0.20891345703254063	0	1.0000000000000002	No-PER3D	No-Essential3D
328	P	327	55.272	38.454	63.665	0.37	0.610123456790124	-0.2982592778341038	0.33287753558269234	0	1	No-PER3D	No-Essential3D
329	C	328	57.326	38.207	60.458	-3.14	0.605128205128205	-0.31940274408633346	0.683154703648495	0	1	No-PER3D	No-Essential3D
330	I	329	55.452	41.168	58.994	0.37	0.602895259721828	0.21197302172184948	-0.019716181290260693	0	1	No-PER3D	No-Essential3D
331	K	330	56.299	43.243	62.077	0.37	0.54783950617284	0.011588609425844675	-0.22131121504613074	0	0.9999999999999999	No-PER3D	No-Essential3D
332	E	331	60.007	42.758	61.498	0.37	0.601554579249747	-0.5469666120895808	-0.09824390525203817	0	1	No-PER3D	No-Essential3D
333	L	332	59.779	43.626	57.795	0.37	0.4	0.05529336499329617	-0.20999098584801132	0	1	No-PER3D	No-Essential3D
334	V	333	58.256	47	58.703	0.37	0.4	0.08133092039349574	-0.5936839633034505	0	1	No-PER3D	No-Essential3D
335	S	334	61.687	47.783	60.177	0.37	0.397777777777778	0.14377815186041432	-0.902735137026075	0	1	No-PER3D	No-Essential3D
336	D	335	63.679	46.32	57.267	0.37	0.396666666666667	-0.13620865536946192	-0.2875112076747787	0	1	No-PER3D	No-Essential3D
337	A	336	66.756	48.375	56.396	-3.14	0.363297150610583	0.4816315212380888	-0.5577019660513927	0	1	No-PER3D	No-Essential3D
338	N	337	66.06	48.245	52.626	0.37	0.363297150610583	0.2567167900569399	-0.44954803191071246	0	1	No-PER3D	No-Essential3D
339	Q	338	63.654	50.673	50.939	0.37	0.239516940623952	0.10594180674070293	-0.5885931269607089	0	1	No-PER3D	No-Essential3D
340	H	339	62.472	48.256	48.239	0.37	0.239304812834225	0.19981967308672063	-0.4231618598172371	0	0.9999999999999999	No-PER3D	No-Essential3D
341	V	340	61.519	45.784	50.97	0.37	0.241077441077441	0.2070459884913918	-0.16010230612578805	0	1	No-PER3D	No-Essential3D
342	K	341	59.485	48.331	52.935	0.37	0.13210332103321001	0.3559658963508563	-0.3413568382506118	0	1.0000000000000002	No-PER3D	No-Essential3D
343	S	342	57.852	49.695	49.747	0.37	0.131734317343173	0.3406364726057471	-0.5735766325336439	0	1	No-PER3D	No-Essential3D
344	A	343	56.814	46.268	48.517	0.37	0.132222222222222	0.5114183933361436	-0.3012991136066852	0	1	No-PER3D	No-Essential3D
345	L	344	55.242	45.615	51.923	0.37	0.132222222222222	0.34031238330881036	-0.49439092043819916	0	0.9999999999999999	No-PER3D	No-Essential3D
346	A	345	53.459	48.971	52.155	0.37	0.13271375464684	0.745034407771753	-0.6368698728054042	0	1	No-PER3D	No-Essential3D
347	S	346	51.72	48.41	48.812	0.37	0.121099050203528	0.630448560372381	-0.7901347443381403	0	1	No-PER3D	No-Essential3D
348	V	347	49.805	45.355	50.092	0.37	0.121438263229308	0.45199526076636304	-0.4969560733115024	0	1	No-PER3D	No-Essential3D
349	I	348	49.884	45.286	53.912	0.37	0.110493827160494	0.4128455521834448	-0.6045960185230245	0	1	No-PER3D	No-Essential3D
350	M	349	46.527	46.973	54.557	0.37	0.121777476255088	0.8484806324254686	-0.957104170491307	0	0.9999999999999999	No-PER3D	No-Essential3D
351	G	350	44.787	44.511	52.242	0.37	0.134456928838951	0.401190242814833	-0.8346316559416324	0	1	No-PER3D	No-Essential3D
352	L	351	44.966	42.232	55.307	0.37	0.366700715015322	0.5328214256892516	-0.5209691972916127	0	1.0000000000000002	No-PER3D	No-Essential3D
353	S	352	42.404	44.265	57.311	0.37	0.370497427101201	0.5114183933361436	-0.8755396386087475	0	1	No-PER3D	No-Essential3D
354	P	353	39.297	42.532	55.903	-2.26	0.366700715015322	0.2857905915856784	-0.9970680802288938	0	1	No-PER3D	No-Essential3D
355	I	354	41.021	39.202	56.439	0.37	0.400371747211896	-0.5770223716707168	-0.1187976334522821	0	1	No-PER3D	No-Essential3D
356	L	355	41.75	39.811	60.111	0.37	0.397777777777778	-0.11599581474001644	-0.4136795965367747	0	1.0000000000000002	No-PER3D	No-Essential3D
357	G	356	38.551	41.61	61.073	0.37	0.442379182156134	0.4578352646105066	-1.1341265543746437	0	1	No-PER3D	No-Essential3D
358	K	357	37.877	44.922	62.808	0.37	0.39814126394052	0.4578352646105066	-1.2551816749779372	0	1	No-PER3D	No-Essential3D
359	D	358	39.178	44.093	66.283	-1.39	0.398507462686567	0.3033917894551452	-1.1376280212434735	0	1	No-PER3D	No-Essential3D
360	N	359	42.501	42.668	65.084	0.37	0.401123595505618	0.34019084982245906	-0.5952596560872168	0	1	No-PER3D	No-Essential3D
361	T	360	43.017	45.403	62.483	0.37	0.405681818181818	0.630448560372381	-1.1216869422158913	0	1	No-PER3D	No-Essential3D
362	I	361	42.707	48.087	65.168	0.37	0.493605254061528	0.5590223690226399	-1.1322575212043398	0	1	No-PER3D	No-Essential3D
363	E	362	44.758	45.975	67.57	0.37	0.493112947658402	0.7623738747095659	-0.7159785713464617	0	1	No-PER3D	No-Essential3D
364	H	363	47.625	44.667	65.439	0.37	0.540377358490566	0.6413681909275741	-0.4701416735697718	0	0.9999999999999999	No-PER3D	No-Essential3D
365	L	364	47.59	46.449	62.069	0.37	0.504699248120301	0.6534636664739643	-0.918184020725489	0	1	No-PER3D	No-Essential3D
366	L	365	47.059	50.115	62.868	0.37	0.502808988764045	0.8833795584915574	-1.0044127016260946	0	1	No-PER3D	No-Essential3D
367	P	366	50.383	50.279	64.758	0.37	0.49907063197026	1.0447204702008797	-0.6673270712348984	0	1	No-PER3D	No-Essential3D
368	L	367	52.253	48.904	61.741	0.37	0.571428571428571	0.7229553565078563	-0.6623870826558849	0	1	No-PER3D	No-Essential3D
369	F	368	50.149	51.17	59.547	0.37	0.567226890756303	1.0447204702008797	-0.9280806563599071	0	1	No-PER3D	No-Essential3D
370	L	369	51.34	54.25	61.455	0.37	0.659926470588235	1.0447204702008797	-0.7806323698083065	0	1	No-PER3D	No-Essential3D
371	A	370	54.969	53.156	61.501	0.37	0.66728624535316	1.0447204702008797	-0.41924321438069384	0	1	No-PER3D	No-Essential3D
372	Q	371	55.096	52.878	57.713	0.37	0.662361623616236	0.9069904236197511	-0.8369684400909078	0	1	No-PER3D	No-Essential3D
373	L	372	53.145	56.091	57.231	0.37	0.564075630252101	0.9069904236197511	-0.8179070108078276	0	1	No-PER3D	No-Essential3D
374	K	373	55.906	57.862	59.19	0.37	0.564075630252101	0.8786342375589302	-0.514038999861917	0	1	No-PER3D	No-Essential3D
375	D	374	58.78	56.378	57.154	0.37	0.562009419152276	0.4810967738981432	-0.5207869760129592	0	1	No-PER3D	No-Essential3D
376	E	375	61.548	58.542	55.631	0.37	0.564075630252101	0.34019084982245906	-0.6099690600847513	0	1	No-PER3D	No-Essential3D
377	C	376	61.049	57.001	52.204	0.37	0.493131868131868	0.36837203463759594	-0.6782527154582089	0	1	No-PER3D	No-Essential3D
378	P	377	58.415	58.934	50.185	0.37	0.659926470588235	0.8430443305642269	-0.789320532341106	0	1	No-PER3D	No-Essential3D
379	E	378	57.554	55.792	48.216	-1.39	0.659926470588235	0.8275307813614077	-0.9294957710917661	0	1	No-PER3D	No-Essential3D
380	V	379	56.759	53.885	51.423	0.37	0.762612851832183	0.8786342375589302	-0.9358007018943123	0	1	No-PER3D	No-Essential3D
381	R	380	54.335	56.439	52.857	0.37	0.76832530765115	0.8878612504834831	-0.7692658292696806	0	1	No-PER3D	No-Essential3D
382	L	381	52.757	57.109	49.437	0.37	0.763326226012793	0.8625613763355158	-0.8512500740052775	0	1	No-PER3D	No-Essential3D
383	N	382	51.898	53.391	49.112	0.37	0.536329588014981	0.8564894065400037	-1.1414284125726388	0	1	No-PER3D	No-Essential3D
384	I	383	50.158	53.49	52.502	0.37	0.54188679245283	0.8961169988896618	-0.9582710848948559	0	1	No-PER3D	No-Essential3D
385	I	384	48.181	56.626	51.566	0.37	0.455006337135615	0.9133964722979429	-0.9755764644582826	0	1	No-PER3D	No-Essential3D
386	S	385	47.13	55.156	48.218	0.37	0.455006337135615	0.8564894065400037	-1.232861840907543	0	1	No-PER3D	No-Essential3D
387	N	386	45.445	52.162	49.881	0.37	0.456273764258555	1.0447204702008797	-1.3229519015700264	0	1	No-PER3D	No-Essential3D
388	L	387	43.138	53.492	52.611	0.37	0.454545454545455	1.0447204702008797	-1.4848696107597645	0	1	No-PER3D	No-Essential3D
389	D	388	40.003	51.972	51.014	0.37	0.545454545454546	0.7433521479029269	-1.6441354503050711	0	1	No-PER3D	No-Essential3D
390	C	389	40.38	48.493	52.52	0.37	0.390005431830527	0.7725168242543416	-1.5297554509582976	0	1	No-PER3D	No-Essential3D
391	V	390	40.878	49.651	56.081	0.37	0.390005431830527	0.6925893468466557	-1.4518937614816811	0	1	No-PER3D	No-Essential3D
392	N	391	38.094	52.23	55.87	0.37	0.390005431830527	0.7965347930143304	-1.6297797920752835	0	1	No-PER3D	No-Essential3D
393	E	392	35.574	49.565	54.814	0.37	0.195002715915263	0.7071879492271725	-1.6136132824003422	0	1	No-PER3D	No-Essential3D
394	V	393	36.613	47.433	57.79	0.37	0.192803437164339	0.5416760082662742	-1.4379188269568377	0	1	No-PER3D	No-Essential3D
395	I	394	36.925	49.854	60.689	0.37	0.339622641509434	0.5590223690226399	-1.4060777680691305	0	1	No-PER3D	No-Essential3D
396	G	395	34.911	53.05	60.702	0.37	0.339962121212121	0.8094316406247849	-1.6263448848490694	0	1	No-PER3D	No-Essential3D
397	I	396	35.855	56.37	59.098	0.37	0.301346801346801	1.0447204702008797	-1.893449214460458	0	1	No-PER3D	No-Essential3D
398	R	397	35.866	57.806	62.619	0.37	0.304495335029686	1.0447204702008797	-2.0381551228958767	0	1	No-PER3D	No-Essential3D
399	Q	398	38.161	55.096	63.976	0.37	0.274045801526718	0.7880417470269578	-1.5575246839024948	0	1	No-PER3D	No-Essential3D
400	L	399	40.467	55.456	60.984	0.37	0.276923076923077	1.0447204702008797	-1.3694890349687177	0	1	No-PER3D	No-Essential3D
401	S	400	40.623	59.256	61.182	0.37	0.277992277992278	1.0447204702008797	-1.711581317973817	0	1	No-PER3D	No-Essential3D
402	Q	401	41.237	59.143	64.928	0.37	0.276923076923077	1.0447204702008797	-1.5944392706594934	0	1	No-PER3D	No-Essential3D
403	S	402	44.353	57.143	64.102	0.37	0.343511450381679	1.0447204702008797	-1.0242096071035671	0	1	No-PER3D	No-Essential3D
404	L	403	45.396	58.703	60.787	0.37	0.376175548589342	1.0447204702008797	-1.099718603629784	0	1	No-PER3D	No-Essential3D
405	L	404	44.745	62.419	61.354	0.37	0.375130616509927	1.0447204702008797	-1.5579915876795325	0	1	No-PER3D	No-Essential3D
406	P	405	47.382	62.954	64.09	0.37	0.374475524475524	1.0447204702008797	-1.2558605901359887	0	1	No-PER3D	No-Essential3D
407	A	406	50.108	61.508	61.873	0.37	0.370203940546146	1.0447204702008797	-0.8439099998213823	0	1	No-PER3D	No-Essential3D
408	I	407	49.032	63.645	58.922	0.37	0.410344827586207	1.0447204702008797	-1.2139593061478833	0	1	No-PER3D	No-Essential3D
409	V	408	49.039	66.737	61.147	0.37	0.371616932685635	1.0447204702008797	-1.324938409956204	0	1	No-PER3D	No-Essential3D
410	E	409	52.591	65.962	62.205	0.37	0.375921375921376	1.0447204702008797	-1.156996655504305	0	1	No-PER3D	No-Essential3D
411	L	410	53.746	65.452	58.615	0.37	0.378435517970402	1.0447204702008797	-0.9721862626043679	0	1	No-PER3D	No-Essential3D
412	A	411	51.873	68.536	57.388	0.37	0.378846834099752	1.0447204702008797	-1.2370813597858152	0	1	No-PER3D	No-Essential3D
413	E	412	54.101	70.685	59.571	0.37	0.34765625	1.0447204702008797	-1.255828863739109	0	1	No-PER3D	No-Essential3D
414	D	413	57.433	68.954	58.945	0.37	0.32434887946699	1.0447204702008797	-1.232376928561046	0	1	No-PER3D	No-Essential3D
415	A	414	60.512	71.216	58.948	0.37	0.324718759501368	1.0447204702008797	-1.3677664151114843	0	1	No-PER3D	No-Essential3D
416	K	415	61.416	70.095	55.421	0.37	0.353174603174603	1.0447204702008797	-1.2751847731539316	0	1	No-PER3D	No-Essential3D
417	W	416	59.356	71.667	52.639	0.37	0.350790513833992	1.0447204702008797	-1.2069346889109633	0	1	No-PER3D	No-Essential3D
418	R	417	59.857	68.568	50.445	0.37	0.349409448818898	1.0447204702008797	-1.1633381550061492	0	1	No-PER3D	No-Essential3D
419	V	418	57.761	66.691	53.028	0.37	0.345330739299611	0.8499986802068701	-0.8789098956434932	0	0.9999999999999999	No-PER3D	No-Essential3D
420	R	419	55.068	69.321	53.645	0.37	0.318425760286225	1.0447204702008797	-1.0928106627855319	0	1	No-PER3D	No-Essential3D
421	L	420	54.615	69.466	49.869	0.37	0.372377622377622	1.0447204702008797	-0.9864502182022138	0	0.9999999999999999	No-PER3D	No-Essential3D
422	A	421	54.164	65.686	49.573	0.37	0.369905956112853	0.8564894065400037	-0.8776686181518821	0	1	No-PER3D	No-Essential3D
423	I	422	51.317	65.791	52.095	0.37	0.372377622377622	1.0447204702008797	-0.918553938745209	0	1	No-PER3D	No-Essential3D
424	I	423	49.483	68.448	50.103	0.37	0.406488549618321	0.9133964722979429	-0.7784819208804393	0	1	No-PER3D	No-Essential3D
425	E	424	49.711	66.044	47.173	0.37	0.404942965779468	0.8564894065400037	-0.6140301803327559	0	1	No-PER3D	No-Essential3D
426	Y	425	47.94	63.319	49.195	0.37	0.299112801013942	1.0447204702008797	-0.8410700825476736	0	1	No-PER3D	No-Essential3D
427	M	426	44.815	65.453	49.648	0.37	0.297138047138047	0.5750340566152659	-0.9039381828980477	0	1	No-PER3D	No-Essential3D
428	P	427	43.162	64.489	46.359	0.37	0.330524344569288	0.2526259729063555	-0.5540324413383418	0	1	No-PER3D	No-Essential3D
429	L	428	43.848	60.806	47.116	0.37	0.331766917293233	1.0447204702008797	-0.9289700341481671	0	1	No-PER3D	No-Essential3D
430	L	429	42.373	61.291	50.608	0.37	0.328651685393258	1.0447204702008797	-1.2637778052298776	0	1	No-PER3D	No-Essential3D
431	A	430	39.268	63.088	49.329	0.37	0.330827067669173	0.7725168242543416	-0.9159271804465505	0	1	No-PER3D	No-Essential3D
432	G	431	38.814	60.538	46.568	0.37	0.329588014981273	1.0447204702008797	-1.1021939087709074	0	1	No-PER3D	No-Essential3D
433	Q	432	39.072	57.571	48.952	0.37	0.327137546468401	1.0447204702008797	-1.6559180737664463	0	1	No-PER3D	No-Essential3D
434	L	433	37.607	58.77	52.262	0.37	0.217901234567901	1.0447204702008797	-1.7524210729765204	0	1	No-PER3D	No-Essential3D
435	G	434	35.177	61.42	51.002	0.37	0.21952736318408	1.0447204702008797	-1.4333941167536484	0	1	No-PER3D	No-Essential3D
436	V	435	33.56	64.518	52.474	0.37	0.218283582089552	1.0447204702008797	-0.9947985042078019	0	1	No-PER3D	No-Essential3D
437	E	436	33.033	62.988	55.92	0.37	0.219725343320849	1.0447204702008797	-1.6184593657660735	0	1	No-PER3D	No-Essential3D
438	F	437	36.823	62.95	56.355	0.37	0.220973782771536	1.0447204702008797	-1.7289313253795924	0	1	No-PER3D	No-Essential3D
439	F	438	37.392	66.667	55.914	0.37	0.220149253731343	1.0447204702008797	-1.0980125679657764	0	1	No-PER3D	No-Essential3D
440	D	439	36.544	67.73	59.435	0.37	0	0.6115751248448867	-1.2093507259302958	0	1	No-PER3D	No-Essential3D
441	E	440	37.552	70.861	61.349	0.37	0.217901234567901	0.23954376119697038	-0.7726738670316385	0	1	No-PER3D	No-Essential3D
442	K	441	41.085	69.733	62.114	0.37	0.186083289404323	1.0447204702008797	-1.216910201247644	0	1	No-PER3D	No-Essential3D
443	L	442	41.803	68.539	58.585	0.37	0.325645756457565	1.0447204702008797	-1.2612117919587493	0	1	No-PER3D	No-Essential3D
444	N	443	40.414	71.771	57.085	0.37	0.324448529411765	0.8921006888542236	-0.5358833213407697	0	0.9999999999999999	No-PER3D	No-Essential3D
445	S	444	42.517	74.034	59.335	0.37	0.48489010989011	0.5903577303889779	-0.34428460794544047	0	1	No-PER3D	No-Essential3D
446	L	445	45.612	72.208	58.067	0.37	0.489852398523985	1.0447204702008797	-0.914221951827802	0	1	No-PER3D	No-Essential3D
447	C	446	44.709	72.861	54.435	0.37	0.489430147058824	0.6689713393323887	-0.5701975192851348	0	1	No-PER3D	No-Essential3D
448	M	447	44.253	76.541	55.252	0.37	0.437037037037037	0.3239307998927157	0.10475571057459097	0	1	No-PER3D	No-Essential3D
449	A	448	47.436	77.048	57.308	0.37	0.438661710037175	1.0447204702008797	-0.32285791135462183	0	1	No-PER3D	No-Essential3D
450	W	449	49.674	76.147	54.361	0.37	0.438661710037175	0.9035471724552229	-0.502619684922512	0	0.9999999999999999	No-PER3D	No-Essential3D
451	L	450	48.534	79.333	52.564	0.37	0.488468634686347	0.6640381746827998	-0.08338759920713319	0	0.9999999999999999	No-PER3D	No-Essential3D
452	V	451	50.771	81.294	54.89	0.37	0.485294117647059	1.0447204702008797	-0.20849837094393686	0	0.9999999999999999	No-PER3D	No-Essential3D
453	D	452	53.848	79.058	54.393	0.37	0.481363636363636	1.0447204702008797	-0.6653265591935911	0	1	No-PER3D	No-Essential3D
454	H	453	57.019	80.948	53.422	0.37	0.430656934306569	1.0447204702008797	-0.9389442624289132	0	1	No-PER3D	No-Essential3D
455	V	454	57.896	78.578	50.578	0.37	0.426328502415459	1.0447204702008797	-0.9149792278068718	0	1	No-PER3D	No-Essential3D
456	Y	455	56.192	79.566	47.317	0.37	0.42326139088729	1.0447204702008797	-0.6241180497973284	0	1	No-PER3D	No-Essential3D
457	A	456	55.719	75.98	46.075	0.37	0.419354838709677	0.7992016915127808	-0.7451565296949554	0	0.9999999999999999	No-PER3D	No-Essential3D
458	I	457	53.729	75.162	49.192	0.37	0.422062350119904	0.8625613763355158	-0.7694881002537834	0	0.9999999999999999	No-PER3D	No-Essential3D
459	R	458	51.398	78.175	48.981	0.37	0.422062350119904	0.5416760082662742	-0.30656684612097407	0	1	No-PER3D	No-Essential3D
460	E	459	50.871	77.502	45.27	0.37	0.510144927536232	-0.011405526191819155	-0.1810299247372068	0	1	No-PER3D	No-Essential3D
461	A	460	50.017	73.838	45.972	0.37	0.583941605839416	0.22707453750975798	-0.48862379703778114	0	1	No-PER3D	No-Essential3D
462	A	461	47.7	74.634	48.887	0.37	0.644160583941606	0.394796780113065	-0.4008410310557785	0	1	No-PER3D	No-Essential3D
463	T	462	45.867	77.119	46.662	0.37	0.695676586187535	0.05103408967830765	0.23359554210386876	0	1.0000000000000002	No-PER3D	No-Essential3D
464	S	463	45.223	74.532	43.941	-1.39	0.738269030239833	-0.4632670284459105	0.18017341043650043	0	1	No-PER3D	No-Essential3D
465	N	464	44.152	71.975	46.557	0.37	0.738880167451596	0.05103408967830765	-0.15777086356666095	0	1	No-PER3D	No-Essential3D
466	L	465	41.598	74.315	48.156	0.37	0.738880167451596	-0.23502714107819034	0.24652049385297564	0	1	No-PER3D	No-Essential3D
467	K	466	40.034	75.114	44.783	-3.14	0.727335164835165	-0.7716954941952198	0.7821739361320388	0	1.0000000000000002	No-PER3D	No-Essential3D
468	K	467	39.917	71.438	43.727	0.37	0.732077205882353	-0.8969655607052955	0.4488995915839261	0	1	No-PER3D	No-Essential3D
469	L	468	38.286	70.599	47.064	0.37	0.765570934256055	-0.5194154991402059	0.1788782504256919	0	1	No-PER3D	No-Essential3D
470	V	469	35.538	73.18	46.571	0.37	0.765570934256055	-1.6008204606939727	0.7504831561245489	0	1.0000000000000002	No-PER3D	No-Essential3D
471	E	470	35.083	72.053	42.969	-2.26	0.821759259259259	-1.131215069432593	0.9580049757520445	0	0.9999999999999999	No-PER3D	No-Essential3D
472	K	471	34.502	68.478	44.161	0.37	0.783088235294118	-1.0664620279046266	0.47471999251710095	0	1	No-PER3D	No-Essential3D
473	F	472	32.382	68.947	47.298	0.37	0.839023109243698	-1.4578970807448572	0.2802461517937115	0	1	No-PER3D	No-Essential3D
474	G	473	30.632	72.132	46.102	0.37	0.80316742081448	-2.026673796868889	1.1188883181662923	0	1.0000000000000002	No-PER3D	No-Essential3D
475	K	474	30.302	75.764	47.155	-4.02	0.697283950617284	-1.7718701617701007	1.2580694493718292	0	0.9999999999999999	No-PER3D	No-Essential3D
476	E	475	27.626	74.941	49.727	0.37	0.699876084262701	-2.0281321987051038	1.2995012639507726	0	1	No-PER3D	No-Essential3D
477	W	476	30.096	72.655	51.514	0.37	0.698646986469865	-1.4335126020433349	0.5267277998433452	0	0.9999999999999999	No-PER3D	No-Essential3D
478	A	477	32.533	75.564	51.447	0.37	0.698646986469865	-1.542878549903791	0.8588280776728648	0	0.9999999999999999	No-PER3D	No-Essential3D
479	H	478	29.931	77.953	52.869	-4.02	0.78021978021978	-1.5713399092904745	1.2899703826358906	0	0.9999999999999999	No-PER3D	No-Essential3D
480	A	479	28.946	75.533	55.633	-3.14	0.78021978021978	-1.7726340865414518	0.9074826287046861	0	0.9999999999999999	No-PER3D	No-Essential3D
481	T	480	32.307	73.938	56.479	0.37	0.785294117647059	-0.6248795578517131	0.005757282018885449	0	1.0000000000000002	No-PER3D	No-Essential3D
482	I	481	35.11	76.38	55.613	0.37	0.736213235294118	-1.1938141636332262	0.4686780531222237	0	1	No-PER3D	No-Essential3D
483	I	482	33.998	80.007	55.705	-1.39	0.730839416058394	-1.5490855745040135	0.9115270680605481	0	0.9999999999999999	No-PER3D	No-Essential3D
484	P	483	32.787	79.825	59.319	0.37	0.759358288770054	-2.123657518977217	0.844326518470093	0	1	No-PER3D	No-Essential3D
485	K	484	36.302	78.913	60.483	0.37	0.809762773722628	-1.1739948566282468	0.28075236306487317	0	1	No-PER3D	No-Essential3D
486	V	485	37.886	81.458	58.13	0.37	0.719789132197891	-1.542878549903791	0.717268067940645	0	1	No-PER3D	No-Essential3D
487	L	486	35.819	84.21	59.712	0.37	0.71	-1.953659614617069	1.1078862440326729	0	0.9999999999999999	No-PER3D	No-Essential3D
488	A	487	36.546	83.033	63.282	-2.26	0.683062968777255	-1.3488086233959404	0.9281708175544374	0	1	No-PER3D	No-Essential3D
489	M	488	40.288	83.585	62.79	0.37	0.6875	-0.5509655921970004	0.7391513286685305	0	1	No-PER3D	No-Essential3D
490	S	489	39.818	87.254	61.956	-2.26	0.734370041256744	-0.48435135213519703	1.027279564627108	0	0.9999999999999999	No-PER3D	No-Essential3D
491	G	490	39.476	87.591	65.718	-3.14	0.734370041256744	-1.2348310475103776	0.9375224443118453	0	1.0000000000000002	No-PER3D	No-Essential3D
492	D	491	42.592	85.633	66.753	0.37	0.742440041710115	-0.43624821548023457	0.8861411521397068	0	1	No-PER3D	No-Essential3D
493	P	492	45.46	87.712	68.22	0.37	0.719230769230769	-1.417791030248932	0.8380731530035617	0	1	No-PER3D	No-Essential3D
494	N	493	48.017	85.696	66.247	0.37	0.688854489164087	-0.26861899670568656	0.7549498158259315	0	1	No-PER3D	No-Essential3D
495	Y	494	48.575	87.819	63.147	0.37	0.615443718786016	-0.24535748741804997	0.8262350535402863	0	1.0000000000000002	No-PER3D	No-Essential3D
496	L	495	49.551	84.897	60.873	0.37	0.58631386861313906	0.2870246239086299	0.38321987009793335	0	1	No-PER3D	No-Essential3D
497	H	496	46.083	83.548	61.68	0.37	0.59010989010989	0.07443064165118414	0.40582359519813066	0	1	No-PER3D	No-Essential3D
498	R	497	44.397	86.768	60.683	0.37	0.626934984520124	-0.5113942890410209	0.8079262949139464	0	1	No-PER3D	No-Essential3D
499	M	498	46.566	86.743	57.54	0.37	0.622903412377097	0.5395899060060465	0.7968443139287219	0	0.9999999999999999	No-PER3D	No-Essential3D
500	T	499	45.234	83.242	56.816	0.37	0.584452584452584	-0.010870778851873477	0.5686762881972737	0	1.0000000000000002	No-PER3D	No-Essential3D
501	T	500	41.739	84.679	56.739	0.37	0.65036231884058	-0.328667210196171	0.8115714902233462	0	1	No-PER3D	No-Essential3D
502	L	501	42.765	87.049	53.928	0.37	0.652727272727273	-0.033876292072514816	1.120979021054893	0	1	No-PER3D	No-Essential3D
503	F	502	44.619	84.473	51.828	0.37	0.655109489051095	0.6330954446231881	0.7849294988110513	0	1.0000000000000002	No-PER3D	No-Essential3D
504	C	503	41.771	81.961	52.127	0.37	0.657509157509158	-0.27348861078008535	0.7540397639161016	0	1	No-PER3D	No-Essential3D
505	I	504	39.238	84.548	51.011	0.37	0.657509157509158	-0.6793486066280384	1.2562772359164862	0	0.9999999999999999	No-PER3D	No-Essential3D
506	N	505	41.462	85.405	48.024	0.37	0.811808118081181	0.13160325566662429	1.37341245760836	0	1.0000000000000002	No-PER3D	No-Essential3D
507	V	506	41.156	81.788	46.849	-2.26	0.738007380073801	0.007029184737886852	1.010889764175677	0	1	No-PER3D	No-Essential3D
508	L	507	37.529	80.998	47.76	0.37	0.731954582319546	-1.131944270350701	1.2759555297922833	0	0.9999999999999999	No-PER3D	No-Essential3D
509	S	508	36.323	84.119	45.944	0.37	0.690128606187001	-1.049843725955546	1.5455770187629259	0	1	No-PER3D	No-Essential3D
510	E	509	37.39	82.443	42.687	0.37	0.666051660516605	-1.020473756669299	1.4713841857850283	0	0.9999999999999999	No-PER3D	No-Essential3D
511	V	510	35.133	79.437	43.25	-2.26	0.632425545469024	-1.3315630216826928	1.3086206904976436	0	1	No-PER3D	No-Essential3D
512	C	511	32.333	80.292	45.659	0.37	0.660583941605839	-1.695498331250447	1.397457873147605	0	1	No-PER3D	No-Essential3D
513	G	512	30.551	82.738	43.387	0.37	0.716628959276018	-1.570194022133448	1.5219733961940178	0	1	No-PER3D	No-Essential3D
514	Q	513	29.497	86.372	43.618	0.37	0.716628959276018	-1.3028203521606128	1.7312583470229514	0	1.0000000000000002	No-PER3D	No-Essential3D
515	D	514	26.691	85.785	46.122	-1.39	0.73937908496732	-2.0281321987051038	1.5065568416778488	0	0.9999999999999999	No-PER3D	No-Essential3D
516	I	515	28.692	84.046	48.838	0.37	0.743464052287582	-1.668231034456821	1.382626208194664	0	1	No-PER3D	No-Essential3D
517	T	516	31.729	86.296	48.333	0.37	0.790123456790123	-1.69165806077825	1.6217867802753447	0	0.9999999999999999	No-PER3D	No-Essential3D
518	T	517	29.664	89.47	48.633	0.37	0.8	-0.6826859369655534	1.8939894480306665	0	1	No-PER3D	No-Essential3D
519	K	518	27.598	88.28	51.604	0.37	0.827272727272727	-2.0415356060569887	1.5403528873294698	0	1	No-PER3D	No-Essential3D
520	H	519	30.059	86.217	53.614	-4.02	0.836397058823529	-1.3557009224441292	1.3046372361356324	0	1	No-PER3D	No-Essential3D
521	M	520	33.611	87.243	52.781	0.37	0.756393861892583	-0.9206625438692071	1.4529729089853192	0	1	No-PER3D	No-Essential3D
522	L	521	33.733	90.925	51.818	0.37	0.751552795031056	-0.5057794419715913	1.8627961687567947	0	0.9999999999999999	No-PER3D	No-Essential3D
523	P	522	32.314	92.242	55.148	0.37	0.751552795031056	-1.4204647669486605	1.6882329294106588	0	1	No-PER3D	No-Essential3D
524	T	523	35.204	90.646	57.063	-4.02	0.728240740740741	-1.1360136819259472	1.3415014276257042	0	0.9999999999999999	No-PER3D	No-Essential3D
525	V	524	37.814	91.951	54.657	0.37	0.728240740740741	0.003358150367550499	1.5938677346954937	0	1	No-PER3D	No-Essential3D
526	L	525	36.421	95.474	54.903	0.37	0.75780998389694	-0.6453484976974112	2.005645593168544	0	1	No-PER3D	No-Essential3D
527	R	526	36.392	95.341	58.698	-1.39	0.795201081446435	-1.1222402889020366	1.557741564551697	0	1	No-PER3D	No-Essential3D
528	M	527	40	94.163	58.834	0.37	0.795201081446435	-0.5203067447067821	1.3799160832049802	0	0.9999999999999999	No-PER3D	No-Essential3D
529	A	528	40.96	97.432	57.183	0.37	0.766137566137566	-0.6599977603522387	1.7100151940201138	0	1	No-PER3D	No-Essential3D
530	G	529	41.048	98.698	60.781	0.37	0.728614558872861	-0.7584475600959205	1.5649497920278996	0	0.9999999999999999	No-PER3D	No-Essential3D
531	D	530	43.632	96.122	61.933	0.37	0.736059479553903	-0.7657812379008898	1.2682246781137407	0	1	No-PER3D	No-Essential3D
532	P	531	46.44	97.541	64.144	-3.14	0.669741697416974	-0.2893334199793715	1.2511126553065108	0	1	No-PER3D	No-Essential3D
533	V	532	49.098	95.505	62.355	0.37	0.700980392156863	0.18819473091398864	1.164582853638756	0	1	No-PER3D	No-Essential3D
534	A	533	50.353	97.379	59.29	0.37	0.695863746958638	-0.08081573091676715	1.3438412516200378	0	1	No-PER3D	No-Essential3D
535	N	534	51.129	94.017	57.722	0.37	0.729270729270729	0.2870246239086299	1.2147014477171911	0	1	No-PER3D	No-Essential3D
536	V	535	47.474	93.008	57.783	0.37	0.732640053673264	0.3406364726057471	1.1953242974749079	0	1	No-PER3D	No-Essential3D
537	R	536	46.325	96.396	56.456	0.37	0.730627306273063	-0.22263072547035892	1.5211434318787596	0	1	No-PER3D	No-Essential3D
538	F	537	48.255	96.353	53.181	0.37	0.759811616954474	-0.11033378408176818	1.5317825337241051	0	1	No-PER3D	No-Essential3D
539	N	538	47.088	92.797	52.477	0.37	0.754953076120959	1.0447204702008797	1.3587486558421675	0	1	No-PER3D	No-Essential3D
540	V	539	43.515	94.017	52.944	0.37	0.812576312576313	0.29322220846389774	1.559895320653817	0	0.9999999999999999	No-PER3D	No-Essential3D
541	A	540	44.182	96.349	49.994	0.37	0.813316993464052	0.10490202024636414	1.7957183475492908	0	0.9999999999999999	No-PER3D	No-Essential3D
542	K	541	45.735	93.534	47.967	0.37	0.925185873605948	0.8157907981808955	1.6191725249122897	0	1	No-PER3D	No-Essential3D
543	S	542	42.805	91.267	48.816	0.37	0.9541381128097	0.2887703281703663	1.5685238603136418	0	1	No-PER3D	No-Essential3D
544	L	543	40.251	93.898	47.715	0.37	0.928205128205128	-0.13921014043883434	1.89174391423662	0	1	No-PER3D	No-Essential3D
545	Q	544	42.136	94.198	44.442	0.37	0.922225376099915	-0.05151157668774443	1.8842391254781905	0	1	No-PER3D	No-Essential3D
546	K	545	42.014	90.425	43.999	0.37	0.945378151260504	0.5163232549170642	1.7097335432340914	0	1	No-PER3D	No-Essential3D
547	I	546	38.316	89.87	44.711	0.37	0.970588235294118	0.1784297794888938	1.7379383840435916	0	0.9999999999999999	No-PER3D	No-Essential3D
548	G	547	36.979	93.19	43.441	0.37	1.01809954751131	-0.29401949535310595	2.0155218210269084	0	1	No-PER3D	No-Essential3D
549	P	548	36.29	91.913	39.873	0.37	0.94973544973545	-0.6660890552395898	1.9989869013230541	0	1	No-PER3D	No-Essential3D
550	I	549	33.959	89.258	41.304	0.37	0.942752100840336	-0.5520350868768918	1.899408802560549	0	0.9999999999999999	No-PER3D	No-Essential3D
551	L	550	31.797	91.958	42.902	0.37	0.936682365253794	-0.27075798606546925	2.0956265858120404	0	1	No-PER3D	No-Essential3D
552	D	551	28.923	94.143	41.716	0.37	0.936682365253794	-0.7491137883441417	2.2682842784797748	0	1.0000000000000002	No-PER3D	No-Essential3D
553	N	552	29.873	97.558	40.347	-0.51	0.843014128728415	-1.7719907814708407	2.3450426215370563	0	1	No-PER3D	No-Essential3D
554	S	553	27.547	99.24	42.835	-1.39	0.895	-1.4197963327737284	2.5934222895455563	0	1.0000000000000002	No-PER3D	No-Essential3D
555	T	554	29.202	97.347	45.687	-3.14	0.954666666666667	-0.8340251841415752	2.3283155067917733	0	0.9999999999999999	No-PER3D	No-Essential3D
556	L	555	32.624	98.447	44.503	0.37	0.977189781021898	-1.9594900856138964	2.2856109173758505	0	1	No-PER3D	No-Essential3D
557	Q	556	31.591	102.12	44.446	0.37	0.971715328467153	-3.2470088952487997	2.354233703486036	0	1	No-PER3D	No-Essential3D
558	S	557	29.729	102.232	47.755	-2.26	0.983589087809037	-2.103368575785161	2.5844960821950393	0	1	No-PER3D	No-Essential3D
559	E	558	31.729	99.85	49.926	0.37	0.954667691125624	-1.2308351333217729	2.356263420486776	0	1	No-PER3D	No-Essential3D
560	V	559	35.133	99.049	48.459	0.37	0.955465587044534	-0.8571084443158967	2.22166892296761	0	1	No-PER3D	No-Essential3D
561	K	560	36.038	102.507	47.187	0.37	1.01709565885517	-2.408022354428971	2.109807669426254	0	1	No-PER3D	No-Essential3D
562	P	561	35.526	104.39	50.504	0.37	0.966240875912409	-2.2399650654154	2.1827891177652816	0	1	No-PER3D	No-Essential3D
563	I	562	37.648	101.82	52.344	-1.39	0.976102941176471	-0.7547043287163009	1.9940515753201724	0	1	No-PER3D	No-Essential3D
564	L	563	40.436	101.88	49.759	0.37	0.958978328173375	-0.8333121876883143	1.888647168051681	0	0.592665214654536	No-PER3D	No-Essential3D
565	E	564	40.429	105.679	49.845	-2.26	0.955465587044534	-1.3958663893111596	1.954153457386971	0	1	No-PER3D	No-Essential3D
566	K	565	40.972	105.921	53.612	0.37	0.946084460844608	-0.5469666120895808	2.002252396060044	0	1	No-PER3D	No-Essential3D
567	L	566	43.791	103.378	53.334	0.37	0.902144249512671	-0.1407299486681536	1.754874566983824	0	1	No-PER3D	No-Essential3D
568	T	567	45.535	105.775	50.969	-3.14	0.835844257483858	-0.7657812379008897	1.7712177844576633	0	1	No-PER3D	No-Essential3D
569	Q	568	45.653	108.085	54.016	0.37	0.794052044609665	-1.0664620279046266	1.8192078417812627	0	1	No-PER3D	No-Essential3D
570	D	569	47.528	105.52	56.16	0.37	0.791634980988593	-0.9362213424423034	1.6040445836810369	0	1	No-PER3D	No-Essential3D
571	Q	570	50.825	106.352	57.912	-2.26	0.81733630952381	-1.2729374125754136	1.5550308739691874	0	1	No-PER3D	No-Essential3D
572	D	571	52.456	103.158	56.621	0.37	0.811420982735724	-0.9252887301589698	1.3808610701127852	0	1	No-PER3D	No-Essential3D
573	V	572	54.3	103.427	53.291	-2.26	0.752498530276308	-0.5185242535736297	1.4287559496912758	0	1.0000000000000002	No-PER3D	No-Essential3D
574	D	573	53.239	100.025	51.929	0.37	0.782011605415861	-0.12771307263000245	1.4812194487405113	0	1.0000000000000002	No-PER3D	No-Essential3D
575	V	574	49.6	100.339	52.944	0.37	0.786143372046456	-0.40493095499729204	1.5355816758470415	0	1	No-PER3D	No-Essential3D
576	K	575	49.292	103.626	51.089	0.37	0.783422459893048	-0.5086283545240605	1.660385010173829	0	1.0000000000000002	No-PER3D	No-Essential3D
577	Y	576	51.033	102.091	48.07	0.37	0.697674418604651	-0.757164166480051	1.610933599831997	0	1.0000000000000002	No-PER3D	No-Essential3D
578	F	577	48.862	98.997	47.651	0.37	0.665865384615385	-0.06463719321368361	1.6800789797037186	0	1	No-PER3D	No-Essential3D
579	A	578	45.732	101.004	48.403	0.37	0.67	-1.0306621007251062	1.779947751166681	0	1	No-PER3D	No-Essential3D
580	Q	579	46.275	103.364	45.472	0.37	0.713197195976836	-1.6834936147844368	1.7260343904853914	0	1	No-PER3D	No-Essential3D
581	E	580	47.276	100.533	43.142	0.37	0.710600817867254	-1.6670427070347196	1.6400170123080982	0	0.9999999999999999	No-PER3D	No-Essential3D
582	A	581	44.068	98.662	43.959	0.37	0.714705882352941	-1.2085520353759045	1.9084733817052995	0	1.0000000000000002	No-PER3D	No-Essential3D
583	L	582	42.106	101.831	43.186	-0.51	0.756465517241379	-1.3451140054108612	2.0077156149396185	0	0.9999999999999999	No-PER3D	No-Essential3D
584	T	583	43.814	102.127	39.801	-1.39	0.808383233532934	-2.441832186244891	1.6221367114824428	0	0.9999999999999999	No-PER3D	No-Essential3D
585	V	584	43.603	98.444	38.889	0.37	0.717948717948718	-1.387893792606515	1.7885334590964441	0	0.9999999999999999	No-PER3D	No-Essential3D
586	L	585	39.882	98.491	39.693	-1.39	0.72258064516129	-0.8980719345120797	2.075137907723133	0	0.9999999999999999	No-PER3D	No-Essential3D
587	S	586	39.27	101.605	37.561	-2.26	0.675675675675676	-2.085333959614444	1.8361503346196733	0	1.0000000000000002	No-PER3D	No-Essential3D
588	L	587	37.991	103.432	40.641	-3.14	0.667832167832168	-2.5024368847720666	2.085230268796377	0	0.9999999999999999	No-PER3D	No-Essential3D
589	A	588	40.807	105.878	39.919	-5.77	0.603848706038487	-2.5997399301582593	1.7023082915888144	0	1	No-PER3D	No-Essential3D
