Uniprot_position	aminoacid	Position_in_structure	x	y	z	paraz	mtr	paraz3dscore	mtr3dscore	PER3D_OR	PER3D_pvalue	PER3D	Essential3D
39	E	39	8.653	24.959	16.565	-0.37	0.540582403965304	-0.8866907447483054	0.5995176844675069	0.2980149132560648	0.4171392867442084	No-PER3D	No-Essential3D
40	L	40	10.223	24.644	13.114	-0.63	0.498999142121819	-0.5358217485684479	-0.5285673316985043	1.0883791528727016	1	No-PER3D	No-Essential3D
41	E	41	12.072	27.799	11.895	-0.89	0.499425947187141	-1.0379070124621834	-0.9207925555532243	2.6802511609470385	0.23165433048159187	No-PER3D	No-Essential3D
42	L	42	15.254	29.069	13.614	0.41	0.499855949294152	-0.9892840184851058	-0.8881410777391661	2.495762143201506	0.18315277847165318	No-PER3D	No-Essential3D
43	D	43	15.749	31.297	16.72	-0.63	0.501735106998265	-1.3879321678623875	-0.7212355559479862	2.555183179696316	0.2697724982186939	No-PER3D	No-Essential3D
44	E	44	18.329	34.046	15.974	-0.63	0.462814339218834	-1.838153679222045	-0.8502628464346916	5.230401861117646	0.04705405139895192	PER3D	No-Essential3D
45	Q	45	21.019	32.466	18.172	-0.63	0.431960049937578	-1.838153679222045	-0.8502628464346916	5.230401861117646	0.04705405139895192	PER3D	No-Essential3D
46	Q	46	20.592	29.39	15.923	-0.63	0.428748451053284	-1.5283650386657481	-0.9947243259668616	4.763302025088259	0.007652312591501657	PER3D	No-Essential3D
47	R	47	20.567	31.47	12.801	-0.11	0.425584255842558	-1.6270203887641665	-1.0119058348506513	4.497316326939205	0.021557840421092114	PER3D	No-Essential3D
48	K	48	23.828	33.136	13.975	-0.11	0.463903743315508	-1.8790475016206296	-1.000074282081739	5.237446915264169	0.009991907123631726	PER3D	No-Essential3D
49	R	49	25.616	29.926	14.88	-0.63	0.460872460872461	-1.638662945608079	-1.2078770939619752	6.965515872424999	6.056252803324392e-4	PER3D	No-Essential3D
50	L	50	24.86	28.678	11.315	0.67	0.461229946524064	-1.42103669075648	-1.1553621382305603	12.417344185496544	5.013421478685217e-6	PER3D	No-Essential3D
51	E	51	26.019	31.805	9.426	-1.41	0.422466422466423	-2.1338874170759374	-1.179673372080569	11.10763182531342	1.637357486706777e-5	PER3D	No-Essential3D
52	A	52	29.082	31.766	11.696	-1.41	0.345388188453882	-2.447973837797432	-1.269577957415366	11.90323557245003	4.704200348931225e-5	PER3D	No-Essential3D
53	F	53	29.963	28.184	10.624	-1.41	0.377454545454545	-1.6676653863174689	-1.177237460938882	12.50385996747116	3.818550595557372e-7	PER3D	No-Essential3D
54	L	54	29.344	28.892	6.962	-1.41	0.37992700729927	-1.6082758722454669	-1.2304655571955165	12.215991950468903	1.483992308636172e-6	PER3D	No-Essential3D
55	T	55	31.562	31.994	7.417	-1.41	0.382417582417582	-2.587873756529433	-1.4911424426640725	18.062471502153734	1.158620438777058e-5	PER3D	No-Essential3D
56	Q	56	34.446	29.879	8.815	-1.41	0.285130718954248	-1.4814884282152574	-1.1886156792032845	9.914188779861949	5.102476044167987e-5	PER3D	No-Essential3D
57	K	57	34.075	27.176	6.196	-1.41	0.2870028700287	-1.328344026653021	-1.28113236155099	20.29867711065603	3.404096902799478e-6	PER3D	No-Essential3D
58	Q	58	34.789	29.51	3.262	-1.41	0.319343065693431	-2.1980193163295914	-1.7155264528383962	28.516955532197155	2.435873392125458e-5	PER3D	No-Essential3D
59	K	59	37.75	30.834	5.262	-1.41	0.321428571428571	-1.9617438980266566	-1.568780016260279	14.109948121083928	1.1902571752237008e-4	PER3D	No-Essential3D
60	V	60	39.359	27.368	5.594	-1.41	0.184873949579832	-1.003919702290915	-1.3662537155622623	9.914188779861949	5.102476044167987e-5	PER3D	No-Essential3D
61	G	61	40.54	27.181	2.027	-1.41	0.184196755625327	-1.4596586341329214	-1.7458273898590304	14.109948121083928	1.1902571752237008e-4	PER3D	No-Essential3D
62	E	62	41.313	23.893	0.287	0.41	0.185399159663866	-0.6993580916652646	-1.9791593452992016	9.209372951951867	0.0028960202269072343	PER3D	No-Essential3D
63	L	63	41.572	20.777	2.379	0.15	0.161040145985401	-0.6077333153970991	-1.4476198516840304	2.8721657068415194	0.0834920555049553	No-PER3D	No-Essential3D
64	K	64	44.453	18.332	1.951	-0.11	0.143264143264143	-0.3309709608998039	-1.6290117237489292	1.56783837552435	0.7155578634632557	No-PER3D	No-Essential3D
65	D	65	45.856	15.55	3.912	-0.63	0	-0.2658114510967058	-1.3747627802957698	1.143926993123984	1	No-PER3D	No-Essential3D
66	D	66	49.186	16.847	4.998	0.41	0	-0.8370729069046893	-2.201205335438623	1.9280336431963112	0.6076279771367727	No-PER3D	No-Essential3D
67	D	67	47.463	19.905	6.586	1.45	0	-0.6837086808426027	-1.7957852165853587	2.6802511609470385	0.23165433048159187	No-PER3D	No-Essential3D
68	F	68	45.955	17.686	9.29	0.67	0	-0.19886674924420766	-1.4879663776495566	1.449136754015795	0.6908584062289724	No-PER3D	No-Essential3D
69	E	69	47.463	16.618	12.585	-0.63	0.185610010427529	-0.2295497375932693	-1.4867429950667355	1.449136754015795	0.6908584062289724	No-PER3D	No-Essential3D
70	K	70	45.841	13.694	14.221	-0.89	0.162408759124088	-0.02871563203577508	-1.3327283784808768	1.2714174177515891	1	No-PER3D	No-Essential3D
71	I	71	45.075	14.185	17.897	-0.11	0.185610010427529	-0.08729224615671091	-1.0779902721440686	0	0.5496639283047051	No-PER3D	No-Essential3D
72	S	72	42.968	11.158	18.714	-0.37	0.1875	-0.05381989523046192	-1.0801207093371097	0	0.29551386804102375	No-PER3D	No-Essential3D
73	E	73	40.369	8.695	17.448	0.41	0.291666666666667	0.27481773204543775	-0.8549557325021983	0	0.29551386804102375	No-PER3D	No-Essential3D
74	L	74	36.772	9.75	18.046	0.93	0.392307692307692	0.3928628567853442	-0.5498996157402322	0	0.1610075495973795	No-PER3D	No-Essential3D
75	G	75	35.156	6.553	16.935	1.45	0.435897435897436	0.8945633810132607	-0.5407839473936545	0	0.5496639283047051	No-PER3D	No-Essential3D
76	A	76	34.817	3.983	14.247	-0.63	0.434676434676435	0.8258334871113626	-0.5176473652512049	0.6216851140428806	1	No-PER3D	No-Essential3D
77	G	77	32.574	4.479	11.201	1.45	0.355644355644356	1.1727026779956635	-0.7981162333532641	1.2714174177515891	1	No-PER3D	No-Essential3D
78	N	78	31.274	1.672	8.924	0.41	0.405336361055918	1.1380868616651016	-0.8930572316023991	29.516955532197155	0.03920836445108289	PER3D	Essential3D
79	G	79	33.827	2.221	6.197	0.15	0.406471757025263	0.8276186791607627	-0.7413301616373802	5.230401861117646	0.04705405139895192	PER3D	Essential3D
80	G	80	36.562	3.611	8.424	1.45	0.406108597285068	0.649099474220768	-0.7047010632646398	1.95605166818054	0.4145631067961165	No-PER3D	No-Essential3D
81	V	81	37.511	5.827	11.319	-0.11	0.473115445440169	0.6044696729857691	-0.7633605067732172	1.449136754015795	0.6908584062289724	No-PER3D	No-Essential3D
82	V	82	36.635	9.256	12.591	1.45	0.505776275007044	0.7359466550023869	-0.7118570034631753	0.5155846403456692	0.49206761332724214	No-PER3D	No-Essential3D
83	F	83	39.628	11.172	14.023	-0.37	0.507185122569738	0.4423584832057002	-0.7477626898463064	0.18953663159104683	0.15880735601071708	No-PER3D	No-Essential3D
84	K	84	39.889	14.368	15.92	1.45	0.502097902097902	0.22799570450344128	-0.7494014729599024	0.18953663159104683	0.15880735601071708	No-PER3D	No-Essential3D
85	V	85	42.362	16.48	14.06	0.41	0.505334081976418	0.26515191947849953	-1.04260413381911	0.6842064738671109	0.7439747750401546	No-PER3D	No-Essential3D
86	S	86	43.732	19.957	13.989	-0.89	0.509049773755656	-0.0649773455392115	-1.242527832895805	0.9399484895409194	1	No-PER3D	No-Essential3D
87	H	87	43.855	21.7	10.674	0.41	0.510928186204939	-0.23845770195267427	-1.3951636122594349	1.7331154776433944	0.3652049194771018	No-PER3D	No-Essential3D
88	K	88	47.323	23.279	10.577	-0.63	0.516647531572905	-0.6563222119029444	-1.9368085681273708	4.06403829325322	0.17874355770155054	No-PER3D	No-Essential3D
89	P	89	46.531	26.398	8.557	-0.37	0.516647531572905	-0.8624414255014252	-2.0325900656542295	4.06403829325322	0.17874355770155054	No-PER3D	No-Essential3D
90	S	90	43.299	27.577	10.176	0.93	0.479744136460554	-1.0123463081185022	-1.5364237039299597	8.142119925438916	0.0011603625371346428	PER3D	No-Essential3D
91	G	91	44.216	26.088	13.494	1.45	0.481076759061834	-0.7316350014870048	-1.2810029135135175	5.230401861117646	0.04705405139895192	PER3D	No-Essential3D
92	L	92	40.602	24.691	13.535	-0.63	0.449004975124378	-0.5487325124971439	-1.0685082503584367	4.287200924761004	0.006664302526699455	PER3D	No-Essential3D
93	V	93	39.816	21.444	15.355	0.93	0.556730557391496	-0.14731163402446776	-0.9923015445750243	1.7994939029733037	0.3797780734175158	No-PER3D	No-Essential3D
94	M	94	37.772	19.151	13.12	0.93	0.591526217228465	0.262880040456356	-1.0620881476143467	2.8520957265387605	0.039844599438627816	PER3D	Essential3D
95	A	95	36.414	15.603	12.903	1.45	0.630961298377029	0.5486824214420208	-0.8841099560075755	0.9360707190718097	1	No-PER3D	No-Essential3D
96	R	96	37.754	13.765	9.894	-0.37	0.587686567164179	0.4831930391950117	-1.0779573235638347	2.476155256668015	0.09900777766395097	No-PER3D	No-Essential3D
97	K	97	36.096	10.571	8.781	1.45	0.587686567164179	0.8642788730323688	-0.7977902968485169	1.7331154776433944	0.3652049194771018	No-PER3D	No-Essential3D
98	L	98	38.478	8.382	6.66	-0.37	0.589887640449438	0.3813206668107756	-0.6753819730613686	0.9399484895409194	1	No-PER3D	No-Essential3D
99	I	99	36.695	5.967	4.297	0.93	0.589887640449438	0.5056465416797007	-0.5981879054102134	2.555183179696316	0.2697724982186939	No-PER3D	No-Essential3D
100	H	100	39.034	3.436	2.723	-0.37	0.535820895522388	0.6089326531092689	-0.5282449850341634	3.448748204355254	0.12159662224998265	No-PER3D	No-Essential3D
101	L	101	37.495	2.999	-0.658	-0.63	0.614240777809551	0.17211847352171913	-0.4915944710208792	3.448748204355254	0.12159662224998265	No-PER3D	No-Essential3D
102	E	102	38.762	2.911	-4.189	0.15	0.609707635537894	-0.10859283310977849	-0.3316807189560056	2.555183179696316	0.2697724982186939	No-PER3D	No-Essential3D
103	I	103	37.276	5.453	-6.569	0.41	0.609707635537894	0.1804865612532814	-0.33519846207633386	2.555183179696316	0.2697724982186939	No-PER3D	No-Essential3D
104	K	104	37.906	5.009	-10.293	-0.11	0.5545229244114	-0.1829275345174224	-0.24102916692428666	0.9417159831677726	1	No-PER3D	No-Essential3D
105	P	105	39.475	8.18	-11.856	-1.15	0.484396200814111	-0.35507105356670315	0.06352529603223554	0.9417159831677726	1	No-PER3D	No-Essential3D
106	A	106	36.674	8.349	-14.505	-0.63	0.482595471443055	-0.05381989523046179	-0.2606774579173447	1.2714174177515891	1	No-PER3D	No-Essential3D
107	I	107	34.127	8.964	-11.756	-0.11	0.552973977695167	0.3227440526898398	-0.5723969219907884	1.95605166818054	0.4145631067961165	No-PER3D	No-Essential3D
108	R	108	36.57	10.276	-9.152	0.41	0.729315628192033	0.13156543297645584	-0.277725165281176	1.985815937199261	0.44333266276282335	No-PER3D	No-Essential3D
109	N	109	34.936	13.718	-8.953	0.15	0.667910447761194	0.13788538734714625	-0.27852952356976246	0.4601441977375596	0.6566744799946761	No-PER3D	No-Essential3D
110	Q	110	31.239	13.815	-9.789	0.67	0.664179104477612	0.36329709323510306	-0.5086821952862968	1.2714174177515891	1	No-PER3D	No-Essential3D
111	I	111	31.049	11.314	-6.89	1.19	0.603799185888738	0.4300077227035014	-0.608615983063864	3.1609594555322453	0.09083742106524621	No-PER3D	No-Essential3D
112	I	112	32.706	13.976	-4.759	0.93	0.53134328358209	0.34157225008585484	-0.45711217668326015	2.470529136925922	0.1318960930639364	No-PER3D	No-Essential3D
113	R	113	30.662	16.69	-6.4	-0.37	0.477692049647769	0.819808463944638	-0.3440107130165774	5.230401861117646	0.04705405139895192	PER3D	Essential3D
114	E	114	27.73	14.8	-5.036	0.93	0.475008386447501	0.7053330237768662	-0.6278668341349803	3.1609594555322453	0.09083742106524621	No-PER3D	No-Essential3D
115	L	115	29.335	14.192	-1.588	1.45	0.546296296296296	0.86714793168319	-0.7428606452996833	3.308742701001792	0.028004628014423362	PER3D	Essential3D
116	Q	116	29.566	17.945	-1.136	0.41	0.542279411764706	0.7423438803724616	-0.6263129599426767	5.440337861667905	0.003344838668178331	PER3D	Essential3D
117	V	117	25.972	18.257	-2.246	0.93	0.466123949579832	0.27755637893940355	-0.6803910776456705	7.068697181252309	0.00308876405493515	PER3D	Essential3D
118	L	118	24.771	15.387	-0.111	0.93	0.466123949579832	0.890100400889761	-0.9066249986256625	5.237446915264169	0.009991907123631726	PER3D	Essential3D
119	H	119	26.583	16.056	3.166	0.15	0.462721584984359	0.8155048759684059	-0.9780905619721598	4.287200924761004	0.006664302526699455	PER3D	Essential3D
120	E	120	26.501	19.789	3.381	-0.37	0.43030303030303	0.2668668217081176	-0.9303906100354338	5.439676018827812	0.0014713306828603929	PER3D	Essential3D
121	C	121	23.541	20.856	5.38	-0.89	0.431873479318735	0.2976397894951531	-1.1683358218934092	6.965515872424999	6.056252803324392e-4	PER3D	Essential3D
122	N	122	22.413	24.047	6.936	0.67	0.377237851662404	-0.49565492745694906	-1.1616755743876228	9.809191842001956	1.6373574867067788e-5	PER3D	No-Essential3D
123	S	123	20.637	22.967	10.133	0.41	0.399055755395684	-0.3400084956498911	-1.187596799287825	9.809191842001956	1.6373574867067788e-5	PER3D	No-Essential3D
124	P	124	21.274	23.325	13.84	-0.37	0.272867420349435	-0.1685822412633157	-1.1282225288230967	5.726179435527964	0.0011011418202357159	PER3D	No-Essential3D
125	Y	125	20.453	19.601	14.12	0.93	0.272657450076805	0.6148107244914395	-1.1761898376788076	3.308742701001792	0.028004628014423362	PER3D	Essential3D
126	I	126	22.91	18.238	11.594	0.15	0.335697399527187	0.8499335797782621	-1.2080083118114615	3.7788510403174764	0.013878254752074153	PER3D	Essential3D
127	V	127	26.643	18.312	12.217	0.93	0.357142857142857	0.7638618202536218	-0.9867721340304276	3.680019936044658	0.0051032236750481255	PER3D	Essential3D
128	G	128	28.534	20.97	10.353	0.15	0.358662613981763	-0.09244183860690297	-1.0097686057486495	8.931096505852095	2.749321921949093e-6	PER3D	No-Essential3D
129	F	129	30.291	20.08	7.11	0.67	0.357395254921757	-0.015197951854020607	-0.8954909172799923	8.169151486571344	1.1987698860969467e-5	PER3D	No-Essential3D
130	Y	130	33.707	21.631	6.231	0.93	0.419928825622776	-0.3550710535667031	-0.9443067664933625	7.3235082122092425	3.57661246731113e-5	PER3D	No-Essential3D
131	G	131	34.459	19.683	3.061	1.45	0.424133811230585	-0.22480028239427446	-0.9657131118258971	6.965515872424999	6.056252803324392e-4	PER3D	No-Essential3D
132	A	132	35.418	16.339	1.545	0.41	0.447478991596639	0.38514607834520403	-0.7298256840965942	5.726179435527964	0.0011011418202357159	PER3D	Essential3D
133	F	133	38.425	15.214	-0.515	0.67	0.446218487394958	0.42235129052682274	-0.5228712946152458	1.4008214786002353	0.7481042141524102	No-PER3D	No-Essential3D
134	Y	134	40.114	12.119	-1.953	0.41	0.493428912783752	0.0591492891456286	-0.3631815435014513	1.56783837552435	0.7155578634632557	No-PER3D	No-Essential3D
135	S	135	43.704	10.931	-1.72	-0.63	0.527712890210236	-0.30687086823290455	-0.643377414632814	1.143926993123984	1	No-PER3D	No-Essential3D
136	D	136	45.303	7.498	-2.103	0.41	0.522454142947502	-0.6087562395340642	-0.43298771617604925	1.95605166818054	0.4145631067961165	No-PER3D	No-Essential3D
137	G	137	42.207	5.345	-1.739	0.41	0.522454142947502	-0.32336040532078303	-0.16116690542209847	1.95605166818054	0.4145631067961165	No-PER3D	No-Essential3D
138	E	138	40.859	7.546	1.082	0.41	0.475806451612903	0.08521910092472637	-0.4935723792001687	0.9399484895409194	1	No-PER3D	No-Essential3D
139	I	139	37.867	9.736	0.913	0.67	0.421744324970131	0.4817377195895226	-0.5283319745871651	2.051281007174299	0.33312478142505486	No-PER3D	No-Essential3D
140	S	140	38.037	12.259	3.729	-0.11	0.453842186694172	0.5011164490731406	-0.712240800518885	2.051281007174299	0.33312478142505486	No-PER3D	No-Essential3D
141	I	141	34.974	13.954	5.209	1.45	0.45513151108819	0.8499335797782621	-0.7922251998542224	3.258081912495995	0.03086464763767744	PER3D	Essential3D
142	C	142	35.691	16.98	7.396	0.93	0.549689440993789	0.384363607804071	-0.87869090175368	4.172190414864533	0.0048146339279645746	PER3D	Essential3D
143	M	143	33.191	18.055	9.917	0.41	0.55012987012987	0.1652718562868046	-0.8064525415935229	5.147358666810099	6.605945756501912e-4	PER3D	Essential3D
144	E	144	32.48	20.199	12.787	1.45	0.546583850931677	0.21874067659756605	-0.7618349482555948	3.2905696586118656	0.01033581344881329	PER3D	Essential3D
145	H	145	34.015	18.654	15.89	-0.11	0.544610624033007	0.5328270973190605	-0.6845949788612489	1.548749422199234	0.44372675517176474	No-PER3D	No-Essential3D
146	M	146	31.447	17.755	18.479	1.45	0.490523968784838	0.8190360250771089	-0.8224903307923195	0.7271592886045514	0.7663575319674532	No-PER3D	No-Essential3D
147	D	147	33.319	17.598	21.776	-0.11	0.492700729927007	0.04659715754828531	-0.038717202611168566	0.27734270498688673	0.13046228514998653	No-PER3D	No-Essential3D
148	G	148	30.781	15.634	23.636	-1.41	0.578512396694215	-0.2713901762510806	0.40985595159374866	0.307740453556843	0.21084768239986165	No-PER3D	No-Essential3D
149	G	149	31.118	12.612	21.344	0.41	0.53030303030303	0.44359480806891327	-0.1572402010874661	0.34418688821772625	0.20979219993902193	No-PER3D	No-Essential3D
150	S	150	28.269	10.222	20.348	0.41	0.587412587412588	0.9117286891805679	-0.40856837248884537	0.38868353902933733	0.32234652822700594	No-PER3D	No-Essential3D
151	L	151	25.507	8.978	22.657	0.15	0.63768115942029	0.649099474220768	0.08281465190715785	0	0.014714215438271346	No-PER3D	No-Essential3D
152	D	152	26.754	5.396	22.469	0.93	0.695652173913044	0.3752347848241848	0.26055494357207143	0	0.09268923905086551	No-PER3D	No-Essential3D
153	Q	153	29.922	6.583	24.245	-0.37	0.85024154589372	0.026513746992535916	0.28565800259062013	0	0.09268923905086551	No-PER3D	No-Essential3D
154	V	154	28.043	8.836	26.521	0.15	0.853333333333333	-0.24874711533038268	0.5876406058350512	0	0.014714215438271346	No-PER3D	No-Essential3D
155	L	155	25.756	5.84	27.4	-0.37	0.767391304347826	0.36458449134765103	0.5832711638392822	0	0.014714215438271346	No-PER3D	No-Essential3D
156	K	156	28.797	3.943	28.535	0.93	0.772992700729927	-0.04072201878106005	0.9092961254280607	0	0.04824597605149611	No-PER3D	No-Essential3D
157	K	157	29.996	6.822	30.687	-1.15	0.651291512915129	-0.931377617340382	1.2858375936231845	0	0.09268923905086551	No-PER3D	No-Essential3D
158	A	158	26.55	7.372	32.239	-1.41	0.651291512915129	-0.42737133156740104	1.263019814382194	0	0.01403553734297053	No-PER3D	No-Essential3D
159	G	159	25.102	3.81	32.532	-1.41	0.711111111111111	-0.3824575225063614	1.200436252457059	0	0.04824597605149611	No-PER3D	No-Essential3D
160	R	160	21.638	5.223	31.655	-1.41	0.716417910447761	-0.09685577499278197	0.9794644524798051	0.2166885685227507	0.15802737315068716	No-PER3D	No-Essential3D
161	I	161	20.522	8.576	30.133	0.93	0.599250936329588	0.37147585771482006	0.8332495897320222	0.2166885685227507	0.15802737315068716	No-PER3D	No-Essential3D
162	P	162	17.719	10.164	31.974	1.45	0.597548518896834	0.367931726440276	0.8671490195256026	0.251565863466649	0.25709078764947874	No-PER3D	No-Essential3D
163	E	163	14.303	10.851	30.526	1.45	0.584269662921348	0.5228608935846285	0.9012222812255364	0.2166885685227507	0.15802737315068716	No-PER3D	No-Essential3D
164	Q	164	14.407	14.611	30.549	-0.37	0.586466165413534	0.325173497515132	1.1096075508299117	0.2980149132560648	0.4171392867442084	No-PER3D	No-Essential3D
165	I	165	17.695	14.484	28.759	0.93	0.43984962406015	0.32467514985866186	0.8085313219984528	0.6842064738671109	0.7439747750401546	No-PER3D	No-Essential3D
166	L	166	16.245	12.038	26.172	1.45	0.441509433962264	0.8499335797782621	0.5440546283398987	0.16779864185223395	0.0921215873748194	No-PER3D	No-Essential3D
167	G	167	13.361	14.45	25.801	1.45	0.441509433962264	0.6634447674748747	0.9252539024438647	0.2166885685227507	0.15802737315068716	No-PER3D	No-Essential3D
168	K	168	15.742	17.059	24.482	0.41	0.397358490566038	0.5328270973190609	0.4302982471042471	0.6842064738671109	0.7439747750401546	No-PER3D	No-Essential3D
169	V	169	17.456	14.336	22.429	0.67	0.479835953520164	1.2085659111309301	-0.18287081151307027	1.143926993123984	1	No-PER3D	No-Essential3D
170	S	170	14.151	13.441	20.823	0.41	0.476255088195387	0.9940102207216818	0.30672060357397973	0.2166885685227507	0.15802737315068716	No-PER3D	No-Essential3D
171	I	171	13.346	16.92	19.796	0.93	0.476255088195387	0.2474312631057794	0.3065486219193885	1.0567767579168954	1	No-PER3D	No-Essential3D
172	A	172	16.736	17.186	18.129	0.67	0.471380471380471	0.7572409156748032	-0.6002903408605911	1.2883621466640423	0.7348058275898022	No-PER3D	No-Essential3D
173	V	173	16.524	13.905	16.304	0.15	0.391791044776119	1.3319354331162483	-0.6039281198010111	1.985815937199261	0.44333266276282335	No-PER3D	No-Essential3D
174	I	174	12.942	14.66	15.135	0.93	0.3585291113381	0.7951606418989454	0.08141853603312393	0	0.01403553734297053	No-PER3D	No-Essential3D
175	K	175	13.977	18.06	13.907	0.93	0.391449814126394	0.2662594605017946	-0.4683631403508281	1.143926993123984	1	No-PER3D	No-Essential3D
176	G	176	17.118	16.746	12.22	1.19	0.388560885608856	0.7230909867945815	-1.0031619849295328	1.2883621466640423	0.7348058275898022	No-PER3D	No-Essential3D
177	L	177	15.243	13.987	10.461	1.45	0.392565055762082	0.6927590623854404	-0.47119478856736147	1.0883791528727016	1	No-PER3D	No-Essential3D
178	T	178	12.58	16.473	9.435	-0.63	0.395149253731343	0.06830895274368999	-0.2488006809168052	0.38868353902933733	0.32234652822700594	No-PER3D	No-Essential3D
179	Y	179	15.248	18.627	7.825	0.67	0.392222222222222	-0.04343192425335005	-0.9079945619970398	1.658109746707998	0.5073454004560554	No-PER3D	No-Essential3D
180	L	180	16.97	15.746	6.08	1.45	0.391881918819188	0.6777900607289814	-1.062094680421161	3.8069448446295264	0.045193408885872	PER3D	Essential3D
181	R	181	13.615	14.684	4.657	0.15	0.29110291102911	0.11354185940078329	-0.26256553587901316	0.3629460601354957	0.6618763818129387	No-PER3D	No-Essential3D
182	E	182	12.492	18.148	3.424	0.15	0.262962962962963	-0.05381989523046179	-0.8925177843862167	0.6216851140428806	1	No-PER3D	No-Essential3D
183	K	183	15.752	19.264	1.994	-1.15	0.301447629860914	0.08887802187617873	-1.1961837964581694	3.448748204355254	0.12159662224998265	No-PER3D	No-Essential3D
184	H	184	17.929	16.28	1.064	-0.11	0.374275171323142	0.27153135577267873	-1.02939717787257	3.448748204355254	0.12159662224998265	No-PER3D	No-Essential3D
185	K	185	16.834	12.792	0.61	-0.37	0.374275171323142	0.2474312631057794	-0.7218523111774604	5.980369910206075	0.11840149660970588	No-PER3D	No-Essential3D
186	I	186	14.885	9.726	-0.098	0.93	0.438271604938272	0.5023360893902914	-0.5888803615556046	0	1	No-PER3D	No-Essential3D
187	M	187	16.586	7.338	2.448	0.93	0.409007352941176	0.7557925927981867	-0.6520951404434694	1.2714174177515891	1	No-PER3D	No-Essential3D
188	H	188	16.399	4.682	5.093	1.45	0.432727272727273	1.0584920740110444	-0.27698199165190407	1.9016123265713718	1	No-PER3D	No-Essential3D
189	R	189	17.732	6.711	7.927	1.45	0.432367149758454	1.4007928407359602	-0.6359914876365326	1.2714174177515891	1	No-PER3D	No-Essential3D
190	D	190	17.887	4.406	10.932	1.45	0.345893719806763	1.8887306774894386	-0.2887174822140608	1.9016123265713718	1	No-PER3D	No-Essential3D
191	V	191	19.182	6.35	13.912	0.93	0.348418491484185	1.7838121706206098	-0.37372669090411076	0.6216851140428806	1	No-PER3D	No-Essential3D
192	K	192	21.386	4.642	16.525	1.45	0.371948051948052	1.6030614756188655	-0.027981482577974982	0	0.542942494398805	No-PER3D	No-Essential3D
193	P	193	22.844	6.258	19.598	1.45	0.347151515151515	1.377123106866684	-0.026334165266008666	0	0.09031122679108837	No-PER3D	No-Essential3D
194	S	194	26.193	6.168	17.77	1.45	0.344927536231884	1.4159206045312003	-0.39200648193622684	0	0.29551386804102375	No-PER3D	No-Essential3D
195	N	195	24.661	8.527	15.206	1.45	0.346181818181818	1.5142310058530506	-0.7974606968621333	0.943382313664645	1	No-PER3D	No-Essential3D
196	I	196	23.708	11.185	17.7	0.67	0.371948051948052	1.1368394448603967	-0.6478859889590252	0.743221145479899	1	No-PER3D	No-Essential3D
197	L	197	26.335	13.827	18.612	1.45	0.344645006016847	0.8097667586667631	-0.7509928779003278	1.207401308800911	0.7627068684044446	No-PER3D	No-Essential3D
198	V	198	26.406	16.235	21.571	0.93	0.343405275779376	0.5687658319977701	-0.2787221178847916	0.8209936914136927	1	No-PER3D	No-Essential3D
199	N	199	28.681	19.12	22.623	0.67	0.364006100660905	0.15329027612570406	0.03991279411853782	0.44424547771222217	0.4877902879657873	No-PER3D	No-Essential3D
200	S	200	29.514	21.21	25.684	-0.63	0.295647413085136	-0.5172832157477562	0.4512808225525756	0.307740453556843	0.21084768239986165	No-PER3D	No-Essential3D
201	R	201	27.363	24.047	24.32	-0.89	0.271629778672032	-0.2729116467477283	0.11445194931507112	0.7939451390711069	1	No-PER3D	No-Essential3D
202	G	202	24.538	21.657	24.91	1.45	0.339222614840989	0.018895901609320503	-0.07040319194728323	0.8209936914136927	1	No-PER3D	No-Essential3D
203	E	203	23.807	21.132	21.211	-0.37	0.338967136150235	0.149728184726458	-0.5783164376132099	1.2480112941382484	0.786380258284298	No-PER3D	No-Essential3D
204	I	204	22.462	17.799	19.916	0.93	0.341107184923439	0.7470673305902772	-0.8852685183233359	1.0567767579168954	1	No-PER3D	No-Essential3D
205	K	205	23.099	16.977	16.221	1.45	0.368073207930859	0.8761293326770656	-1.0943227068474923	1.3952652357023734	0.5827947206220219	No-PER3D	No-Essential3D
206	L	206	22.851	14.009	13.971	0.93	0.345714285714286	1.1832327336821884	-1.1070983649660868	3.3994783269331355	0.03854930064254854	PER3D	Essential3D
207	C	207	26.055	12.601	12.641	1.45	0.345714285714286	1.4267974999965967	-1.0114982222696065	2.8721657068415194	0.0834920555049553	No-PER3D	No-Essential3D
208	D	208	26.669	12.694	8.956	1.45	0.349458483754513	1.3976629585714282	-0.9249759535758115	2.8721657068415194	0.0834920555049553	No-PER3D	No-Essential3D
209	F	209	26.118	8.957	9.022	1.45	0.350060606060606	1.6902657582951455	-1.105484115327226	3.448748204355254	0.12159662224998265	No-PER3D	No-Essential3D
210	G	210	25.861	6.28	6.381	1.45	0.347242206235012	1.8541041075657327	-1.1491682116599289	3.448748204355254	0.12159662224998265	No-PER3D	No-Essential3D
211	V	211	28.395	7.768	4.018	0.93	0.375064935064935	1.2570297396921017	-0.8266182065680775	4.266471216499661	0.06117021585339109	No-PER3D	No-Essential3D
212	S	212	29.864	4.368	3.029	1.45	0.375064935064935	0.9575232791840624	-0.8815686102731214	3.448748204355254	0.12159662224998265	No-PER3D	No-Essential3D
213	G	213	26.49	2.91	1.942	0.41	0.403916083916084	1.423745309942531	-1.2013507326048702	5.980369910206075	0.11840149660970588	No-PER3D	No-Essential3D
214	Q	214	25.76	6.144	0.129	0.15	0.392727272727273	1.3448461970449443	-1.0621004041277038	13.071717510166723	0.0066278429827406156	PER3D	Essential3D
215	L	215	29.067	6.11	-1.68	1.45	0.290909090909091	0.832212923405542	-0.688305682075444	3.0058014444565058	0.10382534528655983	No-PER3D	No-Essential3D
216	I	216	28.864	2.501	-2.85	0.93	0.357332448573324	0.8225471108386038	-0.8592362001434658	10.556975027323574	0.018178188244515295	PER3D	Essential3D
217	D	217	25.323	3.179	-3.986	0.67	0.292226292226292	1.5193805983032427	-1.1917155812785436	5.980369910206075	0.11840149660970588	No-PER3D	No-Essential3D
218	S	218	26.518	6.252	-5.888	1.45	0.327554744525547	0.8017333944444635	-0.7234000854952252	1.95605166818054	0.4145631067961165	No-PER3D	No-Essential3D
219	M	219	29.217	4.223	-7.573	-0.11	0.32518115942029	0.4036355674282749	-0.6156948153604652	1.449136754015795	0.6908584062289724	No-PER3D	No-Essential3D
220	A	220	26.622	1.504	-8.412	1.45	0.325729927007299	0.6596696903027411	-0.9552577417360909	3.8856383363631015	0.2744585511575802	No-PER3D	No-Essential3D
221	N	221	24.426	4.079	-10.167	0.15	0.372262773722628	0.9101838114455102	-1.0362894107793597	3.8856383363631015	0.2744585511575802	No-PER3D	No-Essential3D
222	S	222	26.974	5.939	-12.229	0.93	0.325729927007299	0.6812329311099669	-0.7080501080596772	0.9417159831677726	1	No-PER3D	No-Essential3D
223	F	223	27.96	5.049	-15.817	-0.37	0.323636363636364	0.4600791395784202	-0.8443099990206396	1.9016123265713718	1	No-PER3D	No-Essential3D
224	V	224	29.55	6.48	-18.967	0.67	0.372899159663866	-0.10402842161983535	-0.9335851018561903	0	1	No-PER3D	No-Essential3D
225	G	225	26.726	8.46	-20.489	1.45	0.371533228676086	-0.11407012689771011	-1.0397565246267149	0	1	No-PER3D	No-Essential3D
226	T	226	23.977	9.045	-18.054	0.67	0.37257980115123	0.4117500767437292	-0.8405703764387988	0	1	No-PER3D	No-Essential3D
227	R	227	21.637	6.189	-17.266	-0.37	0.430656934306569	0.9001421061676356	-1.0271041441664468	0	1	No-PER3D	No-Essential3D
228	S	228	19.412	4.738	-14.719	0.15	0.516363636363637	1.3018103172826239	-0.9123621161420786	0	1	No-PER3D	No-Essential3D
229	Y	229	17.77	1.268	-14.321	1.45	0.514492753623189	1.2372564976391436	-0.7587136297850586	0	1	No-PER3D	No-Essential3D
230	M	230	15.894	2.387	-11.239	1.45	0.518681318681319	1.1311013275587538	-0.6582239483943593	0	0.542942494398805	No-PER3D	No-Essential3D
231	S	231	12.137	2.056	-11.214	0.67	0.520588235294118	0.5718555874678853	-0.22185617266025787	0	1	No-PER3D	No-Essential3D
232	P	232	9.922	5.286	-11.163	1.45	0.57843137254902	0.7495165269995148	-0.16561539749926563	0	1	No-PER3D	No-Essential3D
233	E	233	8.531	4.115	-7.82	1.45	0.493494423791822	1.0353189079851797	-0.13034624915469423	0	1	No-PER3D	No-Essential3D
234	R	234	12.075	4.136	-6.418	1.45	0.493494423791822	0.8499335797782621	-0.09762519878131218	0	1	No-PER3D	No-Essential3D
235	L	235	12.998	7.526	-7.805	1.19	0.493494423791822	0.8122771849862317	-0.2703445540726362	0	1	No-PER3D	No-Essential3D
236	Q	236	10.265	9.259	-5.81	0.15	0.488051470588235	0.649099474220768	-0.16056937525185339	0	1	No-PER3D	No-Essential3D
237	G	237	11.669	7.051	-3.099	-0.37	0.55983131259884	0.6596696903027411	-0.2749396953199427	0	0.542942494398805	No-PER3D	No-Essential3D
238	T	238	8.522	6.643	-0.979	-0.63	0.563993627190653	0.5962483938109009	-0.07746083801803093	0.943382313664645	1	No-PER3D	No-Essential3D
239	H	239	9.408	2.954	-0.443	-0.89	0.563993627190653	0.5486824214420208	0.2653622800082053	0.943382313664645	1	No-PER3D	No-Essential3D
240	Y	240	11.462	4.747	2.197	1.45	0.662921348314607	0.6308418282609957	0.06957741163717251	1.9016123265713718	1	No-PER3D	No-Essential3D
241	S	241	8.755	6.424	4.325	-0.11	0.732417811069496	0.33350302263041975	0.5446811631926003	0.3629460601354957	0.6618763818129387	No-PER3D	No-Essential3D
242	V	242	9.792	8.203	7.514	0.93	0.724528301886792	0.5079728054506367	0.524099866413332	0.2166885685227507	0.15802737315068716	No-PER3D	No-Essential3D
243	Q	243	8.254	5.329	9.508	0.15	0.712550607287449	0.5486824214420208	1.069581881897833	0.16779864185223395	0.0921215873748194	No-PER3D	No-Essential3D
244	S	244	11.365	3.1	9.359	0.67	0.666666666666667	0.8499335797782621	1.1633440185466377	0.2980149132560648	0.4171392867442084	No-PER3D	No-Essential3D
245	D	245	13.486	5.941	10.689	1.45	0.711111111111111	1.2043467072326635	0.42465354275678235	0.3629460601354957	0.6618763818129387	No-PER3D	No-Essential3D
246	I	246	11.011	6.334	13.543	0.93	0.711111111111111	0.806897700015942	1.071214704462163	0.18953663159104683	0.15880735601071708	No-PER3D	No-Essential3D
247	W	247	11.189	2.753	14.644	1.45	0.661654135338346	0.8657889039012221	1.2026336595717328	0.18953663159104683	0.15880735601071708	No-PER3D	No-Essential3D
248	S	248	14.92	2.849	14.903	1.45	0.664150943396226	1.4524358964507444	0.6145820377701404	0.251565863466649	0.25709078764947874	No-PER3D	No-Essential3D
249	M	249	14.732	6.045	16.95	0.93	0.615789473684211	1.3123190786199346	0.3471800195903258	0.251565863466649	0.25709078764947874	No-PER3D	No-Essential3D
250	G	250	12.186	4.493	19.252	1.45	0.615230961298377	1.1704135354551142	0.856942937349787	0.10251323802905168	0.00936299737128888	No-PER3D	No-Essential3D
251	L	251	14.457	1.614	19.801	1.19	0.669201520912548	1.2052554588415212	0.8037586529315198	0.18953663159104683	0.15880735601071708	No-PER3D	No-Essential3D
252	S	252	17.457	3.856	20.375	0.93	0.703218645948946	1.4223107806171205	0.4269412151311434	0	0.04824597605149611	No-PER3D	No-Essential3D
253	L	253	15.508	5.738	23.014	0.67	0.740740740740741	1.201393264503877	0.44772645017615487	0.16779864185223395	0.0921215873748194	No-PER3D	No-Essential3D
254	V	254	14.661	2.645	24.969	0.15	0.698456667985754	1.004062079392153	0.7897180610217194	0	0.007301443485924078	No-PER3D	No-Essential3D
255	E	255	18.185	1.494	24.603	1.45	0.66044776119403	0.7865122832864219	0.6605619039125249	0.18953663159104683	0.15880735601071708	No-PER3D	No-Essential3D
256	M	256	19.558	4.697	26.135	0.93	0.66044776119403	0.7865122832864219	0.5509052436144357	0	0.09268923905086551	No-PER3D	No-Essential3D
257	A	257	16.853	4.856	28.819	1.45	0.66044776119403	0.5788075372756449	0.7531634539986191	0.18953663159104683	0.15880735601071708	No-PER3D	No-Essential3D
258	V	258	17.424	1.382	30.142	0.15	0.656133828996283	-0.30750508119782294	0.987178287987528	0	0.014714215438271346	No-PER3D	No-Essential3D
259	G	259	21.079	1.198	29.386	0.41	0.656133828996283	-0.19558514621222242	1.0237463638840778	0	0.04824597605149611	No-PER3D	No-Essential3D
260	R	260	21.228	-1.768	27.078	0.67	0.695346795434592	-0.18886351793291478	0.9746835995901274	0.2166885685227507	0.15802737315068716	No-PER3D	No-Essential3D
261	Y	261	20.151	-2.905	23.676	0.93	0.699933906146728	0.5718555874678856	0.8209627374230799	0.18953663159104683	0.15880735601071708	No-PER3D	No-Essential3D
262	P	262	16.544	-3.806	24.581	1.45	0.694729936584299	0.16432749528888535	0.9676664589125918	0.16779864185223395	0.0921215873748194	No-PER3D	No-Essential3D
263	I	263	15.97	-7.133	22.676	0.41	0.656133828996283	-0.5245248301308388	0.8880943894719212	0.16779864185223395	0.0921215873748194	No-PER3D	No-Essential3D
264	P	264	15.522	-9.615	24.18	-0.63	0.66044776119403	-1.0734392003685094	0.9038011715922788	0.18953663159104683	0.15880735601071708	No-PER3D	No-Essential3D
265	P	265	13.622	-7.619	26.772	-0.63	0.654981549815498	-0.7639119113087449	0.953852192858955	0.16779864185223395	0.0921215873748194	No-PER3D	No-Essential3D
266	P	266	14.961	-7.809	30.284	-1.41	0.659851301115242	-1.3190747602426751	1.04901182623151	0.15000181451029546	0.0534855161085872	No-PER3D	No-Essential3D
267	D	267	12.745	-9.994	32.498	-1.41	0.697172034564022	-2.233460629075031	1.067311574317148	0.2980149132560648	0.4171392867442084	No-PER3D	No-Essential3D
268	A	268	11.569	-8.914	35.977	-1.41	0.700374531835206	-2.727423925464603	1.185005224705187	0	0.1610075495973795	No-PER3D	No-Essential3D
269	K	269	14.818	-10.217	37.521	-1.41	0.732057416267943	-3.109367358355195	1.1956504100859833	0	0.29551386804102375	No-PER3D	No-Essential3D
270	E	270	16.842	-7.547	35.688	-1.41	0.740407881092292	-2.1023277719169027	1.1413570659039556	0.2980149132560648	0.4171392867442084	No-PER3D	No-Essential3D
271	L	271	14.279	-4.778	36.171	-1.41	0.707637017070979	-1.8744247216973111	1.1250722705957135	0	0.04824597605149611	No-PER3D	No-Essential3D
272	E	272	14.035	-4.545	39.948	-1.41	0.672932330827068	-2.6311909165516374	1.1615487729319811	0	0.09268923905086551	No-PER3D	No-Essential3D
273	L	273	17.893	-4.685	40.083	-1.41	0.672932330827068	-2.980259719068234	1.196285499158273	0	0.1610075495973795	No-PER3D	No-Essential3D
274	M	274	18.666	-2.087	37.367	-1.41	0.670411985018727	-2.306030936125218	1.1627495269046981	0	0.09268923905086551	No-PER3D	No-Essential3D
275	F	275	15.863	0.202	38.67	0.15	0.7071992976295	-1.8744247216973111	1.143282929841268	0	0.09268923905086551	No-PER3D	No-Essential3D
276	G	276	15.274	-0.492	42.406	-0.37	0.711830799735625	-2.7650803202566334	1.2179449057942051	0	0.5496639283047051	No-PER3D	No-Essential3D
277	C	277	12.117	-2.643	42.26	-0.37	0.755471380471381	-2.604413035810638	1.202218473798654	0	0.29551386804102375	No-PER3D	No-Essential3D
278	Q	278	10.571	-0.703	39.312	-0.63	0.742293233082707	-2.00402476235455	1.173077442601776	0	0.09031122679108837	No-PER3D	No-Essential3D
305	R	305	22.335	-20.525	25.967	-1.41	0.664794007490637	-3.9700849536015985	0.9950869898010174	0	1	No-PER3D	No-Essential3D
306	P	306	21.581	-16.74	26.608	-1.41	0.713784461152882	-2.8320250221091317	0.9833946097481377	0.943382313664645	1	No-PER3D	No-Essential3D
307	P	307	23.028	-14.62	23.736	-1.41	0.664179104477612	-2.272123879342784	0.9571057594874055	0.943382313664645	1	No-PER3D	No-Essential3D
308	M	308	20.513	-15.103	20.904	-1.41	0.620474406991261	-1.8010766135806615	0.8764984078880123	0.943382313664645	1	No-PER3D	No-Essential3D
309	A	309	22.05	-15.144	17.46	-1.41	0.71593200806684	-1.7752550857232692	0.8795201483578021	0.943382313664645	1	No-PER3D	No-Essential3D
310	I	310	21.088	-12.936	14.6	-1.41	0.662313432835821	-1.189305030497833	0.8090695252920048	1.9016123265713718	1	No-PER3D	No-Essential3D
311	F	311	18.594	-15.109	12.645	0.67	0.606837606837607	-1.0077818966285592	0.7667422941324497	0	1	No-PER3D	No-Essential3D
312	E	312	16.636	-15.359	15.925	0.41	0.713260619977038	-1.205662559457267	0.7849990991257901	0.943382313664645	1	No-PER3D	No-Essential3D
313	L	313	16.781	-11.602	16.828	0.15	0.70185873605948	-0.7165724435701927	0.7944327410108518	1.9016123265713718	1	No-PER3D	No-Essential3D
314	L	314	15.468	-10.798	13.381	1.45	0.614716735402648	-0.8370729069046893	0.7434593075273244	1.9016123265713718	1	No-PER3D	No-Essential3D
315	D	315	12.511	-13.187	13.75	-0.11	0.610726643598616	-0.780366806511985	0.7514698267615167	0.943382313664645	1	No-PER3D	No-Essential3D
316	Y	316	12.006	-11.938	17.294	-0.37	0.646520146520147	-0.35507105356670315	0.8452206382879646	0.4601441977375596	0.6566744799946761	No-PER3D	No-Essential3D
317	I	317	11.737	-8.397	15.99	0.93	0.599030303030303	0.31973154110647733	1.0413877776357239	0.3629460601354957	0.6618763818129387	No-PER3D	No-Essential3D
318	V	318	9.209	-9.429	13.285	0.93	0.599030303030303	0.34784831588452647	1.08655059968728	0	0.1610075495973795	No-PER3D	No-Essential3D
319	N	319	7.201	-11.855	15.376	-0.11	0.641818181818182	0.37653890239273996	0.9855470295811569	0	0.29551386804102375	No-PER3D	No-Essential3D
320	E	320	7.333	-10.789	19.012	-0.37	0.599238256453661	-0.037964571107501774	0.976419459448448	0.4601441977375596	0.6566744799946761	No-PER3D	No-Essential3D
321	P	321	5.841	-7.801	20.8	-0.11	0.669684965100924	-0.2546540007879561	1.1127232344025992	0.3629460601354957	0.6618763818129387	No-PER3D	No-Essential3D
322	P	322	7.802	-4.549	20.395	0.41	0.634408602150538	0.4281819581075242	1.1740434141041851	0.251565863466649	0.25709078764947874	No-PER3D	No-Essential3D
323	P	323	10.114	-3.696	23.305	1.45	0.63898916967509	0.2809036140320285	1.0751871978650158	0.16779864185223395	0.0921215873748194	No-PER3D	No-Essential3D
324	K	324	8.908	-0.932	25.647	-0.37	0.639492753623188	0.3125666486919937	1.1340804835348173	0.11184730349629704	0.01695120364318288	No-PER3D	No-Essential3D
325	L	325	9.843	1.153	28.671	1.45	0.677109974424552	0.20224358935534328	1.0757131444546857	0	9.84900679979727e-4	No-PER3D	No-Essential3D
326	P	326	9.374	-0.246	32.211	0.41	0.707434052757794	-0.9575733702391858	1.104650430427976	0	0.00107295723122411	No-PER3D	No-Essential3D
327	S	327	6.418	1.227	34.043	0.15	0.674143038510368	-1.0479487177400582	1.1067060431592675	0	0.025640996600999194	No-PER3D	No-Essential3D
328	G	328	6.601	3.57	37.068	-0.89	0.669829222011385	-0.8512494320028654	1.1273351470154158	0	0.29551386804102375	No-PER3D	No-Essential3D
329	V	329	10.254	4.405	36.581	-0.89	0.675191815856778	-0.4920033982649946	1.0235003187787384	0	0.09031122679108837	No-PER3D	No-Essential3D
330	F	330	9.354	6.502	33.423	1.45	0.7085346215781	0.3813206668107755	0.8660401573956819	0.18953663159104683	0.15880735601071708	No-PER3D	No-Essential3D
331	S	331	6.54	8.938	32.873	0.93	0.668820064601938	0.3260185218021901	1.074162565568232	0.251565863466649	0.25709078764947874	No-PER3D	No-Essential3D
332	L	332	3.423	7.8	31.09	-0.89	0.702	0.13266891707292555	1.2214159564498546	0	0.09268923905086551	No-PER3D	No-Essential3D
333	E	333	3.952	10.273	28.228	-0.37	0.668571428571429	0.0019673563132864853	1.3162357096501145	0.18953663159104683	0.15880735601071708	No-PER3D	No-Essential3D
334	F	334	7.484	8.994	27.591	1.45	0.635869565217391	0.45355047670426035	1.015427714065631	0.16779864185223395	0.0921215873748194	No-PER3D	No-Essential3D
335	Q	335	6.204	5.432	27.638	0.15	0.695652173913044	0.5888492425535197	1.1587597272251466	0	0.01403553734297053	No-PER3D	No-Essential3D
336	D	336	3.472	6.405	25.146	-0.63	0.741275571600481	0.5598398717507703	1.512239698927921	0	0.04824597605149611	No-PER3D	No-Essential3D
337	F	337	5.981	8.285	23.024	1.45	0.692238267148014	0.4856298534181564	1.4005587609018237	0	0.003724602190780072	No-PER3D	No-Essential3D
338	V	338	8.13	5.291	22.466	0.15	0.713093525179856	1.1224941516062896	1.2054710744370294	0	0.014714215438271346	No-PER3D	No-Essential3D
339	N	339	5.138	3.023	22.064	-0.37	0.742805755395684	0.7403877040196287	1.5050060287930025	0	0.014714215438271346	No-PER3D	No-Essential3D
340	K	340	3.987	5.206	19.182	-0.63	0.719737253675321	0.5486824214420208	1.7060655393167223	0	0.0019663656984060863	No-PER3D	No-Essential3D
341	C	341	7.459	4.763	17.661	1.45	0.777291210509853	0.6735914383131452	1.5132809122795825	0.10251323802905168	0.00936299737128888	No-PER3D	No-Essential3D
342	L	342	7.53	1.059	17.978	0.93	0.845878136200717	0.5242566518471904	1.4768144254795708	0.12261322955294685	0.03111342015847319	No-PER3D	No-Essential3D
343	I	343	4.088	0.195	16.64	-0.37	0.825151940158953	0.367931726440276	1.5606033589568464	0.12261322955294685	0.03111342015847319	No-PER3D	No-Essential3D
344	K	344	4.994	-2.762	14.453	1.45	0.843488649940263	0.35131097287689717	1.4776094705479192	0.16779864185223395	0.0921215873748194	No-PER3D	No-Essential3D
345	N	345	2.669	-1.929	11.58	0.41	0.931578947368421	0.2474312631057795	1.7425379963078587	0.251565863466649	0.25709078764947874	No-PER3D	No-Essential3D
346	P	346	4.206	1.059	9.854	-1.15	0.928263719797715	0.4117500767437292	1.853198646723897	0.251565863466649	0.25709078764947874	No-PER3D	No-Essential3D
347	A	347	0.79	2.152	8.631	-0.37	0.922359089212393	-0.01616350043843166	2.213597937877376	0.251565863466649	0.25709078764947874	No-PER3D	No-Essential3D
348	E	348	-0.148	2.653	12.274	0.41	0.939501779359431	0.04659715754828518	2.14593549536002	0.2166885685227507	0.15802737315068716	No-PER3D	No-Essential3D
349	R	349	3.262	3.895	13.533	1.45	0.938829787234043	0.26751467366152876	1.8914269270881898	0.15000181451029546	0.0534855161085872	No-PER3D	No-Essential3D
350	A	350	3.645	7.608	14.266	0.15	0.915863602668643	0.2291736171460072	1.82187913085942	0.10251323802905168	0.00936299737128888	No-PER3D	No-Essential3D
351	D	351	5.114	9.899	11.638	-0.63	0.915863602668643	0.2863023803104557	1.4914603542404077	0.13516796213967047	0.03142162422909712	No-PER3D	No-Essential3D
352	L	352	7.372	12.924	12.401	-0.37	0.904058313632782	0.649099474220768	0.6931374972803866	0.15000181451029546	0.0534855161085872	No-PER3D	No-Essential3D
353	K	353	4.658	15.612	12.557	-0.89	0.900863761287789	0.09025674571295793	0.9419776850667825	0	0.014714215438271346	No-PER3D	No-Essential3D
354	Q	354	2.674	13.41	14.974	-0.11	0.851032174074763	0.16884400440936867	1.812934532241348	0	0.014714215438271346	No-PER3D	No-Essential3D
355	L	355	5.702	13.118	17.301	1.45	0.876868327402135	0.31256664869199385	1.1337408342927993	0	0.0019663656984060863	No-PER3D	No-Essential3D
356	M	356	6.401	16.863	17.253	0.15	0.835112692763938	0.04659715754828518	0.9048679456058346	0	0.01403553734297053	No-PER3D	No-Essential3D
357	V	357	2.993	17.415	18.92	-0.89	0.781020651988394	-0.32887530066789955	1.5918777069655154	0	0.01403553734297053	No-PER3D	No-Essential3D
358	H	358	3.038	14.365	21.167	1.45	0.786659790269899	-0.17432035856495842	1.5552069173203265	0	0.003724602190780072	No-PER3D	No-Essential3D
359	A	359	2.604	15.016	24.908	0.15	0.783830078794108	-0.14550503037627446	1.6702430394264034	0	0.025640996600999194	No-PER3D	No-Essential3D
360	F	360	6.224	13.998	25.708	1.45	0.811594202898551	0.08794535575129878	1.1701412686573136	0.15000181451029546	0.0534855161085872	No-PER3D	No-Essential3D
361	I	361	7.624	16.435	23.192	0.67	0.794632034632035	0.0800695084745343	0.9600281246174475	0.13516796213967047	0.03142162422909712	No-PER3D	No-Essential3D
362	K	362	5.392	19.308	24.204	-0.37	0.855072463768116	-0.04072201878106005	1.3670429917295612	0.251565863466649	0.25709078764947874	No-PER3D	No-Essential3D
363	R	363	6.411	18.898	27.804	-0.11	0.830035971223022	-0.08997003423081089	1.377868651410285	0.2980149132560648	0.4171392867442084	No-PER3D	No-Essential3D
364	S	364	10.094	18.426	26.865	-0.63	0.85439229843562	0.3076814947730277	1.1828681676588324	0.251565863466649	0.25709078764947874	No-PER3D	No-Essential3D
365	D	365	10.075	21.485	24.712	-0.11	0.914696813977389	-0.06586994156391153	1.011452441663953	0.2980149132560648	0.4171392867442084	No-PER3D	No-Essential3D
366	A	366	8.976	23.667	27.586	-0.63	0.902898550724638	-0.543353027526854	1.49299796072736	0.943382313664645	1	No-PER3D	No-Essential3D
367	E	367	11.25	22.117	30.215	-0.89	0.859903381642512	-0.06967521935342194	1.3481601397070073	0.4601441977375596	0.6566744799946761	No-PER3D	No-Essential3D
368	E	368	14.361	24.129	31.013	-0.63	0.910485933503836	-0.6563222119029444	1.6135434161626543	0.4601441977375596	0.6566744799946761	No-PER3D	No-Essential3D
369	V	369	17.009	21.359	31.194	0.15	0.8860559566787	0.1926583252264628	1.1697853877590365	0.3629460601354957	0.6618763818129387	No-PER3D	No-Essential3D
370	D	370	20.621	21.961	31.912	-0.37	0.861612515042118	-0.5893775100504465	0.8479364534123147	0.9399484895409194	1	No-PER3D	No-Essential3D
371	F	371	21.755	19.748	29.11	0.41	0.861612515042118	-0.033736484674712394	0.4746836835047881	0.6842064738671109	0.7439747750401546	No-PER3D	No-Essential3D
372	A	372	25.219	21.158	28.846	0.67	0.836883116883117	-0.7258417099805387	0.6660493338831133	0.34418688821772625	0.20979219993902193	No-PER3D	No-Essential3D
373	G	373	25.864	20.856	32.627	0.41	0.803356643356644	-0.7932545566012359	0.8032261769915193	0.38868353902933733	0.32234652822700594	No-PER3D	No-Essential3D
374	W	374	24.534	17.269	32.677	0.93	0.748400852878465	-0.6563222119029444	0.8406815769542858	0.16779864185223395	0.0921215873748194	No-PER3D	No-Essential3D
375	L	375	26.772	16.374	29.79	0.41	0.788505747126437	-0.5056966327348238	0.6386461207926757	0.27734270498688673	0.13046228514998653	No-PER3D	No-Essential3D
376	C	376	29.958	18.04	30.97	0.15	0.818627450980392	-1.0780738335736821	0.7723951977649639	0.307740453556843	0.21084768239986165	No-PER3D	No-Essential3D
377	S	377	29.538	16.443	34.37	-0.89	0.77714012434242	-1.274679852698387	1.3981501172337871	0	0.09031122679108837	No-PER3D	No-Essential3D
378	T	378	28.8	12.988	32.843	-0.11	0.80462962962963	-0.9367974282849622	1.0918101509897018	0	0.025640996600999194	No-PER3D	No-Essential3D
379	I	379	31.795	12.839	30.546	0.93	0.778397565922921	-1.1429586984461035	1.0711951564880218	0	0.025640996600999194	No-PER3D	No-Essential3D
380	G	380	34.022	15.047	32.611	-1.41	0.7756376887038	-1.4596586341329214	1.264669987531384	0	0.09268923905086551	No-PER3D	No-Essential3D
381	L	381	34.567	17.957	30.22	-1.41	0.779816513761468	-0.9575733702391858	0.8429195382687427	0	0.04824597605149611	No-PER3D	No-Essential3D
382	N	382	34.646	21.385	32.068	-1.41	0.829383886255924	-1.296480923367457	0.9613048089848403	0	0.09268923905086551	No-PER3D	No-Essential3D
