Uniprot_position	aminoacid	Position_in_structure	x	y	z	paraz	mtr	paraz3dscore	mtr3dscore	PER3D_OR	PER3D_pvalue	PER3D	Essential3D
9	T	9	562.129	-21.139	297.467	-0.11	0.587479935794543	-0.02327114221504511	0.42340991149690504	0.9243585009510823	1	No-PER3D	No-Essential3D
10	G	10	559.653	-23.926	296.751	-0.47	0.6875	-0.38126788034341463	0.6161410622531928	1.2489288862895107	0.7715207245083354	No-PER3D	No-Essential3D
11	R	11	558.811	-23.123	293.15	-1.19	0.690476190476191	-0.10999310069547255	0.750327354153783	0.9601008087846455	1	No-PER3D	No-Essential3D
12	L	12	562.479	-22.14	292.792	1.69	0.692307692307692	1.0170557260892767	0.29974022888012136	1.88005424988428	0.18225897747268852	No-PER3D	No-Essential3D
13	M	13	563.35	-25.848	292.891	0.25	0.613861386138614	0.4499578190360184	0.12610195018661421	1.4223677275975846	0.6153753161666377	No-PER3D	No-Essential3D
14	L	14	561.164	-26.666	289.882	0.25	0.60952380952381	0.5380004164780767	0.2483145110698119	0.7640435424380979	0.7780184816817096	No-PER3D	No-Essential3D
15	A	15	562.725	-23.844	287.854	0.25	0.55	0.7997486791436557	0.21664181885633824	1.3755167606868541	0.540691111596021	No-PER3D	No-Essential3D
16	V	16	566.242	-25.077	288.657	-0.47	0.551351351351351	1.1005225802485006	-0.2636966270927218	2.4396542672650376	0.042819540427907185	PER3D	Essential3D
17	G	17	565.451	-28.782	288.366	-0.83	0.548471615720524	0.5545084034984626	-0.2919974728875263	1.6935127803403422	0.41162140536924835	No-PER3D	No-Essential3D
18	G	18	563.989	-28.186	284.923	-0.47	0.545762711864407	0.692364575809054	0.038216775772494174	1.2655150939050461	0.6786609828594944	No-PER3D	No-Essential3D
19	A	19	567.084	-26.245	283.884	1.33	0.547107438016529	1.1629758738011495	-0.06610604116531847	1.6936628062225991	0.18623244886173848	No-PER3D	No-Essential3D
20	V	20	569.719	-28.731	285.077	-0.11	0.546184738955823	0.842310440776354	-0.6897951259621713	2.6956928120884234	0.03046947807101772	PER3D	Essential3D
21	L	21	568.095	-31.387	282.878	0.61	0.453125	0.6683134655329416	-0.31806744361986977	1.5008343449658805	0.40674836873699877	No-PER3D	No-Essential3D
22	G	22	570.033	-29.709	280.075	1.69	0.615278257863809	0.88868932023166	-0.30034993648202124	1.5841465884210835	0.252199641251432	No-PER3D	No-Essential3D
23	S	23	573.324	-30.019	281.949	0.61	0.624125874125874	0.7041040378149834	-0.8223225103705455	2.6631627669416087	0.0407310980466352	PER3D	Essential3D
24	L	24	572.607	-33.683	282.678	0.61	0.620629370629371	0.598529702219492	-0.9934641394421554	2.129563600261011	0.11280597482933934	No-PER3D	No-Essential3D
25	Q	25	572.145	-34.265	278.947	0.25	0.620629370629371	0.8877496348166535	-0.6123943014121553	1.3755167606868541	0.540691111596021	No-PER3D	No-Essential3D
26	F	26	575.402	-32.349	278.446	0.97	0.673003802281369	0.7661774815154113	-1.0196456191170804	2.210120113107466	0.08466422666921192	No-PER3D	No-Essential3D
27	G	27	577.234	-34.9	280.581	1.69	0.677480916030534	0.8099124628463849	-0.9959705962065724	2.3146946006980844	0.07440638996279618	No-PER3D	No-Essential3D
28	Y	28	575.355	-37.888	279.181	1.69	0.67557251908397	1.3905104453682513	-1.0209440843047173	1.88005424988428	0.18225897747268852	No-PER3D	No-Essential3D
29	N	29	576.203	-36.923	275.594	0.61	0.673003802281369	1.3046354866575094	-0.8012421047749841	2.0046517716930152	0.08168256013112038	No-PER3D	No-Essential3D
30	T	30	579.845	-36.302	276.54	-0.11	0.712452830188679	1.6076243130613812	-0.9830958126238729	2.495861532558928	0.021277220646551447	PER3D	Essential3D
31	G	31	580.399	-39.913	277.608	0.61	0.890566037735849	1.5563441831682672	-0.7597410245448806	2.9891543174482558	0.0038795177156560495	PER3D	Essential3D
32	V	32	577.97	-42.253	275.861	0.25	0.830188679245283	1.5800670971399393	-0.6213593988884275	2.6470720495696987	0.013495117113988117	PER3D	Essential3D
33	I	33	580.586	-42.938	273.17	0.97	0.830188679245283	1.5757377966223378	-0.41487904417425664	2.801399142903392	0.008423858374429228	PER3D	Essential3D
34	N	34	583.034	-44.457	275.659	1.69	0.863565197942295	1.2309125896158146	-0.3920525450327905	2.495861532558928	0.021277220646551447	PER3D	Essential3D
35	A	35	581.898	-47.95	276.648	0.25	0.853825740822645	0.4600647498648262	-0.3623806432138642	2.059997539943302	0.10643732325466898	No-PER3D	No-Essential3D
36	P	36	580.057	-48.893	273.409	1.69	0.876404494382023	0.1221015186776559	-0.269006912012331	2.210120113107466	0.08466422666921192	No-PER3D	No-Essential3D
37	Q	37	582.975	-48.064	271.104	-1.56	0.879699248120301	0.34583051629204564	0.0225331985722673	1.6804180892848815	0.27514035221847305	No-PER3D	No-Essential3D
38	K	38	583.619	-51.717	270.262	-1.19	0.930601454064772	-0.46424311733432005	0.34140334479165085	1.0132958934920262	1	No-PER3D	No-Essential3D
39	V	39	580.03	-52.466	269.236	-0.83	0.929762949956102	-0.4631046354708451	0.36578642626782626	1.1224390364830041	0.8154918905088671	No-PER3D	No-Essential3D
40	I	40	579.401	-49.328	267.164	0.61	0.929762949956102	-0.016104884283714788	0.2626769914602657	1.051592885436395	1	No-PER3D	No-Essential3D
41	E	41	582.741	-49.859	265.416	-0.83	0.905550373134328	-1.0433075211508924	0.45997269510718086	0.7792358255581682	0.6635491233714396	No-PER3D	No-Essential3D
42	E	42	581.572	-53.376	264.55	-0.83	0.905550373134328	-1.8802080411492272	0.7267843846434222	0.3560522221220734	0.153063664277625	No-PER3D	No-Essential3D
43	F	43	578.441	-51.795	263.08	-1.19	0.878109452736318	-1.6929852460478312	0.7756470514229202	0.24709149099225217	0.023054986643238514	No-PER3D	No-Essential3D
44	Y	44	580.726	-49.485	261.089	-0.47	0.831893165750196	-1.8718682472906958	0.45779158647487334	0.2863093709501674	0.032931325292931767	No-PER3D	No-Essential3D
45	N	45	582.569	-52.428	259.522	0.25	0.804761904761905	-2.463151623828087	0.6547495959293176	0.32140490350424217	0.09746629183623517	No-PER3D	No-Essential3D
46	Q	46	579.368	-54.409	258.991	-0.47	0.810054876969375	-2.9718177305495783	0.9552878440351211	0.26359144151879005	0.11841096056048693	No-PER3D	No-Essential3D
47	T	47	577.875	-51.413	257.183	-0.11	0.816122703763153	-2.2941775618142897	0.95985769860543535	0.21262432464659883	0.04231059296111624	No-PER3D	No-Essential3D
48	W	48	581.066	-50.939	255.153	0.25	0.803937653814602	-2.685239075875679	0.6467762376902804	0.3560522221220734	0.153063664277625	No-PER3D	No-Essential3D
49	V	49	580.781	-54.611	254.158	-1.56	0.774842767295598	-3.3993163308939733	1.0830704434697833	0.14823597160059288	0.04529546713034016	No-PER3D	No-Essential3D
50	H	50	577.156	-54.388	253.019	-1.56	0.780735107731306	-2.961004999051226	0.988983311526403	0.1705965956169051	0.0784559000414397	No-PER3D	No-Essential3D
51	R	51	577.945	-51.342	250.872	0.25	0.746666666666667	-2.8867190574594894	0.8457737707334146	0.1705965956169051	0.0784559000414397	No-PER3D	No-Essential3D
52	Y	52	581.216	-52.197	249.105	-1.56	0.740374531835206	-3.2605297250845746	0.8902988786892927	0.24209958125705758	0.2293225971352695	No-PER3D	No-Essential3D
53	G	53	581.734	-55.938	249.659	-1.92	0.689789936492428	-3.060740753966058	0.9626027556867698	0.24209958125705758	0.2293225971352695	No-PER3D	No-Essential3D
54	E	54	584.835	-55.111	251.663	-1.19	0.695130683852488	-3.2588365982106895	0.8662787688454061	0.1705965956169051	0.0784559000414397	No-PER3D	No-Essential3D
55	S	55	586.091	-55.12	255.236	-1.19	0.700396825396826	-3.2006655963293293	0.8333606054509698	0.3983852338545139	0.23576816582220522	No-PER3D	No-Essential3D
56	I	56	586.746	-51.561	256.363	-0.47	0.700396825396826	-2.495067065400833	0.3776427822693995	0.3560522221220734	0.153063664277625	No-PER3D	No-Essential3D
57	L	57	590.362	-50.424	256.463	-1.56	0.661048689138577	-2.5948486758351654	0.17417344412756397	0.29861183014731474	0.19277835172005398	No-PER3D	No-Essential3D
58	P	58	591.528	-50.205	260.108	-1.19	0.628030751034891	-2.0047798508953703	-0.20773188638827694	0.4035721888198662	0.30395015132890507	No-PER3D	No-Essential3D
59	T	59	592.895	-46.687	259.574	-1.92	0.63217253660467	-1.7155016548146076	-0.9724935241323902	0.6131631999196029	0.6946031044658161	No-PER3D	No-Essential3D
60	T	60	589.6	-45.412	258.141	-0.47	0.593149540517962	-1.2305552596392701	-0.7237493823738412	0.7364910050252808	0.7348975686256326	No-PER3D	No-Essential3D
61	L	61	587.609	-47.148	260.881	0.61	0.489848216045732	-1.6807516485237952	0.02749160330733767	0.3560522221220734	0.153063664277625	No-PER3D	No-Essential3D
62	T	62	589.8	-45.076	263.223	-0.11	0.446115288220551	-0.7982590059892926	-0.6524111957723333	0.8160997873699181	0.7934775929972622	No-PER3D	No-Essential3D
63	T	63	589.426	-41.635	261.635	-0.47	0.475471698113208	-0.46306084770686534	-1.2640585016776007	1.508310923439714	0.5478682407284466	No-PER3D	No-Essential3D
64	L	64	585.726	-42.336	261.068	0.97	0.479087452471483	-0.45212379427152277	-0.6656048302748571	0.7640435424380979	0.7780184816817096	No-PER3D	No-Essential3D
65	W	65	584.887	-43.233	264.671	1.69	0.426568441064639	0.14234557309516832	-0.23953798587078598	1.9754360635792731	0.13855025858580472	No-PER3D	No-Essential3D
66	S	66	587.122	-40.363	265.789	0.61	0.401476179825542	0.8253966095567957	-0.9469530213231481	3.777540839092153	0.014566361519242253	PER3D	Essential3D
67	L	67	585.001	-38.095	263.591	0.61	0.343511450381679	0.8378955140150879	-1.4235533466822465	2.601710403131845	0.10781211428647985	No-PER3D	No-Essential3D
68	S	68	581.908	-39.601	265.234	-0.47	0.340909090909091	0.8389020985895017	-0.6659698982551538	2.3799017651859087	0.05599526326240608	No-PER3D	No-Essential3D
69	V	69	582.919	-38.297	268.669	1.69	0.382340515420363	1.3076853113035711	-0.724263091517445	3.503755839119605	0.0041800700898294	PER3D	Essential3D
70	A	70	584.853	-35.215	267.56	0.61	0.431380337636544	1.4484897168544848	-1.1043778295050446	3.3825968291294637	0.011988471966356702	PER3D	Essential3D
71	I	71	582.128	-33.676	265.385	-0.47	0.412927756653992	1.2423411960145436	-1.3357738177194516	1.88005424988428	0.18225897747268852	No-PER3D	No-Essential3D
72	F	72	580.208	-33.214	268.641	0.97	0.414503816793893	1.2576974630102513	-0.9694740871460339	2.6956928120884234	0.03046947807101772	PER3D	Essential3D
73	S	73	582.813	-30.646	269.717	-0.11	0.418390804597701	1.004626182920986	-1.0197740075327453	3.1015643917841023	0.015229133041214682	PER3D	Essential3D
74	V	74	582.43	-28.799	266.401	0.25	0.437062237342405	0.880903164410304	-1.1405989549617517	3.3825968291294637	0.011988471966356702	PER3D	Essential3D
75	G	75	578.73	-28.455	267.175	1.69	0.492760180995475	0.8952018118144276	-1.1046560682034745	2.6318579591683053	0.08313396312397535	No-PER3D	No-Essential3D
76	G	76	579.369	-27.258	270.716	1.69	0.46360153256705	0.6947591875334489	-0.8098471828271716	4.085577691502536	0.00848724964439972	PER3D	Essential3D
77	M	77	581.422	-24.387	269.303	0.61	0.467181467181467	0.41172879646249316	-0.7174338093561814	3.1786996363518942	0.04108124745796527	PER3D	Essential3D
78	I	78	578.613	-23.209	267.016	-0.47	0.487139342428987	0.42932283526053605	-0.8787929516561958	2.390833457573868	0.12846651670331377	No-PER3D	No-Essential3D
79	G	79	576.199	-23.715	269.907	0.61	0.454887218045113	0.45373107321210665	-0.6542866964852138	1.7694480543053248	0.24199596534664722	No-PER3D	No-Essential3D
80	S	80	578.221	-21.663	272.381	0.25	0.483742004264392	0.2553373404798895	-0.3855748306787003	2.129563600261011	0.11280597482933934	No-PER3D	No-Essential3D
81	F	81	578.524	-19.002	269.664	0.61	0.543820224719101	0.28293583271211364	-0.264300908672501	1.5943338696768037	0.4622306101117074	No-PER3D	No-Essential3D
82	S	82	574.743	-18.735	269.291	-0.83	0.545864661654135	-0.1750687240116974	-0.4449588275081632	1.6364530962425576	0.43815952408170866	No-PER3D	No-Essential3D
83	V	83	573.758	-18.472	272.978	0.25	0.597039473684211	0.47761985134044893	-0.36298257611665863	1.88005424988428	0.18225897747268852	No-PER3D	No-Essential3D
84	G	84	573.228	-14.71	272.95	-0.47	0.592583955223881	0.052543316693394015	-0.25042377825100576	1.4692788314275633	0.5732257977464729	No-PER3D	No-Essential3D
85	L	85	571.294	-14.8	269.68	-0.83	0.637401229148376	-0.18429641911565184	-0.3601666827000153	0.8224428693585636	1	No-PER3D	No-Essential3D
86	F	86	568.469	-16.866	271.185	0.61	0.643313505177352	-0.20639974489452645	0.016325637924942307	0.7640435424380979	0.7780184816817096	No-PER3D	No-Essential3D
87	V	87	568.761	-15.877	274.845	-0.11	0.723727693324521	0.7244620603464359	0.06862788393906394	1.5370536753386648	0.3749693460744469	No-PER3D	No-Essential3D
88	N	88	567.99	-12.161	274.446	-1.19	0.719495367632565	0.2251952265276868	0.42796247644316215	1.5621930726485582	0.35828625697334865	No-PER3D	No-Essential3D
89	R	89	565.599	-12.43	271.487	-1.56	0.714639759249425	-1.1366431557010743	0.5198188618825594	1.0635037853599274	1	No-PER3D	No-Essential3D
90	F	90	563.393	-15.259	272.81	0.25	0.703964194373402	-0.2282453143848372	0.6807639138899031	0.8929589313990652	1	No-PER3D	No-Essential3D
91	G	91	564.258	-15.295	276.519	1.69	0.674632352941177	1.00696925204646	0.5920342669713836	1.7832784557346486	0.21236839812775424	No-PER3D	No-Essential3D
92	R	92	566.056	-17.864	278.62	1.69	0.728174603174603	1.0528923925901144	0.2848367121745877	1.3808105538489475	0.5273467604863146	No-PER3D	No-Essential3D
93	R	93	563.234	-20.28	279.455	-0.47	0.734259259259259	1.2896140679365578	0.402913267650196	1.3714115432505942	0.4354678724478656	No-PER3D	No-Essential3D
94	N	94	561.712	-20.34	275.964	-1.19	0.729551045510455	1.0836515143347045	0.776303202039765	0.8127552096356426	0.8159102762446745	No-PER3D	No-Essential3D
95	S	95	565.13	-20.952	274.386	0.25	0.732253086419753	0.7667327051028837	0.3067305395090215	0.7792358255581682	0.6635491233714396	No-PER3D	No-Essential3D
96	M	96	565.806	-24.034	276.519	0.97	0.732253086419753	1.2423411960145436	0.1758415998323883	1.4876185799617812	0.324026516628067	No-PER3D	No-Essential3D
97	L	97	562.331	-25.279	275.597	1.69	0.759184983154179	0.8359907462819666	0.6042379502018717	0.6718654649864028	0.40355663787750456	No-PER3D	No-Essential3D
98	M	98	562.495	-24.872	271.812	-0.11	0.760597014925373	0.742385017682855	0.7339304872842234	0.5993396116062215	0.339692755772846	No-PER3D	No-Essential3D
99	M	99	566.055	-26.209	271.58	-0.47	0.757769516728625	0.831872329561704	0.2745950876778682	0.8127552096356426	0.8159102762446745	No-PER3D	No-Essential3D
100	N	100	564.79	-29.549	272.869	1.69	0.728240740740741	0.7355013783075589	0.4033263354544189	0.31587373822611187	0.026834015432093666	No-PER3D	No-Essential3D
101	L	101	563.975	-29.928	269.171	0.25	0.744615384615385	0.2703509202542195	0.6649404225822261	0.2680586283573394	0.037739605980168844	No-PER3D	No-Essential3D
102	L	102	567.65	-30.58	268.429	0.61	0.806666666666667	1.0442453517699122	0.1556301257580188	0.9474738245190271	1	No-PER3D	No-Essential3D
103	A	103	567.692	-33.302	271.09	-0.11	0.77277888163497	0.9662075949462695	0.3790987842209407	0.4497306754203521	0.0922705526170209	No-PER3D	No-Essential3D
104	F	104	564.635	-35	269.572	-0.11	0.775641025641026	0.7861204638147867	0.6987605501868438	0.3607547230735371	0.06534045298436245	No-PER3D	No-Essential3D
105	V	105	566.006	-34.674	266.03	-0.47	0.752888888888889	0.793323949060046	0.4269319448148091	0.6462272053599418	0.48416730413773484	No-PER3D	No-Essential3D
106	S	106	569.35	-35.967	267.299	-0.11	0.752888888888889	0.6712540774714624	0.2799623213508374	0.5957279257678427	0.3615960494354303	No-PER3D	No-Essential3D
107	A	107	567.88	-38.946	269.164	1.33	0.775641025641026	0.8527527023334353	0.35002323815513336	0.5136272240234205	0.1893448973071122	No-PER3D	No-Essential3D
108	V	108	565.983	-40.057	266.048	-0.47	0.77277888163497	0.4329173163052975	0.5489812014039248	0.41849833045700013	0.14907368999433995	No-PER3D	No-Essential3D
109	L	109	569.029	-39.784	263.776	0.61	0.784259259259259	0.002300053365552735	0.4330686091942355	0.41849833045700013	0.14907368999433995	No-PER3D	No-Essential3D
110	M	110	571.257	-41.766	266.149	0.97	0.806666666666667	0.20656098715404908	0.38807746016158295	0.46912766500466063	0.16941375310848808	No-PER3D	No-Essential3D
111	G	111	568.641	-44.251	267.369	1.33	0.812686567164179	0.1811134589897332	0.4374640029079372	0.4539796977538262	0.14939081028802007	No-PER3D	No-Essential3D
112	F	112	567.526	-45.107	263.829	0.25	0.785758706467662	0.23181656198091863	0.44412945156394706	0.23556382699472864	0.0713400404198841	No-PER3D	No-Essential3D
113	S	113	571.055	-45.034	262.368	0.25	0.777777777777778	0.23755505270705277	0.6386744560317746	0.674532937002666	0.5867694644054934	No-PER3D	No-Essential3D
114	K	114	571.41	-48.811	262.705	-0.83	0.743911439114391	-0.6565775533607602	0.7263291734936442	0.21262432464659883	0.04231059296111624	No-PER3D	No-Essential3D
115	L	115	568.12	-49.664	260.989	-1.19	0.752238805970149	-0.4194628307043076	0.4583685901578735	0.20039860019634412	0.134829462863306	No-PER3D	No-Essential3D
116	G	116	569.067	-47.053	258.388	1.33	0.697185185185185	-0.5423556229671807	0.7416097939302136	0.20039860019634412	0.134829462863306	No-PER3D	No-Essential3D
117	K	117	572.517	-48.674	258.09	-1.56	0.70501872659176	-0.8271000568610377	0.9722872673491021	0.21262432464659883	0.04231059296111624	No-PER3D	No-Essential3D
118	S	118	574.136	-45.245	257.996	0.61	0.648358208955224	-0.47693508181231786	0.813799901606209	0.32140490350424217	0.09746629183623517	No-PER3D	No-Essential3D
119	F	119	577.101	-43.995	259.998	-0.83	0.648428594691418	0.14715417140493925	0.2894132994220343	0.7051217435100757	0.6330941678909987	No-PER3D	No-Essential3D
120	E	120	576.288	-40.598	258.465	-0.47	0.652958152958153	0.3641162865300116	-0.155603336928917	0.8790710586626328	1	No-PER3D	No-Essential3D
121	M	121	573.058	-40.399	260.478	0.97	0.6544797107272	-0.03549928074866425	0.2955878249097145	0.6028873254040112	0.4306395152265651	No-PER3D	No-Essential3D
122	L	122	575.036	-41.199	263.631	1.33	0.680451127819549	0.4040575624427503	0.056604942170758066	0.6584852975488097	0.4611100255361649	No-PER3D	No-Essential3D
123	I	123	577.65	-38.574	262.721	0.61	0.674157303370787	1.2423411960145436	-0.5161710863332577	1.6935127803403422	0.41162140536924835	No-PER3D	No-Essential3D
124	L	124	574.987	-36.015	261.796	-0.11	0.589887640449438	1.060753338790298	-0.40263436012449766	1.0874891673559737	1	No-PER3D	No-Essential3D
125	G	125	573.036	-36.67	264.988	0.61	0.59433962264151	0.639130427053414	-0.06734530016768317	0.7746972700500402	0.6344031845444005	No-PER3D	No-Essential3D
126	R	126	576.256	-36.378	266.988	1.69	0.59046052631579	0.9638586323662937	-0.32643271708051885	1.1473697374952636	0.827682907522412	No-PER3D	No-Essential3D
127	F	127	576.846	-32.967	265.397	-0.83	0.59046052631579	1.1531088337421869	-0.8488672720790444	1.7196494122915367	0.2586728162006144	No-PER3D	No-Essential3D
128	I	128	573.359	-31.643	266.184	0.97	0.591619318181818	1.1102772998514558	-0.5137990551418097	1.1575499016451003	0.8332729754036164	No-PER3D	No-Essential3D
129	I	129	573.222	-32.732	269.816	-0.47	0.579545454545455	1.1974394713190937	-0.3361551854628851	1.0933767898968225	0.8472395998405995	No-PER3D	No-Essential3D
130	G	130	576.62	-31.053	270.057	1.69	0.579545454545455	1.0819778935307944	-0.7367598612562275	1.9203379618470682	0.1517540540642569	No-PER3D	No-Essential3D
131	V	131	574.966	-27.8	268.993	0.25	0.631299734748011	0.7557899996242211	-0.6668911561372786	2.043559013658385	0.12553672822552786	No-PER3D	No-Essential3D
132	Y	132	572.321	-28.307	271.677	-0.83	0.56992337164751	0.9121814556068247	-0.3706761841121105	1.3682690768367194	0.445737984962857	No-PER3D	No-Essential3D
133	C	133	575.076	-28.94	274.227	0.25	0.501228501228501	1.0672129858852317	-0.5999086128212607	2.202414054259527	0.050225040733703055	No-PER3D	No-Essential3D
134	G	134	576.983	-25.817	273.184	1.69	0.550769230769231	0.7706844240035166	-0.5236894803166324	2.281889802486827	0.06444860372442135	No-PER3D	No-Essential3D
135	L	135	573.817	-23.758	273.629	0.97	0.63004563004563	1.1012729432948818	-0.3825406172442185	1.3755167606868541	0.540691111596021	No-PER3D	No-Essential3D
136	T	136	572.909	-25.503	276.892	-0.47	0.693050193050193	1.1329353212519855	-0.5249187032026563	1.8053651851658539	0.1349416304057519	No-PER3D	No-Essential3D
137	T	137	576.195	-24.577	278.578	-0.83	0.63973863973864	1.1005225802485006	-0.7496955534664209	3.791938228249689	0.003071096108587089	PER3D	Essential3D
138	G	138	575.113	-20.929	278.239	0.25	0.581395348837209	0.6850001104215134	-0.5029117439571279	2.3799017651859087	0.05599526326240608	No-PER3D	No-Essential3D
139	F	139	571.39	-21.225	278.926	-0.11	0.636717368234878	0.7822707751420483	-0.41757701292394206	2.503368708469287	0.04807186209374444	PER3D	Essential3D
140	V	140	571.537	-23.165	282.201	-0.11	0.636717368234878	0.6789164216231104	-0.6140049060339837	3.3825968291294637	0.011988471966356702	PER3D	Essential3D
141	P	141	574.192	-21.09	284.031	1.69	0.560311284046693	0.9811265778684365	-0.6091966128097643	4.7197324781279875	0.0015281097808555002	PER3D	Essential3D
142	M	142	572.499	-17.87	282.908	1.69	0.517427236794826	1.4036478120423146	-0.17600692245151775	3.5572836006176005	0.005315762945714294	PER3D	Essential3D
143	Y	143	568.958	-18.964	283.794	1.69	0.515390121689334	1.312212210845014	-0.10838415212047176	5.021610809840175	3.5502003051646853e-4	PER3D	Essential3D
144	V	144	569.843	-20.32	287.242	0.97	0.566929133858268	1.4780598943986587	-0.372359311387277	5.039434675455214	1.6577271147283747e-4	PER3D	Essential3D
145	G	145	571.756	-17.103	287.929	0.61	0.529411764705882	1.8286248562537046	-0.3629838443236438	4.399581916693334	0.002828220809999234	PER3D	Essential3D
146	E	146	568.861	-14.887	286.787	1.69	0.529411764705882	2.1547826604140576	0.5911634459318811	3.8241517269934744	4.8678111322978735e-4	PER3D	No-Essential3D
147	V	147	566.411	-16.72	289.081	-0.47	0.605042016806723	1.6091056032935527	0.452424557211809	1.9960820765266205	0.0735220982546941	No-PER3D	No-Essential3D
148	S	148	568.144	-17.581	292.338	0.61	0.607424071991001	1.505576664717995	0.1098243503912643	2.059997539943302	0.10643732325466898	No-PER3D	No-Essential3D
149	P	149	568.183	-15.333	295.416	1.69	0.609824957651045	1.1884151050812826	0.7268398460766071	1.8264957701620173	0.19733583505664357	No-PER3D	No-Essential3D
150	T	150	571.5	-13.519	295.546	-0.11	0.533596837944664	0.9699594101781756	0.42227944344795026	2.035866857130217	0.21863391437485866	No-PER3D	No-Essential3D
151	A	151	572.699	-15.62	298.497	-1.56	0.569169960474308	0.5534078710304371	-0.22041418744904395	2.0453408439709264	0.2579145091003069	No-PER3D	No-Essential3D
152	L	152	571.901	-19.008	296.927	1.33	0.642448103078024	0.8823098600461264	-0.5639956740583139	2.1541980588154144	0.19425834404078207	No-PER3D	No-Essential3D
153	R	153	573.253	-17.713	293.595	1.69	0.646027201145311	1.844489674948621	-0.7934923111853659	3.2726297725768805	0.052207868204540916	No-PER3D	No-Essential3D
154	G	154	576.615	-19.31	294.383	1.69	0.591503267973856	1.146594871296305	-0.6767731742515031	4.390232204499821	0.021325621905287532	PER3D	Essential3D
155	A	155	575.369	-22.679	295.605	-0.11	0.591503267973856	0.6767632059247991	-0.6412441160722383	2.3210242494209807	0.16894495541610682	No-PER3D	No-Essential3D
156	L	156	572.617	-23.251	293.035	0.25	0.591503267973856	0.9642066268225864	-0.8346342687857708	3.4753139383278873	0.024656059566907758	PER3D	Essential3D
157	G	157	575.034	-22.296	290.253	1.33	0.586900129701686	0.7615460740458031	-0.8246428198164314	5.534776503595886	0.0016397098214294477	PER3D	Essential3D
158	T	158	576.975	-25.426	291.23	-0.11	0.586900129701686	0.39872613517964833	-0.6908739535554682	3.998577929751315	0.017505441420456742	PER3D	Essential3D
159	L	159	574.364	-27.783	289.786	-0.83	0.539654144305307	0.7667327051028837	-0.9441249774745908	4.399581916693334	0.002828220809999234	PER3D	Essential3D
160	H	160	575.642	-27.151	286.247	-1.56	0.537570537570538	0.692364575809054	-1.0064276251454123	5.139671816477461	0.003018020543794576	PER3D	Essential3D
161	Q	161	578.926	-28.882	287.088	-0.83	0.537570537570538	0.28487794883215906	-0.9538295341218243	3.4753139383278873	0.024656059566907758	PER3D	Essential3D
162	L	162	577.138	-31.654	288.987	0.97	0.533451223106396	0.4454962009224006	-0.9397489076331096	2.6318579591683053	0.08313396312397535	No-PER3D	No-Essential3D
163	G	163	574.698	-32.329	286.157	0.25	0.464607464607465	0.37958166384384684	-1.0966584326895932	2.8774028938116403	0.0527716704937085	No-PER3D	No-Essential3D
164	I	164	577.625	-32.608	283.754	-0.11	0.46360153256705	0.4867470472528786	-1.1119412349132518	2.6318579591683053	0.08313396312397535	No-PER3D	No-Essential3D
165	V	165	579.641	-34.977	285.945	-0.47	0.465384615384615	0.46564040670538515	-1.0694730343917513	2.035866857130217	0.21863391437485866	No-PER3D	No-Essential3D
166	V	166	576.617	-37.031	287.025	-0.11	0.345785440613027	0.6382381034306905	-1.1907484842674783	2.035866857130217	0.21863391437485866	No-PER3D	No-Essential3D
167	G	167	575.492	-37.182	283.4	1.69	0.232051282051282	0.7024854042667871	-1.2473660611456716	1.5943338696768037	0.4622306101117074	No-PER3D	No-Essential3D
168	I	168	578.845	-38.686	282.434	0.97	0.254124254124254	1.1585933594233173	-0.934209787607667	2.5530018550269795	0.03637215720100915	PER3D	Essential3D
169	L	169	578.462	-41.313	285.162	0.25	0.233333333333333	1.2984683518838553	-1.1140840272621055	2.1271806750086513	0.09536784381544142	No-PER3D	No-Essential3D
170	I	170	575.002	-42.354	283.943	-0.11	0.234234234234234	1.4404370402591746	-1.1898187227855117	1.8264957701620173	0.19733583505664357	No-PER3D	No-Essential3D
171	A	171	576.219	-42.749	280.356	0.61	0.232439335887612	1.5064689883407185	-0.8654460896158064	1.9203379618470682	0.1517540540642569	No-PER3D	No-Essential3D
172	Q	172	579.082	-44.967	281.524	1.69	0.231552162849873	1.2466476274111657	-0.7617764012169271	2.9322361781043997	0.007058474604218747	PER3D	Essential3D
173	V	173	576.748	-47.158	283.6	0.97	0.251641894227446	1.4715663872119025	-1.1166931117160397	3.1015643917841023	0.015229133041214682	PER3D	Essential3D
174	F	174	574.234	-47.577	280.768	0.25	0.249742710120069	1.2084081115837502	-1.061081441547756	1.9478717684502924	0.16723350994857897	No-PER3D	No-Essential3D
175	G	175	577.225	-48.472	278.576	0.61	0.248803827751196	0.4287332642955223	-0.6111526449503475	1.88005424988428	0.18225897747268852	No-PER3D	No-Essential3D
176	L	176	577.615	-51.908	280.153	1.69	0.248803827751196	0.20913542015038833	-0.8242006440660705	2.129563600261011	0.11280597482933934	No-PER3D	No-Essential3D
177	D	177	577.056	-55.162	278.291	-0.83	0.419475655430712	-0.2579046643981306	-0.8980399721374891	0.6976734908801508	0.759144763752537	No-PER3D	No-Essential3D
178	S	178	574.315	-55.842	280.85	-1.56	0.488721804511278	0.31294152676681514	-1.495537342205622	0.9895128083540042	1	No-PER3D	No-Essential3D
179	I	179	572.197	-52.772	280.033	1.33	0.490566037735849	0.71094123288212	-1.8017667486742233	1.244563917598308	0.9999999999999999	No-PER3D	No-Essential3D
180	M	180	572.575	-51.017	276.667	0.97	0.582664526484751	0.39758765331617335	-0.9296167736923966	1.2467270973247633	0.7560716506903685	No-PER3D	No-Essential3D
181	G	181	576.281	-51.168	275.779	1.33	0.595394736842105	0.35194164610247697	-0.5436586306194933	1.5943338696768037	0.4622306101117074	No-PER3D	No-Essential3D
182	N	182	575.876	-54.198	273.518	-0.83	0.584854994629431	-0.8303282854339132	-0.13741209133891794	0.7640435424380979	0.7780184816817096	No-PER3D	No-Essential3D
183	K	183	575.107	-55.059	269.901	-2.28	0.522904062229905	-1.0504347790390591	0.13995907729855253	0.674532937002666	0.5867694644054934	No-PER3D	No-Essential3D
184	D	184	571.309	-54.944	270.234	-0.83	0.487379162191192	-0.87382552107493	0.08890759675899514	1.873740177299561	0.6590612243820964	No-PER3D	No-Essential3D
185	L	185	570.749	-51.787	272.305	-0.47	0.526850507982584	-0.03672209460202621	-0.3501145778215424	2.5176029115044165	0.4122426126895985	No-PER3D	No-Essential3D
186	W	186	573.466	-49.246	271.493	1.69	0.566479400749064	-0.10058354809385255	0.20748432398160613	1.1358089593441074	0.8217573883721488	No-PER3D	No-Essential3D
187	P	187	570.987	-47.325	269.287	-1.19	0.578891257995736	0.07239052615949909	0.30696138191713696	0.6584852975488097	0.4611100255361649	No-PER3D	No-Essential3D
188	L	188	568.783	-47.053	272.374	-0.11	0.675373134328358	0.31682889145226095	-0.13032814521191285	0.7640435424380979	0.7780184816817096	No-PER3D	No-Essential3D
189	L	189	571.87	-46.018	274.365	1.69	0.673507462686567	0.7125134221221567	-0.2503939920070389	1.1224390364830041	0.8154918905088671	No-PER3D	No-Essential3D
190	L	190	572.365	-42.894	272.242	0.61	0.752083333333333	0.9889794821799245	0.2258411961890633	0.8595370756894087	0.84351851317005	No-PER3D	No-Essential3D
191	S	191	568.625	-42.238	271.869	0.61	0.754879182156134	0.7471015854029653	0.16442578848937392	0.46912766500466063	0.16941375310848808	No-PER3D	No-Essential3D
192	I	192	567.626	-42.42	275.554	-0.83	0.754879182156134	0.8163286277465194	-0.13219108901487608	0.4784606294783372	0.2741874294861315	No-PER3D	No-Essential3D
193	I	193	568.352	-38.672	275.642	-0.47	0.67037037037037	1.1447287510244353	-0.034192399860996724	0.5530696021655405	0.2087809059990999	No-PER3D	No-Essential3D
194	F	194	564.769	-38.171	274.452	-0.11	0.672862453531598	1.0978963095861665	0.606996855507886	0.16344307910562988	0.008245887397979067	No-PER3D	No-Essential3D
195	I	195	563.471	-39.002	277.943	0.97	0.677902621722847	1.196405927783904	0.49105763778232586	0.21262432464659883	0.04231059296111624	No-PER3D	No-Essential3D
196	P	196	565.33	-36.05	279.557	-0.47	0.675373134328358	1.3578971051572448	0.18276785509225704	0.4539796977538262	0.14939081028802007	No-PER3D	No-Essential3D
197	A	197	564.194	-33.843	276.664	1.33	0.707184718906013	0.7676250287256073	0.43690792168317594	0.31587373822611187	0.026834015432093666	No-PER3D	No-Essential3D
198	L	198	560.567	-34.917	277.065	0.25	0.756970260223048	0.8461495075252808	0.699285971458342	0.21300768463249972	0.00836162316693698	No-PER3D	No-Essential3D
199	L	199	560.773	-34.337	280.821	0.97	0.751383763837638	0.7848341271638474	0.38796276709861677	0.4539796977538262	0.14939081028802007	No-PER3D	No-Essential3D
200	Q	200	562.059	-30.814	280.158	1.69	0.799261992619926	0.5055636700520554	0.3935824272818417	0.6276336819411837	0.30574805949550105	No-PER3D	No-Essential3D
201	C	201	559.205	-30.14	277.723	-0.47	0.802973977695167	0.8097180878940844	0.7179079925304773	0.46912766500466063	0.16941375310848808	No-PER3D	No-Essential3D
202	I	202	556.611	-31.137	280.33	0.25	0.797047970479705	1.3083731440960873	0.7581982562475332	0.6063727528594335	0.5563694067536848	No-PER3D	No-Essential3D
203	V	203	558.279	-29.136	283.113	-0.47	0.848389630793401	0.4059365203149893	0.3883798751947718	0.8127552096356426	0.8159102762446745	No-PER3D	No-Essential3D
204	L	204	559.567	-25.894	281.602	1.69	0.81123595505618	0.8952018118144278	0.3949062033742848	0.7531156567830537	0.5398503014404104	No-PER3D	No-Essential3D
205	P	205	556.238	-24.368	280.397	-0.11	0.83780880773362	1.0930515742649662	0.8189598658480093	0.8581529222417266	0.806467180845407	No-PER3D	No-Essential3D
206	F	206	555.292	-24.288	284.078	0.25	0.828465215082316	0.5159897671175622	0.7190707461708279	0.9891313778320631	1	No-PER3D	No-Essential3D
207	C	207	558.564	-22.615	285.092	0.25	0.836176261549396	0.930190168719973	0.5835532783509041	1.051592885436395	1	No-PER3D	No-Essential3D
208	P	208	558.935	-18.824	285.316	1.69	0.774745853397539	0.8055144625520232	0.7618632381146202	1.556656362099793	0.27375362400097375	No-PER3D	No-Essential3D
209	E	209	560.573	-16.546	282.793	0.97	0.766861391396707	0.9121814556068247	0.8422965954273216	1.672736252755882	0.19625547507428773	No-PER3D	No-Essential3D
210	S	210	563.771	-14.874	283.946	1.69	0.784971486078497	0.8430782541261393	0.6901667964745202	2.1543424136230818	0.04624205910610287	PER3D	No-Essential3D
211	P	211	562.726	-11.713	285.863	1.69	0.759093305218766	0.648821476630435	1.2822737603564291	2.1382188171085645	0.028994905497731736	PER3D	No-Essential3D
212	R	212	565.802	-9.931	284.495	1.69	0.817843866171004	0.3750679266996335	1.3839619516888477	2.4683127139459	0.01818899268423445	PER3D	No-Essential3D
213	F	213	564.643	-10.839	280.985	0.97	0.82089552238806	0.35297339529125105	0.944240806505395	2.0046517716930152	0.08168256013112038	No-PER3D	No-Essential3D
214	L	214	561.189	-9.435	281.756	-0.47	0.7806031933767	0.08571707316685778	1.2657410304617531	1.6018858221087824	0.24159717579838355	No-PER3D	No-Essential3D
215	L	215	562.599	-6.348	283.485	0.25	0.830188679245283	-1.5996038650477584e-4	1.906125009704691	2.4396542672650376	0.042819540427907185	PER3D	No-Essential3D
216	I	216	565.484	-5.279	281.22	1.33	0.827067669172932	-0.519733566679985	1.9624287294180998	2.5530018550269795	0.03637215720100915	PER3D	No-Essential3D
217	N	217	565.169	-7.185	277.943	-1.19	0.83780880773362	0.14495310646888776	1.3111206330274836	2.1541980588154144	0.19425834404078207	No-PER3D	No-Essential3D
218	R	218	561.371	-6.74	277.889	-0.83	0.879699248120301	-0.27969520726504	1.2194666015582498	2.2410819437600633	0.10045840172966476	No-PER3D	No-Essential3D
219	N	219	560.602	-3.631	280.012	-1.56	0.817843866171004	-0.9470305825641415	1.609077218349561	2.035866857130217	0.21863391437485866	No-PER3D	No-Essential3D
220	E	220	557.969	-5.687	281.889	-1.19	0.76625386996904	-0.3374731618363908	1.5851082661310119	1.7694480543053248	0.24199596534664722	No-PER3D	No-Essential3D
221	E	221	558.699	-3.999	285.206	0.25	0.735370370370371	-0.923793796486533	1.943624059408867	1.7196494122915367	0.2586728162006144	No-PER3D	No-Essential3D
222	N	222	555.424	-5.092	286.827	-1.19	0.764021164021164	-0.5892592686282773	1.8197261623666294	1.7196494122915367	0.2586728162006144	No-PER3D	No-Essential3D
223	R	223	555.139	-8.476	285.11	-1.19	0.761904761904762	0.16142691546231636	1.6209082984489045	1.7694480543053248	0.24199596534664722	No-PER3D	No-Essential3D
224	A	224	558.579	-9.114	286.635	0.97	0.857142857142857	-0.20744848759935097	1.7639063419424585	1.6936628062225991	0.18623244886173848	No-PER3D	No-Essential3D
225	K	225	557.08	-8.468	290.078	-0.83	0.848545454545455	-0.46314021302907876	2.0165462468740527	1.3714115432505942	0.4354678724478656	No-PER3D	No-Essential3D
226	S	226	554.714	-11.409	289.576	-0.83	0.843115942028986	-0.06245009807676106	1.8082314666199055	1.2630115824449142	0.6684959744867226	No-PER3D	No-Essential3D
227	V	227	557.556	-13.872	288.97	-0.47	0.843818181818182	0.2518619747913872	1.4538649649096302	1.273320009978582	0.5718874343615675	No-PER3D	No-Essential3D
228	L	228	559.674	-12.75	291.92	0.61	0.843115942028986	0.2188460007506153	1.538150033403762	1.460346750407756	0.35660018087391243	No-PER3D	No-Essential3D
229	K	229	556.864	-13.141	294.471	0.25	0.867878787878788	-0.48863915726592483	1.6678580124248739	0.873462455580157	0.8315179540920755	No-PER3D	No-Essential3D
230	K	230	555.797	-16.616	293.331	-0.11	0.887603305785124	-0.07829776561633156	1.2616138750536778	0.8981992912304336	0.8382724607994634	No-PER3D	No-Essential3D
231	L	231	559.477	-17.465	292.773	0.61	0.884387351778656	0.42594620155182067	1.0867740551131624	0.988721150097504	1	No-PER3D	No-Essential3D
232	R	232	561.28	-15.822	295.699	-1.19	0.874877810361681	-0.007263397225579946	1.181192937951533	0.7531156567830537	0.5398503014404104	No-PER3D	No-Essential3D
233	G	233	558.322	-16.969	297.807	1.69	0.878024852844997	-0.4924981672187424	1.3575444649124424	0.7051217435100757	0.6330941678909987	No-PER3D	No-Essential3D
234	T	234	558.189	-13.811	299.928	-0.83	0.881816454493635	-0.8706811425948565	1.7863854632453517	0.6584852975488097	0.4611100255361649	No-PER3D	No-Essential3D
235	A	235	555.35	-11.268	299.79	-0.83	0.921545201115094	-1.3163967921452768	2.3610303241021966	0.674532937002666	0.5867694644054934	No-PER3D	No-Essential3D
236	D	236	557.094	-8.323	298.088	0.25	0.915674603174603	-1.1678249089618036	2.396053066443881	0.7294299235360119	0.6123903418770572	No-PER3D	No-Essential3D
237	V	237	560.545	-7.956	296.586	0.61	0.918956590999602	-0.37544153198327845	2.2996575650588458	1.1358089593441074	0.8217573883721488	No-PER3D	No-Essential3D
238	T	238	561.585	-4.293	296.581	-0.83	0.97644834106928	-1.1834640545600639	2.558399089502288	0.9891313778320631	1	No-PER3D	No-Essential3D
239	H	239	565.015	-5.493	297.734	-1.19	0.95773381294964	-1.1209074721670222	2.4587935099815486	0.9891313778320631	1	No-PER3D	No-Essential3D
240	D	240	565.482	-7.961	294.869	-0.83	0.983549783549783	0.010099842299283434	1.9276699897342684	1.6936628062225991	0.18623244886173848	No-PER3D	No-Essential3D
241	L	241	563.981	-5.674	292.222	0.97	1.0102766798419	-0.4384720278792974	1.9518341033191249	1.8053651851658539	0.1349416304057519	No-PER3D	No-Essential3D
242	Q	242	566.299	-2.76	293.021	-0.83	1.02054467271859	-0.6204548130226908	2.868986403390962	1.9478717684502924	0.16723350994857897	No-PER3D	No-Essential3D
243	E	243	569.299	-5.113	293.101	0.97	1.02054467271859	-0.15918690201622268	2.4316435113931876	2.8774028938116403	0.0527716704937085	No-PER3D	No-Essential3D
244	M	244	568.701	-5.967	289.438	0.61	0.974452554744525	0.13114731970481505	1.9404471754750596	2.1271806750086513	0.09536784381544142	No-PER3D	No-Essential3D
245	K	245	568.358	-2.269	288.584	-0.83	1.01682005712472	-1.156819584281546	2.8694632231821973	2.601710403131845	0.10781211428647985	No-PER3D	No-Essential3D
246	E	246	571.783	-1.64	290.146	-1.19	1.02341137123746	-1.4319527012879785	3.2651944555557804	1.44210777343582	0.5955602862863053	No-PER3D	No-Essential3D
247	E	247	573.507	-4.301	288.035	1.69	1.03096422268571	-0.6940456814767271	2.7812376672146577	2.1541980588154144	0.19425834404078207	No-PER3D	No-Essential3D
248	S	248	571.665	-3.113	284.92	-1.19	1.0479704797048	-0.8723319412968952	2.8539359566327316	1.9217601583675539	0.2866678106987716	No-PER3D	No-Essential3D
249	R	249	573.118	0.339	285.589	-1.19	0.994397759103641	-1.6898899984815088	3.144726484199541	0.9243585009510823	1	No-PER3D	No-Essential3D
250	Q	250	576.601	-0.99	286.372	-1.56	0.994397759103641	-2.342805161589273	2.7475064973136223	0.5063448742710911	0.24197538170243335	No-PER3D	No-Essential3D
251	M	251	576.454	-3.271	283.32	-1.19	1.01509560550151	-1.9492029612600714	2.2350953932491797	0.5920505206567399	0.2855023093477954	No-PER3D	No-Essential3D
252	M	252	575.228	-0.521	280.963	-1.19	1.02054467271859	-2.5525537025541767	2.655627668377156	0.3320441472154217	0.05226307921859313	No-PER3D	No-Essential3D
253	R	253	578.023	1.824	282.122	-0.83	1.00765900765901	-2.9352800526111245	2.6596571321407243	0.2680586283573394	0.037739605980168844	No-PER3D	No-Essential3D
254	E	254	581.066	0.667	280.168	-1.19	1.01682005712472	-1.8533918993378313	1.997009028292224	0.5063448742710911	0.24197538170243335	No-PER3D	No-Essential3D
255	K	255	580.245	-0.151	276.551	-0.83	1.00398142003981	-2.261020493867361	1.9061210289367423	0.3076228349816606	0.033330156989818636	No-PER3D	No-Essential3D
256	K	256	580.356	-3.883	275.903	-1.92	1.00398142003981	-0.981734873459271	1.7990099875279417	0.24709149099225217	0.023054986643238514	No-PER3D	No-Essential3D
257	V	257	583.503	-4.521	273.882	-0.83	1.01136363636364	-1.005190666464668	1.7936572285164387	0.2674448806500943	0.0202423835811775	No-PER3D	No-Essential3D
258	T	258	583.284	-6.893	270.936	-0.11	1.01509560550151	-0.38744734072537734	1.7168319870622335	0.3320441472154217	0.05226307921859313	No-PER3D	No-Essential3D
259	I	259	585.44	-9.909	270.139	-0.11	0.964673913043478	-0.050361172197216884	1.539706234068667	0.3877383850273205	0.09959620748125331	No-PER3D	No-Essential3D
260	L	260	587.177	-7.774	267.512	0.25	0.975432358170357	-0.45506829290514006	2.199803682385478	0.21262432464659883	0.04231059296111624	No-PER3D	No-Essential3D
261	E	261	587.971	-4.923	269.911	-0.47	0.966973101804563	-0.9304243337162533	2.0272708755343425	0.07511136766798794	0.0011626469894264143	No-PER3D	No-Essential3D
262	L	262	589.333	-7.48	272.393	1.69	0.915467916599321	-0.21719255296026846	1.6034318866808748	0.33699315523496376	0.04217671463596002	No-PER3D	No-Essential3D
263	F	263	592.12	-8.625	270.052	0.25	0.915467916599321	-0.11581591793539052	1.9405362897830634	0.11691749520405118	0.025571466801848547	No-PER3D	No-Essential3D
264	R	264	593.015	-5.145	268.795	-0.83	0.924930793030451	-0.7936438698330556	2.5646925373204916	0.1705965956169051	0.0784559000414397	No-PER3D	No-Essential3D
265	S	265	593.427	-3.326	272.119	-1.56	0.916838842975207	-0.8027070783932675	2.3051610649446372	0.14823597160059288	0.04529546713034016	No-PER3D	No-Essential3D
266	P	266	596.91	-3.999	273.585	-0.83	0.922917386795714	-0.5989342793361957	2.0398822926506552	0.1705965956169051	0.0784559000414397	No-PER3D	No-Essential3D
267	A	267	595.264	-3.384	276.972	-0.47	0.904942965779468	-0.20417116664677434	1.4979965507653734	0.1705965956169051	0.0784559000414397	No-PER3D	No-Essential3D
268	Y	268	593.515	-6.769	276.702	-0.83	0.904040404040404	-0.36247097075297524	1.2758094849993864	0.41849833045700013	0.14907368999433995	No-PER3D	No-Essential3D
269	R	269	596.058	-8.909	274.843	1.69	0.835029686174724	-0.007763639256500736	1.4684638727857002	0.29861183014731474	0.19277835172005398	No-PER3D	No-Essential3D
270	Q	270	597.803	-10.149	278.009	-0.11	0.880787295906956	-0.33342120138593245	0.8328192454976125	0.26359144151879005	0.11841096056048693	No-PER3D	No-Essential3D
271	P	271	594.722	-11.214	280.029	0.25	0.815909090909091	0.20074046659922426	0.4877227704774764	0.6584852975488097	0.4611100255361649	No-PER3D	No-Essential3D
272	I	272	593.082	-12.754	276.951	0.97	0.683908045977011	-0.04032939546944396	0.7414131575543143	0.5957279257678427	0.3615960494354303	No-PER3D	No-Essential3D
273	L	273	596.25	-14.775	276.352	-0.11	0.635062611806798	-0.4209808065222741	0.6167559137870439	0.29861183014731474	0.19277835172005398	No-PER3D	No-Essential3D
274	I	274	595.996	-15.986	279.95	-0.47	0.632610632610633	0.184912916319822	-0.23177942721277286	0.6063727528594335	0.5563694067536848	No-PER3D	No-Essential3D
275	A	275	592.38	-16.991	279.307	-0.47	0.742993440667859	0.2880990194702831	0.08223199341212732	1.1358089593441074	0.8217573883721488	No-PER3D	No-Essential3D
276	V	276	592.883	-18.945	276.07	0.97	0.742203742203742	-0.004234904930275751	0.24520509317334302	1.0874891673559737	1	No-PER3D	No-Essential3D
277	V	277	595.839	-20.79	277.609	0.61	0.744282744282744	-0.47533601754253696	-0.4254686947405615	2.0453408439709264	0.2579145091003069	No-PER3D	No-Essential3D
278	L	278	593.915	-21.732	280.76	-0.11	0.738579428234601	-0.555928856739498	-0.370561442520323	2.1541980588154144	0.19425834404078207	No-PER3D	No-Essential3D
279	Q	279	591.296	-23.15	278.383	-1.19	0.733705226071638	0.23011974798404963	-0.023298033100095726	2.4501420591756613	0.06467257182989482	No-PER3D	No-Essential3D
280	L	280	593.9	-25.043	276.353	-0.47	0.679389312977099	0.12515202036464113	-0.41536316131747225	3.6322542798206037	0.030515632353850155	PER3D	Essential3D
281	S	281	595.336	-26.238	279.673	0.25	0.67680608365019	-0.25300729491541607	-0.6743632404073426	3.777540839092153	0.014566361519242253	PER3D	No-Essential3D
282	Q	282	591.95	-27.833	280.406	0.25	0.681297709923664	0.21150911763044383	-0.4510810082565052	6.376162034667633	0.0017040010560310217	PER3D	Essential3D
283	Q	283	591.414	-29.721	277.139	0.61	0.509030418250951	0.5498110088178652	-0.4494719665556708	3.998577929751315	0.017505441420456742	PER3D	Essential3D
284	L	284	594.975	-30.501	276.018	0.61	0.603901611535199	0.5339984802307104	-0.854667334348417	5.139671816477461	0.003018020543794576	PER3D	Essential3D
285	S	285	595.787	-31.867	279.477	0.25	0.674904942965779	0.08419261642746731	-0.9356442820505482	2.210120113107466	0.08466422666921192	No-PER3D	No-Essential3D
286	G	286	593.841	-34.874	278.227	1.69	0.674904942965779	0.6348472736643409	-0.9905080589097203	2.880262744630996	0.02513901066067556	PER3D	Essential3D
287	I	287	590.837	-35.675	280.404	-0.11	0.622989178122258	0.8197367282926633	-0.5120096486735783	4.177779004020079	0.0021987748685248576	PER3D	Essential3D
288	N	288	588.59	-36.157	277.388	0.61	0.671102661596958	1.5064689883407185	-0.5543339316488837	8.07725875398201	1.5334593513944218e-005	PER3D	Essential3D
289	A	289	591.216	-38.72	276.437	0.61	0.674904942965779	1.0006923647374046	-0.6785977783898275	5.314484296720606	1.8891846593715466e-4	PER3D	Essential3D
290	V	290	589.771	-40.771	279.293	0.97	0.726820707809301	1.2588491830349295	-0.43506596952047094	2.764728285289158	0.011532327540596698	PER3D	Essential3D
291	F	291	586.181	-39.537	279.195	-0.11	0.62474407721556	1.6034955242972726	-0.5173972315289246	3.6672221135120653	0.001151375414851102	PER3D	Essential3D
292	Y	292	586.006	-40.497	275.501	-0.11	0.67680608365019	1.6349441916732872	-0.45720079767235366	3.6672221135120653	0.001151375414851102	PER3D	Essential3D
293	Y	293	588.388	-43.488	275.338	1.69	0.731650029359953	0.8823098600461264	-0.1077613313486904	2.271738997075301	0.037060785137320994	PER3D	Essential3D
294	S	294	588.71	-44.707	278.955	0.25	0.731650029359953	1.1609017933806394	-0.033587951454089916	2.0820415290195182	0.061172695908747896	No-PER3D	No-Essential3D
295	T	295	587.112	-48.068	278.161	0.25	0.731650029359953	0.9532501062429068	-0.009232611174787993	1.5841465884210835	0.252199641251432	No-PER3D	No-Essential3D
296	S	296	589.44	-48.458	275.173	-0.11	0.731650029359953	0.09878791332962664	0.47256486284958354	1.3755167606868541	0.540691111596021	No-PER3D	No-Essential3D
297	I	297	592.564	-47.455	277.127	0.97	0.726107226107226	0.10824248771402953	-0.3185593032318728	0.8056873252209428	0.6974168996842643	No-PER3D	No-Essential3D
298	F	298	591.905	-49.838	280.022	0.97	0.674242424242424	0.3163217336328941	-0.16439951868532202	0.7574934708371487	0.5655685713985367	No-PER3D	No-Essential3D
299	E	299	591.431	-52.683	277.543	-1.56	0.671698113207547	-0.08196620717641735	0.22292374350484592	0.9474738245190271	1	No-PER3D	No-Essential3D
300	K	300	594.742	-51.925	275.812	-0.83	0.626315789473684	-1.057348380440759	-0.24844448733845545	0.4784606294783372	0.2741874294861315	No-PER3D	No-Essential3D
301	A	301	596.418	-52.002	279.225	1.69	0.623970037453184	-0.6476002369139656	-0.2514001145368816	0.3076228349816606	0.033330156989818636	No-PER3D	No-Essential3D
302	G	302	594.918	-55.389	280.087	1.69	0.623970037453184	-0.7909874121516142	-0.0895264308126822	0.1935024737522516	0.024774155774238055	No-PER3D	No-Essential3D
303	V	303	592.016	-54.774	282.464	0.97	0.633348076072534	-0.3212010032020104	-0.15954198681517362	0.5492737643624394	0.33837364208188053	No-PER3D	No-Essential3D
304	Q	304	589.258	-57.307	282.986	-1.19	0.678030303030303	-0.25123858202037475	-0.12275040205719627	0.4784606294783372	0.2741874294861315	No-PER3D	No-Essential3D
305	Q	305	585.881	-55.582	282.942	-1.56	0.678030303030303	-0.20904102281778822	-0.352883292642059	0.6584852975488097	0.4611100255361649	No-PER3D	No-Essential3D
306	P	306	587.358	-52.34	281.539	-1.19	0.628070175438596	0.6655327083610583	-0.35540708803168314	1.6231520452012544	0.3071163329073971	No-PER3D	No-Essential3D
307	V	307	583.972	-50.604	281.266	-0.83	0.633348076072534	0.42794716967550384	-0.3598525908266141	2.202414054259527	0.050225040733703055	No-PER3D	No-Essential3D
308	Y	308	583.692	-50.914	285.048	1.69	0.639920556107249	0.31459232546885374	-0.8157374958280557	2.880262744630996	0.02513901066067556	PER3D	Essential3D
309	A	309	587.005	-49.072	285.345	0.61	0.64055023923445	1.0990035526180217	-0.6166768129958223	1.6231520452012544	0.3071163329073971	No-PER3D	No-Essential3D
310	T	310	585.451	-46.369	283.166	-0.11	0.582333696837514	0.9992874296718398	-0.6476993800495071	2.3476726690899214	0.03298424187525287	PER3D	Essential3D
311	I	311	582.491	-46.316	285.551	0.25	0.679389312977099	0.9738691965777406	-1.0960923651122882	2.281889802486827	0.06444860372442135	No-PER3D	No-Essential3D
312	G	312	585.248	-46.043	288.146	0.61	0.684615384615385	0.6410502748477586	-0.9403380802973693	1.5943338696768037	0.4622306101117074	No-PER3D	No-Essential3D
313	S	313	586.714	-42.874	286.658	-0.11	0.691119691119691	0.679634160189214	-0.7537910512187671	2.3799017651859087	0.05599526326240608	No-PER3D	No-Essential3D
314	G	314	583.164	-41.529	286.455	1.69	0.697674418604651	0.8489593776564104	-0.8223090887030529	2.3476726690899214	0.03298424187525287	PER3D	Essential3D
315	I	315	582.513	-42.151	290.152	-0.47	0.697674418604651	0.8546697588906415	-1.3985172719509007	1.6935127803403422	0.41162140536924835	No-PER3D	No-Essential3D
316	V	316	585.871	-40.615	291.092	0.61	0.630350194552529	0.10814538190802724	-0.94159603475074	1.5943338696768037	0.4622306101117074	No-PER3D	No-Essential3D
317	N	317	585.013	-37.588	288.947	0.25	0.622568093385214	0.22646507168310115	-0.969543474442824	2.4501420591756613	0.06467257182989482	No-PER3D	No-Essential3D
318	T	318	581.697	-37.038	290.74	-0.11	0.661764705882353	0.13780679174144803	-1.0666702023488335	2.390833457573868	0.12846651670331377	No-PER3D	No-Essential3D
319	A	319	583.298	-37.464	294.17	0.25	0.617647058823529	-0.34242555794250656	-0.7122491654933825	1.44210777343582	0.5955602862863053	No-PER3D	No-Essential3D
320	F	320	586.106	-34.978	293.487	-0.47	0.585224641037517	0.13780679174144803	-0.6015074685449423	1.6364530962425576	0.43815952408170866	No-PER3D	No-Essential3D
321	T	321	583.642	-32.462	292.024	0.25	0.635924462011419	-0.29540280703595273	-0.7180646866809397	1.6364530962425576	0.43815952408170866	No-PER3D	No-Essential3D
322	V	322	581.631	-32.387	295.259	-0.11	0.715415019762846	-0.642109014620282	-0.6126238550313529	1.2511703275927646	0.7848724927054817	No-PER3D	No-Essential3D
323	V	323	585.004	-31.999	296.997	-0.47	0.677761597670064	-0.14720066796229025	-0.35273998513136506	1.0635037853599274	1	No-PER3D	No-Essential3D
324	S	324	586.31	-29.226	294.73	0.61	0.70703125	-0.4774909062911188	-0.2513887229028872	1.6804180892848815	0.27514035221847305	No-PER3D	No-Essential3D
325	L	325	583.404	-26.999	295.789	0.25	0.711764705882353	-0.052112682756409054	-0.46194443176472605	1.9217601583675539	0.2866678106987716	No-PER3D	No-Essential3D
326	F	326	584.518	-27.041	299.438	-0.11	0.651395848246242	-0.7984586993806682	-0.0690389236364518	1.2467270973247633	0.7560716506903685	No-PER3D	No-Essential3D
327	V	327	588.133	-26.28	298.419	0.25	0.680818414322251	-1.3847870240868756	-0.006693022718878073	1.9217601583675539	0.2866678106987716	No-PER3D	No-Essential3D
328	V	328	588.084	-23.584	295.717	0.97	0.652450980392157	-1.1621324996444289	-0.08923456606223645	1.9478717684502924	0.16723350994857897	No-PER3D	No-Essential3D
329	E	329	586.554	-21.185	298.239	0.97	0.681895380434783	-0.8115999258903175	-0.04392778876066486	2.601710403131845	0.10781211428647985	No-PER3D	No-Essential3D
330	R	330	588.944	-22.035	301.106	-1.19	0.684375	-2.2497329813747893	0.49099090252750294	1.774444232794422	0.38225416939983964	No-PER3D	No-Essential3D
331	A	331	592.201	-21.713	299.138	-1.92	0.704633204633205	-1.9486526950260585	0.24014440572619547	1.8343168011953084	0.31344813010257044	No-PER3D	No-Essential3D
332	G	332	593.957	-19.748	296.418	-1.19	0.707364341085271	-1.898892905578895	0.09196033636104585	2.0453408439709264	0.2579145091003069	No-PER3D	No-Essential3D
333	R	333	593.384	-20.1	292.691	-1.19	0.732818532818533	-0.9497193834803409	-0.2852969840929912	2.4501420591756613	0.06467257182989482	No-PER3D	No-Essential3D
334	R	334	597.015	-19.939	291.54	-1.19	0.789189189189189	-1.2745765583602993	-0.3545128294403095	2.3210242494209807	0.16894495541610682	No-PER3D	No-Essential3D
335	T	335	597.986	-22.816	293.838	-2.28	0.792248062015504	-1.5652864426064803	-0.07248578424252616	1.8343168011953084	0.31344813010257044	No-PER3D	No-Essential3D
336	L	336	595.111	-25.148	292.947	-1.56	0.81936545944328	-1.128806030549982	-0.1630864497716605	2.4501420591756613	0.06467257182989482	No-PER3D	No-Essential3D
337	H	337	595.724	-24.916	289.198	-1.92	0.822566105769231	-0.9550552984768291	-0.47598738097064575	3.3825968291294637	0.011988471966356702	PER3D	No-Essential3D
338	L	338	599.363	-25.911	289.747	-1.92	0.801493192797541	-1.197271588511681	-0.5462781889634034	1.8343168011953084	0.31344813010257044	No-PER3D	No-Essential3D
339	I	339	598.511	-28.628	292.285	-1.92	0.767716535433071	-1.5825880828490002	-0.39995261325620085	1.5943338696768037	0.4622306101117074	No-PER3D	No-Essential3D
340	G	340	596.163	-30.117	289.7	1.69	0.73630831643002	-1.0272953784292873	-0.4062343456695481	2.6631627669416087	0.0407310980466352	PER3D	No-Essential3D
341	L	341	598.472	-29.539	286.736	0.25	0.80026455026455	-0.6799970476246843	-0.8023863703153132	1.88005424988428	0.18225897747268852	No-PER3D	No-Essential3D
342	A	342	601.24	-31.336	288.651	0.61	0.693562610229277	-1.1642556144709093	-0.8291889315108676	0.9891313778320631	1	No-PER3D	No-Essential3D
343	G	343	599.24	-34.281	289.976	0.25	0.687015078319426	-0.8046491945133128	-0.6421882961695511	1.1066415008795536	1	No-PER3D	No-Essential3D
344	M	344	598.004	-34.851	286.429	0.25	0.67896412037037	-0.33022400231874305	-0.8982655944423434	1.1473697374952636	0.827682907522412	No-PER3D	No-Essential3D
345	A	345	601.548	-34.833	285.036	-0.11	0.704280155642023	-0.08957151284976586	-1.014477774310225	1.6364530962425576	0.43815952408170866	No-PER3D	No-Essential3D
346	G	346	602.455	-37.315	287.763	-0.83	0.64400715563506306	-0.5384579038095896	-0.8546958599688148	0.4784606294783372	0.2741874294861315	No-PER3D	No-Essential3D
347	C	347	599.545	-39.637	287.008	-0.11	0.679738562091503	0.09302836994659276	-0.7950939865873996	0.5492737643624394	0.33837364208188053	No-PER3D	No-Essential3D
348	A	348	600.382	-39.362	283.307	-0.47	0.674448767833982	0.1288024351848738	-1.149132939096682	0.43657689215745793	0.1163671968044902	No-PER3D	No-Essential3D
349	I	349	603.847	-40.548	284.343	-0.47	0.697674418604651	-0.36643717542670434	-1.2915588783399665	0.24709149099225217	0.023054986643238514	No-PER3D	No-Essential3D
350	L	350	602.257	-43.256	286.495	-0.47	0.702334630350195	-0.3506795514526995	-0.8341598329524487	0.15141547632020713	0.004702832536036178	No-PER3D	No-Essential3D
351	M	351	600.263	-44.327	283.429	-0.47	0.724724724724725	-0.04782148188638827	-0.9128538931404576	0.12334207450516206	8.436817814048452e-4	No-PER3D	No-Essential3D
352	T	352	603.284	-44.611	281.132	0.25	0.67037037037037	-0.3304197492004077	-1.0390122512199744	0.07511136766798794	0.0011626469894264143	No-PER3D	No-Essential3D
353	I	353	605.073	-46.887	283.613	-0.47	0.633269720101781	-0.8706811425948565	-0.5921962337506825	0.08796253679198353	0.004072052748587297	No-PER3D	No-Essential3D
354	A	354	602.088	-49.21	284.035	-0.47	0.635273471775373	-0.15753610331418408	-0.43138628943086293	0.11595216652518159	4.7145582592640335e-4	No-PER3D	No-Essential3D
355	L	355	601.753	-49.234	280.234	-0.47	0.655249234196603	-0.3229545988928206	-0.6236334995980479	0.1093004500896978	2.62364513705274e-4	No-PER3D	No-Essential3D
356	A	356	605.361	-50.26	279.561	-0.83	0.655249234196603	-0.8706811425948565	-0.5893276791103121	0.07511136766798794	0.0011626469894264143	No-PER3D	No-Essential3D
357	L	357	605.95	-52.707	282.425	-0.83	0.70501872659176	-0.6639724355569805	-0.299841919949509	0	0.0013510707820365963	No-PER3D	No-Essential3D
358	L	358	602.622	-54.444	281.649	-0.47	0.677902621722847	-0.5735373762279097	-0.21463204814237657	0.08796253679198353	0.004072052748587297	No-PER3D	No-Essential3D
359	E	359	604.056	-56.522	278.797	-0.11	0.702117342815581	-1.3600944048462986	-0.15679530258413554	0	0.0013510707820365963	No-PER3D	No-Essential3D
360	Q	360	606.334	-57.92	281.538	-0.83	0.70017779214482	-1.266872831084119	-0.0025440473779362407	0	0.009403323777412698	No-PER3D	No-Essential3D
361	L	361	604.356	-57.456	284.774	-0.47	0.671003717472119	-0.800764962273222	-0.11801490925929574	0	0.009403323777412698	No-PER3D	No-Essential3D
362	P	362	600.677	-58.772	284.281	0.25	0.70017779214482	-0.6830113954157322	-0.15816270059959722	0.14823597160059288	0.04529546713034016	No-PER3D	No-Essential3D
363	W	363	599.155	-56.691	287.07	-1.19	0.671003717472119	-0.5465243065581873	-0.2954353590267282	0.09605263436698837	0.0075676562309498485	No-PER3D	No-Essential3D
364	M	364	600.262	-53.119	286.322	-0.11	0.641829642799418	-0.3424255579425065	-0.26735574448539184	0.07511136766798794	0.0011626469894264143	No-PER3D	No-Essential3D
365	S	365	596.811	-52.822	284.736	-0.83	0.581632653061225	-0.6628747177499983	-0.24496807184178127	0.06988896704169374	6.182380494389773e-4	No-PER3D	No-Essential3D
366	Y	366	595.831	-52.251	288.367	0.97	0.579454253611557	-0.4631046354708452	-0.3727312425707493	0.08107869005118544	0.002180046758943942	No-PER3D	No-Essential3D
367	L	367	598.285	-49.346	288.525	0.97	0.540823970037453	-0.09067875588162103	-0.4132483078895316	0.07511136766798794	0.0011626469894264143	No-PER3D	No-Essential3D
368	S	368	596.825	-47.923	285.307	0.25	0.539325842696629	-0.23371442390581867	-0.41719436261409976	0.4594637616333254	0.07421348669190135	No-PER3D	No-Essential3D
369	I	369	593.446	-47.822	287.069	0.97	0.520446096654275	0.03332767042627805	-0.34212557861929804	0.5920505206567399	0.2855023093477954	No-PER3D	No-Essential3D
370	V	370	594.943	-45.865	289.971	0.25	0.472337633938334	-0.15753610331418408	-0.567322228950667	0.6028873254040112	0.4306395152265651	No-PER3D	No-Essential3D
371	A	371	596.817	-43.701	287.465	0.97	0.50185873605948	0.22405904928336873	-0.4389188230632051	0.5063448742710911	0.24197538170243335	No-PER3D	No-Essential3D
372	I	372	593.643	-42.48	285.761	0.97	0.477664750110571	0.5362036287751777	-0.33470019288978653	1.3808105538489475	0.5273467604863146	No-PER3D	No-Essential3D
373	F	373	591.565	-42.464	288.958	0.61	0.537827715355805	0.2866156316764102	-0.48867117500395896	1.5943338696768037	0.4622306101117074	No-PER3D	No-Essential3D
374	G	374	594.046	-39.902	290.267	-0.47	0.53984962406015	0.12515202036464113	-0.4194452647804823	0.8581529222417266	0.806467180845407	No-PER3D	No-Essential3D
375	F	375	594.546	-38.326	286.84	0.25	0.47278314310799	0.34196807061099366	-0.6095519795954258	1.7832784557346486	0.21236839812775424	No-PER3D	No-Essential3D
376	V	376	590.892	-37.258	286.809	0.97	0.515170151701517	0.5027833775012535	-0.42720347734810227	2.8917772506171464	0.018975062534120794	PER3D	Essential3D
377	A	377	590.783	-36.659	290.574	-0.47	0.584967320261438	0.3812489000863039	-0.43843335013878576	1.7196494122915367	0.2586728162006144	No-PER3D	No-Essential3D
378	F	378	593.504	-34.019	290.187	-0.47	0.539969834087481	-0.25123858202037475	-0.3567918675621795	1.9203379618470682	0.1517540540642569	No-PER3D	No-Essential3D
379	F	379	591.868	-32.501	287.102	0.25	0.537999141262344	-0.0208786803280327	-0.3359504440568686	2.4396542672650376	0.042819540427907185	PER3D	No-Essential3D
380	E	380	588.629	-31.884	289.003	-0.83	0.493131868131868	-0.024057236835063465	-0.3477580754722901	3.0917362185902797	0.011626789215179237	PER3D	No-Essential3D
381	V	381	590.426	-29.646	291.53	-0.47	0.544982698961938	-0.7941441118639763	-0.09577038849658907	1.9203379618470682	0.1517540540642569	No-PER3D	No-Essential3D
382	G	382	592.752	-27.85	289.104	1.69	0.542986425339367	-1.0233800225334266	-0.2661312869185421	2.6956928120884234	0.03046947807101772	PER3D	No-Essential3D
383	P	383	592.464	-27.481	285.313	1.69	0.586080586080586	-0.6465939996372773	-0.291223477717867	3.791938228249689	0.003071096108587089	PER3D	No-Essential3D
384	G	384	588.71	-28.13	285.558	0.61	0.589336589336589	-0.41446041039509973	-0.2903129385879722	5.718952739942125	2.2147943518173238e-4	PER3D	No-Essential3D
385	P	385	586.984	-25.226	287.299	0.25	0.595884773662552	-0.3915033571923026	-0.39449259313710744	2.880262744630996	0.02513901066067556	PER3D	No-Essential3D
386	I	386	589.803	-22.693	287.64	0.97	0.502777777777778	-1.0459802428589549	-0.10569718301915608	2.880262744630996	0.02513901066067556	PER3D	No-Essential3D
387	P	387	589.96	-21.655	283.947	0.61	0.505555555555556	-0.45913318710988626	-0.11152641726044898	2.4501420591756613	0.06467257182989482	No-PER3D	No-Essential3D
388	W	388	586.463	-20.233	284.549	-0.47	0.503690036900369	0.4969805699425724	-0.10417042243833634	3.1015643917841023	0.015229133041214682	PER3D	Essential3D
389	F	389	587.207	-18.765	287.989	0.25	0.56554670809866	-0.1762072058751723	-0.250563598275318	2.2410819437600633	0.10045840172966476	No-PER3D	No-Essential3D
390	I	390	589.892	-16.621	286.288	0.61	0.539259259259259	0.1284864928495555	-0.24146914454634877	1.88005424988428	0.18225897747268852	No-PER3D	No-Essential3D
391	V	391	588.356	-15.411	283.009	-1.19	0.573529411764706	0.34752364316593143	-0.0297232850438824	1.2557765309683455	0.8067805943177222	No-PER3D	No-Essential3D
392	A	392	585.432	-13.815	284.848	0.25	0.596703296703297	0.6260430139201351	-0.3393902887765997	0.9601008087846455	1	No-PER3D	No-Essential3D
393	E	393	587.916	-12.343	287.343	1.69	0.532352941176471	0.8626574945456669	-0.5148227018092825	1.44210777343582	0.5955602862863053	No-PER3D	No-Essential3D
394	L	394	590.279	-11.038	284.628	0.61	0.575692963752665	0.352910865037386	-0.07204309096210264	0.6584852975488097	0.4611100255361649	No-PER3D	No-Essential3D
395	F	395	587.706	-8.733	283.003	1.69	0.571428571428571	0.11869754616027399	0.46771884924640295	0.40777063621203563	0.07856841349303108	No-PER3D	No-Essential3D
396	S	396	585.043	-6.191	283.897	-1.19	0.571428571428571	-0.8733224205181184	0.9768106152224937	0.25067271752996895	0.012278056285650282	No-PER3D	No-Essential3D
397	Q	397	581.412	-6.252	282.754	1.69	0.569319978914075	-0.964649684095515	1.3883413383017364	0.4497306754203521	0.0922705526170209	No-PER3D	No-Essential3D
398	G	398	582.397	-4.65	279.446	-0.11	0.569319978914075	-0.92086542313683	1.5359432010960243	0.21300768463249972	0.00836162316693698	No-PER3D	No-Essential3D
399	P	399	584.862	-7.212	278.091	-0.47	0.573552841210834	-0.1523335861926079	1.3021647539250882	0.338750863442088	0.022177857741841944	No-PER3D	No-Essential3D
400	R	400	583.787	-10.261	280.112	1.69	0.6	-0.05456753427452673	0.8814618038683513	0.38221309219001354	0.05223465168378661	No-PER3D	No-Essential3D
401	P	401	581.199	-11.252	277.428	-0.47	0.666666666666667	0.04844097344340566	0.7069170898134729	0.2674448806500943	0.0202423835811775	No-PER3D	No-Essential3D
402	A	402	583.619	-11.254	274.485	0.61	0.696594427244582	-0.09171050507039512	0.9630229704329379	0.31587373822611187	0.026834015432093666	No-PER3D	No-Essential3D
403	A	403	586.184	-12.97	276.72	1.69	0.730565730565731	0.16849664033843825	0.74439273388235	0.4497306754203521	0.0922705526170209	No-PER3D	No-Essential3D
404	I	404	583.762	-15.798	277.555	0.25	0.757085020242915	0.25694135541304447	0.1802028872984745	0.9222738427792292	0.9999999999999999	No-PER3D	No-Essential3D
405	A	405	582.938	-16.333	273.877	0.25	0.757085020242915	0.2874176391429876	0.25036305278257165	1.5008343449658805	0.40674836873699877	No-PER3D	No-Essential3D
406	V	406	586.635	-16.495	272.954	0.97	0.84070416487763	0.2130196523904791	0.7143773628389138	0.9891313778320631	1	No-PER3D	No-Essential3D
407	A	407	587.516	-18.752	275.887	-0.47	0.809762773722628	0.34837020660287416	0.22013707643692376	1.1358089593441074	0.8217573883721488	No-PER3D	No-Essential3D
408	G	408	584.602	-20.922	274.794	1.33	0.78021978021978	0.29025264228065684	-0.1821498390281385	2.3799017651859087	0.05599526326240608	No-PER3D	No-Essential3D
409	F	409	585.869	-21.139	271.225	-0.47	0.782417582417582	0.5700159064570071	-0.17595352705514328	2.035866857130217	0.21863391437485866	No-PER3D	No-Essential3D
410	S	410	589.258	-22.097	272.673	-0.47	0.738929889298893	0.3518532104577249	-0.12636097007872427	1.8343168011953084	0.31344813010257044	No-PER3D	No-Essential3D
411	N	411	587.698	-24.801	274.853	-0.83	0.741666666666667	0.5427594757992692	-0.23404714245091657	2.6631627669416087	0.0407310980466352	PER3D	Essential3D
412	W	412	585.71	-26.403	272.032	1.69	0.699259259259259	0.7636095724233513	-0.6744258773381093	3.6425068040048174	0.006922637638448304	PER3D	Essential3D
413	T	413	588.684	-26.238	269.655	-0.11	0.655555555555556	0.5778947184440094	-0.6846819484609867	2.390833457573868	0.12846651670331377	No-PER3D	No-Essential3D
414	S	414	591.198	-27.897	271.983	-0.11	0.611316113161132	0.7254053738904581	-0.37534283642105504	3.777540839092153	0.014566361519242253	PER3D	Essential3D
415	N	415	588.413	-30.346	272.844	-0.11	0.571001838235294	0.8496248732137833	-0.685592691154191	3.3825968291294637	0.011988471966356702	PER3D	Essential3D
416	F	416	588.085	-31.156	269.132	0.61	0.523985239852399	1.0649982497383974	-1.1077447905210687	3.777540839092153	0.014566361519242253	PER3D	Essential3D
417	I	417	591.861	-31.644	268.889	-0.47	0.491236162361624	0.8930108900347636	-1.0891010334386162	6.623100873815302	0.007017428595590731	PER3D	Essential3D
418	V	418	592.023	-34.34	271.578	0.97	0.542919389978214	0.7140856113621934	-1.0241897148484944	3.998577929751315	0.017505441420456742	PER3D	Essential3D
419	G	419	588.844	-36.158	270.569	1.33	0.542919389978214	1.1194910600488805	-0.9329797855791364	4.085577691502536	0.00848724964439972	PER3D	Essential3D
420	M	420	589.867	-36.253	266.905	0.61	0.527407407407408	0.9662075949462695	-1.3968246598398826	2.544639369905837	0.3064617832689006	No-PER3D	No-Essential3D
421	C	421	593.625	-36.883	267.24	0.25	0.567180031864047	0.7002402028934827	-1.2977590574734612	1.8971077236522327	0.34971996573497116	No-PER3D	No-Essential3D
422	F	422	594.11	-39.04	270.352	1.69	0.509007720903632	0.6764627572227091	-1.2566277438628908	2.6318579591683053	0.08313396312397535	No-PER3D	No-Essential3D
423	Q	423	593.618	-42.362	268.557	0.25	0.510907003444317	0.24808872061529902	-1.1936341252765217	1.44210777343582	0.5955602862863053	No-PER3D	No-Essential3D
424	Y	424	595.827	-41.22	265.666	-0.47	0.549382716049383	-0.3246477257667063	-1.560964758567119	1.2489288862895107	0.7715207245083354	No-PER3D	No-Essential3D
425	V	425	598.52	-40.226	268.181	0.25	0.525461254612546	-0.016227734419680395	-1.9167205811992882	1.0635037853599274	1	No-PER3D	No-Essential3D
426	E	426	597.97	-43.553	269.97	-0.83	0.523529411764706	-0.03672209460202621	-1.4931320206383312	0.6976734908801508	0.759144763752537	No-PER3D	No-Essential3D
427	Q	427	598.893	-45.745	266.989	-1.92	0.51970802919708	-1.5346690649703798	-1.5845176853566658	0.343616092266013	0.1945174152302883	No-PER3D	No-Essential3D
428	L	428	602.299	-43.979	266.928	-0.83	0.472461844724619	-0.5334465506069724	-1.9296993059914895	0.8224428693585636	1	No-PER3D	No-Essential3D
429	C	429	603.396	-43.491	270.548	0.61	0.430656934306569	-0.6221924958669419	-1.858366883248706	0.6131631999196029	0.6946031044658161	No-PER3D	No-Essential3D
430	G	430	602.359	-46.943	271.755	-0.47	0.430656934306569	-0.24966639278033795	-1.5233985058114223	0.343616092266013	0.1945174152302883	No-PER3D	No-Essential3D
431	P	431	602.519	-46.81	275.568	-0.11	0.427878787878788	-0.8308342773732352	-0.9219232748946609	0.08107869005118544	0.002180046758943942	No-PER3D	No-Essential3D
432	Y	432	604.064	-43.312	275.432	0.97	0.397858551704706	-1.0548086901299303	-1.478453248309403	0.21262432464659883	0.04231059296111624	No-PER3D	No-Essential3D
433	V	433	600.98	-41.228	274.575	-0.47	0.326286764705882	-0.277425359049737	-1.4489065614093186	0.7640435424380979	0.7780184816817096	No-PER3D	No-Essential3D
434	F	434	600.589	-39.826	278.089	0.61	0.398985629754861	0.020750156505984066	-1.1941773498856507	0.5993396116062215	0.339692755772846	No-PER3D	No-Essential3D
435	I	435	604.109	-38.407	277.75	0.61	0.323636363636364	-0.46082767174389533	-1.4837552905126845	0.5353196822964719	0.3956405830918406	No-PER3D	No-Essential3D
436	I	436	602.582	-35.885	275.346	0.97	0.323905109489051	0.07198184036235424	-1.7519058617030063	0.6063727528594335	0.5563694067536848	No-PER3D	No-Essential3D
437	F	437	600.058	-34.989	278.033	-0.47	0.326286764705882	0.11979807862829969	-1.1589563447495803	1.2557765309683455	0.8067805943177222	No-PER3D	No-Essential3D
438	T	438	602.868	-34.964	280.603	-0.11	0.303418803418803	-0.25722304428890175	-1.2960826972171577	0.7640435424380979	0.7780184816817096	No-PER3D	No-Essential3D
439	V	439	604.813	-32.61	278.321	-0.11	0.281746031746032	-0.1392503330762181	-1.6097033375314795	0.8790710586626328	1	No-PER3D	No-Essential3D
440	L	440	601.867	-30.223	277.991	0.25	0.279674369747899	-0.009988853807838068	-1.3922341944244985	1.774444232794422	0.38225416939983964	No-PER3D	No-Essential3D
441	L	441	600.978	-30.614	281.673	0.25	0.302299176837922	-0.3201589707987302	-0.9141714533128471	1.9478717684502924	0.16723350994857897	No-PER3D	No-Essential3D
442	V	442	604.47	-29.209	282.323	-0.11	0.374275171323142	-0.8343635711500075	-1.1113502977023457	0.5353196822964719	0.3956405830918406	No-PER3D	No-Essential3D
443	L	443	604.326	-26.364	279.787	-0.47	0.41087962962963	-0.5976644341807815	-1.3892269291103045	0.8224428693585636	1	No-PER3D	No-Essential3D
444	F	444	601.003	-25.312	281.308	-0.47	0.441140024783147	-0.5926518875146723	-0.9011163163689979	1.9217601583675539	0.2866678106987716	No-PER3D	No-Essential3D
445	F	445	602.608	-25.62	284.745	-0.83	0.44361833952912	-1.1140560369525465	-0.7908711401122794	1.6364530962425576	0.43815952408170866	No-PER3D	No-Essential3D
446	I	446	605.479	-23.364	283.651	0.25	0.4753053637812	-1.291634811614698	-1.3575728184532185	0.6131631999196029	0.6946031044658161	No-PER3D	No-Essential3D
447	F	447	603.078	-20.864	282.077	0.25	0.511396011396012	-1.194491657225504	-0.8267792391227682	0.6131631999196029	0.6946031044658161	No-PER3D	No-Essential3D
448	T	448	600.797	-20.406	285.086	-0.47	0.516647531572905	-1.0742796491796165	-0.5431630243294363	1.8343168011953084	0.31344813010257044	No-PER3D	No-Essential3D
449	Y	449	603.739	-20.247	287.505	0.97	0.44320987654321	-2.3262549546532343	-0.5997132008231734	1.0323362845878656	0.9999999999999999	No-PER3D	No-Essential3D
450	F	450	605.228	-17.096	285.948	0.25	0.477960701009028	-1.5089899740497796	-1.2737785125881957	0	1	No-PER3D	No-Essential3D
451	K	451	602.596	-15.513	283.692	-0.83	0.478411513859275	-0.759055706552247	-0.6783163618263306	0.40867103274410876	0.6306496597472708	No-PER3D	No-Essential3D
452	V	452	599.34	-16.132	285.623	-1.56	0.478411513859275	-1.10498805514227	-0.3891132817864349	1.0323362845878656	0.9999999999999999	No-PER3D	No-Essential3D
453	P	453	598.511	-13.691	288.46	1.69	0.534814814814815	-1.4154447142675926	-0.34206295977448864	1.0323362845878656	0.9999999999999999	No-PER3D	No-Essential3D
454	E	454	596.541	-14.742	291.514	0.25	0.531365313653137	-1.9645147173369508	-0.4209012434153717	1.508310923439714	0.5478682407284466	No-PER3D	No-Essential3D
455	T	455	593.077	-13.326	292.165	0.25	0.629248397747135	-0.5631112791624028	-0.4332066402589205	3.8385171515586105	0.1447933033235803	No-PER3D	No-Essential3D
