Uniprot_position	aminoacid	Position_in_structure	x	y	z	paraz	mtr	paraz3dscore	mtr3dscore	PER3D_OR	PER3D_pvalue	PER3D	Essential3D
8	P	5	6.399	15.722	4.869	NA	0.814917127071823	Inf	0.34723665262387365	0	1	No-PER3D	No-Essential3D
9	H	6	3.009	14.326	5.972	NA	0.805921052631579	Inf	0.32401233893419595	0	1	No-PER3D	No-Essential3D
10	G	7	4.106	10.906	7.222	NA	0.80266497461929	Inf	0.3365504780103896	0	1	No-PER3D	No-Essential3D
11	N	8	2.055	9.34	4.394	NA	0.807188703465982	Inf	0.3778321522085023	0	1	No-PER3D	No-Essential3D
12	G	9	4.939	8.349	2.113	NA	0.81203007518797	Inf	0.8266078561169247	0	1	No-PER3D	No-Essential3D
13	L	10	5.207	11.895	-0.762	NA	0.767889908256881	Inf	0.5992007716378959	0	1	No-PER3D	No-Essential3D
14	L	11	7.174	12.58	-2.054	NA	0.775675675675676	Inf	0.11160027178538456	0	1	No-PER3D	No-Essential3D
15	Y	12	5.927	14.042	-5.351	NA	0.767145135566188	Inf	0.23543234540346192	0	1	No-PER3D	No-Essential3D
16	A	13	2.707	14.692	-7.233	NA	0.765151515151515	Inf	0.7171162211328137	0	1	No-PER3D	No-Essential3D
17	G	14	2.26	16.023	-10.751	NA	0.7618332081142	Inf	0.9247048262961685	0	1	No-PER3D	No-Essential3D
18	F	15	-0.064	16.059	-13.763	NA	0.823680351906159	Inf	0.8901482995608342	0	1	No-PER3D	No-Essential3D
19	N	16	0.518	14.804	-17.292	NA	0.8203125	Inf	0.016531381293670436	0	1	No-PER3D	No-Essential3D
20	Q	17	0.219	17.214	-20.238	NA	0.882199861207495	Inf	-0.11903429590104368	0	1	No-PER3D	No-Essential3D
21	D	18	-3.578	17.525	-20.467	NA	0.906692721055203	Inf	0.32033965044674867	0	1	No-PER3D	No-Essential3D
22	H	19	-4.012	16.962	-16.692	NA	0.885865958858659	Inf	0.7645055434596183	0	1	No-PER3D	No-Essential3D
23	G	20	-6.241	13.935	-17.266	NA	0.961140308966396	Inf	1.2490976312668312	0	1	No-PER3D	No-Essential3D
24	C	21	-3.903	11.87	-15.075	NA	0.968978102189781	Inf	1.3591846520328144	0	1	No-PER3D	No-Essential3D
25	F	22	-1.719	12.616	-12.08	NA	0.972028985507246	Inf	1.182661548577349	0	1	No-PER3D	No-Essential3D
26	A	23	1.038	10.548	-10.592	NA	0.928630935851152	Inf	0.9796385189297735	0	1	No-PER3D	No-Essential3D
27	C	24	2.495	10.407	-7.119	NA	0.965776173285198	Inf	0.9939096172982705	0	1	No-PER3D	No-Essential3D
28	G	25	6.048	9.461	-6.275	NA	0.924901185770751	Inf	0.43365230363913193	0	1	No-PER3D	No-Essential3D
29	M	26	6.027	7.507	-3.003	NA	0.918247220405494	Inf	0.7753112640536678	0	1	No-PER3D	No-Essential3D
30	E	27	8.621	6.205	-0.586	NA	0.957272727272727	Inf	0.7975956398223288	0	1	No-PER3D	No-Essential3D
31	N	28	7.686	2.696	-1.848	NA	0.951086956521739	Inf	1.2547085706809449	0	1	No-PER3D	No-Essential3D
32	G	29	7.104	3.327	-5.587	NA	0.971575091575092	Inf	0.8946522608009045	0	1	No-PER3D	No-Essential3D
33	F	30	4.629	5.306	-7.655	NA	0.988636363636363	Inf	0.7552819899079712	0	1	No-PER3D	No-Essential3D
34	R	31	0.879	5.626	-8.17	NA	0.985014985014985	Inf	1.2577754782590578	0	1	No-PER3D	No-Essential3D
35	V	32	-1.109	6.896	-11.139	NA	0.971219256933543	Inf	1.4316338487943807	0	1	No-PER3D	No-Essential3D
36	Y	33	-4.653	8.264	-11.041	NA	0.983471074380165	Inf	1.712123878175523	0	1	No-PER3D	No-Essential3D
37	N	34	-7.185	9.39	-13.547	NA	1.03030303030303	Inf	1.6366965531643924	0	1	No-PER3D	No-Essential3D
38	T	35	-7.773	12.984	-12.504	NA	1.0236369910283	Inf	1.1774871009696115	0	1	No-PER3D	No-Essential3D
39	D	36	-11.492	13.449	-13.118	NA	1.01994155062747	Inf	1.0835924715280527	0	1	No-PER3D	No-Essential3D
40	P	37	-13.369	11.265	-12.333	NA	0.978599867285999	Inf	1.259986814011441	0	1	No-PER3D	No-Essential3D
41	L	38	-10.767	10.295	-9.762	NA	0.949090909090909	Inf	1.1487912245384608	0	1	No-PER3D	No-Essential3D
42	K	39	-9.718	6.679	-10.247	NA	0.997611084567606	Inf	1.8637950578131597	0	1	No-PER3D	No-Essential3D
43	E	40	-6.647	4.698	-9.26	NA	0.998401534526854	Inf	2.0500583753664823	0	1	No-PER3D	No-Essential3D
44	K	41	-5.031	3.42	-12.469	NA	1.03537190082645	Inf	2.1751022121546004	0	1	No-PER3D	No-Essential3D
45	E	42	-1.739	1.892	-11.351	NA	0.991113932085053	Inf	1.9570314206375956	0	1	No-PER3D	No-Essential3D
46	K	43	-0.058	1.24	-8.022	NA	1.0305745914602	Inf	1.9596774081041077	0	1	No-PER3D	No-Essential3D
47	Q	44	3.55	0.077	-7.723	NA	1.05166051660517	Inf	1.8153211838030243	0	1	No-PER3D	No-Essential3D
48	E	45	4.294	-0.203	-4.011	NA	1.01239157372986	Inf	2.201017442002055	0	1	No-PER3D	No-Essential3D
49	F	46	7.317	-2.538	-4.03	NA	1.00080814611282	Inf	2.214857409462895	0	1	No-PER3D	No-Essential3D
50	L	47	9.965	-0.483	-5.889	NA	0.955867930696306	Inf	0.6247154516595573	0	1	No-PER3D	No-Essential3D
51	E	48	13.066	-0.431	-3.719	NA	0.946826758147513	Inf	0.9628043034786898	0	1	No-PER3D	No-Essential3D
52	G	49	14.178	3.104	-2.972	NA	0.937840785169029	Inf	-0.004932355361530782	0	1	No-PER3D	No-Essential3D
53	G	50	10.874	4.687	-3.977	NA	0.888429752066116	Inf	0.41666793146664194	0	1	No-PER3D	No-Essential3D
54	V	51	10.273	7.41	-6.53	NA	0.847718631178707	Inf	0.018689699004787078	0	1	No-PER3D	No-Essential3D
55	G	52	10.648	11.128	-5.967	NA	0.819860973187686	Inf	-0.27794314203299786	0	1	No-PER3D	No-Essential3D
56	H	53	9.641	12.454	-9.402	NA	0.716374269005848	Inf	-0.6118728114032824	0	1	No-PER3D	No-Essential3D
57	V	54	7.308	10.872	-11.994	NA	0.758513931888545	Inf	-0.24993879975810213	0	1	No-PER3D	No-Essential3D
58	E	55	6.077	11.079	-16.48	NA	0.764260249554367	Inf	-0.42895191573517383	0	1	No-PER3D	No-Essential3D
59	M	56	4.01	10.534	-17.676	NA	0.764260249554367	Inf	-0.03211761071310056	0	1	No-PER3D	No-Essential3D
60	L	57	4.064	9.862	-21.418	NA	0.721801346801347	Inf	-0.5745488746691428	0	1	No-PER3D	No-Essential3D
61	F	58	1.085	7.491	-21.681	NA	0.645283018867925	Inf	0.043046587493404856	0	1	No-PER3D	No-Essential3D
62	R	59	0.716	8.261	-25.395	NA	0.642857142857143	Inf	-0.6346018307916719	0	1	No-PER3D	No-Essential3D
63	C	60	3.825	6.038	-25.789	NA	0.59726368159204	Inf	-1.2468092041547547	0	1	No-PER3D	No-Essential3D
64	N	61	3.064	3.867	-22.709	NA	0.599004975124378	Inf	-1.193399632610041	0	1	No-PER3D	No-Essential3D
65	Y	62	6.112	5.171	-20.824	NA	0.559934701492537	Inf	-1.2312942290356086	0	1	No-PER3D	No-Essential3D
66	L	63	6.837	6.878	-17.531	NA	0.559479553903346	Inf	-0.4705420730202232	0	1	No-PER3D	No-Essential3D
67	A	64	10.102	8.371	-16.342	NA	0.511111111111111	Inf	-1.0036052173979892	0	1	No-PER3D	No-Essential3D
68	L	65	10.951	7.821	-12.674	NA	0.516417910447761	Inf	-0.594231838857672	0	1	No-PER3D	No-Essential3D
69	V	66	13.59	9.405	-10.491	NA	0.516417910447761	Inf	-0.6312589040191533	0	1	No-PER3D	No-Essential3D
70	G	67	14.691	6.994	-7.809	NA	0.51685393258427	Inf	-0.37788584432582273	0	1	No-PER3D	No-Essential3D
71	G	68	14.209	8.112	-4.256	NA	0.548061603823686	Inf	-0.2948131875804672	0	1	No-PER3D	No-Essential3D
72	G	69	18.022	8	-4.088	NA	0.536380597014925	Inf	-0.5101544428247915	0	1	No-PER3D	No-Essential3D
73	K	70	17.92	10.887	-6.655	NA	0.385873605947955	Inf	-1.1336005244284775	0	1	No-PER3D	No-Essential3D
74	K	71	20.72	9.725	-8.96	NA	0.384132841328413	Inf	-1.3791806828106747	0	1	No-PER3D	No-Essential3D
81	K	72	18.952	7.279	-11.298	NA	0.744178921568628	Inf	-1.2504003265772563	0	1	No-PER3D	No-Essential3D
82	V	73	16.461	7.973	-14.089	NA	0.790883190883191	Inf	-1.4111074069729819	0	1	No-PER3D	No-Essential3D
83	M	74	13.226	5.137	-15.858	NA	0.785694010786262	Inf	-1.1701835311723443	0	1	No-PER3D	No-Essential3D
84	I	75	12.268	4.683	-18.048	NA	0.790883190883191	Inf	-1.3418284608600783	0	1	No-PER3D	No-Essential3D
85	W	76	9.273	2.561	-17.104	NA	0.796785304247991	Inf	-0.6855696171587242	0	1	No-PER3D	No-Essential3D
86	D	77	7.526	0.6	-19.866	NA	0.796110952244781	Inf	-1.1801870198224005	0	1	No-PER3D	No-Essential3D
87	D	78	3.92	0.643	-18.698	NA	0.867410161090458	Inf	-0.4213744974051448	0	1	No-PER3D	No-Essential3D
88	L	79	2.91	-2.361	-20.805	NA	0.870646766169154	Inf	-0.9673864360774523	0	1	No-PER3D	No-Essential3D
89	K	80	5.788	-4.525	-19.609	NA	0.76685393258427	Inf	-0.9003925175823988	0	1	No-PER3D	No-Essential3D
90	K	81	5.472	-2.992	-16.093	NA	0.652416356877323	Inf	0.17576552895926564	0	1	No-PER3D	No-Essential3D
91	K	82	9.243	-2.718	-15.736	NA	0.693928128872367	Inf	-0.55451014742587	0	1	No-PER3D	No-Essential3D
92	T	83	12.186	-0.41	-16.131	NA	0.691358024691358	Inf	-1.021364963755689	0	1	No-PER3D	No-Essential3D
93	V	84	13.648	-0.782	-19.63	NA	0.728551660516605	Inf	-1.0406740482365877	0	1	No-PER3D	No-Essential3D
94	I	85	16.213	2.075	-19.603	NA	0.733333333333333	Inf	-1.2538269330018608	0	1	No-PER3D	No-Essential3D
95	E	86	18.28	3.433	-16.724	NA	0.738150557620818	Inf	-1.4624430610747208	0	1	No-PER3D	No-Essential3D
96	I	87	20.597	6.425	-16.759	NA	0.785130111524164	Inf	-1.4268667386645317	0	1	No-PER3D	No-Essential3D
97	E	88	22.804	7.099	-13.75	NA	0.784444444444445	Inf	-1.5402343419112419	0	1	No-PER3D	No-Essential3D
98	F	89	24.055	10.565	-12.912	NA	0.821759259259259	Inf	-1.7306115994723934	0	1	No-PER3D	No-Essential3D
99	S	90	26.846	11.854	-10.707	NA	0.812728937728938	Inf	-1.4238207147611508	0	1	No-PER3D	No-Essential3D
100	T	91	24.612	14.633	-9.293	NA	0.809762773722628	Inf	-1.755790295105838	0	1	No-PER3D	No-Essential3D
101	E	92	21.013	14.791	-8.036	NA	0.762766645119586	Inf	-1.8988018088105438	0	1	No-PER3D	No-Essential3D
102	V	93	18.28	14.614	-10.687	NA	0.767733564013841	Inf	-1.774763531338451	0	1	No-PER3D	No-Essential3D
103	K	94	15.665	17.293	-9.995	NA	0.762129669386003	Inf	-1.8924320556115117	0	1	No-PER3D	No-Essential3D
104	A	95	13.189	16.451	-12.784	NA	0.770566529194704	Inf	-1.705130287613167	0	1	No-PER3D	No-Essential3D
106	K	97	10.648	15.329	-18.99	NA	0.724538745387454	Inf	-1.3291946923307536	0	1	No-PER3D	No-Essential3D
107	L	98	9.75	13.063	-21.899	NA	0.718550821871855	Inf	-1.3344404310789433	0	1	No-PER3D	No-Essential3D
108	R	99	8.541	13.355	-25.462	NA	0.658671586715867	Inf	-1.271457294006018	0	1	No-PER3D	No-Essential3D
109	R	100	8.338	10.611	-28.083	NA	0.690789473684211	Inf	-1.4420780215892985	0	1	No-PER3D	No-Essential3D
110	D	101	11.93	11.156	-29.244	NA	0.617108381814264	Inf	-1.2252606078057968	0	1	No-PER3D	No-Essential3D
111	R	102	13.774	12.857	-26.321	NA	0.617108381814264	Inf	-1.2396861592084922	0	1	No-PER3D	No-Essential3D
112	I	103	14.588	12.201	-22.662	NA	0.575827205882353	Inf	-1.3519629275908234	0	1	No-PER3D	No-Essential3D
113	V	104	15.275	15.458	-20.848	NA	0.571624087591241	Inf	-1.4068363580072687	0	1	No-PER3D	No-Essential3D
114	V	105	17.066	15.259	-17.487	NA	0.571624087591241	Inf	-1.6047810001140737	0	1	No-PER3D	No-Essential3D
115	V	106	17.058	18.301	-15.189	NA	0.607515151515151	Inf	-1.739537079894821	0	1	No-PER3D	No-Essential3D
116	L	107	20.083	18.603	-12.863	NA	0.607515151515151	Inf	-1.7356918943928639	0	1	No-PER3D	No-Essential3D
117	D	108	20.81	21.329	-10.309	NA	0.571624087591241	Inf	-1.8206707992852829	0	1	No-PER3D	No-Essential3D
118	S	109	22.664	23.548	-12.769	NA	0.537999141262344	Inf	-1.6482596691148148	0	1	No-PER3D	No-Essential3D
119	M	110	22.204	21.983	-16.214	NA	0.581699346405229	Inf	-1.6683694979885106	0	1	No-PER3D	No-Essential3D
120	I	111	19.701	20.166	-18.385	NA	0.577453365774534	Inf	-1.4317012078295424	0	1	No-PER3D	No-Essential3D
121	K	112	20.883	17.18	-20.395	NA	0.687848862172606	Inf	-1.4382817110633077	0	1	No-PER3D	No-Essential3D
122	V	113	18.965	16.053	-23.494	NA	0.730839416058394	Inf	-1.4291180869847755	0	1	No-PER3D	No-Essential3D
123	F	114	19.195	12.444	-24.695	NA	0.730839416058394	Inf	-1.4249758173428275	0	1	No-PER3D	No-Essential3D
124	T	115	17.777	10.393	-27.509	NA	0.735576923076923	Inf	-1.388735832629062	0	1	No-PER3D	No-Essential3D
125	F	116	14.901	8.168	-26.437	NA	0.687848862172606	Inf	-1.4617986422302502	0	1	No-PER3D	No-Essential3D
126	T	117	16.68	4.956	-27.399	NA	0.721816707218167	Inf	-1.1840803280450036	0	1	No-PER3D	No-Essential3D
127	H	118	17.568	1.714	-25.67	NA	0.726495726495727	Inf	-0.9591327482632122	0	1	No-PER3D	No-Essential3D
128	N	119	21.01	3.268	-25.11	NA	0.719191919191919	Inf	-1.000880123346582	0	1	No-PER3D	No-Essential3D
129	P	120	20.329	7.003	-24.673	NA	0.682864450127877	Inf	-1.1884982102031376	0	1	No-PER3D	No-Essential3D
130	H	121	22.907	9.203	-26.389	NA	0.675	Inf	-1.409419228781229	0	1	No-PER3D	No-Essential3D
131	Q	122	23.49	12.647	-24.949	NA	0.675	Inf	-1.5907662187528029	0	1	No-PER3D	No-Essential3D
132	L	123	22.704	15.312	-27.577	NA	0.672090112640801	Inf	-1.4609155682824637	0	1	No-PER3D	No-Essential3D
133	H	124	22.78	18.628	-25.672	NA	0.669715235917689	Inf	-1.3953794028040718	0	1	No-PER3D	No-Essential3D
134	V	125	23.727	20.171	-22.374	NA	0.669715235917689	Inf	-1.6448690568602247	0	1	No-PER3D	No-Essential3D
135	F	126	22.223	23.521	-21.426	NA	0.665798772549749	Inf	-1.3800555685282692	0	1	No-PER3D	No-Essential3D
136	E	127	23.542	25.427	-18.432	NA	0.66815976110489	Inf	-1.5776597101933147	0	1	No-PER3D	No-Essential3D
137	T	128	20.932	26.837	-16.068	NA	0.707249802994484	Inf	-1.424456122512523	0	1	No-PER3D	No-Essential3D
138	C	129	20.955	28.921	-12.925	NA	0.636524822695035	Inf	-1.5285311168850666	0	1	No-PER3D	No-Essential3D
139	Y	130	20.79	26.862	-9.751	NA	0.636524822695035	Inf	-1.6458922640855786	0	1	No-PER3D	No-Essential3D
140	N	131	17.493	25.046	-10.192	NA	0.64336917562724	Inf	-1.4952802293071306	0	1	No-PER3D	No-Essential3D
141	P	132	16.574	23.221	-6.939	NA	0.611700113593336	Inf	-1.5452170374430472	0	1	No-PER3D	No-Essential3D
142	K	133	12.915	22.895	-7.982	NA	0.611205432937182	Inf	-1.1157383201905924	0	1	No-PER3D	No-Essential3D
143	G	134	13.814	21.36	-11.328	NA	0.645161290322581	Inf	-1.6999699218370632	0	1	No-PER3D	No-Essential3D
144	L	135	11.911	23.999	-13.304	NA	0.649819494584838	Inf	-1.3161395704513597	0	1	No-PER3D	No-Essential3D
145	C	136	11.628	22.918	-16.946	NA	0.645161290322581	Inf	-1.4098258986840855	0	1	No-PER3D	No-Essential3D
146	V	137	8.779	22.524	-19.442	NA	0.649819494584838	Inf	-1.0031373061522812	0	1	No-PER3D	No-Essential3D
147	L	138	8.94	20.291	-22.511	NA	0.671510791366907	Inf	-1.0479860766313318	0	1	No-PER3D	No-Essential3D
148	C	139	6.202	20.306	-25.111	NA	0.722624798711755	Inf	-0.9198785102372653	0	1	No-PER3D	No-Essential3D
149	P	140	5.348	16.727	-26.145	NA	0.755895564289725	Inf	-0.9822647335027855	0	1	No-PER3D	No-Essential3D
150	N	141	3.343	17.74	-29.231	NA	0.743271221532091	Inf	-0.9070811221482119	0	1	No-PER3D	No-Essential3D
151	S	142	4.43	16.114	-32.473	NA	0.751439037153323	Inf	-0.9908422384440835	0	1	No-PER3D	No-Essential3D
152	N	143	4.914	19.495	-34.141	NA	0.756302521008403	Inf	-0.7673770060994647	0	1	No-PER3D	No-Essential3D
153	N	144	6.279	21.506	-31.189	NA	0.731954582319546	Inf	-0.7897788468573358	0	1	No-PER3D	No-Essential3D
154	S	145	9.497	20.375	-29.453	NA	0.73733660130719	Inf	-0.9053343893287076	0	1	No-PER3D	No-Essential3D
155	L	146	9.841	23.472	-27.276	NA	0.732600732600733	Inf	-0.7654660377518006	0	1	No-PER3D	No-Essential3D
156	L	147	12.124	23.151	-24.257	NA	0.761453619909502	Inf	-1.0258681261166336	0	1	No-PER3D	No-Essential3D
157	A	148	12.091	26.025	-21.777	NA	0.715299460686915	Inf	-0.8743156298259718	0	1	No-PER3D	No-Essential3D
158	F	149	14.041	26.372	-18.564	NA	0.715299460686915	Inf	-1.1961055195291828	0	1	No-PER3D	No-Essential3D
159	P	150	15.588	28.959	-16.211	NA	0.716269841269841	Inf	-1.0874081537393578	0	1	No-PER3D	No-Essential3D
160	G	151	18.532	30.667	-17.865	NA	0.714942226890756	Inf	-0.8942321530221857	0	1	No-PER3D	No-Essential3D
161	T	152	21.823	31.357	-16.1	NA	0.717580390089615	Inf	-1.1273726595635365	0	1	No-PER3D	No-Essential3D
162	H	153	20.769	34.987	-15.522	NA	0.739025321287696	Inf	-0.720946739817962	0	1	No-PER3D	No-Essential3D
163	T	154	18.379	35.33	-12.584	NA	0.743805874840358	Inf	-0.4369004836899623	0	1	No-PER3D	No-Essential3D
164	G	155	14.764	35.672	-13.675	NA	0.758333333333333	Inf	-0.38037090573016175	0	1	No-PER3D	No-Essential3D
165	H	156	15.39	34.73	-17.309	NA	0.753479853479853	Inf	-0.425313755215355	0	1	No-PER3D	No-Essential3D
166	V	157	13.733	31.943	-19.288	NA	0.764705882352941	Inf	-0.3823861463009097	0	1	No-PER3D	No-Essential3D
167	Q	158	15.597	30.196	-22.11	NA	0.847549019607843	Inf	-0.5962519316935129	0	1	No-PER3D	No-Essential3D
168	L	159	13.485	28.76	-24.96	NA	0.80590405904059	Inf	-0.42310131073782736	0	1	No-PER3D	No-Essential3D
169	V	160	14.962	26.091	-27.238	NA	0.805147058823529	Inf	-0.4460771438174901	0	1	No-PER3D	No-Essential3D
170	D	161	13.435	24.23	-30.202	NA	0.791666666666667	Inf	-0.3290982616178131	0	1	No-PER3D	No-Essential3D
171	L	162	14.714	20.676	-29.874	NA	0.802941176470588	Inf	-0.7778131473473326	0	1	No-PER3D	No-Essential3D
172	A	163	13.636	20.176	-33.507	NA	0.836781609195402	Inf	-0.5376057888667503	0	1	No-PER3D	No-Essential3D
173	S	164	15.848	22.997	-34.849	NA	0.814925373134328	Inf	0.005020990267140045	0	1	No-PER3D	No-Essential3D
174	T	165	18.87	23.225	-32.572	NA	0.796191456510551	Inf	-0.3124757949459667	0	1	No-PER3D	No-Essential3D
175	E	166	20.995	25.544	-34.755	NA	0.807879040088778	Inf	0.10114909364986058	0	1	No-PER3D	No-Essential3D
176	K	167	18.517	28.446	-34.507	NA	0.822361407249467	Inf	0.18435527055193104	0	1	No-PER3D	No-Essential3D
177	P	168	19.489	30.63	-31.528	NA	0.800442233278054	Inf	0.18695939100609726	0	1	No-PER3D	No-Essential3D
178	P	169	17.523	30.249	-28.297	NA	0.779276693455798	Inf	-0.03620164403464115	0	1	No-PER3D	No-Essential3D
179	V	170	15.01	32.843	-27.219	NA	0.767080745341615	Inf	0.017968638270573073	0	1	No-PER3D	No-Essential3D
180	D	171	15.993	34.609	-23.977	NA	0.764207783748575	Inf	-0.06462298773196883	0	1	No-PER3D	No-Essential3D
181	I	172	13.037	36.026	-22.032	NA	0.798944501191692	Inf	-0.04538207991279268	0	1	No-PER3D	No-Essential3D
182	P	173	13.786	38.487	-19.192	NA	0.836989477438916	Inf	0.02751260308210149	0	1	No-PER3D	No-Essential3D
183	A	174	10.64	37.242	-17.488	NA	0.778436657681941	Inf	0.1620959982272892	0	1	No-PER3D	No-Essential3D
184	H	175	11.225	38.536	-13.935	NA	0.778436657681941	Inf	0.15398099955103162	0	1	No-PER3D	No-Essential3D
185	E	176	13.684	40.517	-11.886	NA	0.799726589200273	Inf	0.2152797497581457	0	1	No-PER3D	No-Essential3D
186	G	177	13.701	37.834	-9.185	NA	0.774123989218329	Inf	0.09232873881492797	0	1	No-PER3D	No-Essential3D
187	V	178	14.561	34.135	-9.022	NA	0.73893653516295	Inf	-0.5727006921658184	0	1	No-PER3D	No-Essential3D
188	L	179	12.061	32.042	-11.008	NA	0.779220779220779	Inf	-0.3859371956511112	0	1	No-PER3D	No-Essential3D
190	C	181	7.215	28.394	-11.246	NA	0.711590296495957	Inf	-0.1615094339780273	0	1	No-PER3D	No-Essential3D
191	I	182	6.961	27.815	-15.036	NA	0.682509505703422	Inf	-0.40326489722665765	0	1	No-PER3D	No-Essential3D
192	A	183	4.014	26.339	-16.897	NA	0.677358490566038	Inf	-0.3229286727872798	0	1	No-PER3D	No-Essential3D
193	L	184	3.328	25.521	-20.563	NA	0.643054877055854	Inf	-0.4718531369281967	0	1	No-PER3D	No-Essential3D
194	N	185	-0.079	25.562	-22.19	NA	0.672284644194757	Inf	-0.2499386234815949	0	1	No-PER3D	No-Essential3D
195	L	186	-1.348	22.54	-24.049	NA	0.672284644194757	Inf	-0.36353224297684333	0	1	No-PER3D	No-Essential3D
196	Q	187	-0.618	23.951	-27.474	NA	0.678030303030303	Inf	-0.6105190263089276	0	1	No-PER3D	No-Essential3D
197	G	188	2.947	24.847	-26.474	NA	0.713643178410795	Inf	-0.5987235512632103	0	1	No-PER3D	No-Essential3D
198	T	189	2.407	28.435	-27.633	NA	0.61551724137931	Inf	-0.5629978743796891	0	1	No-PER3D	No-Essential3D
199	R	190	2.352	30.137	-24.199	NA	0.678707224334601	Inf	-0.16026578660404467	0	1	No-PER3D	No-Essential3D
200	I	191	4.413	29.87	-21.013	NA	0.713137806347931	Inf	-0.18913020055512933	0	1	No-PER3D	No-Essential3D
201	A	192	3.402	31.328	-17.669	NA	0.720081135902637	Inf	0.12208933080490117	0	1	No-PER3D	No-Essential3D
202	T	193	5.98	32.25	-15.05	NA	0.718052738336714	Inf	0.2231044535530414	0	1	No-PER3D	No-Essential3D
203	A	194	6.3	33.502	-11.479	NA	0.780032141422258	Inf	0.5197657878352971	0	1	No-PER3D	No-Essential3D
204	S	195	9.255	34.642	-9.407	NA	0.854204476709014	Inf	0.3473834103615321	0	1	No-PER3D	No-Essential3D
205	E	196	9.811	33.918	-5.722	NA	0.865041982387876	Inf	0.3776641318160221	0	1	No-PER3D	No-Essential3D
206	K	197	8.081	37.245	-5.018	NA	0.840277777777778	Inf	0.9183780741990075	0	1	No-PER3D	No-Essential3D
207	G	198	4.916	35.759	-6.502	NA	0.841176470588236	Inf	0.9731030331062226	0	1	No-PER3D	No-Essential3D
208	T	199	2.918	38.957	-6.871	NA	0.890657439446367	Inf	1.2796857622735909	0	1	No-PER3D	No-Essential3D
209	L	200	2.781	38.865	-10.7	NA	0.881208514534218	Inf	1.0811890653550198	0	1	No-PER3D	No-Essential3D
210	I	201	2.192	35.949	-13.091	NA	0.915032679738562	Inf	0.9138479271843183	0	1	No-PER3D	No-Essential3D
211	R	202	3.427	36.612	-16.605	NA	0.921259842519685	Inf	0.6208175731534706	0	1	No-PER3D	No-Essential3D
212	I	203	2.362	34.869	-19.812	NA	0.809688581314879	Inf	0.44577488822180195	0	1	No-PER3D	No-Essential3D
213	F	204	4.714	34.872	-22.79	NA	0.806525735294118	Inf	0.20488396200034872	0	1	No-PER3D	No-Essential3D
214	D	205	4.518	33.812	-26.4	NA	0.85205078125	Inf	-0.15635540765084577	0	1	No-PER3D	No-Essential3D
215	T	206	6.872	30.853	-26.903	NA	0.802768166089965	Inf	-0.42088204442048616	0	1	No-PER3D	No-Essential3D
216	S	207	7.843	31.859	-30.46	NA	0.761673151750973	Inf	-0.11705396830488585	0	1	No-PER3D	No-Essential3D
217	S	208	8.696	35.527	-29.94	NA	0.82665805340224	Inf	0.11121530072830642	0	1	No-PER3D	No-Essential3D
218	G	209	9.269	35.658	-26.204	NA	0.867703403200361	Inf	0.1531521590892037	0	1	No-PER3D	No-Essential3D
219	H	210	6.971	38.689	-26.037	NA	0.861104898233057	Inf	0.3036852493934177	0	1	No-PER3D	No-Essential3D
220	L	211	4.907	39.343	-22.935	NA	0.857843137254902	Inf	0.6118506338958726	0	1	No-PER3D	No-Essential3D
221	I	212	1.243	38.849	-23.757	NA	0.854605993340733	Inf	0.780866177474448	0	1	No-PER3D	No-Essential3D
222	Q	213	-0.475	39.182	-20.36	NA	0.953878406708595	Inf	1.0383655823329303	0	1	No-PER3D	No-Essential3D
223	E	214	0.543	40.127	-16.817	NA	0.973187686196624	Inf	1.1549850852737595	0	1	No-PER3D	No-Essential3D
224	L	215	-1.693	38.939	-13.979	NA	1.00998890122087	Inf	1.3357563742079501	0	1	No-PER3D	No-Essential3D
225	R	216	-1.652	40.094	-10.354	NA	1.0061919504644	Inf	1.4368677775105911	0	1	No-PER3D	No-Essential3D
226	R	217	-1.962	37.371	-7.708	NA	1.0233918128655	Inf	1.3129160546488854	0	1	No-PER3D	No-Essential3D
227	G	218	-1.865	39.89	-4.87	NA	0.993396226415094	Inf	1.5229060840954487	0	1	No-PER3D	No-Essential3D
228	S	219	-0.123	42.867	-3.417	NA	0.927169811320755	Inf	1.6775931740673162	0	1	No-PER3D	No-Essential3D
229	Q	220	1.879	40.811	-0.892	NA	0.876404494382023	Inf	1.6850605098717213	0	1	No-PER3D	No-Essential3D
230	A	221	4.465	38.187	-1.738	NA	0.889658668469077	Inf	1.4005795019601048	0	1	No-PER3D	No-Essential3D
231	A	222	3.437	34.548	-2.001	NA	0.866666666666667	Inf	1.3318502944794006	0	1	No-PER3D	No-Essential3D
232	N	223	5.189	31.279	-2.716	NA	0.902564102564103	Inf	1.1061399984637328	0	1	No-PER3D	No-Essential3D
233	I	224	3.607	30.187	-6.017	NA	0.905919359450958	Inf	0.7992448773316463	0	1	No-PER3D	No-Essential3D
234	Y	225	3.383	26.418	-6.096	NA	0.84374531835206	Inf	0.49162602261465677	0	1	No-PER3D	No-Essential3D
235	C	226	1.618	25.532	-9.363	NA	0.84374531835206	Inf	0.39106942108577813	0	1	No-PER3D	No-Essential3D
236	I	227	0.309	27.244	-12.512	NA	0.808266360505167	Inf	0.5012375035564605	0	1	No-PER3D	No-Essential3D
237	N	228	-1.783	25.625	-15.241	NA	0.819444444444445	Inf	0.2475644907480167	0	1	No-PER3D	No-Essential3D
238	F	229	-3.748	26.696	-18.302	NA	0.769937821032712	Inf	0.1471253411945072	0	1	No-PER3D	No-Essential3D
239	N	230	-7.186	25.37	-19.181	NA	0.769937821032712	Inf	0.39903174438455485	0	1	No-PER3D	No-Essential3D
240	Q	231	-7.752	23.567	-22.487	NA	0.789508110936682	Inf	0.3224367122373496	0	1	No-PER3D	No-Essential3D
241	D	232	-7.665	26.61	-24.805	NA	0.785326086956522	Inf	-0.017863942593870842	0	1	No-PER3D	No-Essential3D
242	A	233	-5.539	28.797	-22.496	NA	0.788181818181818	Inf	0.18356994361233478	0	1	No-PER3D	No-Essential3D
243	S	234	-8.465	31.2	-21.975	NA	0.834545454545455	Inf	0.6278796169767821	0	1	No-PER3D	No-Essential3D
244	L	235	-7.941	30.706	-18.191	NA	0.852915360501567	Inf	0.6369074466427448	0	1	No-PER3D	No-Essential3D
245	I	236	-5.124	29.856	-15.806	NA	0.843711237906227	Inf	0.640879356525611	0	1	No-PER3D	No-Essential3D
246	C	237	-5.185	28.625	-12.253	NA	0.878635415388391	Inf	0.7155339328673569	0	1	No-PER3D	No-Essential3D
247	V	238	-2.437	29.495	-9.778	NA	0.875519686965028	Inf	0.9537704907031893	0	1	No-PER3D	No-Essential3D
248	S	239	-1.882	27.902	-6.381	NA	0.860802624936901	Inf	0.9640818853729279	0	1	No-PER3D	No-Essential3D
249	S	240	0.257	29.013	-3.436	NA	0.854761904761905	Inf	1.121748159431116	0	1	No-PER3D	No-Essential3D
250	D	241	1.959	26.963	-0.778	NA	0.857771629778672	Inf	0.8867714336659903	0	1	No-PER3D	No-Essential3D
251	H	242	-0.897	27.951	1.547	NA	0.889540949400104	Inf	1.198318421760627	0	1	No-PER3D	No-Essential3D
252	G	243	-3.347	26.09	-0.666	NA	0.949468085106383	Inf	0.7985027902524452	0	1	No-PER3D	No-Essential3D
253	T	244	-5.043	29.183	-2.079	NA	0.897222222222222	Inf	1.1227149953812492	0	1	No-PER3D	No-Essential3D
254	V	245	-6.015	28.719	-5.726	NA	0.879551053928278	Inf	0.864956689408512	0	1	No-PER3D	No-Essential3D
255	H	246	-6.698	31.749	-7.956	NA	0.87822777928785	Inf	1.015114556899114	0	1	No-PER3D	No-Essential3D
256	I	247	-8.546	31.473	-11.272	NA	0.88379705400982	Inf	0.7802611774249584	0	1	No-PER3D	No-Essential3D
257	F	248	-7.686	34.161	-13.856	NA	0.871174377224199	Inf	1.1092865305015762	0	1	No-PER3D	No-Essential3D
258	A	249	-8.947	35.151	-17.265	NA	0.854761904761905	Inf	1.1345427574207767	0	1	No-PER3D	No-Essential3D
259	A	250	-5.785	34.824	-19.318	NA	0.924604316546763	Inf	0.9189523532887712	0	1	No-PER3D	No-Essential3D
260	E	251	-6.82	36.53	-22.587	NA	0.975971223021583	Inf	1.067001621146723	0	1	No-PER3D	No-Essential3D
261	D	252	-7.694	40.261	-22.744	NA	0.908900836320191	Inf	1.447078577180469	0	1	No-PER3D	No-Essential3D
262	P	253	-9.088	39.988	-19.203	NA	0.955266049285826	Inf	1.4277258435729794	0	1	No-PER3D	No-Essential3D
263	K	254	-11.563	42.318	-17.53	NA	0.91726618705036	Inf	1.4053543620360693	0	1	No-PER3D	No-Essential3D
282	S	255	-9.065	42.628	-14.631	NA	0.854700854700855	Inf	1.621189285934725	0	1	No-PER3D	No-Essential3D
283	K	256	-5.477	41.575	-13.914	NA	0.801282051282051	Inf	1.6744667732592633	0	1	No-PER3D	No-Essential3D
284	W	257	-6.744	40.052	-10.668	NA	0.854700854700855	Inf	1.5277696866490946	0	1	No-PER3D	No-Essential3D
285	S	258	-8.332	36.635	-10.308	NA	0.857843137254902	Inf	1.2529030265695296	0	1	No-PER3D	No-Essential3D
286	F	259	-12.102	36.518	-10.702	NA	0.857843137254902	Inf	0.9610515488014729	0	1	No-PER3D	No-Essential3D
287	S	260	-12.466	33.434	-8.468	NA	0.863468634686347	Inf	0.5492526341550136	0	1	No-PER3D	No-Essential3D
288	K	261	-10.435	31.906	-5.693	NA	0.838095238095238	Inf	0.6229067047376882	0	1	No-PER3D	No-Essential3D
289	F	262	-10.724	29.109	-3.168	NA	0.927780706378492	Inf	0.49032770099574996	0	1	No-PER3D	No-Essential3D
290	Q	263	-8.593	27.741	-0.356	NA	0.905919359450958	Inf	0.6433901803892926	0	1	No-PER3D	No-Essential3D
291	V	264	-8.198	24.127	0.705	NA	0.840476190476191	Inf	0.5067925824909185	0	1	No-PER3D	No-Essential3D
292	P	265	-8.93	23.733	4.432	NA	0.835002635740643	Inf	0.6170644601190011	0	1	No-PER3D	No-Essential3D
293	S	266	-5.5	22.257	5.218	NA	0.833594976452119	Inf	0.5078386088473887	0	1	No-PER3D	No-Essential3D
294	G	267	-3.809	25.529	4.353	NA	0.804545454545455	Inf	0.8456140046408103	0	1	No-PER3D	No-Essential3D
296	P	269	0.48	23.396	-0.768	NA	0.864468864468864	Inf	0.6860986805187499	0	1	No-PER3D	No-Essential3D
298	I	271	-1.048	21.437	-7.331	NA	0.881410256410256	Inf	0.6591527631117132	0	1	No-PER3D	No-Essential3D
299	C	272	-3.964	22.572	-9.45	NA	0.801282051282051	Inf	0.7231316653716116	0	1	No-PER3D	No-Essential3D
300	A	273	-5.414	22.052	-12.906	NA	0.828235294117647	Inf	0.6316177529354517	0	1	No-PER3D	No-Essential3D
301	F	274	-8.73	22.481	-14.64	NA	0.837370242214533	Inf	0.5923588803249307	0	1	No-PER3D	No-Essential3D
302	G	275	-11.064	19.515	-14.515	NA	0.862745098039216	Inf	0.7643158363366948	0	1	No-PER3D	No-Essential3D
303	T	276	-12.781	17.663	-17.303	NA	0.831258050665522	Inf	1.0452972509528424	0	1	No-PER3D	No-Essential3D
304	E	277	-15.456	20.292	-17.451	NA	0.836673130790778	Inf	0.6476155098335261	0	1	No-PER3D	No-Essential3D
305	P	278	-14.465	23.916	-18.068	NA	0.839043309631545	Inf	0.3454646953024644	0	1	No-PER3D	No-Essential3D
306	N	279	-16.007	25.389	-14.859	NA	0.816420664206642	Inf	0.14119503122552757	0	1	No-PER3D	No-Essential3D
307	A	280	-14.059	23.148	-12.463	NA	0.769063180827887	Inf	0.4522768601983029	0	1	No-PER3D	No-Essential3D
308	V	281	-10.599	23.151	-10.885	NA	0.779335793357934	Inf	0.5312322811523305	0	1	No-PER3D	No-Essential3D
309	I	282	-8.81	20.188	-9.283	NA	0.781549815498155	Inf	0.7376543427996723	0	1	No-PER3D	No-Essential3D
310	A	283	-6.526	20.736	-6.3	NA	0.791011235955056	Inf	0.5579714298547546	0	1	No-PER3D	No-Essential3D
311	I	284	-4.323	17.919	-4.984	NA	0.790298507462687	Inf	0.6814970902273801	0	1	No-PER3D	No-Essential3D
313	A	286	0.58	16.021	-0.495	NA	0.748400852878465	Inf	0.3789064340179987	0	1	No-PER3D	No-Essential3D
314	D	287	-1.429	15.255	2.62	NA	0.747089947089947	Inf	0.17585607769114092	0	1	No-PER3D	No-Essential3D
315	G	288	-3.436	12.916	0.392	NA	0.767527675276753	Inf	0.07618467605239997	0	1	No-PER3D	No-Essential3D
316	S	289	-6.519	15.078	-0.17	NA	0.761904761904762	Inf	0.10282344169041276	0	1	No-PER3D	No-Essential3D
317	Y	290	-8.123	15.661	-3.564	NA	0.787723785166241	Inf	0.5910851369663354	0	1	No-PER3D	No-Essential3D
318	Y	291	-10.605	18.488	-4.237	NA	0.754901960784314	Inf	0.43251787991375945	0	1	No-PER3D	No-Essential3D
319	K	292	-12.699	19.426	-7.237	NA	0.761286834279535	Inf	0.4677141591877716	0	1	No-PER3D	No-Essential3D
320	F	293	-14.192	22.91	-6.956	NA	0.738880167451596	Inf	0.3575080344243996	0	1	No-PER3D	No-Essential3D
321	L	294	-16.72	24.566	-9.251	NA	0.713131313131313	Inf	0.0660154964594643	0	1	No-PER3D	No-Essential3D
322	F	295	-16.345	28.26	-10.053	NA	0.740559440559441	Inf	0.26818699807489826	0	1	No-PER3D	No-Essential3D
323	N	296	-18.32	31.143	-11.537	NA	0.735212440988614	Inf	0.14176090951262074	0	1	No-PER3D	No-Essential3D
324	P	297	-16.913	34.652	-12.148	NA	0.716231884057971	Inf	0.42949287255405966	0	1	No-PER3D	No-Essential3D
325	K	298	-19.733	36.217	-10.063	NA	0.690591935945096	Inf	-0.09393022817841667	0	1	No-PER3D	No-Essential3D
326	G	299	-20.114	33.508	-7.424	NA	0.737057619186897	Inf	-0.07896449303581056	0	1	No-PER3D	No-Essential3D
327	E	300	-18.282	31.68	-4.701	NA	0.778571428571429	Inf	0.04584503722193477	0	1	No-PER3D	No-Essential3D
328	C	301	-16.408	28.502	-5.462	NA	0.756804997768853	Inf	0.16140615710090045	0	1	No-PER3D	No-Essential3D
329	I	302	-18.197	25.398	-4.192	NA	0.753543667123914	Inf	-0.028753208417412017	0	1	No-PER3D	No-Essential3D
330	R	303	-16.76	21.957	-3.597	NA	0.782268578878749	Inf	-0.011393985129095821	0	1	No-PER3D	No-Essential3D
331	D	304	-17.988	19.266	-5.993	NA	0.759130434782609	Inf	0.0783383395473216	0	1	No-PER3D	No-Essential3D
332	V	305	-15.726	16.422	-4.863	NA	0.758744394618834	Inf	0.23137198935807862	0	1	No-PER3D	No-Essential3D
333	Y	306	-13.578	15.597	-1.873	NA	0.739969135802469	Inf	0.16890260360980647	0	1	No-PER3D	No-Essential3D
334	A	307	-11.513	12.419	-1.626	NA	0.736111111111111	Inf	0.4338880011506905	0	1	No-PER3D	No-Essential3D
335	Q	308	-8.507	10.87	0.083	NA	0.739273927392739	Inf	0.11304209949704741	0	1	No-PER3D	No-Essential3D
336	F	309	-6.905	9.53	-3.044	NA	0.735119047619048	Inf	1.1046751915920285	0	1	No-PER3D	No-Essential3D
337	L	310	-4.363	7.271	-1.352	NA	0.738475177304965	Inf	1.1394439488685242	0	1	No-PER3D	No-Essential3D
338	E	311	-7.429	5.281	-0.251	NA	0.772575250836121	Inf	0.7631114882925807	0	1	No-PER3D	No-Essential3D
339	M	312	-8.224	4.97	-4.032	NA	0.763636363636364	Inf	1.4953650831865701	0	1	No-PER3D	No-Essential3D
