Uniprot_position	aminoacid	Position_in_structure	x	y	z	paraz	mtr	paraz3dscore	mtr3dscore	PER3D_OR	PER3D_pvalue	PER3D	Essential3D
25	E	12	55.334	-3.119	6.393	-1.32	0.386489479512735	-2.7994879951282363	1.4634081903273253	0	1	No-PER3D	No-Essential3D
28	S	15	53.364	-2.278	11.711	0.62	0.668582375478927	-2.7994879951282363	1.4634081903273253	0	1	No-PER3D	No-Essential3D
38	E	25	39.483	-8.362	12.505	-0.21	0.327715355805243	-2.596078658012103	-0.25754276948701427	0	0.9999999999999999	No-PER3D	No-Essential3D
39	K	26	39.713	-9.295	8.814	-0.77	0.325278810408922	-2.293894416452745	-0.23708362677001008	0	0.9999999999999999	No-PER3D	No-Essential3D
40	E	27	37.157	-12.088	9.363	-0.49	0.258518518518519	-2.5553967905888766	-0.21989701131070122	0	0.9999999999999999	No-PER3D	No-Essential3D
41	Q	28	34.728	-9.612	10.894	0.34	0.256826568265683	-2.084473355568496	-0.20717077317178897	0	0.9999999999999999	No-PER3D	No-Essential3D
42	Q	29	35.31	-6.972	8.162	-0.21	0.256826568265683	-2.108900739487044	-0.19670192168684647	0	0.9999999999999999	No-PER3D	No-Essential3D
43	E	30	34.814	-9.511	5.467	-0.49	0.317518248175182	-2.1295700643411997	-0.18896113107210372	0	0.9999999999999999	No-PER3D	No-Essential3D
44	A	31	31.642	-10.886	7.024	-0.77	0.252173913043478	-1.8480919421617723	-0.18335640507560824	0	0.9999999999999999	No-PER3D	No-Essential3D
45	I	32	30.229	-7.349	7.273	0.34	0.313176895306859	-1.7166471782828463	-0.17945368696662797	0	0.9999999999999999	No-PER3D	No-Essential3D
46	E	33	30.821	-6.732	3.594	0.62	0.314079422382671	-1.6061532173802553	-0.19027970926667995	0	0.9999999999999999	No-PER3D	No-Essential3D
47	H	34	29.213	-10.077	2.732	-1.05	0.315217391304348	-1.3831563144677539	-0.2005473584874082	0	0.9999999999999999	No-PER3D	No-Essential3D
48	I	35	26.21	-9.325	4.975	1.45	0.313176895306859	-0.9763376402354877	-0.1776504449261753	0	0.9999999999999999	No-PER3D	No-Essential3D
49	D	36	25.739	-6.017	3.184	-0.21	0.31294964028777	-0.9934139796477064	-0.15711962441759775	0	0.9999999999999999	No-PER3D	No-Essential3D
50	E	37	25.658	-7.881	-0.145	-0.21	0.310931899641577	-1.0496654506526615	-0.13358891018828548	0	1	No-PER3D	No-Essential3D
51	V	38	22.93	-10.181	1.191	1.18	0.308928571428571	-0.7704170767352049	-0.28599090993211695	0	1	No-PER3D	No-Essential3D
52	Q	39	21.034	-7.135	2.635	0.62	0.306939501779359	-0.45274693914025615	-0.5275073332302219	0	1	No-PER3D	No-Essential3D
53	N	40	20.944	-5.645	-0.809	0.34	0.305160142348754	-0.4349172318127928	-0.5573472626600586	0	1	No-PER3D	No-Essential3D
54	E	41	18.941	-8.715	-1.887	0.34	0.303886925795053	-0.4911687028177481	-0.7080986992297689	0	1	No-PER3D	No-Essential3D
55	I	42	16.714	-8.443	1.188	1.45	0.30193661971831	-0.2681717999052466	-0.8593963366566163	0	1	No-PER3D	No-Essential3D
56	D	43	16.137	-4.665	0.553	0.34	0.303886925795053	-0.45274693914025615	-0.9516016927143045	0	1	No-PER3D	No-Essential3D
57	R	44	15.256	-5.231	-3.107	-0.49	0.305851063829787	-0.4911687028177481	-1.1599237446582238	0	1	No-PER3D	No-Essential3D
58	L	45	12.715	-7.832	-1.969	0.9	0	-0.4911687028177481	-1.3091644373171865	0	1	No-PER3D	No-Essential3D
59	N	46	11.329	-5.459	0.724	1.73	0	-0.6036716448276588	-1.457443575081084	0	1	No-PER3D	No-Essential3D
60	E	47	10.973	-2.782	-1.887	-0.49	0	-0.6636899554088387	-1.512270978737243	0	1	No-PER3D	No-Essential3D
61	Q	48	9.156	-5.087	-4.311	0.34	0	-0.6599231158326141	-1.751238373785517	0	1	No-PER3D	No-Essential3D
62	A	49	6.725	-6.153	-1.543	0.06	0	-0.6599231158326141	-1.8970976289727008	0	1	No-PER3D	No-Essential3D
63	S	50	6.146	-2.486	-0.571	-0.49	0	-0.9934139796477063	-2.0420207787614815	0	1	No-PER3D	No-Essential3D
64	E	51	5.39	-1.527	-4.09	0.62	0	-1.0496654506526615	-2.187880033948665	0	1	No-PER3D	No-Essential3D
65	E	52	3.035	-4.493	-4.418	-0.21	0	-0.7141656057302495	-2.3346820335796297	0	1	No-PER3D	No-Essential3D
66	I	53	1.173	-3.586	-1.247	0.62	0	-0.8708661321011966	-2.3346820335796297	0	1	No-PER3D	No-Essential3D
67	L	54	0.914	0.054	-2.374	0.06	0	-1.452288899631407	-1.910872751621757	0	1	No-PER3D	No-Essential3D
68	K	55	-0.617	-1.108	-5.745	0.62	0	-0.937162508642751	-2.3346820335796297	0	0.9999999999999999	No-PER3D	No-Essential3D
69	V	56	-3.166	-3.276	-3.886	0.34	0	-0.9934139796477064	-2.3346820335796297	0	0.9999999999999999	No-PER3D	No-Essential3D
70	E	57	-3.962	-0.324	-1.538	-0.21	0	-1.2241119768049338	-1.8717851105695007	0	0.9999999999999999	No-PER3D	No-Essential3D
71	Q	58	-4.381	2.147	-4.399	0.06	0	-1.1066259738131414	-1.8445558798041988	0	0.9999999999999999	No-PER3D	No-Essential3D
72	K	59	-6.723	-0.228	-6.216	1.18	0	-0.8321214964600282	-2.2541544035154524	0	0.9999999999999999	No-PER3D	No-Essential3D
73	Y	60	-9.096	-0.909	-3.287	0.9	0	-0.8809110376377957	-2.1097434444636836	0	0.9999999999999999	No-PER3D	No-Essential3D
74	N	61	-8.94	2.667	-2.15	-0.49	0	-1.110508878474348	-1.184830362753082	0	0.9999999999999999	No-PER3D	No-Essential3D
75	K	62	-10.412	3.69	-5.501	0.62	0	-0.7121566246229296	-1.9595884270751638	0	0.9999999999999999	No-PER3D	No-Essential3D
76	L	63	-12.999	0.92	-5.259	0.06	0	-0.7718520632404333	-1.932796026610559	0	0.9999999999999999	No-PER3D	No-Essential3D
77	R	64	-13.957	1.941	-1.736	0.9	0	-0.6599231158326141	-1.582108603838824	0	0.9999999999999999	No-PER3D	No-Essential3D
78	Q	65	-14.178	5.652	-2.168	-0.21	0.15658844765343	-0.5032225894616671	-1.2001880549097275	0	0.9999999999999999	No-PER3D	No-Essential3D
79	P	66	-17.613	5.943	-3.958	-0.77	0.155465949820789	-0.774004542998276	-1.6787550547189602	0	0.9999999999999999	No-PER3D	No-Essential3D
80	F	67	-19.105	3.696	-1.278	0.62	0.15658844765343	-0.34183444050697376	-1.2359154887411725	0	0.9999999999999999	No-PER3D	No-Essential3D
81	F	68	-17.77	5.802	1.64	0.9	0.156474820143885	0.12357951602212087	-0.6183475833861442	0	1	No-PER3D	No-Essential3D
82	Q	69	-19.076	8.918	-0.226	0.62	0.156362007168459	-0.2109158383466313	-1.0851107576410906	0	1	No-PER3D	No-Essential3D
83	K	70	-22.481	7.286	-0.664	0.62	0.138988450816408	-0.47265737690030096	-1.4538419060517616	0	0.9999999999999999	No-PER3D	No-Essential3D
84	R	71	-22.397	6.17	3.025	1.73	0.125179856115108	0.4035812578548226	-0.5242740608410628	0	1	No-PER3D	No-Essential3D
85	S	72	-21.777	9.741	4.259	0.06	0.114538890712176	0.4227742023622532	-0.24933872379443245	5.507618943343772	0.3308823529411765	No-PER3D	No-Essential3D
86	E	73	-24.632	11.18	2.203	-1.05	0.115283267457181	-0.17067712852060765	-1.0661151555219202	0	0.9999999999999999	No-PER3D	No-Essential3D
87	L	74	-27.004	8.508	3.502	1.18	0.115702479338843	0.41960879095366105	-1.1118856411814182	0	0.9999999999999999	No-PER3D	No-Essential3D
88	I	75	-25.827	9.059	7.083	1.73	0.106751824817518	0.6816298236109636	-0.6079343602439663	3.6058019140482034	0.4264705882352941	No-PER3D	No-Essential3D
89	A	76	-26.853	12.746	6.891	-0.21	0.107448107448107	0.5261793299290153	-0.4934308237934059	11.247019320131354	0.07352941176470593	No-PER3D	No-Essential3D
90	K	77	-30.52	11.656	6.477	-0.21	0.107448107448107	0.3326391125025909	-1.0599283530709525	5.507618943343772	0.3308823529411765	No-PER3D	No-Essential3D
91	I	78	-30.518	9.794	9.831	1.18	0.107448107448107	0.4019668980364405	-0.7364510113123032	11.247019320131354	0.07352941176470593	No-PER3D	No-Essential3D
92	P	79	-30.867	12.082	12.843	1.73	0.214896214896215	0.7096997540826822	-0.42665643100605705	11.247019320131354	0.07352941176470593	No-PER3D	No-Essential3D
93	N	80	-28.618	10.999	15.761	0.62	0.198203256597417	0.34958989059560197	-0.4201618726009322	11.247019320131354	0.07352941176470593	No-PER3D	No-Essential3D
94	F	81	-26.542	8.474	13.759	1.73	0.198041958041958	0.701334772403066	-0.14451147945734882	11.247019320131354	0.11029411764705883	No-PER3D	No-Essential3D
95	W	82	-23.183	9.709	15.114	0.34	0.214720194647202	0.8997322169964174	0.16676758608656467	11.247019320131354	0.11029411764705883	No-PER3D	No-Essential3D
96	V	83	-24.19	10.343	18.813	0.62	0.19949281487743	0.7469376538933605	-0.1935033131549389	11.247019320131354	0.07352941176470593	No-PER3D	No-Essential3D
97	T	84	-25.72	6.846	18.819	0.34	0.200226244343891	0.8498261863182405	0.12472460561604919	11.247019320131354	0.07352941176470593	No-PER3D	No-Essential3D
98	T	85	-22.588	5.373	17.202	0.34	0.198764738910724	0.9840930903241161	0.29659205204673506	11.247019320131354	0.04411764705882355	PER3D	No-Essential3D
99	F	86	-20.337	7.192	19.767	0.9	0.215506715506716	0.8492560700580551	0.26879450370936847	11.247019320131354	0.07352941176470593	No-PER3D	No-Essential3D
100	V	87	-22.464	6.487	22.864	-0.49	0.198365736827275	0.32045966453946456	0.07285067275792037	11.247019320131354	0.07352941176470593	No-PER3D	No-Essential3D
101	N	88	-22.439	2.849	21.74	0.06	0.199829690604598	0.5744412376071679	0.3738182495707904	3.6058019140482034	0.4264705882352941	No-PER3D	No-Essential3D
102	H	89	-18.618	2.884	21.484	1.73	0.217472118959108	1.047364449336258	0.5772865345387738	5.507618943343772	0.3308823529411765	No-PER3D	No-Essential3D
103	P	90	-16.921	1.782	24.748	1.73	0.218905472636816	0.6690178866594554	0.07438401150024776	0	0.9999999999999999	No-PER3D	No-Essential3D
104	Q	91	-14.03	4.322	24.546	0.9	0.328358208955224	0.9618725417128513	-0.13878226806208968	0	0.9999999999999999	No-PER3D	No-Essential3D
105	V	92	-15.793	7.296	22.94	0.9	0.329588014981273	0.7664534703644675	-0.3188618839692706	10.247019320131354	0.22794117647058817	No-PER3D	No-Essential3D
106	S	93	-18.832	6.751	25.217	0.9	0.328996282527881	0.4387384272329198	-0.39206683638171846	10.247019320131354	0.22794117647058817	No-PER3D	No-Essential3D
107	A	94	-16.683	7.297	28.314	-0.21	0.328996282527881	0.3717477704557474	-0.4891864258353273	0	0.9999999999999999	No-PER3D	No-Essential3D
108	L	95	-15.562	10.729	27.06	0.9	0.327490774907749	0.5978737513589337	-0.5926970792673518	0	0.9999999999999999	No-PER3D	No-Essential3D
109	L	96	-19.088	11.965	26.461	1.45	0.23750419322375	0.5431474934354553	-0.5987399977802781	0	0.9999999999999999	No-PER3D	No-Essential3D
110	G	97	-20.707	13.768	29.348	-0.21	0.235764235764236	0.17380404370511685	-0.5276018696181034	0	0.9999999999999999	No-PER3D	No-Essential3D
111	E	98	-24.471	14.303	29.222	-0.49	0.236430236430236	-0.3183963275882424	-0.4732195908595947	10.247019320131354	0.22794117647058817	No-PER3D	No-Essential3D
112	E	99	-23.656	17.776	27.847	0.62	0.235764235764236	0.42138142134247275	-0.05038150805861262	11.247019320131354	0.11764705882352937	No-PER3D	No-Essential3D
113	D	100	-21.388	16.795	24.919	1.18	0.216482164821648	0.6224764910065461	-0.11186661073949207	5.507618943343772	0.3308823529411765	No-PER3D	No-Essential3D
114	E	101	-24.145	14.237	24.122	-0.49	0.237918215613383	0.22209685878492036	-0.40908010771074393	11.247019320131354	0.07352941176470593	No-PER3D	No-Essential3D
115	E	102	-26.782	16.989	23.889	1.18	0.262172284644195	0.6430446309148207	-0.14856207562192655	11.247019320131354	0.04411764705882355	PER3D	Essential3D
116	A	103	-24.384	18.814	21.528	0.62	0.293233082706767	0.7304303608539049	0.33911487645183885	11.247019320131354	0.07352941176470593	No-PER3D	No-Essential3D
118	H	105	-27.423	15.68	18.494	-0.21	0.28996282527881	0.37570664499075995	-0.06913852879899805	11.247019320131354	0.11029411764705883	No-PER3D	No-Essential3D
119	Y	106	-26.564	18.508	16.165	1.73	0.32380073800738	0.7780678923911601	0.4492987399525677	11.247019320131354	0.15441176470588236	No-PER3D	No-Essential3D
120	L	107	-23.675	16.503	14.68	1.18	0.324349442379182	0.6132686609313301	0.19719017587073026	11.247019320131354	0.15441176470588236	No-PER3D	No-Essential3D
121	T	108	-24.934	15.463	11.23	0.34	0.321955719557196	0.17631527008926637	-0.03875842430157494	11.247019320131354	0.15441176470588236	No-PER3D	No-Essential3D
122	R	109	-21.715	14.292	9.585	0.06	0.321955719557196	0.5540754675906566	0.06458198406328938	11.247019320131354	0.15441176470588236	No-PER3D	No-Essential3D
123	V	110	-18.279	12.926	10.388	1.18	0.322222222222222	0.7792132152352826	0.13226727711152828	1.4638157316319564	1	No-PER3D	No-Essential3D
124	E	111	-15.514	12.722	7.735	0.9	0.365546218487395	0.24677732804452832	0.4328268206044761	2.569049692231909	0.5147058823529412	No-PER3D	No-Essential3D
125	V	112	-12.198	10.964	8.271	1.73	0.429274292742927	0.2733667838767025	0.7435426384521876	0	1	No-PER3D	No-Essential3D
126	T	113	-9.698	11.723	5.436	-0.49	0.426814268142681	-0.5664015815263459	0.744360994496002	0	1	No-PER3D	No-Essential3D
127	E	114	-6.235	10.184	5.428	1.18	0.508424908424908	-1.0968765066746777	0.8342997007518385	0	1	No-PER3D	No-Essential3D
128	F	115	-3.522	11.727	3.252	-0.21	0.631386861313869	-1.4487436388537838	1.1014594556321093	0	1	No-PER3D	No-Essential3D
129	E	116	-0.81	9.009	3.644	-0.49	0.535327488396081	-1.8936738664454997	0.5460898692726137	0	1	No-PER3D	No-Essential3D
130	D	117	0.744	9.479	0.178	-0.77	0.465377697841727	-2.1295700643411997	0.6733743575980894	0	1	No-PER3D	No-Essential3D
131	I	118	3.661	11.833	0.963	-0.77	0.53186022610483	-2.386642377574011	1.5674177576151223	0	1	No-PER3D	No-Essential3D
132	K	119	2.645	11.74	4.68	-0.49	0.535327488396081	-2.0050272845063026	1.4853965901411077	0	1	No-PER3D	No-Essential3D
133	S	120	0.329	14.422	6.033	-0.77	0.628623188405797	-1.498377289740509	1.0841999816567165	0	0.9999999999999999	No-PER3D	No-Essential3D
134	G	121	-1.474	12.231	8.567	0.62	0.629090909090909	-0.8507763210279983	0.8036420860390585	0	1	No-PER3D	No-Essential3D
135	Y	122	-5.284	12.556	8.655	0.62	0.539220779220779	-0.8272227494249381	0.8169963755237453	0	1	No-PER3D	No-Essential3D
136	R	123	-8.193	14.785	9.49	1.18	0.538819875776398	0.09909505877666026	0.8349642966555043	0	1	No-PER3D	No-Essential3D
137	I	124	-11.538	14.394	11.232	0.9	0.468075539568345	0.5430864919848281	0.6981006643055654	0	1	No-PER3D	No-Essential3D
138	D	125	-14.284	16.893	10.344	-0.21	0.468075539568345	0.6549550189082167	0.8492669589451747	0	1	No-PER3D	No-Essential3D
139	F	126	-17.401	17.203	12.545	0.9	0.554756195043965	0.7634990863831149	0.5662771849331502	11.247019320131354	0.15441176470588236	No-PER3D	No-Essential3D
140	Y	127	-20.327	19.032	10.872	0.62	0.554360812425329	0.5558568301488712	0.8325434982409627	11.247019320131354	0.20588235294117654	No-PER3D	No-Essential3D
141	F	128	-23.038	20.573	13.132	1.73	0.496797153024911	0.6140480070505492	0.7705290196694756	11.247019320131354	0.20588235294117654	No-PER3D	No-Essential3D
142	D	129	-26.409	22.074	12.37	0.34	0.496797153024911	0.8140575879074811	0.9255438764066268	1.914913559358507	0.9999999999999999	No-PER3D	No-Essential3D
143	E	130	-27.31	25.353	14.049	-0.49	0.49469964664311	0.8200262998929965	1.242324500511994	2.569049692231909	0.5147058823529412	No-PER3D	No-Essential3D
144	N	131	-27.122	24.743	17.804	1.73	0.549666274047899	0.7701061632868673	1.181464679594317	2.569049692231909	0.5147058823529412	No-PER3D	No-Essential3D
145	P	132	-27.229	26.519	21.218	1.73	0.553191489361702	0.5043727531822891	1.0607821336474144	2.569049692231909	0.5147058823529412	No-PER3D	No-Essential3D
146	Y	133	-23.535	25.78	22.073	1.73	0.622775800711744	0.5577426553262402	0.9281722012059558	1.914913559358507	0.9999999999999999	No-PER3D	No-Essential3D
147	F	134	-21.279	27.189	19.331	1.73	0.618794326241135	0.6907579322136664	1.2623169833108001	0	1	No-PER3D	No-Essential3D
148	E	135	-21.181	29.205	16.112	0.34	0.622775800711744	0.5952533412189512	1.53267803510327	0	1	No-PER3D	No-Essential3D
149	N	136	-18.957	26.873	14.078	1.73	0.627240143369176	0.8204448376236878	1.5132130864925668	0	0.5147058823529411	No-PER3D	No-Essential3D
150	K	137	-20.513	24.781	11.3	0.06	0.570218312153796	0.6798161601112996	1.3745958692312223	0	1	No-PER3D	No-Essential3D
151	V	138	-17.553	22.371	11.237	0.62	0.629496402877698	0.8403552753837328	1.1116292771324403	0	0.5147058823529411	No-PER3D	No-Essential3D
152	L	139	-15.12	21.354	13.985	0.9	0.627697841726619	0.908965567664968	0.8557339080145716	0	0.5147058823529411	No-PER3D	No-Essential3D
153	S	140	-12.006	19.688	12.572	0.06	0.62589928057554	0.8808357817973549	0.74892794353462	0	1	No-PER3D	No-Essential3D
154	K	141	-8.909	18.1	13.941	1.73	0.413997627520759	0.6311115852397629	0.47583100079513535	0	1	No-PER3D	No-Essential3D
155	E	142	-5.725	17.176	12.07	-0.21	0.413997627520759	0.18083547758073618	0.6899273293565314	0	1	No-PER3D	No-Essential3D
156	F	143	-3.081	14.779	13.347	1.18	0.416666666666667	-0.15466436734167613	0.5733604762222589	0	1	No-PER3D	No-Essential3D
157	H	144	0.297	14.43	11.743	-1.05	0.415183867141162	-0.5969141629212192	0.8232111910390758	0	1	No-PER3D	No-Essential3D
165	S	152	1.366	17.023	16.26	0.34	0.254744525547445	-0.2661628187979268	0.6231168884248943	0	1	No-PER3D	No-Essential3D
166	S	153	-2.274	18.206	15.93	1.73	0.254744525547445	0.3632222623952725	0.46841593852482255	0	1	No-PER3D	No-Essential3D
167	K	154	-4.161	21.326	14.676	-0.21	0.347107438016529	0.23363674190138126	0.6329725490698977	0	1	No-PER3D	No-Essential3D
168	S	155	-7.761	22.03	15.723	1.73	0.509090909090909	0.6823273864954494	0.502080738253042	0	1	No-PER3D	No-Essential3D
169	T	156	-10.703	24.419	15.19	1.73	0.509090909090909	1.023156611855335	0.9059846314716072	0	0.5147058823529411	No-PER3D	No-Essential3D
170	E	157	-11.045	27.232	17.696	-0.77	0.457875457875458	1.2521246530590369	0.8692510577608686	0	1	No-PER3D	No-Essential3D
171	I	158	-14.563	26.749	19.051	1.73	0.480383211678832	1.0991909662643147	1.0346013586248777	0	1	No-PER3D	No-Essential3D
172	K	159	-16.565	29.987	19.215	-0.21	0.510545454545455	0.7592785378383253	1.4109284805927327	0	1	No-PER3D	No-Essential3D
173	W	160	-18.886	29.336	22.173	1.73	0.554800724637681	0.6057349817788809	1.3881093627259156	0	1	No-PER3D	No-Essential3D
174	K	161	-22.054	31.524	22.369	-0.21	0.552797833935018	0.4570703798372132	1.6207568363437532	0	1	No-PER3D	No-Essential3D
175	S	162	-22.505	33.103	25.863	-0.77	0.552797833935018	-0.02983358671866636	1.6505859156940397	0	1	No-PER3D	No-Essential3D
176	G	163	-21.673	31.128	29.054	0.06	0.55238309352518	0.03920230951468781	1.600734020738187	0	0.9999999999999999	No-PER3D	No-Essential3D
177	K	164	-22.285	28.041	26.864	0.34	0.473826714801444	0.5416987089830613	1.2041422822138421	0	1	No-PER3D	No-Essential3D
178	D	165	-18.572	27.082	27.133	-0.21	0.474184782608696	0.6810717733033744	0.8447497749653171	0	1	No-PER3D	No-Essential3D
202	F	189	-15.306	15.743	24.985	1.73	0.249645390070922	0.4751512098030918	-0.5175569056817556	0	1	No-PER3D	No-Essential3D
203	F	190	-14.789	19.161	23.364	1.73	0.247887323943662	1.1627076749806553	0.30790723237452294	0	1	No-PER3D	No-Essential3D
204	T	191	-11.544	19.456	25.425	0.62	0.136662795199381	1.5181472346866385	-0.1617939165525866	0	1	No-PER3D	No-Essential3D
205	W	192	-10.24	17.28	22.544	1.73	0.137140637140637	1.1782945973650332	0.06049666208193005	0	1	No-PER3D	No-Essential3D
206	F	193	-10.205	20.475	20.428	1.73	0.136752136752137	0.8275264960269905	0.4033229196060778	0	1	No-PER3D	No-Essential3D
207	T	194	-7.906	22.45	22.818	1.18	0.136752136752137	1.5342609373182663	0.16096327966408128	0	1	No-PER3D	No-Essential3D
214	A	201	-5.456	13.501	20.814	0.06	0.275396825396825	0.9275737551715182	-0.17049135392915094	0	1	No-PER3D	No-Essential3D
215	D	202	-3.75	10.376	19.324	0.9	0.276383910792513	0.20028606739251434	0.20658597813191093	0	1	No-PER3D	No-Essential3D
216	E	203	-5.855	7.79	21.146	0.62	0.250359712230216	0.5963178828383191	-0.09600214358807742	0	1	No-PER3D	No-Essential3D
217	L	204	-9.37	9.153	20.328	1.45	0.250359712230216	1.2499944403331722	-0.18095820666469273	0	1	No-PER3D	No-Essential3D
218	G	205	-8.338	10.065	16.793	-0.49	0.249285714285714	0.581079304552683	0.4278635369263794	0	1	No-PER3D	No-Essential3D
219	E	206	-7.045	6.514	16.203	0.9	0.276789244760775	0.44694820579648636	0.6059232087999805	0	0.9999999999999999	No-PER3D	No-Essential3D
220	V	207	-10.221	5.044	17.67	1.18	0.309187279151943	1.0652894100782926	0.3390492670927302	0	0.9999999999999999	No-PER3D	No-Essential3D
221	I	208	-12.473	7.04	15.327	1.45	0.27483313702395	0.8425077551415754	0.47866600030093065	3.6058019140482034	0.4264705882352941	No-PER3D	No-Essential3D
222	K	209	-10.178	6.575	12.326	0.06	0.275019700551615	0.6452218518193052	0.7231670352464226	0	1	No-PER3D	No-Essential3D
223	D	210	-9.309	2.865	12.76	-0.49	0.498924731182796	0.7518883573363987	0.7154876226047927	0	0.9999999999999999	No-PER3D	No-Essential3D
224	D	211	-12.268	1.4	14.667	1.18	0.499280575539568	1.239819643776703	0.5821887001315253	0	0.9999999999999999	No-PER3D	No-Essential3D
225	I	212	-15.375	3.357	13.803	1.45	0.499638989169675	1.0446973537282642	0.5445367363409049	10.247019320131354	0.22794117647058817	No-PER3D	No-Essential3D
226	W	213	-14.749	4.888	10.365	1.73	0.626353790613718	0.9615190553010061	0.6065218693853662	10.247019320131354	0.22794117647058817	No-PER3D	No-Essential3D
227	P	214	-14.383	1.61	8.372	-0.77	0.626811594202899	0.7174845558735463	0.3551379324204732	0	0.9999999999999999	No-PER3D	No-Essential3D
228	N	215	-17.759	0.453	9.778	1.73	0.622302158273381	0.9246607325659044	0.8897173593909233	10.247019320131354	0.22794117647058817	No-PER3D	No-Essential3D
229	P	216	-19.724	2.772	12.114	1.73	0.565729234793983	0.7819774152846662	0.48406393894255373	10.247019320131354	0.22794117647058817	No-PER3D	No-Essential3D
230	L	217	-22.803	0.646	11.575	1.73	0.565729234793983	1.0728230892307418	0.7966975661272183	10.247019320131354	0.22794117647058817	No-PER3D	No-Essential3D
231	Q	218	-21.699	-2.076	13.943	0.9	0.674025974025974	0.9594213925149252	1.1598376355539857	10.247019320131354	0.22794117647058817	No-PER3D	No-Essential3D
232	Y	219	-21.855	0.474	16.759	1.18	0.720833333333333	0.927944643991331	0.7391933303446344	10.247019320131354	0.22794117647058817	No-PER3D	No-Essential3D
233	Y	220	-24.995	2.201	15.536	1.73	0.755543388995346	1.1416088554052797	0.5204996882157484	5.507618943343772	0.3308823529411765	No-PER3D	No-Essential3D
234	L	221	-26.826	-1.148	15.774	0.34	0.813238770685579	0.6980225513963858	0.8909274152173996	10.247019320131354	0.22794117647058817	No-PER3D	No-Essential3D
235	V	222	-24.872	-3.274	18.283	-1.32	0.808009422850412	0.7925702247596252	1.0129209655647007	0	0.9999999999999999	No-PER3D	No-Essential3D
