Uniprot_position	aminoacid	Position_in_structure	x	y	z	paraz	mtr	paraz3dscore	mtr3dscore	PER3D_OR	PER3D_pvalue	PER3D	Essential3D
28	K	28	-57.981	46.744	-13.445	-0.39	0.311170212765957	0.18553030842766446	-0.3816332519738165	0	1	No-PER3D	No-Essential3D
29	V	29	-58.897	49.056	-10.572	0.64	0.233377659574468	-0.49481812104156014	-0.6651089005568911	0	1	No-PER3D	No-Essential3D
30	V	30	-57.008	49.119	-7.255	0.64	0.190269094862734	-0.8437730340420908	-0.7391080002829897	66.15314781386846	0.08792270531400967	No-PER3D	No-Essential3D
31	K	31	-58.822	50.683	-4.311	-0.39	0.112431737873434	-0.9724943341531103	-0.8589851348274511	66.15314781386846	0.08792270531400967	No-PER3D	No-Essential3D
32	F	32	-57.235	51.715	-1.033	1.33	0.123239436619718	-0.407189243325924	-0.8577513507745466	66.15314781386846	0.08792270531400967	No-PER3D	No-Essential3D
33	S	33	-57.928	54.468	1.504	-0.39	0.154049295774648	0.15744106917589418	-0.9955547241031141	66.15314781386846	0.08792270531400967	No-PER3D	No-Essential3D
34	Y	34	-56.233	56.41	4.281	-0.39	0	0.44864611157186773	-1.0138445152915345	66.15314781386846	0.08792270531400967	No-PER3D	No-Essential3D
35	M	35	-57.301	57.98	7.578	1.33	0	0.840978536267732	-1.0977077518910654	0	1	No-PER3D	No-Essential3D
36	W	36	-55.387	60.993	8.859	0.64	0	1.0722749667106055	-0.9798708397652932	0	1	No-PER3D	No-Essential3D
37	T	37	-56.209	62.441	12.25	1.33	0	0.7452064111962949	-1.1184924981303064	0	1	No-PER3D	No-Essential3D
38	I	38	-54.745	65.846	12.95	-0.73	0	0.4877482423603095	-0.9612976622077004	0	1	No-PER3D	No-Essential3D
39	N	39	-54.748	66.423	16.718	1.33	0	0.33352188940137256	-1.1336350414538827	0	1	No-PER3D	No-Essential3D
40	N	40	-55.51	69.873	18.215	0.99	0	-0.03095951070808446	-1.060534277142512	0	1	No-PER3D	No-Essential3D
41	F	41	-56.446	71.169	14.776	-0.04	0.208033573141487	0.111074754349635	-0.9405768142744949	0	1	No-PER3D	No-Essential3D
42	S	42	-57.544	74.725	15.571	-0.73	0.208033573141487	-0.19663930831123758	-0.8505517487831799	2.334662993407307	0.5207729468599035	No-PER3D	No-Essential3D
43	F	43	-54.332	74.893	17.614	0.3	0.178699436763953	0.2733647651114622	-0.9682579038721313	0	1	No-PER3D	No-Essential3D
44	C	44	-51.808	74.346	14.801	-0.73	0.178699436763953	0.3137222756644973	-0.8825133792172075	0	1	No-PER3D	No-Essential3D
45	R	45	-49.999	77.588	13.981	-1.08	0.157823741007194	0.4213247509568668	-0.7754748737515967	0	1	No-PER3D	No-Essential3D
46	E	46	-49.88	77.073	10.205	1.33	0.25089605734767	0.5113813983313457	-0.7991810314888977	0	1	No-PER3D	No-Essential3D
47	E	47	-50.666	80.378	8.495	1.33	0.250179211469534	0.732082069639257	-1.0294699850950395	66.15314781386846	0.3043478260869565	No-PER3D	No-Essential3D
48	M	48	-51.96	81.119	5.01	0.64	0.249462365591398	0.6718655015506413	-1.0883724136798878	66.15314781386846	0.3043478260869565	No-PER3D	No-Essential3D
49	G	49	-49.67	79.253	2.627	-0.39	0.278177458033573	0.77523826749941	-1.0262437660225996	66.15314781386846	0.3043478260869565	No-PER3D	No-Essential3D
50	E	50	-48.217	76.826	5.161	1.33	0.27938808373591	0.5788954003753252	-0.9373078916031141	0	1	No-PER3D	No-Essential3D
51	V	51	-48.733	73.146	4.399	0.64	0.27938808373591	0.507146735337853	-0.8262993007146762	66.15314781386846	0.3043478260869565	No-PER3D	No-Essential3D
52	I	52	-48.696	70.032	6.578	-0.04	0.279181708784597	0.5807689808456339	-0.8500776224087304	66.15314781386846	0.3043478260869565	No-PER3D	No-Essential3D
53	K	53	-48.269	66.628	4.916	-0.04	0.316363636363636	1.155603724060333	-0.9281438163954776	66.15314781386846	0.3043478260869565	No-PER3D	No-Essential3D
54	S	54	-49.235	63.211	6.304	-0.39	0.359213250517598	1.2253891711532583	-0.9108007944346792	66.15314781386846	0.3043478260869565	No-PER3D	No-Essential3D
55	S	55	-47.219	59.998	6.585	1.33	0.36128364389234	1.1590014875618928	-0.8857254088091436	0	1	No-PER3D	No-Essential3D
56	T	56	-46.916	58.025	3.361	1.33	0.364495798319328	1.1900370948660055	-0.8575634560775246	0	1	No-PER3D	No-Essential3D
57	F	57	-49.235	55.13	2.523	-0.04	0.31959706959707	0.3942281152314545	-0.6066598489260778	0	1	No-PER3D	No-Essential3D
58	S	58	-49.643	52.455	-0.168	0.3	0.317518248175182	0.17192333983827998	-0.5462275965027561	0	1	No-PER3D	No-Essential3D
59	S	59	-52.202	49.976	-1.55	-0.39	0.316605839416058	-0.3644776850800876	-0.3999639293061767	0	1	No-PER3D	No-Essential3D
62	N	62	-46.955	44.631	-3.674	-0.04	0.281644281644282	0.16619408990590753	0.6081679094518823	0	0.2978766430738119	No-PER3D	No-Essential3D
63	D	63	-47.598	48.177	-4.843	-1.08	0.282082820828208	0.8154222754242909	-0.18834044013885567	0	1	No-PER3D	No-Essential3D
64	K	64	-44.508	50.188	-5.75	-0.04	0.285240464344942	0.4626827739061801	-0.4143972334282523	0	1	No-PER3D	No-Essential3D
65	L	65	-46.278	53.521	-5.282	0.3	0.287631027253669	0.13883692147882928	-0.8542067306920634	0	1	No-PER3D	No-Essential3D
66	K	66	-46.053	55.743	-2.179	-0.04	0.286549707602339	0.15115480883342997	-0.6925156725692229	0	1	No-PER3D	No-Essential3D
67	W	67	-48.672	58.474	-1.569	1.33	0.286792452830189	-0.08721504171825703	-0.8228726760780888	66.15314781386846	3.2059976818170577e-4	PER3D	No-Essential3D
68	C	68	-49.384	61.109	1.073	1.33	0.289818335445712	0.3682695093956264	-0.7881113175284628	66.15314781386846	0.0014605100550499942	PER3D	Essential3D
69	L	69	-51.992	63.775	1.846	-0.04	0.263320463320463	0.42421019441844676	-0.9118557561812608	48.40168073820148	1.5961581630668187e-5	PER3D	Essential3D
70	R	70	-51.413	67.531	1.851	0.64	0.264341085271318	0.7571360664831098	-0.8142776468492557	27.978774467152313	4.3239866170148025e-4	PER3D	Essential3D
71	V	71	-53.444	70.09	3.734	-0.04	0.266147859922179	0.7563068329402665	-0.8443500720114939	18.183948682367006	3.813590195758091e-4	PER3D	Essential3D
72	N	72	-53.218	73.886	3.922	-0.73	0.165057915057915	0.16271008656865407	-0.8391446851547106	10.502397816075982	0.006140718636711151	PER3D	Essential3D
73	P	73	-55.132	74.857	7.105	-0.39	0.146289146289146	0.29329297656353776	-0.8505231925042682	3.946957800440706	0.15654012317308574	No-PER3D	No-Essential3D
74	K	74	-55.4	78.405	5.753	-0.73	0.165697674418605	0.09979947577026917	-0.9244684747436834	4.957287659092514	0.21581027667984198	No-PER3D	No-Essential3D
75	G	75	-55.508	77.731	1.994	-0.39	0.165856031128405	0.27619568860745797	-0.9236172901519835	7.867062430991201	0.020411518574235277	PER3D	Essential3D
76	L	76	-52.999	79.205	-0.488	1.33	0.188086045228902	0.7860273169644484	-1.0182561312549085	3.946957800440706	0.15654012317308574	No-PER3D	No-Essential3D
77	D	77	-54.412	81.974	-2.696	-0.04	0	0.6962339623258321	-1.1571824148353047	2.334662993407307	0.5207729468599035	No-PER3D	No-Essential3D
80	S	80	-57.952	80.923	-0.407	0.64	0	0.09422038763047909	-0.9873193452535554	5.724569679903492	0.06016588982876683	No-PER3D	No-Essential3D
81	K	81	-57.599	82.02	3.237	-0.04	0	0.1893601874585439	-0.9613138525463579	4.957287659092514	0.21581027667984198	No-PER3D	No-Essential3D
82	D	82	-61.014	80.919	4.538	0.64	0	0.2233075501692451	-0.8730519914542215	2.4446397444031875	0.5744706927720072	No-PER3D	No-Essential3D
83	Y	83	-60.772	77.369	3.206	0.64	0	0.2721852136547973	-0.8693870648368814	3.7357151426920945	0.1760559054253103	No-PER3D	No-Essential3D
84	L	84	-58.797	74.199	3.858	1.33	0	0.5875088068077443	-0.8437077338536558	6.866006552887715	0.015153855439357973	PER3D	Essential3D
85	S	85	-56.757	72.972	0.881	-1.08	0	0.21880254029843538	-0.9145998934815881	24.110373749575306	7.686115462152547e-5	PER3D	Essential3D
86	L	86	-56.511	69.174	0.571	1.33	0	0.3867702123022456	-1.0226461364818262	46.34684249314975	1.8028573778918749e-6	PER3D	Essential3D
87	Y	87	-54.416	67.325	-2.043	-0.73	0	-0.03324668975210541	-0.9360568932826658	24.110373749575306	7.686115462152547e-5	PER3D	No-Essential3D
88	L	88	-53.403	63.761	-2.922	-0.73	0	-0.44769504034779684	-0.8692428116810827	48.40168073820148	1.5961581630668187e-5	PER3D	No-Essential3D
89	L	89	-49.703	63.611	-3.674	-0.73	0	0.2748949940282167	-0.8138775889472879	48.40168073820148	1.5961581630668187e-5	PER3D	Essential3D
90	L	90	-47.78	60.826	-5.384	1.33	0	0.11093069993323197	-0.9052683618308645	66.15314781386846	0.0014605100550499942	PER3D	Essential3D
91	V	91	-44.48	60.849	-3.477	0.64	0	0.4145570744742519	-0.8893464798438722	66.15314781386846	0.3043478260869565	No-PER3D	No-Essential3D
92	S	92	-42.652	57.95	-5.102	0.64	0	0.35239471270801115	-0.930765582051719	0	1	No-PER3D	No-Essential3D
93	C	93	-43.105	55.738	-8.15	0.64	0	-0.08775491334649982	-1.096289641731226	0	1	No-PER3D	No-Essential3D
94	P	94	-40.879	53.755	-10.591	1.33	0	-0.18400631221035643	-1.3090356982325286	0	1	No-PER3D	No-Essential3D
95	K	95	-40.852	56.467	-13.256	-0.39	0	-0.4074470595728806	-1.3299916573139579	0	1	No-PER3D	No-Essential3D
97	E	97	-47.188	57.627	-14.5	0.3	0	-0.31662542712220426	-1.0593868617430502	0	1	No-PER3D	No-Essential3D
98	V	98	-50.438	56.729	-12.698	-0.04	0	-0.46179068025494263	-0.9025274223908384	0	1	No-PER3D	No-Essential3D
99	R	99	-54.151	57.224	-13.513	-0.73	0	-0.49314708981128474	-0.7594948230358926	66.15314781386846	3.2059976818170577e-4	PER3D	No-Essential3D
100	A	100	-56.212	57.78	-10.384	-0.04	0	-0.7138186997064956	-0.9179535211357939	66.15314781386846	6.411995363634106e-5	PER3D	No-Essential3D
101	K	101	-59.6	58.877	-9.091	-0.04	0	-0.680302587602117	-0.9645006898451006	66.15314781386846	6.411995363634106e-5	PER3D	No-Essential3D
102	F	102	-59.857	60.08	-5.497	-0.04	0	-0.4574127296561671	-1.063473105817476	65.15314781386846	2.4283431882555063e-6	PER3D	No-Essential3D
103	K	103	-62.43	61.187	-2.921	-0.39	0	-0.31852432624751714	-1.218701020127137	65.15314781386846	2.4283431882555063e-6	PER3D	No-Essential3D
104	F	104	-61.902	63.232	0.251	-0.73	0	0.3494923953080593	-1.2769008045757968	24.110373749575306	7.686115462152547e-5	PER3D	Essential3D
105	S	105	-64.167	63.442	3.285	0.3	0	0.5750350501535128	-1.3548334801719262	21.278827348557623	0.001859478655453896	PER3D	Essential3D
106	I	106	-64.22	64.143	7.014	-0.04	0	1.0016580901792962	-1.3651237197443922	0	1	No-PER3D	No-Essential3D
107	L	107	-65.181	61.547	9.607	0.99	0	1.0371833108748243	-1.3676317523855985	0	1	No-PER3D	No-Essential3D
108	N	108	-67.488	62.328	12.512	1.33	0	0.7076082085151009	-1.1612710778814828	0	1	No-PER3D	No-Essential3D
109	A	109	-67.559	60.733	15.972	-0.04	0	0.29487605878169326	-1.2830542637914626	0	1	No-PER3D	No-Essential3D
110	K	110	-69.481	57.676	14.735	-0.39	0	0.6061343779821202	-1.549205534537671	0	1	No-PER3D	No-Essential3D
111	G	111	-66.922	57.23	11.961	-1.08	0	1.2209791564026822	-1.4256880285170315	0	1	No-PER3D	No-Essential3D
112	E	112	-69.269	58.29	9.173	1.33	0	1.2482640440450097	-1.490405298763085	0	1	No-PER3D	No-Essential3D
113	E	113	-68.328	60.31	6.087	1.33	0	0.908392376599607	-1.6035302160378315	0	1	No-PER3D	No-Essential3D
114	T	114	-69.397	63.911	5.732	-0.04	0	1.400902539273821	-1.258810993610056	0	1	No-PER3D	No-Essential3D
115	K	115	-68.553	66.855	3.441	-0.04	0	0.9607837630266381	-1.0883618462553215	1.15016257839004	1	No-PER3D	No-Essential3D
116	A	116	-67.218	64.527	0.742	1.33	0	0.9583251675121809	-1.432593217120772	11.611406655639518	0.024828670935849884	PER3D	Essential3D
117	M	117	-65.735	65.903	-2.446	0.64	0	0.2755272761153479	-1.2550635082724984	10.502397816075982	0.006140718636711151	PER3D	Essential3D
118	E	118	-64.473	63.666	-5.246	-1.08	0.158967391304348	-0.7593980658351472	-1.1748974304885018	65.15314781386846	2.4283431882555063e-6	PER3D	No-Essential3D
119	S	119	-62.759	63.982	-8.614	-0.39	0.158514492753623	-1.0666964243873107	-1.1572517050777364	65.15314781386846	2.4283431882555063e-6	PER3D	No-Essential3D
120	Q	120	-65.105	63.593	-11.57	0.3	0.278773397052967	-0.2892812797176996	-1.1651127440040034	66.15314781386846	0.006134142231209969	PER3D	No-Essential3D
121	R	121	-62.492	61.498	-13.349	-0.73	0.249110320284698	-1.412214266462693	-0.8449079573800374	66.15314781386846	6.411995363634106e-5	PER3D	No-Essential3D
122	A	122	-59.093	59.89	-12.921	-1.08	0.250714285714286	-1.0193700154179755	-0.8243155812485377	66.15314781386846	6.411995363634106e-5	PER3D	No-Essential3D
123	Y	123	-56.17	62.297	-12.98	-0.04	0.228907782864617	-0.9142469598406574	-0.9909477518733452	66.15314781386846	6.411995363634106e-5	PER3D	No-Essential3D
124	R	124	-52.678	61.634	-14.324	-0.39	0.228739002932551	-1.3155618201035706	-0.9427228379543825	66.15314781386846	3.2059976818170577e-4	PER3D	No-Essential3D
125	F	125	-49.996	61.517	-11.644	0.3	0.228907782864617	-0.28305812892908816	-1.0570222181332805	66.15314781386846	3.2059976818170577e-4	PER3D	No-Essential3D
126	V	126	-46.203	61.485	-11.838	-2.46	0.209832134292566	-0.12008936765232663	-1.1893340782189854	66.15314781386846	0.023978919631093547	PER3D	No-Essential3D
127	Q	127	-43.617	61.609	-9.073	-2.46	0.209080047789725	0.144896226026871	-1.0702629357227096	66.15314781386846	0.023978919631093547	PER3D	Essential3D
128	G	128	-44.082	64.811	-7.093	-2.46	0.288461538461538	-0.03486677490828693	-1.04898219793064	66.15314781386846	0.006134142231209969	PER3D	No-Essential3D
129	K	129	-47.384	65.741	-8.693	1.33	0.290536801328168	0.05160909125845926	-1.0563714660734334	66.15314781386846	0.0014605100550499942	PER3D	Essential3D
130	D	130	-50.546	66.359	-6.671	0.64	0.314748201438849	-0.13209653560535312	-1.0339629886518729	48.40168073820148	1.5961581630668187e-5	PER3D	No-Essential3D
131	W	131	-54.24	66.902	-7.364	-0.04	0.316787003610108	-0.8245027531794021	-0.987100213281892	65.15314781386846	2.4283431882555063e-6	PER3D	No-Essential3D
132	G	132	-56.944	68.026	-4.984	1.33	0.314285714285714	0.026543622804329897	-1.0492755004070524	32.69910726555297	1.3061601964436835e-5	PER3D	Essential3D
133	F	133	-59.2	70.887	-3.99	-0.73	0.314056939501779	0.10076975196849351	-1.135563928147487	46.34684249314975	1.8028573778918749e-6	PER3D	Essential3D
134	K	134	-58.049	74.415	-3.239	-0.39	0.314056939501779	0.18875301151462395	-1.0467193337594571	24.110373749575306	7.686115462152547e-5	PER3D	Essential3D
135	K	135	-61.335	75.058	-1.427	-0.73	0.289898713386258	-0.1921043866339982	-1.1660814709839484	10.502397816075982	0.006140718636711151	PER3D	No-Essential3D
136	F	136	-62.186	71.735	0.255	-0.04	0.291758241758242	0.19615329267727163	-1.129395244737522	10.502397816075982	0.006140718636711151	PER3D	Essential3D
137	I	137	-64.182	73.171	3.158	1.33	0.291758241758242	0.16771880964597444	-1.0950574148526584	3.7357151426920945	0.1760559054253103	No-PER3D	No-Essential3D
138	R	138	-64.623	76.53	4.934	-2.46	0.317204301075269	-0.1689670311378788	-0.9022786862481346	5.137431731338741	0.044196185136775534	PER3D	No-Essential3D
139	R	139	-62.905	76.869	8.298	-2.46	0.317204301075269	-0.23259475875220711	-0.7737159663021208	2.574461756293731	0.3496592599899709	No-PER3D	No-Essential3D
141	F	141	-68.126	75.373	8.9	0.64	0.348539547095504	0.07482763045807375	-0.6252738508160832	3.946957800440706	0.15654012317308574	No-PER3D	No-Essential3D
142	L	142	-65.338	73.21	10.295	1.33	0.379285714285714	0.13375914270812178	-0.7927896953254108	3.946957800440706	0.15654012317308574	No-PER3D	No-Essential3D
143	L	143	-64.924	75.24	13.495	0.99	0.344805194805195	-0.19326125440880418	-0.686700811799663	3.946957800440706	0.15654012317308574	No-PER3D	No-Essential3D
144	D	144	-68.663	75.353	14.279	-0.73	0.346753246753247	-1.346041429743792	-0.3227949897233256	2.4446397444031875	0.5744706927720072	No-PER3D	No-Essential3D
145	E	145	-69.087	72.787	17.087	-0.04	0.345779220779221	-0.641377389532175	-0.4908547356375128	1.15016257839004	1	No-PER3D	No-Essential3D
146	A	146	-72.685	72.479	15.886	-1.08	0.345779220779221	0.31228996318140423	-0.3796923269382019	1.15016257839004	1	No-PER3D	No-Essential3D
147	N	147	-71.397	70.288	13.042	0.64	0.316964285714286	-0.030271439025029916	-0.8012469486531829	1.15016257839004	1	No-PER3D	No-Essential3D
148	G	148	-69.177	68.12	15.253	0.3	0.318996415770609	0.21724170680334576	-0.9591385309459778	1.15016257839004	1	No-PER3D	No-Essential3D
149	L	149	-66.326	67.597	12.802	-0.73	0.21115065243179101	0.33352188940137256	-1.0000161184520526	1.15016257839004	1	No-PER3D	No-Essential3D
150	L	150	-63.665	68.373	15.396	-0.39	0.211743772241993	0.36103797769219365	-0.8590686327793231	1.15016257839004	1	No-PER3D	No-Essential3D
151	P	151	-64.403	66.21	18.425	-1.42	0.116324535679374	0.23765056822910796	-1.01799401221596	1.15016257839004	1	No-PER3D	No-Essential3D
152	D	152	-61.615	66.768	20.981	-0.04	0.129136690647482	0.38447851232929664	-1.039139849319566	0	1	No-PER3D	No-Essential3D
153	D	153	-60.235	69.246	18.476	-1.08	0.128214285714286	0.3305986531826813	-0.9324203585925592	2.334662993407307	0.5207729468599035	No-PER3D	No-Essential3D
154	K	154	-59.125	66.377	16.237	-0.73	0.256428571428571	0.726448626561941	-1.062963598995967	0	1	No-PER3D	No-Essential3D
155	L	155	-59.612	66.489	12.479	0.64	0.258064516129032	0.501876051852637	-1.1347362913065344	0	1	No-PER3D	No-Essential3D
156	T	156	-59.881	63.108	10.816	0.64	0.256939501779359	0.7743300983525213	-1.2993071846062865	0	1	No-PER3D	No-Essential3D
157	L	157	-59.617	63.322	7.039	1.33	0.285488335310399	0.8544202380321442	-1.330440439210475	66.15314781386846	0.3043478260869565	No-PER3D	No-Essential3D
158	F	158	-60.449	60.322	4.88	-0.04	0.283470749901845	0.7133374584474734	-1.4324930852750182	66.15314781386846	0.023978919631093547	PER3D	Essential3D
159	C	159	-59.048	59.702	1.403	1.33	0.141735374950923	0.4703952257382199	-1.2506351832805531	66.15314781386846	0.006134142231209969	PER3D	Essential3D
160	E	160	-60.311	57.085	-1.047	-2.46	0.141236306729264	0.11854863642419285	-1.1993377964092575	66.15314781386846	0.023978919631093547	PER3D	Essential3D
161	V	161	-58.137	56.291	-4.074	-2.46	0.256028368794326	-0.3772032306029532	-1.0470828173156985	66.15314781386846	1.150870962703559e-5	PER3D	No-Essential3D
162	S	162	-58.834	54.277	-7.232	-2.46	0.257857142857143	-1.1045140330257954	-0.9631646392083874	66.15314781386846	0.023978919631093547	PER3D	No-Essential3D
163	V	163	-55.853	53.581	-9.487	0.3	0.384341637010676	-0.5168757332811938	-0.7936240338750584	66.15314781386846	0.023978919631093547	PER3D	No-Essential3D
164	V	164	-56.918	52.509	-12.971	-1.08	0.382978723404255	-0.39259460186776307	-0.7897233951298235	66.15314781386846	0.023978919631093547	PER3D	No-Essential3D
165	Q	165	-54.962	50.553	-15.572	-0.04	0.387096774193548	-0.1489146563745754	-0.6893238594888988	0	1	No-PER3D	No-Essential3D
166	D	166	-55.983	49.354	-19.025	1.33	0.434416365824308	0.913861206080508	-0.2973514548620032	0	1	No-PER3D	No-Essential3D
167	S	167	-56.041	45.587	-19.58	1.33	0.390974729241877	1.3416452010309816	0.11125107259256274	0	1	No-PER3D	No-Essential3D
168	V	168	-56.332	43.782	-22.919	0.64	0.390974729241877	2.1621215350961482	0.15892414399346805	0	1	No-PER3D	No-Essential3D
169	N	169	-59.142	41.206	-23.02	0.64	0.353172007848267	2.677216911828506	0.09571593533289968	0	1	No-PER3D	No-Essential3D
170	I	170	-58.166	37.743	-24.296	0.64	0.352477847062685	2.4736495001688983	0.04546025760659726	0	1	No-PER3D	No-Essential3D
171	S	171	-60.655	35.414	-25.996	1.33	0.323369565217391	2.3275536268934016	0.01707505751223395	0	1	No-PER3D	No-Essential3D
172	G	172	-60.788	32.294	-28.12	1.33	0.298741258741259	2.3275536268934016	0.01781676013815495	0	1	No-PER3D	No-Essential3D
173	Q	173	-61.929	32.057	-31.728	-0.39	0.327205882352941	1.8849690696176327	0.04711809593779384	0	1	No-PER3D	No-Essential3D
174	N	174	-65.605	31.085	-32.023	0.99	0.356256289835626	0.624013243592758	0.3033783833192443	0	1	No-PER3D	No-Essential3D
175	T	175	-67.117	28.598	-34.486	0.64	0.391881918819188	0.2761956886074579	0.3433412825660712	0	1	No-PER3D	No-Essential3D
176	M	176	-69.471	29.268	-37.391	-0.39	0.389010989010989	-0.14891465637457543	0.407845911012184	0	1	No-PER3D	No-Essential3D
177	N	177	-70.862	25.755	-37.788	0.3	0.389010989010989	-0.03361350148558055	0.46811353237479186	0	1	No-PER3D	No-Essential3D
178	M	178	-73.66	24.051	-35.869	-1.08	0.433823529411765	-0.03361350148558055	0.46811353237479186	0	1	No-PER3D	No-Essential3D
179	V	179	-71.171	21.32	-34.92	-0.39	0.433823529411765	-0.03194247025530528	0.4754097625655101	0	1	No-PER3D	No-Essential3D
180	K	180	-70.313	21.065	-31.197	-0.39	0.491236162361624	-0.34342269157861904	0.5311135448832627	0	1	No-PER3D	No-Essential3D
181	V	181	-66.773	19.743	-30.723	-0.04	0.490808823529412	0.22456082359195148	0.6116608300396398	0	0.5425559947299078	No-PER3D	No-Essential3D
182	P	182	-66.052	18.074	-27.372	-0.04	0.433455433455434	-0.16144739060164004	0.860177525431318	0	1	No-PER3D	No-Essential3D
183	E	183	-63.268	19.64	-25.306	-1.08	0.520588235294118	-0.03194247025530526	0.9072803864006824	0	1	No-PER3D	No-Essential3D
184	C	184	-59.777	18.085	-25.412	1.33	0.519117647058824	0.6912798462078396	0.9986324331909872	0	1	No-PER3D	No-Essential3D
185	R	185	-59.464	15.095	-23.029	0.64	0.515750915750916	1.0040968925153735	0.9945077853034774	0	1	No-PER3D	No-Essential3D
186	L	186	-55.792	14.173	-23.444	-0.73	0.519117647058824	1.0020916550390433	1.0105396160317868	0	1	No-PER3D	No-Essential3D
187	A	187	-54.787	14.75	-19.827	0.99	0.522962962962963	0.8140550680540657	1.046680769977335	0	0.5425559947299078	No-PER3D	No-Essential3D
188	D	188	-57.776	12.903	-18.43	-1.08	0.475420875420875	0.8461844412543588	1.02170270065379	0	1	No-PER3D	No-Essential3D
189	E	189	-57.227	9.853	-20.564	0.64	0.499574226511496	1.3685782926248307	1.0530782806736776	0	0.5425559947299078	No-PER3D	No-Essential3D
190	L	190	-53.497	9.798	-19.807	1.33	0.65	0.5818830016658173	1.1405466197781355	0	0.2978766430738119	No-PER3D	No-Essential3D
191	G	191	-54.392	10.186	-16.154	1.33	0.64760147601476	0.6334860375150327	1.1284231151154955	0	0.2978766430738119	No-PER3D	No-Essential3D
192	G	192	-56.24	6.886	-16.407	-0.04	0.562959558823529	0.8476883693616065	1.168258379328375	0	0.2978766430738119	No-PER3D	No-Essential3D
193	L	193	-52.884	5.313	-17.219	0.64	0.562959558823529	0.5902158774007901	1.249631393557685	0	0.30344905066846406	No-PER3D	No-Essential3D
194	W	194	-51.227	6.366	-13.968	1.33	0.514285714285714	0.6905506689437194	1.3330960198921409	0	0.156910793301333	No-PER3D	No-Essential3D
195	E	195	-54.359	5.951	-11.821	-0.04	0.514705882352941	0.9619869055124364	1.2150539500463229	0	0.2978766430738119	No-PER3D	No-Essential3D
196	N	196	-55.222	2.471	-13.037	0.3	0.514705882352941	1.1977276363235225	1.3815903547308843	0	0.5425559947299078	No-PER3D	No-Essential3D
197	S	197	-51.644	1.303	-13.591	0.64	0.56712962962963	0.9529633368689497	1.5069557795054789	0	0.5425559947299078	No-PER3D	No-Essential3D
198	R	198	-52.079	0.168	-17.188	-0.04	0.570224719101124	1.1762131092337282	1.4531602310797902	0	0.5425559947299078	No-PER3D	No-Essential3D
199	F	199	-49.304	-1.16	-19.425	-0.04	0.542780748663102	0.6598644590786641	1.5092421168371535	0	0.5425559947299078	No-PER3D	No-Essential3D
200	T	200	-46.634	0.047	-17.015	1.33	0.576704545454546	0.5337775571578923	1.5595906635883907	0	0.30344905066846406	No-PER3D	No-Essential3D
201	D	201	-42.988	-0.83	-17.667	0.64	0.580560836501901	0.3561545329761305	1.5817956537569062	0	0.30344905066846406	No-PER3D	No-Essential3D
202	C	202	-41.03	0.463	-14.684	-0.04	0.663498098859316	0.22742544855813776	1.6427492951781655	0	0.08329570583140332	No-PER3D	No-Essential3D
203	C	203	-41.197	0.666	-10.914	-0.04	0.707731305449937	0.24634850001746394	1.665234430123635	0	0.156910793301333	No-PER3D	No-Essential3D
204	L	204	-40.648	3.77	-8.788	-0.39	0.712468193384224	0.0365698101859816	1.647215040210705	0	0.08450656158367814	No-PER3D	No-Essential3D
205	C	205	-39.723	2.863	-5.211	-0.39	0.750712927756654	-0.2905345531404061	1.701787287165507	0	0.08329570583140332	No-PER3D	No-Essential3D
206	V	206	-40.543	5.679	-2.797	0.64	0.69858469703671	-0.1601941171789336	1.6211250688055392	0	0.08329570583140332	No-PER3D	No-Essential3D
207	A	207	-39.609	5.055	0.834	-1.42	0.69596827495043	0.022585917258941032	1.6575121189435864	0	0.156910793301333	No-PER3D	No-Essential3D
208	G	208	-40.07	1.302	0.475	-1.08	0.684210526315789	-0.35507813440978914	1.824723337156544	0	0.156910793301333	No-PER3D	No-Essential3D
209	Q	209	-43.376	1.709	-1.369	-0.04	0.684210526315789	-0.23814772407127582	1.6907518214876103	0	0.08329570583140332	No-PER3D	No-Essential3D
210	E	210	-43.512	0.656	-5.047	0.3	0.684210526315789	-0.1804255310026237	1.7175342057514658	0	0.156910793301333	No-PER3D	No-Essential3D
211	F	211	-45.32	2.581	-7.808	0.3	0.680547522652786	0.17593381479094064	1.582829196601154	0	0.08450656158367814	No-PER3D	No-Essential3D
212	Q	212	-45.886	1.499	-11.432	-0.04	0.675598086124402	0.6197597095520572	1.5925317635356415	0	0.08329570583140332	No-PER3D	No-Essential3D
213	A	213	-45.102	4.038	-14.195	-1.08	0.704898446833931	0.5890127349149918	1.527829211303824	0	0.08329570583140332	No-PER3D	No-Essential3D
214	H	214	-43.983	4.521	-17.822	-0.73	0.665061754239062	0.8455008375692461	1.5719681776730714	0	0.08329570583140332	No-PER3D	No-Essential3D
215	K	215	-40.406	5.457	-18.828	-0.39	0.666945781871467	0.25777256929367287	1.6127697124009965	0	0.08329570583140332	No-PER3D	No-Essential3D
216	A	216	-41.568	7.257	-21.963	-0.39	0.629432624113475	0.18194952721993168	1.6192215812063215	0	0.30344905066846406	No-PER3D	No-Essential3D
217	I	217	-43.977	9.579	-20.201	-0.73	0.629893238434164	0.9677951795818069	1.428706174101619	0	0.156910793301333	No-PER3D	No-Essential3D
218	L	218	-41.64	10.295	-17.286	0.64	0.625886524822695	0.3878928355998051	1.4609453553965424	0	0.04061304056371753	No-PER3D	No-Essential3D
219	A	219	-38.738	11.016	-19.652	-0.04	0.660584795321637	-0.07622479785760036	1.5108029500867843	0	0.2978766430738119	No-PER3D	No-Essential3D
220	A	220	-40.908	13.206	-21.872	0.99	0.674514098001643	-0.03361350148558049	1.5428765286661985	0	0.2978766430738119	No-PER3D	No-Essential3D
221	R	221	-41.933	15.365	-18.945	0.64	0.569395017793594	0.2905089354212642	1.0945305002916599	0	0.156910793301333	No-PER3D	No-Essential3D
222	S	222	-38.959	15.35	-16.596	-0.04	0.557142857142857	0.5181401228609412	1.0993839828437704	0	0.30344905066846406	No-PER3D	No-Essential3D
223	P	223	-35.443	16.215	-17.774	-0.04	0.628571428571429	0.48398842209219006	1.2809404843429288	0	0.2978766430738119	No-PER3D	No-Essential3D
224	V	224	-34.323	14.43	-14.623	0.64	0.628113879003559	0.9151144795032146	1.254402944004472	0	0.5425559947299078	No-PER3D	No-Essential3D
225	F	225	-36.132	11.148	-15.241	0.64	0.625441696113074	0.030645244915005577	1.5034210975283115	0	0.30344905066846406	No-PER3D	No-Essential3D
226	S	226	-35.104	11.452	-18.902	0.64	0.629432624113475	0.014238756472302758	1.5202265129962529	0	0.2978766430738119	No-PER3D	No-Essential3D
227	A	227	-31.478	11.578	-17.744	-2.46	0.625441696113074	0.021002835040785487	1.5479976432403744	0	0.5425559947299078	No-PER3D	No-Essential3D
228	M	228	-31.83	8.537	-15.493	0.64	0.536092882382635	-0.03361350148558051	1.5638489627792567	0	1	No-PER3D	No-Essential3D
229	F	229	-33.496	6.366	-18.141	-0.04	0.710261569416499	0.09547366105318553	1.6529086079007316	0	0.2978766430738119	No-PER3D	No-Essential3D
230	E	230	-30.636	7.577	-20.32	-1.08	0.833922261484099	0.26982611074146745	1.7045326386461117	0	0.5425559947299078	No-PER3D	No-Essential3D
231	H	231	-27.55	6.738	-18.251	0.64	0.714285714285714	-0.34943840400761	1.6488466151715322	0	1	No-PER3D	No-Essential3D
237	K	237	-32.443	-3.185	-14.404	-0.39	0.489965397923876	0.48524169551489654	1.548891667771198	0	1	No-PER3D	No-Essential3D
238	K	238	-33.173	0.402	-15.461	-0.73	0.489965397923876	-0.2528703887001223	1.6943556354307716	0	1	No-PER3D	No-Essential3D
239	N	239	-36.803	-0.285	-14.614	1.33	0.610344827586207	0.05286236468116565	1.7367089076257916	0	0.30344905066846406	No-PER3D	No-Essential3D
240	R	240	-36.206	0.111	-10.904	-1.08	0.610344827586207	0.062091014430186	1.717577464253413	0	0.30344905066846406	No-PER3D	No-Essential3D
241	V	241	-35.647	3.645	-9.674	1.33	0.610344827586207	-0.06906323544213486	1.7345644995494285	0	0.156910793301333	No-PER3D	No-Essential3D
242	E	242	-35.173	4.58	-6.025	-0.73	0.606529209621993	0.01560596384252798	1.6854528676852243	0	0.30344905066846406	No-PER3D	No-Essential3D
243	I	243	-36.664	7.863	-4.817	-0.04	0.606529209621993	0.1751317198004085	1.4849389383372058	0	0.156910793301333	No-PER3D	No-Essential3D
244	N	244	-35.317	9.103	-1.467	-0.04	0.606529209621993	-0.15304308647290257	1.4958942063069658	0	0.156910793301333	No-PER3D	No-Essential3D
245	D	245	-36.149	12.81	-1.311	-0.04	0.602389078498294	-0.03060564527108497	1.0435621123137457	0	0.30344905066846406	No-PER3D	No-Essential3D
246	V	246	-39.938	12.835	-1.472	0.64	0.606529209621993	-0.09813686866750047	1.0888490910189872	0	0.08329570583140332	No-PER3D	No-Essential3D
247	E	247	-42.767	11.563	0.717	-1.08	0.606529209621993	-0.0761158175599737	1.2188713022209932	0	0.156910793301333	No-PER3D	No-Essential3D
248	P	248	-45.184	9.025	-0.893	-0.39	0.602739726027397	-0.11758282080691372	1.3892076961233155	0	0.08329570583140332	No-PER3D	No-Essential3D
249	E	249	-48.148	11.38	-0.469	-0.04	0.602739726027397	0.34373573269658464	1.078147850972713	0	0.2978766430738119	No-PER3D	No-Essential3D
250	V	250	-46.299	14.224	-2.216	1.33	0.520197044334975	0.3695362588766415	0.8831968478116374	0	0.30344905066846406	No-PER3D	No-Essential3D
251	F	251	-44.892	11.878	-4.832	0.64	0.404352806414662	0.619950684549803	1.116005229124347	0	0.08329570583140332	No-PER3D	No-Essential3D
252	K	252	-48.377	10.719	-5.858	-0.39	0.485223367697595	0.8145108038441408	1.223628705072814	0	0.08329570583140332	No-PER3D	No-Essential3D
253	E	253	-49.409	14.33	-6.388	1.33	0.553291536050157	0.9120918788955106	0.7889661418739664	0	0.30344905066846406	No-PER3D	No-Essential3D
254	M	254	-46.262	15.024	-8.415	-0.04	0.561029879211697	0.792179750130462	0.6484101851295324	0	0.2978766430738119	No-PER3D	No-Essential3D
255	M	255	-46.785	11.917	-10.541	-0.04	0.517543859649123	0.9539659556071148	1.130791618769778	0	0.08329570583140332	No-PER3D	No-Essential3D
256	C	256	-50.344	13.016	-11.134	-0.73	0.520833333333333	1.0660769599655842	1.0163970570564114	0	0.5425559947299078	No-PER3D	No-Essential3D
257	F	257	-48.955	16.298	-12.459	0.3	0.524527186761229	1.200014013513595	0.7716107469592236	0	0.2978766430738119	No-PER3D	No-Essential3D
258	I	258	-46.649	14.357	-14.725	0.64	0.52414605418139	0.7709880358919707	1.0395586187821395	0	0.30344905066846406	No-PER3D	No-Essential3D
259	Y	259	-49.518	12.497	-16.409	-0.39	0.483827126936668	0.5957576246081031	1.2424440934857084	0	0.2978766430738119	No-PER3D	No-Essential3D
260	T	260	-52.113	15.268	-16.474	-0.04	0.419928825622776	0.9651061638089501	1.0367228407132505	0	0.2978766430738119	No-PER3D	No-Essential3D
261	G	261	-50.45	18.619	-15.989	0.99	0.418138987043581	0.860964424377311	0.8193858611701856	0	0.30344905066846406	No-PER3D	No-Essential3D
262	K	262	-52.659	19.166	-12.946	-1.08	0.457769181173437	1.0462068795183108	0.7520938956312144	0	0.5425559947299078	No-PER3D	No-Essential3D
263	A	263	-52.145	18.935	-9.188	0.99	0.50354609929078	1.0379352749284483	0.5798349357824432	0	0.156910793301333	No-PER3D	No-Essential3D
264	P	264	-55.592	18.797	-7.464	-0.04	0.459398252992559	0.8660089481226247	0.6018353561161837	0	0.2978766430738119	No-PER3D	No-Essential3D
265	N	265	-54.087	18.784	-3.973	1.33	0.461739699149771	0.09923348132130494	0.604266632535802	0	0.2978766430738119	No-PER3D	No-Essential3D
266	L	266	-51.422	21.432	-4.518	1.33	0.462093862815885	0.34601441164696	0.41599570218838483	0	0.30344905066846406	No-PER3D	No-Essential3D
267	D	267	-53.304	23.518	-1.941	0.3	0.462093862815885	0.31354323660411065	0.2495726432284241	0.5449951832942631	1	No-PER3D	No-Essential3D
268	K	268	-52.283	21.116	0.84	-0.73	0.421744324970131	0.568749282522601	0.4255403613749019	0.7481351287794484	1	No-PER3D	No-Essential3D
269	M	269	-48.609	20.599	0.083	0.64	0.419047619047619	0.5980363035584784	0.5180358627162015	0	0.2978766430738119	No-PER3D	No-Essential3D
270	A	270	-47.462	23.505	-1.978	-0.04	0.314285714285714	-0.15392775006540121	0.154286268701348	0.34003309748892124	0.4130809189330978	No-PER3D	No-Essential3D
271	D	271	-44.271	23.749	0.093	-2.46	0.384069830878342	-1.351786164135441	0.0669746371188401	0.5449951832942631	1	No-PER3D	No-Essential3D
272	D	272	-43.229	20.119	-0.35	-2.46	0.386813186813187	-0.3989795651875361	0.40527502394375386	0	0.156910793301333	No-PER3D	No-Essential3D
273	L	273	-44.474	19.935	-3.911	-0.04	0.389302453818583	0.038240841416256915	0.47102395474029013	0	0.156910793301333	No-PER3D	No-Essential3D
274	L	274	-42.246	22.958	-4.613	1.33	0.389302453818583	-0.8347970204375686	0.19730520955439362	0	0.30344905066846406	No-PER3D	No-Essential3D
275	A	275	-39.224	21.042	-3.379	-0.04	0.390702822357499	-1.497731747070899	0.28147503722962924	0	1	No-PER3D	No-Essential3D
276	A	276	-40.227	17.973	-5.359	0.99	0.347554972103709	0.2679636610730492	0.6698750979070405	0	0.2978766430738119	No-PER3D	No-Essential3D
277	A	277	-40.917	19.993	-8.489	0.99	0.429090909090909	0.1227950216681865	0.5338130252459002	0	0.5425559947299078	No-PER3D	No-Essential3D
278	D	278	-37.495	21.586	-8.13	0.64	0.398985629754861	-1.6015659767276016	0.30231799978962953	0	0.5425559947299078	No-PER3D	No-Essential3D
279	K	279	-35.603	18.316	-7.64	-0.04	0.400452488687783	-0.18567734344063172	0.644034068559363	0	0.2978766430738119	No-PER3D	No-Essential3D
280	Y	280	-37.196	16.679	-10.699	-0.04	0.400112707805016	0.5638561193028475	0.8372559021384628	0	0.2978766430738119	No-PER3D	No-Essential3D
281	A	281	-37.093	19.743	-12.98	-0.73	0.397202797202797	0.1816037966205644	0.7404591070167506	0	0.30344905066846406	No-PER3D	No-Essential3D
282	L	282	-40.846	20.229	-13.389	1.33	0.43030303030303	0.876263003399314	0.6947274425847855	0	0.30344905066846406	No-PER3D	No-Essential3D
283	E	283	-40.74	23.997	-13.835	0.64	0.324817518248175	-0.2040586869736599	0.4198984086176449	0	0.5425559947299078	No-PER3D	No-Essential3D
284	R	284	-44.443	24.647	-14.419	-0.73	0.322727272727273	0.3002585383234221	0.3900991450203429	0	1	No-PER3D	No-Essential3D
285	L	285	-45.326	22.741	-11.275	0.3	0.321557971014493	0.05187293829481846	0.4098224598429438	0	0.2978766430738119	No-PER3D	No-Essential3D
286	K	286	-42.611	24.755	-9.468	-0.39	0.323905109489051	-0.9843399454997721	0.15160534802911205	0	0.5425559947299078	No-PER3D	No-Essential3D
287	V	287	-44.192	28.073	-10.435	-0.73	0.297902097902098	-0.6686592732234247	0.057709224166971405	0	1	No-PER3D	No-Essential3D
288	M	288	-47.711	26.776	-9.811	-0.04	0.30118778280543	0.37609297379191514	0.22714152860818568	0	0.30344905066846406	No-PER3D	No-Essential3D
289	C	289	-46.483	26.331	-6.252	-0.04	0.30315072381493	-0.8167565524548406	0.11288739022695087	0.34003309748892124	0.4130809189330978	No-PER3D	No-Essential3D
290	E	290	-44.644	29.65	-6.138	0.3	0.32962962962963	-1.4755504257760543	0.02426427118799747	0.34003309748892124	0.4130809189330978	No-PER3D	No-Essential3D
291	D	291	-48.078	31.002	-6.993	-1.08	0.304273504273504	-0.6620406034426798	0.014325976510257458	0.34003309748892124	0.4130809189330978	No-PER3D	No-Essential3D
292	A	292	-49.881	29.207	-4.158	-0.04	0.282539682539683	-0.2173075774422711	0.053944389918922864	0.4222563908136689	0.6506434041268437	No-PER3D	No-Essential3D
293	L	293	-47.187	29.935	-1.556	-0.04	0.282539682539683	-1.336874629851996	-0.05949172239207378	0.2810861357710855	0.4030481141285353	No-PER3D	No-Essential3D
294	C	294	-47.333	33.563	-2.654	1.33	0.264444444444445	-1.1314810197764449	0.03557648119077127	0.4222563908136689	0.6506434041268437	No-PER3D	No-Essential3D
295	S	295	-51.101	33.782	-2.052	-0.73	0.28021978021978	0.018665904147317783	-0.07852584106780679	0.4222563908136689	0.6506434041268437	No-PER3D	No-Essential3D
296	N	296	-50.573	32.731	1.557	0.3	0.278415015641293	-0.5938267214353709	-0.07516028387261849	0.2810861357710855	0.4030481141285353	No-PER3D	No-Essential3D
297	L	297	-47.872	35.195	2.516	-0.39	0.277632950990615	-0.6771910122078112	0.2639815538177944	0.34003309748892124	0.4130809189330978	No-PER3D	No-Essential3D
298	S	298	-48.526	36.843	5.887	-0.39	0.275844155844156	-0.979780445480149	0.42868163761303507	0.4222563908136689	0.6506434041268437	No-PER3D	No-Essential3D
299	V	299	-46.336	38.758	8.362	-0.04	0.277864992150706	-1.381133085579573	0.6709516754757034	0.5449951832942631	1	No-PER3D	No-Essential3D
300	E	300	-46.152	35.484	10.261	0.64	0.277864992150706	-1.6247694389537097	0.17614429547108879	0.5449951832942631	1	No-PER3D	No-Essential3D
301	N	301	-44.767	33.136	7.58	-0.39	0.300929839391378	-1.6939501318871069	-0.07139267933074503	0.4222563908136689	0.6506434041268437	No-PER3D	No-Essential3D
302	A	302	-42.996	35.388	5.081	0.3	0.217338217338217	-1.382135704317738	0.41596249279641195	0.4222563908136689	0.6506434041268437	No-PER3D	No-Essential3D
303	A	303	-39.637	34.579	6.693	-2.46	0.214975845410628	-1.9436021976902347	0.43329293267481245	0	0.2978766430738119	No-PER3D	No-Essential3D
304	E	304	-40.17	30.829	6.684	-2.46	0.214801444043321	-2.741337976317307	-0.09746810851848875	0.5449951832942631	1	No-PER3D	No-Essential3D
305	I	305	-41.25	31.021	3.04	-2.46	0.214028776978417	-2.1931729700821605	0.012419564852463425	0.34003309748892124	0.4130809189330978	No-PER3D	No-Essential3D
306	L	306	-38.317	33.189	1.94	-2.46	0.29482617027101	-2.6135338091006006	0.08768210275360934	0	0.2978766430738119	No-PER3D	No-Essential3D
307	I	307	-36.017	30.426	3.204	-2.46	0.295054945054945	-4.2801595934051635	-0.04724126954755718	0	1	No-PER3D	No-Essential3D
308	L	308	-37.939	27.899	1.112	-2.46	0.211583924349882	-3.0775639905550456	-0.08960913162872103	0	0.5425559947299078	No-PER3D	No-Essential3D
309	A	309	-37.776	30.177	-1.935	-2.46	0.233300749429782	-2.811457181931442	-0.0356668698857961	0	0.5425559947299078	No-PER3D	No-Essential3D
310	D	310	-34.019	30.575	-1.534	-2.46	0.323104693140794	-3.5103029563709445	0.00508488442803711	0	1	No-PER3D	No-Essential3D
311	L	311	-33.191	26.876	-1.242	-2.46	0.322841726618705	-4.34988716928665	-0.025186184285002956	0	1	No-PER3D	No-Essential3D
312	H	312	-35.205	25.846	-4.292	-2.46	0.354743083003953	-2.661477214216499	0.041138391257105174	0	1	No-PER3D	No-Essential3D
313	S	313	-34.417	28.98	-6.274	-2.46	0.389130434782609	-2.773770512890998	0.03110643498014382	0	1	No-PER3D	No-Essential3D
314	A	314	-38.051	30.059	-6.647	-2.46	0.429602888086643	-2.20337159803303	-0.006801535886136376	0	0.5425559947299078	No-PER3D	No-Essential3D
315	D	315	-37.302	33.478	-8.188	-2.46	0.324275362318841	-2.4850163162994283	0.03794530550879713	0	0.5425559947299078	No-PER3D	No-Essential3D
316	Q	316	-40.843	34.79	-8.42	-0.39	0.326642335766423	-1.89221798735927	0.11142793764051952	0	0.2978766430738119	No-PER3D	No-Essential3D
317	L	317	-41.707	33.648	-4.877	0.64	0.376050420168067	-2.4175427850012854	-8.427462067862531e-4	0.4222563908136689	0.6506434041268437	No-PER3D	No-Essential3D
318	K	318	-38.475	35.199	-3.572	1.33	0.4330900243309	-2.801843837559623	0.11670322619108747	0	0.5425559947299078	No-PER3D	No-Essential3D
319	T	319	-39.254	38.702	-4.841	-0.39	0.43030303030303	-1.8302291557592498	0.420895343691861	0	0.5425559947299078	No-PER3D	No-Essential3D
320	Q	320	-42.832	38.576	-3.601	0.3	0.431013431013431	-1.2372411253829	0.25583288881537125	0.4222563908136689	0.6506434041268437	No-PER3D	No-Essential3D
321	A	321	-41.667	37.43	-0.173	0.3	0.429090909090909	-1.7915383557351838	0.25418582794793726	0.4222563908136689	0.6506434041268437	No-PER3D	No-Essential3D
322	V	322	-38.885	39.991	0.107	0.64	0.518681318681319	-1.7506845232432808	0.4826486871727548	0	0.2978766430738119	No-PER3D	No-Essential3D
323	D	323	-41.175	42.867	-0.876	-0.39	0.648351648351648	-0.37826369272985877	0.6697060821001743	0	0.2978766430738119	No-PER3D	No-Essential3D
324	F	324	-43.868	41.59	1.5	1.33	0.649446494464945	-0.5513944641237376	0.5053702984787335	0.4222563908136689	0.6506434041268437	No-PER3D	No-Essential3D
325	I	325	-41.308	41.514	4.286	-0.04	0.778676470588235	-1.0700161319150148	0.6523802249338256	0	0.2978766430738119	No-PER3D	No-Essential3D
326	N	326	-40.146	45.076	3.53	-0.04	0.781549815498155	-0.5482911204103693	0.9147015114111062	0	0.2978766430738119	No-PER3D	No-Essential3D
327	Y	327	-43.706	46.375	3.152	-0.73	0.775824175824176	-0.1192720154201268	0.6883878737151773	0	0.2978766430738119	No-PER3D	No-Essential3D
328	H	328	-44.458	45.126	6.645	-0.39	0.862745098039216	-0.2608737488030197	0.8396571546649318	0	0.2978766430738119	No-PER3D	No-Essential3D
329	A	329	-41.101	46.188	8.089	-0.73	0.85958485958486	-0.5955357306481524	1.4791435132357567	0	1	No-PER3D	No-Essential3D
