Uniprot_position	aminoacid	Position_in_structure	x	y	z	paraz	mtr	paraz3dscore	mtr3dscore	PER3D_OR	PER3D_pvalue	PER3D	Essential3D
116	K	116	51.645	32.2	34.084	0.23	0.417569193742479	-0.9739916460382037	-1.013935211787084	0	1	No-PER3D	No-Essential3D
117	D	117	51.139	30.367	30.753	0.86	0.366060093101989	-0.73799298406542	-0.735332941824067	0	1	No-PER3D	No-Essential3D
118	L	118	53.077	27.499	29.191	-0.39	0.34572342126299	-0.45291235168511496	-0.3182030839068374	0	1	No-PER3D	No-Essential3D
119	P	119	56.706	28.251	28.201	2.11	0.347974328118732	0.034718692598400464	0.028111385505968506	0	1	No-PER3D	No-Essential3D
120	I	120	57.217	29.493	24.625	1.48	0.415770609318996	-0.3572111244318582	0.5067938207796903	0	0.9999999999999999	No-PER3D	No-Essential3D
121	H	121	58.743	26.104	23.677	-0.39	0.483333333333333	-0.15067386172351876	0.3907597155567749	0	0.9999999999999999	No-PER3D	No-Essential3D
122	A	122	55.561	24.197	24.625	-0.08	0.43583839229642	-0.3503144495786799	0.7516821078830549	0	0.9999999999999999	No-PER3D	No-Essential3D
123	C	123	54.405	21.638	22.043	-0.39	0.434582373874817	-0.5752148254971994	1.359032191013271	0	1	No-PER3D	No-Essential3D
124	S	124	51.527	23.346	20.221	0.23	0.459805653710247	-0.2997593099464345	1.5721176183816905	0	1	No-PER3D	No-Essential3D
125	Y	125	49.616	20.042	20.349	-0.71	0.505214851898206	-0.36247859702473856	1.8452440736362357	0	1	No-PER3D	No-Essential3D
126	C	126	49.818	18.491	23.84	0.54	0.505214851898206	-0.372053091367353	1.1379167357051478	0	1	No-PER3D	No-Essential3D
127	G	127	51.736	21.005	25.969	0.86	0.508823529411765	-0.23417232027328222	0.546459039412911	0	0.9999999999999999	No-PER3D	No-Essential3D
128	I	128	54.959	19.1	26.729	0.23	0.54413082437276	-0.4483924256486155	0.5423351928974254	0	1	No-PER3D	No-Essential3D
129	H	129	57.783	21.572	27.345	-0.39	0.447722567287785	-0.391084295033642	0.25306199824605446	0	1	No-PER3D	No-Essential3D
130	D	130	60.898	19.615	28.326	0.23	0.481810608164399	-0.586035536402574	0.08849732517579731	0	1	No-PER3D	No-Essential3D
131	P	131	63.574	21.361	26.169	-0.08	0.48494983277592	-0.2216519624880243	-0.152896896096863	0	1	No-PER3D	No-Essential3D
132	A	132	65.145	17.971	25.274	-0.39	0.488489612577204	-0.486336236770663	0.018414885440847475	0	1	No-PER3D	No-Essential3D
133	C	133	61.905	16.715	23.655	1.17	0.529197080291971	-0.585072303765827	0.46991337267405436	0	1	No-PER3D	No-Essential3D
134	V	134	60.881	19.691	21.499	0.54	0.528381642512077	-0.3501408490675015	0.38550396589440333	0	1	No-PER3D	No-Essential3D
135	V	135	61.409	20.697	17.861	0.54	0.690647482014389	-0.652601013527987	0.41621291212930855	0	0.9999999999999999	No-PER3D	No-Essential3D
136	Y	136	60.834	24.202	16.455	-0.39	0.688172043010753	-0.7022467209889148	0.6140598868534395	0	1	No-PER3D	No-Essential3D
137	C	137	59.26	24.269	12.98	1.17	0.761870503597122	-0.7979530121250302	0.7560458104629454	0	0.9999999999999999	No-PER3D	No-Essential3D
138	N	138	60.908	27.029	10.913	-1.33	0.761870503597122	-0.9454891128798052	0.43030577716005874	0	0.9999999999999999	No-PER3D	No-Essential3D
139	T	139	57.968	27.692	8.562	-1.33	0.756428571428571	-1.2268417042564455	0.9218563421249004	0	1	No-PER3D	No-Essential3D
140	S	140	55.163	27.562	11.169	-1.33	0.756428571428571	-0.7768608255732216	1.4114291987729797	0	0.9999999999999999	No-PER3D	No-Essential3D
141	K	141	57.245	29.234	13.915	-1.33	0.759139784946237	-0.8749699144620435	1.2017422053000901	0	1	No-PER3D	No-Essential3D
142	K	142	55.804	26.795	16.441	-1.33	0.761870503597122	-0.48245303161081365	1.096607229638822	0	1	No-PER3D	No-Essential3D
143	W	143	57.191	24.096	18.702	0.86	0.84652278177458	-0.4703089502789926	1.0983644222838573	0	1	No-PER3D	No-Essential3D
144	F	144	56.239	20.399	18.75	-0.39	0.84652278177458	-0.8479639876685454	1.056796433253526	0	1	No-PER3D	No-Essential3D
145	C	145	57.277	17.41	20.867	-0.08	0.953068592057762	-0.8184455880223562	1.0596380910188903	0	1	No-PER3D	No-Essential3D
146	N	146	58.936	14.124	19.953	0.86	0.906988694758479	-0.6329240360273616	1.0570450821352124	0	1	No-PER3D	No-Essential3D
147	G	147	56.275	12.056	21.807	-0.39	0.793615107913669	-0.7156740854047426	1.1920221770851693	0	1	No-PER3D	No-Essential3D
148	R	148	53.398	10.226	20.092	-0.39	0.845878136200717	-0.7505579953022528	1.4412688441137942	0	0.9999999999999999	No-PER3D	No-Essential3D
149	G	149	50.741	10.513	22.833	-0.08	0.955035971223022	-0.6790255294906008	1.4948907008615047	0	0.9999999999999999	No-PER3D	No-Essential3D
150	N	150	47.375	9.291	21.476	0.23	0.965454545454545	-0.6997776201349912	1.7300063036801627	0	1	No-PER3D	No-Essential3D
151	T	151	48.578	8.796	17.905	-0.08	0.919480519480519	-0.5329486169869199	2.2299379595107593	0	1	No-PER3D	No-Essential3D
152	S	152	50.963	6.356	16.193	-0.08	0.852657004830918	-0.8326930840927153	2.9333466680286957	0	1	No-PER3D	No-Essential3D
153	G	153	53.822	8.734	15.393	-0.39	0.84652278177458	-0.7597312243647258	2.309912006542156	0	1	No-PER3D	No-Essential3D
154	S	154	55.296	11.858	16.977	0.54	0.851985559566787	-0.8007230929104461	1.4868915337757966	0	1	No-PER3D	No-Essential3D
155	H	155	53.829	15.338	17.171	-0.39	0.851985559566787	-0.5073534719906615	1.749011760277638	0	0.9999999999999999	No-PER3D	No-Essential3D
156	I	156	56.473	17.049	14.961	0.54	0.769565217391304	-0.6112360178798167	1.248890283613937	0	0.9999999999999999	No-PER3D	No-Essential3D
157	V	157	56.331	14.359	12.312	0.86	0.773913043478261	-0.33705831454509716	1.417189306308279	0	0.9999999999999999	No-PER3D	No-Essential3D
158	N	158	52.508	14.491	12.196	-0.39	0.644927536231884	-0.4508072170653516	1.9702156037545762	0	1	No-PER3D	No-Essential3D
159	H	159	52.725	18.289	11.88	0.23	0.64963503649635	-0.43050179593962606	1.7887785990586484	0	1	No-PER3D	No-Essential3D
160	L	160	55.524	18.427	9.281	-0.39	0.64963503649635	-0.7986628453262931	1.4062239910780991	0	1	No-PER3D	No-Essential3D
161	V	161	53.367	16.177	7.079	0.86	0.562994201370585	-0.21056603808006705	0.978039689785939	0	1	No-PER3D	No-Essential3D
162	R	162	50.104	18.18	7.276	0.54	0.525461254612546	-0.142931278924962	1.5494065864207351	0	1	No-PER3D	No-Essential3D
163	A	163	51.585	21.709	7.479	-0.08	0.525461254612546	-0.6298645100660003	1.7121639034945246	0	1	No-PER3D	No-Essential3D
164	K	164	53.914	20.647	4.616	0.23	0.439506172839506	-0.7579442316902182	0.9509801226428404	0	0.9999999999999999	No-PER3D	No-Essential3D
165	C	165	57.284	21.455	6.227	0.23	0.376719576719577	-1.1081501210768718	0.7932475620703384	0	1	No-PER3D	No-Essential3D
166	K	166	60.825	20.109	6.523	-0.08	0.219753086419753	-0.601861590276183	0.07751862409169566	0	0.9999999999999999	No-PER3D	No-Essential3D
167	E	167	63.001	22.759	8.218	-0.08	0.221393034825871	-0.7409993364472389	-0.0620396581335077	0	1	No-PER3D	No-Essential3D
168	V	168	63.858	22.423	11.886	0.54	0.219753086419753	-0.6432093742497409	0.12734602138885967	0	1	No-PER3D	No-Essential3D
169	T	169	65.803	24.103	14.705	0.86	0.219753086419753	-0.7016590681365801	-0.0692202192066697	0	1	No-PER3D	No-Essential3D
170	L	170	66.595	22.433	18.06	1.17	0.217948717948718	-0.33660199320142825	0.04228657890503624	0	0.9999999999999999	No-PER3D	No-Essential3D
171	H	171	66.343	24.103	21.472	0.54	0.219557195571956	-0.24918741725786556	-0.18158730536908466	0	0.9999999999999999	No-PER3D	No-Essential3D
172	K	172	69.017	26.189	23.244	0.23	0.373626373626374	0.022614168534761232	-0.6189141017304559	0	0.9999999999999999	No-PER3D	No-Essential3D
173	D	173	69.17	23.721	26.19	0.86	0.373626373626374	-0.0566032167261668	-0.7888698416821035	0	1	No-PER3D	No-Essential3D
174	G	174	69.284	20.689	23.856	-0.39	0.373626373626374	-0.03738216812849419	-0.7396387380548887	0	0.9999999999999999	No-PER3D	No-Essential3D
175	P	175	71.786	17.775	23.445	0.23	0.329335793357934	0.022614168534761232	-0.9381064847575957	0	1	No-PER3D	No-Essential3D
176	L	176	73.281	19.709	20.534	-0.08	0.439114391143911	-0.134744644292549	-1.4027117229153145	0	1	No-PER3D	No-Essential3D
177	G	177	72.358	23.351	21.359	1.17	0.39520295202952	-0.04411015238394161	-1.2056603601449192	0	0.9999999999999999	No-PER3D	No-Essential3D
178	E	178	70.393	25.811	19.185	0.86	0.439114391143911	0.07372215902568255	-0.9327824185390678	0	1	No-PER3D	No-Essential3D
179	T	179	71.154	24.592	15.653	0.23	0.294919454770756	0.004029444719880795	-1.116780215632531	0	0.9999999999999999	No-PER3D	No-Essential3D
180	V	180	69.269	24.266	12.386	-0.71	0.295190713101161	-0.0864817342439361	-1.1040686712542513	0	1	No-PER3D	No-Essential3D
181	L	181	69.459	20.649	11.219	0.54	0.295190713101161	-0.1993021059652917	-1.1447428690895953	0	1	No-PER3D	No-Essential3D
182	E	182	71.17	20.493	7.816	-0.08	0.293004115226337	-0.09546291294426383	-1.6372575698574496	0	0.9999999999999999	No-PER3D	No-Essential3D
183	C	183	73.484	18.233	5.809	1.17	0.265168539325843	-0.255182489456214	-1.1981952194686285	0	1	No-PER3D	No-Essential3D
184	Y	184	77.184	18.973	6.48	0.54	0.265168539325843	-0.25361235149950373	-1.2991235894406739	0	0.9999999999999999	No-PER3D	No-Essential3D
185	N	185	77.816	18.376	2.774	0.86	0.266917293233083	-0.2523954945830532	-0.8758555755660341	0	1	No-PER3D	No-Essential3D
186	C	186	75.207	20.579	1.06	0.54	0.244253859348199	-0.44344203046578273	-1.0678781614145114	0	0.9999999999999999	No-PER3D	No-Essential3D
187	G	187	73.13	22.281	3.755	0.23	0.3393536121673	-0.5987514000653867	-1.5685469417009177	0	0.9999999999999999	No-PER3D	No-Essential3D
188	C	188	69.903	20.563	2.716	-0.39	0.342911877394636	-0.4235979022898206	-1.443522473235674	0	0.9999999999999999	No-PER3D	No-Essential3D
189	R	189	67.422	21.189	5.501	-0.08	0.371616932685635	-0.5360490378659989	-1.2241041092389084	0	0.9999999999999999	No-PER3D	No-Essential3D
190	N	190	64.852	18.501	4.571	-0.08	0.3393536121673	-0.30240070849344125	-0.9111618102171319	0	0.9999999999999999	No-PER3D	No-Essential3D
191	V	191	64.445	16.232	7.59	0.23	0.335849056603774	-0.2801023905268494	-0.5057120935964033	0	1	No-PER3D	No-Essential3D
192	F	192	62.942	13.357	5.552	-0.39	0.338403041825095	-0.3766670071755612	-0.6379357053058206	0	0.9999999999999999	No-PER3D	No-Essential3D
193	L	193	66.161	13.281	3.533	-0.71	0.338403041825095	-0.09663780927738845	-0.8045317271064616	0	1	No-PER3D	No-Essential3D
194	L	194	68.61	13.669	6.4	0.86	0.340996168582376	-0.005011772271142156	-0.8939425801698041	0	1	No-PER3D	No-Essential3D
195	G	195	70.325	10.913	8.391	0.86	0.338403041825095	-0.01681199555823525	-0.7009927030897356	0	0.9999999999999999	No-PER3D	No-Essential3D
196	F	196	73.557	9.775	10.031	1.17	0.336174242424242	0.16912374127540222	-0.6251346925017416	0	1	No-PER3D	No-Essential3D
197	I	197	76.595	7.876	8.726	0.23	0.332397003745318	0.22356149478315615	-0.4277531863745994	0	1	No-PER3D	No-Essential3D
198	P	198	79.043	6.476	11.377	-0.08	0.329925650557621	-0.24144378233499872	-0.430835421764797	0	0.9999999999999999	No-PER3D	No-Essential3D
204	V	204	82.302	10.224	15.298	-0.39	0.398652442448063	-0.2913349159094694	-1.133400732698635	0	1	No-PER3D	No-Essential3D
205	V	205	79.101	10.776	13.257	-0.39	0.397993311036789	0.1668117131341461	-0.8530072781172593	0	1	No-PER3D	No-Essential3D
206	V	206	77.958	12.923	10.256	0.54	0.431159420289855	0.275932034446284	-0.7499668325288406	0	0.9999999999999999	No-PER3D	No-Essential3D
207	L	207	74.539	14.257	9.116	0.23	0.355341738553417	-0.007586007664419568	-0.9285198884162953	0	1	No-PER3D	No-Essential3D
208	L	208	74.025	13.769	5.332	-1.33	0.388363636363636	-0.06280918700006428	-0.7517272970581935	0	1	No-PER3D	No-Essential3D
209	C	209	71.35	13.61	2.619	-1.33	0.387272727272727	0.016419260596467707	-0.7254791342373371	0	1	No-PER3D	No-Essential3D
210	R	210	70.464	10.008	1.772	0.86	0.427536231884058	0.04376230253100453	-0.5278407365771155	0	0.9999999999999999	No-PER3D	No-Essential3D
211	Q	211	71.078	10.927	-1.869	0.54	0.516788321167883	-0.14070919238187848	-0.510672448382462	0	1	No-PER3D	No-Essential3D
212	P	212	73.581	11.822	-3.083	-0.08	0.54029304029304	-0.39760708661281363	-0.5864814186298243	0	1	No-PER3D	No-Essential3D
213	C	213	75.595	12.736	0.028	0.86	0.542279411764706	-0.02357959210126382	-0.7143335731242544	0	0.9999999999999999	No-PER3D	No-Essential3D
214	A	214	75.378	9.315	1.707	-0.08	0.587745587745588	0.06880792917078615	-0.5029645492523478	0	1	No-PER3D	No-Essential3D
215	S	215	76.166	7.806	-1.705	-0.08	0.583471074380165	-0.2895096305347937	0.050551606131368734	0	1	No-PER3D	No-Essential3D
216	Q	216	79.82	6.702	-1.822	0.54	0.534848484848485	-0.42163221034786214	0.22477698578444288	0	1	No-PER3D	No-Essential3D
217	S	217	80.31	8.733	-5.043	-0.08	0.494104435710275	-0.3766670071755612	0.5584579915278227	0	1	No-PER3D	No-Essential3D
218	S	218	80.835	11.841	-2.848	-0.39	0.426666666666667	-0.6064072528919621	-0.19809559231745516	0	1	No-PER3D	No-Essential3D
229	W	229	73.221	4.896	6.997	2.11	0.696933492632418	0.04119889234964167	-0.2325223782029346	0	1	No-PER3D	No-Essential3D
230	Q	230	70.471	5.892	9.429	-0.39	0.627240143369176	-0.17626257707121507	-0.40186114101863674	0	1	No-PER3D	No-Essential3D
231	P	231	67.262	7.88	8.842	1.17	0.536098310291859	-0.12067073337728598	-0.3680001557154171	0	0.9999999999999999	No-PER3D	No-Essential3D
232	L	232	66.844	10.976	11.035	1.48	0.473826714801444	-0.06353930114993471	-0.6872559360719013	0	0.9999999999999999	No-PER3D	No-Essential3D
233	I	233	63.101	10.366	11.237	0.23	0.47554347826087	-0.09663780927738845	0.2632425448830466	0	0.9999999999999999	No-PER3D	No-Essential3D
234	Q	234	62.706	6.679	12.076	-0.08	0.478636363636364	0.20660293430207782	0.3262224352046804	0	0.9999999999999999	No-PER3D	No-Essential3D
235	D	235	59.478	4.864	12.955	-0.08	0.478636363636364	-0.4156368499248887	1.4997797017498906	0	1	No-PER3D	No-Essential3D
236	R	236	57.478	8.088	12.587	0.54	0.479014598540146	-0.36069576014714827	1.667041957337135	0	0.9999999999999999	No-PER3D	No-Essential3D
237	C	237	59.639	10.29	14.886	-1.33	0.480383211678832	-0.4787966570923852	1.393517164502435	0	1	No-PER3D	No-Essential3D
238	F	238	63.104	11.802	15.497	0.54	0.483915441176471	-0.37129131915136365	0.5434565025695316	0	1	No-PER3D	No-Essential3D
239	L	239	66.103	9.775	16.689	-0.08	0.4875	-0.09146616738247376	0.14646317245343302	0	1	No-PER3D	No-Essential3D
240	S	240	65.816	9.414	20.462	0.54	0.484317343173432	-0.5293521287671885	0.14113069916922788	0	1	No-PER3D	No-Essential3D
241	W	241	69.436	10.485	21.02	1.48	0.484317343173432	-0.6558444052322187	-0.542959647025295	0	0.9999999999999999	No-PER3D	No-Essential3D
242	L	242	69.052	13.751	19.099	0.86	0.37037037037037	-0.002939826710699423	-0.6548878699829366	0	1	No-PER3D	No-Essential3D
243	V	243	65.588	14.679	20.405	-1.33	0.215252152521525	-0.31100743605875264	0.01763697662487709	0	1	No-PER3D	No-Essential3D
244	K	244	64.535	12.819	23.551	-1.33	0.215432098765432	-0.7281445883318753	0.09279394720301264	0	0.9999999999999999	No-PER3D	No-Essential3D
245	I	245	61.205	11.025	23.8	-1.33	0.218283582089552	-0.7579442316902182	1.109659960798409	0	0.9999999999999999	No-PER3D	No-Essential3D
246	P	246	59.09	12.174	26.792	-1.33	0.218476903870162	-0.6123638951403212	0.8228802180612188	0	1	No-PER3D	No-Essential3D
247	S	247	58.481	9.486	29.425	-0.08	0.262406015037594	-0.7087168382519932	0.8202144754807854	0	1	No-PER3D	No-Essential3D
248	E	248	55.026	7.974	29.853	0.23	0.657894736842105	-0.7759481828858835	0.8857030920539711	0	1	No-PER3D	No-Essential3D
249	Q	249	54.223	10.193	32.847	0.54	0.656015037593985	-0.7238314820563257	0.27781354213502	0	0.9999999999999999	No-PER3D	No-Essential3D
250	E	250	54.783	13.465	31.023	0.86	0.657894736842105	-0.5069703536211644	0.5859769178050889	0	1	No-PER3D	No-Essential3D
251	Q	251	52.693	12.284	28.05	0.23	0.43859649122807	-0.5764015435426542	1.0559257435833471	0	0.9999999999999999	No-PER3D	No-Essential3D
252	L	252	50.003	10.872	30.327	1.79	0.435323383084577	-0.38377678811079013	0.540491185858876	0	0.9999999999999999	No-PER3D	No-Essential3D
253	R	253	49.812	14.364	31.872	-0.39	0.433705080545229	-0.4105572142846325	0.0851930563818709	0	1	No-PER3D	No-Essential3D
254	A	254	49.711	16.291	28.614	-0.39	0.435323383084577	-0.6442827805540895	0.3630296732355655	0	1	No-PER3D	No-Essential3D
255	R	255	46.606	17.256	26.64	-0.08	0.438202247191011	-0.17755879422134707	0.33507935373253817	0	0.9999999999999999	No-PER3D	No-Essential3D
256	Q	256	45.222	14.027	25.167	0.54	0.331132075471698	-0.32715614138748117	0.9210095623912951	0	1	No-PER3D	No-Essential3D
257	I	257	44.893	15.356	21.6	-0.08	0.531818181818182	-0.26870137726348997	1.2854573978467607	0	0.9999999999999999	No-PER3D	No-Essential3D
258	T	258	43.568	12.715	19.126	0.23	0.569805194805195	-0.46495606074862766	1.9820327532017221	0	1	No-PER3D	No-Essential3D
259	A	259	44.648	12.246	15.482	-0.08	0.569805194805195	-0.3787965067793495	2.1974162291355213	0	1	No-PER3D	No-Essential3D
260	Q	260	41.146	13.247	14.313	-0.08	0.569805194805195	0.12003877540807995	1.790991254892469	0	1	No-PER3D	No-Essential3D
261	Q	261	41.614	16.427	16.375	-0.71	0.587002096436059	-0.3529184572463559	1.586934098210836	0	0.9999999999999999	No-PER3D	No-Essential3D
262	I	262	45.054	17.153	14.815	1.48	0.588679245283019	-0.10670453467711528	1.815019558968914	0	0.9999999999999999	No-PER3D	No-Essential3D
263	N	263	43.464	17.103	11.345	0.86	0.733082706766917	-0.0703094505396411	1.6094946444296416	0	1	No-PER3D	No-Essential3D
264	K	264	40.858	19.705	12.228	0.86	0.659774436090226	-0.2787100254012954	1.6244637189182274	0	1	No-PER3D	No-Essential3D
265	L	265	43.223	21.936	14.247	0.54	0.664150943396226	-0.3214521245916194	1.62692190843735	0	1	No-PER3D	No-Essential3D
266	E	266	45.86	21.818	11.503	0.54	0.661654135338346	-0.470577939702629	1.724070002481028	0	1	No-PER3D	No-Essential3D
267	E	267	43.062	22.51	8.997	0.23	0.657303370786517	-0.0703094505396411	1.7328339751483293	0	0.9999999999999999	No-PER3D	No-Essential3D
268	L	268	42.225	25.802	10.779	-1.33	0.652985074626866	-0.14044465826960664	1.903270393785144	0	1	No-PER3D	No-Essential3D
269	W	269	45.816	27.055	11.21	1.79	0.657303370786517	-0.4778182383555096	1.98281043923783	0	1	No-PER3D	No-Essential3D
270	K	270	45.876	27.076	7.394	-0.08	0.707865168539326	-0.45990538874717196	1.9132105328686366	0	0.9999999999999999	No-PER3D	No-Essential3D
271	E	271	44.049	30.435	7.342	-0.08	0.656716417910448	-0.5779047197335636	2.0596109008357812	0	0.9999999999999999	No-PER3D	No-Essential3D
272	N	272	43.987	31.2	11.084	-0.39	0.705118601747815	-0.6571221049944916	2.1966392665112418	0	1	No-PER3D	No-Essential3D
273	P	273	47.383	30.385	12.694	0.23	0.702487562189055	-1.144799930047335	2.148154649490907	0	1	No-PER3D	No-Essential3D
274	S	274	46.053	31.86	15.982	-0.08	0.702487562189055	-1.020840637321548	2.1541084155114563	0	1	No-PER3D	No-Essential3D
275	A	275	43.273	29.344	16.744	-0.39	0.743679775280899	-0.4004464194178648	1.8858409792026731	0	1	No-PER3D	No-Essential3D
276	T	276	43.149	26.585	19.391	-0.08	0.69596827495043	-0.03430154814831019	1.3913856092932744	0	1	No-PER3D	No-Essential3D
277	L	277	41.085	23.404	19.981	1.48	0.657303370786517	-0.0019933824423489285	1.101532892637851	0	0.9999999999999999	No-PER3D	No-Essential3D
278	E	278	38.098	25.244	21.527	-0.39	0.654850746268657	-0.2641584447754081	0.611583790302306	0	0.9999999999999999	No-PER3D	No-Essential3D
279	D	279	36.854	26.472	18.121	0.23	0.616330114135206	-0.1781672226795723	1.7427729604495152	0	0.9999999999999999	No-PER3D	No-Essential3D
288	E	288	23.962	25.432	26.189	0.23	0.50787728026534	-0.791182295436062	-0.2984287412092308	0	1	No-PER3D	No-Essential3D
289	P	289	26.969	24.452	28.327	0.54	0.489738805970149	-0.25034896249629557	-0.5911760874502769	0	1	No-PER3D	No-Essential3D
290	Q	290	28.614	21.023	28.256	1.17	0.49438202247191	0.34259463073879004	-0.6900060787153957	0	1	No-PER3D	No-Essential3D
291	H	291	27.601	18.849	31.279	-0.39	0.49438202247191	0.4658777014464053	-0.601909383301464	0	1	No-PER3D	No-Essential3D
292	V	292	30.127	17.859	34.002	1.48	0.41627358490566	0.994464550213686	-0.4745422548644335	0	1	No-PER3D	No-Essential3D
293	L	293	31.672	14.39	33.547	1.48	0.444444444444444	1.1360382470869745	-0.46313707996182213	0	1	No-PER3D	No-Essential3D
294	L	294	32.821	11.54	35.828	0.23	0.392156862745098	0.9662867072421288	-0.3718348622958675	0	1	No-PER3D	No-Essential3D
295	R	295	36.123	11.133	34.001	0.86	0.467049977885891	0.2086472539217146	-0.3137525700719056	0	1	No-PER3D	No-Essential3D
296	Y	296	38.295	13.54	32.126	-0.08	0.43859649122807	0.19723313604540882	-0.4763521674676656	0	1	No-PER3D	No-Essential3D
297	E	297	40.967	12.919	29.532	-0.39	0.48114689709348	-0.05165213014735871	-0.14091500112810956	0	0.9999999999999999	No-PER3D	No-Essential3D
298	D	298	42.839	15.954	30.761	0.54	0.476218323586745	-0.2697536005971266	-0.4110092857687994	0	1	No-PER3D	No-Essential3D
299	A	299	43.045	18.876	33.074	-0.08	0.430864197530864	-0.34286739137124556	-0.5859636309661774	0	1	No-PER3D	No-Essential3D
300	Y	300	42.642	20.792	29.772	0.86	0.435705368289638	-0.6928976983381365	-0.47004722643503927	0	0.9999999999999999	No-PER3D	No-Essential3D
301	Q	301	39.298	19.076	29.116	-0.08	0.359355638166047	-0.17639724898291703	-0.5596736070613479	0	1	No-PER3D	No-Essential3D
302	Y	302	38.544	19.742	32.79	0.23	0.359355638166047	-0.42794311605625523	-0.644513034531591	0	1	No-PER3D	No-Essential3D
303	Q	303	39.212	23.491	32.456	0.86	0.306409130816506	-0.9060910301002654	-0.7225538599316095	0	0.9999999999999999	No-PER3D	No-Essential3D
304	N	304	37.088	23.556	29.27	1.48	0.304395364093593	-0.7256387547463831	-0.440326098495153	0	0.9999999999999999	No-PER3D	No-Essential3D
305	I	305	34.137	22.05	31.089	0.86	0.323420074349442	-0.3592355318474077	-0.527547965278024	0	1	No-PER3D	No-Essential3D
306	F	306	34.224	23.835	34.457	0.54	0.257037037037037	-0.6976519300117107	-0.6182142153859389	0	1	No-PER3D	No-Essential3D
307	G	307	35.624	27.114	33.102	0.86	0.275396825396825	-1.5361795414383375	-0.6080434037596077	0	1	No-PER3D	No-Essential3D
308	P	308	32.425	28.129	31.3	-1.33	0.428044280442804	-1.1752293585962061	-0.5092919483519049	0	1	No-PER3D	No-Essential3D
309	L	309	30.406	26.953	34.341	-1.33	0.429274292742927	-0.8168345752786206	-0.4505890416041923	0	0.9999999999999999	No-PER3D	No-Essential3D
310	V	310	32.294	29.373	36.599	-1.33	0.429274292742927	-1.555345037872433	-0.4727573835561438	0	0.9999999999999999	No-PER3D	No-Essential3D
311	K	311	31.636	32.118	34.044	-1.33	0.405092592592593	-1.8803066774105406	-0.463239197274781	0	0.9999999999999999	No-PER3D	No-Essential3D
312	L	312	27.891	31.461	34.024	-1.33	0.487918215613383	-1.2423085961155402	-0.33538738615637015	0	1	No-PER3D	No-Essential3D
313	E	313	27.952	31.745	37.866	-1.33	0.483333333333333	-1.3434886043171614	-0.2113388905605034	0	1	No-PER3D	No-Essential3D
314	A	314	30.06	34.914	37.886	-1.33	0.511764705882353	-2.213801001567966	-0.23233357551395054	0	1	No-PER3D	No-Essential3D
315	D	315	27.858	36.66	35.326	-1.33	0.548319327731092	-2.0728134415930106	-0.021347274723109235	0	1	No-PER3D	No-Essential3D
316	Y	316	24.688	35.561	37.119	-1.33	0.546310832025118	-1.4860937107572347	0.03910290058931997	0	1	No-PER3D	No-Essential3D
317	D	317	26.05	36.732	40.441	0.23	0.549450549450549	-1.4544067566528633	0.2703363914578986	0	1	No-PER3D	No-Essential3D
318	K	318	27.058	40.107	38.996	-0.39	0.549009384775808	-1.6350623926055547	0.1478240349496958	0	0.9999999999999999	No-PER3D	No-Essential3D
319	K	319	23.552	40.887	37.7	-0.08	0.512820512820513	-1.1758682084773426	0.3306952951236778	0	0.9999999999999999	No-PER3D	No-Essential3D
320	L	320	22.06	39.512	40.901	2.11	0.557253649635037	-0.8243182453147913	0.622495624340508	0	1	No-PER3D	No-Essential3D
321	K	321	24.168	41.804	43.088	0.54	0.558850364963504	-0.9220024832974388	0.8896927445949906	0	1	No-PER3D	No-Essential3D
322	E	322	23.461	44.71	40.752	-0.39	0.560447080291971	-0.49868733447263575	0.48758953044664016	0	1	No-PER3D	No-Essential3D
323	S	323	19.694	44.147	40.904	0.23	0.601216545012165	-0.17881144104710495	0.434687855840733	0	1	No-PER3D	No-Essential3D
324	Q	324	19.77	44.563	44.707	0.86	0.644688644688645	0.14016254666388012	0.9949698822131833	0	1	No-PER3D	No-Essential3D
325	T	325	20.067	48.4	44.916	-0.71	0.601709401709402	0.21959288188518697	0.5804358626938686	0	1	No-PER3D	No-Essential3D
326	Q	326	17.901	49.984	47.644	0.23	0.554621848739496	0.026399945608162785	0.7341674594787717	0	1	No-PER3D	No-Essential3D
327	D	327	16.896	53.604	47.182	-0.08	0.557142857142857	-0.046594568588361356	0.6730232864347779	0	1	No-PER3D	No-Essential3D
328	N	328	15.203	55.562	49.972	0.86	0.5	-0.2840337744107664	0.5721052597819921	0	0.9999999999999999	No-PER3D	No-Essential3D
329	I	329	17.21	54.475	52.998	-1.33	0.553505535055351	-0.12366042493925485	0.5550521818763947	0	0.9999999999999999	No-PER3D	No-Essential3D
330	T	330	17.455	55.962	56.489	-1.33	0.593891402714932	-0.06408688676233731	0.5994810901679648	0	0.9999999999999999	No-PER3D	No-Essential3D
331	V	331	20.807	55.69	58.347	-1.33	0.638686131386861	-0.1521421860470986	0.6267973277278951	0	1	No-PER3D	No-Essential3D
332	R	332	21.648	55.731	62.033	-0.39	0.692307692307692	-0.3688730386256957	0.7612430244328497	0	0.9999999999999999	No-PER3D	No-Essential3D
333	W	333	25.226	56.888	62.553	0.86	0.747262773722628	-0.5613419450374318	0.7847936551953886	0	1	No-PER3D	No-Essential3D
334	D	334	27.561	55.661	65.271	0.54	0.746666666666667	-0.1133330861710894	1.13620265696994	0	1	No-PER3D	No-Essential3D
335	L	335	31.209	55.358	66.34	-1.33	0.684782608695652	0.022614168534761232	1.209865731207391	0	1	No-PER3D	No-Essential3D
336	G	336	33.006	52.092	67.198	-1.33	0.684782608695652	-1.0049390564822302e-4	1.0064473631659638	0	0.9999999999999999	No-PER3D	No-Essential3D
337	L	337	35.471	51.773	70.095	2.11	0.687272727272727	-0.3258494029942475	1.3429624376945437	0	1	No-PER3D	No-Essential3D
338	N	338	38.165	51.336	67.458	0.54	0.692307692307692	-0.40044641941786485	1.1733254781942364	0	1	No-PER3D	No-Essential3D
339	K	339	36.87	54.807	66.488	1.48	0.586080586080586	-0.2584797791653058	1.1738577490335242	0	0.9999999999999999	No-PER3D	No-Essential3D
340	K	340	35.741	53.829	62.961	-1.33	0.538766788766789	-0.44303641149363254	1.053223517105228	0	1	No-PER3D	No-Essential3D
341	R	341	32.51	55.133	61.446	0.54	0.531818181818182	-0.7394961602563296	0.9458147644961821	0	1	No-PER3D	No-Essential3D
342	I	342	29.49	52.787	61.532	1.48	0.582750582750583	-0.57648505333103806	0.7379341091911866	0	0.9999999999999999	No-PER3D	No-Essential3D
343	A	343	26.22	53.105	59.59	0.86	0.584893048128342	-0.6916808414216861	0.6793447525612335	0	0.9999999999999999	No-PER3D	No-Essential3D
344	Y	344	22.975	51.32	60.581	0.86	0.638686131386861	-0.33372209849916207	0.5044870593618649	0	1	No-PER3D	No-Essential3D
345	F	345	20.033	50.847	58.248	1.17	0.635869565217391	0.05035850622983274	0.5088040206613471	0	0.9999999999999999	No-PER3D	No-Essential3D
346	T	346	17.124	48.505	57.601	0.54	0.638181818181818	-0.1521421860470986	0.16330889787561223	0	1	No-PER3D	No-Essential3D
347	L	347	16.281	46.847	54.265	0.23	0.642335766423358	-0.08486292911526436	0.05843284303341303	0	1	No-PER3D	No-Essential3D
348	P	348	13.206	44.963	53.027	0.86	0.64	0.020788883160085453	-0.3856902360748822	0	1	No-PER3D	No-Essential3D
349	K	349	13.013	41.41	54.317	-0.08	0.64051094890511	0.15697872418024772	-0.9801783158801083	0	1	No-PER3D	No-Essential3D
350	T	350	14.597	39.06	51.751	0.54	0.701298701298701	0.15302766151159472	-0.92548533815953	0	0.9999999999999999	No-PER3D	No-Essential3D
351	D	351	15.705	35.436	51.374	1.17	0.580165289256198	0.37420189622230576	-1.1348992376698892	0	1	No-PER3D	No-Essential3D
352	S	352	18.487	34.594	48.895	-0.08	0.634057971014493	0.8380189259126413	0.1268253396362042	0	0.9999999999999999	No-PER3D	No-Essential3D
366	R	355	22.653	35.603	51.756	-0.39	0.907407407407407	0.34302195507399835	0.41261952185699974	0	1	No-PER3D	No-Essential3D
367	L	356	24.208	38.828	53.075	0.23	0.756172839506173	-0.1790798653669102	0.8661249701998963	0	1	No-PER3D	No-Essential3D
368	M	357	27.4	38.003	55.008	0.23	0.740115972588297	0.32452989013853695	1.0800603610441766	0	0.9999999999999999	No-PER3D	No-Essential3D
369	Q	358	29.623	39.872	57.437	-0.08	0.740115972588297	-0.2584797791653058	0.8785608827165938	0	1	No-PER3D	No-Essential3D
370	G	359	32.502	41.345	55.46	0.54	0.739495798319328	-0.6139126221248945	0.6470595591678897	0	1	No-PER3D	No-Essential3D
371	D	360	30.467	41.87	52.315	-0.71	0.831932773109244	-0.41405851492443374	0.5230882274101238	0	0.9999999999999999	No-PER3D	No-Essential3D
372	E	361	31.08	45.219	50.718	0.86	0.779335793357934	-0.6394666173703552	0.49803170413174896	0	1	No-PER3D	No-Essential3D
373	I	362	28.462	47.952	50.456	0.54	0.683174740484429	-0.3226923826026171	0.6693781229017286	0	0.9999999999999999	No-PER3D	No-Essential3D
374	C	363	28.495	51.232	48.632	0.23	0.607266435986159	-0.4541275552633638	0.4754360891280035	0	1	No-PER3D	No-Essential3D
375	L	364	26.596	53.884	50.542	-0.71	0.535294117647059	-0.5977090660487957	0.44540902364970736	0	1	No-PER3D	No-Essential3D
376	R	365	25.682	56.997	48.51	0.54	0.534838289559366	-0.9769979984200223	0.32697871507998905	0	1	No-PER3D	No-Essential3D
377	Y	366	24.118	60.163	49.895	0.23	0.505125051250513	-0.9523094682541763	0.2394041541380164	0	1	No-PER3D	No-Essential3D
378	K	367	21.469	61.405	47.482	1.48	0.503267973856209	-0.7921651414070412	0.15270354094781496	0	1	No-PER3D	No-Essential3D
379	G	368	19.352	63.841	49.536	-0.08	0.476780185758514	-0.6487589792777955	0.14713542865207804	0	1	No-PER3D	No-Essential3D
380	D	369	19.509	67.653	49.313	-0.08	0.475033738191633	-0.3896569547586703	0.002413552267945534	0	1	No-PER3D	No-Essential3D
381	L	370	20.311	68.475	52.956	-0.08	0.473684210526316	-0.31860682680168373	0.028766972886964556	0	1	No-PER3D	No-Essential3D
382	A	371	23.95	68.304	51.653	-0.39	0.502849002849003	-0.41691454968716163	0.15330676837146207	0	1	No-PER3D	No-Essential3D
383	P	372	25.963	67.318	48.532	0.23	0.503852392538524	-0.6462992364199436	0.1880470378837584	0	1	No-PER3D	No-Essential3D
384	L	373	26.691	64.022	46.719	0.23	0.431515151515151	-0.7238314820563257	0.1617436687544141	0	1	No-PER3D	No-Essential3D
385	W	374	28.782	61.616	48.83	-0.08	0.381064834693001	-0.7099336951684436	0.24731479453317318	0	1	No-PER3D	No-Essential3D
386	K	375	29.764	57.995	48.422	-1.33	0.464052287581699	-0.48650004443249295	0.2975807683691217	0	1	No-PER3D	No-Essential3D
387	G	376	31.392	55.567	50.845	-1.33	0.484405458089669	-0.37308557602373527	0.3627660798045367	0	1	No-PER3D	No-Essential3D
388	I	377	32.542	51.954	51.004	-1.33	0.480843653250774	-0.4466501077909704	0.5872695522014879	0	1	No-PER3D	No-Essential3D
389	G	378	31.99	49.901	54.125	-1.33	0.499033561764189	-0.5785435696147002	0.5138500856446567	0	1	No-PER3D	No-Essential3D
390	H	379	31.887	46.309	55.165	-1.33	0.502292768959436	-0.46618789436558833	0.5444392978631711	0	1	No-PER3D	No-Essential3D
391	V	380	29.089	44.429	56.854	1.17	0.47946127946128	-0.15697363138472598	0.5038338864717187	0	0.9999999999999999	No-PER3D	No-Essential3D
392	I	381	29.533	43.928	60.57	0.86	0.442786069651741	-0.1329001453876135	0.5361372408930073	0	0.9999999999999999	No-PER3D	No-Essential3D
393	K	382	25.908	43.158	61.476	0.23	0.445692883895131	-0.045529818786467134	0.32853901278279835	0	1	No-PER3D	No-Essential3D
394	V	383	23.112	41.373	59.675	-0.08	0.383458646616541	-0.2048163891498384	0.34840016389977796	0	1	No-PER3D	No-Essential3D
395	P	384	19.561	41.242	60.97	0.54	0.408466819221968	0.1984857828711667	-0.5193701660899236	0	0.9999999999999999	No-PER3D	No-Essential3D
396	D	385	19.582	39.038	64.076	-0.08	0.406936980947728	0.12163590011092121	-1.8203985884150296	0	1	No-PER3D	No-Essential3D
397	N	386	18.414	38.786	67.661	0.23	0.388526119402985	-0.17782498167182068	-2.4060740228803073	0	0.9999999999999999	No-PER3D	No-Essential3D
398	Y	387	19.397	42.368	68.356	1.17	0.423063973063973	-0.2398057057166999	-1.9883802123527132	0	1	No-PER3D	No-Essential3D
399	G	388	17.117	43.673	65.635	-0.08	0.398523985239852	0.4049412512456914	-1.6795072504383706	0	1	No-PER3D	No-Essential3D
400	D	389	16.7	44.085	61.919	0.23	0.395604395604396	0.264903901232462	-1.3647954932073496	0	0.9999999999999999	No-PER3D	No-Essential3D
401	E	390	19.492	46.573	61.293	0.23	0.377100840336134	-0.09055352469513595	0.2350158325563391	0	1	No-PER3D	No-Essential3D
402	I	391	22.385	45.95	58.949	1.48	0.329963235294118	-0.24099546662893795	0.8404803840254733	0	1	No-PER3D	No-Essential3D
403	A	392	25.577	47.716	60.056	-0.39	0.374348279457768	-0.21796734767859985	0.8373067937765947	0	1	No-PER3D	No-Essential3D
404	I	393	28.588	48.581	57.996	-0.08	0.455253623188406	-0.4629117411289908	0.8698904709812071	0	1	No-PER3D	No-Essential3D
405	E	394	31.988	49.793	58.991	0.54	0.477484324529736	-0.2952526015917003	0.9222696729601899	0	1	No-PER3D	No-Essential3D
406	L	395	33.315	52.45	56.581	1.17	0.504011231448055	-0.7765870327670201	1.0092689707954088	0	0.9999999999999999	No-PER3D	No-Essential3D
407	R	396	36.855	52.022	55.237	0.23	0.504011231448055	-0.621914378211857	0.7744640457589065	0	1	No-PER3D	No-Essential3D
408	S	397	37.437	55.743	55.573	0.23	0.534100596760443	-1.0077229197622115	0.7346230701471024	0	1	No-PER3D	No-Essential3D
409	S	398	36.215	57.788	58.479	0.23	0.536042780748663	-0.8214919969927126	1.0050008324330508	0	1	No-PER3D	No-Essential3D
410	V	399	36.754	61.026	56.572	1.17	0.569545454545454	-0.9752693458004765	0.6818300058879724	0	0.9999999999999999	No-PER3D	No-Essential3D
411	G	400	33.829	63.186	55.444	-0.39	0.569545454545454	-0.7363394902554196	0.3842513871912171	0	0.9999999999999999	No-PER3D	No-Essential3D
412	A	401	31.06	60.792	56.505	-0.39	0.56543321299639	-0.9283041999932891	0.6587530429289947	0	0.9999999999999999	No-PER3D	No-Essential3D
413	P	402	27.766	62.837	56.483	-0.39	0.532172435761308	-0.4195473855609364	0.55408725837335715	0	0.9999999999999999	No-PER3D	No-Essential3D
414	V	403	27.086	61.954	60.157	0.23	0.48252688172043	-0.42163221034786214	0.8437386691180453	0	1	No-PER3D	No-Essential3D
415	E	404	24.615	64.865	60.583	0.54	0.511428571428572	-0.8238619239711222	0.8851461237286493	0	0.9999999999999999	No-PER3D	No-Essential3D
416	V	405	22.214	63.653	57.869	-0.08	0.507801418439716	-0.7828477616021581	0.547380564597059	0	1	No-PER3D	No-Essential3D
417	T	406	19.847	60.732	58.04	0.23	0.456632653061225	-0.2944446613626207	0.7202805428122727	0	1	No-PER3D	No-Essential3D
418	H	407	17.373	60.34	55.147	-0.39	0.428057553956834	-0.3678508788158773	0.6130006351222417	0	0.9999999999999999	No-PER3D	No-Essential3D
419	N	408	17.857	59.635	51.418	0.23	0.493520816101461	-0.5916281616246444	0.36032335933856907	0	0.9999999999999999	No-PER3D	No-Essential3D
420	F	409	20.78	57.186	51.296	1.17	0.466601498859563	-0.6314299800450015	0.48845111979311173	0	0.9999999999999999	No-PER3D	No-Essential3D
421	Q	410	21.224	54.612	48.539	1.48	0.427718040621266	-0.6434383527017612	0.4585381224421395	0	1	No-PER3D	No-Essential3D
422	V	411	22.628	51.157	49.256	0.54	0.397343663530714	-0.4729988445153569	0.6382550990376582	0	1	No-PER3D	No-Essential3D
423	D	412	24.472	49.188	46.62	0.54	0.39877811718967	-0.578756519575079	0.6554524979063361	0	0.9999999999999999	No-PER3D	No-Essential3D
424	F	413	26.017	45.737	47.043	0.23	0.367639528929852	-0.5666764490954067	0.898538107446373	0	1	No-PER3D	No-Essential3D
425	V	414	29.449	45.89	45.46	-0.71	0.427718040621266	-0.9501999952924298	0.7194364928598195	0	1	No-PER3D	No-Essential3D
426	W	415	30.255	42.883	43.301	2.11	0.397343663530714	-1.2959719861310077	0.6223810304861632	0	1	No-PER3D	No-Essential3D
427	K	416	33.872	41.636	43.026	-1.33	0.367934224049332	-1.8890680472089845	0.40167280537867306	0	1	No-PER3D	No-Essential3D
428	S	417	35.254	39.153	40.512	-1.33	0.458269329237071	-2.9718494561378526	-0.13873193139873707	0	1	No-PER3D	No-Essential3D
429	T	418	37.932	37.882	42.931	-1.33	0.430806257521059	-2.391076836922839	-0.01224310236569701	0	1	No-PER3D	No-Essential3D
430	S	419	36.573	34.501	43.907	-1.33	0.433939393939394	-1.8803066774105406	0.012557040274535757	0	1	No-PER3D	No-Essential3D
431	F	420	35.662	33.623	40.32	-1.33	0.431515151515151	-2.3606716821521703	-0.26646812558748983	0	0.9999999999999999	No-PER3D	No-Essential3D
432	D	421	39.068	34.832	39.05	-1.33	0.429951690821256	-2.9406664339676936	-0.34771229332366244	0	0.9999999999999999	No-PER3D	No-Essential3D
433	R	422	40.768	32.593	41.632	-1.33	0.452685421994885	-1.9187151066279606	-0.4426025506787634	0	0.9999999999999999	No-PER3D	No-Essential3D
434	M	423	38.614	29.671	40.464	-1.33	0.424460431654676	-1.55406733811016	-0.4713542225952247	0	0.9999999999999999	No-PER3D	No-Essential3D
435	Q	424	39.385	30.348	36.778	-1.33	0.361495135688684	-1.945734113885855	-0.7180402267029061	0	1	No-PER3D	No-Essential3D
436	S	425	43.015	30.622	37.642	-1.33	0.365136668385766	-1.3530425755125364	-0.7930737348288642	0	1	No-PER3D	No-Essential3D
437	A	426	43.081	27.362	39.615	-1.33	0.364105208870552	-0.7470478311201841	-0.7155166334464735	0	1	No-PER3D	No-Essential3D
438	L	427	41.622	25.623	36.575	-1.33	0.364105208870552	-0.8347223719504431	-0.9229743909887103	0	1	No-PER3D	No-Essential3D
439	K	428	44.328	27.23	34.474	-1.33	0.364105208870552	-0.9244807802501236	-1.0290598803325164	0	0.9999999999999999	No-PER3D	No-Essential3D
440	T	429	47.148	26.066	36.711	-1.33	0.398550724637681	-0.8093938531336189	-0.8819014890040027	0	1	No-PER3D	No-Essential3D
441	F	430	45.645	22.582	37.087	-1.33	0.401459854014599	-0.4982523728514364	-0.8801514834385153	0	1	No-PER3D	No-Essential3D
442	A	431	45.996	22.293	33.273	-0.08	0.377844568484328	-0.6876558531595804	-0.7658444471079965	0	1	No-PER3D	No-Essential3D
443	V	432	49.237	24.23	32.74	1.48	0.375106564364876	-0.7240416300435416	-0.6845094634754223	0	1	No-PER3D	No-Essential3D
444	D	433	51.459	23.495	35.762	-0.08	0.401459854014599	-0.7983079287256617	-0.6036274959585611	0	1	No-PER3D	No-Essential3D
445	E	434	52.57	19.882	36.241	-0.08	0.455074337427279	-0.35359742813452033	-0.3933995098267484	0	1	No-PER3D	No-Essential3D
446	T	435	54.087	20.691	39.692	-0.08	0.473300038417211	-0.3044769706071349	-0.5780561906789761	0	1	No-PER3D	No-Essential3D
447	S	436	50.821	22.056	41.01	0.86	0.474644640799078	-0.41180375063806957	-0.7699777265378519	0	0.9999999999999999	No-PER3D	No-Essential3D
448	V	437	49.544	18.617	42.178	0.86	0.450912408759124	-0.15690264806459975	-0.5671015899314432	0	0.9999999999999999	No-PER3D	No-Essential3D
449	S	438	51.3	15.216	42.221	0.23	0.465085638998683	-0.04910188263798315	-0.29946585799763487	0	0.9999999999999999	No-PER3D	No-Essential3D
450	G	439	50.965	12.681	39.382	0.23	0.427878787878788	-0.1051558076925419	-0.10690164453078613	0	1	No-PER3D	No-Essential3D
451	Y	440	48.939	10.553	41.75	0.54	0.446482213438735	0.08843506537912953	-0.15548239686258472	0	0.9999999999999999	No-PER3D	No-Essential3D
452	I	441	46.459	13.286	42.76	-0.08	0.467153284671533	0.16252229250365827	-0.2996814770030507	0	0.9999999999999999	No-PER3D	No-Essential3D
453	Y	442	46.198	14.469	39.165	-0.39	0.517647058823529	-0.009476895261863736	-0.3106228829072951	0	1	No-PER3D	No-Essential3D
454	H	443	45.145	11.095	37.787	-0.08	0.515750915750916	-0.15131786361982563	-0.03081172988965901	0	1	No-PER3D	No-Essential3D
455	K	444	42.946	10.242	40.761	-0.39	0.533333333333333	0.34876384469392985	-0.279356328518059	0	1	No-PER3D	No-Essential3D
456	L	445	40.993	13.537	40.626	0.86	0.499911488759072	0.9495272688019243	-0.3456469318892538	0	0.9999999999999999	No-PER3D	No-Essential3D
457	L	446	40.363	13.124	36.915	-0.08	0.500355366027008	0.5775009224361921	-0.29644088489473475	0	0.9999999999999999	No-PER3D	No-Essential3D
458	G	447	38.846	9.622	37.242	-0.39	0.562899786780384	0.4750145288062495	-0.2662061685818625	0	1	No-PER3D	No-Essential3D
459	H	448	41.718	7.644	35.76	0.23	0.501776830135039	-0.022596746130284454	-0.19333608083645454	0	0.9999999999999999	No-PER3D	No-Essential3D
460	E	449	42.742	4.145	36.887	-0.08	0.482124616956078	-0.01571682433342975	-0.09984600827724609	0	1	No-PER3D	No-Essential3D
461	V	450	45.734	4.504	39.223	1.48	0.473754646840149	-0.09439623074708488	0.012092710368974585	0	1	No-PER3D	No-Essential3D
462	E	451	47.443	1.733	41.17	-0.08	0.477303370786517	-0.408153179888718	-0.11722746273284787	0	1	No-PER3D	No-Essential3D
463	D	452	47.334	2.344	44.92	0.23	0.493494423791822	-0.045529818786467134	-0.30702905247554807	0	1	No-PER3D	No-Essential3D
464	V	453	50.322	4.061	46.523	-0.71	0.435424354243542	0.1480610542852043	-0.673594368133916	0	1	No-PER3D	No-Essential3D
465	I	454	51.343	3.937	50.174	0.54	0.404918501572777	0.20014718813480348	-0.9142105083013436	0	0.9999999999999999	No-PER3D	No-Essential3D
466	I	455	52.613	7.283	51.431	-0.08	0.389921520033044	0.3770369721565848	-0.6864275898503883	0	1	No-PER3D	No-Essential3D
467	K	456	55.78	6.453	53.339	-0.39	0.389921520033044	0.07212503432284129	-0.9004215304924559	0	1	No-PER3D	No-Essential3D
468	C	457	55.49	7.729	56.909	0.23	0.387379972565158	0.20149213525298568	-0.15007972406140935	0	1	No-PER3D	No-Essential3D
469	Q	458	56.246	7.161	60.568	0.86	0.387379972565158	0.17593814000752503	-0.07170341835921773	0	0.9999999999999999	No-PER3D	No-Essential3D
470	L	459	52.933	6.576	62.373	0.86	0.420238095238095	0.1492225995236344	-0.39787478704355594	0	1	No-PER3D	No-Essential3D
471	P	460	52.549	8.311	65.732	0.54	0.399659381209197	0.2725989046316587	0.08825754370506392	0	1	No-PER3D	No-Essential3D
472	K	461	52.837	6.078	68.787	0.23	0.401930173147885	0.11089160665544343	-0.680424560053596	0	0.9999999999999999	No-PER3D	No-Essential3D
473	R	462	49.428	7.431	69.852	-0.39	0.419555555555556	-0.045529818786467134	-0.38063654747390413	0	0.9999999999999999	No-PER3D	No-Essential3D
474	F	463	46.764	8.782	67.478	0.54	0.407206176722905	0.04962839207996246	-0.3112419846666012	0	0.9999999999999999	No-PER3D	No-Essential3D
475	T	464	44.963	10.931	69.966	0.54	0.407577497129736	-0.10185851798345023	-0.19537371768899828	0	1	No-PER3D	No-Essential3D
476	A	465	46.409	14.428	69.832	-0.39	0.35796600403342	-0.22691307915620734	0.48356965072727925	0	1	No-PER3D	No-Essential3D
477	Q	466	47.478	16.233	73.004	0.86	0.37089552238806	-0.4229141833534872	0.2224976106896207	0	0.9999999999999999	No-PER3D	No-Essential3D
478	G	467	44.795	18.782	73.879	-0.08	0.358974358974359	-0.49868733447263575	0.26794809919959195	0	1	No-PER3D	No-Essential3D
479	L	468	42.012	16.808	72.205	-0.08	0.370557620817844	-0.1787513139994686	0.5423912716890791	0	1	No-PER3D	No-Essential3D
480	P	469	39.701	13.969	73.428	-1.33	0.349133703824779	-0.29255177282591993	-0.081214180442482	0	1	No-PER3D	No-Essential3D
481	D	470	40.676	10.301	73.097	-1.33	0.350114416475973	-0.17912789919255956	-0.6399516741187994	0	1	No-PER3D	No-Essential3D
482	L	471	39.694	9.006	69.663	-0.08	0.317460317460317	0.17194532825042175	-0.4541233001592923	0	1	No-PER3D	No-Essential3D
483	N	472	37.236	6.074	69.243	0.54	0.319548872180451	0.3650377048239338	-0.7619949482271393	0	1	No-PER3D	No-Essential3D
484	H	473	38.062	3.091	67.056	1.48	0.321969696969697	0.5069232212820627	-1.1319955570740992	0	1	No-PER3D	No-Essential3D
485	S	474	36.678	4.398	63.797	0.54	0.321969696969697	0.7070961840381711	-0.9997968932532507	0	0.9999999999999999	No-PER3D	No-Essential3D
486	Q	475	38.349	7.743	64.25	1.17	0.301647655259823	0.3108064482474561	-0.6073224820967537	0	1	No-PER3D	No-Essential3D
487	V	476	41.679	6.006	65.011	0.23	0.320610687022901	0.33003647497257554	-0.7969014109271132	0	1	No-PER3D	No-Essential3D
488	Y	477	41.077	4.04	61.857	-0.39	0.304810557684121	0.7871045262947918	-1.1807729566319842	0	1	No-PER3D	No-Essential3D
489	A	478	40.488	7.173	59.785	2.11	0.228607918263091	0.9011190861624889	-0.7422432651112808	0	1	No-PER3D	No-Essential3D
490	V	479	43.536	8.988	61.106	-0.08	0.243665158371041	0.660186349909004	-0.3015249551318825	0	0.9999999999999999	No-PER3D	No-Essential3D
491	K	480	45.886	6.086	60.48	0.23	0.27509578544061303	0.5261781924894268	-0.5585294641449521	0	1	No-PER3D	No-Essential3D
492	T	481	44.595	5.108	57.008	-0.08	0.294745484400657	0.6218112984283208	-1.1261018308785422	0	1	No-PER3D	No-Essential3D
493	V	482	44.546	8.67	55.802	0.86	0.297021511307226	0.8147880211440409	-0.34705978696537026	0	1	No-PER3D	No-Essential3D
494	L	483	48.185	9.332	56.85	0.86	0.277220077220077	0.6793518463430994	-0.05545102893820948	0	0.9999999999999999	No-PER3D	No-Essential3D
495	Q	484	49.294	6.411	54.723	0.86	0.322358575276863	0.6213077714284103	-0.6756044884914308	0	1	No-PER3D	No-Essential3D
496	R	485	47.723	7.36	51.341	-0.08	0.347868217054264	0.47312164026954867	-0.8166448292535015	0	1	No-PER3D	No-Essential3D
497	P	486	48.049	10.39	48.974	0.23	0.496954595791805	0.5989987279601511	-0.39776185794683916	0	0.9999999999999999	No-PER3D	No-Essential3D
498	L	487	44.309	10.883	48.635	1.79	0.464332036316472	0.918192560044277	-0.5115957889031273	0	1	No-PER3D	No-Essential3D
499	S	488	41.398	10.169	51.009	0.86	0.460746460746461	1.0935588783672479	-0.5620541293204924	0	0.9999999999999999	No-PER3D	No-Essential3D
500	L	489	37.77	11.008	51.712	1.48	0.462532299741602	1.7008579493064082	-0.45171541412582655	0	1	No-PER3D	No-Essential3D
501	I	490	36.282	10.923	55.169	-0.08	0.370025839793282	1.4736366811683086	-0.3343403911001447	0	1	No-PER3D	No-Essential3D
502	Q	491	32.58	10.985	55.812	-0.39	0.350980392156863	1.6634183748770126	-0.11078931324039205	0	1	No-PER3D	No-Essential3D
503	G	492	31.684	12.609	59.146	0.23	0.41015625	1.6735367561033363	0.007741593772618352	0	1	No-PER3D	No-Essential3D
504	P	493	28.001	12.159	59.943	-0.71	0.413385826771654	1.6265351467072902	0.15849642028375457	1	0.03726708074534162	No-PER3D	No-Essential3D
505	P	494	26.398	14.497	62.56	0.54	0.439222440944882	1.9952714971571681	0.11876837565471728	1	0.024844720496894426	No-PER3D	No-Essential3D
506	G	495	27.744	14.072	66.066	2.11	0.439222440944882	1.5184577926592862	0.1759221434777897	1	0.03726708074534162	No-PER3D	No-Essential3D
507	T	496	30.626	11.793	65.007	0.86	0.530632411067194	1.2317216277805036	-0.05279268088637295	0	1	No-PER3D	No-Essential3D
508	G	497	33.624	14.087	65.756	2.11	0.47167325428195	0.6621028995524136	-0.14980710983949194	0	1	No-PER3D	No-Essential3D
509	K	498	34.469	15.122	62.243	0.54	0.571428571428572	1.2787350014894039	0.0916592054800365	1	0.04347826086956523	No-PER3D	No-Essential3D
510	T	499	36.112	18.296	63.556	0.86	0.676691729323308	1.0941396509864627	0.8795402821767508	1	0.03726708074534162	No-PER3D	No-Essential3D
511	V	500	38.25	16.557	66.189	-0.71	0.709486166007905	0.6010070365295777	0.2814631117793997	0	0.9999999999999999	No-PER3D	No-Essential3D
512	T	501	39.247	13.929	63.672	0.23	0.714285714285714	0.7223586766391833	-0.11664872827313486	0	1	No-PER3D	No-Essential3D
513	S	502	40.309	16.572	61.19	0.23	0.714285714285714	1.0876854043314128	0.6589229311510812	0	0.9999999999999999	No-PER3D	No-Essential3D
514	A	503	42.28	18.436	63.854	-0.39	0.708661417322835	0.6192217310002094	0.9780019736101707	0	0.9999999999999999	No-PER3D	No-Essential3D
515	T	504	44.11	15.231	64.907	0.54	0.700389105058366	0.1480610542852043	0.3038193938150411	0	1	No-PER3D	No-Essential3D
516	I	505	45.088	14.436	61.321	0.86	0.702334630350195	0.7554834661404247	0.39948594082320715	0	1	No-PER3D	No-Essential3D
517	V	506	46.338	17.976	60.79	0.54	0.704280155642023	0.4801289680256045	1.027898255873145	0	1	No-PER3D	No-Essential3D
518	Y	507	48.266	17.612	63.994	0.54	0.704280155642023	-0.016878369571859717	0.9915936150899037	0	1	No-PER3D	No-Essential3D
519	H	508	50.173	14.517	62.836	0.54	0.729304029304029	0.3460739504575656	0.668127512699935	0	1	No-PER3D	No-Essential3D
520	L	509	50.722	16.002	59.38	0.54	0.766602316602317	0.4891231515042169	0.6897521501950137	0	1	No-PER3D	No-Essential3D
521	A	510	52.263	19.124	60.975	0.23	0.730097444383159	0.2412427945237022	1.2910742311171022	0	1	No-PER3D	No-Essential3D
522	R	511	54.657	17.008	63.025	-0.08	0.699612403100775	0.019876240472747633	1.152360628756782	0	1	No-PER3D	No-Essential3D
523	Q	512	56.046	15.365	59.869	0.23	0.699612403100775	-0.21550260534339463	1.2347102717803222	0	0.9999999999999999	No-PER3D	No-Essential3D
524	G	513	57.78	18.683	59.282	0.54	0.66188637617209	-0.02849382195616008	1.4971010146496202	0	0.9999999999999999	No-PER3D	No-Essential3D
525	N	514	57.005	19.496	55.684	0.23	0.692307692307692	0.08602593451423769	1.0286044637088247	0	1	No-PER3D	No-Essential3D
526	G	515	56.409	23.273	56.189	-1.33	0.687022900763359	0.15357839416774702	1.325016500418462	0	0.9999999999999999	No-PER3D	No-Essential3D
527	P	516	52.908	24.674	57.064	-1.33	0.682509505703422	0.418701094839401	1.3267734597883492	0	1	No-PER3D	No-Essential3D
528	V	517	49.957	22.352	56.668	-0.08	0.642361887720868	0.4533054634009623	0.9234984490188463	0	0.9999999999999999	No-PER3D	No-Essential3D
529	L	518	47.152	23.937	54.661	0.54	0.682509505703422	0.7045023574531053	0.8116028308926965	0	1	No-PER3D	No-Essential3D
530	V	519	43.59	23.613	56.04	1.48	0.730223123732252	0.9060522898778288	1.0959595094452457	0	1	No-PER3D	No-Essential3D
531	C	520	40.509	24.934	54.259	0.54	0.725415356982488	1.1185430589674408	1.1392295848523626	0	1	No-PER3D	No-Essential3D
532	A	521	36.761	24.759	54.218	0.86	0.806017063313875	1.709177854735163	1.1986067069706512	0	0.9999999999999999	No-PER3D	No-Essential3D
533	P	522	34.175	26.526	52.066	-0.71	0.837362171331637	1.7835167499946847	1.0910256699202048	1	0.024844720496894426	No-PER3D	No-Essential3D
534	S	523	32.712	28.78	54.759	1.48	0.805188995750392	1.4432781744783427	1.432051719881646	1	0.03726708074534162	No-PER3D	No-Essential3D
535	N	524	34.016	31.08	57.436	0.86	0.836501901140685	0.6221502108321069	1.1449256088341628	1	0.03726708074534162	No-PER3D	No-Essential3D
536	I	525	32.373	29.311	60.379	0.23	0.787280701754386	0.9611427211862245	1.1195089897773838	1	0.031055900621118026	No-PER3D	No-Essential3D
537	A	526	33.654	25.924	59.291	-0.08	0.780010863661054	1.621016571138324	1.3508451589792778	1	0.012422360248447206	No-PER3D	No-Essential3D
538	V	527	37.22	27.318	59.025	0.86	0.739669421487603	0.6048008428226468	1.1863178734613158	1	0.03726708074534162	No-PER3D	No-Essential3D
539	D	528	36.84	28.945	62.441	1.17	0.738209159261791	0.2725447073989005	1.0188783491825677	1	0.03726708074534162	No-PER3D	No-Essential3D
540	Q	529	35.567	25.706	64.001	0.86	0.714285714285714	0.9888314482212321	1.2824114597421798	1	0.018633540372670808	No-PER3D	No-Essential3D
541	L	530	38.536	23.907	62.597	1.48	0.639295607439652	0.8030757733232046	1.5102059245553434	0	1	No-PER3D	No-Essential3D
542	T	531	41.019	26.644	63.604	-1.33	0.599832915622389	0.13427401732470873	1.1404532154622637	0	1	No-PER3D	No-Essential3D
543	E	532	39.786	26.498	67.172	0.23	0.551580333625988	-0.3885045196789731	0.6865546593911985	0	1	No-PER3D	No-Essential3D
544	K	533	40.179	22.699	67.521	-0.39	0.551060572928056	0.18688985225557958	1.0016381811260147	0	1	No-PER3D	No-Essential3D
545	I	534	43.65	22.695	65.961	1.48	0.551060572928056	0.08710758510663805	1.2079360020310894	0	1	No-PER3D	No-Essential3D
546	H	535	44.662	25.484	68.367	0.23	0.52434456928839	-0.1314613910334573	0.6055983039691302	0	1	No-PER3D	No-Essential3D
547	Q	536	43.895	23.126	71.266	0.54	0.52434456928839	-0.43429126645407495	0.7328084533247442	0	0.9999999999999999	No-PER3D	No-Essential3D
548	T	537	46.753	20.925	70.077	0.54	0.539325842696629	-0.3394007641092644	0.9592781741726969	0	1	No-PER3D	No-Essential3D
549	G	538	49.35	23.628	70.873	0.23	0.535315985130112	-0.2787100254012954	0.8214962364468926	0	0.9999999999999999	No-PER3D	No-Essential3D
550	L	539	50.547	24.171	67.262	1.17	0.535315985130112	-0.256006811883487	1.0116744704411942	0	1	No-PER3D	No-Essential3D
551	K	540	51.134	27.673	65.805	-1.33	0.486650895572829	-0.3782641318784025	0.7881237861402864	0	1	No-PER3D	No-Essential3D
552	V	541	48.065	28.422	63.733	-1.33	0.491658154579503	-0.10211366540141566	0.8028005222738429	0	0.9999999999999999	No-PER3D	No-Essential3D
553	V	542	47.522	31.322	61.356	-1.33	0.511240927597805	-0.3262275805137363	0.5538321501787291	0	1	No-PER3D	No-Essential3D
554	R	543	43.986	32.13	60.232	-1.33	0.507467931822175	-0.22706966000942713	0.5731987403012547	0	1	No-PER3D	No-Essential3D
555	L	544	44.072	34.015	56.962	-1.33	0.507936507936508	-0.1954465908931696	0.46745567179969716	0	1	No-PER3D	No-Essential3D
556	C	545	41.149	36.092	55.717	-1.33	0.509824747742963	-0.2185107096788161	0.41328674611785987	0	0.9999999999999999	No-PER3D	No-Essential3D
557	A	546	40.393	38.833	53.193	-1.33	0.486650895572829	-0.8262576110253843	0.6198381265512288	0	1	No-PER3D	No-Essential3D
558	K	547	41.208	42.453	54.053	0.23	0.506062203479178	-1.7406115034020224	0.2635556354922541	0	1	No-PER3D	No-Essential3D
559	S	548	37.4	43.006	54.045	0.54	0.500521376433785	-1.0657967400681916	0.5820224181285896	0	1	No-PER3D	No-Essential3D
560	R	549	36.785	40.417	56.747	0.86	0.477770404777704	-0.9995456412836642	0.3357675751418852	0	1	No-PER3D	No-Essential3D
561	E	550	39.308	42.237	58.975	0.23	0.417685950413223	-1.432138275081819	-0.15038228978294005	0	1	No-PER3D	No-Essential3D
562	A	551	36.73	44.137	61.051	-1.33	0.411697621375041	-0.679755643640471	0.3408814411413032	0	0.9999999999999999	No-PER3D	No-Essential3D
563	I	552	35.09	40.856	62.068	1.79	0.369687660010241	-0.9228836555472822	0.09813256775617141	0	0.9999999999999999	No-PER3D	No-Essential3D
564	D	553	35.418	39.312	65.497	-0.39	0.340501792114695	-0.48846573637445145	-0.08425207815375729	0	1	No-PER3D	No-Essential3D
565	S	554	35.113	35.569	66.045	0.23	0.343910317309519	-0.5076312328085469	0.43135521066074456	0	1	No-PER3D	No-Essential3D
566	P	555	36.428	33.217	68.728	-0.39	0.289610910549539	-0.1754292946175587	0.4313481403489495	0	1	No-PER3D	No-Essential3D
567	V	556	39.565	32.724	66.572	0.54	0.36231884057971	-0.7751496205344629	0.32261226607444976	0	1	No-PER3D	No-Essential3D
568	S	557	40.228	36.383	65.603	-0.39	0.387505367110348	-1.3044312397295048	-0.04114216306694538	0	0.9999999999999999	No-PER3D	No-Essential3D
569	F	558	43.212	36.439	67.919	-0.08	0.349090909090909	-2.0288605697708184	-0.7639298050489061	0	1	No-PER3D	No-Essential3D
570	L	559	44.786	33.9	65.471	0.86	0.346859903381642	-0.9974161416798759	-0.19541798530864266	0	1	No-PER3D	No-Essential3D
571	A	560	44.081	35.964	62.354	-0.39	0.346859903381642	-1.0572059382477805	-0.22706836395460867	0	0.9999999999999999	No-PER3D	No-Essential3D
572	L	561	47.182	36.994	60.449	-1.33	0.300167224080268	-1.0578611688951	-0.088074996356216545	0	1	No-PER3D	No-Essential3D
573	H	562	46.278	40.695	60.609	-1.33	0.298007747648035	-1.624819962446029	-0.481984108439284	0	1	No-PER3D	No-Essential3D
574	N	563	45.93	40.596	64.401	-1.33	0.296112489660877	-1.6912658574107882	-0.7240077674086595	0	0.9999999999999999	No-PER3D	No-Essential3D
575	Q	564	49.207	38.637	64.869	-1.33	0.296112489660877	-2.0490217908472372	-0.7035896890588479	0	1	No-PER3D	No-Essential3D
576	I	565	51.168	41.112	62.712	-1.33	0.296112489660877	-1.8492159831952302	-0.5891878502141554	0	1	No-PER3D	No-Essential3D
577	R	566	49.786	43.888	64.92	-1.33	0.32078853046595	-1.859255052755947	-1.16308044713588	0	1	No-PER3D	No-Essential3D
578	N	567	51.417	42.221	67.947	-1.33	0.297177642501384	-2.2458836821190853	-1.5459685094475015	0	0.9999999999999999	No-PER3D	No-Essential3D
579	M	568	54.854	41.733	66.484	-1.33	0.235836627140975	-1.9407844661581308	-1.0564274469110404	0	1	No-PER3D	No-Essential3D
580	D	569	57.015	43.508	69.059	-1.33	0.237558062375581	-2.6861093274840657	-1.89524752078571	0	1	No-PER3D	No-Essential3D
581	S	570	60.123	42.475	67.082	-1.33	0.217761557177616	-2.472094617303333	-1.3222594789487188	0	0.9999999999999999	No-PER3D	No-Essential3D
582	M	571	58.941	44.993	64.468	-1.33	0.261090909090909	-1.6706157772948915	-0.8515336484011263	0	1	No-PER3D	No-Essential3D
583	P	572	58.549	48.435	66.142	-1.33	0.259420289855072	-2.0687786002384643	-1.2324618245197208	0	0.9999999999999999	No-PER3D	No-Essential3D
584	E	573	58.783	50.521	62.958	0.86	0.215579710144928	-1.6651110629040706	-0.7314914187247699	0	1	No-PER3D	No-Essential3D
585	L	574	55.865	48.62	61.455	0.23	0.217948717948718	-1.295120186289492	-0.4641710989666207	0	0.9999999999999999	No-PER3D	No-Essential3D
586	Q	575	53.962	49.129	64.708	0.86	0.371533228676086	-1.9021127533533337	-0.9988085129770397	0	1	No-PER3D	No-Essential3D
587	K	576	54.538	52.906	64.649	0.23	0.348039215686275	-1.3938072822136283	-0.8064396014150531	0	1	No-PER3D	No-Essential3D
588	L	577	53.391	53.098	61.042	-0.08	0.372899159663866	-0.946612365418067	0.0687391668217443	0	1	No-PER3D	No-Essential3D
589	Q	578	50.293	51.062	61.957	0.23	0.371848739495798	-1.427149161724372	-0.341779941120509	0	0.9999999999999999	No-PER3D	No-Essential3D
590	Q	579	49.442	53.487	64.758	0.23	0.434194341943419	-0.7363394902554196	-0.18036956968856083	0	0.9999999999999999	No-PER3D	No-Essential3D
591	L	580	49.74	56.48	62.403	1.17	0.458044982698962	-0.1764380049561953	0.1247368308760601	0	0.9999999999999999	No-PER3D	No-Essential3D
592	K	581	47.449	54.618	59.983	0.23	0.534385813148789	-0.32236476727895735	0.35460090338768574	0	1	No-PER3D	No-Essential3D
593	D	582	44.719	54.157	62.657	-0.08	0.574684574684575	-0.4974096347103627	0.4203643345796594	0	0.9999999999999999	No-PER3D	No-Essential3D
594	E	583	43.591	57.837	62.572	-0.08	0.613003095975232	-0.22082125985620588	0.7421415115729072	0	1	No-PER3D	No-Essential3D
595	T	584	42.505	58.193	58.921	-0.39	0.61578947368421	-0.2863568648876264	0.8350842830035258	0	0.9999999999999999	No-PER3D	No-Essential3D
596	G	585	42.38	54.819	57.179	-0.39	0.65	-0.36989519843551416	0.6578626568708	0	0.9999999999999999	No-PER3D	No-Essential3D
597	E	586	45.256	56.052	54.962	0.54	0.654850746268657	-0.142931278924962	0.7146032099460657	0	1	No-PER3D	No-Essential3D
598	L	587	48.987	57.051	54.787	-0.39	0.593796992481203	-0.2913349159094694	0.7269515247421936	0	0.9999999999999999	No-PER3D	No-Essential3D
599	S	588	51.285	59.289	52.661	-0.39	0.563402889245586	-0.22653728510847995	0.8548936734841232	0	0.9999999999999999	No-PER3D	No-Essential3D
600	S	589	52.898	57.608	49.592	1.48	0.565520945220193	-0.1051558076925419	0.9995267460880968	0	0.9999999999999999	No-PER3D	No-Essential3D
601	A	590	56.408	57.461	51.159	0.54	0.543904958677686	-0.48453435249053445	0.8472937905274256	0	1	No-PER3D	No-Essential3D
602	D	591	54.846	55.914	54.31	-0.08	0.543904958677686	-0.40571946605581705	0.29891938593462797	0	1	No-PER3D	No-Essential3D
603	E	592	52.233	53.648	52.66	1.17	0.550156739811912	-0.5766270199712906	0.6119979034579461	0	1	No-PER3D	No-Essential3D
604	K	593	55.198	52.331	50.622	-0.08	0.548056904927134	-0.694400874529046	0.7190143940590111	0	0.9999999999999999	No-PER3D	No-Essential3D
605	R	594	57.318	51.7	53.735	-0.08	0.548056904927134	-0.36678004472940084	0.24517237833960076	0	0.9999999999999999	No-PER3D	No-Essential3D
606	Y	595	54.33	50.191	55.573	0.54	0.576416337285902	-0.7008282485867278	0.05901076759019792	0	1	No-PER3D	No-Essential3D
607	R	596	53.58	47.769	52.727	-0.39	0.58026120019838	-0.35180741397481413	0.5539206639744987	0	1	No-PER3D	No-Essential3D
608	A	597	57.235	46.76	52.514	-1.33	0.58026120019838	-0.48846573637445145	0.5543029398018007	0	0.9999999999999999	No-PER3D	No-Essential3D
609	L	598	57.322	45.954	56.248	-1.33	0.604338842975207	-1.241835373981365	-0.22928490589003464	0	0.9999999999999999	No-PER3D	No-Essential3D
610	K	599	53.868	44.398	56.348	-0.08	0.608365019011407	-1.3253590806632873	-0.3009786808731946	0	1	No-PER3D	No-Essential3D
611	R	600	55.034	41.959	53.653	0.23	0.585794888815134	-0.7770129326877778	0.42666161203959807	0	1	No-PER3D	No-Essential3D
612	T	601	58.093	40.94	55.745	1.17	0.583567531823442	-0.9009802310511731	0.31724989970157425	0	0.9999999999999999	No-PER3D	No-Essential3D
613	A	602	55.799	40.423	58.73	-0.71	0.58300395256917	-1.5163958031837874	-0.41553867286036517	0	0.9999999999999999	No-PER3D	No-Essential3D
614	E	603	53.404	38.246	56.687	1.48	0.614156835530881	-1.2998050854178267	0.057077412044230814	0	1	No-PER3D	No-Essential3D
615	R	604	56.214	36.092	55.275	-0.08	0.64521992002908	-0.21292700503209333	0.6433771733162132	0	1	No-PER3D	No-Essential3D
616	E	605	57.543	35.43	58.753	0.23	0.618251480320446	-1.1575157937101481	0.2665067039369754	0	0.9999999999999999	No-PER3D	No-Essential3D
617	L	606	54.276	34.408	60.358	1.79	0.572696108086308	-1.145125977833561	0.11461145189123147	0	1	No-PER3D	No-Essential3D
618	L	607	53.196	32.375	57.287	1.48	0.604512558535547	-0.47232637095626584	0.4464545322028999	0	1	No-PER3D	No-Essential3D
619	M	608	56.512	30.559	56.632	0.86	0.574123989218329	-0.06902774544895968	0.8830733373161905	0	0.9999999999999999	No-PER3D	No-Essential3D
620	N	609	56.898	29.686	60.358	0.86	0.569823434991974	-0.0051619132537829146	1.2274859641478824	0	0.9999999999999999	No-PER3D	No-Essential3D
621	A	610	53.303	28.541	61.052	1.17	0.543406953859611	-0.3475315807782747	0.9256806221842121	0	1	No-PER3D	No-Essential3D
622	D	611	52.607	24.841	61.687	0.23	0.586534489880215	0.04743804963035161	1.3808565627234204	0	1	No-PER3D	No-Essential3D
623	V	612	49.18	25.347	60.119	1.48	0.547477417933466	0.05849850228370589	1.1637289880268527	0	1	No-PER3D	No-Essential3D
624	I	613	47.565	27.937	57.835	1.48	0.549019607843137	0.4769642039990512	0.9207536137213999	0	1	No-PER3D	No-Essential3D
625	C	614	43.769	27.987	57.968	1.48	0.551609322974473	0.323249406716651	1.1710286623027872	0	1	No-PER3D	No-Essential3D
626	C	615	41.749	29.808	55.434	1.17	0.547477417933466	0.4820305613172817	1.0782648757010531	0	1	No-PER3D	No-Essential3D
627	T	616	38.774	29.526	53.183	2.11	0.546468401486989	0.7168310393697751	1.1879252900945507	0	0.9999999999999999	No-PER3D	No-Essential3D
628	C	617	38.91	27.485	49.934	1.17	0.540915997395268	0.5532673463979437	0.7205529578058567	0	0.9999999999999999	No-PER3D	No-Essential3D
629	V	618	38.618	30.681	47.917	0.54	0.613660848954967	-0.303780043464077	0.4884228211165474	0	0.9999999999999999	No-PER3D	No-Essential3D
630	G	619	41.03	32.357	50.335	-0.08	0.61025641025641	-0.1388122892353438	0.6612534342325667	0	1	No-PER3D	No-Essential3D
631	A	620	43.749	29.824	49.489	1.48	0.572115384615385	-0.07404659608937258	0.2882156667436646	0	0.9999999999999999	No-PER3D	No-Essential3D
632	G	621	44.108	31.764	46.216	0.86	0.572115384615385	-0.9362995030511491	-0.13848697060759585	0	1	No-PER3D	No-Essential3D
633	D	622	45.168	34.89	48.155	-0.71	0.572115384615385	-0.8617365954956443	0.010180042731226633	0	1	No-PER3D	No-Essential3D
634	P	623	48.277	36.536	46.692	-0.39	0.534993559467583	-0.6734279876749284	0.4756614639433735	0	0.9999999999999999	No-PER3D	No-Essential3D
635	R	624	50	36.297	50.117	0.23	0.508547008547009	-0.15097676468440244	0.592687238573648	0	0.9999999999999999	No-PER3D	No-Essential3D
636	L	625	49.931	32.475	49.723	1.48	0.536496350364963	0.009085582816576156	0.3325278026482467	0	1	No-PER3D	No-Essential3D
637	A	626	51.092	32.364	46.078	0.23	0.45985401459854	-0.3106525194581212	-0.1822311899263487	0	0.9999999999999999	No-PER3D	No-Essential3D
638	K	627	54.836	31.624	45.997	0.54	0.428057553956834	0.4428354236823361	0.12816778486082678	0	1	No-PER3D	No-Essential3D
639	M	628	54.251	29.116	48.817	1.17	0.471420486700623	0.23651057318195015	0.34501123843178455	0	1	No-PER3D	No-Essential3D
640	Q	629	53.816	25.345	48.424	-0.39	0.452717391304348	0.5669142672630728	0.17044775571197546	0	1	No-PER3D	No-Essential3D
641	F	630	51.725	22.957	50.522	0.54	0.456021897810219	0.721090038577352	0.4493040791451494	0	0.9999999999999999	No-PER3D	No-Essential3D
642	R	631	52.366	19.255	50.244	-0.08	0.521167883211679	0.5254266043939718	0.32709482440471077	0	1	No-PER3D	No-Essential3D
643	S	632	49.681	18.359	52.814	0.23	0.552631578947369	0.6701632820952638	0.49008695728100665	0	1	No-PER3D	No-Essential3D
644	I	633	46.222	19.76	52.461	1.48	0.552631578947369	1.1369687847289662	0.44229227934224263	0	1	No-PER3D	No-Essential3D
645	L	634	43.086	18.996	54.415	1.48	0.526937269372694	1.4912719680056896	0.8632505478519104	0	1	No-PER3D	No-Essential3D
646	I	635	39.767	20.319	53.205	1.17	0.526937269372694	1.8721448432816856	0.8649770883450422	0	1	No-PER3D	No-Essential3D
647	D	636	36.815	19.902	55.591	1.48	0.554670809865993	1.5902534922466731	1.2702490637813824	0	1	No-PER3D	No-Essential3D
648	E	637	33.172	20.641	54.632	2.11	0.528888888888889	1.8211043539102807	1.062231214320256	1	0.018633540372670808	No-PER3D	No-Essential3D
649	S	638	34.522	19.906	51.157	0.86	0.53037037037037	2.0168279151412967	0.5318774133797043	0	1	No-PER3D	No-Essential3D
650	T	639	31.034	18.615	50.395	0.86	0.628070175438596	1.662229816958619	0.48916884300033386	0	0.9999999999999999	No-PER3D	No-Essential3D
651	Q	640	29.961	22.319	50.526	1.17	0.596666666666667	2.071688019845186	0.8280620355292736	1	0.024844720496894426	No-PER3D	No-Essential3D
652	A	641	32.342	23.495	47.752	0.86	0.596666666666667	1.8856787056166007	0.6025343791429031	0	1	No-PER3D	No-Essential3D
653	T	642	31.944	23.352	43.955	0.54	0.554179566563468	0.970077684558763	0.19854227550843392	0	1	No-PER3D	No-Essential3D
654	E	643	34.834	21.547	42.234	2.11	0.554179566563468	0.8710068106840543	-0.24161483724169244	0	0.9999999999999999	No-PER3D	No-Essential3D
655	P	644	36.534	24.799	41.079	0.23	0.481781376518219	-0.38420543577297217	-0.4285643040747999	0	1	No-PER3D	No-Essential3D
656	E	645	36.255	26.172	44.649	-0.71	0.434676434676435	0.29588546462907483	0.1062065742679178	0	1	No-PER3D	No-Essential3D
657	C	646	37.823	23.048	46.115	0.86	0.411798727588201	1.1490342789546657	0.3259369974964191	0	1	No-PER3D	No-Essential3D
658	M	647	40.657	23.035	43.562	1.17	0.343165606323501	0.2693085072505542	-0.15147678907345322	0	1	No-PER3D	No-Essential3D
659	V	648	41.84	26.521	44.536	0.86	0.328125	-0.10896172187803618	0.07263721695359619	0	0.9999999999999999	No-PER3D	No-Essential3D
660	P	649	43.863	25.229	47.496	1.17	0.279397378203874	0.5761233485685122	0.21504992866924963	0	0.9999999999999999	No-PER3D	No-Essential3D
661	V	650	44.575	21.942	45.706	1.48	0.281225451688924	0.5237853814100197	-0.05728832558292793	0	1	No-PER3D	No-Essential3D
662	V	651	46.814	23.498	43.048	0.23	0.29574555968608	-0.27516810259091273	-0.44696871124601956	0	1	No-PER3D	No-Essential3D
663	L	652	49.229	24.883	45.613	0.23	0.311111111111111	0.08202720748045719	-0.2931691392913192	0	1	No-PER3D	No-Essential3D
664	G	653	51.414	21.767	45.328	-0.08	0.309094855654439	0.13263831473049456	-0.35046080915895533	0	1	No-PER3D	No-Essential3D
665	A	654	49.34	18.957	46.812	0.86	0.327490774907749	0.7070468520010176	-0.1891659146473215	0	0.9999999999999999	No-PER3D	No-Essential3D
666	K	655	51.144	15.686	47.415	0.54	0.35	0.3617225919272253	-0.2213719923589615	0	1	No-PER3D	No-Essential3D
667	Q	656	48.808	14.464	50.16	0.54	0.351291512915129	0.6389521967169428	-0.14851676923825477	0	1	No-PER3D	No-Essential3D
668	L	657	45.127	15.516	50.085	0.86	0.439506172839506	1.1306788985400544	-0.052958689191222125	0	1	No-PER3D	No-Essential3D
669	I	658	42.329	14.653	52.55	2.11	0.473977695167286	1.4536379022805568	0.11905691444767262	0	1	No-PER3D	No-Essential3D
670	L	659	38.716	15.619	51.766	1.48	0.477528089887641	1.9065949944746037	0.14601008866256973	0	1	No-PER3D	No-Essential3D
671	V	660	36.414	15.49	54.757	1.48	0.536842105263158	1.6405328086836315	0.5423128328396161	0	0.9999999999999999	No-PER3D	No-Essential3D
672	G	661	32.712	16.225	54.807	2.11	0.59220532319391594	1.7691741913984182	0.49515976395701067	1	0.031055900621118026	No-PER3D	No-Essential3D
673	D	662	29.355	14.584	54.399	2.11	0.537878787878788	2.112814825089598	0.2111469864157895	1	0.024844720496894426	No-PER3D	No-Essential3D
674	H	663	27.403	14.443	51.179	-0.39	0.504752851711027	1.7141640001489113	0.1426623809881288	0	0.9999999999999999	No-PER3D	No-Essential3D
675	C	664	24.172	13.921	53.106	-0.08	0.526929601357082	1.5434640673858122	0.40224719571172896	0	0.9999999999999999	No-PER3D	No-Essential3D
676	Q	665	24.613	17.401	54.511	2.11	0.495414673046252	2.062461839003656	0.3211313706394242	1	0.012422360248447206	No-PER3D	No-Essential3D
677	L	666	25.1	20.92	53.147	2.11	0.52293771043771	1.881028472760886	0.5416564940532406	1	0.006211180124223604	No-PER3D	No-Essential3D
678	G	667	25.953	21.08	49.419	-0.39	0.526404731727926	2.1322384426877887	0.5419992945157905	1	0.018633540372670808	No-PER3D	No-Essential3D
679	P	668	27.241	23.991	47.293	2.11	0.534534534534535	1.7639364159754358	0.5206780035379969	0	1	No-PER3D	No-Essential3D
680	V	669	24.909	26.84	46.448	0.54	0.534534534534535	0.887191007672846	0.5533009906351603	0	1	No-PER3D	No-Essential3D
681	V	670	24.767	27.656	42.785	0.86	0.404269816034522	-0.3071148023744083	0.08900024373499163	0	0.9999999999999999	No-PER3D	No-Essential3D
682	M	671	22.581	30.61	41.814	0.23	0.431201550387597	-0.6997776201349915	0.2984703729105202	0	1	No-PER3D	No-Essential3D
683	C	672	22.74	30.275	38.033	0.54	0.431201550387597	-1.068344859252212	-0.07015095922178231	0	1	No-PER3D	No-Essential3D
684	K	673	20.154	27.612	37.085	-0.39	0.42953667953668	-0.41946994921170777	-0.1390148193570491	0	1	No-PER3D	No-Essential3D
685	K	674	21.927	26.701	33.786	-0.39	0.431201550387597	-1.0432003831613261	-0.19852638789603216	0	1	No-PER3D	No-Essential3D
686	A	675	25.24	26.118	35.618	0.54	0.431201550387597	-0.6386922538780685	-0.26475187441358744	0	1	No-PER3D	No-Essential3D
687	A	676	23.352	24.098	38.232	0.54	0.406976744186047	-0.036707606142201026	-0.16815034286685887	0	1	No-PER3D	No-Essential3D
688	K	677	21.776	21.761	35.719	1.48	0.435311284046693	-0.027276965039709604	-0.2418365622115878	0	1	No-PER3D	No-Essential3D
689	A	678	25.114	21.269	33.946	0.23	0.435311284046693	-0.14706435989509742	-0.3947594377640684	0	1	No-PER3D	No-Essential3D
690	G	679	26.571	19.873	37.224	0.86	0.463035019455253	0.7412234893768057	-0.24962180768445907	0	1	No-PER3D	No-Essential3D
691	L	680	28.24	22.761	39.126	1.48	0.463035019455253	0.44581326052665804	-0.20904704805223662	0	0.9999999999999999	No-PER3D	No-Essential3D
692	S	681	26.356	21.901	42.306	0.54	0.459948320413437	0.8211765199554059	-0.013742524162469679	0	1	No-PER3D	No-Essential3D
693	Q	682	28.113	18.544	42.598	0.54	0.484268125854993	1.5310097212182012	-0.04107837651655153	0	0.9999999999999999	No-PER3D	No-Essential3D
694	S	683	31.051	18.854	45.013	1.48	0.489965397923876	1.8716750552704	0.22095507786881513	0	1	No-PER3D	No-Essential3D
695	L	684	34.437	17.257	44.216	2.11	0.488051470588235	1.8208377035251109	-0.02640058061348296	0	0.9999999999999999	No-PER3D	No-Essential3D
696	F	685	33.84	14.811	47.133	2.11	0.487525749599451	1.6881667919777843	-0.08171975317523661	0	1	No-PER3D	No-Essential3D
697	E	686	30.498	13.71	45.672	0.86	0.463541666666667	1.8420586300115585	-0.05405642830904631	0	1	No-PER3D	No-Essential3D
698	R	687	31.96	13.099	42.226	2.11	0.461738002594034	1.3747211522578107	-0.16180622036110948	0	0.9999999999999999	No-PER3D	No-Essential3D
699	L	688	34.777	10.963	43.701	1.17	0.407415884641794	1.2042928577642438	-0.2105334831502917	0	1	No-PER3D	No-Essential3D
700	V	689	32.107	8.988	45.577	1.48	0.404269816034522	1.3126503423056015	-0.31867965651360364	0	1	No-PER3D	No-Essential3D
701	V	690	30.005	8.342	42.418	-0.08	0.381810381810382	1.3379724501168926	-0.5371755687025044	0	0.9999999999999999	No-PER3D	No-Essential3D
702	L	691	33.307	7.425	40.788	1.17	0.378884631758195	0.9146809116490233	-0.43971452528947036	0	1	No-PER3D	No-Essential3D
703	G	692	33.663	4.554	43.317	0.86	0.324669402644779	0.9183489492440654	-0.4990955971004017	0	1	No-PER3D	No-Essential3D
704	I	693	36.087	5.986	45.916	-0.08	0.326848249027237	1.184847730069045	-0.4984062832165961	0	1	No-PER3D	No-Essential3D
705	R	694	34.877	4.789	49.363	-0.08	0.326493388052896	1.379665810780539	-0.8788758840616349	0	1	No-PER3D	No-Essential3D
706	P	695	34.965	7.442	52.086	0.23	0.278294573643411	1.5718251302908122	-0.7225805747114376	0	0.9999999999999999	No-PER3D	No-Essential3D
707	I	696	36.146	6.224	55.439	1.48	0.318639053254438	1.1362737677804808	-0.9201770778971512	0	0.9999999999999999	No-PER3D	No-Essential3D
708	R	697	32.969	6.694	57.606	-0.39	0.316863905325444	1.0660689743910703	-0.5927302909701689	0	1	No-PER3D	No-Essential3D
709	L	698	33.015	7.958	61.195	2.11	0.316863905325444	0.9808889902395349	-0.2903762962017372	0	0.9999999999999999	No-PER3D	No-Essential3D
710	Q	699	30.765	5.537	62.919	0.54	0.343269230769231	0.7125720401621982	-0.44720334482288915	0	1	No-PER3D	No-Essential3D
711	V	700	29.772	6.599	66.442	-0.08	0.343269230769231	0.8219750823068267	-0.3143596800478707	0	1	No-PER3D	No-Essential3D
712	Q	701	27.535	9.553	67.274	2.11	0.373040752351097	1.0213494827115144	-0.1095664237150129	0	1	No-PER3D	No-Essential3D
713	Y	702	27.94	11.209	70.676	-0.08	0.339015151515151	1.081169062490661	0.05107128164568687	0	0.9999999999999999	No-PER3D	No-Essential3D
714	R	703	25.391	14.027	70.261	2.11	0.338679245283019	1.03234230499053	0.15669282183523978	0	0.9999999999999999	No-PER3D	No-Essential3D
715	M	704	21.875	12.65	70.211	1.17	0.338345864661654	0.9414222642493236	0.11628914709751459	0	1	No-PER3D	No-Essential3D
716	H	705	19.398	10.822	72.395	-0.08	0.416425679583574	0.7084281490413128	0.1526880677726445	0	1	No-PER3D	No-Essential3D
717	P	706	18.828	7.547	70.475	0.86	0.41958041958042	0.34943631825302085	0.22270311917990684	0	1	No-PER3D	No-Essential3D
718	A	707	15.284	8.523	69.58	-0.08	0.457541191381496	-0.2633143188063389	0.20620535764577924	0	1	No-PER3D	No-Essential3D
719	L	708	16.582	11.625	67.793	1.79	0.457541191381496	0.8710068106840543	0.08912323113436038	0	1	No-PER3D	No-Essential3D
720	S	709	19.224	9.901	65.691	0.86	0.493506493506494	0.741931949593153	0.3054145056068313	0	1	No-PER3D	No-Essential3D
721	A	710	16.995	7.009	64.538	-0.08	0.452380952380952	0.5430638717006426	0.4036254966568981	0	0.9999999999999999	No-PER3D	No-Essential3D
722	F	711	15.293	8.72	61.562	1.17	0.521978021978022	0.6947616798396045	0.6720931219938501	0	1	No-PER3D	No-Essential3D
723	P	712	18.346	10.513	60.08	-0.39	0.516647531572905	1.378993337221448	0.4878980234880275	0	0.9999999999999999	No-PER3D	No-Essential3D
724	S	713	20.409	7.338	60.613	1.48	0.513297111810123	0.931841805816796	0.3048660745808554	0	1	No-PER3D	No-Essential3D
725	N	714	17.798	5.181	58.872	-0.39	0.515701526937482	0.5848020639348952	0.7058518159063254	0	1	No-PER3D	No-Essential3D
726	I	715	17.314	7.682	56.039	-0.08	0.568253968253968	0.7450059572045136	1.0570173352916323	0	1	No-PER3D	No-Essential3D
727	F	716	20.771	8.948	55.279	0.86	0.564075630252101	0.8984993848791706	0.6009260853127228	0	1	No-PER3D	No-Essential3D
728	Y	717	23.288	6.551	56.776	0.86	0.605240912933221	0.513427111697574	0.18587239968927163	0	1	No-PER3D	No-Essential3D
729	E	718	21.525	3.288	56.039	0.23	0.601347557551937	0.012091935198395014	0.647987599167761	0	0.9999999999999999	No-PER3D	No-Essential3D
730	G	719	20.864	2.758	59.724	-1.33	0.60024154589372	0.07641205326204681	0.5134129523430783	0	1	No-PER3D	No-Essential3D
731	S	720	24.61	2.354	60.296	0.23	0.647272727272727	0.35724982055865045	0.28057795200650343	0	1	No-PER3D	No-Essential3D
732	L	721	25.171	5.144	62.836	2.11	0.643115942028986	0.5291845448712454	-0.0016373319704336413	0	1	No-PER3D	No-Essential3D
733	Q	722	26.087	3.767	66.241	-0.08	0.597482517482518	0.28804599011664256	-0.02427986404328376	0	1	No-PER3D	No-Essential3D
734	N	723	24.91	5.513	69.456	0.23	0.596500971952236	0.5671786189380258	0.16060804029509082	0	0.9999999999999999	No-PER3D	No-Essential3D
735	G	724	27.77	6.507	71.755	-0.39	0.590570719602978	0.8147880211440409	-0.02619208370591443	0	0.9999999999999999	No-PER3D	No-Essential3D
736	V	725	25.418	7.809	74.408	-1.33	0.646739130434783	0.5275611145850632	0.27093650134345243	0	0.9999999999999999	No-PER3D	No-Essential3D
737	T	726	22.423	6.072	76.007	-1.33	0.644404332129964	-0.030816912433020153	0.2735195180888483	0	0.9999999999999999	No-PER3D	No-Essential3D
738	A	727	18.833	7.254	76.625	-1.33	0.590570719602978	-0.46393390093880926	0.22741349145987225	0	0.9999999999999999	No-PER3D	No-Essential3D
739	A	728	19.925	7.828	80.27	0.23	0.586367369285519	-1.0634306293973157	0.4022276233626595	0	0.9999999999999999	No-PER3D	No-Essential3D
740	D	729	22.905	10.022	79.176	0.54	0.583082398029017	-0.3095877696562271	0.4052938816399064	0	1	No-PER3D	No-Essential3D
741	R	730	20.378	12.142	77.333	0.23	0.54531490015361	-0.06638422869942931	0.2240507348665701	0	1	No-PER3D	No-Essential3D
742	V	731	17.734	12.909	79.887	0.86	0.54531490015361	-1.1747730372525371	0.3230184343182705	0	1	No-PER3D	No-Essential3D
743	K	732	18.362	16.362	81.338	0.23	0.509352517985612	-0.562061242681378	-0.2199075639179901	0	0.9999999999999999	No-PER3D	No-Essential3D
744	K	733	18.552	16.133	85.116	-0.08	0.54573484069887	-0.8060653915680336	0.1543143502326963	0	1	No-PER3D	No-Essential3D
745	G	734	15.734	17.896	86.946	0.54	0.506093189964158	-1.30832308383298	-0.17179218342526573	0	1	No-PER3D	No-Essential3D
746	F	735	14.329	19.165	83.643	-0.39	0.506474820143885	-0.7328952561136401	-0.4037585014730444	0	0.9999999999999999	No-PER3D	No-Essential3D
747	D	736	10.651	18.978	84.364	-1.33	0.505035971223022	-1.209990308010987	-0.4595934341946357	0	1	No-PER3D	No-Essential3D
748	F	737	9.104	19.197	80.877	-1.33	0.543063434760186	-1.188645206100073	-0.35737041125004126	0	1	No-PER3D	No-Essential3D
749	Q	738	6.442	16.706	79.858	-1.33	0.546157813305828	-1.806029731230402	0.031794881187609585	0	0.9999999999999999	No-PER3D	No-Essential3D
750	W	739	7.037	15.066	76.488	-1.33	0.54573484069887	-1.6275544335281664	0.2032431102408966	0	0.9999999999999999	No-PER3D	No-Essential3D
751	P	740	3.894	13.637	74.824	-1.33	0.509747292418773	-2.1965906060632108	0.8679306121127359	0	1	No-PER3D	No-Essential3D
752	Q	741	5.732	10.302	74.843	-1.33	0.509747292418773	-2.3477744304341672	0.5564474709774314	0	0.9999999999999999	No-PER3D	No-Essential3D
753	P	742	7.88	10.658	77.975	-1.33	0.45513151108819	-2.5717888224385845	0.25326034297034744	0	1	No-PER3D	No-Essential3D
754	D	743	10.682	8.428	76.693	-1.33	0.458074534161491	-1.7740282664153173	0.27576083714326066	0	1	No-PER3D	No-Essential3D
755	K	744	10.859	10.003	73.221	-0.39	0.428223844282238	-1.2320045657746288	0.09148189339158871	0	1	No-PER3D	No-Essential3D
756	P	745	12.151	13.602	73.527	0.23	0.460491889063318	-0.44259959106208624	0.04703608914804083	0	1	No-PER3D	No-Essential3D
757	M	746	10.649	14.769	70.229	1.48	0.393846153846154	-0.2501598737365512	0.013156136941367844	0	1	No-PER3D	No-Essential3D
758	F	747	7.373	15.784	68.672	0.54	0.364389233954451	-0.466977149463496	0.29392605964734236	0	1	No-PER3D	No-Essential3D
759	F	748	5.754	17.346	65.677	0.86	0.364389233954451	-0.026364322352371787	0.3360373744784275	0	0.9999999999999999	No-PER3D	No-Essential3D
760	Y	749	3.378	20.061	66.828	-0.39	0.362042289840124	0.0034486721006657412	0.0773924995793313	0	0.9999999999999999	No-PER3D	No-Essential3D
761	V	750	0.579	20.524	64.298	-0.08	0.255272727272727	0.25384666209734397	0.3203990599915064	0	0.9999999999999999	No-PER3D	No-Essential3D
762	T	751	-0.559	24.07	63.504	-0.39	0.182337662337662	0.779296361080901	-0.4372772317119333	0	1	No-PER3D	No-Essential3D
763	Q	752	-2.6	24.989	60.448	0.54	0.168953068592058	1.24542016324347	-0.7888145550632487	0	0.9999999999999999	No-PER3D	No-Essential3D
764	G	753	-2.831	28.824	60.553	0.86	0.159420289855072	1.084087817192357	-1.1571992879817474	0	1	No-PER3D	No-Essential3D
765	Q	754	-2.18	30.94	57.447	0.23	0.159420289855072	1.2847593250062082	-1.3618829346547945	0	1	No-PER3D	No-Essential3D
766	E	755	1.193	31.94	56.033	-0.08	0.158273381294964	1.3173499276381	-1.6941562595788022	0	1	No-PER3D	No-Essential3D
767	E	756	1.627	35.558	54.87	1.17	0.317689530685921	1.0079762251997233	-2.031818967400893	0	1	No-PER3D	No-Essential3D
768	I	757	4.207	37.618	52.95	-0.39	0.304761904761905	0.846474975248412	-1.6468090898680279	0	0.9999999999999999	No-PER3D	No-Essential3D
769	A	758	6.198	40.257	54.922	-0.39	0.322344322344322	0.4229600940469777	-1.9198858948423267	0	0.9999999999999999	No-PER3D	No-Essential3D
770	S	759	4.773	43.816	55.016	-0.08	0.368393511250654	0.04532883097517069	-1.3723016876857157	0	0.9999999999999999	No-PER3D	No-Essential3D
771	S	760	8.191	45.012	53.911	0.54	0.370798319327731	-0.17798469414210477	-1.191300794936241	0	1	No-PER3D	No-Essential3D
772	G	761	9.784	42.478	51.562	0.54	0.372166578808645	0.4036010067398106	-1.185279921030958	0	1	No-PER3D	No-Essential3D
773	T	762	9.075	39.159	49.863	-0.08	0.372166578808645	0.4621428867566841	-1.0955846374171911	0	0.9999999999999999	No-PER3D	No-Essential3D
774	S	763	9.797	36.512	52.509	0.23	0.390774907749077	0.7560138320794814	-1.8325283024855847	0	0.9999999999999999	No-PER3D	No-Essential3D
775	Y	764	7.159	34.505	54.368	1.17	0.39368029739777	1.0434290312350043	-1.9920818181106488	0	1	No-PER3D	No-Essential3D
776	L	765	5.99	34.471	58.004	-1.33	0.396268656716418	1.1758201078170873	-2.1586199598830085	0	0.9999999999999999	No-PER3D	No-Essential3D
777	N	766	3.423	32.556	60.074	2.11	0.39368029739777	1.2793465500935688	-2.430318328676868	0	1	No-PER3D	No-Essential3D
778	R	767	1.96	34.412	63.097	-0.08	0.349228333992877	1.11692643551684	-2.4071850062883318	0	1	No-PER3D	No-Essential3D
779	T	768	-0.055	31.467	64.43	-0.39	0.331766917293233	1.236428942694141	-1.962212319272545	0	0.9999999999999999	No-PER3D	No-Essential3D
780	E	769	3.105	29.404	64.201	2.11	0.316262353998203	1.485244159557837	-1.959285612036667	0	1	No-PER3D	No-Essential3D
781	A	770	5.383	31.987	65.85	2.11	0.302460697197539	1.4391185868001812	-2.4554789421978485	0	1	No-PER3D	No-Essential3D
782	A	771	3.086	32.302	68.876	-0.71	0.316863587540279	0.7477087836247067	-2.1566228578737454	0	1	No-PER3D	No-Essential3D
783	N	772	3.387	28.595	69.312	0.54	0.331460674157303	0.9467018884922296	-1.3208441625255887	0	1	No-PER3D	No-Essential3D
784	V	773	7.197	28.725	68.914	0.86	0.332397003745318	1.387849957074158	-2.1580791320992714	0	1	No-PER3D	No-Essential3D
785	E	774	7.374	31.263	71.811	-0.08	0.332397003745318	0.4470597968800951	-2.2403796200512867	0	0.9999999999999999	No-PER3D	No-Essential3D
786	K	775	5.134	29.153	74.049	-0.39	0.334586466165414	0.009837170912030905	-1.5079782658346612	0	1	No-PER3D	No-Essential3D
787	I	776	7.435	26.177	73.558	1.79	0.267924528301887	0.47041751378854746	-1.236204739279401	0	1	No-PER3D	No-Essential3D
788	T	777	10.515	28.315	74.052	0.23	0.267924528301887	0.5720250663121649	-1.8927958867507266	0	1	No-PER3D	No-Essential3D
789	T	778	9.013	29.654	77.289	0.23	0.283094098883573	-0.5523507244881031	-1.8957875800605717	0	0.9999999999999999	No-PER3D	No-Essential3D
790	K	779	8.13	26.146	78.502	-0.08	0.267169811320755	-0.8042401061933578	-1.2736007362494906	0	1	No-PER3D	No-Essential3D
791	L	780	11.653	24.889	77.84	1.17	0.269201520912548	-0.2389780459516648	-1.374146202853391	0	1	No-PER3D	No-Essential3D
792	L	781	13.26	27.854	79.725	1.17	0.298821548821549	-0.45961445141989915	-1.950624971709684	0	1	No-PER3D	No-Essential3D
793	K	782	10.732	27.54	82.586	-0.08	0.297138047138047	-1.076207627020046	-1.497558129703902	0	1	No-PER3D	No-Essential3D
794	A	783	11.499	23.814	82.816	0.23	0.315813017222098	-0.7772258826481566	-1.024075104584601	0	1	No-PER3D	No-Essential3D
795	G	784	15.203	24.492	83.344	-0.08	0.357921419518378	-0.06378267253322481	-1.4203228865573871	0	1	No-PER3D	No-Essential3D
796	A	785	16.876	25.056	79.961	0.23	0.335227272727273	-0.002141264359278795	-1.4998239001554947	0	0.9999999999999999	No-PER3D	No-Essential3D
797	K	786	19.205	27.978	79.414	-0.71	0.312541620421754	-0.08811981086223485	-1.9186196249940481	0	1	No-PER3D	No-Essential3D
798	P	787	18.779	30.284	76.429	0.86	0.101792943898207	-0.07383155545617093	-2.121433621488753	0	1	No-PER3D	No-Essential3D
799	D	788	22.096	29.267	74.727	0.86	0.0942534908700322	0.558225908879616	-1.9729991344521696	0	1	No-PER3D	No-Essential3D
800	Q	789	21.041	25.625	74.979	0.54	0.0935501066098081	0.9408543976883134	-1.5231493882563014	0	0.9999999999999999	No-PER3D	No-Essential3D
801	I	790	18.046	26.358	72.721	2.11	0	1.1159601079655412	-1.5104513867957703	0	1	No-PER3D	No-Essential3D
802	G	791	18.062	27.05	68.989	0.86	0	1.615827545573174	-1.3999331923868379	0	1	No-PER3D	No-Essential3D
803	I	792	15.265	27.917	66.579	1.48	0	1.8522802281097426	-1.9221347848349548	0	0.9999999999999999	No-PER3D	No-Essential3D
804	I	793	15.607	26.953	62.891	1.79	0	2.831922539455933	-1.4582292825589935	1	0.055900621118012445	No-PER3D	No-Essential3D
805	T	794	13.395	28.461	60.228	2.11	0	2.3033082441921224	-1.8468629179754728	0	1	No-PER3D	No-Essential3D
806	P	795	14.046	28.909	56.456	0.23	0	1.892642435984624	-1.369373440119366	0	0.9999999999999999	No-PER3D	No-Essential3D
807	Y	796	12.545	32.394	56.157	2.11	0	1.4212279570911919	-1.7356159302636265	0	1	No-PER3D	No-Essential3D
808	E	797	13.915	35.818	57.027	0.23	0	0.9638529934092279	-1.4694126419008458	0	0.9999999999999999	No-PER3D	No-Essential3D
809	G	798	10.246	36.828	57.475	1.17	0	0.9730981380305529	-2.029658311721734	0	1	No-PER3D	No-Essential3D
810	Q	799	9.787	34.288	60.252	2.11	0	1.1907156845328173	-2.2723751782952517	0	1	No-PER3D	No-Essential3D
811	R	800	13.208	34.882	61.845	0.23	0	1.4388733716942905	-2.218623529832932	0	1	No-PER3D	No-Essential3D
812	S	801	12.552	38.605	62.051	-0.39	0	0.7474183973150992	-1.9342712100667305	0	0.9999999999999999	No-PER3D	No-Essential3D
813	Y	802	8.982	38.135	63.242	-0.08	0	0.6991866140812426	-2.2938751506268287	0	0.9999999999999999	No-PER3D	No-Essential3D
814	L	803	10.021	35.605	65.897	1.79	0	0.8831171823438595	-2.447546034826615	0	0.9999999999999999	No-PER3D	No-Essential3D
815	V	804	12.586	37.935	67.497	-0.08	0	0.033373745480218264	-2.5853084877396615	0	0.9999999999999999	No-PER3D	No-Essential3D
816	Q	805	10.132	40.803	67.616	-0.08	0.129520295202952	0.05090609184223549	-2.597594984928182	0	1	No-PER3D	No-Essential3D
817	Y	806	7.307	38.633	68.876	0.86	0.129520295202952	-0.0013427020078581673	-2.5963542284274936	0	1	No-PER3D	No-Essential3D
818	M	807	9.314	37.131	71.754	1.48	0.161764705882353	-0.34522886828805377	-2.381135197177402	0	0.9999999999999999	No-PER3D	No-Essential3D
819	Q	808	10.633	40.484	72.885	0.54	0.143790849673203	-1.063903851531491	-2.4683961602573246	0	0.9999999999999999	No-PER3D	No-Essential3D
820	F	809	7.118	41.813	72.781	-0.39	0.258823529411765	-1.2281866513746278	-2.786419003033626	0	1	No-PER3D	No-Essential3D
821	S	810	4.897	39.043	74.053	-0.39	0.287581699346405	-0.6127510768864646	-2.644203349522339	0	0.9999999999999999	No-PER3D	No-Essential3D
822	G	811	7.266	36.646	75.903	0.23	0.288888888888889	-0.6179980571014416	-2.3705956642179604	0	1	No-PER3D	No-Essential3D
823	S	812	6.423	36.473	79.627	0.23	0.288888888888889	-1.0895930531010016	-2.2504615814752387	0	1	No-PER3D	No-Essential3D
824	L	813	10.049	35.886	80.644	-1.33	0.259259259259259	-1.156354248471718	-2.213289038815609	0	1	No-PER3D	No-Essential3D
825	H	814	12.806	38.516	80.836	-1.33	0.258518518518519	-1.4183472300287134	-2.2331871359599154	0	0.9999999999999999	No-PER3D	No-Essential3D
826	T	815	13.414	39.959	77.443	-1.33	0.256617647058824	-1.0784297135631296	-2.3031190765967824	0	1	No-PER3D	No-Essential3D
827	K	816	17.151	39.165	77.36	-1.33	0.283049472830495	-1.0895930531010016	-2.2380298100533955	0	1	No-PER3D	No-Essential3D
828	L	817	16.664	35.459	77.852	-1.33	0.283636363636364	-0.5769920770462258	-2.373431619471987	0	0.9999999999999999	No-PER3D	No-Essential3D
829	Y	818	14.915	35.34	74.438	-1.33	0.284444444444444	-0.057242066607303244	-2.45768460465726	0	1	No-PER3D	No-Essential3D
830	Q	819	17.687	37.428	72.925	-0.08	0.367049009384776	-0.28318197456925104	-2.5585813808744056	0	0.9999999999999999	No-PER3D	No-Essential3D
831	E	820	20.051	34.599	73.72	-0.39	0.369440083725798	-0.1159671133733138	-2.4765796922726038	0	0.9999999999999999	No-PER3D	No-Essential3D
832	V	821	17.927	32.018	71.97	0.86	0.367049009384776	0.5995964822348986	-2.3164609306060684	0	1	No-PER3D	No-Essential3D
833	E	822	19.501	31.789	68.517	0.54	0.367049009384776	0.894812374675878	-2.202164544133658	0	1	No-PER3D	No-Essential3D
834	I	823	17.011	32.087	65.633	1.48	0.432234432234432	1.4757072618107274	-2.619848744337399	0	1	No-PER3D	No-Essential3D
835	A	824	18.354	31.434	62.141	-0.39	0.430656934306569	1.988926855317048	-2.183790604456066	1	0.024844720496894426	No-PER3D	No-Essential3D
836	S	825	18.205	29.317	58.983	0.54	0.427536231884058	2.330991739041372	-1.5596706012597483	1	0.024844720496894426	No-PER3D	No-Essential3D
837	V	826	20	26.019	58.802	2.11	0.427536231884058	2.5621945531669676	-1.0643070948443842	1	0.031055900621118026	No-PER3D	No-Essential3D
838	D	827	23.39	27.35	57.549	2.11	0.426858513189448	2.197710116780734	0.3164697506734069	1	0.018633540372670808	No-PER3D	No-Essential3D
839	A	828	24.123	29.027	60.853	-0.08	0.385869565217391	2.1410403743834476	-0.21039862774916862	1	0.024844720496894426	No-PER3D	No-Essential3D
840	F	829	24.01	25.797	62.803	1.48	0.431515151515151	2.619351038330835	-0.44569831317425324	1	0.024844720496894426	No-PER3D	No-Essential3D
841	Q	830	26.384	23.768	60.633	2.11	0.51970802919708	2.181926766776185	0.7420358871735748	1	0.018633540372670808	No-PER3D	No-Essential3D
842	G	831	28.969	22.038	62.818	2.11	0.523529411764706	2.405032802188476	0.9046388056385517	1	0.018633540372670808	No-PER3D	No-Essential3D
843	R	832	27.158	23.374	65.893	-0.39	0.51970802919708	2.53464933751277	-0.1129765776915396	1	0.018633540372670808	No-PER3D	No-Essential3D
844	E	833	24.831	21.917	68.522	1.17	0.471528471528472	2.41307426922376	-1.0101035786002692	1	0.031055900621118026	No-PER3D	No-Essential3D
845	K	834	22.187	22.705	71.159	0.54	0.466403162055336	2.2914992009347506	-1.2143889388190567	1	0.04347826086956523	No-PER3D	No-Essential3D
846	D	835	20.347	20.858	73.865	1.48	0.466403162055336	1.4870000627399078	-1.0793405158589544	0	1	No-PER3D	No-Essential3D
847	F	836	17.021	21.673	72.246	0.86	0.394648829431438	1.6232729345482955	-1.1218801065292943	0	0.9999999999999999	No-PER3D	No-Essential3D
848	I	837	15.973	22.601	68.723	2.11	0.395763656633222	2.2360251184128517	-1.1946773372788222	0	1	No-PER3D	No-Essential3D
849	I	838	12.632	23.946	67.524	1.79	0.367494824016563	2.0658463841186134	-1.2504285162907964	0	1	No-PER3D	No-Essential3D
850	L	839	11.9	23.992	63.773	2.11	0.463636363636364	2.542139815140082	-1.4549432206031483	0	1	No-PER3D	No-Essential3D
851	S	840	9.379	26.488	62.492	2.11	0.370600414078675	1.9098240396254462	-1.806099567339329	0	0.9999999999999999	No-PER3D	No-Essential3D
852	C	841	8.211	25.288	59.01	1.17	0.372987012987013	1.7470356254691788	-1.3392812911689185	0	0.9999999999999999	No-PER3D	No-Essential3D
853	V	842	6.162	28.419	58.254	2.11	0.372987012987013	1.4055963912190905	-1.7925696653687937	0	1	No-PER3D	No-Essential3D
854	R	843	4.356	27.394	55.078	2.11	0.40574809805579	1.1938389506183735	-1.3267142795034768	0	1	No-PER3D	No-Essential3D
855	A	844	0.722	26.258	55.171	0.86	0.441176470588235	0.7237519130820873	-0.8274751072773008	0	0.9999999999999999	No-PER3D	No-Essential3D
856	N	845	0.157	26.129	51.443	0.86	0.406108597285068	0.7892340258985802	-0.5304593051307573	0	1	No-PER3D	No-Essential3D
857	E	846	1.657	23.724	48.912	-0.08	0.409116809116809	0.34203910910301916	-0.058981470367722874	0	0.9999999999999999	No-PER3D	No-Essential3D
858	H	847	4.908	25.3	47.825	-1.33	0.407607152994607	0.6218553570408131	-0.08651369665312271	0	1	No-PER3D	No-Essential3D
859	Q	848	8.337	24.775	46.455	-1.33	0.40835001429797	0.5336940734439739	0.06650576906175551	0	1	No-PER3D	No-Essential3D
860	G	849	9.944	26.066	49.667	-1.33	0.473977695167286	1.2678800137654773	-0.7685954701324997	0	1	No-PER3D	No-Essential3D
861	I	850	13.586	26.884	50.491	1.48	0.477528089887641	1.297365392894855	-1.0068544452407708	0	0.9999999999999999	No-PER3D	No-Essential3D
862	G	851	16.153	25.52	52.909	2.11	0.419007490636704	1.8552006847092237	-0.7792368985646794	0	1	No-PER3D	No-Essential3D
863	F	852	15.017	22.498	54.879	0.86	0.417053903345725	2.357519219819993	-0.5144104287348495	0	0.9999999999999999	No-PER3D	No-Essential3D
864	L	853	11.6	22.654	53.163	1.79	0.417053903345725	1.7602858452260843	-0.20618488349910616	0	1	No-PER3D	No-Essential3D
865	N	854	12.881	21.37	49.847	0.54	0.358208955223881	0.8364106325055843	0.27841335812193885	0	0.9999999999999999	No-PER3D	No-Essential3D
866	D	855	16.393	20.086	50.469	-0.39	0.419377323420074	1.534863101453628	0.32494432159403447	0	0.9999999999999999	No-PER3D	No-Essential3D
867	P	856	16.511	16.709	52.254	-0.71	0.477197620621282	1.4712062740118108	0.66481453833898	0	1	No-PER3D	No-Essential3D
868	R	857	20.154	17.46	53.114	0.54	0.526315789473684	1.9158645809852122	0.356791972502833	1	0.018633540372670808	No-PER3D	No-Essential3D
869	R	858	19.245	20.653	54.94	2.11	0.528301886792453	2.0977296285956286	-0.17706903352941603	1	0.018633540372670808	No-PER3D	No-Essential3D
870	L	859	16.477	18.797	56.724	1.48	0.563632297025274	2.419578922558969	-0.04636725060602307	1	0.024844720496894426	No-PER3D	No-Essential3D
871	N	860	19.131	16.258	57.786	0.86	0.562640323304894	1.9008328190761177	0.26867350140951707	1	0.018633540372670808	No-PER3D	No-Essential3D
872	V	861	21.16	19.14	59.286	2.11	0.52788339670469	2.2407009558407442	-0.02236772473807908	1	0.012422360248447206	No-PER3D	No-Essential3D
873	A	862	18.028	20.504	60.986	2.11	0.52788339670469	2.37303802909064	-0.5947785786300446	1	0.049689440993788817	No-PER3D	No-Essential3D
874	L	863	17.211	17.158	62.616	1.48	0.500100060036022	2.1875486457301863	-0.2803485855745818	1	0.049689440993788817	No-PER3D	No-Essential3D
875	T	864	20.704	16.587	64.011	1.48	0.525883838383838	2.17221624858291	-0.2389795672373922	1	0.049689440993788817	No-PER3D	No-Essential3D
876	R	865	21.708	19.765	65.925	2.11	0.520964360587002	2.3798282632882524	-0.6396661525719038	1	0.049689440993788817	No-PER3D	No-Essential3D
877	A	866	19.968	18.773	69.168	1.79	0.520964360587002	2.2573718955961164	-0.6805653246895323	1	0.062111801242236024	No-PER3D	No-Essential3D
878	R	867	21.256	16.645	72.019	1.48	0.535338345864662	1.2361013273704815	-0.3220250469506249	0	1	No-PER3D	No-Essential3D
879	Y	868	18.12	16.336	74.122	-0.08	0.477745470811899	0.6579794139559869	-0.32407821014182614	0	1	No-PER3D	No-Essential3D
880	G	869	14.963	17.445	72.352	-0.08	0.512931034482759	0.7683736216165715	-0.6143325344524768	0	0.9999999999999999	No-PER3D	No-Essential3D
881	V	870	13.646	18.254	68.912	1.17	0.452471482889734	1.5917511622976892	-0.8009040714253974	0	1	No-PER3D	No-Essential3D
882	I	871	10.338	20.006	68.354	0.86	0.48391494002181	1.347937285583424	-0.8040964193828778	0	1	No-PER3D	No-Essential3D
883	I	872	8.945	20.63	64.843	1.17	0.481188658669575	1.8113938357170056	-0.6465018427033039	0	1	No-PER3D	No-Essential3D
884	V	873	6.126	23.187	64.482	0.86	0.481663929939792	1.7067441409022621	-1.1194995656967788	0	1	No-PER3D	No-Essential3D
885	G	874	4.188	23.222	61.243	1.79	0.503326996197719	1.3648073473796698	-0.7482671128778938	0	1	No-PER3D	No-Essential3D
886	N	875	1.392	22.103	58.929	0.86	0.50381679389313	1.1849756279431463	-0.18976636448480916	0	1	No-PER3D	No-Essential3D
887	P	876	1.612	18.413	57.906	0.54	0.632860040567951	0.6620873178479955	0.6316608606696692	0	0.9999999999999999	No-PER3D	No-Essential3D
888	K	877	-0.618	18.697	54.787	-0.08	0.632860040567951	0.561213760631393	0.48817952170950446	0	1	No-PER3D	No-Essential3D
889	A	878	1.513	21.453	53.354	1.17	0.637746990688167	0.5444102649985219	-0.07703470335751486	0	1	No-PER3D	No-Essential3D
890	L	879	4.648	19.402	54.054	1.17	0.677606177606178	0.8382700708290588	0.26748206975222266	0	1	No-PER3D	No-Essential3D
891	S	880	3.635	15.942	51.394	-0.39	0.586685823754789	0.5255167949654266	1.0925975771942964	0	1	No-PER3D	No-Essential3D
892	K	881	5.715	17.084	49.196	0.54	0.591216216216216	0.2830683508442638	0.8778700829555917	0	1	No-PER3D	No-Essential3D
893	Q	882	7.725	14.17	50.182	0.54	0.720720720720721	0.2206576316870812	1.0497669597999093	0	1	No-PER3D	No-Essential3D
894	P	883	9.23	11.953	51.201	0.86	0.720720720720721	0.5796912648858031	1.1720848310701077	0	1	No-PER3D	No-Essential3D
895	L	884	10.069	13.165	53.932	0.86	0.712468193384224	0.7496665493894799	0.9956132520680152	0	0.9999999999999999	No-PER3D	No-Essential3D
896	W	885	7.601	13.981	55.137	1.48	0.757575757575757	0.6692076845941438	0.9403408335249775	0	1	No-PER3D	No-Essential3D
897	N	886	6.571	11.206	55.023	0.86	0.718631178707224	-0.011457825125853022	1.48516612088975	0	1	No-PER3D	No-Essential3D
898	H	887	8.38	9.652	55.638	0.54	0.622813688212928	-0.2105660380800671	1.3798425094427063	0	1	No-PER3D	No-Essential3D
899	L	888	9.176	11.921	58.583	1.48	0.532319391634981	-0.15400903389709905	0.934063588747544	0	1	No-PER3D	No-Essential3D
900	L	889	5.449	12.487	59.278	0.54	0.49811320754717	-0.15488250114316807	1.118850259999894	0	1	No-PER3D	No-Essential3D
901	N	890	4.642	8.813	58.999	-0.39	0.49811320754717	-0.6200214896751562	1.5028710831610241	0	0.9999999999999999	No-PER3D	No-Essential3D
902	Y	891	7.529	7.97	61.302	0.23	0.492537313432836	-0.5185829450566015	0.850619885341437	0	1	No-PER3D	No-Essential3D
903	Y	892	6.496	10.563	63.929	-1.33	0.523880597014925	-0.4494622699471695	0.769198679837538	0	0.9999999999999999	No-PER3D	No-Essential3D
904	K	893	2.939	9.348	63.759	-1.33	0.521933085501859	-0.7687353616472455	1.130295441807053	0	1	No-PER3D	No-Essential3D
905	E	894	3.959	5.665	64.283	-1.33	0.555086979441223	-1.0784297135631296	1.312156119858279	0	1	No-PER3D	No-Essential3D
906	Q	895	6.047	6.877	67.214	-1.33	0.551470588235294	-1.3130735060260466	0.303331617481559	0	1	No-PER3D	No-Essential3D
907	K	896	2.831	8.418	68.648	-1.33	0.555555555555555	-1.7442620741513741	0.7043572033198242	0	0.9999999999999999	No-PER3D	No-Essential3D
908	V	897	4.515	11.782	68.566	-1.33	0.557620817843866	-1.2325379508746288	0.5204247915211633	0	0.9999999999999999	No-PER3D	No-Essential3D
909	L	898	2.437	13.728	66.011	-1.33	0.557620817843866	-0.8267199365972593	0.7887677707787353	0	0.9999999999999999	No-PER3D	No-Essential3D
910	V	899	0.33	15.98	68.255	0.86	0.652985074626866	-1.3289082466696012	0.8843294135372425	0	1	No-PER3D	No-Essential3D
911	E	900	-2.177	18.887	68.637	0.86	0.650557620817844	-1.027655036053671	0.8109690055183881	0	0.9999999999999999	No-PER3D	No-Essential3D
912	G	901	-4.145	21.001	71.119	-0.08	0.644688644688645	-1.3330252792369255	0.8624853225692108	0	0.9999999999999999	No-PER3D	No-Essential3D
913	P	902	-2.842	23.131	73.978	-1.33	0.687067474048443	-1.3963841556837588	0.6436802626107114	0	1	No-PER3D	No-Essential3D
914	L	903	0.697	22.393	75.202	-1.33	0.68901384083045	-1.222482220494062	-0.08906356689252568	0	0.9999999999999999	No-PER3D	No-Essential3D
915	N	904	-0.721	21.607	78.643	-1.33	0.683984542722198	-2.1718351731691707	0.9938740638458606	0	0.9999999999999999	No-PER3D	No-Essential3D
916	N	905	-3.084	18.895	77.23	-1.33	0.689051094890511	-2.3244220101637003	1.8706927331797891	0	1	No-PER3D	No-Essential3D
917	L	906	-1.601	17.493	73.989	-1.33	0.696078431372549	-2.171544786859563	1.1074876889270318	0	0.9999999999999999	No-PER3D	No-Essential3D
918	R	907	-3.453	14.867	71.957	0.23	0.701234567901235	-2.0046694542717827	1.2894190960025445	0	0.9999999999999999	No-PER3D	No-Essential3D
919	E	908	-2.403	12.696	69.051	0.86	0.779192273924495	-1.9253865459461228	1.2857423415687503	0	0.9999999999999999	No-PER3D	No-Essential3D
920	S	909	-3.401	14.174	65.704	0.23	0.758399689260051	-1.1803164965385893	1.0425425413959137	0	1	No-PER3D	No-Essential3D
921	L	910	-6.006	12.25	63.675	0.86	0.774545454545455	-1.0671885698745893	1.8139800612696293	0	0.9999999999999999	No-PER3D	No-Essential3D
922	M	911	-4.443	13.108	60.293	-0.39	0.821283979178716	-0.7211415878199615	1.5938009319517803	0	0.9999999999999999	No-PER3D	No-Essential3D
923	Q	912	-2.898	10.452	58.051	1.17	0.784615384615385	-0.7224865349381435	1.825183991158057	0	1	No-PER3D	No-Essential3D
924	F	913	-0.42	10.303	55.145	-0.39	0.789010989010989	-0.14502004027546056	1.7944494218707818	0	1	No-PER3D	No-Essential3D
