enst	aapos	enst.length	tot_mis	tot_syn	tot_synmis	mtr_obs	mtr_exp	mtr	mtr_fdr
ENST00000274547	1	513	2	2	4	0.5	0.758823529411765	0.658914728682171	0.594007748049522
ENST00000274547	2	513	2	2	4	0.5	0.754189944134078	0.662962962962963	0.601817467248443
ENST00000274547	3	513	2	3	5	0.4	0.759358288770054	0.526760563380282	0.384355417677851
ENST00000274547	4	513	3	3	6	0.5	0.755102040816326	0.662162162162162	0.49059643223337
ENST00000274547	5	513	3	3	6	0.5	0.759803921568627	0.658064516129032	0.48177610538306
ENST00000274547	6	513	3	3	6	0.5	0.765258215962441	0.653374233128834	0.471154901576899
ENST00000274547	7	513	3	3	6	0.5	0.761261261261261	0.656804733727811	0.479012791176664
ENST00000274547	8	513	3	3	6	0.5	0.766233766233766	0.652542372881356	0.469135715889464
ENST00000274547	9	513	3	3	6	0.5	0.770833333333333	0.648648648648649	0.458920700976669
ENST00000274547	10	513	3	3	6	0.5	0.767068273092369	0.651832460732984	0.467409427316033
ENST00000274547	11	513	4	3	7	0.571428571428571	0.771317829457364	0.740847092605887	0.543477765442595
ENST00000274547	12	513	4	3	7	0.571428571428571	0.775280898876405	0.737060041407867	0.533141142397002
ENST00000274547	13	513	5	3	8	0.625	0.782608695652174	0.798611111111111	0.723593366087719
ENST00000274547	14	513	7	3	10	0.7	0.778169014084507	0.899547511312217	0.790473495002494
ENST00000274547	15	513	8	3	11	0.727272727272727	0.771331058020478	0.942880128720837	0.954925497637397
ENST00000274547	16	513	9	3	12	0.75	0.768211920529801	0.976293103448276	1
ENST00000274547	17	513	10	3	13	0.769230769230769	0.770967741935484	0.997747022851625	1
ENST00000274547	18	513	10	3	13	0.769230769230769	0.773584905660377	0.99437148217636	1
ENST00000274547	19	513	9	3	12	0.75	0.770642201834862	0.973214285714286	0.973150332678839
ENST00000274547	20	513	8	3	11	0.727272727272727	0.767857142857143	0.947145877378435	0.957615732557074
ENST00000274547	21	513	8	3	11	0.727272727272727	0.771014492753623	0.943267259056733	0.955139910150419
ENST00000274547	22	513	8	3	11	0.727272727272727	0.770538243626062	0.943850267379679	0.955518597066977
ENST00000274547	23	513	8	4	12	0.666666666666667	0.763380281690141	0.873308733087331	0.807262158593845
ENST00000274547	24	513	8	4	12	0.666666666666667	0.758426966292135	0.879012345679012	0.810646233457597
ENST00000274547	25	513	8	4	12	0.666666666666667	0.763380281690141	0.873308733087331	0.807262158593845
ENST00000274547	26	513	8	4	12	0.666666666666667	0.766197183098592	0.870098039215686	0.805588970921658
ENST00000274547	27	513	8	4	12	0.666666666666667	0.765536723163842	0.870848708487085	0.805972866334381
ENST00000274547	28	513	8	3	11	0.727272727272727	0.768361581920904	0.946524064171123	0.957196598052954
ENST00000274547	29	513	8	3	11	0.727272727272727	0.771186440677966	0.943056943056943	0.955038018047871
ENST00000274547	30	513	8	3	11	0.727272727272727	0.76685393258427	0.948384948384948	0.958399325200396
ENST00000274547	31	513	8	3	11	0.727272727272727	0.758426966292135	0.958922558922559	0.965490272273007
ENST00000274547	32	513	8	3	11	0.727272727272727	0.76056338028169	0.956228956228956	0.963675786700717
ENST00000274547	33	513	8	4	12	0.666666666666667	0.757746478873239	0.879801734820322	0.811149255308305
ENST00000274547	34	513	8	3	11	0.727272727272727	0.756302521008403	0.961616161616162	0.967283160864518
ENST00000274547	35	513	8	3	11	0.727272727272727	0.761904761904762	0.954545454545455	0.962525341748004
ENST00000274547	36	513	8	3	11	0.727272727272727	0.75561797752809	0.962487326799594	0.967883214226283
ENST00000274547	37	513	8	3	11	0.727272727272727	0.75561797752809	0.962487326799594	0.967883214226283
ENST00000274547	38	513	8	3	11	0.727272727272727	0.754189944134078	0.964309764309764	0.969175542677977
ENST00000274547	39	513	8	3	11	0.727272727272727	0.751396648044693	0.967894558972626	0.9712504808478
ENST00000274547	40	513	8	3	11	0.727272727272727	0.748603351955307	0.971506105834464	1
ENST00000274547	41	513	8	3	11	0.727272727272727	0.748603351955307	0.971506105834464	1
ENST00000274547	42	513	7	3	10	0.7	0.748603351955307	0.935074626865672	0.952555801772228
ENST00000274547	43	513	8	3	11	0.727272727272727	0.748603351955307	0.971506105834464	1
ENST00000274547	44	513	7	3	10	0.7	0.752089136490251	0.930740740740741	0.950213111589029
ENST00000274547	45	513	5	3	8	0.625	0.757660167130919	0.824908088235294	0.744752419707761
ENST00000274547	46	513	4	3	7	0.571428571428571	0.755555555555556	0.756302521008403	0.714405284756417
ENST00000274547	47	513	3	3	6	0.5	0.755555555555556	0.661764705882353	0.48981433102081
ENST00000274547	48	513	2	3	5	0.4	0.758333333333333	0.527472527472528	0.386204816395796
ENST00000274547	49	513	2	3	5	0.4	0.752777777777778	0.531365313653137	0.396269324093244
ENST00000274547	50	513	3	3	6	0.5	0.752777777777778	0.664206642066421	0.495240422321879
ENST00000274547	51	513	3	3	6	0.5	0.755555555555556	0.661764705882353	0.48981433102081
ENST00000274547	52	513	3	4	7	0.428571428571429	0.755555555555556	0.567226890756303	0.324851765123212
ENST00000274547	53	513	3	4	7	0.428571428571429	0.758333333333333	0.565149136577708	0.319354214064401
ENST00000274547	54	513	3	3	6	0.5	0.75	0.666666666666667	0.501024838473136
ENST00000274547	55	513	3	3	6	0.5	0.750692520775623	0.666051660516605	0.499583562636398
ENST00000274547	56	513	3	2	5	0.6	0.758333333333333	0.791208791208791	0.877306103969952
ENST00000274547	57	513	3	2	5	0.6	0.758333333333333	0.791208791208791	0.877306103969952
ENST00000274547	58	513	3	2	5	0.6	0.759002770083102	0.79051094890511	0.877164575219706
ENST00000274547	59	513	3	2	5	0.6	0.76243093922651906	0.78695652173913	0.687016607098043
ENST00000274547	60	513	3	2	5	0.6	0.767955801104972	0.781294964028777	0.677405858736792
ENST00000274547	61	513	3	2	5	0.6	0.772222222222222	0.776978417266187	0.669228898321879
ENST00000274547	62	513	3	2	5	0.6	0.766666666666667	0.782608695652174	0.679756066033705
ENST00000274547	63	513	3	2	5	0.6	0.766666666666667	0.782608695652174	0.679756066033705
ENST00000274547	64	513	3	1	4	0.75	0.766666666666667	0.978260869565217	1
ENST00000274547	65	513	3	1	4	0.75	0.777777777777778	0.964285714285714	1
ENST00000274547	66	513	2	1	3	0.666666666666667	0.777158774373259	0.857825567502987	0.834121968077095
ENST00000274547	67	513	2	1	3	0.666666666666667	0.782729805013928	0.851720047449585	0.825743167226674
ENST00000274547	68	513	2	1	3	0.666666666666667	0.783333333333333	0.851063829787234	0.824856949599243
ENST00000274547	69	513	2	1	3	0.666666666666667	0.782729805013928	0.851720047449585	0.825743167226674
ENST00000274547	70	513	3	1	4	0.75	0.779944289693593	0.961607142857143	1
ENST00000274547	71	513	3	1	4	0.75	0.787114845938375	0.952846975088968	1
ENST00000274547	72	513	3	1	4	0.75	0.792134831460674	0.946808510638298	1
ENST00000274547	73	513	3	1	4	0.75	0.795518207282913	0.942781690140845	1
ENST00000274547	74	513	2	1	3	0.666666666666667	0.800561797752809	0.832748538011696	0.801877391099102
ENST00000274547	75	513	2	2	4	0.5	0.797752808988764	0.626760563380282	0.521180715064462
ENST00000274547	76	513	2	2	4	0.5	0.789325842696629	0.633451957295374	0.539117832647907
ENST00000274547	77	513	2	2	4	0.5	0.789915966386555	0.632978723404255	0.537837290290955
ENST00000274547	78	513	2	2	4	0.5	0.794366197183099	0.629432624113475	0.52834761275737
ENST00000274547	79	513	2	3	5	0.4	0.8	0.5	0.306751589355363
ENST00000274547	80	513	2	4	6	0.333333333333333	0.8	0.416666666666667	0.170701924556821
ENST00000274547	81	513	1	4	5	0.2	0.802816901408451	0.249122807017544	0.105816692258806
ENST00000274547	82	513	1	4	5	0.2	0.802816901408451	0.249122807017544	0.105816692258806
ENST00000274547	83	513	1	3	4	0.25	0.804532577903683	0.310739436619718	0.2077870409182
ENST00000274547	84	513	1	3	4	0.25	0.810198300283286	0.308566433566434	0.199818075635477
ENST00000274547	85	513	1	3	4	0.25	0.803977272727273	0.31095406360424	0.208631090779489
ENST00000274547	86	513	1	3	4	0.25	0.798295454545455	0.313167259786477	0.217020272230447
ENST00000274547	87	513	1	3	4	0.25	0.792613636363636	0.315412186379928	0.225479237336127
ENST00000274547	88	513	2	3	5	0.4	0.792613636363636	0.504659498207885	0.320630402051776
ENST00000274547	89	513	2	3	5	0.4	0.795454545454545	0.502857142857143	0.315272389146632
ENST00000274547	90	513	2	3	5	0.4	0.797720797720798	0.501428571428571	0.311006321300922
ENST00000274547	91	513	2	3	5	0.4	0.792022792022792	0.505035971223022	0.321818660342612
ENST00000274547	92	513	2	3	5	0.4	0.789173789173789	0.506859205776173	0.327052290220443
ENST00000274547	93	513	2	3	5	0.4	0.789173789173789	0.506859205776173	0.327052290220443
ENST00000274547	94	513	2	3	5	0.4	0.785714285714286	0.509090909090909	0.333270019389131
ENST00000274547	95	513	2	3	5	0.4	0.785714285714286	0.509090909090909	0.333270019389131
ENST00000274547	96	513	2	3	5	0.4	0.793103448275862	0.504347826086957	0.319851616761348
ENST00000274547	97	513	4	3	7	0.571428571428571	0.787965616045845	0.725194805194805	0.500962077780583
ENST00000274547	98	513	4	3	7	0.571428571428571	0.787965616045845	0.725194805194805	0.500962077780583
ENST00000274547	99	513	4	3	7	0.571428571428571	0.787965616045845	0.725194805194805	0.500962077780583
ENST00000274547	100	513	4	3	7	0.571428571428571	0.779369627507163	0.733193277310924	0.522575255152106
ENST00000274547	101	513	3	3	6	0.5	0.778097982708934	0.642592592592593	0.441468959898707
ENST00000274547	102	513	3	5	8	0.375	0.779369627507163	0.481158088235294	0.165878332869497
ENST00000274547	103	513	3	5	8	0.375	0.776504297994269	0.482933579335793	0.170394908984591
ENST00000274547	104	513	3	6	9	0.333333333333333	0.78	0.427350427350427	0.0948726516793432
ENST00000274547	105	513	3	6	9	0.333333333333333	0.785714285714286	0.424242424242424	0.0884773158891431
ENST00000274547	106	513	3	5	8	0.375	0.782234957020057	0.479395604395604	0.161470612341127
ENST00000274547	107	513	3	5	8	0.375	0.782857142857143	0.479014598540146	0.160578430140203
ENST00000274547	108	513	3	5	8	0.375	0.775862068965517	0.483333333333333	0.171483219912393
ENST00000274547	109	513	3	6	9	0.333333333333333	0.776504297994269	0.429274292742927	0.098793906047929
ENST00000274547	110	513	3	5	8	0.375	0.771428571428571	0.486111111111111	0.178867216200825
ENST00000274547	111	513	3	4	7	0.428571428571429	0.777142857142857	0.551470588235294	0.280955786881496
ENST00000274547	112	513	3	5	8	0.375	0.769230769230769	0.4875	0.182616093415071
ENST00000274547	113	513	3	5	8	0.375	0.767045454545455	0.488888888888889	0.18628443953678
ENST00000274547	114	513	3	5	8	0.375	0.761363636363636	0.492537313432836	0.195608178301743
ENST00000274547	115	513	3	6	9	0.333333333333333	0.756373937677054	0.440699126092385	0.123857365901247
ENST00000274547	116	513	3	7	10	0.3	0.758522727272727	0.395505617977528	0.0705482395100484
ENST00000274547	117	513	3	7	10	0.3	0.767045454545455	0.391111111111111	0.0630511614949903
ENST00000274547	118	513	3	7	10	0.3	0.767045454545455	0.391111111111111	0.0630511614949903
ENST00000274547	119	513	2	7	9	0.222222222222222	0.771186440677966	0.288156288156288	0.0359870813359241
ENST00000274547	120	513	2	7	9	0.222222222222222	0.768361581920904	0.28921568627451	0.0375029555503457
ENST00000274547	121	513	2	7	9	0.222222222222222	0.768361581920904	0.28921568627451	0.0375029555503457
ENST00000274547	122	513	2	7	9	0.222222222222222	0.76271186440678	0.291358024691358	0.0406682509815608
ENST00000274547	123	513	4	7	11	0.363636363636364	0.768361581920904	0.473262032085562	0.0921050590597154
ENST00000274547	124	513	4	7	11	0.363636363636364	0.76685393258427	0.474192474192474	0.0938378848086586
ENST00000274547	125	513	4	7	11	0.363636363636364	0.76685393258427	0.474192474192474	0.0938378848086586
ENST00000274547	126	513	4	8	12	0.333333333333333	0.764705882352941	0.435897435897436	0.0566390287527225
ENST00000274547	127	513	4	8	12	0.333333333333333	0.764705882352941	0.435897435897436	0.0566390287527225
ENST00000274547	128	513	2	8	10	0.2	0.767507002801121	0.260583941605839	0.0198338356837749
ENST00000274547	129	513	2	8	10	0.2	0.761904761904762	0.2625	0.0217841380611272
ENST00000274547	130	513	2	9	11	0.181818181818182	0.76056338028169	0.239057239057239	0.0116465310236107
ENST00000274547	131	513	2	10	12	0.166666666666667	0.757746478873239	0.219950433705081	0.00627823013252489
ENST00000274547	132	513	2	11	13	0.153846153846154	0.757746478873239	0.203031169573921	0.00313245649206249
ENST00000274547	133	513	2	11	13	0.153846153846154	0.759887005649718	0.202459250786388	0.00296812380211235
ENST00000274547	134	513	2	11	13	0.153846153846154	0.757062146892655	0.203214695752009	0.0031860300240382
ENST00000274547	135	513	3	10	13	0.230769230769231	0.752112676056338	0.306828003457217	0.0135159402852735
ENST00000274547	136	513	3	10	13	0.230769230769231	0.752112676056338	0.306828003457217	0.0135159402852735
ENST00000274547	137	513	3	10	13	0.230769230769231	0.745098039215686	0.309716599190283	0.0154231523293834
ENST00000274547	138	513	3	10	13	0.230769230769231	0.745098039215686	0.309716599190283	0.0154231523293834
ENST00000274547	139	513	3	11	14	0.214285714285714	0.745098039215686	0.287593984962406	0.00845297427219268
ENST00000274547	140	513	3	10	13	0.230769230769231	0.74438202247191	0.310014513788099	0.0156322150940956
ENST00000274547	141	513	3	10	13	0.230769230769231	0.752808988764045	0.30654420206659	0.0133398145232353
ENST00000274547	142	513	3	10	13	0.230769230769231	0.756983240223464	0.304853817768947	0.0122897704850867
ENST00000274547	143	513	3	9	12	0.25	0.756983240223464	0.330258302583026	0.0226294609177789
ENST00000274547	144	513	3	9	12	0.25	0.756983240223464	0.330258302583026	0.0226294609177789
ENST00000274547	145	513	3	9	12	0.25	0.754189944134078	0.331481481481482	0.0237644737363114
ENST00000274547	146	513	3	8	11	0.272727272727273	0.751396648044693	0.362960459614735	0.0445863535569474
ENST00000274547	147	513	3	7	10	0.3	0.750700280112045	0.399626865671642	0.0778336087920929
ENST00000274547	148	513	3	7	10	0.3	0.745810055865922	0.402247191011236	0.0826590958482712
ENST00000274547	149	513	3	8	11	0.272727272727273	0.744444444444445	0.366350067842605	0.0492818096384638
ENST00000274547	150	513	3	9	12	0.25	0.744444444444445	0.335820895522388	0.0280592668168533
ENST00000274547	151	513	3	9	12	0.25	0.749303621169917	0.33364312267658	0.0258614610044971
ENST00000274547	152	513	3	9	12	0.25	0.748603351955307	0.333955223880597	0.0261665877869089
ENST00000274547	153	513	3	9	12	0.25	0.754874651810585	0.331180811808118	0.0234838608482532
ENST00000274547	154	513	1	9	10	0.1	0.759776536312849	0.131617647058824	0.00533353753385724
ENST00000274547	155	513	1	9	10	0.1	0.759776536312849	0.131617647058824	0.00533353753385724
ENST00000274547	156	513	1	10	11	0.0909090909090909	0.761904761904762	0.119318181818182	0.00240490855418655
ENST00000274547	157	513	1	9	10	0.1	0.761904761904762	0.13125	0.00511098022697027
ENST00000274547	158	513	1	9	10	0.1	0.759103641456583	0.131734317343173	0.00540282766894219
ENST00000274547	159	513	1	9	10	0.1	0.764044943820225	0.130882352941176	0.00489006232310422
ENST00000274547	160	513	1	10	11	0.0909090909090909	0.76123595505618	0.119423012411942	0.00243936652551317
ENST00000274547	161	513	1	10	11	0.0909090909090909	0.76271186440678	0.119191919191919	0.00235962020960502
ENST00000274547	162	513	1	9	10	0.1	0.762039660056657	0.131226765799257	0.0051017382188353
ENST00000274547	163	513	1	9	10	0.1	0.769230769230769	0.13	0.00439456554550975
ENST00000274547	164	513	1	7	8	0.125	0.763532763532764	0.163712686567164	0.0207113467218932
ENST00000274547	165	513	1	7	8	0.125	0.763532763532764	0.163712686567164	0.0207113467218932
ENST00000274547	166	513	0	7	7	0	0.763532763532764	0	0.0077686696692584
ENST00000274547	167	513	0	7	7	0	0.769230769230769	0	0.00707546009464824
ENST00000274547	168	513	0	7	7	0	0.772079772079772	0	0.0067571597135513
ENST00000274547	169	513	0	8	8	0	0.777142857142857	0	0.00267586978397972
ENST00000274547	170	513	0	7	7	0	0.782857142857143	0	0.00559615014617268
ENST00000274547	171	513	0	7	7	0	0.782857142857143	0	0.00559615014617268
ENST00000274547	172	513	0	7	7	0	0.790830945558739	0	0.0048425196004354
ENST00000274547	173	513	0	7	7	0	0.790830945558739	0	0.0048425196004354
ENST00000274547	174	513	0	7	7	0	0.788571428571429	0	0.00505189622116386
ENST00000274547	175	513	0	7	7	0	0.791428571428572	0	0.00478936107517333
ENST00000274547	176	513	0	8	8	0	0.797142857142857	0	0.00175010343748933
ENST00000274547	177	513	0	8	8	0	0.802857142857143	0	0.00153740442978406
ENST00000274547	178	513	1	8	9	0.111111111111111	0.802857142857143	0.138394622380388	0.00475254604633942
ENST00000274547	179	513	1	10	11	0.0909090909090909	0.802857142857143	0.113231963765772	8.43773980303638e-4
ENST00000274547	180	513	3	9	12	0.25	0.802857142857143	0.311387900355872	0.00907363744719774
ENST00000274547	181	513	3	8	11	0.272727272727273	0.797142857142857	0.342130987292278	0.020658094901049
ENST00000274547	182	513	3	8	11	0.272727272727273	0.788571428571429	0.345849802371541	0.0241913732047621
ENST00000274547	183	513	4	9	13	0.307692307692308	0.78	0.394477317554241	0.0243848912665637
ENST00000274547	184	513	4	9	13	0.307692307692308	0.779369627507163	0.394796380090498	0.0246733988059239
ENST00000274547	185	513	4	9	13	0.307692307692308	0.785100286532951	0.391914654688377	0.0220798566091292
ENST00000274547	186	513	4	10	14	0.285714285714286	0.787356321839081	0.362877997914494	0.0111101694508983
ENST00000274547	187	513	4	9	13	0.307692307692308	0.78448275862069	0.392223161453931	0.0223526051323919
ENST00000274547	188	513	5	10	15	0.333333333333333	0.78	0.427350427350427	0.0207363039769417
ENST00000274547	189	513	5	10	15	0.333333333333333	0.785100286532951	0.424574209245742	0.0185488574349464
ENST00000274547	190	513	6	11	17	0.352941176470588	0.793696275071633	0.444680399235507	0.0126134023496534
ENST00000274547	191	513	6	10	16	0.375	0.787965616045845	0.475909090909091	0.02617089630959
ENST00000274547	192	513	6	9	15	0.4	0.785714285714286	0.509090909090909	0.0481718594993708
ENST00000274547	193	513	6	10	16	0.375	0.780626780626781	0.480383211678832	0.0304701629762672
ENST00000274547	194	513	6	9	15	0.4	0.780626780626781	0.512408759124088	0.0527558955367424
ENST00000274547	195	513	7	9	16	0.4375	0.78	0.560897435897436	0.0724799045023664
ENST00000274547	196	513	7	9	16	0.4375	0.785100286532951	0.557253649635037	0.0664867423263538
ENST00000274547	197	513	7	9	16	0.4375	0.782857142857143	0.558850364963504	0.0690592221681376
ENST00000274547	198	513	7	9	16	0.4375	0.780626780626781	0.560447080291971	0.0717194603032397
ENST00000274547	199	513	7	9	16	0.4375	0.777777777777778	0.5625	0.0751826842852666
ENST00000274547	200	513	7	8	15	0.466666666666667	0.777777777777778	0.6	0.121208689989242
ENST00000274547	201	513	7	8	15	0.466666666666667	0.777142857142857	0.600490196078431	0.122235630681825
ENST00000274547	202	513	7	9	16	0.4375	0.772727272727273	0.566176470588235	0.0815786205219308
ENST00000274547	203	513	7	9	16	0.4375	0.773371104815864	0.565705128205128	0.0807026742354416
ENST00000274547	204	513	7	9	16	0.4375	0.774647887323944	0.564772727272727	0.0791138423685303
ENST00000274547	205	513	7	9	16	0.4375	0.774647887323944	0.564772727272727	0.0791138423685303
ENST00000274547	206	513	7	9	16	0.4375	0.774647887323944	0.564772727272727	0.0791138423685303
ENST00000274547	207	513	7	8	15	0.466666666666667	0.769014084507042	0.606837606837607	0.136117036573254
ENST00000274547	208	513	7	8	15	0.466666666666667	0.763380281690141	0.611316113161132	0.146641274380526
ENST00000274547	209	513	6	8	14	0.428571428571429	0.764872521246459	0.56031746031746	0.110726478418097
ENST00000274547	210	513	6	6	12	0.5	0.759887005649718	0.657992565055762	0.27350259412191
ENST00000274547	211	513	4	6	10	0.4	0.757062146892655	0.528358208955224	0.171483219912393
ENST00000274547	212	513	4	6	10	0.4	0.754237288135593	0.530337078651685	0.176533470705377
ENST00000274547	213	513	5	7	12	0.416666666666667	0.747191011235955	0.557644110275689	0.161800573087219
ENST00000274547	214	513	4	6	10	0.4	0.747191011235955	0.535338345864662	0.189010972997827
ENST00000274547	215	513	4	6	10	0.4	0.752808988764045	0.53134328358209	0.178990046187676
ENST00000274547	216	513	4	6	10	0.4	0.752808988764045	0.53134328358209	0.178990046187676
ENST00000274547	217	513	4	5	9	0.444444444444444	0.752112676056338	0.590928006658344	0.278475479612444
ENST00000274547	218	513	4	5	9	0.444444444444444	0.746478873239437	0.59538784067086	0.290688058289998
ENST00000274547	219	513	3	4	7	0.428571428571429	0.751412429378531	0.570354457572503	0.332836056940235
ENST00000274547	220	513	3	4	7	0.428571428571429	0.753541076487252	0.5687432867884	0.328713006424459
ENST00000274547	221	513	2	3	5	0.4	0.759206798866856	0.526865671641791	0.384545498433665
ENST00000274547	222	513	2	3	5	0.4	0.76271186440678	0.524444444444445	0.378005759625148
ENST00000274547	223	513	2	3	5	0.4	0.76271186440678	0.524444444444445	0.378005759625148
ENST00000274547	224	513	2	2	4	0.5	0.767045454545455	0.651851851851852	0.580870249963609
ENST00000274547	225	513	2	3	5	0.4	0.767705382436261	0.521033210332103	0.3680223197153
ENST00000274547	226	513	1	3	4	0.25	0.767705382436261	0.325645756457565	0.261824795793918
ENST00000274547	227	513	1	3	4	0.25	0.759887005649718	0.328996282527881	0.273452208445778
ENST00000274547	228	513	1	3	4	0.25	0.764872521246459	0.326851851851852	0.266063390720057
ENST00000274547	229	513	1	3	4	0.25	0.764872521246459	0.326851851851852	0.266063390720057
ENST00000274547	230	513	1	3	4	0.25	0.764204545454545	0.327137546468401	0.26706870089722
ENST00000274547	231	513	1	3	4	0.25	0.767045454545455	0.325925925925926	0.262847134005015
ENST00000274547	232	513	1	3	4	0.25	0.767045454545455	0.325925925925926	0.262847134005015
ENST00000274547	233	513	1	3	4	0.25	0.764204545454545	0.327137546468401	0.26706870089722
ENST00000274547	234	513	1	4	5	0.2	0.767045454545455	0.260740740740741	0.144542398204759
ENST00000274547	235	513	1	4	5	0.2	0.758522727272727	0.263670411985019	0.154327565755439
ENST00000274547	236	513	1	4	5	0.2	0.757062146892655	0.264179104477612	0.155960743258114
ENST00000274547	237	513	1	4	5	0.2	0.752112676056338	0.265917602996255	0.16160821515709
ENST00000274547	238	513	1	4	5	0.2	0.754929577464789	0.264925373134328	0.158430105049581
ENST00000274547	239	513	1	5	6	0.166666666666667	0.752112676056338	0.221598002496879	0.0886872545091083
ENST00000274547	240	513	1	6	7	0.142857142857143	0.752112676056338	0.189941144997325	0.0471959469633015
ENST00000274547	241	513	1	6	7	0.142857142857143	0.754237288135593	0.189406099518459	0.0460466373276857
ENST00000274547	242	513	1	6	7	0.142857142857143	0.749295774647887	0.190655209452202	0.0488137786695689
ENST00000274547	243	513	1	6	7	0.142857142857143	0.749295774647887	0.190655209452202	0.0488137786695689
ENST00000274547	244	513	0	6	6	0	0.754929577464789	0	0.0186858835686517
ENST00000274547	245	513	0	6	6	0	0.756373937677054	0	0.0183313565244011
ENST00000274547	246	513	0	6	6	0	0.759206798866856	0	0.0176675656943265
ENST00000274547	247	513	0	7	7	0	0.764872521246459	0	0.00760245902655885
ENST00000274547	248	513	0	9	9	0	0.769230769230769	0	0.00136797591900482
ENST00000274547	249	513	0	9	9	0	0.774928774928775	0	0.00119538946907025
ENST00000274547	250	513	0	9	9	0	0.770538243626062	0	0.00132710860150877
ENST00000274547	251	513	0	9	9	0	0.769230769230769	0	0.00136797591900482
ENST00000274547	252	513	0	9	9	0	0.766381766381766	0	0.00145886945040852
ENST00000274547	253	513	0	10	10	0	0.764872521246459	0	6.57478107858744e-4
ENST00000274547	254	513	1	11	12	0.0833333333333333	0.767705382436261	0.108548585485855	9.5801522781215e-4
ENST00000274547	255	513	1	11	12	0.0833333333333333	0.767705382436261	0.108548585485855	9.5801522781215e-4
ENST00000274547	256	513	1	12	13	0.0769230769230769	0.762039660056657	0.100943665999428	5.06366785667964e-4
ENST00000274547	257	513	1	13	14	0.0714285714285714	0.757834757834758	0.0942534908700322	2.49074885195505e-4
ENST00000274547	258	513	1	13	14	0.0714285714285714	0.752136752136752	0.0949675324675325	3.02243905501557e-4
ENST00000274547	259	513	1	13	14	0.0714285714285714	0.754985754985755	0.0946091644204852	2.74683519658157e-4
ENST00000274547	260	513	1	13	14	0.0714285714285714	0.75	0.0952380952380952	3.24741389225532e-4
ENST00000274547	261	513	1	13	14	0.0714285714285714	0.747875354107649	0.095508658008658	3.48463117492471e-4
ENST00000274547	262	513	1	14	15	0.0666666666666667	0.742209631728045	0.0898218829516539	1.83031654286626e-4
ENST00000274547	263	513	1	14	15	0.0666666666666667	0.739376770538244	0.0901660280970626	2.01077368772252e-4
ENST00000274547	264	513	1	13	14	0.0714285714285714	0.739376770538244	0.0966064586754242	4.46638497636323e-4
ENST00000274547	265	513	1	12	13	0.0769230769230769	0.743661971830986	0.103438228438228	8.42861722618709e-4
ENST00000274547	266	513	1	12	13	0.0769230769230769	0.738028169014085	0.104227833235467	9.7114960626752e-4
ENST00000274547	267	513	1	12	13	0.0769230769230769	0.735211267605634	0.104627173592691	0.00103775541946322
ENST00000274547	268	513	1	13	14	0.0714285714285714	0.740845070422535	0.0964149918522542	4.29374376446208e-4
ENST00000274547	269	513	1	13	14	0.0714285714285714	0.741573033707865	0.0963203463203463	4.20650805472964e-4
ENST00000274547	270	513	1	12	13	0.0769230769230769	0.741573033707865	0.103729603729604	8.85252163925621e-4
ENST00000274547	271	513	1	11	12	0.0833333333333333	0.743016759776536	0.112155388471178	0.00177966864396707
ENST00000274547	272	513	1	11	12	0.0833333333333333	0.73463687150838	0.113434727503169	0.00215826574427505
ENST00000274547	273	513	1	11	12	0.0833333333333333	0.731843575418994	0.113867684478372	0.00229864426581451
ENST00000274547	274	513	2	11	13	0.153846153846154	0.736694677871149	0.208832992102954	0.00505689311340922
ENST00000274547	275	513	2	10	12	0.166666666666667	0.733893557422969	0.227099236641221	0.0101357643185368
ENST00000274547	276	513	2	10	12	0.166666666666667	0.736694677871149	0.226235741444867	0.00960538109342247
ENST00000274547	277	513	2	11	13	0.153846153846154	0.733893557422969	0.209630064591897	0.00536854281435016
ENST00000274547	278	513	3	10	13	0.230769230769231	0.73876404494382	0.31237203860778	0.0173460053393785
ENST00000274547	279	513	3	8	11	0.272727272727273	0.73876404494382	0.369166954718285	0.053375798386832
ENST00000274547	280	513	3	9	12	0.25	0.73876404494382	0.338403041825095	0.0307703591401946
ENST00000274547	281	513	3	9	12	0.25	0.742937853107345	0.336501901140684	0.0287481547682056
ENST00000274547	282	513	3	9	12	0.25	0.735955056179775	0.33969465648855	0.0321787567352414
ENST00000274547	283	513	3	9	12	0.25	0.740845070422535	0.33745247148289	0.0297554505692579
ENST00000274547	284	513	3	8	11	0.272727272727273	0.740845070422535	0.368129968890425	0.0518567946227654
ENST00000274547	285	513	2	7	9	0.222222222222222	0.738028169014085	0.301102629346904	0.0564004491814219
ENST00000274547	286	513	2	7	9	0.222222222222222	0.736694677871149	0.301647655259823	0.0573697289126268
ENST00000274547	287	513	2	5	7	0.285714285714286	0.742296918767507	0.384905660377358	0.15971797215662
ENST00000274547	288	513	2	4	6	0.333333333333333	0.740845070422535	0.449936628643853	0.265520848241773
ENST00000274547	289	513	2	4	6	0.333333333333333	0.733893557422969	0.454198473282443	0.277024350692083
ENST00000274547	290	513	3	4	7	0.428571428571429	0.736694677871149	0.581749049429658	0.363370889424863
ENST00000274547	291	513	3	4	7	0.428571428571429	0.736694677871149	0.581749049429658	0.363370889424863
ENST00000274547	292	513	3	4	7	0.428571428571429	0.743016759776536	0.576799140708915	0.349354446885031
ENST00000274547	293	513	3	3	6	0.5	0.748603351955307	0.667910447761194	0.50403652960261
ENST00000274547	294	513	3	3	6	0.5	0.748603351955307	0.667910447761194	0.50403652960261
ENST00000274547	295	513	3	3	6	0.5	0.751396648044693	0.66542750929368	0.498063006669777
ENST00000274547	296	513	3	4	7	0.428571428571429	0.751396648044693	0.57036643653744	0.332869803931268
ENST00000274547	297	513	3	5	8	0.375	0.756983240223464	0.495387453874539	0.202747007913563
ENST00000274547	298	513	3	5	8	0.375	0.763888888888889	0.490909090909091	0.191477184428107
ENST00000274547	299	513	3	4	7	0.428571428571429	0.764542936288089	0.56055900621118	0.306726938453931
ENST00000274547	300	513	3	4	7	0.428571428571429	0.761772853185596	0.562597402597403	0.312278421067026
ENST00000274547	301	513	3	4	7	0.428571428571429	0.759002770083102	0.564650677789364	0.317922295977597
ENST00000274547	302	513	3	4	7	0.428571428571429	0.763888888888889	0.561038961038961	0.308068124358414
ENST00000274547	303	513	3	4	7	0.428571428571429	0.768156424581006	0.557922077922078	0.299423222643863
ENST00000274547	304	513	3	5	8	0.375	0.768156424581006	0.488181818181818	0.184400010623423
ENST00000274547	305	513	2	5	7	0.285714285714286	0.76536312849162	0.373305526590198	0.13007610895942
ENST00000274547	306	513	2	5	7	0.285714285714286	0.756983240223464	0.377438060094887	0.140637669412501
ENST00000274547	307	513	2	5	7	0.285714285714286	0.762569832402235	0.374672946101518	0.133461406748985
ENST00000274547	308	513	2	4	6	0.333333333333333	0.76685393258427	0.434676434676435	0.222837598481832
ENST00000274547	309	513	1	4	5	0.2	0.76685393258427	0.260805860805861	0.144791038696385
ENST00000274547	310	513	1	4	5	0.2	0.76685393258427	0.260805860805861	0.144791038696385
ENST00000274547	311	513	1	3	4	0.25	0.77247191011236	0.323636363636364	0.254590991389759
ENST00000274547	312	513	1	3	4	0.25	0.76685393258427	0.326007326007326	0.263159816559611
ENST00000274547	313	513	1	4	5	0.2	0.769662921348315	0.25985401459854	0.141479725163156
ENST00000274547	314	513	1	4	5	0.2	0.77247191011236	0.258909090909091	0.138229538727252
ENST00000274547	315	513	1	4	5	0.2	0.767507002801121	0.260583941605839	0.144031862204998
ENST00000274547	316	513	1	5	6	0.166666666666667	0.77247191011236	0.215757575757576	0.0721895598232361
ENST00000274547	317	513	1	6	7	0.142857142857143	0.77247191011236	0.184935064935065	0.0365836385726435
ENST00000274547	318	513	2	6	8	0.25	0.777464788732394	0.321557971014493	0.0626027475467047
ENST00000274547	319	513	3	6	9	0.333333333333333	0.777464788732394	0.428743961352657	0.0977571006197855
ENST00000274547	320	513	3	7	10	0.3	0.779661016949153	0.384782608695652	0.0528820219329512
ENST00000274547	321	513	3	8	11	0.272727272727273	0.779661016949153	0.349802371541502	0.0283398892704796
ENST00000274547	322	513	6	8	14	0.428571428571429	0.775280898876405	0.552795031055901	0.0956435719427289
ENST00000274547	323	513	6	9	15	0.4	0.780281690140845	0.512635379061372	0.0530644580139721
ENST00000274547	324	513	6	9	15	0.4	0.780281690140845	0.512635379061372	0.0530644580139721
ENST00000274547	325	513	6	9	15	0.4	0.780281690140845	0.512635379061372	0.0530644580139721
ENST00000274547	326	513	6	10	16	0.375	0.777464788732394	0.482336956521739	0.0324755494124969
ENST00000274547	327	513	6	9	15	0.4	0.777464788732394	0.514492753623189	0.0557160484580537
ENST00000274547	328	513	6	8	14	0.428571428571429	0.769014084507042	0.557299843014129	0.104506608778978
ENST00000274547	329	513	6	8	14	0.428571428571429	0.7703081232493	0.556363636363636	0.102657258926548
ENST00000274547	330	513	6	8	14	0.428571428571429	0.778711484593838	0.550359712230216	0.0910363045907555
ENST00000274547	331	513	6	8	14	0.428571428571429	0.775280898876405	0.552795031055901	0.0956435719427289
ENST00000274547	332	513	6	8	14	0.428571428571429	0.780281690140845	0.54925219185147	0.0889304971602775
ENST00000274547	333	513	8	8	16	0.5	0.783707865168539	0.637992831541219	0.141039240232343
ENST00000274547	334	513	9	8	17	0.529411764705882	0.778089887640449	0.680399235506477	0.240155964179766
ENST00000274547	335	513	10	7	17	0.588235294117647	0.775280898876405	0.758738277919864	0.354016710463574
ENST00000274547	336	513	10	7	17	0.588235294117647	0.775280898876405	0.758738277919864	0.354016710463574
ENST00000274547	337	513	12	7	19	0.631578947368421	0.775280898876405	0.814645308924485	0.495046629702838
ENST00000274547	338	513	12	7	19	0.631578947368421	0.775280898876405	0.814645308924485	0.495046629702838
ENST00000274547	339	513	16	7	23	0.695652173913044	0.771830985915493	0.901301174230403	0.778413017476385
ENST00000274547	340	513	16	8	24	0.666666666666667	0.774647887323944	0.860606060606061	0.56802090146595
ENST00000274547	341	513	17	8	25	0.68	0.780281690140845	0.871480144404332	0.576754263233556
ENST00000274547	342	513	17	8	25	0.68	0.787535410764873	0.863453237410072	0.5644124474468
ENST00000274547	343	513	18	9	27	0.666666666666667	0.787535410764873	0.84652278177458	0.481678358644529
ENST00000274547	344	513	19	8	27	0.703703703703704	0.788732394366197	0.892195767195767	0.688186855338097
ENST00000274547	345	513	19	9	28	0.678571428571429	0.791549295774648	0.857269954245043	0.489371769040175
ENST00000274547	346	513	19	9	28	0.678571428571429	0.799435028248588	0.848813730439172	0.478641367557488
ENST00000274547	347	513	20	8	28	0.714285714285714	0.804532577903683	0.887826961770624	0.581364237368555
ENST00000274547	348	513	20	7	27	0.740740740740741	0.804532577903683	0.920709441836202	0.785886780955425
ENST00000274547	349	513	19	7	26	0.730769230769231	0.8	0.913461538461538	0.683524401079778
ENST00000274547	350	513	19	7	26	0.730769230769231	0.797183098591549	0.916689317749388	0.78420168607773
ENST00000274547	351	513	19	6	25	0.76	0.796610169491525	0.954042553191489	0.887831192873835
ENST00000274547	352	513	18	5	23	0.782608695652174	0.795454545454545	0.983850931677019	0.973296437993861
ENST00000274547	353	513	16	5	21	0.761904761904762	0.792022792022792	0.961973278520041	0.973296437993861
ENST00000274547	354	513	18	5	23	0.782608695652174	0.789173789173789	0.991681054779469	1
ENST00000274547	355	513	18	5	23	0.782608695652174	0.791428571428572	0.988855752629101	1
ENST00000274547	356	513	18	6	24	0.75	0.798850574712644	0.938848920863309	0.881242302020385
ENST00000274547	357	513	18	5	23	0.782608695652174	0.799426934097421	0.978962131837307	0.973296437993861
ENST00000274547	358	513	19	5	24	0.791666666666667	0.799426934097421	0.990292712066906	1
ENST00000274547	359	513	19	5	24	0.791666666666667	0.794285714285714	0.996702637889688	1
ENST00000274547	360	513	20	6	26	0.769230769230769	0.788571428571429	0.975473801560758	0.973296437993861
ENST00000274547	361	513	20	6	26	0.769230769230769	0.789173789173789	0.974729241877256	0.973296437993861
ENST00000274547	362	513	20	6	26	0.769230769230769	0.789173789173789	0.974729241877256	0.973296437993861
ENST00000274547	363	513	21	6	27	0.777777777777778	0.789173789173789	0.985559566787004	0.973296437993861
ENST00000274547	364	513	19	6	25	0.76	0.784090909090909	0.969275362318841	0.973296437993861
ENST00000274547	365	513	18	6	24	0.75	0.779036827195467	0.962727272727273	0.973296437993861
ENST00000274547	366	513	17	7	24	0.708333333333333	0.78125	0.906666666666667	0.780344362251723
ENST00000274547	367	513	18	8	26	0.692307692307692	0.778409090909091	0.889387984278495	0.687894546880937
ENST00000274547	368	513	16	8	24	0.666666666666667	0.772727272727273	0.862745098039216	0.571729151493107
ENST00000274547	369	513	16	8	24	0.666666666666667	0.772727272727273	0.862745098039216	0.571729151493107
ENST00000274547	370	513	14	9	23	0.608695652173913	0.772727272727273	0.787723785166241	0.351705638875319
ENST00000274547	371	513	14	8	22	0.636363636363636	0.771428571428571	0.824915824915825	0.450697230822766
ENST00000274547	372	513	15	8	23	0.652173913043478	0.772079772079772	0.844697577410557	0.554723989994438
ENST00000274547	373	513	15	8	23	0.652173913043478	0.772727272727273	0.843989769820972	0.55401264295493
ENST00000274547	374	513	15	7	22	0.681818181818182	0.764204545454545	0.892193308550186	0.775038243423227
ENST00000274547	375	513	16	7	23	0.695652173913044	0.761363636363636	0.913692407527579	0.786721305101073
ENST00000274547	376	513	16	7	23	0.695652173913044	0.768571428571429	0.905123646355261	0.780533964935749
ENST00000274547	377	513	17	7	24	0.708333333333333	0.762857142857143	0.92852684144819	0.797925178411253
ENST00000274547	378	513	17	7	24	0.708333333333333	0.771428571428571	0.91820987654321	0.788498812082249
ENST00000274547	379	513	17	7	24	0.708333333333333	0.771428571428571	0.91820987654321	0.788498812082249
ENST00000274547	380	513	18	9	27	0.666666666666667	0.766381766381766	0.869888475836431	0.600439045620458
ENST00000274547	381	513	17	9	26	0.653846153846154	0.769230769230769	0.85	0.49612451563272
ENST00000274547	382	513	18	10	28	0.642857142857143	0.768571428571429	0.836431226765799	0.427247918703875
ENST00000274547	383	513	18	10	28	0.642857142857143	0.769886363636364	0.835002635740643	0.423994154060735
ENST00000274547	384	513	18	10	28	0.642857142857143	0.767705382436261	0.837374802319452	0.429519778806919
ENST00000274547	385	513	16	10	26	0.615384615384615	0.763532763532764	0.805970149253731	0.398760928913184
ENST00000274547	386	513	16	11	27	0.592592592592593	0.757834757834758	0.781954887218045	0.330746515753082
ENST00000274547	387	513	17	10	27	0.62962962962963	0.758522727272727	0.830073519212096	0.427745786371288
ENST00000274547	388	513	17	10	27	0.62962962962963	0.753541076487252	0.835561125034809	0.511154737203961
ENST00000274547	389	513	16	11	27	0.592592592592593	0.747875354107649	0.792368125701459	0.345441833029579
ENST00000274547	390	513	16	12	28	0.571428571428571	0.752840909090909	0.759029649595687	0.272172009516146
ENST00000274547	391	513	15	11	26	0.576923076923077	0.755681818181818	0.763447079236553	0.259655417360577
ENST00000274547	392	513	15	11	26	0.576923076923077	0.755681818181818	0.763447079236553	0.259655417360577
ENST00000274547	393	513	16	11	27	0.592592592592593	0.757062146892655	0.782752902155887	0.331609629227872
ENST00000274547	394	513	15	12	27	0.555555555555556	0.765536723163842	0.725707257072571	0.184798980816811
ENST00000274547	395	513	17	13	30	0.566666666666667	0.774011299435028	0.732116788321168	0.154586054221378
ENST00000274547	396	513	18	13	31	0.580645161290323	0.771830985915493	0.752295738168119	0.171453921702444
ENST00000274547	397	513	18	12	30	0.6	0.764705882352941	0.784615384615385	0.284436528184651
ENST00000274547	398	513	17	11	28	0.607142857142857	0.759103641456583	0.799815498154982	0.344627248442303
ENST00000274547	399	513	17	11	28	0.607142857142857	0.764044943820225	0.794642857142857	0.336983114143764
ENST00000274547	400	513	18	11	29	0.620689655172414	0.764044943820225	0.81237322515213	0.355017061173043
ENST00000274547	401	513	16	10	26	0.615384615384615	0.764705882352941	0.804733727810651	0.39737096683384
ENST00000274547	402	513	17	10	27	0.62962962962963	0.767507002801121	0.820356853203569	0.408582056816201
ENST00000274547	403	513	16	10	26	0.615384615384615	0.76685393258427	0.802479571710341	0.395106714583046
ENST00000274547	404	513	16	11	27	0.592592592592593	0.76685393258427	0.772758106091439	0.258178189905242
ENST00000274547	405	513	15	13	28	0.535714285714286	0.766197183098592	0.699185924369748	0.109464066385199
ENST00000274547	406	513	13	13	26	0.5	0.771830985915493	0.647810218978102	0.0773162929309771
ENST00000274547	407	513	13	12	25	0.52	0.769662921348315	0.675620437956204	0.109598352607024
ENST00000274547	408	513	12	12	24	0.5	0.774647887323944	0.645454545454546	0.0715162983594442
ENST00000274547	409	513	11	12	23	0.478260869565217	0.780281690140845	0.612933605399466	0.0502863987608303
ENST00000274547	410	513	11	12	23	0.478260869565217	0.780281690140845	0.612933605399466	0.0502863987608303
ENST00000274547	411	513	12	11	23	0.521739130434783	0.783098591549296	0.666249609008446	0.09276955053984
ENST00000274547	412	513	14	11	25	0.56	0.775910364145658	0.72173285198556	0.161664881492403
ENST00000274547	413	513	13	10	23	0.565217391304348	0.7703081232493	0.733754940711462	0.209369684699208
ENST00000274547	414	513	13	10	23	0.565217391304348	0.769014084507042	0.734989648033126	0.212506426361434
ENST00000274547	415	513	12	11	23	0.521739130434783	0.774647887323944	0.673517786561265	0.128506209079212
ENST00000274547	416	513	13	10	23	0.565217391304348	0.777464788732394	0.727000630119723	0.193786455108602
ENST00000274547	417	513	13	10	23	0.565217391304348	0.773109243697479	0.73109640831758	0.202982788254003
ENST00000274547	418	513	13	10	23	0.565217391304348	0.778711484593838	0.725836721926806	0.19138792068461
ENST00000274547	419	513	13	10	23	0.565217391304348	0.773109243697479	0.73109640831758	0.202982788254003
ENST00000274547	420	513	14	10	24	0.583333333333333	0.77247191011236	0.755151515151515	0.276762166444285
ENST00000274547	421	513	14	10	24	0.583333333333333	0.77683615819209	0.750909090909091	0.272197266402471
ENST00000274547	422	513	15	10	25	0.6	0.768361581920904	0.780882352941176	0.304104088132402
ENST00000274547	423	513	15	10	25	0.6	0.768361581920904	0.780882352941176	0.304104088132402
ENST00000274547	424	513	15	10	25	0.6	0.76271186440678	0.786666666666667	0.317284853502047
ENST00000274547	425	513	15	9	24	0.625	0.759887005649718	0.822490706319703	0.474647879586382
ENST00000274547	426	513	14	8	22	0.636363636363636	0.76056338028169	0.836700336700337	0.552788560928544
ENST00000274547	427	513	14	8	22	0.636363636363636	0.763380281690141	0.833612881583361	0.549526195457463
ENST00000274547	428	513	14	8	22	0.636363636363636	0.76056338028169	0.836700336700337	0.552788560928544
ENST00000274547	429	513	16	8	24	0.666666666666667	0.766197183098592	0.870098039215686	0.583263365702732
ENST00000274547	430	513	17	8	25	0.68	0.771830985915493	0.881021897810219	0.68416892308854
ENST00000274547	431	513	16	8	24	0.666666666666667	0.77247191011236	0.863030303030303	0.572113021205134
ENST00000274547	432	513	17	8	25	0.68	0.769662921348315	0.883503649635037	0.685826737178088
ENST00000274547	433	513	16	8	24	0.666666666666667	0.76123595505618	0.875768757687577	0.682651922582882
ENST00000274547	434	513	15	8	23	0.652173913043478	0.76123595505618	0.856730306433499	0.571729151493107
ENST00000274547	435	513	17	7	24	0.708333333333333	0.756302521008403	0.936574074074074	0.892003577874091
ENST00000274547	436	513	17	5	22	0.772727272727273	0.745098039215686	1.03708133971292	1
ENST00000274547	437	513	18	5	23	0.782608695652174	0.75	1.04347826086957	1
ENST00000274547	438	513	19	5	24	0.791666666666667	0.746478873239437	1.06053459119497	0.973296437993861
ENST00000274547	439	513	19	5	24	0.791666666666667	0.752112676056338	1.05259051186017	0.973296437993861
ENST00000274547	440	513	19	5	24	0.791666666666667	0.747191011235955	1.05952380952381	0.973296437993861
ENST00000274547	441	513	19	6	25	0.76	0.747191011235955	1.01714285714286	1
ENST00000274547	442	513	17	5	22	0.772727272727273	0.752112676056338	1.02740892066735	1
ENST00000274547	443	513	17	6	23	0.739130434782609	0.748587570621469	0.987366694011485	1
ENST00000274547	444	513	18	7	25	0.72	0.754237288135593	0.954606741573034	0.899321544564406
ENST00000274547	445	513	19	8	27	0.703703703703704	0.759887005649718	0.92606361007848	0.811149255308305
ENST00000274547	446	513	19	8	27	0.703703703703704	0.76056338028169	0.925240054869685	0.810539952971649
ENST00000274547	447	513	18	8	26	0.692307692307692	0.752112676056338	0.920484010371651	0.808351432392715
ENST00000274547	448	513	18	7	25	0.72	0.754929577464789	0.953731343283582	0.898819401584753
ENST00000274547	449	513	17	7	24	0.708333333333333	0.754929577464789	0.93827736318408	0.892418870780578
ENST00000274547	450	513	17	8	25	0.68	0.749295774647887	0.907518796992481	0.802382389131167
ENST00000274547	451	513	17	7	24	0.708333333333333	0.749295774647887	0.945332080200501	0.894952061024209
ENST00000274547	452	513	17	7	24	0.708333333333333	0.740845070422535	0.956115335868188	0.900364239136599
ENST00000274547	453	513	16	7	23	0.695652173913044	0.748587570621469	0.929286300246103	0.890542966796395
ENST00000274547	454	513	16	7	23	0.695652173913044	0.745762711864407	0.932806324110672	0.891102194606456
ENST00000274547	455	513	16	8	24	0.666666666666667	0.746478873239437	0.893081761006289	0.698037749949005
ENST00000274547	456	513	17	8	25	0.68	0.743661971830986	0.914393939393939	0.805627473389127
ENST00000274547	457	513	16	8	24	0.666666666666667	0.743661971830986	0.896464646464646	0.702393386995962
ENST00000274547	458	513	15	9	24	0.625	0.746478873239437	0.837264150943396	0.497406779558081
ENST00000274547	459	513	15	10	25	0.6	0.740845070422535	0.809885931558935	0.416778579419117
ENST00000274547	460	513	13	10	23	0.565217391304348	0.743661971830986	0.760046113306983	0.305885278115678
ENST00000274547	461	513	12	10	22	0.545454545454545	0.740845070422535	0.73625993778085	0.283690816500367
ENST00000274547	462	513	13	10	23	0.565217391304348	0.736694677871149	0.767234253595636	0.382998546868143
ENST00000274547	463	513	12	11	23	0.521739130434783	0.745098039215686	0.700228832951945	0.215262128287822
ENST00000274547	464	513	12	11	23	0.521739130434783	0.740223463687151	0.704840032813782	0.220462578598242
ENST00000274547	465	513	12	11	23	0.521739130434783	0.745810055865922	0.699560332193454	0.214628927169723
ENST00000274547	466	513	10	11	21	0.476190476190476	0.745810055865922	0.63848760477974	0.128588928656515
ENST00000274547	467	513	10	12	22	0.454545454545455	0.746518105849582	0.608887381275441	0.0926364983185537
ENST00000274547	468	513	10	12	22	0.454545454545455	0.752089136490251	0.604377104377104	0.0896545911635637
ENST00000274547	469	513	9	12	21	0.428571428571429	0.746518105849582	0.57409381663113	0.0581064418809089
ENST00000274547	470	513	9	12	21	0.428571428571429	0.747899159663866	0.573033707865169	0.0565944684967892
ENST00000274547	471	513	9	12	21	0.428571428571429	0.742296918767507	0.577358490566038	0.062691979328996
ENST00000274547	472	513	10	11	21	0.476190476190476	0.736694677871149	0.64638783269962	0.140819345037737
ENST00000274547	473	513	10	11	21	0.476190476190476	0.739495798319328	0.643939393939394	0.136657407115386
ENST00000274547	474	513	8	10	18	0.444444444444444	0.748603351955307	0.593698175787728	0.0997830522578454
ENST00000274547	475	513	7	9	16	0.4375	0.748603351955307	0.584421641791045	0.117005718392467
ENST00000274547	476	513	6	9	15	0.4	0.748603351955307	0.534328358208955	0.0877305164692231
ENST00000274547	477	513	6	8	14	0.428571428571429	0.751396648044693	0.57036643653744	0.131817659069946
ENST00000274547	478	513	6	9	15	0.4	0.746518105849582	0.535820895522388	0.0904958574174912
ENST00000274547	479	513	6	9	15	0.4	0.755555555555556	0.529411764705882	0.0790878831231213
ENST00000274547	480	513	6	9	15	0.4	0.75	0.533333333333333	0.0859398404906288
ENST00000274547	481	513	6	8	14	0.428571428571429	0.755555555555556	0.567226890756303	0.125172799496284
ENST00000274547	482	513	5	8	13	0.384615384615385	0.761111111111111	0.505334081976418	0.0857861167411529
ENST00000274547	483	513	7	7	14	0.5	0.761772853185596	0.656363636363636	0.291416969140856
ENST00000274547	484	513	7	8	15	0.466666666666667	0.759668508287293	0.61430303030303	0.153648350771976
ENST00000274547	485	513	7	8	15	0.466666666666667	0.754820936639118	0.618248175182482	0.162765590332752
ENST00000274547	486	513	6	7	13	0.461538461538462	0.753462603878116	0.612556561085973	0.196149969325166
ENST00000274547	487	513	5	7	12	0.416666666666667	0.760445682451254	0.547924297924298	0.139687629616787
ENST00000274547	488	513	5	8	13	0.384615384615385	0.763231197771588	0.50393037619315	0.0832352085536271
ENST00000274547	489	513	6	9	15	0.4	0.764705882352941	0.523076923076923	0.0686591111822902
ENST00000274547	490	513	7	8	15	0.466666666666667	0.76685393258427	0.608547008547009	0.140141172759035
ENST00000274547	491	513	7	9	16	0.4375	0.76685393258427	0.57051282051282	0.0896085071125032
ENST00000274547	492	513	7	9	16	0.4375	0.77247191011236	0.566363636363636	0.0819392603146308
ENST00000274547	493	513	6	9	15	0.4	0.77521613832853	0.515985130111524	0.0579108154486517
ENST00000274547	494	513	6	9	15	0.4	0.772861356932153	0.517557251908397	0.0602434911256894
ENST00000274547	495	513	6	10	16	0.375	0.778787878787879	0.481517509727626	0.0316144490577119
ENST00000274547	496	513	6	10	16	0.375	0.77639751552795	0.483	0.0331290786757522
ENST00000274547	497	513	7	11	18	0.388888888888889	0.776357827476038	0.500914494741655	0.0275239360275959
ENST00000274547	498	513	7	10	17	0.411764705882353	0.779605263157895	0.528170761975676	0.0439686250133406
ENST00000274547	499	513	6	10	16	0.375	0.779661016949153	0.480978260869565	0.0310676851354567
ENST00000274547	500	513	6	10	16	0.375	0.783216783216783	0.478794642857143	0.0288935606935311
ENST00000274547	501	513	6	10	16	0.375	0.779783393501805	0.480902777777778	0.0309896741273836
ENST00000274547	502	513	6	10	16	0.375	0.780669144981413	0.480357142857143	0.0304613810610985
ENST00000274547	503	513	5	10	15	0.333333333333333	0.784615384615385	0.42483660130719	0.0187565587721494
ENST00000274547	504	513	5	10	15	0.333333333333333	0.780876494023904	0.42687074829932	0.0203456312688329
ENST00000274547	505	513	5	10	15	0.333333333333333	0.785123966942149	0.424561403508772	0.0185378507881232
ENST00000274547	506	513	5	10	15	0.333333333333333	0.781115879828326	0.426739926739927	0.0202378672530327
ENST00000274547	507	513	5	9	14	0.357142857142857	0.785714285714286	0.454545454545455	0.0334409609797382
ENST00000274547	508	513	5	9	14	0.357142857142857	0.786046511627907	0.454353338968724	0.0332603642218407
ENST00000274547	509	513	5	8	13	0.384615384615385	0.781553398058252	0.492116579073101	0.063380072322297
ENST00000274547	510	513	5	8	13	0.384615384615385	0.791878172588833	0.485700197238659	0.0536335252501757
ENST00000274547	511	513	5	8	13	0.384615384615385	0.78421052631579	0.490449148167269	0.0607990797992459
ENST00000274547	512	513	5	8	13	0.384615384615385	0.790055248618785	0.486820871436256	0.0552544678238941
