enst	aapos	enst.length	tot_mis	tot_syn	tot_synmis	mtr_obs	mtr_exp	mtr	mtr_fdr
ENST00000023897	1	457	9	4	13	0.692307692307692	0.741379310344828	0.933810375670841	NA
ENST00000023897	2	457	9	4	13	0.692307692307692	0.737704918032787	0.938461538461538	NA
ENST00000023897	3	457	10	6	16	0.625	0.732984293193717	0.852678571428571	NA
ENST00000023897	4	457	10	6	16	0.625	0.733668341708543	0.851883561643836	NA
ENST00000023897	5	457	11	6	17	0.647058823529412	0.740384615384615	0.873949579831933	NA
ENST00000023897	6	457	11	6	17	0.647058823529412	0.744186046511628	0.869485294117647	NA
ENST00000023897	7	457	12	6	18	0.666666666666667	0.739910313901345	0.901010101010101	NA
ENST00000023897	8	457	12	6	18	0.666666666666667	0.744588744588745	0.895348837209302	NA
ENST00000023897	9	457	12	6	18	0.666666666666667	0.741666666666667	0.898876404494382	NA
ENST00000023897	10	457	12	7	19	0.631578947368421	0.736842105263158	0.857142857142857	NA
ENST00000023897	11	457	13	8	21	0.619047619047619	0.736220472440945	0.840845429080723	NA
ENST00000023897	12	457	13	8	21	0.619047619047619	0.740458015267176	0.836033382425135	NA
ENST00000023897	13	457	13	9	22	0.590909090909091	0.745387453874539	0.792754275427543	NA
ENST00000023897	14	457	16	10	26	0.615384615384615	0.74910394265233	0.821494295178506	NA
ENST00000023897	15	457	16	10	26	0.615384615384615	0.746527777777778	0.82432915921288	NA
ENST00000023897	16	457	17	10	27	0.62962962962963	0.75	0.839506172839506	NA
ENST00000023897	17	457	18	11	29	0.620689655172414	0.754098360655738	0.823088455772114	NA
ENST00000023897	18	457	18	11	29	0.620689655172414	0.757961783439491	0.818893074471168	NA
ENST00000023897	19	457	18	11	29	0.620689655172414	0.755417956656347	0.821650650084794	NA
ENST00000023897	20	457	18	11	29	0.620689655172414	0.753012048192771	0.824275862068966	NA
ENST00000023897	21	457	18	11	29	0.620689655172414	0.750733137829912	0.826778017241379	NA
ENST00000023897	22	457	19	11	30	0.633333333333333	0.754285714285714	0.839646464646465	NA
ENST00000023897	23	457	19	11	30	0.633333333333333	0.751428571428571	0.842839036755387	NA
ENST00000023897	24	457	18	12	30	0.6	0.749287749287749	0.800760456273764	NA
ENST00000023897	25	457	18	11	29	0.620689655172414	0.746438746438746	0.831534614372203	NA
ENST00000023897	26	457	17	11	28	0.607142857142857	0.748571428571429	0.811068702290076	NA
ENST00000023897	27	457	16	10	26	0.615384615384615	0.754285714285714	0.815850815850816	NA
ENST00000023897	28	457	16	10	26	0.615384615384615	0.759312320916906	0.810449927431059	NA
ENST00000023897	29	457	16	10	26	0.615384615384615	0.759312320916906	0.810449927431059	NA
ENST00000023897	30	457	15	10	25	0.6	0.750716332378224	0.799236641221374	NA
ENST00000023897	31	457	14	9	23	0.608695652173913	0.751428571428571	0.810051248140189	NA
ENST00000023897	32	457	13	9	22	0.590909090909091	0.751428571428571	0.786380919460767	NA
ENST00000023897	33	457	13	9	22	0.590909090909091	0.748571428571429	0.789382373351839	NA
ENST00000023897	34	457	12	7	19	0.631578947368421	0.754285714285714	0.837320574162679	NA
ENST00000023897	35	457	12	8	20	0.6	0.752840909090909	0.796981132075472	NA
ENST00000023897	36	457	12	8	20	0.6	0.75	0.8	NA
ENST00000023897	37	457	12	9	21	0.571428571428571	0.747159090909091	0.764801738185769	NA
ENST00000023897	38	457	11	10	21	0.523809523809524	0.749287749287749	0.699076588810429	NA
ENST00000023897	39	457	11	10	21	0.523809523809524	0.752136752136752	0.696428571428572	NA
ENST00000023897	40	457	11	10	21	0.523809523809524	0.745714285714286	0.70242656449553	NA
ENST00000023897	41	457	11	9	20	0.55	0.74785100286533	0.73544061302682	NA
ENST00000023897	42	457	10	9	19	0.526315789473684	0.75	0.701754385964912	NA
ENST00000023897	43	457	10	9	19	0.526315789473684	0.755043227665706	0.697067095218963	NA
ENST00000023897	44	457	11	8	19	0.578947368421053	0.755747126436782	0.766059635781469	NA
ENST00000023897	45	457	8	7	15	0.533333333333333	0.753581661891118	0.707731305449937	NA
ENST00000023897	46	457	8	8	16	0.5	0.74785100286533	0.668582375478927	NA
ENST00000023897	47	457	7	8	15	0.466666666666667	0.748571428571429	0.623409669211196	NA
ENST00000023897	48	457	7	7	14	0.5	0.749287749287749	0.667300380228137	NA
ENST00000023897	49	457	7	7	14	0.5	0.749287749287749	0.667300380228137	NA
ENST00000023897	50	457	7	7	14	0.5	0.749287749287749	0.667300380228137	NA
ENST00000023897	51	457	6	9	15	0.4	0.756373937677054	0.528838951310862	NA
ENST00000023897	52	457	7	10	17	0.411764705882353	0.757746478873239	0.543406953859611	NA
ENST00000023897	53	457	6	9	15	0.4	0.758426966292135	0.527407407407408	NA
ENST00000023897	54	457	6	9	15	0.4	0.752808988764045	0.53134328358209	NA
ENST00000023897	55	457	6	8	14	0.428571428571429	0.747899159663866	0.573033707865169	NA
ENST00000023897	56	457	5	8	13	0.384615384615385	0.753501400560224	0.510437517872462	NA
ENST00000023897	57	457	5	10	15	0.333333333333333	0.754189944134078	0.441975308641975	NA
ENST00000023897	58	457	5	11	16	0.3125	0.747899159663866	0.417837078651685	NA
ENST00000023897	59	457	5	11	16	0.3125	0.742296918767507	0.420990566037736	NA
ENST00000023897	60	457	5	12	17	0.294117647058824	0.742296918767507	0.39622641509434	NA
ENST00000023897	61	457	6	12	18	0.333333333333333	0.740845070422535	0.449936628643853	NA
ENST00000023897	62	457	6	13	19	0.315789473684211	0.746478873239437	0.423038728897716	NA
ENST00000023897	63	457	6	13	19	0.315789473684211	0.746478873239437	0.423038728897716	NA
ENST00000023897	64	457	6	14	20	0.3	0.752112676056338	0.398876404494382	NA
ENST00000023897	65	457	6	14	20	0.3	0.757746478873239	0.395910780669145	NA
ENST00000023897	66	457	6	14	20	0.3	0.759887005649718	0.394795539033457	NA
ENST00000023897	67	457	5	14	19	0.263157894736842	0.762039660056657	0.34533359420857	NA
ENST00000023897	68	457	5	13	18	0.277777777777778	0.756373937677054	0.367249271743654	NA
ENST00000023897	69	457	6	13	19	0.315789473684211	0.757062146892655	0.417124901806756	NA
ENST00000023897	70	457	6	13	19	0.315789473684211	0.76271186440678	0.414035087719298	NA
ENST00000023897	71	457	6	13	19	0.315789473684211	0.765536723163842	0.412507282967567	NA
ENST00000023897	72	457	6	13	19	0.315789473684211	0.765536723163842	0.412507282967567	NA
ENST00000023897	73	457	6	13	19	0.315789473684211	0.771186440677966	0.409485251590515	NA
ENST00000023897	74	457	7	13	20	0.35	0.76685393258427	0.456410256410256	NA
ENST00000023897	75	457	6	14	20	0.3	0.766197183098592	0.391544117647059	NA
ENST00000023897	76	457	6	15	21	0.285714285714286	0.766197183098592	0.372899159663866	NA
ENST00000023897	77	457	6	14	20	0.3	0.773371104815864	0.387912087912088	NA
ENST00000023897	78	457	6	14	20	0.3	0.78125	0.384	NA
ENST00000023897	79	457	5	14	19	0.263157894736842	0.784702549575071	0.335360060801824	NA
ENST00000023897	80	457	5	14	19	0.263157894736842	0.789772727272727	0.333207118515714	NA
ENST00000023897	81	457	5	15	20	0.25	0.793201133144476	0.315178571428571	NA
ENST00000023897	82	457	5	13	18	0.277777777777778	0.792613636363636	0.350457984866587	NA
ENST00000023897	83	457	4	12	16	0.25	0.798295454545455	0.313167259786477	NA
ENST00000023897	84	457	4	13	17	0.235294117647059	0.798866855524079	0.29453483521068	NA
ENST00000023897	85	457	3	13	16	0.1875	0.803977272727273	0.23321554770318	NA
ENST00000023897	86	457	3	14	17	0.176470588235294	0.803418803418803	0.219649561952441	NA
ENST00000023897	87	457	3	14	17	0.176470588235294	0.803418803418803	0.219649561952441	NA
ENST00000023897	88	457	3	12	15	0.2	0.806818181818182	0.247887323943662	NA
ENST00000023897	89	457	3	11	14	0.214285714285714	0.806818181818182	0.265593561368209	NA
ENST00000023897	90	457	3	11	14	0.214285714285714	0.801699716713881	0.267289247854619	NA
ENST00000023897	91	457	3	11	14	0.214285714285714	0.801699716713881	0.267289247854619	NA
ENST00000023897	92	457	2	11	13	0.153846153846154	0.793201133144476	0.193956043956044	NA
ENST00000023897	93	457	2	10	12	0.166666666666667	0.792022792022792	0.210431654676259	NA
ENST00000023897	94	457	2	10	12	0.166666666666667	0.792022792022792	0.210431654676259	NA
ENST00000023897	95	457	3	9	12	0.25	0.797720797720798	0.313392857142857	NA
ENST00000023897	96	457	3	9	12	0.25	0.794871794871795	0.314516129032258	NA
ENST00000023897	97	457	3	8	11	0.272727272727273	0.797720797720798	0.341883116883117	NA
ENST00000023897	98	457	3	9	12	0.25	0.792022792022792	0.315647482014388	NA
ENST00000023897	99	457	3	9	12	0.25	0.798295454545455	0.313167259786477	NA
ENST00000023897	100	457	2	8	10	0.2	0.803418803418803	0.248936170212766	NA
ENST00000023897	101	457	2	9	11	0.181818181818182	0.806267806267806	0.22550594282043	NA
ENST00000023897	102	457	3	9	12	0.25	0.814814814814815	0.306818181818182	NA
ENST00000023897	103	457	3	9	12	0.25	0.809116809116809	0.308978873239437	NA
ENST00000023897	104	457	3	8	11	0.272727272727273	0.803418803418803	0.339458413926499	NA
ENST00000023897	105	457	2	8	10	0.2	0.803418803418803	0.248936170212766	NA
ENST00000023897	106	457	2	7	9	0.222222222222222	0.794871794871795	0.279569892473118	NA
ENST00000023897	107	457	2	6	8	0.25	0.795454545454545	0.314285714285714	NA
ENST00000023897	108	457	2	6	8	0.25	0.796610169491525	0.313829787234043	NA
ENST00000023897	109	457	2	6	8	0.25	0.80225988700565	0.311619718309859	NA
ENST00000023897	110	457	2	6	8	0.25	0.805084745762712	0.310526315789474	NA
ENST00000023897	111	457	2	7	9	0.222222222222222	0.798866855524079	0.278171788810087	NA
ENST00000023897	112	457	2	6	8	0.25	0.803977272727273	0.31095406360424	NA
ENST00000023897	113	457	2	7	9	0.222222222222222	0.803418803418803	0.276595744680851	NA
ENST00000023897	114	457	3	7	10	0.3	0.796561604584527	0.376618705035971	NA
ENST00000023897	115	457	3	7	10	0.3	0.796561604584527	0.376618705035971	NA
ENST00000023897	116	457	3	8	11	0.272727272727273	0.791428571428572	0.344601247128323	NA
ENST00000023897	117	457	3	7	10	0.3	0.791428571428572	0.379061371841155	NA
ENST00000023897	118	457	3	7	10	0.3	0.789772727272727	0.379856115107914	NA
ENST00000023897	119	457	3	7	10	0.3	0.793201133144476	0.378214285714286	NA
ENST00000023897	120	457	3	7	10	0.3	0.787535410764873	0.380935251798561	NA
ENST00000023897	121	457	3	8	11	0.272727272727273	0.790960451977401	0.344805194805195	NA
ENST00000023897	122	457	3	8	11	0.272727272727273	0.788135593220339	0.346041055718475	NA
ENST00000023897	123	457	3	8	11	0.272727272727273	0.792134831460674	0.344294003868472	NA
ENST00000023897	124	457	5	8	13	0.384615384615385	0.792134831460674	0.485542825968358	NA
ENST00000023897	125	457	6	8	14	0.428571428571429	0.786516853932584	0.544897959183674	NA
ENST00000023897	126	457	5	8	13	0.384615384615385	0.778711484593838	0.493912562257886	NA
ENST00000023897	127	457	6	8	14	0.428571428571429	0.776536312849162	0.551901336073998	NA
ENST00000023897	128	457	6	9	15	0.4	0.779329608938548	0.51326164874552	NA
ENST00000023897	129	457	6	8	14	0.428571428571429	0.770949720670391	0.555900621118012	NA
ENST00000023897	130	457	6	8	14	0.428571428571429	0.775910364145658	0.552346570397112	NA
ENST00000023897	131	457	6	10	16	0.375	0.781512605042017	0.479838709677419	NA
ENST00000023897	132	457	6	10	16	0.375	0.781512605042017	0.479838709677419	NA
ENST00000023897	133	457	5	11	16	0.3125	0.784313725490196	0.3984375	NA
ENST00000023897	134	457	5	11	16	0.3125	0.784916201117318	0.398131672597865	NA
ENST00000023897	135	457	5	11	16	0.3125	0.776536312849162	0.402428057553957	NA
ENST00000023897	136	457	5	12	17	0.294117647058824	0.775280898876405	0.379369138959932	NA
ENST00000023897	137	457	5	13	18	0.277777777777778	0.778089887640449	0.356999598876855	NA
ENST00000023897	138	457	6	14	20	0.3	0.778089887640449	0.385559566787004	NA
ENST00000023897	139	457	6	14	20	0.3	0.780898876404494	0.384172661870504	NA
ENST00000023897	140	457	6	14	20	0.3	0.77247191011236	0.388363636363636	NA
ENST00000023897	141	457	6	14	20	0.3	0.767507002801121	0.390875912408759	NA
ENST00000023897	142	457	6	13	19	0.315789473684211	0.764705882352941	0.412955465587045	NA
ENST00000023897	143	457	6	13	19	0.315789473684211	0.759776536312849	0.415634674922601	NA
ENST00000023897	144	457	6	12	18	0.333333333333333	0.759776536312849	0.438725490196078	NA
ENST00000023897	145	457	5	12	17	0.294117647058824	0.764705882352941	0.384615384615385	NA
ENST00000023897	146	457	5	11	16	0.3125	0.764044943820225	0.409007352941176	NA
ENST00000023897	147	457	5	10	15	0.333333333333333	0.764044943820225	0.436274509803922	NA
ENST00000023897	148	457	5	10	15	0.333333333333333	0.76685393258427	0.434676434676435	NA
ENST00000023897	149	457	5	10	15	0.333333333333333	0.76685393258427	0.434676434676435	NA
ENST00000023897	150	457	5	10	15	0.333333333333333	0.763380281690141	0.436654366543665	NA
ENST00000023897	151	457	5	11	16	0.3125	0.76271186440678	0.409722222222222	NA
ENST00000023897	152	457	6	11	17	0.352941176470588	0.769014084507042	0.458952811893988	NA
ENST00000023897	153	457	6	10	16	0.375	0.769662921348315	0.487226277372263	NA
ENST00000023897	154	457	6	10	16	0.375	0.764705882352941	0.490384615384615	NA
ENST00000023897	155	457	4	10	14	0.285714285714286	0.774373259052925	0.36896197327852	NA
ENST00000023897	156	457	3	11	14	0.214285714285714	0.779944289693593	0.274744897959184	NA
ENST00000023897	157	457	3	11	14	0.214285714285714	0.779944289693593	0.274744897959184	NA
ENST00000023897	158	457	2	12	14	0.142857142857143	0.779944289693593	0.183163265306122	NA
ENST00000023897	159	457	2	11	13	0.153846153846154	0.774373259052925	0.198671831765357	NA
ENST00000023897	160	457	2	11	13	0.153846153846154	0.770949720670391	0.199554069119287	NA
ENST00000023897	161	457	2	11	13	0.153846153846154	0.770949720670391	0.199554069119287	NA
ENST00000023897	162	457	3	10	13	0.230769230769231	0.759776536312849	0.303733031674208	NA
ENST00000023897	163	457	3	9	12	0.25	0.764705882352941	0.326923076923077	NA
ENST00000023897	164	457	3	8	11	0.272727272727273	0.764705882352941	0.356643356643357	NA
ENST00000023897	165	457	3	8	11	0.272727272727273	0.759103641456583	0.359275410935928	NA
ENST00000023897	166	457	3	10	13	0.230769230769231	0.764705882352941	0.301775147928994	NA
ENST00000023897	167	457	3	10	13	0.230769230769231	0.771830985915493	0.298989331836047	NA
ENST00000023897	168	457	3	9	12	0.25	0.774647887323944	0.322727272727273	NA
ENST00000023897	169	457	2	8	10	0.2	0.776203966005666	0.257664233576642	NA
ENST00000023897	170	457	2	8	10	0.2	0.776203966005666	0.257664233576642	NA
ENST00000023897	171	457	2	8	10	0.2	0.773371104815864	0.258608058608059	NA
ENST00000023897	172	457	3	8	11	0.272727272727273	0.767705382436261	0.355249916135525	NA
ENST00000023897	173	457	3	8	11	0.272727272727273	0.772727272727273	0.352941176470588	NA
ENST00000023897	174	457	3	8	11	0.272727272727273	0.772727272727273	0.352941176470588	NA
ENST00000023897	175	457	3	8	11	0.272727272727273	0.770538243626062	0.35394385026738	NA
ENST00000023897	176	457	3	8	11	0.272727272727273	0.777777777777778	0.350649350649351	NA
ENST00000023897	177	457	3	8	11	0.272727272727273	0.778409090909091	0.35036496350365	NA
ENST00000023897	178	457	3	8	11	0.272727272727273	0.785714285714286	0.347107438016529	NA
ENST00000023897	179	457	3	8	11	0.272727272727273	0.777142857142857	0.350935828877005	NA
ENST00000023897	180	457	3	8	11	0.272727272727273	0.776504297994269	0.351224421335122	NA
ENST00000023897	181	457	3	8	11	0.272727272727273	0.78448275862069	0.347652347652348	NA
ENST00000023897	182	457	4	7	11	0.363636363636364	0.78448275862069	0.463536463536464	NA
ENST00000023897	183	457	3	6	9	0.333333333333333	0.78448275862069	0.424908424908425	NA
ENST00000023897	184	457	3	6	9	0.333333333333333	0.782234957020057	0.426129426129426	NA
ENST00000023897	185	457	3	6	9	0.333333333333333	0.780979827089337	0.426814268142681	NA
ENST00000023897	186	457	5	6	11	0.454545454545455	0.775862068965517	0.585858585858586	NA
ENST00000023897	187	457	5	5	10	0.5	0.770773638968481	0.648698884758364	NA
ENST00000023897	188	457	5	5	10	0.5	0.770773638968481	0.648698884758364	NA
ENST00000023897	189	457	6	5	11	0.545454545454545	0.762177650429799	0.715652768284347	NA
ENST00000023897	190	457	6	5	11	0.545454545454545	0.761494252873563	0.716295025728988	NA
ENST00000023897	191	457	6	5	11	0.545454545454545	0.765042979942693	0.712972420837589	NA
ENST00000023897	192	457	6	5	11	0.545454545454545	0.759312320916906	0.718353344768439	NA
ENST00000023897	193	457	5	4	9	0.555555555555556	0.752161383285303	0.738612175393785	NA
ENST00000023897	194	457	5	4	9	0.555555555555556	0.746397694524496	0.744315744315744	NA
ENST00000023897	195	457	5	4	9	0.555555555555556	0.743515850144092	0.747200689061154	NA
ENST00000023897	196	457	6	5	11	0.545454545454545	0.740634005763689	0.736469755925009	NA
ENST00000023897	197	457	6	3	9	0.666666666666667	0.739884393063584	0.901041666666667	NA
ENST00000023897	198	457	6	2	8	0.75	0.744186046511628	1.0078125	NA
ENST00000023897	199	457	6	2	8	0.75	0.744186046511628	1.0078125	NA
ENST00000023897	200	457	6	2	8	0.75	0.744186046511628	1.0078125	NA
ENST00000023897	201	457	6	2	8	0.75	0.739130434782609	1.01470588235294	NA
ENST00000023897	202	457	6	2	8	0.75	0.738372093023256	1.01574803149606	NA
ENST00000023897	203	457	5	2	7	0.714285714285714	0.746355685131195	0.95703125	NA
ENST00000023897	204	457	5	2	7	0.714285714285714	0.741279069767442	0.963585434173669	NA
ENST00000023897	205	457	6	3	9	0.666666666666667	0.73546511627907	0.906455862977602	NA
ENST00000023897	206	457	6	3	9	0.666666666666667	0.742028985507246	0.8984375	NA
ENST00000023897	207	457	7	3	10	0.7	0.736231884057971	0.950787401574803	NA
ENST00000023897	208	457	7	3	10	0.7	0.73121387283237	0.957312252964427	NA
ENST00000023897	209	457	7	4	11	0.636363636363636	0.734104046242775	0.866857551896922	NA
ENST00000023897	210	457	8	4	12	0.666666666666667	0.729885057471264	0.913385826771654	NA
ENST00000023897	211	457	9	5	14	0.642857142857143	0.734870317002882	0.874789915966387	NA
ENST00000023897	212	457	9	5	14	0.642857142857143	0.73121387283237	0.879164313946923	NA
ENST00000023897	213	457	8	5	13	0.615384615384615	0.736994219653179	0.83499245852187	NA
ENST00000023897	214	457	9	5	14	0.642857142857143	0.731988472622478	0.878233970753656	NA
ENST00000023897	215	457	9	5	14	0.642857142857143	0.73121387283237	0.879164313946923	NA
ENST00000023897	216	457	9	5	14	0.642857142857143	0.736231884057971	0.873172103487064	NA
ENST00000023897	217	457	7	5	12	0.583333333333333	0.736231884057971	0.792322834645669	NA
ENST00000023897	218	457	7	6	13	0.538461538461538	0.73121387283237	0.736394040741867	NA
ENST00000023897	219	457	8	7	15	0.533333333333333	0.724137931034483	0.736507936507937	NA
ENST00000023897	220	457	7	6	13	0.538461538461538	0.732758620689655	0.734841628959276	NA
ENST00000023897	221	457	7	6	13	0.538461538461538	0.730659025787966	0.736953242835596	NA
ENST00000023897	222	457	7	7	14	0.5	0.725714285714286	0.688976377952756	NA
ENST00000023897	223	457	7	7	14	0.5	0.731428571428571	0.68359375	NA
ENST00000023897	224	457	7	7	14	0.5	0.737142857142857	0.678294573643411	NA
ENST00000023897	225	457	7	7	14	0.5	0.742857142857143	0.673076923076923	NA
ENST00000023897	226	457	8	7	15	0.533333333333333	0.746438746438746	0.714503816793893	NA
ENST00000023897	227	457	8	6	14	0.571428571428571	0.751428571428571	0.760456273764259	NA
ENST00000023897	228	457	8	7	15	0.533333333333333	0.753581661891118	0.707731305449937	NA
ENST00000023897	229	457	8	7	15	0.533333333333333	0.758620689655172	0.703030303030303	NA
ENST00000023897	230	457	8	7	15	0.533333333333333	0.761494252873563	0.700377358490566	NA
ENST00000023897	231	457	8	7	15	0.533333333333333	0.756446991404012	0.705050505050505	NA
ENST00000023897	232	457	8	7	15	0.533333333333333	0.755043227665706	0.706361323155216	NA
ENST00000023897	233	457	8	7	15	0.533333333333333	0.761494252873563	0.700377358490566	NA
ENST00000023897	234	457	9	7	16	0.5625	0.762857142857143	0.737359550561798	NA
ENST00000023897	235	457	9	7	16	0.5625	0.765714285714286	0.734608208955224	NA
ENST00000023897	236	457	8	6	14	0.571428571428571	0.773638968481375	0.738624338624339	NA
ENST00000023897	237	457	8	7	15	0.533333333333333	0.767908309455588	0.69452736318408	NA
ENST00000023897	238	457	7	7	14	0.5	0.767241379310345	0.651685393258427	NA
ENST00000023897	239	457	7	7	14	0.5	0.76	0.657894736842105	NA
ENST00000023897	240	457	7	6	13	0.538461538461538	0.754285714285714	0.713869463869464	NA
ENST00000023897	241	457	6	6	12	0.5	0.759312320916906	0.658490566037736	NA
ENST00000023897	242	457	5	5	10	0.5	0.762177650429799	0.656015037593985	NA
ENST00000023897	243	457	5	5	10	0.5	0.771428571428571	0.648148148148148	NA
ENST00000023897	244	457	5	5	10	0.5	0.766381766381766	0.652416356877323	NA
ENST00000023897	245	457	4	5	9	0.444444444444444	0.766381766381766	0.579925650557621	NA
ENST00000023897	246	457	4	5	9	0.444444444444444	0.769230769230769	0.577777777777778	NA
ENST00000023897	247	457	4	5	9	0.444444444444444	0.763532763532764	0.582089552238806	NA
ENST00000023897	248	457	4	5	9	0.444444444444444	0.762177650429799	0.58312447786132	NA
ENST00000023897	249	457	4	4	8	0.5	0.767908309455588	0.651119402985075	NA
ENST00000023897	250	457	3	3	6	0.5	0.765042979942693	0.653558052434457	NA
ENST00000023897	251	457	3	3	6	0.5	0.765042979942693	0.653558052434457	NA
ENST00000023897	252	457	3	3	6	0.5	0.765714285714286	0.652985074626866	NA
ENST00000023897	253	457	3	2	5	0.6	0.774285714285714	0.774907749077491	NA
ENST00000023897	254	457	3	3	6	0.5	0.768571428571429	0.650557620817844	NA
ENST00000023897	255	457	3	3	6	0.5	0.774285714285714	0.645756457564576	NA
ENST00000023897	256	457	3	3	6	0.5	0.777142857142857	0.643382352941177	NA
ENST00000023897	257	457	2	3	5	0.4	0.777142857142857	0.514705882352941	NA
ENST00000023897	258	457	1	3	4	0.25	0.772727272727273	0.323529411764706	NA
ENST00000023897	259	457	1	2	3	0.333333333333333	0.772727272727273	0.431372549019608	NA
ENST00000023897	260	457	1	2	3	0.333333333333333	0.772727272727273	0.431372549019608	NA
ENST00000023897	261	457	1	2	3	0.333333333333333	0.764204545454545	0.436183395291202	NA
ENST00000023897	262	457	1	3	4	0.25	0.766381766381766	0.326208178438662	NA
ENST00000023897	263	457	1	4	5	0.2	0.766381766381766	0.260966542750929	NA
ENST00000023897	264	457	2	4	6	0.333333333333333	0.760683760683761	0.438202247191011	NA
ENST00000023897	265	457	1	5	6	0.166666666666667	0.760683760683761	0.219101123595506	NA
ENST00000023897	266	457	1	5	6	0.166666666666667	0.754285714285714	0.220959595959596	NA
ENST00000023897	267	457	1	6	7	0.142857142857143	0.752136752136752	0.189935064935065	NA
ENST00000023897	268	457	1	5	6	0.166666666666667	0.747159090909091	0.223067173637516	NA
ENST00000023897	269	457	1	5	6	0.166666666666667	0.745042492917847	0.223700887198986	NA
ENST00000023897	270	457	1	5	6	0.166666666666667	0.740112994350282	0.225190839694657	NA
ENST00000023897	271	457	1	5	6	0.166666666666667	0.73728813559322	0.226053639846743	NA
ENST00000023897	272	457	1	5	6	0.166666666666667	0.73728813559322	0.226053639846743	NA
ENST00000023897	273	457	1	5	6	0.166666666666667	0.741573033707865	0.224747474747475	NA
ENST00000023897	274	457	1	5	6	0.166666666666667	0.735955056179775	0.2264631043257	NA
ENST00000023897	275	457	1	5	6	0.166666666666667	0.735955056179775	0.2264631043257	NA
ENST00000023897	276	457	1	7	8	0.125	0.735211267605634	0.170019157088123	NA
ENST00000023897	277	457	1	7	8	0.125	0.735955056179775	0.169847328244275	NA
ENST00000023897	278	457	2	7	9	0.222222222222222	0.73876404494382	0.300802703844529	NA
ENST00000023897	279	457	2	7	9	0.222222222222222	0.740223463687151	0.30020964360587	NA
ENST00000023897	280	457	2	7	9	0.222222222222222	0.743016759776536	0.299081035923141	NA
ENST00000023897	281	457	2	8	10	0.2	0.745098039215686	0.268421052631579	NA
ENST00000023897	282	457	2	8	10	0.2	0.745810055865922	0.268164794007491	NA
ENST00000023897	283	457	2	8	10	0.2	0.743016759776536	0.269172932330827	NA
ENST00000023897	284	457	2	8	10	0.2	0.73463687150838	0.272243346007605	NA
ENST00000023897	285	457	2	7	9	0.222222222222222	0.73463687150838	0.302492606675116	NA
ENST00000023897	286	457	2	7	9	0.222222222222222	0.739495798319328	0.300505050505051	NA
ENST00000023897	287	457	2	7	9	0.222222222222222	0.736694677871149	0.301647655259823	NA
ENST00000023897	288	457	2	7	9	0.222222222222222	0.736694677871149	0.301647655259823	NA
ENST00000023897	289	457	2	8	10	0.2	0.742296918767507	0.269433962264151	NA
ENST00000023897	290	457	2	8	10	0.2	0.737430167597765	0.271212121212121	NA
ENST00000023897	291	457	2	8	10	0.2	0.737430167597765	0.271212121212121	NA
ENST00000023897	292	457	2	8	10	0.2	0.737430167597765	0.271212121212121	NA
ENST00000023897	293	457	2	7	9	0.222222222222222	0.740223463687151	0.30020964360587	NA
ENST00000023897	294	457	2	6	8	0.25	0.738888888888889	0.338345864661654	NA
ENST00000023897	295	457	1	6	7	0.142857142857143	0.745810055865922	0.191546281433922	NA
ENST00000023897	296	457	1	5	6	0.166666666666667	0.745810055865922	0.223470661672909	NA
ENST00000023897	297	457	1	5	6	0.166666666666667	0.746518105849582	0.223258706467662	NA
ENST00000023897	298	457	1	4	5	0.2	0.741666666666667	0.269662921348315	NA
ENST00000023897	299	457	1	4	5	0.2	0.741666666666667	0.269662921348315	NA
ENST00000023897	300	457	1	4	5	0.2	0.746518105849582	0.267910447761194	NA
ENST00000023897	301	457	1	4	5	0.2	0.750700280112045	0.266417910447761	NA
ENST00000023897	302	457	1	4	5	0.2	0.750700280112045	0.266417910447761	NA
ENST00000023897	303	457	1	5	6	0.166666666666667	0.754189944134078	0.220987654320988	NA
ENST00000023897	304	457	1	5	6	0.166666666666667	0.754189944134078	0.220987654320988	NA
ENST00000023897	305	457	1	5	6	0.166666666666667	0.759776536312849	0.219362745098039	NA
ENST00000023897	306	457	1	5	6	0.166666666666667	0.752808988764045	0.221393034825871	NA
ENST00000023897	307	457	1	5	6	0.166666666666667	0.753501400560224	0.221189591078067	NA
ENST00000023897	308	457	1	5	6	0.166666666666667	0.750700280112045	0.222014925373134	NA
ENST00000023897	309	457	0	6	6	0	0.753501400560224	0	NA
ENST00000023897	310	457	0	6	6	0	0.758426966292135	0	NA
ENST00000023897	311	457	0	6	6	0	0.764044943820225	0	NA
ENST00000023897	312	457	0	5	5	0	0.764044943820225	0	NA
ENST00000023897	313	457	0	5	5	0	0.764044943820225	0	NA
ENST00000023897	314	457	0	5	5	0	0.75561797752809	0	NA
ENST00000023897	315	457	0	5	5	0	0.76123595505618	0	NA
ENST00000023897	316	457	0	5	5	0	0.765536723163842	0	NA
ENST00000023897	317	457	0	5	5	0	0.769014084507042	0	NA
ENST00000023897	318	457	0	7	7	0	0.763380281690141	0	NA
ENST00000023897	319	457	0	8	8	0	0.765536723163842	0	NA
ENST00000023897	320	457	0	7	7	0	0.762039660056657	0	NA
ENST00000023897	321	457	0	8	8	0	0.762039660056657	0	NA
ENST00000023897	322	457	0	8	8	0	0.764204545454545	0	NA
ENST00000023897	323	457	1	8	9	0.111111111111111	0.758522727272727	0.146483562213899	NA
ENST00000023897	324	457	1	8	9	0.111111111111111	0.765714285714286	0.145107794361526	NA
ENST00000023897	325	457	2	8	10	0.2	0.771428571428571	0.259259259259259	NA
ENST00000023897	326	457	2	8	10	0.2	0.771428571428571	0.259259259259259	NA
ENST00000023897	327	457	2	9	11	0.181818181818182	0.771428571428571	0.235690235690236	NA
ENST00000023897	328	457	2	10	12	0.166666666666667	0.777142857142857	0.214460784313725	NA
ENST00000023897	329	457	2	10	12	0.166666666666667	0.777142857142857	0.214460784313725	NA
ENST00000023897	330	457	2	10	12	0.166666666666667	0.772727272727273	0.215686274509804	NA
ENST00000023897	331	457	2	10	12	0.166666666666667	0.772727272727273	0.215686274509804	NA
ENST00000023897	332	457	2	10	12	0.166666666666667	0.777777777777778	0.214285714285714	NA
ENST00000023897	333	457	2	10	12	0.166666666666667	0.782857142857143	0.212895377128954	NA
ENST00000023897	334	457	2	9	11	0.181818181818182	0.774285714285714	0.234820530023482	NA
ENST00000023897	335	457	2	9	11	0.181818181818182	0.773638968481375	0.235016835016835	NA
ENST00000023897	336	457	2	9	11	0.181818181818182	0.771428571428571	0.235690235690236	NA
ENST00000023897	337	457	2	9	11	0.181818181818182	0.765714285714286	0.237449118046133	NA
ENST00000023897	338	457	2	7	9	0.222222222222222	0.767908309455588	0.2893864013267	NA
ENST00000023897	339	457	3	7	10	0.3	0.773638968481375	0.387777777777778	NA
ENST00000023897	340	457	3	6	9	0.333333333333333	0.773638968481375	0.430864197530864	NA
ENST00000023897	341	457	3	6	9	0.333333333333333	0.768571428571429	0.433705080545229	NA
ENST00000023897	342	457	5	6	11	0.454545454545455	0.767045454545455	0.592592592592593	NA
ENST00000023897	343	457	5	6	11	0.454545454545455	0.772079772079772	0.588728614558873	NA
ENST00000023897	344	457	5	6	11	0.454545454545455	0.771428571428571	0.589225589225589	NA
ENST00000023897	345	457	7	6	13	0.538461538461538	0.777142857142857	0.692873303167421	NA
ENST00000023897	346	457	7	6	13	0.538461538461538	0.777142857142857	0.692873303167421	NA
ENST00000023897	347	457	7	7	14	0.5	0.778409090909091	0.642335766423358	NA
ENST00000023897	348	457	7	7	14	0.5	0.782857142857143	0.638686131386861	NA
ENST00000023897	349	457	7	5	12	0.583333333333333	0.785714285714286	0.742424242424242	NA
ENST00000023897	350	457	9	4	13	0.692307692307692	0.782857142857143	0.884334643458731	NA
ENST00000023897	351	457	10	4	14	0.714285714285714	0.777777777777778	0.918367346938776	NA
ENST00000023897	352	457	10	3	13	0.769230769230769	0.772079772079772	0.996309963099631	NA
ENST00000023897	353	457	10	4	14	0.714285714285714	0.772079772079772	0.925144965735372	NA
ENST00000023897	354	457	11	4	15	0.733333333333333	0.777777777777778	0.942857142857143	NA
ENST00000023897	355	457	11	4	15	0.733333333333333	0.782234957020057	0.937484737484737	NA
ENST00000023897	356	457	10	4	14	0.714285714285714	0.776504297994269	0.91987348444913	NA
ENST00000023897	357	457	10	4	14	0.714285714285714	0.772079772079772	0.925144965735372	NA
ENST00000023897	358	457	10	3	13	0.769230769230769	0.772079772079772	0.996309963099631	NA
ENST00000023897	359	457	10	3	13	0.769230769230769	0.774285714285714	0.99347147317627	NA
ENST00000023897	360	457	10	3	13	0.769230769230769	0.769230769230769	1	NA
ENST00000023897	361	457	11	4	15	0.733333333333333	0.769886363636364	0.952521525215252	NA
ENST00000023897	362	457	12	4	16	0.75	0.769886363636364	0.974169741697417	NA
ENST00000023897	363	457	12	4	16	0.75	0.771186440677966	0.972527472527472	NA
ENST00000023897	364	457	12	6	18	0.666666666666667	0.771186440677966	0.864468864468864	NA
ENST00000023897	365	457	12	6	18	0.666666666666667	0.764044943820225	0.872549019607843	NA
ENST00000023897	366	457	12	6	18	0.666666666666667	0.759887005649718	0.877323420074349	NA
ENST00000023897	367	457	12	7	19	0.631578947368421	0.759887005649718	0.831148503228331	NA
ENST00000023897	368	457	13	7	20	0.65	0.754929577464789	0.861007462686567	NA
ENST00000023897	369	457	15	9	24	0.625	0.752112676056338	0.830992509363296	NA
ENST00000023897	370	457	14	10	24	0.583333333333333	0.752112676056338	0.775593008739076	NA
ENST00000023897	371	457	15	11	26	0.576923076923077	0.757062146892655	0.762055109070034	NA
ENST00000023897	372	457	15	11	26	0.576923076923077	0.76271186440678	0.756410256410256	NA
ENST00000023897	373	457	13	11	24	0.541666666666667	0.757746478873239	0.714838909541512	NA
ENST00000023897	374	457	13	11	24	0.541666666666667	0.752808988764045	0.71952736318408	NA
ENST00000023897	375	457	13	11	24	0.541666666666667	0.75561797752809	0.716852540272615	NA
ENST00000023897	376	457	12	11	23	0.521739130434783	0.75561797752809	0.690480038791013	NA
ENST00000023897	377	457	12	11	23	0.521739130434783	0.750700280112045	0.695003244646334	NA
ENST00000023897	378	457	12	11	23	0.521739130434783	0.75561797752809	0.690480038791013	NA
ENST00000023897	379	457	13	11	24	0.541666666666667	0.75561797752809	0.716852540272615	NA
ENST00000023897	380	457	13	11	24	0.541666666666667	0.75	0.722222222222222	NA
ENST00000023897	381	457	11	11	22	0.5	0.754929577464789	0.662313432835821	NA
ENST00000023897	382	457	10	11	21	0.476190476190476	0.754929577464789	0.630774697938877	NA
ENST00000023897	383	457	10	11	21	0.476190476190476	0.757062146892655	0.628997867803838	NA
ENST00000023897	384	457	10	10	20	0.5	0.752112676056338	0.664794007490637	NA
ENST00000023897	385	457	8	10	18	0.444444444444444	0.752112676056338	0.590928006658344	NA
ENST00000023897	386	457	11	10	21	0.523809523809524	0.746478873239437	0.701707097933513	NA
ENST00000023897	387	457	12	11	23	0.521739130434783	0.740845070422535	0.704248636138205	NA
ENST00000023897	388	457	14	11	25	0.56	0.745762711864407	0.750909090909091	NA
ENST00000023897	389	457	15	12	27	0.555555555555556	0.741573033707865	0.749158249158249	NA
ENST00000023897	390	457	15	11	26	0.576923076923077	0.746478873239437	0.772859216255443	NA
ENST00000023897	391	457	15	12	27	0.555555555555556	0.751412429378531	0.739348370927318	NA
ENST00000023897	392	457	14	11	25	0.56	0.751412429378531	0.745263157894737	NA
ENST00000023897	393	457	13	11	24	0.541666666666667	0.757062146892655	0.715485074626866	NA
ENST00000023897	394	457	15	11	26	0.576923076923077	0.76271186440678	0.756410256410256	NA
ENST00000023897	395	457	16	9	25	0.64	0.76271186440678	0.839111111111111	NA
ENST00000023897	396	457	16	9	25	0.64	0.758426966292135	0.843851851851852	NA
ENST00000023897	397	457	17	10	27	0.62962962962963	0.764044943820225	0.824074074074074	NA
ENST00000023897	398	457	17	9	26	0.653846153846154	0.769014084507042	0.850239504085658	NA
ENST00000023897	399	457	16	9	25	0.64	0.766197183098592	0.835294117647059	NA
ENST00000023897	400	457	14	7	21	0.666666666666667	0.769662921348315	0.8661800486618	NA
ENST00000023897	401	457	14	6	20	0.7	0.766197183098592	0.913602941176471	NA
ENST00000023897	402	457	13	5	18	0.722222222222222	0.76056338028169	0.949588477366255	NA
ENST00000023897	403	457	14	5	19	0.736842105263158	0.759206798866856	0.970542026708562	NA
ENST00000023897	404	457	14	5	19	0.736842105263158	0.755681818181818	0.975069252077562	NA
ENST00000023897	405	457	14	5	19	0.736842105263158	0.758522727272727	0.971417307313227	NA
ENST00000023897	406	457	14	6	20	0.7	0.758522727272727	0.922846441947565	NA
ENST00000023897	407	457	13	8	21	0.619047619047619	0.76271186440678	0.811640211640212	NA
ENST00000023897	408	457	13	9	22	0.590909090909091	0.76271186440678	0.774747474747475	NA
ENST00000023897	409	457	13	8	21	0.619047619047619	0.759887005649718	0.81465746149761	NA
ENST00000023897	410	457	12	8	20	0.6	0.754237288135593	0.795505617977528	NA
ENST00000023897	411	457	12	8	20	0.6	0.759887005649718	0.789591078066914	NA
ENST00000023897	412	457	12	8	20	0.6	0.754237288135593	0.795505617977528	NA
ENST00000023897	413	457	13	9	22	0.590909090909091	0.751412429378531	0.786397812713602	NA
ENST00000023897	414	457	13	9	22	0.590909090909091	0.757062146892655	0.780529172320217	NA
ENST00000023897	415	457	13	9	22	0.590909090909091	0.76271186440678	0.774747474747475	NA
ENST00000023897	416	457	13	9	22	0.590909090909091	0.761363636363636	0.776119402985075	NA
ENST00000023897	417	457	10	9	19	0.526315789473684	0.756373937677054	0.695840725409028	NA
ENST00000023897	418	457	10	8	18	0.555555555555556	0.760683760683761	0.730337078651686	NA
ENST00000023897	419	457	8	8	16	0.5	0.762857142857143	0.655430711610487	NA
ENST00000023897	420	457	7	7	14	0.5	0.757834757834758	0.659774436090226	NA
ENST00000023897	421	457	7	7	14	0.5	0.757834757834758	0.659774436090226	NA
ENST00000023897	422	457	7	6	13	0.538461538461538	0.757142857142857	0.711175616835994	NA
ENST00000023897	423	457	7	6	13	0.538461538461538	0.758620689655172	0.70979020979021	NA
ENST00000023897	424	457	7	6	13	0.538461538461538	0.759312320916906	0.709143686502177	NA
ENST00000023897	425	457	5	6	11	0.454545454545455	0.761494252873563	0.596912521440823	NA
ENST00000023897	426	457	5	8	13	0.384615384615385	0.761494252873563	0.505079825834543	NA
ENST00000023897	427	457	6	8	14	0.428571428571429	0.761494252873563	0.562803234501348	NA
ENST00000023897	428	457	5	7	12	0.416666666666667	0.76657060518732	0.543546365914787	NA
ENST00000023897	429	457	5	7	12	0.416666666666667	0.758620689655172	0.549242424242424	NA
ENST00000023897	430	457	5	7	12	0.416666666666667	0.763688760806916	0.54559748427673	NA
ENST00000023897	431	457	5	7	12	0.416666666666667	0.758620689655172	0.549242424242424	NA
ENST00000023897	432	457	5	7	12	0.416666666666667	0.753581661891118	0.552915082382763	NA
ENST00000023897	433	457	5	7	12	0.416666666666667	0.753581661891118	0.552915082382763	NA
ENST00000023897	434	457	5	8	13	0.384615384615385	0.74785100286533	0.51429413498379	NA
ENST00000023897	435	457	6	9	15	0.4	0.74785100286533	0.534865900383142	NA
ENST00000023897	436	457	7	9	16	0.4375	0.747126436781609	0.585576923076923	NA
ENST00000023897	437	457	8	8	16	0.5	0.749262536873156	0.667322834645669	NA
ENST00000023897	438	457	10	6	16	0.625	0.745454545454546	0.838414634146341	NA
ENST00000023897	439	457	11	5	16	0.6875	0.742236024844721	0.926255230125523	NA
ENST00000023897	440	457	11	6	17	0.647058823529412	0.741214057507987	0.872971602434077	NA
ENST00000023897	441	457	12	6	18	0.666666666666667	0.736842105263158	0.904761904761905	NA
ENST00000023897	442	457	12	6	18	0.666666666666667	0.743243243243243	0.896969696969697	NA
ENST00000023897	443	457	12	6	18	0.666666666666667	0.749128919860627	0.889922480620155	NA
ENST00000023897	444	457	11	5	16	0.6875	0.753571428571429	0.912322274881517	NA
ENST00000023897	445	457	11	5	16	0.6875	0.753676470588235	0.91219512195122	NA
ENST00000023897	446	457	11	5	16	0.6875	0.752851711026616	0.913194444444444	NA
ENST00000023897	447	457	11	5	16	0.6875	0.755905511811024	0.909505208333333	NA
ENST00000023897	448	457	11	5	16	0.6875	0.751020408163265	0.915421195652174	NA
ENST00000023897	449	457	10	5	15	0.666666666666667	0.754237288135593	0.883895131086142	NA
ENST00000023897	450	457	10	5	15	0.666666666666667	0.762114537444934	0.8747591522158	NA
ENST00000023897	451	457	10	5	15	0.666666666666667	0.770642201834862	0.865079365079365	NA
ENST00000023897	452	457	10	5	15	0.666666666666667	0.76555023923445	0.870833333333333	NA
ENST00000023897	453	457	10	5	15	0.666666666666667	0.771144278606965	0.864516129032258	NA
ENST00000023897	454	457	10	5	15	0.666666666666667	0.770833333333333	0.864864864864865	NA
ENST00000023897	455	457	10	5	15	0.666666666666667	0.765027322404372	0.871428571428572	NA
ENST00000023897	456	457	10	5	15	0.666666666666667	0.758620689655172	0.878787878787879	NA
