# GENE: GABRB2
# TOTALSCORE=2143
# LEN=512
# MEAN(SCORE)=4.19
# STD(SCORE)=3.75
# MEDIAN(SCORE)=3
# SCORE>0=0.76
# MEAN(GREATER>0)=5.51
# STD(SCORE>0)=3.35
# MEDIAN(SCORE>0)=5
# MAXSCORES=0.10
#POS	AA	SCORE	SCORE-MEDIAN	(SCORE-MEDIAN)/STD	SCORE-MEAN	(SCORE-MEAN)/STD
1	M	0	-3	-0.80	-4.19	-1.12
2	W	0	-3	-0.80	-4.19	-1.12
3	R	0	-3	-0.80	-4.19	-1.12
4	V	1	-2	-0.53	-3.19	-0.85
5	R	3	0	0.00	-1.19	-0.32
6	K	3	0	0.00	-1.19	-0.32
7	R	2	-1	-0.27	-2.19	-0.58
8	G	0	-3	-0.80	-4.19	-1.12
9	Y	0	-3	-0.80	-4.19	-1.12
10	F	0	-3	-0.80	-4.19	-1.12
11	G	0	-3	-0.80	-4.19	-1.12
12	I	0	-3	-0.80	-4.19	-1.12
13	W	7	4	1.07	2.81	0.75
14	S	0	-3	-0.80	-4.19	-1.12
15	F	0	-3	-0.80	-4.19	-1.12
16	P	0	-3	-0.80	-4.19	-1.12
17	L	0	-3	-0.80	-4.19	-1.12
18	I	2	-1	-0.27	-2.19	-0.58
19	I	2	-1	-0.27	-2.19	-0.58
20	A	1	-2	-0.53	-3.19	-0.85
21	A	1	-2	-0.53	-3.19	-0.85
22	V	1	-2	-0.53	-3.19	-0.85
23	C	2	-1	-0.27	-2.19	-0.58
24	A	1	-2	-0.53	-3.19	-0.85
25	Q	2	-1	-0.27	-2.19	-0.58
26	S	2	-1	-0.27	-2.19	-0.58
27	V	2	-1	-0.27	-2.19	-0.58
28	N	3	0	0.00	-1.19	-0.32
29	D	1	-2	-0.53	-3.19	-0.85
30	P	0	-3	-0.80	-4.19	-1.12
31	S	1	-2	-0.53	-3.19	-0.85
32	N	2	-1	-0.27	-2.19	-0.58
33	M	3	0	0.00	-1.19	-0.32
34	S	3	0	0.00	-1.19	-0.32
35	L	4	1	0.27	-0.19	-0.05
36	V	1	-2	-0.53	-3.19	-0.85
37	K	2	-1	-0.27	-2.19	-0.58
38	E	2	-1	-0.27	-2.19	-0.58
39	T	2	-1	-0.27	-2.19	-0.58
40	V	3	0	0.00	-1.19	-0.32
41	D	5	2	0.53	0.81	0.22
42	R	6	3	0.80	1.81	0.48
43	L	9	6	1.60	4.81	1.28
44	L	4	1	0.27	-0.19	-0.05
45	K	2	-1	-0.27	-2.19	-0.58
46	G	3	0	0.00	-1.19	-0.32
47	Y	5	2	0.53	0.81	0.22
48	D	5	2	0.53	0.81	0.22
49	I	1	-2	-0.53	-3.19	-0.85
50	R	3	0	0.00	-1.19	-0.32
51	L	8	5	1.33	3.81	1.02
52	R	11	8	2.13	6.81	1.82
53	P	11	8	2.13	6.81	1.82
54	D	5	2	0.53	0.81	0.22
55	F	8	5	1.33	3.81	1.02
56	G	5	2	0.53	0.81	0.22
57	G	11	8	2.13	6.81	1.82
58	P	2	-1	-0.27	-2.19	-0.58
59	P	7	4	1.07	2.81	0.75
60	V	9	6	1.60	4.81	1.28
61	A	3	0	0.00	-1.19	-0.32
62	V	9	6	1.60	4.81	1.28
63	G	3	0	0.00	-1.19	-0.32
64	M	8	5	1.33	3.81	1.02
65	N	3	0	0.00	-1.19	-0.32
66	I	9	6	1.60	4.81	1.28
67	D	3	0	0.00	-1.19	-0.32
68	I	9	6	1.60	4.81	1.28
69	A	4	1	0.27	-0.19	-0.05
70	S	11	8	2.13	6.81	1.82
71	I	8	5	1.33	3.81	1.02
72	D	4	1	0.27	-0.19	-0.05
73	M	3	0	0.00	-1.19	-0.32
74	V	9	6	1.60	4.81	1.28
75	S	6	3	0.80	1.81	0.48
76	E	7	4	1.07	2.81	0.75
77	V	5	2	0.53	0.81	0.22
78	N	8	5	1.33	3.81	1.02
79	M	11	8	2.13	6.81	1.82
80	D	9	6	1.60	4.81	1.28
81	Y	9	6	1.60	4.81	1.28
82	T	7	4	1.07	2.81	0.75
83	L	7	4	1.07	2.81	0.75
84	T	10	7	1.87	5.81	1.55
85	M	7	4	1.07	2.81	0.75
86	Y	9	6	1.60	4.81	1.28
87	F	8	5	1.33	3.81	1.02
88	Q	6	3	0.80	1.81	0.48
89	Q	6	3	0.80	1.81	0.48
90	A	3	0	0.00	-1.19	-0.32
91	W	11	8	2.13	6.81	1.82
92	R	5	2	0.53	0.81	0.22
93	D	11	8	2.13	6.81	1.82
94	K	2	-1	-0.27	-2.19	-0.58
95	R	11	8	2.13	6.81	1.82
96	L	11	8	2.13	6.81	1.82
97	S	3	0	0.00	-1.19	-0.32
98	Y	7	4	1.07	2.81	0.75
99	N	1	-2	-0.53	-3.19	-0.85
100	V	1	-2	-0.53	-3.19	-0.85
101	I	4	1	0.27	-0.19	-0.05
102	P	5	2	0.53	0.81	0.22
103	L	3	0	0.00	-1.19	-0.32
104	N	7	4	1.07	2.81	0.75
105	L	8	5	1.33	3.81	1.02
106	T	5	2	0.53	0.81	0.22
107	L	7	4	1.07	2.81	0.75
108	D	11	8	2.13	6.81	1.82
109	N	2	-1	-0.27	-2.19	-0.58
110	R	6	3	0.80	1.81	0.48
111	V	7	4	1.07	2.81	0.75
112	A	2	-1	-0.27	-2.19	-0.58
113	D	6	3	0.80	1.81	0.48
114	Q	3	0	0.00	-1.19	-0.32
115	L	10	7	1.87	5.81	1.55
116	W	11	8	2.13	6.81	1.82
117	V	5	2	0.53	0.81	0.22
118	P	11	8	2.13	6.81	1.82
119	D	11	8	2.13	6.81	1.82
120	T	6	3	0.80	1.81	0.48
121	Y	9	6	1.60	4.81	1.28
122	F	8	5	1.33	3.81	1.02
123	L	7	4	1.07	2.81	0.75
124	N	4	1	0.27	-0.19	-0.05
125	D	4	1	0.27	-0.19	-0.05
126	K	11	8	2.13	6.81	1.82
127	K	3	0	0.00	-1.19	-0.32
128	S	8	5	1.33	3.81	1.02
129	F	4	1	0.27	-0.19	-0.05
130	V	5	2	0.53	0.81	0.22
131	H	11	8	2.13	6.81	1.82
132	G	4	1	0.27	-0.19	-0.05
133	V	6	3	0.80	1.81	0.48
134	T	11	8	2.13	6.81	1.82
135	V	6	3	0.80	1.81	0.48
136	K	3	0	0.00	-1.19	-0.32
137	N	11	8	2.13	6.81	1.82
138	R	4	1	0.27	-0.19	-0.05
139	M	8	5	1.33	3.81	1.02
140	I	8	5	1.33	3.81	1.02
141	R	5	2	0.53	0.81	0.22
142	L	9	6	1.60	4.81	1.28
143	H	3	0	0.00	-1.19	-0.32
144	P	3	0	0.00	-1.19	-0.32
145	D	8	5	1.33	3.81	1.02
146	G	11	8	2.13	6.81	1.82
147	T	2	-1	-0.27	-2.19	-0.58
148	V	9	6	1.60	4.81	1.28
149	L	5	2	0.53	0.81	0.22
150	Y	6	3	0.80	1.81	0.48
151	G	8	5	1.33	3.81	1.02
152	L	9	6	1.60	4.81	1.28
153	R	11	8	2.13	6.81	1.82
154	I	9	6	1.60	4.81	1.28
155	T	9	6	1.60	4.81	1.28
156	T	5	2	0.53	0.81	0.22
157	T	5	2	0.53	0.81	0.22
158	A	7	4	1.07	2.81	0.75
159	A	6	3	0.80	1.81	0.48
160	C	11	8	2.13	6.81	1.82
161	M	1	-2	-0.53	-3.19	-0.85
162	M	9	6	1.60	4.81	1.28
163	D	11	8	2.13	6.81	1.82
164	L	8	5	1.33	3.81	1.02
165	R	3	0	0.00	-1.19	-0.32
166	R	3	0	0.00	-1.19	-0.32
167	Y	9	6	1.60	4.81	1.28
168	P	11	8	2.13	6.81	1.82
169	L	9	6	1.60	4.81	1.28
170	D	11	8	2.13	6.81	1.82
171	E	2	-1	-0.27	-2.19	-0.58
172	Q	11	8	2.13	6.81	1.82
173	N	3	0	0.00	-1.19	-0.32
174	C	11	8	2.13	6.81	1.82
175	T	3	0	0.00	-1.19	-0.32
176	L	9	6	1.60	4.81	1.28
177	E	4	1	0.27	-0.19	-0.05
178	I	9	6	1.60	4.81	1.28
179	E	11	8	2.13	6.81	1.82
180	S	11	8	2.13	6.81	1.82
181	Y	9	6	1.60	4.81	1.28
182	G	10	7	1.87	5.81	1.55
183	Y	11	8	2.13	6.81	1.82
184	T	7	4	1.07	2.81	0.75
185	T	3	0	0.00	-1.19	-0.32
186	D	5	2	0.53	0.81	0.22
187	D	11	8	2.13	6.81	1.82
188	I	9	6	1.60	4.81	1.28
189	E	3	0	0.00	-1.19	-0.32
190	F	7	4	1.07	2.81	0.75
191	Y	3	0	0.00	-1.19	-0.32
192	W	11	8	2.13	6.81	1.82
193	R	2	-1	-0.27	-2.19	-0.58
194	G	2	-1	-0.27	-2.19	-0.58
195	D	4	1	0.27	-0.19	-0.05
196	D	4	1	0.27	-0.19	-0.05
197	N	2	-1	-0.27	-2.19	-0.58
198	A	0	-3	-0.80	-4.19	-1.12
199	V	9	6	1.60	4.81	1.28
200	T	5	2	0.53	0.81	0.22
201	G	5	2	0.53	0.81	0.22
202	V	0	-3	-0.80	-4.19	-1.12
203	T	7	4	1.07	2.81	0.75
204	K	2	-1	-0.27	-2.19	-0.58
205	I	9	6	1.60	4.81	1.28
206	E	2	-1	-0.27	-2.19	-0.58
207	L	10	7	1.87	5.81	1.55
208	P	6	3	0.80	1.81	0.48
209	Q	11	8	2.13	6.81	1.82
210	F	9	6	1.60	4.81	1.28
211	S	2	-1	-0.27	-2.19	-0.58
212	I	8	5	1.33	3.81	1.02
213	V	3	0	0.00	-1.19	-0.32
214	D	3	0	0.00	-1.19	-0.32
215	Y	4	1	0.27	-0.19	-0.05
216	K	2	-1	-0.27	-2.19	-0.58
217	L	2	-1	-0.27	-2.19	-0.58
218	I	3	0	0.00	-1.19	-0.32
219	T	0	-3	-0.80	-4.19	-1.12
220	K	2	-1	-0.27	-2.19	-0.58
221	K	3	0	0.00	-1.19	-0.32
222	V	3	0	0.00	-1.19	-0.32
223	V	1	-2	-0.53	-3.19	-0.85
224	F	7	4	1.07	2.81	0.75
225	S	3	0	0.00	-1.19	-0.32
226	T	7	4	1.07	2.81	0.75
227	G	11	8	2.13	6.81	1.82
228	S	3	0	0.00	-1.19	-0.32
229	Y	9	6	1.60	4.81	1.28
230	P	5	2	0.53	0.81	0.22
231	R	5	2	0.53	0.81	0.22
232	L	9	6	1.60	4.81	1.28
233	S	2	-1	-0.27	-2.19	-0.58
234	L	7	4	1.07	2.81	0.75
235	S	2	-1	-0.27	-2.19	-0.58
236	F	11	8	2.13	6.81	1.82
237	K	2	-1	-0.27	-2.19	-0.58
238	L	9	6	1.60	4.81	1.28
239	K	6	3	0.80	1.81	0.48
240	R	11	8	2.13	6.81	1.82
241	N	4	1	0.27	-0.19	-0.05
242	I	4	1	0.27	-0.19	-0.05
243	G	4	1	0.27	-0.19	-0.05
244	Y	4	1	0.27	-0.19	-0.05
245	F	9	6	1.60	4.81	1.28
246	I	8	5	1.33	3.81	1.02
247	L	8	5	1.33	3.81	1.02
248	Q	4	1	0.27	-0.19	-0.05
249	T	5	2	0.53	0.81	0.22
250	Y	11	8	2.13	6.81	1.82
251	M	5	2	0.53	0.81	0.22
252	P	11	8	2.13	6.81	1.82
253	S	7	4	1.07	2.81	0.75
254	I	6	3	0.80	1.81	0.48
255	L	8	5	1.33	3.81	1.02
256	I	6	3	0.80	1.81	0.48
257	T	7	4	1.07	2.81	0.75
258	I	7	4	1.07	2.81	0.75
259	L	6	3	0.80	1.81	0.48
260	S	11	8	2.13	6.81	1.82
261	W	11	8	2.13	6.81	1.82
262	V	9	6	1.60	4.81	1.28
263	S	11	8	2.13	6.81	1.82
264	F	11	8	2.13	6.81	1.82
265	W	11	8	2.13	6.81	1.82
266	I	9	6	1.60	4.81	1.28
267	N	7	4	1.07	2.81	0.75
268	Y	2	-1	-0.27	-2.19	-0.58
269	D	3	0	0.00	-1.19	-0.32
270	A	8	5	1.33	3.81	1.02
271	S	6	3	0.80	1.81	0.48
272	A	7	4	1.07	2.81	0.75
273	A	11	8	2.13	6.81	1.82
274	R	11	8	2.13	6.81	1.82
275	V	7	4	1.07	2.81	0.75
276	A	6	3	0.80	1.81	0.48
277	L	10	7	1.87	5.81	1.55
278	G	11	8	2.13	6.81	1.82
279	I	9	6	1.60	4.81	1.28
280	T	6	3	0.80	1.81	0.48
281	T	9	6	1.60	4.81	1.28
282	V	8	5	1.33	3.81	1.02
283	L	11	8	2.13	6.81	1.82
284	T	5	2	0.53	0.81	0.22
285	M	9	6	1.60	4.81	1.28
286	T	7	4	1.07	2.81	0.75
287	T	9	6	1.60	4.81	1.28
288	I	5	2	0.53	0.81	0.22
289	N	3	0	0.00	-1.19	-0.32
290	T	5	2	0.53	0.81	0.22
291	H	3	0	0.00	-1.19	-0.32
292	L	5	2	0.53	0.81	0.22
293	R	4	1	0.27	-0.19	-0.05
294	E	4	1	0.27	-0.19	-0.05
295	T	4	1	0.27	-0.19	-0.05
296	L	9	6	1.60	4.81	1.28
297	P	11	8	2.13	6.81	1.82
298	K	6	3	0.80	1.81	0.48
299	I	5	2	0.53	0.81	0.22
300	P	7	4	1.07	2.81	0.75
301	Y	6	3	0.80	1.81	0.48
302	V	9	6	1.60	4.81	1.28
303	K	11	8	2.13	6.81	1.82
304	A	11	8	2.13	6.81	1.82
305	I	9	6	1.60	4.81	1.28
306	D	11	8	2.13	6.81	1.82
307	M	8	5	1.33	3.81	1.02
308	Y	10	7	1.87	5.81	1.55
309	L	8	5	1.33	3.81	1.02
310	M	5	2	0.53	0.81	0.22
311	G	7	4	1.07	2.81	0.75
312	C	7	4	1.07	2.81	0.75
313	F	4	1	0.27	-0.19	-0.05
314	V	4	1	0.27	-0.19	-0.05
315	F	11	8	2.13	6.81	1.82
316	V	8	5	1.33	3.81	1.02
317	F	11	8	2.13	6.81	1.82
318	M	5	2	0.53	0.81	0.22
319	A	8	5	1.33	3.81	1.02
320	L	9	6	1.60	4.81	1.28
321	L	9	6	1.60	4.81	1.28
322	E	11	8	2.13	6.81	1.82
323	Y	11	8	2.13	6.81	1.82
324	A	8	5	1.33	3.81	1.02
325	L	5	2	0.53	0.81	0.22
326	V	7	4	1.07	2.81	0.75
327	N	5	2	0.53	0.81	0.22
328	Y	6	3	0.80	1.81	0.48
329	I	5	2	0.53	0.81	0.22
330	F	4	1	0.27	-0.19	-0.05
331	F	0	-3	-0.80	-4.19	-1.12
332	G	0	-3	-0.80	-4.19	-1.12
333	R	3	0	0.00	-1.19	-0.32
334	G	3	0	0.00	-1.19	-0.32
335	P	2	-1	-0.27	-2.19	-0.58
336	Q	0	-3	-0.80	-4.19	-1.12
337	R	1	-2	-0.53	-3.19	-0.85
338	Q	1	-2	-0.53	-3.19	-0.85
339	K	2	-1	-0.27	-2.19	-0.58
340	K	3	0	0.00	-1.19	-0.32
341	A	2	-1	-0.27	-2.19	-0.58
342	A	1	-2	-0.53	-3.19	-0.85
343	E	2	-1	-0.27	-2.19	-0.58
344	K	1	-2	-0.53	-3.19	-0.85
345	A	2	-1	-0.27	-2.19	-0.58
346	A	3	0	0.00	-1.19	-0.32
347	S	2	-1	-0.27	-2.19	-0.58
348	A	0	-3	-0.80	-4.19	-1.12
349	N	0	-3	-0.80	-4.19	-1.12
350	N	0	-3	-0.80	-4.19	-1.12
351	E	0	-3	-0.80	-4.19	-1.12
352	K	0	-3	-0.80	-4.19	-1.12
353	M	0	-3	-0.80	-4.19	-1.12
354	R	0	-3	-0.80	-4.19	-1.12
355	L	0	-3	-0.80	-4.19	-1.12
356	D	0	-3	-0.80	-4.19	-1.12
357	V	0	-3	-0.80	-4.19	-1.12
358	N	0	-3	-0.80	-4.19	-1.12
359	K	0	-3	-0.80	-4.19	-1.12
360	I	0	-3	-0.80	-4.19	-1.12
361	F	0	-3	-0.80	-4.19	-1.12
362	Y	0	-3	-0.80	-4.19	-1.12
363	K	0	-3	-0.80	-4.19	-1.12
364	D	0	-3	-0.80	-4.19	-1.12
365	I	0	-3	-0.80	-4.19	-1.12
366	K	0	-3	-0.80	-4.19	-1.12
367	Q	0	-3	-0.80	-4.19	-1.12
368	N	0	-3	-0.80	-4.19	-1.12
369	G	0	-3	-0.80	-4.19	-1.12
370	T	0	-3	-0.80	-4.19	-1.12
371	Q	0	-3	-0.80	-4.19	-1.12
372	Y	0	-3	-0.80	-4.19	-1.12
373	R	0	-3	-0.80	-4.19	-1.12
374	S	0	-3	-0.80	-4.19	-1.12
375	L	0	-3	-0.80	-4.19	-1.12
376	W	0	-3	-0.80	-4.19	-1.12
377	D	0	-3	-0.80	-4.19	-1.12
378	P	0	-3	-0.80	-4.19	-1.12
379	T	0	-3	-0.80	-4.19	-1.12
380	G	0	-3	-0.80	-4.19	-1.12
381	N	0	-3	-0.80	-4.19	-1.12
382	L	0	-3	-0.80	-4.19	-1.12
383	S	0	-3	-0.80	-4.19	-1.12
384	P	0	-3	-0.80	-4.19	-1.12
385	T	0	-3	-0.80	-4.19	-1.12
386	R	0	-3	-0.80	-4.19	-1.12
387	R	0	-3	-0.80	-4.19	-1.12
388	T	0	-3	-0.80	-4.19	-1.12
389	T	0	-3	-0.80	-4.19	-1.12
390	N	0	-3	-0.80	-4.19	-1.12
391	Y	0	-3	-0.80	-4.19	-1.12
392	D	0	-3	-0.80	-4.19	-1.12
393	F	0	-3	-0.80	-4.19	-1.12
394	S	0	-3	-0.80	-4.19	-1.12
395	L	0	-3	-0.80	-4.19	-1.12
396	Y	0	-3	-0.80	-4.19	-1.12
397	T	0	-3	-0.80	-4.19	-1.12
398	M	0	-3	-0.80	-4.19	-1.12
399	D	0	-3	-0.80	-4.19	-1.12
400	P	0	-3	-0.80	-4.19	-1.12
401	H	0	-3	-0.80	-4.19	-1.12
402	E	0	-3	-0.80	-4.19	-1.12
403	N	0	-3	-0.80	-4.19	-1.12
404	I	0	-3	-0.80	-4.19	-1.12
405	L	1	-2	-0.53	-3.19	-0.85
406	L	1	-2	-0.53	-3.19	-0.85
407	S	2	-1	-0.27	-2.19	-0.58
408	T	3	0	0.00	-1.19	-0.32
409	L	1	-2	-0.53	-3.19	-0.85
410	E	4	1	0.27	-0.19	-0.05
411	I	3	0	0.00	-1.19	-0.32
412	K	1	-2	-0.53	-3.19	-0.85
413	N	3	0	0.00	-1.19	-0.32
414	E	3	0	0.00	-1.19	-0.32
415	M	2	-1	-0.27	-2.19	-0.58
416	A	0	-3	-0.80	-4.19	-1.12
417	T	0	-3	-0.80	-4.19	-1.12
418	S	0	-3	-0.80	-4.19	-1.12
419	E	0	-3	-0.80	-4.19	-1.12
420	A	0	-3	-0.80	-4.19	-1.12
421	V	0	-3	-0.80	-4.19	-1.12
422	M	0	-3	-0.80	-4.19	-1.12
423	G	0	-3	-0.80	-4.19	-1.12
424	L	1	-2	-0.53	-3.19	-0.85
425	G	3	0	0.00	-1.19	-0.32
426	D	2	-1	-0.27	-2.19	-0.58
427	P	4	1	0.27	-0.19	-0.05
428	R	2	-1	-0.27	-2.19	-0.58
429	S	0	-3	-0.80	-4.19	-1.12
430	T	0	-3	-0.80	-4.19	-1.12
431	M	6	3	0.80	1.81	0.48
432	L	0	-3	-0.80	-4.19	-1.12
433	A	1	-2	-0.53	-3.19	-0.85
434	Y	2	-1	-0.27	-2.19	-0.58
435	D	3	0	0.00	-1.19	-0.32
436	A	3	0	0.00	-1.19	-0.32
437	S	3	0	0.00	-1.19	-0.32
438	S	5	2	0.53	0.81	0.22
439	I	1	-2	-0.53	-3.19	-0.85
440	Q	2	-1	-0.27	-2.19	-0.58
441	Y	2	-1	-0.27	-2.19	-0.58
442	R	2	-1	-0.27	-2.19	-0.58
443	K	0	-3	-0.80	-4.19	-1.12
444	A	0	-3	-0.80	-4.19	-1.12
445	G	0	-3	-0.80	-4.19	-1.12
446	L	0	-3	-0.80	-4.19	-1.12
447	P	0	-3	-0.80	-4.19	-1.12
448	R	0	-3	-0.80	-4.19	-1.12
449	H	0	-3	-0.80	-4.19	-1.12
450	S	0	-3	-0.80	-4.19	-1.12
451	F	0	-3	-0.80	-4.19	-1.12
452	G	0	-3	-0.80	-4.19	-1.12
453	R	0	-3	-0.80	-4.19	-1.12
454	N	0	-3	-0.80	-4.19	-1.12
455	A	0	-3	-0.80	-4.19	-1.12
456	L	0	-3	-0.80	-4.19	-1.12
457	E	0	-3	-0.80	-4.19	-1.12
458	R	2	-1	-0.27	-2.19	-0.58
459	H	2	-1	-0.27	-2.19	-0.58
460	V	1	-2	-0.53	-3.19	-0.85
461	A	3	0	0.00	-1.19	-0.32
462	Q	1	-2	-0.53	-3.19	-0.85
463	K	1	-2	-0.53	-3.19	-0.85
464	K	1	-2	-0.53	-3.19	-0.85
465	S	1	-2	-0.53	-3.19	-0.85
466	R	2	-1	-0.27	-2.19	-0.58
467	L	3	0	0.00	-1.19	-0.32
468	R	3	0	0.00	-1.19	-0.32
469	R	3	0	0.00	-1.19	-0.32
470	R	1	-2	-0.53	-3.19	-0.85
471	A	2	-1	-0.27	-2.19	-0.58
472	S	0	-3	-0.80	-4.19	-1.12
473	Q	0	-3	-0.80	-4.19	-1.12
474	L	0	-3	-0.80	-4.19	-1.12
475	K	0	-3	-0.80	-4.19	-1.12
476	I	0	-3	-0.80	-4.19	-1.12
477	T	0	-3	-0.80	-4.19	-1.12
478	I	0	-3	-0.80	-4.19	-1.12
479	P	1	-2	-0.53	-3.19	-0.85
480	D	0	-3	-0.80	-4.19	-1.12
481	L	0	-3	-0.80	-4.19	-1.12
482	T	0	-3	-0.80	-4.19	-1.12
483	D	0	-3	-0.80	-4.19	-1.12
484	V	0	-3	-0.80	-4.19	-1.12
485	N	0	-3	-0.80	-4.19	-1.12
486	A	0	-3	-0.80	-4.19	-1.12
487	I	2	-1	-0.27	-2.19	-0.58
488	D	4	1	0.27	-0.19	-0.05
489	R	0	-3	-0.80	-4.19	-1.12
490	W	1	-2	-0.53	-3.19	-0.85
491	S	2	-1	-0.27	-2.19	-0.58
492	R	3	0	0.00	-1.19	-0.32
493	I	1	-2	-0.53	-3.19	-0.85
494	F	1	-2	-0.53	-3.19	-0.85
495	F	2	-1	-0.27	-2.19	-0.58
496	P	2	-1	-0.27	-2.19	-0.58
497	V	1	-2	-0.53	-3.19	-0.85
498	V	0	-3	-0.80	-4.19	-1.12
499	F	2	-1	-0.27	-2.19	-0.58
500	S	0	-3	-0.80	-4.19	-1.12
501	F	1	-2	-0.53	-3.19	-0.85
502	F	1	-2	-0.53	-3.19	-0.85
503	N	2	-1	-0.27	-2.19	-0.58
504	I	1	-2	-0.53	-3.19	-0.85
505	V	1	-2	-0.53	-3.19	-0.85
506	Y	3	0	0.00	-1.19	-0.32
507	W	3	0	0.00	-1.19	-0.32
508	L	0	-3	-0.80	-4.19	-1.12
509	Y	0	-3	-0.80	-4.19	-1.12
510	Y	2	-1	-0.27	-2.19	-0.58
511	V	0	-3	-0.80	-4.19	-1.12
512	N	0	-3	-0.80	-4.19	-1.12
