Uniprot_position	aminoacid	Position_in_structure	MTR	Paraz	chain	x	y	z
1	M	NA	0.694444444	-2.28	A	NA	NA	NA
2	E	NA	0.696969697	-2.28	A	NA	NA	NA
3	P	NA	0.699275362	-0.84	A	NA	NA	NA
4	S	NA	0.706293706	-1.2	A	NA	NA	NA
5	S	NA	0.7	-1.2	A	NA	NA	NA
6	K	NA	0.693037975	-1.2	A	NA	NA	NA
7	K	NA	0.595818815	-0.12	A	NA	NA	NA
8	L	NA	0.592436975	0.25	A	NA	NA	NA
9	T	9	0.587479936	-0.12	A	562.129	-21.139	297.467
10	G	10	0.6875	-0.48	A	559.653	-23.926	296.751
11	R	11	0.69047619	-1.2	A	558.811	-23.123	293.15
12	L	12	0.692307692	1.69	A	562.479	-22.14	292.792
13	M	13	0.613861386	0.25	A	563.35	-25.848	292.891
14	L	14	0.60952381	0.25	A	561.164	-26.666	289.882
15	A	15	0.55	0.25	A	562.725	-23.844	287.854
16	V	16	0.551351351	-0.48	A	566.242	-25.077	288.657
17	G	17	0.548471616	-0.84	A	565.451	-28.782	288.366
18	G	18	0.545762712	-0.48	A	563.989	-28.186	284.923
19	A	19	0.547107438	1.33	A	567.084	-26.245	283.884
20	V	20	0.546184739	-0.12	A	569.719	-28.731	285.077
21	L	21	0.453125	0.61	A	568.095	-31.387	282.878
22	G	22	0.615278258	1.69	A	570.033	-29.709	280.075
23	S	23	0.624125874	0.61	A	573.324	-30.019	281.949
24	L	24	0.620629371	0.61	A	572.607	-33.683	282.678
25	Q	25	0.620629371	0.25	A	572.145	-34.265	278.947
26	F	26	0.673003802	0.97	A	575.402	-32.349	278.446
27	G	27	0.677480916	1.69	A	577.234	-34.9	280.581
28	Y	28	0.675572519	1.69	A	575.355	-37.888	279.181
29	N	29	0.673003802	0.61	A	576.203	-36.923	275.594
30	T	30	0.71245283	-0.12	A	579.845	-36.302	276.54
31	G	31	0.890566038	0.61	A	580.399	-39.913	277.608
32	V	32	0.830188679	0.25	A	577.97	-42.253	275.861
33	I	33	0.830188679	0.97	A	580.586	-42.938	273.17
34	N	34	0.863565198	1.69	A	583.034	-44.457	275.659
35	A	35	0.853825741	0.25	A	581.898	-47.95	276.648
36	P	36	0.876404494	1.69	A	580.057	-48.893	273.409
37	Q	37	0.879699248	-1.56	A	582.975	-48.064	271.104
38	K	38	0.930601454	-1.2	A	583.619	-51.717	270.262
39	V	39	0.92976295	-0.84	A	580.03	-52.466	269.236
40	I	40	0.92976295	0.61	A	579.401	-49.328	267.164
41	E	41	0.905550373	-0.84	A	582.741	-49.859	265.416
42	E	42	0.905550373	-0.84	A	581.572	-53.376	264.55
43	F	43	0.878109453	-1.2	A	578.441	-51.795	263.08
44	Y	44	0.831893166	-0.48	A	580.726	-49.485	261.089
45	N	45	0.804761905	0.25	A	582.569	-52.428	259.522
46	Q	46	0.810054877	-0.48	A	579.368	-54.409	258.991
47	T	47	0.816122704	-0.12	A	577.875	-51.413	257.183
48	W	48	0.803937654	0.25	A	581.066	-50.939	255.153
49	V	49	0.774842767	-1.56	A	580.781	-54.611	254.158
50	H	50	0.780735108	-1.56	A	577.156	-54.388	253.019
51	R	51	0.746666667	0.25	A	577.945	-51.342	250.872
52	Y	52	0.740374532	-1.56	A	581.216	-52.197	249.105
53	G	53	0.689789936	-1.92	A	581.734	-55.938	249.659
54	E	54	0.695130684	-1.2	A	584.835	-55.111	251.663
55	S	55	0.700396825	-1.2	A	586.091	-55.12	255.236
56	I	56	0.700396825	-0.48	A	586.746	-51.561	256.363
57	L	57	0.661048689	-1.56	A	590.362	-50.424	256.463
58	P	58	0.628030751	-1.2	A	591.528	-50.205	260.108
59	T	59	0.632172537	-1.92	A	592.895	-46.687	259.574
60	T	60	0.593149541	-0.48	A	589.6	-45.412	258.141
61	L	61	0.489848216	0.61	A	587.609	-47.148	260.881
62	T	62	0.446115288	-0.12	A	589.8	-45.076	263.223
63	T	63	0.475471698	-0.48	A	589.426	-41.635	261.635
64	L	64	0.479087452	0.97	A	585.726	-42.336	261.068
65	W	65	0.426568441	1.69	A	584.887	-43.233	264.671
66	S	66	0.40147618	0.61	A	587.122	-40.363	265.789
67	L	67	0.34351145	0.61	A	585.001	-38.095	263.591
68	S	68	0.340909091	-0.48	A	581.908	-39.601	265.234
69	V	69	0.382340515	1.69	A	582.919	-38.297	268.669
70	A	70	0.431380338	0.61	A	584.853	-35.215	267.56
71	I	71	0.412927757	-0.48	A	582.128	-33.676	265.385
72	F	72	0.414503817	0.97	A	580.208	-33.214	268.641
73	S	73	0.418390805	-0.12	A	582.813	-30.646	269.717
74	V	74	0.437062237	0.25	A	582.43	-28.799	266.401
75	G	75	0.492760181	1.69	A	578.73	-28.455	267.175
76	G	76	0.463601533	1.69	A	579.369	-27.258	270.716
77	M	77	0.467181467	0.61	A	581.422	-24.387	269.303
78	I	78	0.487139342	-0.48	A	578.613	-23.209	267.016
79	G	79	0.454887218	0.61	A	576.199	-23.715	269.907
80	S	80	0.483742004	0.25	A	578.221	-21.663	272.381
81	F	81	0.543820225	0.61	A	578.524	-19.002	269.664
82	S	82	0.545864662	-0.84	A	574.743	-18.735	269.291
83	V	83	0.597039474	0.25	A	573.758	-18.472	272.978
84	G	84	0.592583955	-0.48	A	573.228	-14.71	272.95
85	L	85	0.637401229	-0.84	A	571.294	-14.8	269.68
86	F	86	0.643313505	0.61	A	568.469	-16.866	271.185
87	V	87	0.723727693	-0.12	A	568.761	-15.877	274.845
88	N	88	0.719495368	-1.2	A	567.99	-12.161	274.446
89	R	89	0.714639759	-1.56	A	565.599	-12.43	271.487
90	F	90	0.703964194	0.25	A	563.393	-15.259	272.81
91	G	91	0.674632353	1.69	A	564.258	-15.295	276.519
92	R	92	0.728174603	1.69	A	566.056	-17.864	278.62
93	R	93	0.734259259	-0.48	A	563.234	-20.28	279.455
94	N	94	0.729551046	-1.2	A	561.712	-20.34	275.964
95	S	95	0.732253086	0.25	A	565.13	-20.952	274.386
96	M	96	0.732253086	0.97	A	565.806	-24.034	276.519
97	L	97	0.759184983	1.69	A	562.331	-25.279	275.597
98	M	98	0.760597015	-0.12	A	562.495	-24.872	271.812
99	M	99	0.757769517	-0.48	A	566.055	-26.209	271.58
100	N	100	0.728240741	1.69	A	564.79	-29.549	272.869
101	L	101	0.744615385	0.25	A	563.975	-29.928	269.171
102	L	102	0.806666667	0.61	A	567.65	-30.58	268.429
103	A	103	0.772778882	-0.12	A	567.692	-33.302	271.09
104	F	104	0.775641026	-0.12	A	564.635	-35	269.572
105	V	105	0.752888889	-0.48	A	566.006	-34.674	266.03
106	S	106	0.752888889	-0.12	A	569.35	-35.967	267.299
107	A	107	0.775641026	1.33	A	567.88	-38.946	269.164
108	V	108	0.772778882	-0.48	A	565.983	-40.057	266.048
109	L	109	0.784259259	0.61	A	569.029	-39.784	263.776
110	M	110	0.806666667	0.97	A	571.257	-41.766	266.149
111	G	111	0.812686567	1.33	A	568.641	-44.251	267.369
112	F	112	0.785758706	0.25	A	567.526	-45.107	263.829
113	S	113	0.777777778	0.25	A	571.055	-45.034	262.368
114	K	114	0.743911439	-0.84	A	571.41	-48.811	262.705
115	L	115	0.752238806	-1.2	A	568.12	-49.664	260.989
116	G	116	0.697185185	1.33	A	569.067	-47.053	258.388
117	K	117	0.705018727	-1.56	A	572.517	-48.674	258.09
118	S	118	0.648358209	0.61	A	574.136	-45.245	257.996
119	F	119	0.648428595	-0.84	A	577.101	-43.995	259.998
120	E	120	0.652958153	-0.48	A	576.288	-40.598	258.465
121	M	121	0.654479711	0.97	A	573.058	-40.399	260.478
122	L	122	0.680451128	1.33	A	575.036	-41.199	263.631
123	I	123	0.674157303	0.61	A	577.65	-38.574	262.721
124	L	124	0.58988764	-0.12	A	574.987	-36.015	261.796
125	G	125	0.594339623	0.61	A	573.036	-36.67	264.988
126	R	126	0.590460526	1.69	A	576.256	-36.378	266.988
127	F	127	0.590460526	-0.84	A	576.846	-32.967	265.397
128	I	128	0.591619318	0.97	A	573.359	-31.643	266.184
129	I	129	0.579545455	-0.48	A	573.222	-32.732	269.816
130	G	130	0.579545455	1.69	A	576.62	-31.053	270.057
131	V	131	0.631299735	0.25	A	574.966	-27.8	268.993
132	Y	132	0.569923372	-0.84	A	572.321	-28.307	271.677
133	C	133	0.501228501	0.25	A	575.076	-28.94	274.227
134	G	134	0.550769231	1.69	A	576.983	-25.817	273.184
135	L	135	0.63004563	0.97	A	573.817	-23.758	273.629
136	T	136	0.693050193	-0.48	A	572.909	-25.503	276.892
137	T	137	0.63973864	-0.84	A	576.195	-24.577	278.578
138	G	138	0.581395349	0.25	A	575.113	-20.929	278.239
139	F	139	0.636717368	-0.12	A	571.39	-21.225	278.926
140	V	140	0.636717368	-0.12	A	571.537	-23.165	282.201
141	P	141	0.560311284	1.69	A	574.192	-21.09	284.031
142	M	142	0.517427237	1.69	A	572.499	-17.87	282.908
143	Y	143	0.515390122	1.69	A	568.958	-18.964	283.794
144	V	144	0.566929134	0.97	A	569.843	-20.32	287.242
145	G	145	0.529411765	0.61	A	571.756	-17.103	287.929
146	E	146	0.529411765	1.69	A	568.861	-14.887	286.787
147	V	147	0.605042017	-0.48	A	566.411	-16.72	289.081
148	S	148	0.607424072	0.61	A	568.144	-17.581	292.338
149	P	149	0.609824958	1.69	A	568.183	-15.333	295.416
150	T	150	0.533596838	-0.12	A	571.5	-13.519	295.546
151	A	151	0.56916996	-1.56	A	572.699	-15.62	298.497
152	L	152	0.642448103	1.33	A	571.901	-19.008	296.927
153	R	153	0.646027201	1.69	A	573.253	-17.713	293.595
154	G	154	0.591503268	1.69	A	576.615	-19.31	294.383
155	A	155	0.591503268	-0.12	A	575.369	-22.679	295.605
156	L	156	0.591503268	0.25	A	572.617	-23.251	293.035
157	G	157	0.58690013	1.33	A	575.034	-22.296	290.253
158	T	158	0.58690013	-0.12	A	576.975	-25.426	291.23
159	L	159	0.539654144	-0.84	A	574.364	-27.783	289.786
160	H	160	0.537570538	-1.56	A	575.642	-27.151	286.247
161	Q	161	0.537570538	-0.84	A	578.926	-28.882	287.088
162	L	162	0.533451223	0.97	A	577.138	-31.654	288.987
163	G	163	0.464607465	0.25	A	574.698	-32.329	286.157
164	I	164	0.463601533	-0.12	A	577.625	-32.608	283.754
165	V	165	0.465384615	-0.48	A	579.641	-34.977	285.945
166	V	166	0.345785441	-0.12	A	576.617	-37.031	287.025
167	G	167	0.232051282	1.69	A	575.492	-37.182	283.4
168	I	168	0.254124254	0.97	A	578.845	-38.686	282.434
169	L	169	0.233333333	0.25	A	578.462	-41.313	285.162
170	I	170	0.234234234	-0.12	A	575.002	-42.354	283.943
171	A	171	0.232439336	0.61	A	576.219	-42.749	280.356
172	Q	172	0.231552163	1.69	A	579.082	-44.967	281.524
173	V	173	0.251641894	0.97	A	576.748	-47.158	283.6
174	F	174	0.24974271	0.25	A	574.234	-47.577	280.768
175	G	175	0.248803828	0.61	A	577.225	-48.472	278.576
176	L	176	0.248803828	1.69	A	577.615	-51.908	280.153
177	D	177	0.419475655	-0.84	A	577.056	-55.162	278.291
178	S	178	0.488721805	-1.56	A	574.315	-55.842	280.85
179	I	179	0.490566038	1.33	A	572.197	-52.772	280.033
180	M	180	0.582664526	0.97	A	572.575	-51.017	276.667
181	G	181	0.595394737	1.33	A	576.281	-51.168	275.779
182	N	182	0.584854995	-0.84	A	575.876	-54.198	273.518
183	K	183	0.522904062	-2.28	A	575.107	-55.059	269.901
184	D	184	0.487379162	-0.84	A	571.309	-54.944	270.234
185	L	185	0.526850508	-0.48	A	570.749	-51.787	272.305
186	W	186	0.566479401	1.69	A	573.466	-49.246	271.493
187	P	187	0.578891258	-1.2	A	570.987	-47.325	269.287
188	L	188	0.675373134	-0.12	A	568.783	-47.053	272.374
189	L	189	0.673507463	1.69	A	571.87	-46.018	274.365
190	L	190	0.752083333	0.61	A	572.365	-42.894	272.242
191	S	191	0.754879182	0.61	A	568.625	-42.238	271.869
192	I	192	0.754879182	-0.84	A	567.626	-42.42	275.554
193	I	193	0.67037037	-0.48	A	568.352	-38.672	275.642
194	F	194	0.672862454	-0.12	A	564.769	-38.171	274.452
195	I	195	0.677902622	0.97	A	563.471	-39.002	277.943
196	P	196	0.675373134	-0.48	A	565.33	-36.05	279.557
197	A	197	0.707184719	1.33	A	564.194	-33.843	276.664
198	L	198	0.75697026	0.25	A	560.567	-34.917	277.065
199	L	199	0.751383764	0.97	A	560.773	-34.337	280.821
200	Q	200	0.799261993	1.69	A	562.059	-30.814	280.158
201	C	201	0.802973978	-0.48	A	559.205	-30.14	277.723
202	I	202	0.79704797	0.25	A	556.611	-31.137	280.33
203	V	203	0.848389631	-0.48	A	558.279	-29.136	283.113
204	L	204	0.811235955	1.69	A	559.567	-25.894	281.602
205	P	205	0.837808808	-0.12	A	556.238	-24.368	280.397
206	F	206	0.828465215	0.25	A	555.292	-24.288	284.078
207	C	207	0.836176262	0.25	A	558.564	-22.615	285.092
208	P	208	0.774745853	1.69	A	558.935	-18.824	285.316
209	E	209	0.766861391	0.97	A	560.573	-16.546	282.793
210	S	210	0.784971486	1.69	A	563.771	-14.874	283.946
211	P	211	0.759093305	1.69	A	562.726	-11.713	285.863
212	R	212	0.817843866	1.69	A	565.802	-9.931	284.495
213	F	213	0.820895522	0.97	A	564.643	-10.839	280.985
214	L	214	0.780603193	-0.48	A	561.189	-9.435	281.756
215	L	215	0.830188679	0.25	A	562.599	-6.348	283.485
216	I	216	0.827067669	1.33	A	565.484	-5.279	281.22
217	N	217	0.837808808	-1.2	A	565.169	-7.185	277.943
218	R	218	0.879699248	-0.84	A	561.371	-6.74	277.889
219	N	219	0.817843866	-1.56	A	560.602	-3.631	280.012
220	E	220	0.76625387	-1.2	A	557.969	-5.687	281.889
221	E	221	0.73537037	0.25	A	558.699	-3.999	285.206
222	N	222	0.764021164	-1.2	A	555.424	-5.092	286.827
223	R	223	0.761904762	-1.2	A	555.139	-8.476	285.11
224	A	224	0.857142857	0.97	A	558.579	-9.114	286.635
225	K	225	0.848545455	-0.84	A	557.08	-8.468	290.078
226	S	226	0.843115942	-0.84	A	554.714	-11.409	289.576
227	V	227	0.843818182	-0.48	A	557.556	-13.872	288.97
228	L	228	0.843115942	0.61	A	559.674	-12.75	291.92
229	K	229	0.867878788	0.25	A	556.864	-13.141	294.471
230	K	230	0.887603306	-0.12	A	555.797	-16.616	293.331
231	L	231	0.884387352	0.61	A	559.477	-17.465	292.773
232	R	232	0.87487781	-1.2	A	561.28	-15.822	295.699
233	G	233	0.878024853	1.69	A	558.322	-16.969	297.807
234	T	234	0.881816454	-0.84	A	558.189	-13.811	299.928
235	A	235	0.921545201	-0.84	A	555.35	-11.268	299.79
236	D	236	0.915674603	0.25	A	557.094	-8.323	298.088
237	V	237	0.918956591	0.61	A	560.545	-7.956	296.586
238	T	238	0.976448341	-0.84	A	561.585	-4.293	296.581
239	H	239	0.957733813	-1.2	A	565.015	-5.493	297.734
240	D	240	0.983549784	-0.84	A	565.482	-7.961	294.869
241	L	241	1.01027668	0.97	A	563.981	-5.674	292.222
242	Q	242	1.020544673	-0.84	A	566.299	-2.76	293.021
243	E	243	1.020544673	0.97	A	569.299	-5.113	293.101
244	M	244	0.974452555	0.61	A	568.701	-5.967	289.438
245	K	245	1.016820057	-0.84	A	568.358	-2.269	288.584
246	E	246	1.023411371	-1.2	A	571.783	-1.64	290.146
247	E	247	1.030964223	1.69	A	573.507	-4.301	288.035
248	S	248	1.04797048	-1.2	A	571.665	-3.113	284.92
249	R	249	0.994397759	-1.2	A	573.118	0.339	285.589
250	Q	250	0.994397759	-1.56	A	576.601	-0.99	286.372
251	M	251	1.015095606	-1.2	A	576.454	-3.271	283.32
252	M	252	1.020544673	-1.2	A	575.228	-0.521	280.963
253	R	253	1.007659008	-0.84	A	578.023	1.824	282.122
254	E	254	1.016820057	-1.2	A	581.066	0.667	280.168
255	K	255	1.00398142	-0.84	A	580.245	-0.151	276.551
256	K	256	1.00398142	-1.92	A	580.356	-3.883	275.903
257	V	257	1.011363636	-0.84	A	583.503	-4.521	273.882
258	T	258	1.015095606	-0.12	A	583.284	-6.893	270.936
259	I	259	0.964673913	-0.12	A	585.44	-9.909	270.139
260	L	260	0.975432358	0.25	A	587.177	-7.774	267.512
261	E	261	0.966973102	-0.48	A	587.971	-4.923	269.911
262	L	262	0.915467917	1.69	A	589.333	-7.48	272.393
263	F	263	0.915467917	0.25	A	592.12	-8.625	270.052
264	R	264	0.924930793	-0.84	A	593.015	-5.145	268.795
265	S	265	0.916838843	-1.56	A	593.427	-3.326	272.119
266	P	266	0.922917387	-0.84	A	596.91	-3.999	273.585
267	A	267	0.904942966	-0.48	A	595.264	-3.384	276.972
268	Y	268	0.904040404	-0.84	A	593.515	-6.769	276.702
269	R	269	0.835029686	1.69	A	596.058	-8.909	274.843
270	Q	270	0.880787296	-0.12	A	597.803	-10.149	278.009
271	P	271	0.815909091	0.25	A	594.722	-11.214	280.029
272	I	272	0.683908046	0.97	A	593.082	-12.754	276.951
273	L	273	0.635062612	-0.12	A	596.25	-14.775	276.352
274	I	274	0.632610633	-0.48	A	595.996	-15.986	279.95
275	A	275	0.742993441	-0.48	A	592.38	-16.991	279.307
276	V	276	0.742203742	0.97	A	592.883	-18.945	276.07
277	V	277	0.744282744	0.61	A	595.839	-20.79	277.609
278	L	278	0.738579428	-0.12	A	593.915	-21.732	280.76
279	Q	279	0.733705226	-1.2	A	591.296	-23.15	278.383
280	L	280	0.679389313	-0.48	A	593.9	-25.043	276.353
281	S	281	0.676806084	0.25	A	595.336	-26.238	279.673
282	Q	282	0.68129771	0.25	A	591.95	-27.833	280.406
283	Q	283	0.509030418	0.61	A	591.414	-29.721	277.139
284	L	284	0.603901612	0.61	A	594.975	-30.501	276.018
285	S	285	0.674904943	0.25	A	595.787	-31.867	279.477
286	G	286	0.674904943	1.69	A	593.841	-34.874	278.227
287	I	287	0.622989178	-0.12	A	590.837	-35.675	280.404
288	N	288	0.671102662	0.61	A	588.59	-36.157	277.388
289	A	289	0.674904943	0.61	A	591.216	-38.72	276.437
290	V	290	0.726820708	0.97	A	589.771	-40.771	279.293
291	F	291	0.624744077	-0.12	A	586.181	-39.537	279.195
292	Y	292	0.676806084	-0.12	A	586.006	-40.497	275.501
293	Y	293	0.731650029	1.69	A	588.388	-43.488	275.338
294	S	294	0.731650029	0.25	A	588.71	-44.707	278.955
295	T	295	0.731650029	0.25	A	587.112	-48.068	278.161
296	S	296	0.731650029	-0.12	A	589.44	-48.458	275.173
297	I	297	0.726107226	0.97	A	592.564	-47.455	277.127
298	F	298	0.674242424	0.97	A	591.905	-49.838	280.022
299	E	299	0.671698113	-1.56	A	591.431	-52.683	277.543
300	K	300	0.626315789	-0.84	A	594.742	-51.925	275.812
301	A	301	0.623970037	1.69	A	596.418	-52.002	279.225
302	G	302	0.623970037	1.69	A	594.918	-55.389	280.087
303	V	303	0.633348076	0.97	A	592.016	-54.774	282.464
304	Q	304	0.678030303	-1.2	A	589.258	-57.307	282.986
305	Q	305	0.678030303	-1.56	A	585.881	-55.582	282.942
306	P	306	0.628070175	-1.2	A	587.358	-52.34	281.539
307	V	307	0.633348076	-0.84	A	583.972	-50.604	281.266
308	Y	308	0.639920556	1.69	A	583.692	-50.914	285.048
309	A	309	0.640550239	0.61	A	587.005	-49.072	285.345
310	T	310	0.582333697	-0.12	A	585.451	-46.369	283.166
311	I	311	0.679389313	0.25	A	582.491	-46.316	285.551
312	G	312	0.684615385	0.61	A	585.248	-46.043	288.146
313	S	313	0.691119691	-0.12	A	586.714	-42.874	286.658
314	G	314	0.697674419	1.69	A	583.164	-41.529	286.455
315	I	315	0.697674419	-0.48	A	582.513	-42.151	290.152
316	V	316	0.630350195	0.61	A	585.871	-40.615	291.092
317	N	317	0.622568093	0.25	A	585.013	-37.588	288.947
318	T	318	0.661764706	-0.12	A	581.697	-37.038	290.74
319	A	319	0.617647059	0.25	A	583.298	-37.464	294.17
320	F	320	0.585224641	-0.48	A	586.106	-34.978	293.487
321	T	321	0.635924462	0.25	A	583.642	-32.462	292.024
322	V	322	0.71541502	-0.12	A	581.631	-32.387	295.259
323	V	323	0.677761598	-0.48	A	585.004	-31.999	296.997
324	S	324	0.70703125	0.61	A	586.31	-29.226	294.73
325	L	325	0.711764706	0.25	A	583.404	-26.999	295.789
326	F	326	0.651395848	-0.12	A	584.518	-27.041	299.438
327	V	327	0.680818414	0.25	A	588.133	-26.28	298.419
328	V	328	0.65245098	0.97	A	588.084	-23.584	295.717
329	E	329	0.68189538	0.97	A	586.554	-21.185	298.239
330	R	330	0.684375	-1.2	A	588.944	-22.035	301.106
331	A	331	0.704633205	-1.92	A	592.201	-21.713	299.138
332	G	332	0.707364341	-1.2	A	593.957	-19.748	296.418
333	R	333	0.732818533	-1.2	A	593.384	-20.1	292.691
334	R	334	0.789189189	-1.2	A	597.015	-19.939	291.54
335	T	335	0.792248062	-2.28	A	597.986	-22.816	293.838
336	L	336	0.819365459	-1.56	A	595.111	-25.148	292.947
337	H	337	0.822566106	-1.92	A	595.724	-24.916	289.198
338	L	338	0.801493193	-1.92	A	599.363	-25.911	289.747
339	I	339	0.767716535	-1.92	A	598.511	-28.628	292.285
340	G	340	0.736308316	1.69	A	596.163	-30.117	289.7
341	L	341	0.80026455	0.25	A	598.472	-29.539	286.736
342	A	342	0.69356261	0.61	A	601.24	-31.336	288.651
343	G	343	0.687015078	0.25	A	599.24	-34.281	289.976
344	M	344	0.67896412	0.25	A	598.004	-34.851	286.429
345	A	345	0.704280156	-0.12	A	601.548	-34.833	285.036
346	G	346	0.644007156	-0.84	A	602.455	-37.315	287.763
347	C	347	0.679738562	-0.12	A	599.545	-39.637	287.008
348	A	348	0.674448768	-0.48	A	600.382	-39.362	283.307
349	I	349	0.697674419	-0.48	A	603.847	-40.548	284.343
350	L	350	0.70233463	-0.48	A	602.257	-43.256	286.495
351	M	351	0.724724725	-0.48	A	600.263	-44.327	283.429
352	T	352	0.67037037	0.25	A	603.284	-44.611	281.132
353	I	353	0.63326972	-0.48	A	605.073	-46.887	283.613
354	A	354	0.635273472	-0.48	A	602.088	-49.21	284.035
355	L	355	0.655249234	-0.48	A	601.753	-49.234	280.234
356	A	356	0.655249234	-0.84	A	605.361	-50.26	279.561
357	L	357	0.705018727	-0.84	A	605.95	-52.707	282.425
358	L	358	0.677902622	-0.48	A	602.622	-54.444	281.649
359	E	359	0.702117343	-0.12	A	604.056	-56.522	278.797
360	Q	360	0.700177792	-0.84	A	606.334	-57.92	281.538
361	L	361	0.671003717	-0.48	A	604.356	-57.456	284.774
362	P	362	0.700177792	0.25	A	600.677	-58.772	284.281
363	W	363	0.671003717	-1.2	A	599.155	-56.691	287.07
364	M	364	0.641829643	-0.12	A	600.262	-53.119	286.322
365	S	365	0.581632653	-0.84	A	596.811	-52.822	284.736
366	Y	366	0.579454254	0.97	A	595.831	-52.251	288.367
367	L	367	0.54082397	0.97	A	598.285	-49.346	288.525
368	S	368	0.539325843	0.25	A	596.825	-47.923	285.307
369	I	369	0.520446097	0.97	A	593.446	-47.822	287.069
370	V	370	0.472337634	0.25	A	594.943	-45.865	289.971
371	A	371	0.501858736	0.97	A	596.817	-43.701	287.465
372	I	372	0.47766475	0.97	A	593.643	-42.48	285.761
373	F	373	0.537827715	0.61	A	591.565	-42.464	288.958
374	G	374	0.539849624	-0.48	A	594.046	-39.902	290.267
375	F	375	0.472783143	0.25	A	594.546	-38.326	286.84
376	V	376	0.515170152	0.97	A	590.892	-37.258	286.809
377	A	377	0.58496732	-0.48	A	590.783	-36.659	290.574
378	F	378	0.539969834	-0.48	A	593.504	-34.019	290.187
379	F	379	0.537999141	0.25	A	591.868	-32.501	287.102
380	E	380	0.493131868	-0.84	A	588.629	-31.884	289.003
381	V	381	0.544982699	-0.48	A	590.426	-29.646	291.53
382	G	382	0.542986425	1.69	A	592.752	-27.85	289.104
383	P	383	0.586080586	1.69	A	592.464	-27.481	285.313
384	G	384	0.589336589	0.61	A	588.71	-28.13	285.558
385	P	385	0.595884774	0.25	A	586.984	-25.226	287.299
386	I	386	0.502777778	0.97	A	589.803	-22.693	287.64
387	P	387	0.505555556	0.61	A	589.96	-21.655	283.947
388	W	388	0.503690037	-0.48	A	586.463	-20.233	284.549
389	F	389	0.565546708	0.25	A	587.207	-18.765	287.989
390	I	390	0.539259259	0.61	A	589.892	-16.621	286.288
391	V	391	0.573529412	-1.2	A	588.356	-15.411	283.009
392	A	392	0.596703297	0.25	A	585.432	-13.815	284.848
393	E	393	0.532352941	1.69	A	587.916	-12.343	287.343
394	L	394	0.575692964	0.61	A	590.279	-11.038	284.628
395	F	395	0.571428571	1.69	A	587.706	-8.733	283.003
396	S	396	0.571428571	-1.2	A	585.043	-6.191	283.897
397	Q	397	0.569319979	1.69	A	581.412	-6.252	282.754
398	G	398	0.569319979	-0.12	A	582.397	-4.65	279.446
399	P	399	0.573552841	-0.48	A	584.862	-7.212	278.091
400	R	400	0.6	1.69	A	583.787	-10.261	280.112
401	P	401	0.666666667	-0.48	A	581.199	-11.252	277.428
402	A	402	0.696594427	0.61	A	583.619	-11.254	274.485
403	A	403	0.730565731	1.69	A	586.184	-12.97	276.72
404	I	404	0.75708502	0.25	A	583.762	-15.798	277.555
405	A	405	0.75708502	0.25	A	582.938	-16.333	273.877
406	V	406	0.840704165	0.97	A	586.635	-16.495	272.954
407	A	407	0.809762774	-0.48	A	587.516	-18.752	275.887
408	G	408	0.78021978	1.33	A	584.602	-20.922	274.794
409	F	409	0.782417582	-0.48	A	585.869	-21.139	271.225
410	S	410	0.738929889	-0.48	A	589.258	-22.097	272.673
411	N	411	0.741666667	-0.84	A	587.698	-24.801	274.853
412	W	412	0.699259259	1.69	A	585.71	-26.403	272.032
413	T	413	0.655555556	-0.12	A	588.684	-26.238	269.655
414	S	414	0.611316113	-0.12	A	591.198	-27.897	271.983
415	N	415	0.571001838	-0.12	A	588.413	-30.346	272.844
416	F	416	0.52398524	0.61	A	588.085	-31.156	269.132
417	I	417	0.491236162	-0.48	A	591.861	-31.644	268.889
418	V	418	0.54291939	0.97	A	592.023	-34.34	271.578
419	G	419	0.54291939	1.33	A	588.844	-36.158	270.569
420	M	420	0.527407407	0.61	A	589.867	-36.253	266.905
421	C	421	0.567180032	0.25	A	593.625	-36.883	267.24
422	F	422	0.509007721	1.69	A	594.11	-39.04	270.352
423	Q	423	0.510907003	0.25	A	593.618	-42.362	268.557
424	Y	424	0.549382716	-0.48	A	595.827	-41.22	265.666
425	V	425	0.525461255	0.25	A	598.52	-40.226	268.181
426	E	426	0.523529412	-0.84	A	597.97	-43.553	269.97
427	Q	427	0.519708029	-1.92	A	598.893	-45.745	266.989
428	L	428	0.472461845	-0.84	A	602.299	-43.979	266.928
429	C	429	0.430656934	0.61	A	603.396	-43.491	270.548
430	G	430	0.430656934	-0.48	A	602.359	-46.943	271.755
431	P	431	0.427878788	-0.12	A	602.519	-46.81	275.568
432	Y	432	0.397858552	0.97	A	604.064	-43.312	275.432
433	V	433	0.326286765	-0.48	A	600.98	-41.228	274.575
434	F	434	0.39898563	0.61	A	600.589	-39.826	278.089
435	I	435	0.323636364	0.61	A	604.109	-38.407	277.75
436	I	436	0.323905109	0.97	A	602.582	-35.885	275.346
437	F	437	0.326286765	-0.48	A	600.058	-34.989	278.033
438	T	438	0.303418803	-0.12	A	602.868	-34.964	280.603
439	V	439	0.281746032	-0.12	A	604.813	-32.61	278.321
440	L	440	0.27967437	0.25	A	601.867	-30.223	277.991
441	L	441	0.302299177	0.25	A	600.978	-30.614	281.673
442	V	442	0.374275171	-0.12	A	604.47	-29.209	282.323
443	L	443	0.41087963	-0.48	A	604.326	-26.364	279.787
444	F	444	0.441140025	-0.48	A	601.003	-25.312	281.308
445	F	445	0.44361834	-0.84	A	602.608	-25.62	284.745
446	I	446	0.475305364	0.25	A	605.479	-23.364	283.651
447	F	447	0.511396011	0.25	A	603.078	-20.864	282.077
448	T	448	0.516647532	-0.48	A	600.797	-20.406	285.086
449	Y	449	0.443209877	0.97	A	603.739	-20.247	287.505
450	F	450	0.477960701	0.25	A	605.228	-17.096	285.948
451	K	451	0.478411514	-0.84	A	602.596	-15.513	283.692
452	V	452	0.478411514	-1.56	A	599.34	-16.132	285.623
453	P	453	0.534814815	1.69	A	598.511	-13.691	288.46
454	E	454	0.531365314	0.25	A	596.541	-14.742	291.514
455	T	455	0.629248398	0.25	A	593.077	-13.326	292.165
456	K	NA	0.661764706	0.97	A	NA	NA	NA
457	G	NA	0.659926471	-0.12	A	NA	NA	NA
458	R	NA	0.696472663	0.97	A	NA	NA	NA
459	T	NA	0.731296296	0.97	A	NA	NA	NA
460	F	NA	0.792619926	0.97	A	NA	NA	NA
461	D	NA	0.7875	-1.2	A	NA	NA	NA
462	E	NA	0.7875	0.25	A	NA	NA	NA
463	I	NA	0.822896658	-0.48	A	NA	NA	NA
464	A	NA	0.797833935	0.25	A	NA	NA	NA
465	S	NA	0.803636364	-0.84	A	NA	NA	NA
466	G	NA	0.8125	-1.56	A	NA	NA	NA
467	F	NA	0.801861062	0.25	A	NA	NA	NA
468	R	NA	0.829460967	-0.12	A	NA	NA	NA
469	Q	NA	0.859136852	-0.84	A	NA	NA	NA
470	G	NA	0.883148831	-1.56	A	NA	NA	NA
471	G	NA	0.883950617	-1.2	A	NA	NA	NA
472	A	NA	0.854126394	-1.56	A	NA	NA	NA
473	S	NA	0.831749049	-1.56	A	NA	NA	NA
474	Q	NA	0.80764676	-1.92	A	NA	NA	NA
475	S	NA	0.810782609	-1.2	A	NA	NA	NA
476	D	NA	0.845007452	-1.56	A	NA	NA	NA
477	K	NA	0.869565217	-1.56	A	NA	NA	NA
478	T	NA	0.866741954	-1.56	A	NA	NA	NA
479	P	NA	0.899034594	-1.2	A	NA	NA	NA
480	E	NA	0.895661157	-1.2	A	NA	NA	NA
481	E	NA	0.924528302	-1.2	A	NA	NA	NA
482	L	NA	0.908926729	-1.56	A	NA	NA	NA
483	F	NA	0.913438418	-1.56	A	NA	NA	NA
484	H	NA	0.89122807	-1.92	A	NA	NA	NA
485	P	NA	0.887681159	-0.84	A	NA	NA	NA
486	L	NA	0.852327448	-1.2	A	NA	NA	NA
487	G	NA	0.81216458	-1.2	A	NA	NA	NA
488	A	NA	0.818011257	-0.48	A	NA	NA	NA
489	D	NA	0.766771488	-0.48	A	NA	NA	NA
490	S	NA	0.771381579	-1.56	A	NA	NA	NA
491	Q	NA	0.717310087	-1.2	A	NA	NA	NA
492	V	NA	0.711798839	-2.28	A	NA	NA	NA
