# GENE: SLC2A1
# TOTALSCORE=3109
# LEN=492
# MEAN(SCORE)=6.32
# STD(SCORE)=2.77
# MEDIAN(SCORE)=6
# SCORE>0=0.99
# MEAN(GREATER>0)=6.38
# STD(SCORE>0)=2.70
# MEDIAN(SCORE>0)=6
# MAXSCORES=0.11
#POS	AA	SCORE	SCORE-MEDIAN	(SCORE-MEDIAN)/STD	SCORE-MEAN	(SCORE-MEAN)/STD
1	M	0	-6	-2.17	-6.32	-2.28
2	E	0	-6	-2.17	-6.32	-2.28
3	P	4	-2	-0.72	-2.32	-0.84
4	S	3	-3	-1.08	-3.32	-1.20
5	S	3	-3	-1.08	-3.32	-1.20
6	K	3	-3	-1.08	-3.32	-1.20
7	K	6	0	0.00	-0.32	-0.12
8	L	7	1	0.36	0.68	0.25
9	T	6	0	0.00	-0.32	-0.12
10	G	5	-1	-0.36	-1.32	-0.48
11	R	3	-3	-1.08	-3.32	-1.20
12	L	11	5	1.81	4.68	1.69
13	M	7	1	0.36	0.68	0.25
14	L	7	1	0.36	0.68	0.25
15	A	7	1	0.36	0.68	0.25
16	V	5	-1	-0.36	-1.32	-0.48
17	G	4	-2	-0.72	-2.32	-0.84
18	G	5	-1	-0.36	-1.32	-0.48
19	A	10	4	1.44	3.68	1.33
20	V	6	0	0.00	-0.32	-0.12
21	L	8	2	0.72	1.68	0.61
22	G	11	5	1.81	4.68	1.69
23	S	8	2	0.72	1.68	0.61
24	L	8	2	0.72	1.68	0.61
25	Q	7	1	0.36	0.68	0.25
26	F	9	3	1.08	2.68	0.97
27	G	11	5	1.81	4.68	1.69
28	Y	11	5	1.81	4.68	1.69
29	N	8	2	0.72	1.68	0.61
30	T	6	0	0.00	-0.32	-0.12
31	G	8	2	0.72	1.68	0.61
32	V	7	1	0.36	0.68	0.25
33	I	9	3	1.08	2.68	0.97
34	N	11	5	1.81	4.68	1.69
35	A	7	1	0.36	0.68	0.25
36	P	11	5	1.81	4.68	1.69
37	Q	2	-4	-1.44	-4.32	-1.56
38	K	3	-3	-1.08	-3.32	-1.20
39	V	4	-2	-0.72	-2.32	-0.84
40	I	8	2	0.72	1.68	0.61
41	E	4	-2	-0.72	-2.32	-0.84
42	E	4	-2	-0.72	-2.32	-0.84
43	F	3	-3	-1.08	-3.32	-1.20
44	Y	5	-1	-0.36	-1.32	-0.48
45	N	7	1	0.36	0.68	0.25
46	Q	5	-1	-0.36	-1.32	-0.48
47	T	6	0	0.00	-0.32	-0.12
48	W	7	1	0.36	0.68	0.25
49	V	2	-4	-1.44	-4.32	-1.56
50	H	2	-4	-1.44	-4.32	-1.56
51	R	7	1	0.36	0.68	0.25
52	Y	2	-4	-1.44	-4.32	-1.56
53	G	1	-5	-1.81	-5.32	-1.92
54	E	3	-3	-1.08	-3.32	-1.20
55	S	3	-3	-1.08	-3.32	-1.20
56	I	5	-1	-0.36	-1.32	-0.48
57	L	2	-4	-1.44	-4.32	-1.56
58	P	3	-3	-1.08	-3.32	-1.20
59	T	1	-5	-1.81	-5.32	-1.92
60	T	5	-1	-0.36	-1.32	-0.48
61	L	8	2	0.72	1.68	0.61
62	T	6	0	0.00	-0.32	-0.12
63	T	5	-1	-0.36	-1.32	-0.48
64	L	9	3	1.08	2.68	0.97
65	W	11	5	1.81	4.68	1.69
66	S	8	2	0.72	1.68	0.61
67	L	8	2	0.72	1.68	0.61
68	S	5	-1	-0.36	-1.32	-0.48
69	V	11	5	1.81	4.68	1.69
70	A	8	2	0.72	1.68	0.61
71	I	5	-1	-0.36	-1.32	-0.48
72	F	9	3	1.08	2.68	0.97
73	S	6	0	0.00	-0.32	-0.12
74	V	7	1	0.36	0.68	0.25
75	G	11	5	1.81	4.68	1.69
76	G	11	5	1.81	4.68	1.69
77	M	8	2	0.72	1.68	0.61
78	I	5	-1	-0.36	-1.32	-0.48
79	G	8	2	0.72	1.68	0.61
80	S	7	1	0.36	0.68	0.25
81	F	8	2	0.72	1.68	0.61
82	S	4	-2	-0.72	-2.32	-0.84
83	V	7	1	0.36	0.68	0.25
84	G	5	-1	-0.36	-1.32	-0.48
85	L	4	-2	-0.72	-2.32	-0.84
86	F	8	2	0.72	1.68	0.61
87	V	6	0	0.00	-0.32	-0.12
88	N	3	-3	-1.08	-3.32	-1.20
89	R	2	-4	-1.44	-4.32	-1.56
90	F	7	1	0.36	0.68	0.25
91	G	11	5	1.81	4.68	1.69
92	R	11	5	1.81	4.68	1.69
93	R	5	-1	-0.36	-1.32	-0.48
94	N	3	-3	-1.08	-3.32	-1.20
95	S	7	1	0.36	0.68	0.25
96	M	9	3	1.08	2.68	0.97
97	L	11	5	1.81	4.68	1.69
98	M	6	0	0.00	-0.32	-0.12
99	M	5	-1	-0.36	-1.32	-0.48
100	N	11	5	1.81	4.68	1.69
101	L	7	1	0.36	0.68	0.25
102	L	8	2	0.72	1.68	0.61
103	A	6	0	0.00	-0.32	-0.12
104	F	6	0	0.00	-0.32	-0.12
105	V	5	-1	-0.36	-1.32	-0.48
106	S	6	0	0.00	-0.32	-0.12
107	A	10	4	1.44	3.68	1.33
108	V	5	-1	-0.36	-1.32	-0.48
109	L	8	2	0.72	1.68	0.61
110	M	9	3	1.08	2.68	0.97
111	G	10	4	1.44	3.68	1.33
112	F	7	1	0.36	0.68	0.25
113	S	7	1	0.36	0.68	0.25
114	K	4	-2	-0.72	-2.32	-0.84
115	L	3	-3	-1.08	-3.32	-1.20
116	G	10	4	1.44	3.68	1.33
117	K	2	-4	-1.44	-4.32	-1.56
118	S	8	2	0.72	1.68	0.61
119	F	4	-2	-0.72	-2.32	-0.84
120	E	5	-1	-0.36	-1.32	-0.48
121	M	9	3	1.08	2.68	0.97
122	L	10	4	1.44	3.68	1.33
123	I	8	2	0.72	1.68	0.61
124	L	6	0	0.00	-0.32	-0.12
125	G	8	2	0.72	1.68	0.61
126	R	11	5	1.81	4.68	1.69
127	F	4	-2	-0.72	-2.32	-0.84
128	I	9	3	1.08	2.68	0.97
129	I	5	-1	-0.36	-1.32	-0.48
130	G	11	5	1.81	4.68	1.69
131	V	7	1	0.36	0.68	0.25
132	Y	4	-2	-0.72	-2.32	-0.84
133	C	7	1	0.36	0.68	0.25
134	G	11	5	1.81	4.68	1.69
135	L	9	3	1.08	2.68	0.97
136	T	5	-1	-0.36	-1.32	-0.48
137	T	4	-2	-0.72	-2.32	-0.84
138	G	7	1	0.36	0.68	0.25
139	F	6	0	0.00	-0.32	-0.12
140	V	6	0	0.00	-0.32	-0.12
141	P	11	5	1.81	4.68	1.69
142	M	11	5	1.81	4.68	1.69
143	Y	11	5	1.81	4.68	1.69
144	V	9	3	1.08	2.68	0.97
145	G	8	2	0.72	1.68	0.61
146	E	11	5	1.81	4.68	1.69
147	V	5	-1	-0.36	-1.32	-0.48
148	S	8	2	0.72	1.68	0.61
149	P	11	5	1.81	4.68	1.69
150	T	6	0	0.00	-0.32	-0.12
151	A	2	-4	-1.44	-4.32	-1.56
152	L	10	4	1.44	3.68	1.33
153	R	11	5	1.81	4.68	1.69
154	G	11	5	1.81	4.68	1.69
155	A	6	0	0.00	-0.32	-0.12
156	L	7	1	0.36	0.68	0.25
157	G	10	4	1.44	3.68	1.33
158	T	6	0	0.00	-0.32	-0.12
159	L	4	-2	-0.72	-2.32	-0.84
160	H	2	-4	-1.44	-4.32	-1.56
161	Q	4	-2	-0.72	-2.32	-0.84
162	L	9	3	1.08	2.68	0.97
163	G	7	1	0.36	0.68	0.25
164	I	6	0	0.00	-0.32	-0.12
165	V	5	-1	-0.36	-1.32	-0.48
166	V	6	0	0.00	-0.32	-0.12
167	G	11	5	1.81	4.68	1.69
168	I	9	3	1.08	2.68	0.97
169	L	7	1	0.36	0.68	0.25
170	I	6	0	0.00	-0.32	-0.12
171	A	8	2	0.72	1.68	0.61
172	Q	11	5	1.81	4.68	1.69
173	V	9	3	1.08	2.68	0.97
174	F	7	1	0.36	0.68	0.25
175	G	8	2	0.72	1.68	0.61
176	L	11	5	1.81	4.68	1.69
177	D	4	-2	-0.72	-2.32	-0.84
178	S	2	-4	-1.44	-4.32	-1.56
179	I	10	4	1.44	3.68	1.33
180	M	9	3	1.08	2.68	0.97
181	G	10	4	1.44	3.68	1.33
182	N	4	-2	-0.72	-2.32	-0.84
183	K	0	-6	-2.17	-6.32	-2.28
184	D	4	-2	-0.72	-2.32	-0.84
185	L	5	-1	-0.36	-1.32	-0.48
186	W	11	5	1.81	4.68	1.69
187	P	3	-3	-1.08	-3.32	-1.20
188	L	6	0	0.00	-0.32	-0.12
189	L	11	5	1.81	4.68	1.69
190	L	8	2	0.72	1.68	0.61
191	S	8	2	0.72	1.68	0.61
192	I	4	-2	-0.72	-2.32	-0.84
193	I	5	-1	-0.36	-1.32	-0.48
194	F	6	0	0.00	-0.32	-0.12
195	I	9	3	1.08	2.68	0.97
196	P	5	-1	-0.36	-1.32	-0.48
197	A	10	4	1.44	3.68	1.33
198	L	7	1	0.36	0.68	0.25
199	L	9	3	1.08	2.68	0.97
200	Q	11	5	1.81	4.68	1.69
201	C	5	-1	-0.36	-1.32	-0.48
202	I	7	1	0.36	0.68	0.25
203	V	5	-1	-0.36	-1.32	-0.48
204	L	11	5	1.81	4.68	1.69
205	P	6	0	0.00	-0.32	-0.12
206	F	7	1	0.36	0.68	0.25
207	C	7	1	0.36	0.68	0.25
208	P	11	5	1.81	4.68	1.69
209	E	9	3	1.08	2.68	0.97
210	S	11	5	1.81	4.68	1.69
211	P	11	5	1.81	4.68	1.69
212	R	11	5	1.81	4.68	1.69
213	F	9	3	1.08	2.68	0.97
214	L	5	-1	-0.36	-1.32	-0.48
215	L	7	1	0.36	0.68	0.25
216	I	10	4	1.44	3.68	1.33
217	N	3	-3	-1.08	-3.32	-1.20
218	R	4	-2	-0.72	-2.32	-0.84
219	N	2	-4	-1.44	-4.32	-1.56
220	E	3	-3	-1.08	-3.32	-1.20
221	E	7	1	0.36	0.68	0.25
222	N	3	-3	-1.08	-3.32	-1.20
223	R	3	-3	-1.08	-3.32	-1.20
224	A	9	3	1.08	2.68	0.97
225	K	4	-2	-0.72	-2.32	-0.84
226	S	4	-2	-0.72	-2.32	-0.84
227	V	5	-1	-0.36	-1.32	-0.48
228	L	8	2	0.72	1.68	0.61
229	K	7	1	0.36	0.68	0.25
230	K	6	0	0.00	-0.32	-0.12
231	L	8	2	0.72	1.68	0.61
232	R	3	-3	-1.08	-3.32	-1.20
233	G	11	5	1.81	4.68	1.69
234	T	4	-2	-0.72	-2.32	-0.84
235	A	4	-2	-0.72	-2.32	-0.84
236	D	7	1	0.36	0.68	0.25
237	V	8	2	0.72	1.68	0.61
238	T	4	-2	-0.72	-2.32	-0.84
239	H	3	-3	-1.08	-3.32	-1.20
240	D	4	-2	-0.72	-2.32	-0.84
241	L	9	3	1.08	2.68	0.97
242	Q	4	-2	-0.72	-2.32	-0.84
243	E	9	3	1.08	2.68	0.97
244	M	8	2	0.72	1.68	0.61
245	K	4	-2	-0.72	-2.32	-0.84
246	E	3	-3	-1.08	-3.32	-1.20
247	E	11	5	1.81	4.68	1.69
248	S	3	-3	-1.08	-3.32	-1.20
249	R	3	-3	-1.08	-3.32	-1.20
250	Q	2	-4	-1.44	-4.32	-1.56
251	M	3	-3	-1.08	-3.32	-1.20
252	M	3	-3	-1.08	-3.32	-1.20
253	R	4	-2	-0.72	-2.32	-0.84
254	E	3	-3	-1.08	-3.32	-1.20
255	K	4	-2	-0.72	-2.32	-0.84
256	K	1	-5	-1.81	-5.32	-1.92
257	V	4	-2	-0.72	-2.32	-0.84
258	T	6	0	0.00	-0.32	-0.12
259	I	6	0	0.00	-0.32	-0.12
260	L	7	1	0.36	0.68	0.25
261	E	5	-1	-0.36	-1.32	-0.48
262	L	11	5	1.81	4.68	1.69
263	F	7	1	0.36	0.68	0.25
264	R	4	-2	-0.72	-2.32	-0.84
265	S	2	-4	-1.44	-4.32	-1.56
266	P	4	-2	-0.72	-2.32	-0.84
267	A	5	-1	-0.36	-1.32	-0.48
268	Y	4	-2	-0.72	-2.32	-0.84
269	R	11	5	1.81	4.68	1.69
270	Q	6	0	0.00	-0.32	-0.12
271	P	7	1	0.36	0.68	0.25
272	I	9	3	1.08	2.68	0.97
273	L	6	0	0.00	-0.32	-0.12
274	I	5	-1	-0.36	-1.32	-0.48
275	A	5	-1	-0.36	-1.32	-0.48
276	V	9	3	1.08	2.68	0.97
277	V	8	2	0.72	1.68	0.61
278	L	6	0	0.00	-0.32	-0.12
279	Q	3	-3	-1.08	-3.32	-1.20
280	L	5	-1	-0.36	-1.32	-0.48
281	S	7	1	0.36	0.68	0.25
282	Q	7	1	0.36	0.68	0.25
283	Q	8	2	0.72	1.68	0.61
284	L	8	2	0.72	1.68	0.61
285	S	7	1	0.36	0.68	0.25
286	G	11	5	1.81	4.68	1.69
287	I	6	0	0.00	-0.32	-0.12
288	N	8	2	0.72	1.68	0.61
289	A	8	2	0.72	1.68	0.61
290	V	9	3	1.08	2.68	0.97
291	F	6	0	0.00	-0.32	-0.12
292	Y	6	0	0.00	-0.32	-0.12
293	Y	11	5	1.81	4.68	1.69
294	S	7	1	0.36	0.68	0.25
295	T	7	1	0.36	0.68	0.25
296	S	6	0	0.00	-0.32	-0.12
297	I	9	3	1.08	2.68	0.97
298	F	9	3	1.08	2.68	0.97
299	E	2	-4	-1.44	-4.32	-1.56
300	K	4	-2	-0.72	-2.32	-0.84
301	A	11	5	1.81	4.68	1.69
302	G	11	5	1.81	4.68	1.69
303	V	9	3	1.08	2.68	0.97
304	Q	3	-3	-1.08	-3.32	-1.20
305	Q	2	-4	-1.44	-4.32	-1.56
306	P	3	-3	-1.08	-3.32	-1.20
307	V	4	-2	-0.72	-2.32	-0.84
308	Y	11	5	1.81	4.68	1.69
309	A	8	2	0.72	1.68	0.61
310	T	6	0	0.00	-0.32	-0.12
311	I	7	1	0.36	0.68	0.25
312	G	8	2	0.72	1.68	0.61
313	S	6	0	0.00	-0.32	-0.12
314	G	11	5	1.81	4.68	1.69
315	I	5	-1	-0.36	-1.32	-0.48
316	V	8	2	0.72	1.68	0.61
317	N	7	1	0.36	0.68	0.25
318	T	6	0	0.00	-0.32	-0.12
319	A	7	1	0.36	0.68	0.25
320	F	5	-1	-0.36	-1.32	-0.48
321	T	7	1	0.36	0.68	0.25
322	V	6	0	0.00	-0.32	-0.12
323	V	5	-1	-0.36	-1.32	-0.48
324	S	8	2	0.72	1.68	0.61
325	L	7	1	0.36	0.68	0.25
326	F	6	0	0.00	-0.32	-0.12
327	V	7	1	0.36	0.68	0.25
328	V	9	3	1.08	2.68	0.97
329	E	9	3	1.08	2.68	0.97
330	R	3	-3	-1.08	-3.32	-1.20
331	A	1	-5	-1.81	-5.32	-1.92
332	G	3	-3	-1.08	-3.32	-1.20
333	R	3	-3	-1.08	-3.32	-1.20
334	R	3	-3	-1.08	-3.32	-1.20
335	T	0	-6	-2.17	-6.32	-2.28
336	L	2	-4	-1.44	-4.32	-1.56
337	H	1	-5	-1.81	-5.32	-1.92
338	L	1	-5	-1.81	-5.32	-1.92
339	I	1	-5	-1.81	-5.32	-1.92
340	G	11	5	1.81	4.68	1.69
341	L	7	1	0.36	0.68	0.25
342	A	8	2	0.72	1.68	0.61
343	G	7	1	0.36	0.68	0.25
344	M	7	1	0.36	0.68	0.25
345	A	6	0	0.00	-0.32	-0.12
346	G	4	-2	-0.72	-2.32	-0.84
347	C	6	0	0.00	-0.32	-0.12
348	A	5	-1	-0.36	-1.32	-0.48
349	I	5	-1	-0.36	-1.32	-0.48
350	L	5	-1	-0.36	-1.32	-0.48
351	M	5	-1	-0.36	-1.32	-0.48
352	T	7	1	0.36	0.68	0.25
353	I	5	-1	-0.36	-1.32	-0.48
354	A	5	-1	-0.36	-1.32	-0.48
355	L	5	-1	-0.36	-1.32	-0.48
356	A	4	-2	-0.72	-2.32	-0.84
357	L	4	-2	-0.72	-2.32	-0.84
358	L	5	-1	-0.36	-1.32	-0.48
359	E	6	0	0.00	-0.32	-0.12
360	Q	4	-2	-0.72	-2.32	-0.84
361	L	5	-1	-0.36	-1.32	-0.48
362	P	7	1	0.36	0.68	0.25
363	W	3	-3	-1.08	-3.32	-1.20
364	M	6	0	0.00	-0.32	-0.12
365	S	4	-2	-0.72	-2.32	-0.84
366	Y	9	3	1.08	2.68	0.97
367	L	9	3	1.08	2.68	0.97
368	S	7	1	0.36	0.68	0.25
369	I	9	3	1.08	2.68	0.97
370	V	7	1	0.36	0.68	0.25
371	A	9	3	1.08	2.68	0.97
372	I	9	3	1.08	2.68	0.97
373	F	8	2	0.72	1.68	0.61
374	G	5	-1	-0.36	-1.32	-0.48
375	F	7	1	0.36	0.68	0.25
376	V	9	3	1.08	2.68	0.97
377	A	5	-1	-0.36	-1.32	-0.48
378	F	5	-1	-0.36	-1.32	-0.48
379	F	7	1	0.36	0.68	0.25
380	E	4	-2	-0.72	-2.32	-0.84
381	V	5	-1	-0.36	-1.32	-0.48
382	G	11	5	1.81	4.68	1.69
383	P	11	5	1.81	4.68	1.69
384	G	8	2	0.72	1.68	0.61
385	P	7	1	0.36	0.68	0.25
386	I	9	3	1.08	2.68	0.97
387	P	8	2	0.72	1.68	0.61
388	W	5	-1	-0.36	-1.32	-0.48
389	F	7	1	0.36	0.68	0.25
390	I	8	2	0.72	1.68	0.61
391	V	3	-3	-1.08	-3.32	-1.20
392	A	7	1	0.36	0.68	0.25
393	E	11	5	1.81	4.68	1.69
394	L	8	2	0.72	1.68	0.61
395	F	11	5	1.81	4.68	1.69
396	S	3	-3	-1.08	-3.32	-1.20
397	Q	11	5	1.81	4.68	1.69
398	G	6	0	0.00	-0.32	-0.12
399	P	5	-1	-0.36	-1.32	-0.48
400	R	11	5	1.81	4.68	1.69
401	P	5	-1	-0.36	-1.32	-0.48
402	A	8	2	0.72	1.68	0.61
403	A	11	5	1.81	4.68	1.69
404	I	7	1	0.36	0.68	0.25
405	A	7	1	0.36	0.68	0.25
406	V	9	3	1.08	2.68	0.97
407	A	5	-1	-0.36	-1.32	-0.48
408	G	10	4	1.44	3.68	1.33
409	F	5	-1	-0.36	-1.32	-0.48
410	S	5	-1	-0.36	-1.32	-0.48
411	N	4	-2	-0.72	-2.32	-0.84
412	W	11	5	1.81	4.68	1.69
413	T	6	0	0.00	-0.32	-0.12
414	S	6	0	0.00	-0.32	-0.12
415	N	6	0	0.00	-0.32	-0.12
416	F	8	2	0.72	1.68	0.61
417	I	5	-1	-0.36	-1.32	-0.48
418	V	9	3	1.08	2.68	0.97
419	G	10	4	1.44	3.68	1.33
420	M	8	2	0.72	1.68	0.61
421	C	7	1	0.36	0.68	0.25
422	F	11	5	1.81	4.68	1.69
423	Q	7	1	0.36	0.68	0.25
424	Y	5	-1	-0.36	-1.32	-0.48
425	V	7	1	0.36	0.68	0.25
426	E	4	-2	-0.72	-2.32	-0.84
427	Q	1	-5	-1.81	-5.32	-1.92
428	L	4	-2	-0.72	-2.32	-0.84
429	C	8	2	0.72	1.68	0.61
430	G	5	-1	-0.36	-1.32	-0.48
431	P	6	0	0.00	-0.32	-0.12
432	Y	9	3	1.08	2.68	0.97
433	V	5	-1	-0.36	-1.32	-0.48
434	F	8	2	0.72	1.68	0.61
435	I	8	2	0.72	1.68	0.61
436	I	9	3	1.08	2.68	0.97
437	F	5	-1	-0.36	-1.32	-0.48
438	T	6	0	0.00	-0.32	-0.12
439	V	6	0	0.00	-0.32	-0.12
440	L	7	1	0.36	0.68	0.25
441	L	7	1	0.36	0.68	0.25
442	V	6	0	0.00	-0.32	-0.12
443	L	5	-1	-0.36	-1.32	-0.48
444	F	5	-1	-0.36	-1.32	-0.48
445	F	4	-2	-0.72	-2.32	-0.84
446	I	7	1	0.36	0.68	0.25
447	F	7	1	0.36	0.68	0.25
448	T	5	-1	-0.36	-1.32	-0.48
449	Y	9	3	1.08	2.68	0.97
450	F	7	1	0.36	0.68	0.25
451	K	4	-2	-0.72	-2.32	-0.84
452	V	2	-4	-1.44	-4.32	-1.56
453	P	11	5	1.81	4.68	1.69
454	E	7	1	0.36	0.68	0.25
455	T	7	1	0.36	0.68	0.25
456	K	9	3	1.08	2.68	0.97
457	G	6	0	0.00	-0.32	-0.12
458	R	9	3	1.08	2.68	0.97
459	T	9	3	1.08	2.68	0.97
460	F	9	3	1.08	2.68	0.97
461	D	3	-3	-1.08	-3.32	-1.20
462	E	7	1	0.36	0.68	0.25
463	I	5	-1	-0.36	-1.32	-0.48
464	A	7	1	0.36	0.68	0.25
465	S	4	-2	-0.72	-2.32	-0.84
466	G	2	-4	-1.44	-4.32	-1.56
467	F	7	1	0.36	0.68	0.25
468	R	6	0	0.00	-0.32	-0.12
469	Q	4	-2	-0.72	-2.32	-0.84
470	G	2	-4	-1.44	-4.32	-1.56
471	G	3	-3	-1.08	-3.32	-1.20
472	A	2	-4	-1.44	-4.32	-1.56
473	S	2	-4	-1.44	-4.32	-1.56
474	Q	1	-5	-1.81	-5.32	-1.92
475	S	3	-3	-1.08	-3.32	-1.20
476	D	2	-4	-1.44	-4.32	-1.56
477	K	2	-4	-1.44	-4.32	-1.56
478	T	2	-4	-1.44	-4.32	-1.56
479	P	3	-3	-1.08	-3.32	-1.20
480	E	3	-3	-1.08	-3.32	-1.20
481	E	3	-3	-1.08	-3.32	-1.20
482	L	2	-4	-1.44	-4.32	-1.56
483	F	2	-4	-1.44	-4.32	-1.56
484	H	1	-5	-1.81	-5.32	-1.92
485	P	4	-2	-0.72	-2.32	-0.84
486	L	3	-3	-1.08	-3.32	-1.20
487	G	3	-3	-1.08	-3.32	-1.20
488	A	5	-1	-0.36	-1.32	-0.48
489	D	5	-1	-0.36	-1.32	-0.48
490	S	2	-4	-1.44	-4.32	-1.56
491	Q	3	-3	-1.08	-3.32	-1.20
492	V	0	-6	-2.17	-6.32	-2.28
