Uniprot_position	aminoacid	Position_in_structure	x	y	z	paraz	mtr	paraz3dscore	mtr3dscore	PER3D_OR	PER3D_pvalue	PER3D	Essential3D
4	E	4	1.982	43.423	202.472	0.25	0.398684210526316	-0.00603035745946037	-0.5153006488673777	0	1	No-PER3D	No-Essential3D
5	K	5	-1.291	44.093	200.62	0.25	0.400632911392405	-0.20781581344939287	-0.5744704303899323	0	1	No-PER3D	No-Essential3D
6	T	6	-1.118	43.396	196.888	0.25	0.36144578313253	0.0948623705355059	-0.5261011499333779	0	1	No-PER3D	No-Essential3D
7	H	7	-1.162	46.281	194.397	0.25	0.363107822410148	0.6536528640460882	-0.6359346179455845	0	1	No-PER3D	No-Essential3D
8	I	8	-4.13	46.751	192.084	0.25	0.409110442629996	0.29423775808838587	-0.6476473271519472	0	0.5781617167311419	No-PER3D	No-Essential3D
9	N	9	-4.714	48.963	189.038	0.25	0.378378378378378	0.7506651025027866	-0.687912978210094	1.9824395996891857	0.5004546645500362	No-PER3D	No-Essential3D
10	I	10	-8.156	50.459	188.243	0.25	0.376488095238095	0.7639404614494927	-0.49739430511238003	3.9743334010412585	0.3686302010285179	No-PER3D	No-Essential3D
11	V	11	-9.363	52.002	184.988	0.25	0.349748743718593	0.8011114665002697	-0.5845188730412642	4.342142270528842	0.09730610093060256	No-PER3D	No-Essential3D
12	V	12	-12.556	54.097	185.139	0.25	0.329656862745098	1.0028969224902022	-0.6431071146592514	4.342142270528842	0.09730610093060256	No-PER3D	No-Essential3D
13	I	13	-14.851	53.792	182.109	0.25	0.311484593837535	1.0028969224902022	-0.521107150189307	3.6132558279407014	0.08080135281610197	No-PER3D	No-Essential3D
14	G	14	-18.42	54.87	181.194	0.25	0.311195445920304	1.0028969224902022	-0.6452845783285437	1.6140581146056547	0.6284668346447352	No-PER3D	No-Essential3D
15	H	15	-20.2	57.161	178.698	0.25	0.309542483660131	1.0028969224902022	-1.1076815626234047	4.342142270528842	0.09730610093060256	No-PER3D	No-Essential3D
16	V	16	-19.173	60.834	178.254	0.25	0.291187739463602	1.0028969224902022	-0.9337592962435101	4.147483387935166	0.18407595209839245	No-PER3D	No-Essential3D
17	D	17	-20.656	62.739	181.242	0.25	0.291027429102743	1.0028969224902022	-1.1489911194358309	1.310662477921643	1	No-PER3D	No-Essential3D
18	S	18	-21.636	59.607	183.314	0.25	0.292063492063492	1.0028969224902022	-0.759811190371121	1.6140581146056547	0.6284668346447352	No-PER3D	No-Essential3D
19	G	19	-19.607	61.15	186.169	0.25	0.291887125220459	0.3554327443325279	-0.6236269938079273	1.310662477921643	1	No-PER3D	No-Essential3D
20	K	20	-16.225	59.406	185.876	0.25	0.290862290862291	1.0028969224902022	-0.5649628827819847	0.9725060942045823	1	No-PER3D	No-Essential3D
21	S	21	-14.277	62.617	186.742	0.25	0.289891395154553	1.0028969224902022	-0.8547223498920103	1.9824395996891857	0.5004546645500362	No-PER3D	No-Essential3D
22	T	22	-16.514	63.465	189.722	0.25	0.243613138686131	0.15310018865825473	-0.4085383907980027	0	1	No-PER3D	No-Essential3D
23	T	23	-16.656	59.904	191.199	0.25	0.303743315508021	0.4243119122216422	0.023744977872870977	0	1	No-PER3D	No-Essential3D
24	T	24	-12.878	59.276	190.823	0.25	0.286868686868687	0.8282748932681452	-0.5722517008377825	1.310662477921643	1	No-PER3D	No-Essential3D
25	G	25	-12.081	62.722	192.309	0.25	0.286868686868687	0.3230595354246443	-0.8039478797228753	3.9743334010412585	0.3686302010285179	No-PER3D	No-Essential3D
26	H	26	-14.438	62.281	195.286	0.25	0.305710605410047	0.24752204797291555	0.02646984341712805	0	1	No-PER3D	No-Essential3D
27	L	27	-13.086	58.725	195.941	0.25	0.288726682887267	-0.004973889103492143	0.027727891758240312	0	1	No-PER3D	No-Essential3D
28	I	28	-9.491	60.122	196.032	0.25	0.288970288970289	0.7639404614494927	-0.7716525119188139	0	1	No-PER3D	No-Essential3D
29	Y	29	-10.502	63.095	198.297	0.25	0.303743315508021	1.0028969224902022	-0.7035303105501859	1.9824395996891857	0.5004546645500362	No-PER3D	No-Essential3D
30	K	30	-12.181	60.833	200.784	0.25	0.243818681318681	0.06519018171012224	0.10818630384696971	0	1	No-PER3D	No-Essential3D
31	C	31	-9.601	57.992	200.983	0.25	0.185243328100471	0.3766661970042047	-0.37158064095938165	0	1	No-PER3D	No-Essential3D
32	G	32	-6.989	60.463	202.343	0.25	0.185399159663866	1.0028969224902022	-1.019359865427754	0	1	No-PER3D	No-Essential3D
33	G	33	-4.137	59.622	199.929	0.25	0.185399159663866	0.6536528640460882	-1.1412423673938088	0	1	No-PER3D	No-Essential3D
34	I	34	-3.752	63.348	199.293	0.25	0.298393913778529	1.0028969224902022	-1.2472413007225394	1.9824395996891857	0.5004546645500362	No-PER3D	No-Essential3D
35	D	35	-3.555	65.975	202.082	0.25	0.275286757038582	1.0028969224902022	-1.1491903142776076	3.9743334010412585	0.3686302010285179	No-PER3D	No-Essential3D
36	K	36	-5.866	69.051	202.223	0.25	0.275735294117647	1.0028969224902022	-0.9937255949849174	3.9743334010412585	0.3686302010285179	No-PER3D	No-Essential3D
37	R	37	-3.225	71.698	201.258	0.25	0.296945701357466	1.0028969224902022	-0.9425193779265619	3.9743334010412585	0.3686302010285179	No-PER3D	No-Essential3D
38	T	38	-2.08	69.634	198.227	0.25	0.275171323141803	1.0028969224902022	-1.1705668112515013	3.9743334010412585	0.3686302010285179	No-PER3D	No-Essential3D
39	I	39	-5.798	69.28	197.144	0.25	0.214022140221402	1.0028969224902022	-1.2656178487246665	3.9743334010412585	0.3686302010285179	No-PER3D	No-Essential3D
40	E	40	-6.17	73.089	197.651	0.25	0.234149614223415	1.0028969224902022	-1.2471361848511697	3.9743334010412585	0.3686302010285179	No-PER3D	No-Essential3D
41	K	41	-3.129	73.815	195.447	0.25	0.214460784313725	1.0028969224902022	-1.1876476171657233	3.9743334010412585	0.3686302010285179	No-PER3D	No-Essential3D
42	F	42	-4.528	71.718	192.544	0.25	0.213064713064713	1.0028969224902022	-1.4297076218339726	3.9743334010412585	0.3686302010285179	No-PER3D	No-Essential3D
43	E	43	-8.103	73.041	193.123	0.25	0.233288770053476	1.0028969224902022	-1.4486257667395086	3.9743334010412585	0.3686302010285179	No-PER3D	No-Essential3D
44	K	44	-6.676	76.599	192.899	0.25	0.254945054945055	1.0028969224902022	-1.4138782290151677	1.9824395996891857	0.5004546645500362	No-PER3D	No-Essential3D
45	E	45	-4.513	75.672	189.837	0.25	0.196111580726965	1.0028969224902022	-1.461837551903251	1.9824395996891857	0.5004546645500362	No-PER3D	No-Essential3D
46	A	46	-7.489	74.137	187.928	0.25	0.180917622523462	1.0028969224902022	-1.6479020339114945	3.9743334010412585	0.3686302010285179	No-PER3D	No-Essential3D
47	A	47	-9.582	77.342	188.365	0.25	0.196266968325792	1.0028969224902022	-1.5548454019153686	3.9743334010412585	0.3686302010285179	No-PER3D	No-Essential3D
48	E	48	-7.279	80.029	186.818	0.25	0.19498450267681	1.0028969224902022	-1.4143205310916749	3.9743334010412585	0.3686302010285179	No-PER3D	No-Essential3D
49	M	49	-9.648	80.65	183.846	0.25	0.195701357466063	1.0028969224902022	-1.477077748801203	0	1	No-PER3D	No-Essential3D
50	G	50	-12.56	81.762	186.127	0.25	0.182773109243697	1.0028969224902022	-1.477077748801203	0	1	No-PER3D	No-Essential3D
51	K	51	-15.1	79.546	184.285	0.25	0.171078431372549	1.0028969224902022	-1.6130772617054103	0	1	No-PER3D	No-Essential3D
52	G	52	-17.401	79.12	187.338	0.25	0.17220172201722	1.0028969224902022	-1.6130772617054103	0	1	No-PER3D	No-Essential3D
53	S	53	-15.922	76.111	189.161	0.25	0.17142857142857101	1.0028969224902022	-1.6247506323245502	0	1	No-PER3D	No-Essential3D
54	F	54	-15.378	72.368	188.404	0.25	0.0850909090909091	1.0028969224902022	-1.3951200570635858	3.9743334010412585	0.3686302010285179	No-PER3D	No-Essential3D
55	K	55	-15.414	70.382	191.724	0.25	0.0911688311688312	0.06519018171012224	-0.9418139371756626	3.9743334010412585	0.3686302010285179	No-PER3D	No-Essential3D
56	Y	56	-13.577	66.96	192.13	0.25	0.0918367346938775	0.17885160483498042	-0.7918155295138732	3.9743334010412585	0.3686302010285179	No-PER3D	No-Essential3D
57	A	57	-12.921	66.94	188.363	0.25	0.092436974789916	1.0028969224902022	-1.1195691803188987	3.9743334010412585	0.3686302010285179	No-PER3D	No-Essential3D
58	W	58	-9.223	68.002	188.306	0.25	0.0919117647058823	1.0028969224902022	-1.5176885599326058	3.9743334010412585	0.3686302010285179	No-PER3D	No-Essential3D
59	V	59	-8.118	64.609	189.74	0.25	0.0913134484563056	1.0028969224902022	-1.3992614798577314	4.147483387935166	0.18407595209839245	No-PER3D	No-Essential3D
60	L	60	-9.117	62.725	186.535	0.25	0.0909801876955162	1.0028969224902022	-1.2316184829064516	8.310283410863544	0.10498127398548157	No-PER3D	No-Essential3D
61	D	61	-8.311	65.639	184.164	0.25	0.0849148418491484	1.0028969224902022	-1.5184495690977675	25.72916752058656	0.039971949509116374	PER3D	Essential3D
62	K	62	-4.814	65.769	185.634	0.25	0.0854700854700855	1.0028969224902022	-1.5570028324259457	25.72916752058656	0.039971949509116374	PER3D	Essential3D
63	L	63	-4.296	61.922	185.578	0.25	0.0861008610086101	1.0028969224902022	-1.416561231394663	25.72916752058656	0.0074672872709338305	PER3D	Essential3D
64	K	64	-5.444	61.743	181.927	0.25	0.080719557195572	1.0028969224902022	-1.1584861289620816	6.55570125383758	0.05610254032019953	No-PER3D	No-Essential3D
65	A	65	-3.082	64.599	180.926	0.25	0	1.0028969224902022	-1.4435552437375117	24.72916752058656	0.0011644595063288053	PER3D	Essential3D
66	E	66	-0.1	62.893	182.661	0.25	0.0862453531598513	1.0028969224902022	-1.6674447583627052	24.72916752058656	0.0011644595063288053	PER3D	Essential3D
67	R	67	-0.852	59.626	180.716	0.25	0.0859259259259259	1.0028969224902022	-1.4030426776438532	12.336395194732805	0.003532480231064614	PER3D	Essential3D
68	E	68	0.052	61.239	177.352	0.25	0.0859259259259259	1.0028969224902022	-1.3344160666029488	12.336395194732805	0.003532480231064614	PER3D	Essential3D
69	R	69	3.234	60.714	175.261	0.25	0.0923280423280423	1.0028969224902022	-1.5895674825663662	18.567493302731666	0.005742632907484688	PER3D	Essential3D
70	G	70	4.948	57.932	177.251	0.25	0.0930170575692964	1.0028969224902022	-1.601106446839911	18.567493302731666	0.005742632907484688	PER3D	Essential3D
71	I	71	6.304	59.661	180.385	0.25	0.0861728395061729	1.0028969224902022	-1.9231978953153157	25.72916752058656	0.039971949509116374	PER3D	Essential3D
72	T	72	4.875	59.041	183.83	0.25	0.0929368029739777	1.0028969224902022	-1.8833119658138069	25.72916752058656	0.0074672872709338305	PER3D	Essential3D
73	I	73	6.822	61.152	186.349	0.25	0.1	1.0028969224902022	-2.184773566927995	25.72916752058656	0.039971949509116374	PER3D	Essential3D
74	D	74	4.897	60.534	189.578	0.25	0.1	1.0028969224902022	-1.9000871966138306	25.72916752058656	0.2043010752688172	No-PER3D	No-Essential3D
75	I	75	1.58	58.725	190.227	0.25	0.0928571428571428	0.6396831017083237	-1.6505577555999325	25.72916752058656	0.039971949509116374	PER3D	Essential3D
76	S	76	1.484	59.082	194.103	0.25	0.118959107806691	0.6080992912055517	-1.4175664440267515	0	1	No-PER3D	No-Essential3D
77	L	77	-1.707	61.212	193.87	0.25	0.130627306273063	0.7191361250043595	-1.4089211587932418	1.9824395996891857	0.5004546645500362	No-PER3D	No-Essential3D
78	W	78	-3.934	58.413	192.491	0.25	0.108058608058608	0.7639404614494927	-1.240922949447751	1.9824395996891857	0.5004546645500362	No-PER3D	No-Essential3D
79	K	79	-2.877	55.664	194.878	0.25	0.108669108669109	0.7002187385053034	-1.0864179696722	0	1	No-PER3D	No-Essential3D
80	F	80	-5.125	55.02	197.867	0.25	0.107968369829684	0.46875895075214563	-0.8294169644984752	0	1	No-PER3D	No-Essential3D
81	E	81	-5.534	52.383	200.537	0.25	0.18308406395049	0.4170681792936239	-0.6061050871188363	0	1	No-PER3D	No-Essential3D
82	T	82	-8.481	50.057	201.2	0.25	0.196458218040952	-0.09218717338583522	-0.37791994356489067	0	0.5781617167311419	No-PER3D	No-Essential3D
83	T	83	-8.895	47.294	203.904	-1.66	0.197011621472053	-0.584975016530052	-0.19983107603732086	0	1	No-PER3D	No-Essential3D
84	K	84	-7.453	44.645	201.577	0.25	0.273425499231951	-0.44062302207366527	-0.30502937535873903	0	0.5781617167311419	No-PER3D	No-Essential3D
85	Y	85	-5.514	46.584	198.851	0.25	0.296347537354732	-0.17330451382109724	-0.39378494737908815	0	0.5781617167311419	No-PER3D	No-Essential3D
86	Y	86	-3.429	49.457	197.589	0.25	0.296347537354732	0.3302787358570938	-0.6337210404707019	0	1	No-PER3D	No-Essential3D
87	I	87	-5.411	50.719	194.6	-1.66	0.298250485976118	0.5120674349471231	-0.7995470643753265	0	1	No-PER3D	No-Essential3D
88	T	88	-4.099	53.006	191.804	0.25	0.296347537354732	0.7506651025027866	-0.998801559937302	1.310662477921643	1	No-PER3D	No-Essential3D
89	I	89	-6.327	54.83	189.302	0.25	0.323104693140794	0.7917260964542263	-1.079209910623918	1.310662477921643	1	No-PER3D	No-Essential3D
90	I	90	-4.391	54.139	186.066	0.25	0.32078853046595	0.7917260964542263	-1.2692881051892844	13.141171834075694	0.025886595872570584	PER3D	Essential3D
91	D	91	-6.264	55.752	183.164	0.25	0.31875	1.0028969224902022	-1.0613099041534328	6.55570125383758	0.05610254032019953	No-PER3D	No-Essential3D
92	A	92	-9.744	56.851	181.917	0.25	0.348973607038123	1.0028969224902022	-0.9136513625942745	4.562604317051628	0.051950243514500075	No-PER3D	No-Essential3D
93	P	93	-11.368	57.711	178.474	0.25	0.348973607038123	1.0028969224902022	-0.6596316241728224	8.17089265154217	0.008158381181711305	PER3D	Essential3D
94	G	94	-11.298	61.17	176.858	0.25	0.351493272070889	1.0028969224902022	-0.5803163226233913	8.17089265154217	0.008158381181711305	PER3D	Essential3D
95	H	95	-7.636	61.863	175.944	0.25	0.38804347826087	1.0028969224902022	-0.8180766001349565	12.336395194732805	0.003532480231064614	PER3D	Essential3D
96	R	96	-5.357	61.269	172.876	0.25	0.389454545454545	1.0028969224902022	-0.6805369551493721	15.845896688782172	7.569396606765935e-4	PER3D	Essential3D
97	D	97	-3.358	58.243	174.006	0.25	0.288484848484849	1.0028969224902022	-0.7617054474658885	19.91199006011866	1.4740918247373698e-4	PER3D	Essential3D
98	F	98	-6.329	56.401	175.873	0.25	0.288484848484849	1.0028969224902022	-0.6492899588193445	15.845896688782172	7.569396606765935e-4	PER3D	Essential3D
99	I	99	-6.919	53.555	173.336	0.25	0.291159772911598	1.0028969224902022	-0.470069346024445	15.845896688782172	7.569396606765935e-4	PER3D	Essential3D
100	K	100	-3.168	53.418	172.623	0.25	0.23976023976024	1.0028969224902022	-0.7316100102508213	19.91199006011866	1.4740918247373698e-4	PER3D	Essential3D
101	N	101	-2.291	53.151	176.355	0.25	0.241529688024153	1.0028969224902022	-0.9089363324424005	24.67277748813402	2.6125056708882325e-5	PER3D	Essential3D
102	M	102	-4.832	50.342	176.717	0.25	0.241529688024153	1.0028969224902022	-0.5119172776133031	9.824255926045597	0.001035608392643263	PER3D	Essential3D
103	I	103	-3.805	48.352	173.547	0.25	0.21978021978022	0.671268928799686	-0.7152206299696527	10.501904698641226	0.0019760006170823122	PER3D	Essential3D
104	T	104	-0.043	48.707	174.322	0.25	0.20157215047726	1.0028969224902022	-0.9581770212075156	24.72916752058656	0.0011644595063288053	PER3D	Essential3D
105	G	105	-0.755	47.914	177.985	0.25	0.202874049027895	1.0028969224902022	-0.9374282487729879	15.845896688782172	7.569396606765935e-4	PER3D	Essential3D
106	T	106	1.31	50.811	179.407	0.25	0.20400112707805	1.0028969224902022	-1.273467820921897	24.72916752058656	0.0011644595063288053	PER3D	Essential3D
107	S	107	-1.891	51.384	181.226	0.25	0.204379562043796	1.0028969224902022	-1.0429925261352637	24.72916752058656	0.0011644595063288053	PER3D	Essential3D
108	Q	108	-2.932	47.876	182.312	0.25	0.19047619047619	1.0028969224902022	-0.584448749711187	4.342142270528842	0.09730610093060256	No-PER3D	No-Essential3D
109	A	109	-5.907	47.381	184.663	0.25	0.220802919708029	0.7639404614494927	-0.45487491502875793	1.9824395996891857	0.5004546645500362	No-PER3D	No-Essential3D
110	D	110	-6.784	44.578	187.148	0.25	0.203076923076923	0.4061313103623569	-0.3652817422465939	0.7687149388141754	1	No-PER3D	No-Essential3D
111	C	111	-10.396	45.796	187.253	0.25	0.203818079730489	0.00801294141865392	-0.13836295165574927	0.9725060942045823	1	No-PER3D	No-Essential3D
112	A	112	-12.574	48.274	185.396	0.25	0.132600732600733	0.41173397721580396	-0.19044265501838833	0.9725060942045823	1	No-PER3D	No-Essential3D
113	V	113	-14.994	50.57	187.264	0.25	0.132600732600733	0.617510753063067	-0.07568056394853129	1.310662477921643	1	No-PER3D	No-Essential3D
114	L	114	-17.838	51.195	184.81	0.25	0.120989304812834	0.6255396315927989	-0.1332658617052525	0	0.5793466557290881	No-PER3D	No-Essential3D
115	I	115	-19.762	54.379	185.628	0.25	0	1.0028969224902022	-0.26269767900859786	0.7687149388141754	1	No-PER3D	No-Essential3D
116	V	116	-23.364	54.397	184.423	0.25	0	1.0028969224902022	-0.35867441073857653	1.1245925765147584	1	No-PER3D	No-Essential3D
117	A	117	-25.516	57.534	184.931	0.25	0	1.0028969224902022	-0.30762072426225284	0.9708836873386024	1	No-PER3D	No-Essential3D
118	A	118	-29.077	57.077	186.234	0.25	0	0.11615250457860482	0.03853723350793112	0.7551141887599955	1	No-PER3D	No-Essential3D
119	G	119	-30.884	60.426	185.606	0.25	0	0.399125257054357	-0.4258456079743485	1.6140581146056547	0.6284668346447352	No-PER3D	No-Essential3D
120	V	120	-33.725	60.333	183.016	0.25	0	0.21536866322605627	-0.5375857689768392	1.6140581146056547	0.6284668346447352	No-PER3D	No-Essential3D
121	G	121	-32.42	59.721	179.432	0.25	0	1.0028969224902022	-1.5253410793282023	2.745915511939618	0.2693915599505212	No-PER3D	No-Essential3D
122	E	122	-28.693	59.738	180.569	0.25	0	1.0028969224902022	-1.1316276487456485	2.0400140396723057	0.5984672622868566	No-PER3D	No-Essential3D
123	F	123	-28.662	55.937	181.02	0.25	0	1.0028969224902022	-0.7998663208999709	1.3289221581235808	0.6642623887819534	No-PER3D	No-Essential3D
124	E	124	-30.636	55.307	177.79	0.25	0	1.0028969224902022	-1.438805485661006	2.745915511939618	0.2693915599505212	No-PER3D	No-Essential3D
125	A	125	-28.24	57.507	175.722	0.25	0	1.0028969224902022	-1.9033148022018143	2.0400140396723057	0.5984672622868566	No-PER3D	No-Essential3D
126	G	126	-25.218	55.685	177.257	0.25	0	1.0028969224902022	-1.331483502510067	2.0400140396723057	0.5984672622868566	No-PER3D	No-Essential3D
127	I	127	-26.639	52.143	176.599	0.25	0.105917159763314	0.4540135902757975	-0.8914985070381976	1.3289221581235808	0.6642623887819534	No-PER3D	No-Essential3D
128	S	128	-27.883	52.863	173.045	0.25	0.105917159763314	1.0028969224902022	-1.156694403213707	4.147483387935166	0.18407595209839245	No-PER3D	No-Essential3D
129	K	129	-25.905	51.759	169.957	0.25	0.197252747252747	1.0028969224902022	-0.8542135516819316	1.9824395996891857	0.5004546645500362	No-PER3D	No-Essential3D
130	N	130	-24.809	55.468	169.916	0.25	0.197252747252747	1.0028969224902022	-0.9842749171064668	4.147483387935166	0.18407595209839245	No-PER3D	No-Essential3D
131	G	131	-23.496	55.116	173.506	0.25	0.231912144702842	1.0028969224902022	-1.1041752126193132	4.342142270528842	0.09730610093060256	No-PER3D	No-Essential3D
132	Q	132	-20.118	54.217	175.002	0.25	0.233463035019455	1.0028969224902022	-0.8073242612156358	4.342142270528842	0.09730610093060256	No-PER3D	No-Essential3D
133	T	133	-21.34	52.179	178.086	0.25	0.231660231660232	1.0028969224902022	-0.5536988365795135	2.5551372525032288	0.3532113666240574	No-PER3D	No-Essential3D
134	R	134	-21.482	49.096	175.884	0.25	0.230128205128205	0.513352328893571	-0.3634087701588445	1.6140581146056547	0.6284668346447352	No-PER3D	No-Essential3D
135	E	135	-18.33	49.903	173.949	0.25	0.339962121212121	1.0028969224902022	-0.15922377702984516	0.7687149388141754	1	No-PER3D	No-Essential3D
136	H	136	-16.298	50.502	177.109	0.25	0.338679245283019	1.0028969224902022	-0.17145949759234813	2.104788098964341	0.3823415417150349	No-PER3D	No-Essential3D
137	A	137	-17.599	47.226	178.641	0.25	0.369468267581475	1.0028969224902022	0.11268258642382437	0.5347847818663005	1	No-PER3D	No-Essential3D
138	L	138	-16.722	45.46	175.343	0.25	0.338679245283019	1.0028969224902022	0.2724512284216928	0.7687149388141754	1	No-PER3D	No-Essential3D
139	L	139	-13.265	47.145	175.284	0.25	0.367053998632946	0.7196313445462198	-0.11384896394863231	3.361276847450128	0.06446934139042833	No-PER3D	No-Essential3D
140	A	140	-12.632	45.951	178.868	0.25	0.367053998632946	1.0028969224902022	-0.19808497193246652	1.3289221581235808	0.6642623887819534	No-PER3D	No-Essential3D
141	Y	141	-13.604	42.334	177.945	0.25	0.403759398496241	0.023807735296939664	-0.09414430050869184	0.7687149388141754	1	No-PER3D	No-Essential3D
142	T	142	-11.342	42.472	174.81	0.25	0.486671223513329	-0.3810766238281832	-0.25276689263268	2.5551372525032288	0.3532113666240574	No-PER3D	No-Essential3D
143	L	143	-8.386	43.452	177.001	0.25	0.486210418794688	-0.18336611721127094	-0.6460027363021005	1.6140581146056547	0.6284668346447352	No-PER3D	No-Essential3D
144	G	144	-8.976	40.538	179.406	0.25	0.446115288220551	0.04957324022307818	-0.4920179530390809	1.6140581146056547	0.6284668346447352	No-PER3D	No-Essential3D
145	V	145	-10.053	43.055	182.145	0.25	0.446115288220551	0.5611127770493398	-0.313608321499292	0	1	No-PER3D	No-Essential3D
146	K	146	-11.168	40.491	184.028	0.25	0.557644110275689	0.49975386796033117	-0.027982207472108188	0	0.5781617167311419	No-PER3D	No-Essential3D
147	Q	147	-13.032	42.033	186.959	0.25	0.511856564488144	-0.39956482005762717	0.4604921646752994	0	0.1121028474815033	No-PER3D	No-Essential3D
148	L	148	-15.764	44.57	186.486	0.25	0.530337078651685	-0.30606737055443856	0.4427444781897759	0	0.19571092842029716	No-PER3D	No-Essential3D
149	I	149	-17.516	46.821	189.017	0.25	0.564498933901919	-0.35677785164091375	0.7438683894930002	0	0.19571092842029716	No-PER3D	No-Essential3D
150	V	150	-20.556	48.823	187.875	0.25	0.566098081023454	-0.20570287673745644	0.4624535253963582	0	0.19993984845929702	No-PER3D	No-Essential3D
151	G	151	-21.069	52.164	189.676	0.25	0.570354457572503	0.017969847583730963	0.6367449371943551	0	0.34033907375697875	No-PER3D	No-Essential3D
152	V	152	-24.729	53.089	189.105	0.25	0.528838951310862	0.02504224124548765	0.6700356490350979	0.4614687249088515	0.6800618057804496	No-PER3D	No-Essential3D
153	N	153	-24.04	56.807	189.488	0.25	0.544393038114122	0.4363657666022372	0.49654814918931506	0.5347847818663005	1	No-PER3D	No-Essential3D
154	K	154	-26.198	59.908	189.862	0.25	0.544393038114122	-0.15881193509178948	0.4840472016200243	0.6324237140058899	1	No-PER3D	No-Essential3D
155	M	155	-28.704	58.207	192.164	0.25	0.50843621399177	-0.5421880481133386	1.0098201369809234	0.4614687249088515	0.6800618057804496	No-PER3D	No-Essential3D
156	D	156	-29.602	61.622	193.667	0.25	0.598175059141602	-1.4038700509499287	1.4638084960674898	0	0.19993984845929702	No-PER3D	No-Essential3D
157	S	157	-30.998	62.839	190.296	0.25	0.599250936329588	-0.6151975577132862	0.5788502816271462	0.5347847818663005	1	No-PER3D	No-Essential3D
158	T	158	-33.356	59.921	189.493	0.25	0.591044776119403	-0.1295994240950305	0.32722023981516224	0.7687149388141754	1	No-PER3D	No-Essential3D
159	E	159	-37.152	60.4	189.473	0.25	0.557142857142857	-0.7587640610868264	0.31878008824403453	0	0.5781617167311419	No-PER3D	No-Essential3D
160	P	160	-38.022	60.416	192.38	0.25	0.490196078431373	-0.862391177767828	0.6477678979286702	0	0.34033907375697875	No-PER3D	No-Essential3D
161	A	161	-34.59	61.006	194.01	-3.56	0.501672240802676	-0.5825979627291236	0.9299954282734052	0	0.34033907375697875	No-PER3D	No-Essential3D
162	Y	162	-32.713	57.793	194.908	0.25	0.504538939321548	-1.6876308484357714	1.7607497992532049	0	0.19571092842029716	No-PER3D	No-Essential3D
163	S	163	-35.284	55.464	193.212	0.25	0.534188034188034	-0.40366318867991774	1.2730812007391694	0	0.19571092842029716	No-PER3D	No-Essential3D
164	E	164	-34.845	51.705	193.767	-2.61	0.528381642512077	-0.45389747836456495	1.7773075103814742	0	0.19571092842029716	No-PER3D	No-Essential3D
165	K	165	-37.036	51.082	190.642	0.25	0.551354757403907	-1.0366152387064718	1.2874021865620362	0	0.5781617167311419	No-PER3D	No-Essential3D
166	R	166	-34.525	53.024	188.51	0.25	0.496219281663516	-0.271798178257719	0.14787756407510236	1.3289221581235808	0.6642623887819534	No-PER3D	No-Essential3D
167	Y	167	-31.555	51.232	190.095	0.25	0.499446640316206	-0.04300674991834855	0.9968297286026676	0	0.19993984845929702	No-PER3D	No-Essential3D
168	D	168	-33.11	47.721	189.387	-1.66	0.502697556331323	0.016936345931153396	1.5113177978169139	0	1	No-PER3D	No-Essential3D
169	E	169	-33.931	48.672	185.761	0.25	0.558552840368137	-0.9394956119828205	0.5735741307852263	0.7687149388141754	1	No-PER3D	No-Essential3D
170	I	170	-30.28	49.787	185.162	0.25	0.533333333333333	-0.07053053077120514	0.036391872232180336	1.3289221581235808	0.6642623887819534	No-PER3D	No-Essential3D
171	V	171	-28.91	46.653	186.881	0.25	0.616296296296296	-1.5293645089695378	0.9759484603651263	0	0.19993984845929702	No-PER3D	No-Essential3D
172	K	172	-31.151	44.306	184.825	0.25	0.594285714285714	-1.7164526257720298	1.5004592000992591	0	0.19993984845929702	No-PER3D	No-Essential3D
173	E	173	-30.461	46.065	181.454	0.25	0.56682769726248	-0.04300674991834855	0.3605083870284092	0.6324237140058899	1	No-PER3D	No-Essential3D
174	V	174	-26.673	46.385	182.02	0.25	0.570965125709651	-0.7653991977127245	0.2965747019304173	0.3211679261786725	0.448015806958186	No-PER3D	No-Essential3D
175	S	175	-26.4	42.744	183.283	0.25	0.596787827557058	-1.335817301003991	1.19608367161983	0	0.20526816504215542	No-PER3D	No-Essential3D
176	A	176	-28.097	41.428	180.099	-3.56	0.62169741697417	-1.1545623844477824	1.3398039211422152	0	0.19993984845929702	No-PER3D	No-Essential3D
177	Y	177	-25.688	43.42	177.886	0.25	0.593634686346864	0.2783709239671879	0.7323387362961636	0	0.34033907375697875	No-PER3D	No-Essential3D
178	I	178	-22.512	42.331	179.761	0.25	0.64760147601476	-0.3700317273794243	0.8496580076657133	0	0.19571092842029716	No-PER3D	No-Essential3D
179	K	179	-23.762	38.689	179.685	0.25	0.614906832298137	-1.0564960523142375	1.3033790135333092	0	0.19993984845929702	No-PER3D	No-Essential3D
180	K	180	-23.834	39.02	175.866	0.25	0.614408124404951	-0.06258248710246583	1.230780758573804	0	0.5793466557290881	No-PER3D	No-Essential3D
181	I	181	-20.216	40.387	175.894	0.25	0.607753884790457	0.21536866322605627	0.7526782395926601	0	0.337701748714528	No-PER3D	No-Essential3D
182	G	182	-18.906	37.387	177.865	0.25	0.584541062801932	-0.7396663638827853	0.9458869280439832	0	0.19993984845929702	No-PER3D	No-Essential3D
183	Y	183	-18.971	38.748	181.426	0.25	0.584085439229844	-0.559401196326959	1.2511270413418287	0	0.19571092842029716	No-PER3D	No-Essential3D
184	N	184	-20.821	36.691	183.96	0.25	0.583471074380165	-2.2584208923837332	2.0015420615956043	0	0.337701748714528	No-PER3D	No-Essential3D
185	P	185	-23.16	39.345	185.594	0.25	0.587259455872595	-1.8085839524011216	1.9350498338865192	0	0.19571092842029716	No-PER3D	No-Essential3D
186	A	186	-23.493	37.311	188.816	-5.47	0.619222047793476	-1.7148679232380775	2.3829174015226937	0	0.20526816504215542	No-PER3D	No-Essential3D
187	T	187	-19.789	38.138	189.488	0.25	0.531550802139037	-1.6876308484357714	2.170891898527402	0	0.20526816504215542	No-PER3D	No-Essential3D
188	V	188	-20.126	41.914	188.985	0.25	0.528776978417266	-1.3753454053387864	1.4742238115458337	0	0.1121028474815033	No-PER3D	No-Essential3D
189	P	189	-21.007	44.187	191.938	-3.56	0.532608695652174	-1.4782944735266195	1.5564451225257843	0	0.20526816504215542	No-PER3D	No-Essential3D
190	F	190	-23.544	46.885	191.01	0.25	0.564311594202899	-1.2105271284209167	1.4158357171324423	0	0.19571092842029716	No-PER3D	No-Essential3D
191	V	191	-23.117	49.779	193.428	0.25	0.642599277978339	-0.35677785164091375	1.5883720592304396	0	0.337701748714528	No-PER3D	No-Essential3D
192	P	192	-25.726	52.638	193.583	0.25	0.676047397376217	-0.2560612017052756	1.6346736716899404	0	0.0632401460490055	No-PER3D	No-Essential3D
193	I	193	-23.666	55.787	194.312	0.25	0.680399235506477	-0.6852773651496243	1.3665975904889685	0	0.20526816504215542	No-PER3D	No-Essential3D
194	S	194	-23.779	59.532	194.055	0.25	0.678488001698875	-0.2920314338251463	1.1173011470866392	0	0.337701748714528	No-PER3D	No-Essential3D
195	G	195	-20.285	60.462	192.936	0.25	0.716276978417266	0.1392340414861717	0.4146249682956806	0	1	No-PER3D	No-Essential3D
196	W	196	-21.124	64.168	193.543	0.25	0.721467391304348	0.12568739079270805	0.42853678487770785	0	1	No-PER3D	No-Essential3D
197	H	197	-22.772	64.075	197.043	-5.47	0.796480144404332	-0.6151975577132862	1.3659497082844367	0	0.34033907375697875	No-PER3D	No-Essential3D
198	G	198	-20.755	61.096	198.283	0.25	0.800992779783394	-0.5967204588405224	1.3922085307327863	0	0.34033907375697875	No-PER3D	No-Essential3D
199	D	199	-23.704	58.678	198.897	0.25	0.798736462093863	-1.0685356754617976	2.078619661391308	0	0.19993984845929702	No-PER3D	No-Essential3D
200	N	200	-22.643	55.062	199.297	0.25	0.766787003610108	-0.7653991977127245	2.212963760413657	0	0.19571092842029716	No-PER3D	No-Essential3D
201	M	201	-18.935	55.509	198.378	0.25	0.826863354037267	-0.507852826544371	1.4088914103731076	0	0.5781617167311419	No-PER3D	No-Essential3D
202	L	202	-17.134	54.698	201.64	0.25	0.699048244174598	-0.8637894447095508	1.1613647578913615	0	0.5793466557290881	No-PER3D	No-Essential3D
203	E	203	-20.182	53.901	203.762	0.25	0.815556284870364	-0.7396663638827853	2.1383261679697325	0	0.34033907375697875	No-PER3D	No-Essential3D
204	P	204	-24.009	53.246	203.403	0.25	0.814271749755621	-0.675126982906008	2.819384583079951	0	0.19993984845929702	No-PER3D	No-Essential3D
205	S	205	-26.298	56.186	202.463	0.25	0.859205776173285	-1.6822934822623903	2.768537064837565	0	0.19993984845929702	No-PER3D	No-Essential3D
206	P	206	-29.19	57.49	204.714	-3.56	0.859205776173285	-1.6621998684331905	3.1187861916751602	0	0.337701748714528	No-PER3D	No-Essential3D
207	N	207	-30.73	58.467	201.3	0.25	0.859205776173285	-2.206125708763306	2.5441432212882593	0	0.19571092842029716	No-PER3D	No-Essential3D
208	M	208	-30.889	54.749	200.281	0.25	0.895484949832776	-1.9592778140514975	2.5282851484734934	0	0.20526816504215542	No-PER3D	No-Essential3D
209	P	209	-32.606	52.837	203.227	0.25	0.798881118881119	-1.9278705873604962	2.9187092150034473	0	0.19993984845929702	No-PER3D	No-Essential3D
210	W	210	-33.988	50.456	200.571	0.25	0.793756967670011	-2.0972816662997364	2.6967659827328356	0	0.19571092842029716	No-PER3D	No-Essential3D
211	F	211	-30.514	49.351	199.455	0.25	0.835245046923879	-1.4250937456010764	2.5739584256221955	0	0.20526816504215542	No-PER3D	No-Essential3D
212	K	212	-29.646	46.228	201.484	0.25	0.838304552590267	-2.0972816662997364	3.0063263724029414	0	0.5793466557290881	No-PER3D	No-Essential3D
213	G	213	-26.356	45.706	199.613	0.25	0.896223776223776	-1.178710232584199	2.6354591556281117	0	0.34033907375697875	No-PER3D	No-Essential3D
214	W	214	-24.963	43.968	196.551	0.25	0.974452554744525	-2.3291731996349	2.218278536645246	0	0.20526816504215542	No-PER3D	No-Essential3D
215	K	215	-23.883	40.335	196.221	0.25	0.970909090909091	-3.0051814864600477	2.5123008542907095	0	0.19993984845929702	No-PER3D	No-Essential3D
216	V	216	-21.503	38.476	193.886	0.25	0.974452554744525	-2.470771031933348	2.280312448256877	0	0.19571092842029716	No-PER3D	No-Essential3D
217	E	217	-21.278	34.726	193.175	-3.56	0.983516483516483	-3.780263559155973	2.953470704135676	0	0.19993984845929702	No-PER3D	No-Essential3D
218	R	218	-17.969	33.691	191.627	0.25	0.990774907749078	-3.096954918920805	2.385027763577754	0	0.19993984845929702	No-PER3D	No-Essential3D
219	K	219	-16.085	30.412	191.129	0.25	0.990774907749078	-3.1807177671440003	2.712650400885892	0	0.337701748714528	No-PER3D	No-Essential3D
220	E	220	-13.473	31.634	193.661	-1.66	0.921361166714327	-1.910691879219332	2.175251800384174	0	0.5793466557290881	No-PER3D	No-Essential3D
221	G	221	-15.987	32.329	196.506	0.25	0.928262748487468	-3.5293523246135172	2.7903419391210367	0	0.34033907375697875	No-PER3D	No-Essential3D
222	N	222	-19.045	34.495	197.172	0.25	0.904040404040404	-3.5285182706482794	2.663300576446155	0	0.34033907375697875	No-PER3D	No-Essential3D
223	A	223	-18.909	37.998	198.673	0.25	0.670411985018727	-3.165504622818058	2.3752591428192336	0	0.337701748714528	No-PER3D	No-Essential3D
224	S	224	-21.293	40.851	199.541	0.25	0.670411985018727	-2.7188901715350298	2.205450678760069	0	0.337701748714528	No-PER3D	No-Essential3D
225	G	225	-21.098	44.514	200.632	0.25	0.609465440926115	-1.028254566716999	2.3026707382855363	0	0.5793466557290881	No-PER3D	No-Essential3D
226	V	226	-22.946	47.84	200.487	-3.56	0.611756664388243	-0.7295558183041753	2.4334238751755266	0	0.337701748714528	No-PER3D	No-Essential3D
227	S	227	-20.404	50.541	199.535	-1.66	0.56077694235589	-0.5890866771586851	2.190837777706278	0	0.34033907375697875	No-PER3D	No-Essential3D
228	L	228	-18.201	51.323	196.517	0.25	0.494987901832008	-0.36694943069604974	1.286598070824479	0	0.34033907375697875	No-PER3D	No-Essential3D
229	L	229	-15.199	50.864	198.84	0.25	0.500699300699301	-0.876714887902548	0.6943401135913966	0	0.34033907375697875	No-PER3D	No-Essential3D
230	E	230	-16.298	47.324	199.86	0.25	0.502632502632503	-1.1901269067535332	1.544095004049246	0	0.5793466557290881	No-PER3D	No-Essential3D
231	A	231	-16.835	46.555	196.12	0.25	0.462033462033462	-0.6552430459623783	1.2735086436669916	0	0.5793466557290881	No-PER3D	No-Essential3D
232	L	232	-13.157	47.531	195.495	0.25	0.462033462033462	-0.7485595371939514	0.31857232252945694	0	0.34033907375697875	No-PER3D	No-Essential3D
233	D	233	-12.019	45.087	198.244	0.25	0.465116279069768	-1.405355709575509	0.32709358040017367	0	0.34033907375697875	No-PER3D	No-Essential3D
234	T	234	-13.925	42.263	196.471	-2.61	0.346899224806202	-1.5694607582983955	1.3470413291797594	0	0.34033907375697875	No-PER3D	No-Essential3D
235	I	235	-11.63	42.531	193.358	0.25	0.347868217054264	-0.36805503711508625	0.5249866134333795	0	0.337701748714528	No-PER3D	No-Essential3D
236	L	236	-9.827	39.244	192.785	0.25	0.25369978858351	0.3157122782217743	0.7952585706459904	0	0.337701748714528	No-PER3D	No-Essential3D
237	P	237	-6.081	39.592	192.031	0.25	0.25369978858351	-0.17330451382109724	-0.21343750239357429	0	0.5793466557290881	No-PER3D	No-Essential3D
238	P	238	-4.454	38.344	188.724	0.25	0.255394411036434	1.0028969224902022	-0.826256837910152	0	0.5793466557290881	No-PER3D	No-Essential3D
239	T	239	-5.57	34.761	187.648	0.25	0.139922480620155	-0.1794289680585943	-0.25482913809491725	0	0.34033907375697875	No-PER3D	No-Essential3D
240	R	240	-1.933	33.716	188.182	0.25	0.156506701253783	1.0028969224902022	-1.1009652778683174	0	0.5793466557290881	No-PER3D	No-Essential3D
241	P	241	-0.341	32.606	184.884	0.25	0.17724609375	-0.1794289680585943	-1.0544377143405035	0.6324237140058899	1	No-PER3D	No-Essential3D
242	T	242	1.045	29.24	186.133	0.25	0	0.6080992912055517	-0.9182098418144985	0.5347847818663005	1	No-PER3D	No-Essential3D
243	D	243	-2.55	27.874	186.494	0.25	0	-0.8107951276182619	-0.9616530122373814	0.6324237140058899	1	No-PER3D	No-Essential3D
244	K	244	-3.039	28.224	182.693	0.25	0	-0.34057867018273413	-0.4596536301248067	1.1245925765147584	1	No-PER3D	No-Essential3D
245	P	245	-2.368	25.713	179.845	0.25	0	-0.5089092949003393	0.04343450020832738	0.8511113382449088	1	No-PER3D	No-Essential3D
246	L	246	1.337	25.67	178.71	0.25	0	-0.357966378541378	0.06692923809479863	0.507426475123685	0.5103451327130694	No-PER3D	No-Essential3D
247	R	247	2.337	28.278	176.082	0.25	0	-0.20018336859198974	0.08912178177948152	0.5551483656401723	0.7277905507516735	No-PER3D	No-Essential3D
248	L	248	6.008	28.578	175.162	0.25	0	0.45807619131738436	0.19458381650737896	0.7397667238698631	0.9999999999999999	No-PER3D	No-Essential3D
249	P	249	6.939	30.813	172.137	0.25	0	0.6164992408073527	0.25775266519511586	0.46602983429541095	0.5086477645079444	No-PER3D	No-Essential3D
250	L	250	10.131	29.546	170.382	0.25	0	0.5120674349471231	0.3786549148082601	0.35863471968127447	0.45042171564516814	No-PER3D	No-Essential3D
251	Q	251	12.922	32.148	170.276	0.25	0	0.3766661970042047	0.3986301561871661	0.40438249321614933	0.6810140027870556	No-PER3D	No-Essential3D
252	D	252	15.502	29.906	168.649	0.25	0	0.6785988682206678	0.11664936103112734	0.4614687249088515	0.6800618057804496	No-PER3D	No-Essential3D
253	V	253	16.037	26.252	167.773	0.25	0	0.3975405545204047	0.08269327504869387	1.3289221581235808	0.6642623887819534	No-PER3D	No-Essential3D
254	Y	254	19.572	24.831	167.984	0.25	0	0.666587829173648	-0.1335820137606342	2.0400140396723057	0.5984672622868566	No-PER3D	No-Essential3D
255	K	255	21.298	21.697	166.719	0.25	0	0.6396831017083237	-0.0465292149564651	2.745915511939618	0.2693915599505212	No-PER3D	No-Essential3D
256	I	256	23.493	20.572	169.681	0.25	0	1.0028969224902022	-0.32429374756732415	0	1	No-PER3D	No-Essential3D
257	G	257	26.081	17.737	169.338	0.25	0	1.0028969224902022	-1.0205869367586542	0	1	No-PER3D	No-Essential3D
258	G	258	25.168	14.492	171.163	0.25	0.238188976377953	1.0028969224902022	-0.6483890907549673	0	1	No-PER3D	No-Essential3D
259	I	259	21.781	15.845	172.335	0.25	0.357283464566929	1.0028969224902022	-0.18647769921587307	25.72916752058656	0.2043010752688172	No-PER3D	No-Essential3D
260	G	260	20.011	16.807	169.065	0.25	0.3544921875	1.0028969224902022	-0.20005427108021231	3.9743334010412585	0.3686302010285179	No-PER3D	No-Essential3D
261	T	261	17.349	19.499	168.994	0.25	0.47265625	0.7191361250043595	-0.05959783953385884	2.745915511939618	0.2693915599505212	No-PER3D	No-Essential3D
262	V	262	17.077	22.175	171.673	0.25	0.53173828125	0.7506651025027866	-0.21636310349156007	1.6140581146056547	0.6284668346447352	No-PER3D	No-Essential3D
263	P	263	14.296	24.772	171.175	0.25	0.53173828125	0.5805552704182504	0.08788664623892277	0.9708836873386024	1	No-PER3D	No-Essential3D
264	V	264	14.865	27.824	173.373	0.25	0.53173828125	0.5249840004087831	-0.06173565370389461	0.35863471968127447	0.45042171564516814	No-PER3D	No-Essential3D
265	G	265	11.985	29.986	174.46	0.25	0.609375	0.7758882845015281	0.09844965833796993	0.28991957987508515	0.29138987846811465	No-PER3D	No-Essential3D
266	R	266	10.225	31.593	177.367	0.25	0.533203125	0.5372381778980502	0.03297239797578032	0.9708836873386024	1	No-PER3D	No-Essential3D
267	V	267	7.328	30.009	179.262	0.25	0.531128404669261	0.3543008139511334	-0.20875567651477586	0.3211679261786725	0.448015806958186	No-PER3D	No-Essential3D
268	E	268	4.557	32.653	179.052	0.25	0.527616279069768	0.022522841350491856	-0.4384959503909157	0.35863471968127447	0.45042171564516814	No-PER3D	No-Essential3D
269	T	269	1.828	30.524	180.696	0.25	0.52557915057915106	-0.03349853471463446	-0.4214143644852069	0.35863471968127447	0.45042171564516814	No-PER3D	No-Essential3D
270	G	270	1.623	27.117	182.398	0.25	0.522115384615385	-0.1687605639029543	-0.24273832649558175	0.6107665679971903	0.7269263937699327	No-PER3D	No-Essential3D
271	I	271	4.435	24.74	183.354	-1.66	0.463320463320463	-0.09775101927306605	-0.28451165623091723	0.6107665679971903	0.7269263937699327	No-PER3D	No-Essential3D
272	L	272	6.958	22.864	181.21	0.25	0.46640826873385	0.21330165992090108	-0.07585778933461113	0.6107665679971903	0.7269263937699327	No-PER3D	No-Essential3D
273	R	273	8.55	19.745	182.808	-1.66	0.46692607003891	0.46875895075214563	-0.017989494017925163	1.3289221581235808	0.6642623887819534	No-PER3D	No-Essential3D
274	P	274	10.608	16.764	181.465	0.25	0.461538461538462	0.3302787358570938	0.13658796846249713	0.7687149388141754	1	No-PER3D	No-Essential3D
275	G	275	8.422	13.88	180.13	0.25	0.414503816793893	0.5704995167974897	0.2005457511900971	0.9725060942045823	1	No-PER3D	No-Essential3D
276	M	276	5.637	16.036	178.72	0.25	0.376425855513308	-0.20781581344939287	0.47867478556222076	1.3289221581235808	0.6642623887819534	No-PER3D	No-Essential3D
277	V	277	3.903	15.221	175.478	0.25	0.412927756653992	-0.2495645284817927	0.44366290180179746	1.5389162709803887	0.6899814806203513	No-PER3D	No-Essential3D
278	V	278	3.869	18.625	173.73	0.25	0.412927756653992	-0.33797751703356993	0.27941090898970755	1.519738375643863	0.49869119527570627	No-PER3D	No-Essential3D
279	T	279	2.282	19.978	170.485	0.25	0.460559796437659	-0.2146184389609932	0.26648507449198355	1.3494627488066335	0.7051043352242363	No-PER3D	No-Essential3D
280	F	280	4.071	22.618	168.361	0.25	0.550570342205323	0.053181008537828985	0.36325227787907977	1.1975901649008533	0.7246316575831253	No-PER3D	No-Essential3D
281	A	281	1.909	25.057	166.362	0.25	0.497245179063361	-0.07696466136018458	0.2539237618835032	0.35863471968127447	0.45042171564516814	No-PER3D	No-Essential3D
282	P	282	1.258	25.992	163.566	0.25	0.497245179063361	-0.5086654945105004	0.2447263441764297	0.8511113382449088	1	No-PER3D	No-Essential3D
283	V	283	3.19	22.955	162.159	0.25	0.49913584514345	-0.37147236604665373	0.24507435969556135	0.4614687249088515	0.6800618057804496	No-PER3D	No-Essential3D
284	N	284	1.135	20.381	164.213	0.25	0.457541191381496	-0.6814154850248665	0.16323851591533803	0.5347847818663005	1	No-PER3D	No-Essential3D
285	I	285	3.982	18.194	165.482	-1.66	0.457541191381496	-0.19063430176548846	0.42591007009339715	0.8511113382449088	1	No-PER3D	No-Essential3D
286	T	286	3.779	16.359	168.844	0.25	0.454088050314465	-0.13148597473068802	0.4001233135794285	0.9708836873386024	1	No-PER3D	No-Essential3D
287	T	287	6.749	14.893	170.798	0.25	0.449004975124378	0.20168996488311722	0.23685499599893847	1.6140581146056547	0.6284668346447352	No-PER3D	No-Essential3D
288	E	288	8.217	14.122	174.299	0.25	0.449004975124378	0.12415380769533481	0.32503402888515154	1.3289221581235808	0.6642623887819534	No-PER3D	No-Essential3D
289	V	289	10.556	16.524	176.219	0.25	0.338951310861423	0.5120674349471231	0.4517695468976012	1.6140581146056547	0.6284668346447352	No-PER3D	No-Essential3D
290	K	290	13.571	14.501	177.493	0.25	0.244677255829672	0.666587829173648	0.1645066236856354	0.9725060942045823	1	No-PER3D	No-Essential3D
291	S	291	15.565	17.417	178.987	0.25	0.333948339483395	0.7099825508919131	0.05749673544660373	0.9725060942045823	1	No-PER3D	No-Essential3D
292	V	292	14.733	20.953	180.242	0.25	0.223456790123457	0.5249840004087831	0.1743070848513613	0.5347847818663005	1	No-PER3D	No-Essential3D
293	E	293	17.661	23.352	180.857	0.25	0.284401260504202	0.7002187385053034	0.0807551996293683	0.6324237140058899	1	No-PER3D	No-Essential3D
294	M	294	18.188	26.871	182.281	0.25	0.281298701298701	0.6785988682206678	0.09560871424095968	0	0.34033907375697875	No-PER3D	No-Essential3D
295	H	295	21.49	28.551	183.284	0.25	0.281298701298701	1.0028969224902022	-0.17855611942339436	0	1	No-PER3D	No-Essential3D
296	H	296	23.291	25.313	182.16	0.25	0.281543274244004	1.0028969224902022	-0.3069125594588463	0	1	No-PER3D	No-Essential3D
297	E	297	21.403	23.197	184.745	0.25	0.306556911722963	1.0028969224902022	-0.46707547307441333	0	1	No-PER3D	No-Essential3D
298	A	298	18.461	20.793	184.369	0.25	0.304581447963801	0.5249840004087831	-0.3145378587581555	0.9725060942045823	1	No-PER3D	No-Essential3D
299	L	299	15.041	21.948	185.692	0.25	0.280761209593326	0.3044088056019742	-0.1555524417814417	0.7687149388141754	1	No-PER3D	No-Essential3D
300	S	300	12.322	19.953	187.52	0.25	0.27974025974026	0.1381021111047771	-0.2269474749505078	0.9725060942045823	1	No-PER3D	No-Essential3D
301	E	301	9.78	22.449	186.222	0.25	0.263970588235294	0.3543008139511334	-0.2630426232026947	1.1245925765147584	1	No-PER3D	No-Essential3D
302	A	302	10.169	25.563	184.069	0.25	0.283869267264101	0.49843328251537095	-0.20414266989696078	0.7551141887599955	1	No-PER3D	No-Essential3D
303	L	303	7.702	28.147	185.413	0.25	0.283869267264101	0.4170681792936239	-0.6301223323985469	0.5347847818663005	1	No-PER3D	No-Essential3D
304	P	304	6.109	31.251	183.746	0.25	0.281789638932496	0.3766661970042047	-0.6929418200141346	0.40438249321614933	0.6810140027870556	No-PER3D	No-Essential3D
305	G	305	8.728	33.927	182.981	0.25	0.283869267264101	0.6396831017083237	-0.48234776602610435	0.6324237140058899	1	No-PER3D	No-Essential3D
306	D	306	11.527	31.322	182.7	0.25	0.440344403444034	0.3766661970042047	-0.1941960412459946	0	0.19993984845929702	No-PER3D	No-Essential3D
307	N	307	13.924	31.41	179.715	0.25	0.471797575118608	1.0028969224902022	-0.41663228278759634	0.7687149388141754	1	No-PER3D	No-Essential3D
308	V	308	14.6	27.732	178.978	0.25	0.437118437118437	0.5249840004087831	-0.33540938207850013	0.9708836873386024	1	No-PER3D	No-Essential3D
309	G	309	16.34	25.584	176.381	0.25	0.409443430656934	0.7700675501941262	-0.49512867555660744	1.1245925765147584	1	No-PER3D	No-Essential3D
310	F	310	14.604	22.213	176.268	0.25	0.459465240641711	0.6164992408073527	-0.29887721876577306	0.7551141887599955	1	No-PER3D	No-Essential3D
311	N	311	15.504	18.986	174.439	0.25	0.462430227565479	0.7700675501941262	-0.06632578205335851	1.3289221581235808	0.6642623887819534	No-PER3D	No-Essential3D
312	V	312	12.918	17.156	172.392	0.25	0.486960431654676	0.0948623705355059	0.14084713044266226	1.3289221581235808	0.6642623887819534	No-PER3D	No-Essential3D
313	K	313	13.605	13.729	170.906	0.25	0.486960431654676	0.7099825508919131	-0.020778449531341437	2.0400140396723057	0.5984672622868566	No-PER3D	No-Essential3D
314	N	314	12.045	12.814	167.478	0.25	0.490072202166065	0.3044088056019742	0.12498089072009676	1.9824395996891857	0.5004546645500362	No-PER3D	No-Essential3D
315	V	315	12.31	16.101	165.625	0.25	0.492272727272727	0.43537532751851693	0.03448736440780706	0.7687149388141754	1	No-PER3D	No-Essential3D
316	S	316	15.052	17.433	163.346	0.25	0.574817518248175	0.21330165992090108	0.11830644401097523	1.310662477921643	1	No-PER3D	No-Essential3D
317	V	317	16.067	21.17	163.651	0.25	0.579044117647059	0.6080992912055517	0.17536147465111243	2.0400140396723057	0.5984672622868566	No-PER3D	No-Essential3D
318	K	318	14.302	22.207	160.374	0.25	0.592045920459205	0.5249840004087831	0.3280257398045409	2.0400140396723057	0.5984672622868566	No-PER3D	No-Essential3D
319	D	319	10.855	20.792	161.352	0.25	0.529411764705882	0.3044088056019742	0.33893360498030894	0.9725060942045823	1	No-PER3D	No-Essential3D
320	I	320	10.377	23.651	163.901	-1.66	0.551196172248804	0.20168996488311722	0.3504609936130924	1.3289221581235808	0.6642623887819534	No-PER3D	No-Essential3D
321	R	321	11.641	27.261	163.985	0.25	0.586080586080586	0.20168996488311722	0.44375964712210614	1.1245925765147584	1	No-PER3D	No-Essential3D
322	R	322	11.379	30.659	165.68	0.25	0.546496539792388	0.48402003565894725	0.5827805919995144	0.4614687249088515	0.6800618057804496	No-PER3D	No-Essential3D
323	G	323	7.719	31.821	165.787	0.25	0.576923076923077	0.3729776652441432	0.4820768776293566	0.4614687249088515	0.6800618057804496	No-PER3D	No-Essential3D
324	N	324	6.371	28.364	166.594	0.25	0.613138686131387	0.07476546112765563	0.578113353187553	0.35863471968127447	0.45042171564516814	No-PER3D	No-Essential3D
325	V	325	4.315	28.054	169.792	0.25	0.654545454545455	0.1861412364911612	0.5387082487926438	0.8809934551455834	1	No-PER3D	No-Essential3D
326	C	326	4.956	24.958	171.937	-1.66	0.652173913043478	-0.0896674356402788	0.5600254065966701	0.5551483656401723	0.7277905507516735	No-PER3D	No-Essential3D
327	G	327	2.129	23.907	174.316	0.25	0.659340659340659	-0.308180307266375	0.5331196055956633	0.6107665679971903	0.7269263937699327	No-PER3D	No-Essential3D
328	D	328	0.731	20.824	176.091	0.25	0.659340659340659	-0.6359496147055193	0.6509775923780977	1.1975901649008533	0.7246316575831253	No-PER3D	No-Essential3D
329	S	329	-0.968	18.176	173.831	0.25	0.654545454545455	-0.35836255417486607	0.4922887585132832	0.8511113382449088	1	No-PER3D	No-Essential3D
330	K	330	-3.186	16.987	176.711	0.25	0.698181818181818	0.43537532751851693	0.9551144516471769	1.6140581146056547	0.6284668346447352	No-PER3D	No-Essential3D
331	S	331	-4.198	20.447	178.03	-1.66	0.659340659340659	-0.8533660002348908	0.5596387642584072	1.1245925765147584	1	No-PER3D	No-Essential3D
332	D	332	-5.547	22.992	175.425	0.25	0.703921568627451	-1.165389544617643	0.6476448154385773	0.9708836873386024	1	No-PER3D	No-Essential3D
333	P	333	-3.021	22.195	172.606	0.25	0.701343101343101	-0.2732838368832993	0.3350179831311488	1.1245925765147584	1	No-PER3D	No-Essential3D
334	P	334	-1.891	25.201	170.593	0.25	0.700729927007299	-0.43493074246168567	0.0505243838890939	0.8511113382449088	1	No-PER3D	No-Essential3D
335	Q	335	-3.602	24.978	167.208	-2.61	0.661764705882353	-0.8357863148766725	0.2097000759702135	0.9708836873386024	1	No-PER3D	No-Essential3D
336	E	336	-2.689	26.912	164.041	0.25	0.622837370242215	-1.2632277010616577	0.12743667096971356	1.1245925765147584	1	No-PER3D	No-Essential3D
337	A	337	-4.805	30.067	163.374	0.25	0.526007326007326	-1.3951308825641622	-0.0595289535544236	0.9725060942045823	1	No-PER3D	No-Essential3D
338	A	338	-6.871	30.474	160.135	0.25	0.526007326007326	-2.12169931514412	-0.12007566069623021	1.310662477921643	1	No-PER3D	No-Essential3D
339	Q	339	-7.921	34.076	160.653	-4.51	0.529411764705882	-1.606099703862257	-0.20247037099390786	1.310662477921643	1	No-PER3D	No-Essential3D
340	F	340	-8.19	36.333	163.685	0.25	0.622222222222222	-1.0685356754617974	-0.2700612506607041	2.0400140396723057	0.5984672622868566	No-PER3D	No-Essential3D
341	T	341	-10.187	39.471	164.569	0.25	0.571428571428571	-0.9050015229919028	-0.058621291227248296	1.7817985061508805	0.42109948653947116	No-PER3D	No-Essential3D
342	S	342	-8.197	42.159	166.358	-2.61	0.507185122569738	-0.671375754685541	-0.2517344544141231	1.3289221581235808	0.6642623887819534	No-PER3D	No-Essential3D
343	Q	343	-8.521	45.705	167.701	0.25	0.502097902097902	0.17044297914462103	-0.22746188671149165	2.977634925792999	0.11635004106271876	No-PER3D	No-Essential3D
344	V	344	-5.723	48.003	166.632	0.25	0.462867457452295	0.44792762692648147	-0.39489222358608156	3.6132558279407014	0.08080135281610197	No-PER3D	No-Essential3D
345	I	345	-4.52	51.608	166.772	0.25	0.466233766233766	0.693879928369494	-0.5029635776678922	7.787440880646629	0.002172208992333541	PER3D	Essential3D
346	I	346	-2.804	53.115	163.715	0.25	0.502097902097902	0.3230595354246443	-0.5550373477807968	4.147483387935166	0.18407595209839245	No-PER3D	No-Essential3D
347	L	347	0.219	55.279	164.597	0.25	0.434782608695652	1.0028969224902022	-0.6686274293081892	4.147483387935166	0.18407595209839245	No-PER3D	No-Essential3D
348	N	348	2.07	57.558	162.049	0.25	0.433212996389892	1.0028969224902022	-0.6130729471498105	25.72916752058656	0.2043010752688172	No-PER3D	No-Essential3D
349	H	349	1.62	55.589	158.804	0.25	0.392727272727273	1.0028969224902022	-0.6258377778518204	3.9743334010412585	0.3686302010285179	No-PER3D	No-Essential3D
350	P	350	2.037	57.752	155.663	0.25	0.491332116788321	1.0028969224902022	-0.45887271294175463	25.72916752058656	0.2043010752688172	No-PER3D	No-Essential3D
351	G	351	-0.704	56.483	153.347	0.25	0.524087591240876	-0.6966965451736926	-0.09562911755719967	0	1	No-PER3D	No-Essential3D
352	Q	352	-4.157	55.066	153.828	0.25	0.520289855072464	-0.2920314338251463	-0.17369107079894788	0	1	No-PER3D	No-Essential3D
353	I	353	-4.675	51.456	154.956	0.25	0.524087591240876	-0.13016538928572774	-0.0097482973029149	0	0.5781617167311419	No-PER3D	No-Essential3D
354	S	354	-7.28	49.879	152.667	0.25	0.473388429752066	-1.5581201725971383	0.4080628321734576	0	0.5781617167311419	No-PER3D	No-Essential3D
355	A	355	-8.708	46.329	152.613	0.25	0.391970802919708	-1.7164526257720298	0.701252411699309	0	0.34033907375697875	No-PER3D	No-Essential3D
356	G	356	-6.181	43.615	151.69	0.25	0.391970802919708	-1.165389544617643	0.6980916270775873	0	0.5781617167311419	No-PER3D	No-Essential3D
357	Y	357	-3.159	45.644	152.972	0.25	0.391970802919708	-0.7167785514229165	0.4496553210095843	0	0.5781617167311419	No-PER3D	No-Essential3D
358	S	358	-0.309	43.226	153.906	-2.61	0.389454545454545	-0.004269576866179959	0.4989431111798182	0	0.5793466557290881	No-PER3D	No-Essential3D
359	P	359	2.424	44.147	156.441	0.25	0.38804347826087	0.4368609861440974	0.29605542192434536	0.7687149388141754	1	No-PER3D	No-Essential3D
360	V	360	4.529	42.026	158.864	0.25	0.387725631768953	0.4186017623909972	0.1725464129414054	1.310662477921643	1	No-PER3D	No-Essential3D
361	I	361	3.03	41.177	162.269	-0.7	0.391970802919708	0.26545744099284135	0.02701456408682924	4.342142270528842	0.09730610093060256	No-PER3D	No-Essential3D
362	D	362	5.451	40.695	165.137	0.25	0.593895155938952	0.8660362491034084	0.02604990392595725	6.55570125383758	0.05610254032019953	No-PER3D	No-Essential3D
363	C	363	3.463	38.822	167.82	0.25	0.593895155938952	0.8870917373167613	-0.07495025607963546	1.6140581146056547	0.6284668346447352	No-PER3D	No-Essential3D
364	H	364	5.328	36.985	170.614	0.25	0.597735597735598	0.8738568590112252	0.040847279013455515	1.1245925765147584	1	No-PER3D	No-Essential3D
365	T	365	8.431	35.585	168.793	0.25	0.593895155938952	0.6029925771575211	0.2507276247804989	0.9708836873386024	1	No-PER3D	No-Essential3D
366	A	366	6.408	35.142	165.522	0.25	0.651459854014599	0.884044232443776	0.2573752282523501	1.6140581146056547	0.6284668346447352	No-PER3D	No-Essential3D
367	H	367	7.163	37.387	162.537	0.25	0.729166666666667	0.8572065282397443	0.3525021007398786	0	0.5781617167311419	No-PER3D	No-Essential3D
368	I	368	4.67	36.849	159.688	0.25	0.721816707218167	0.4186017623909972	0.6808655766731713	0	1	No-PER3D	No-Essential3D
369	A	369	3.044	38.904	156.897	0.25	0.721816707218167	0.3320395164503742	0.5823066171989018	0	1	No-PER3D	No-Essential3D
370	C	370	-0.712	39.119	157.602	0.25	0.812043795620438	-0.6232516777347472	0.6484739947198239	0.6324237140058899	1	No-PER3D	No-Essential3D
371	K	371	-3.411	40.5	155.373	0.25	0.742440041710115	-0.7151392039740001	0.8128933934419552	0.6324237140058899	1	No-PER3D	No-Essential3D
372	F	372	-5.972	43.1	156.551	0.25	0.645454545454546	-1.6621998684331905	0.5408095975154211	0	0.337701748714528	No-PER3D	No-Essential3D
373	A	373	-8.803	41.055	154.937	0.25	0.577453365774534	-1.849567638624027	0.7905561714973968	0.5347847818663005	1	No-PER3D	No-Essential3D
374	E	374	-11.846	43.012	156.165	0.25	0.581699346405229	-2.3587172269519434	0.6786120092217153	0	0.19571092842029716	No-PER3D	No-Essential3D
375	L	375	-11.837	46.318	158.002	0.25	0.654981549815498	-1.0572163716478522	0.44569333147886675	0	0.337701748714528	No-PER3D	No-Essential3D
376	K	376	-14.903	45.671	160.217	0.25	0.654981549815498	-1.3413699294599977	0.47461617293636277	0	0.34033907375697875	No-PER3D	No-Essential3D
377	E	377	-14.91	48.896	162.306	0.25	0.655555555555556	-1.2632277010616577	0.4027587998558809	0.7687149388141754	1	No-PER3D	No-Essential3D
378	K	378	-13.318	52.325	162.755	0.25	0.654411764705882	-0.7820543862070352	0.26723075295354587	2.745915511939618	0.2693915599505212	No-PER3D	No-Essential3D
379	I	379	-13.005	53.551	166.347	0.25	0.581699346405229	0.513352328893571	0.130505415508841	4.562604317051628	0.051950243514500075	No-PER3D	No-Essential3D
380	D	380	-12.173	56.913	168.075	0.25	0.581699346405229	1.0028969224902022	0.012527041409155134	3.6132558279407014	0.08080135281610197	No-PER3D	No-Essential3D
381	R	381	-8.765	56.64	169.861	0.25	0.57956857956858	1.0028969224902022	-0.05223508745837788	6.135996680527661	0.030054312348105634	PER3D	Essential3D
382	R	382	-9.738	59.108	172.645	0.25	0.560924369747899	1.0028969224902022	-0.290625364804504	12.336395194732805	0.003532480231064614	PER3D	Essential3D
383	S	383	-12.916	57.497	173.694	0.25	0.491236162361624	1.0028969224902022	-0.20048026302030855	8.17089265154217	0.008158381181711305	PER3D	Essential3D
384	G	384	-13.356	53.998	172.229	0.25	0.489010989010989	1.0028969224902022	-0.07602672871279946	2.1781967717458035	0.2573761852849652	No-PER3D	No-Essential3D
385	K	385	-16.48	55.246	170.405	0.25	0.562994201370585	1.0028969224902022	-0.19905922290207873	2.977634925792999	0.11635004106271876	No-PER3D	No-Essential3D
386	K	386	-17.274	53.115	167.341	0.25	0.525461254612546	0.43686098614409724	0.133331406227927	1.6140581146056547	0.6284668346447352	No-PER3D	No-Essential3D
387	L	387	-17.408	55.75	164.605	0.25	0.438271604938272	0.3062373085257655	0.19792541720114049	2.745915511939618	0.2693915599505212	No-PER3D	No-Essential3D
388	E	388	-18.155	53.804	161.448	0.25	0.438661710037175	-0.96695722732274	0.19133297988790857	1.310662477921643	1	No-PER3D	No-Essential3D
389	D	389	-18.864	50.229	160.259	0.25	0.440298507462687	-1.381663364125465	0.4222060128246127	0	1	No-PER3D	No-Essential3D
390	N	390	-16.697	48.817	157.368	-3.56	0.435424354243542	-1.469239030475463	0.4167842427700865	0	0.34033907375697875	No-PER3D	No-Essential3D
391	P	391	-14.617	51.986	156.615	0.25	0.391881918819188	-0.8093688953377047	0.18293302115019586	0	0.34033907375697875	No-PER3D	No-Essential3D
392	K	392	-13.107	52.328	153.143	0.25	0.394444444444444	-1.1545623844477824	0.3276929699059092	0	0.5793466557290881	No-PER3D	No-Essential3D
393	S	393	-9.693	53.143	154.587	-5.47	0.164498141263941	-0.6751269829060079	0.21383847293986788	0	0.5793466557290881	No-PER3D	No-Essential3D
394	L	394	-7.975	53.73	157.944	0.25	0.163284132841328	-0.15881193509178948	0.12832829663194678	0	0.34033907375697875	No-PER3D	No-Essential3D
395	K	395	-5.38	56.484	158.405	0.25	0.163143382352941	-0.004269576866179959	-0.08103155773854939	3.9743334010412585	0.3686302010285179	No-PER3D	No-Essential3D
396	S	396	-3.039	57.761	161.189	0.25	0.144485144485145	-0.08484289681469054	-0.17572228201753426	25.72916752058656	0.039971949509116374	PER3D	No-Essential3D
397	G	397	-4.657	58.232	164.639	0.25	0.144485144485145	1.0028969224902022	-0.24423969876108378	6.55570125383758	0.05610254032019953	No-PER3D	No-Essential3D
398	D	398	-7.533	55.877	163.808	0.25	0.144607843137255	0.3230595354246443	-0.07107151733332907	1.6140581146056547	0.6284668346447352	No-PER3D	No-Essential3D
399	A	399	-8.35	52.807	165.922	0.25	0.145551455514555	0.09644707306945824	-0.19847987157700153	4.814405959285905	0.027478320446176915	PER3D	Essential3D
400	A	400	-10.086	49.904	164.224	0.25	0.146090534979424	-0.41343096722971023	-0.13305701358610497	2.5551372525032288	0.3532113666240574	No-PER3D	No-Essential3D
401	I	401	-11.399	46.351	164.37	0.25	0.147180762852405	-0.4337712040222084	0.12605141677347798	2.5551372525032288	0.3532113666240574	No-PER3D	No-Essential3D
402	V	402	-10.066	44.338	161.475	0.25	0.146633622470054	-1.5858278597591005	0.16308803008552442	0.40438249321614933	0.6810140027870556	No-PER3D	No-Essential3D
403	E	403	-10.122	40.666	160.313	-1.66	0.395910780669145	-2.062104213765872	0.05418529755524334	0.9708836873386024	1	No-PER3D	No-Essential3D
404	M	404	-6.638	39.295	159.673	0.25	0.392988929889299	-1.2071833431535868	0.13752555413278328	1.3289221581235808	0.6642623887819534	No-PER3D	No-Essential3D
405	V	405	-5.367	36.349	157.623	0.25	0.392988929889299	-0.9565663458427704	0.36485095788008876	0.7687149388141754	1	No-PER3D	No-Essential3D
406	P	406	-1.702	35.148	157.918	0.25	0.32962962962963	-0.680057168567193	0.7206074440765671	0.9725060942045823	1	No-PER3D	No-Essential3D
407	G	407	0.35	34.645	154.708	0.25	0.306262510723477	-0.7685249100278373	0.8630673654618461	1.9824395996891857	0.5004546645500362	No-PER3D	No-Essential3D
408	K	408	2.512	31.857	156.183	0.25	0.302884615384615	-0.6947156670062523	1.0263975908853231	1.310662477921643	1	No-PER3D	No-Essential3D
409	P	409	1.06	29.466	158.862	0.25	0.301516002245929	-0.29089950344375176	0.8177731430248875	0.7687149388141754	1	No-PER3D	No-Essential3D
410	M	410	0.875	31.112	162.301	0.25	0.327838827838828	-0.15577860466007384	0.6300192508984176	0.4614687249088515	0.6800618057804496	No-PER3D	No-Essential3D
411	C	411	-0.109	30.437	165.944	0.25	0.328125	-0.1992131425507944	0.290405852949781	0.6763971005850283	1	No-PER3D	No-Essential3D
412	V	412	-1.598	33.347	167.909	0.25	0.328125	-1.010555685925922	0.025430517841140553	1.3494627488066335	0.7051043352242363	No-PER3D	No-Essential3D
413	E	413	-4.083	33.513	170.748	0.25	0.330258302583026	-1.1591415573543329	-0.10079309598979243	1.9105513675098085	0.4564343657500235	No-PER3D	No-Essential3D
414	S	414	-6.638	35.984	172.059	0.25	0.360281784636028	-1.3951308825641622	-0.47887043601886975	1.1245925765147584	1	No-PER3D	No-Essential3D
415	F	415	-5.329	38.705	174.441	0.25	0.358957219251337	-0.3436719333871457	-0.4418058949689035	1.6140581146056547	0.6284668346447352	No-PER3D	No-Essential3D
416	S	416	-7.912	37.759	177.106	0.25	0.361288158336129	-0.5540733171179814	-0.45989664912420736	1.6140581146056547	0.6284668346447352	No-PER3D	No-Essential3D
417	Q	417	-6.879	34.064	177.178	-3.56	0.264944649446494	-0.09486974193860728	-0.8909105845026107	2.104788098964341	0.3823415417150349	No-PER3D	No-Essential3D
418	Y	418	-3.068	34.177	176.657	0.25	0.263736263736264	0.16042483118437167	-0.7074817699668003	1.3494627488066335	0.7051043352242363	No-PER3D	No-Essential3D
419	P	419	-1.884	37.866	176.961	0.25	0.263970588235294	0.48537835211662067	-0.7104517034271333	1.3289221581235808	0.6642623887819534	No-PER3D	No-Essential3D
420	P	420	1.85	37.501	175.873	0.25	0.262043795620438	0.48537835211662067	-0.28970624498228537	0.9708836873386024	1	No-PER3D	No-Essential3D
421	L	421	0.62	35.808	172.609	0.25	0.262043795620438	0.22948478335882377	-0.3366862827086474	1.5389162709803887	0.6899814806203513	No-PER3D	No-Essential3D
422	G	422	-2.353	38.155	171.952	0.25	0.290348742903487	-0.2908995034437518	-0.4708791443489045	1.1245925765147584	1	No-PER3D	No-Essential3D
423	R	423	-0.673	41.539	171.544	0.25	0.288484848484849	0.07401743720428651	-0.38637540717555974	1.6140581146056547	0.6284668346447352	No-PER3D	No-Essential3D
424	F	424	1.174	42.449	168.369	0.25	0.288484848484849	0.5262350813566402	-0.27490054639779854	13.141171834075694	0.025886595872570584	PER3D	Essential3D
425	A	425	2.9	45.224	166.451	0.25	0.260583941605839	0.513352328893571	-0.06854078276427196	13.141171834075694	0.025886595872570584	PER3D	Essential3D
426	V	426	2.268	45.83	162.77	0.25	0.260583941605839	0.18982262237772743	0.17250002535440453	4.342142270528842	0.09730610093060256	No-PER3D	No-Essential3D
427	R	427	5.528	46.709	161.041	0.25	0.260583941605839	0.3559987095232252	-0.04800203247013029	3.9743334010412585	0.3686302010285179	No-PER3D	No-Essential3D
428	D	428	6.09	48.073	157.538	0.25	0.260363636363636	0.3559987095232252	0.13137699168599556	3.9743334010412585	0.3686302010285179	No-PER3D	No-Essential3D
429	M	429	9.814	48.1	156.562	0.25	0.238221632382216	-0.29089950344375176	-0.3739272502735902	3.9743334010412585	0.3686302010285179	No-PER3D	No-Essential3D
430	R	430	11.711	49.661	159.518	0.25	0.216969696969697	1.0028969224902022	-0.738296989115992	3.9743334010412585	0.3686302010285179	No-PER3D	No-Essential3D
431	Q	431	8.523	51.578	160.506	0.25	0.219362745098039	0.7651915423973498	-0.6236137201535622	3.9743334010412585	0.3686302010285179	No-PER3D	No-Essential3D
432	T	432	6.081	50.466	163.242	0.25	0.220787207872079	0.8147134965833607	-0.615646634146525	3.9743334010412585	0.3686302010285179	No-PER3D	No-Essential3D
433	V	433	2.611	51.489	161.909	0.25	0.219362745098039	0.4701572176938682	-0.5627571111040196	3.9743334010412585	0.3686302010285179	No-PER3D	No-Essential3D
434	A	434	0.169	49.92	164.348	0.25	0	0.513352328893571	-0.7050437016999311	25.72916752058656	0.0074672872709338305	PER3D	Essential3D
435	V	435	-0.195	47.998	167.587	0.25	0	0.5384571798472444	-0.7896653332388568	6.55570125383758	0.05610254032019953	No-PER3D	No-Essential3D
436	G	436	-3.153	45.792	168.402	0.25	0	0.39859702287637283	-0.6405203320127804	3.227626586296111	0.14774494236747515	No-PER3D	No-Essential3D
437	V	437	-4.665	43.142	170.623	0.25	0	-0.21671452767850993	-0.6155237202773327	1.1245925765147584	1	No-PER3D	No-Essential3D
438	I	438	-6.373	39.942	169.44	0.25	0	-1.1591415573543329	-0.5993623729284765	1.1245925765147584	1	No-PER3D	No-Essential3D
439	K	439	-10.103	39.539	170.153	0.25	0	-1.2624353497946816	-0.49981097449067907	1.1245925765147584	1	No-PER3D	No-Essential3D
440	N	440	-11.185	36.277	168.481	-3.56	0	-2.017546107222976	-0.5116962041730159	1.1245925765147584	1	No-PER3D	No-Essential3D
441	V	441	-8.964	33.683	166.821	0.25	0	-2.1549830360766618	-0.45862258076004403	1.6140581146056547	0.6284668346447352	No-PER3D	No-Essential3D
442	E	442	-10.598	31.338	164.324	-1.66	0	-2.98484853394749	-0.49746870082148625	1.9824395996891857	0.5004546645500362	No-PER3D	No-Essential3D
443	K	443	-8.671	28.136	164.963	0.25	0	-2.2584208923837332	-0.16961297404883857	2.0400140396723057	0.5984672622868566	No-PER3D	No-Essential3D
444	K	444	-7.467	25.576	162.468	0.25	0	-1.436325977847222	-0.2660502049682774	1.6140581146056547	0.6284668346447352	No-PER3D	No-Essential3D
445	S	445	-9.192	22.315	161.613	-2.61	0	-3.2250894380946664	-0.5638441111319744	1.310662477921643	1	No-PER3D	No-Essential3D
446	G	446	-6.19	20.096	161.027	-0.7	0	-1.2632277010616577	-0.5552660104326577	1.9824395996891857	0.5004546645500362	No-PER3D	No-Essential3D
447	G	447	-5.641	16.494	162.066	0.25	0	-1.7164526257720296	-1.0078636902153006	0	1	No-PER3D	No-Essential3D
448	A	448	-3.225	15.504	164.785	0.25	0	-0.6966965451736926	-0.29549835891830295	0.7687149388141754	1	No-PER3D	No-Essential3D
449	G	449	0.055	14.005	163.726	0.25	0	0.24752204797291555	-0.7900403889622917	0	1	No-PER3D	No-Essential3D
450	K	450	3.002	13.658	163.39	0.25	0	0.3230595354246443	-0.6702216118702811	1.310662477921643	1	No-PER3D	No-Essential3D
451	V	451	2.747	12.046	166.892	0.25	0	0.5704995167974897	-0.4193532288722114	1.310662477921643	1	No-PER3D	No-Essential3D
452	T	452	6.354	10.817	166.09	0.25	0	0.548879646512854	-0.3401387052740368	1.9824395996891857	0.5004546645500362	No-PER3D	No-Essential3D
453	K	453	6.669	7.431	167.982	0.25	0	0.3044088056019742	-0.6971899834852912	3.9743334010412585	0.3686302010285179	No-PER3D	No-Essential3D
