Uniprot_position	aminoacid	Position_in_structure	x	y	z	paraz	mtr	paraz3dscore	mtr3dscore	PER3D_OR	PER3D_pvalue	PER3D	Essential3D
1	M	1	-30.039	-31.99	30.389	0.4	0.758823529411765	-1.0921197501999371	1.6286466515909146	0	1	No-PER3D	No-Essential3D
2	D	2	-33.27	-29.975	30.707	0.4	0.756338028169014	-0.6231554034193837	1.6835129134421507	0	1	No-PER3D	No-Essential3D
3	Y	3	-35.217	-29.916	27.435	0.4	0.717162032598274	-1.9362555744049328	1.7101897084560023	0	1	No-PER3D	No-Essential3D
4	D	4	-36.799	-26.436	27.867	0.4	0.790322580645161	-3.0106102597567457	1.7349490308039905	0	1	No-PER3D	No-Essential3D
5	F	5	-33.413	-24.862	28.68	0.4	0.787037037037037	-2.3907902489768538	1.7722590575941255	0	1	No-PER3D	No-Essential3D
6	K	6	-31.853	-26.701	25.693	0.4	0.784023668639053	-2.147289530456182	1.6913784026558067	0	1	No-PER3D	No-Essential3D
7	V	7	-34.453	-25.586	23.09	-1.92	0.789285714285714	-2.3907902489768538	1.7722590575941255	0	1	No-PER3D	No-Essential3D
8	K	8	-34.631	-22.051	24.508	0.4	0.794198895027624	-2.6748744205843042	1.791175802341388	0	1	No-PER3D	No-Essential3D
9	L	9	-30.864	-21.576	24.232	0.4	0.804054054054054	-1.9362555744049328	1.738710470247277	0	1	No-PER3D	No-Essential3D
10	S	10	-30.887	-23.115	20.735	-1.92	0.808246073298429	-2.4576335834727243	1.5305957683840479	0	0.5817011543145462	No-PER3D	No-Essential3D
11	S	11	-33.7	-20.755	19.572	-1.92	0.812182741116751	-2.6748744205843042	1.8926666696333707	0	1	No-PER3D	No-Essential3D
12	E	12	-31.781	-17.638	20.692	0.4	0.809729064039409	-3.0106102597567457	1.9007821823711126	0	1	No-PER3D	No-Essential3D
13	R	13	-28.276	-18.811	19.749	0.4	0.813397129186603	-1.1976367282255616	1.3993179198221466	0	0.5817011543145462	No-PER3D	No-Essential3D
14	E	14	-26.646	-16.607	17.127	0.4	0.809331797235023	-0.45901788204618993	0.9750476812959011	0	0.5817011543145462	No-PER3D	No-Essential3D
15	R	15	-25.049	-18.701	14.412	0.4	0.812780269058296	-0.6862852193321504	0.8446798173835308	0	0.5817011543145462	No-PER3D	No-Essential3D
16	V	16	-22.093	-17.387	12.403	0.4	0.810589519650655	0.7097986865038173	0.028653318491586536	0	0.5846400220828278	No-PER3D	No-Essential3D
17	E	17	-23.561	-18.407	8.991	0.4	0.717984934086629	0.569607266590756	-0.036086640065967346	0	0.5817011543145462	No-PER3D	No-Essential3D
18	D	18	-26.83	-16.515	9.604	0.4	0.648760330578512	0.4987737070557355	-0.19091671624316212	0	1	No-PER3D	No-Essential3D
19	L	19	-25.068	-13.235	10.443	0.4	0.574743418116912	0.5891121597960515	-0.39356468836045905	0	1	No-PER3D	No-Essential3D
20	F	20	-22.101	-13.074	8.087	0.4	0.574652777777778	0.03127221412459963	-0.6541248127877938	0	1	No-PER3D	No-Essential3D
21	E	21	-21.396	-13.674	4.417	0.4	0.572877059569075	-0.16611730511299103	-0.6811150711352353	0	1	No-PER3D	No-Essential3D
22	Y	22	-17.923	-15.121	4.018	0.4	0.642066420664207	0.2871475168399949	-0.577514232731332	1.702662196269558	0.5197309549537381	No-PER3D	No-Essential3D
23	E	23	-17.936	-18.373	1.994	0.4	0.574969021065675	0.4987737070557355	-0.4503247391829423	3.4657283885793726	0.3513249261712827	No-PER3D	No-Essential3D
24	G	24	-15.215	-18.355	-0.674	0.4	0.574485596707819	1.0182198103125528	-0.6459702854363836	6.893961749969186	0.24890254609306406	No-PER3D	No-Essential3D
25	C	25	-13.626	-15.27	0.957	0.4	0.574485596707819	0.16000450927955004	-0.6326905171083086	15.294765422823374	0.04405778593662704	PER3D	Essential3D
26	K	26	-10.719	-16.978	2.714	0.4	0.574485596707819	1.0182198103125528	-0.5314291490835291	40.71609351882172	7.25240518919185e-4	PER3D	Essential3D
27	V	27	-7.766	-14.566	3.21	0.4	0.574485596707819	1.0182198103125528	-0.3795176937446513	40.71609351882172	7.25240518919185e-4	PER3D	Essential3D
28	G	28	-5.474	-16.633	5.418	0.4	0.570261437908497	1.0182198103125528	-0.48190065779967	62.52172150569427	1.5471797736942618e-4	PER3D	Essential3D
29	R	29	-4.65	-20.198	6.337	0.4	0.570725707257073	1.0182198103125528	-0.2782781828534275	62.52172150569427	1.5471797736942618e-4	PER3D	Essential3D
30	G	30	-2.643	-21.614	9.186	0.4	0.479779411764706	1.0182198103125528	-0.20395738363056612	62.52172150569427	1.5471797736942618e-4	PER3D	Essential3D
31	T	31	-2.256	-24.481	11.627	0.4	0.551248008497079	1.0182198103125528	-0.1452704435324011	62.52172150569427	1.2087341981986372e-5	PER3D	Essential3D
32	Y	32	-3.986	-22.158	14.126	0.4	0.551705756929638	1.0182198103125528	-0.25291957461294	40.71609351882172	7.25240518919185e-4	PER3D	Essential3D
33	G	33	-7.078	-21.685	11.908	0.4	0.551705756929638	1.0182198103125528	-0.14939389261866254	62.52172150569427	1.2087341981986372e-5	PER3D	Essential3D
34	H	34	-8.452	-20.147	8.778	0.4	0.511111111111111	1.0182198103125528	-0.21514369423738797	40.71609351882172	7.25240518919185e-4	PER3D	Essential3D
35	V	35	-9.415	-16.497	8.302	0.4	0.319444444444444	1.0182198103125528	-0.29570165838809176	61.52172150569427	6.868680046906557e-5	PER3D	Essential3D
36	Y	36	-12.203	-15.148	6.09	0.4	0.318518518518519	0.46991559020813456	-0.2836639763292219	61.52172150569427	6.868680046906557e-5	PER3D	Essential3D
37	K	37	-13.158	-11.635	5.035	0.4	0.254814814814815	0.4013775626950821	-0.5221071324193378	7.71374279864555	0.08187528011935385	No-PER3D	No-Essential3D
38	A	38	-16.78	-11.249	6.05	0.4	0.256505576208179	0.14738369602906462	-0.5429655431464766	3.8153047060678382	0.17668163706355108	No-PER3D	No-Essential3D
39	K	39	-19.562	-8.751	5.548	-1.15	0.257462686567164	-0.0027604616060193763	-0.8389647847769279	1.702662196269558	0.5197309549537381	No-PER3D	No-Essential3D
40	R	40	-22.655	-8.494	7.685	0.4	0.256505576208179	-0.21546468492238854	-0.9501932121522813	0	1	No-PER3D	No-Essential3D
41	K	41	-25.886	-10.024	6.326	0.4	0.255555555555556	-0.4622015839693769	-0.8936113799179638	0	1	No-PER3D	No-Essential3D
42	D	42	-28.201	-8.234	8.771	0.4	0.257462686567164	-0.2977103179380514	-0.8804693660319491	0	1	No-PER3D	No-Essential3D
43	G	43	-27.238	-5.015	7.002	0.4	0.258955223880597	-1.0966678958044898	-1.472797167677079	0	1	No-PER3D	No-Essential3D
44	K	44	-27.07	-2.549	9.926	0.4	0.258955223880597	-0.7762303645746347	-1.8315827652562058	0	1	No-PER3D	No-Essential3D
45	D	45	-23.309	-2.199	9.182	0.4	0.258208955223881	-0.9556753820633535	-1.622119624321338	0	1	No-PER3D	No-Essential3D
46	D	46	-21.061	-1.983	6.04	-1.15	0.430348258706468	-0.7234524182544234	-1.4674029667506037	0	1	No-PER3D	No-Essential3D
47	K	47	-17.541	-2.508	7.444	0.4	0.431592039800995	-0.16611730511299103	-1.1703221160956208	3.4657283885793726	0.3513249261712827	No-PER3D	No-Essential3D
48	D	48	-15.452	-5.534	6.623	-1.15	0.431592039800995	-0.0027604616060193763	-0.915488642501542	6.893961749969186	0.24890254609306406	No-PER3D	No-Essential3D
49	Y	49	-14.82	-8.07	9.393	0.4	0.51685393258427	-0.2498031842367622	-0.5015464201989801	7.71374279864555	0.08187528011935385	No-PER3D	No-Essential3D
50	A	50	-12.344	-10.917	9.916	0.4	0.514498141263941	0.11002694590869762	-0.2379811433827113	15.294765422823374	0.04405778593662704	PER3D	Essential3D
51	L	51	-13.735	-14.319	10.895	0.4	0.51685393258427	0.5247460122185762	-0.1564390829074181	8.803375070398305	0.026987389256923938	PER3D	Essential3D
52	K	52	-11.226	-16.766	12.343	0.4	0.513432835820896	1.0182198103125528	-0.08787792236792963	62.52172150569427	1.2087341981986372e-5	PER3D	Essential3D
53	Q	53	-12.402	-20.385	12.416	0.4	0.516417910447761	1.0182198103125528	0.0017193852822787199	31.41846988485024	2.2753044202957826e-4	PER3D	No-Essential3D
54	I	54	-10.323	-22.174	15.062	0.4	0.641263940520446	1.0182198103125528	0.012766572241018922	20.65857783198118	0.002038347955819422	PER3D	No-Essential3D
55	E	55	-8.533	-25.264	13.805	0.4	0.641263940520446	1.0182198103125528	-0.016268012230417843	62.52172150569427	1.5471797736942618e-4	PER3D	Essential3D
56	G	56	-9.753	-28.579	15.163	0.4	0.641263940520446	1.0182198103125528	0.0701900594080319	26.120064514101283	0.006240291753900183	PER3D	No-Essential3D
57	T	57	-12.893	-29.241	17.174	0.4	0.640221402214022	0.3759425527652732	0.21811156826594322	2.295801030648597	0.44114147485525884	No-PER3D	No-Essential3D
58	G	58	-13.87	-28.363	20.724	0.4	0.644444444444445	0.31477329014172306	0.2533691424863448	2.295801030648597	0.44114147485525884	No-PER3D	No-Essential3D
59	I	59	-11.982	-26.044	23.001	0.4	0.513653136531365	1.0182198103125528	0.29543063202980546	2.295801030648597	0.44114147485525884	No-PER3D	No-Essential3D
60	S	60	-8.324	-26.942	22.982	0.4	0.517037037037037	1.0182198103125528	0.1085828628250646	6.893961749969186	0.24890254609306406	No-PER3D	No-Essential3D
61	M	61	-5.882	-25.512	25.533	0.4	0.556027615507169	1.0182198103125528	-0.07600899639289056	7.71374279864555	0.08187528011935385	No-PER3D	No-Essential3D
62	S	62	-4.659	-23.175	22.761	0.4	0.486524163568773	1.0182198103125528	-0.0876996830598608	5.128947354952186	0.12678355446134193	No-PER3D	No-Essential3D
63	A	63	-8.192	-21.996	21.901	0.4	0.577114427860697	1.0182198103125528	0.08154526096135226	3.8153047060678382	0.17668163706355108	No-PER3D	No-Essential3D
64	C	64	-9.144	-21.633	25.604	0.4	0.577114427860697	1.0182198103125528	0.21561222016524087	6.893961749969186	0.24890254609306406	No-PER3D	No-Essential3D
65	R	65	-6.131	-19.411	26.349	0.4	0.576621230896324	1.0182198103125528	-0.03774637133928546	5.128947354952186	0.12678355446134193	No-PER3D	No-Essential3D
66	E	66	-6.624	-17.339	23.154	0.4	0.58312447786132	0.5837381360893932	0.14482714809770517	5.128947354952186	0.12678355446134193	No-PER3D	No-Essential3D
67	I	67	-10.307	-16.684	23.959	0.4	0.587542087542088	0.5705720247492974	0.22561726040521968	2.295801030648597	0.44114147485525884	No-PER3D	No-Essential3D
68	A	68	-9.534	-16.039	27.648	0.4	0.660377358490566	1.0182198103125528	0.23812770324656254	6.893961749969186	0.24890254609306406	No-PER3D	No-Essential3D
69	L	69	-6.821	-13.438	26.974	0.4	0.665399239543726	0.4906349201844304	0.24976004029773763	2.295801030648597	0.44114147485525884	No-PER3D	No-Essential3D
70	L	70	-8.382	-11.742	23.928	0.4	0.664150943396226	0.5416915224548939	0.2810031964259889	2.295801030648597	0.44114147485525884	No-PER3D	No-Essential3D
71	R	71	-11.553	-11.437	25.997	0.4	0.661654135338346	0.3467481319676696	0.5966519639194569	6.893961749969186	0.24890254609306406	No-PER3D	No-Essential3D
72	E	72	-9.737	-9.226	28.531	0.4	0.658582089552239	0.24072628801847776	0.6703396394621873	0	1	No-PER3D	No-Essential3D
73	L	73	-7.225	-7.293	26.41	0.4	0.662921348314607	0.5088275026026414	0.48175840894979455	0	0.5846400220828278	No-PER3D	No-Essential3D
74	K	74	-8.188	-3.884	25.063	0.4	0.661048689138577	0.2796009641331815	0.6082509366626798	0	1	No-PER3D	No-Essential3D
75	H	75	-5.641	-1.526	23.529	0.4	0.663533834586466	0.47109473906857413	0.5342398855972033	0	0.5950240215307573	No-PER3D	No-Essential3D
76	P	76	-5.812	0.531	20.281	0.4	0.670454545454545	-0.4134190545011898	0.4204528008150287	0	0.5950240215307573	No-PER3D	No-Essential3D
77	N	77	-2.695	-1.243	18.87	0.4	0.664794007490637	-0.2498031842367622	0.5080087699867759	0	0.33608555253873407	No-PER3D	No-Essential3D
78	V	78	-3.736	-4.782	19.747	0.4	0.659851301115242	0.6394409148359522	0.28473018247355153	0.6164161693140514	1	No-PER3D	No-Essential3D
79	I	79	-6.348	-6.674	17.688	0.4	0.715782358905035	0.6579179341274937	0.18972011301562144	0.7993792403044037	1	No-PER3D	No-Essential3D
80	S	80	-9.693	-6.614	19.478	-1.92	0.718453188602442	0.5705720247492974	0.30184934951188136	1.702662196269558	0.5197309549537381	No-PER3D	No-Essential3D
81	L	81	-12.02	-9.604	19.753	0.4	0.713754646840149	0.5565830314504456	0.3508499481509724	1.702662196269558	0.5197309549537381	No-PER3D	No-Essential3D
82	Q	82	-15.593	-8.504	18.97	0.4	0.656716417910448	0.3759425527652732	0.45345095753468756	6.893961749969186	0.24890254609306406	No-PER3D	No-Essential3D
83	K	83	-17.459	-11.759	19.384	0.4	0.651291512915129	0.4027041051630766	0.5914838768375656	1.702662196269558	0.5197309549537381	No-PER3D	No-Essential3D
84	V	84	-17.149	-15.525	19.831	0.4	0.651291512915129	0.525807246192972	0.6289312330754742	2.295801030648597	0.44114147485525884	No-PER3D	No-Essential3D
85	F	85	-19.439	-18.008	18.092	0.4	0.649446494464945	0.525807246192972	0.6189660637909614	1.1025360741006405	1	No-PER3D	No-Essential3D
86	L	86	-19.698	-21.547	19.383	0.4	0.646520146520147	-0.07603033217540477	0.727343673799778	0	1	No-PER3D	No-Essential3D
87	S	87	-21.196	-23.692	16.648	0.4	0.648351648351648	-0.21281159998639954	0.7852486355250947	0	1	No-PER3D	No-Essential3D
88	H	88	-22.693	-26.674	18.43	0.4	0.648351648351648	-0.45901788204618993	0.9659428171453496	0	1	No-PER3D	No-Essential3D
89	A	89	-23.278	-28.996	15.448	-1.92	0.594609769792252	-1.2544535625470516	0.7428898375208732	0	1	No-PER3D	No-Essential3D
90	D	90	-19.625	-29.292	14.328	0.4	0.582540203478832	0.14925646186623348	0.5616416610243363	0	1	No-PER3D	No-Essential3D
91	R	91	-18.098	-27.979	17.61	0.4	0.578364288041707	0.1975322034465846	0.37001802914125814	0	1	No-PER3D	No-Essential3D
92	K	92	-16.225	-25.253	15.74	0.4	0.631672597864769	0.45005146709765176	0.4142755432030229	0	1	No-PER3D	No-Essential3D
93	V	93	-15.24	-21.97	17.308	0.4	0.706349206349206	0.5837381360893932	0.3245905565828135	2.295801030648597	0.44114147485525884	No-PER3D	No-Essential3D
94	W	94	-15.336	-18.699	15.389	0.4	0.635714285714286	1.0182198103125528	0.3173058316039527	1.702662196269558	0.5197309549537381	No-PER3D	No-Essential3D
95	L	95	-13.747	-15.44	16.507	0.4	0.635714285714286	0.6294730491655153	0.24721958651367992	3.4657283885793726	0.3513249261712827	No-PER3D	No-Essential3D
96	L	96	-14.852	-12.109	15.063	0.4	0.640287769784173	0.032181843245510156	-0.08093186453796175	2.295801030648597	0.44114147485525884	No-PER3D	No-Essential3D
97	F	97	-12.493	-9.156	14.606	0.4	0.565079365079365	-0.027578033546431822	-0.2877716509070114	6.893961749969186	0.24890254609306406	No-PER3D	No-Essential3D
98	D	98	-12.568	-5.873	12.71	0.4	0.565511748307447	-0.18126140074760996	-0.5733471245959241	1.3434928591217032	1	No-PER3D	No-Essential3D
99	Y	99	-10.925	-6.439	9.329	0.4	0.632142857142857	-0.09130030991809772	-0.47907843959244895	7.71374279864555	0.08187528011935385	No-PER3D	No-Essential3D
100	A	100	-7.405	-5.183	8.652	0.4	0.634408602150538	0.43150902732524427	-0.44545870557476397	3.8153047060678382	0.17668163706355108	No-PER3D	No-Essential3D
101	E	101	-6.617	-4.665	4.975	0.4	0.634408602150538	0.7440677002603435	-0.30042432204137487	2.295801030648597	0.44114147485525884	No-PER3D	No-Essential3D
102	H	102	-2.835	-4.412	5.27	0.4	0.630357142857143	1.0182198103125528	0.0061827823653129	1.3434928591217032	1	No-PER3D	No-Essential3D
103	D	103	0.094	-5.904	7.142	0.4	0.633093525179856	1.0182198103125528	0.13417020228599175	0	1	No-PER3D	No-Essential3D
104	L	104	3.838	-5.34	7.274	0.4	0.637184115523466	0.6746761609267987	0.372814073012974	0.9295861150054883	1	No-PER3D	No-Essential3D
105	W	105	4.654	-8.487	5.303	0.4	0.730848861283644	1.0182198103125528	0.268401790062058	1.702662196269558	0.5197309549537381	No-PER3D	No-Essential3D
106	H	106	2.671	-7.185	2.309	0.4	0.736787022501308	1.0182198103125528	0.460941999125007	0	1	No-PER3D	No-Essential3D
107	I	107	3.743	-3.543	2.817	0.4	0.726147498710676	0.6394409148359522	0.6019787087325783	0	1	No-PER3D	No-Essential3D
108	I	108	7.483	-4.413	3.016	0.4	0.635379061371841	0.6294730491655153	0.6523895971835006	0.9295861150054883	1	No-PER3D	No-Essential3D
109	K	109	7.154	-6.767	0.053	0.4	0.635869565217391	0.4906349201844304	0.8212440441257907	0	1	No-PER3D	No-Essential3D
110	F	110	5.57	-3.964	-2.061	0.4	0.727841501564129	0.5088275026026414	1.0517487147013933	0	1	No-PER3D	No-Essential3D
111	H	111	8.487	-1.642	-1.446	0.4	0.804889298892989	0.5088275026026414	1.0186068896021951	0	1	No-PER3D	No-Essential3D
112	R	112	11.031	-4.363	-2.066	0.4	0.85997521685254	0.45005146709765176	1.0208563028726805	0	1	No-PER3D	No-Essential3D
113	A	113	9.256	-5.018	-5.423	0.4	0.968283582089552	0.24072628801847776	1.4103322466486632	0	1	No-PER3D	No-Essential3D
114	S	114	9.734	-1.4	-6.272	0.4	0.855018587360595	0.2796009641331815	1.5201279263871263	0	1	No-PER3D	No-Essential3D
115	K	115	13.58	-1.792	-5.858	0.4	0.85997521685254	0.1975322034465846	1.4050713332456772	0	1	No-PER3D	No-Essential3D
116	A	116	13.563	-3.862	-9.095	0.4	0.706241519674355	-0.1181168761172493	1.9187503790336828	0	1	No-PER3D	No-Essential3D
117	N	117	12.319	-0.543	-10.564	0.4	0.746924969249693	-0.21281159998639954	2.0338430809998163	0	1	No-PER3D	No-Essential3D
118	K	118	14.589	1.389	-8.095	0.4	0.793823277094653	-0.3247235463772134	2.1013417910321133	0	1	No-PER3D	No-Essential3D
119	K	119	11.987	3.112	-5.917	0.4	0.832356076759062	0.09494625258833843	1.6956785951780078	0	1	No-PER3D	No-Essential3D
120	P	120	12.12	3.754	-2.124	0.4	0.894871794871795	0.4027041051630766	1.2447333469156414	0	1	No-PER3D	No-Essential3D
121	V	121	10.707	1.719	0.652	-1.92	0.771111111111111	0.5565830314504456	1.044279889578866	0	1	No-PER3D	No-Essential3D
122	Q	122	8.434	3.777	2.838	0.4	0.811567164179105	0.14925646186623348	1.0632101952164343	0	0.5846400220828278	No-PER3D	No-Essential3D
123	L	123	7.052	6.896	1.205	0.4	0.77910447761194	-0.07603033217540477	1.0528953275539215	0	0.33648003527638193	No-PER3D	No-Essential3D
124	P	124	5.448	9.071	3.981	0.4	0.784962406015038	-0.1181168761172493	1.1687163565372127	0	0.5846400220828278	No-PER3D	No-Essential3D
125	R	125	8.339	10.443	5.996	0.4	0.77910447761194	-0.2663347047820062	1.32546066583374	0	0.5846400220828278	No-PER3D	No-Essential3D
126	G	126	7.35	9.222	9.462	-1.92	0.793532338308458	-1.4471593664553384	1.1788159840214476	0	0.33648003527638193	No-PER3D	No-Essential3D
127	M	127	5.63	5.998	8.326	0.4	0.757419865453107	-0.5805148311148377	0.9494487722008338	0	0.33608555253873407	No-PER3D	No-Essential3D
128	V	128	8.508	3.775	9.618	0.4	0.80020964360587	-0.1181168761172493	0.8783653080935037	0.6164161693140514	1	No-PER3D	No-Essential3D
129	K	129	8.774	5.72	12.874	0.4	0.82390185991294	-0.9990894991977209	0.9386185871413835	0.49391235860117655	0.9999999999999999	No-PER3D	No-Essential3D
130	S	130	4.965	5.733	13.269	0.4	0.80020964360587	-1.0370366534336866	1.0505518285257343	0	0.33648003527638193	No-PER3D	No-Essential3D
131	L	131	4.762	1.958	12.661	0.4	0.80020964360587	-0.1360414826896931	0.6611185729326344	0.49391235860117655	0.9999999999999999	No-PER3D	No-Essential3D
132	L	132	7.561	1.307	15.15	0.4	0.80397127165188	-0.3622333435813068	0.5857501181959156	0.6164161693140514	1	No-PER3D	No-Essential3D
133	Y	133	6.016	3.556	17.845	0.4	0.758771929824562	-1.1466974974545703	0.934770519646155	0	0.33608555253873407	No-PER3D	No-Essential3D
134	Q	134	2.635	1.816	17.558	0.4	0.720833333333333	-0.33803720896508604	0.7347669435277173	0	0.18661308619634387	No-PER3D	No-Essential3D
135	I	135	4.216	-1.676	17.572	0.4	0.720833333333333	0.212548303220346	0.5675646550407631	0.49391235860117655	0.9999999999999999	No-PER3D	No-Essential3D
136	L	136	6.075	-0.714	20.782	0.4	0.689175769612711	0.7988981222707855	0.6676336658579174	0.4466976053687571	0.672968148058324	No-PER3D	No-Essential3D
137	D	137	2.897	0.775	22.342	0.4	0.686584883260784	-0.14289500873209796	0.7160111432996517	0	0.33608555253873407	No-PER3D	No-Essential3D
138	G	138	0.852	-2.41	21.821	0.4	0.69041424854913	0.417199008227993	0.4738775448901936	0	0.18937257788266504	No-PER3D	No-Essential3D
139	I	139	3.697	-4.72	22.889	0.4	0.695058256327843	0.7988981222707855	0.5334355383695399	0	0.18661308619634387	No-PER3D	No-Essential3D
140	H	140	4.154	-2.532	25.988	0.4	0.691786283891547	0.7362347828302807	0.7443495378236885	0	0.33608555253873407	No-PER3D	No-Essential3D
141	Y	141	0.449	-2.987	26.848	0.4	0.65719696969697	0.6657385259597123	0.6868797377738128	0	0.5950240215307573	No-PER3D	No-Essential3D
142	L	142	0.834	-6.798	26.54	0.4	0.614428412874584	1.0182198103125528	0.5043570872559833	0	0.5950240215307573	No-PER3D	No-Essential3D
143	H	143	4.118	-6.818	28.513	0.4	0.575047348484849	1.0182198103125528	0.9157067642843641	0	0.5817011543145462	No-PER3D	No-Essential3D
144	A	144	2.62	-4.726	31.344	0.4	0.576179245283019	1.0182198103125528	0.6737902945526077	0	1	No-PER3D	No-Essential3D
145	N	145	-0.204	-7.326	31.597	0.4	0.610526315789474	1.0182198103125528	0.6874892957143337	0	1	No-PER3D	No-Essential3D
146	W	146	2.431	-10.14	31.693	0.4	0.572877358490566	1.0182198103125528	0.8898498244996487	0	1	No-PER3D	No-Essential3D
147	V	147	1.334	-11.328	28.265	0.4	0.654716981132076	1.0182198103125528	0.49419020459861784	1.1025360741006405	1	No-PER3D	No-Essential3D
148	L	148	4.062	-12.1	25.774	0.4	0.6095126247798	1.0182198103125528	0.5074826283483292	1.1025360741006405	1	No-PER3D	No-Essential3D
149	H	149	3.606	-12.315	22.009	0.4	0.6095126247798	1.0182198103125528	0.3902313723438696	0.9295861150054883	1	No-PER3D	No-Essential3D
150	R	150	6.212	-15.053	21.346	0.4	0.550254452926209	1.0182198103125528	0.5190291413733045	1.702662196269558	0.5197309549537381	No-PER3D	No-Essential3D
151	D	151	5.827	-15.155	17.524	0.4	0.547169811320755	1.0182198103125528	0.5752645815179106	1.3434928591217032	1	No-PER3D	No-Essential3D
152	L	152	6.409	-11.549	16.463	0.4	0.654135338345865	1.0182198103125528	0.7253105870672512	1.3434928591217032	1	No-PER3D	No-Essential3D
153	K	153	7.097	-10.946	12.768	0.4	0.578273440726972	1.0182198103125528	0.34573399770761387	1.1025360741006405	1	No-PER3D	No-Essential3D
154	P	154	5.928	-8.627	9.89	0.4	0.57516339869281	1.0182198103125528	0.19625509846701794	1.1025360741006405	1	No-PER3D	No-Essential3D
155	A	155	2.941	-10.826	8.909	0.4	0.578925789257893	1.0182198103125528	0.21906276618907078	1.702662196269558	0.5197309549537381	No-PER3D	No-Essential3D
156	N	156	1.583	-10.535	12.479	0.4	0.576797385620915	1.0182198103125528	0.05749036479373946	2.295801030648597	0.44114147485525884	No-PER3D	No-Essential3D
157	I	157	1.746	-6.717	12.428	0.4	0.431013431013431	1.0182198103125528	0.2377632021337771	0.9295861150054883	1	No-PER3D	No-Essential3D
158	L	158	-1.509	-5.701	10.777	0.4	0.436183395291202	0.6489103872228671	0.1931289281476519	0	0.5817011543145462	No-PER3D	No-Essential3D
159	V	159	-2.319	-2.21	9.542	0.4	0.559701492537313	0.3882532595542848	0.26973136682677107	0	0.33608555253873407	No-PER3D	No-Essential3D
160	M	160	-5.846	-0.822	9.265	0.4	0.433705080545229	0.05534410671454973	-0.057200644567581095	0.7993792403044037	1	No-PER3D	No-Essential3D
161	G	161	-6.886	0.578	5.865	0.4	0.433705080545229	0.7362347828302807	-0.15978451550509412	0	1	No-PER3D	No-Essential3D
162	E	162	-9.647	3.025	4.911	0.4	0.436953807740325	0.6234407718373716	-0.23568732941269932	0	1	No-PER3D	No-Essential3D
163	G	163	-12.124	3.547	7.713	0.4	0.435323383084577	-0.07838862989628406	-0.4391037218087826	0	1	No-PER3D	No-Essential3D
164	P	164	-12.296	5.122	11.164	0.4	0.43734335839599	-0.9556753820633536	-0.3002780642545146	0	1	No-PER3D	No-Essential3D
165	E	165	-9.008	3.515	12.27	0.4	0.521348314606742	-0.12056587759662397	-0.077310170007662	0	1	No-PER3D	No-Essential3D
166	R	166	-7.093	4.309	9.07	0.4	0.52528301886792494	-0.03922404274596842	-0.04128244511025325	0	0.5846400220828278	No-PER3D	No-Essential3D
167	G	167	-3.347	3.659	9.257	0.4	0.529277566539924	0.2780091131715878	0.30379793492567303	0	0.3434976755566429	No-PER3D	No-Essential3D
168	R	168	-3.46	2.132	12.69	0.4	0.529277566539924	0.32965171994886466	0.39161816665996807	0	0.18661308619634387	No-PER3D	No-Essential3D
169	V	169	-1.219	-0.788	13.667	0.4	0.526792452830189	0.031979703440863434	0.5160143258148507	0	0.3434976755566429	No-PER3D	No-Essential3D
170	K	170	-2.92	-3.877	15.092	0.4	0.44106463878327	0.053419705764160934	0.30425376201055476	0.49391235860117655	0.9999999999999999	No-PER3D	No-Essential3D
171	I	171	-0.679	-6.525	16.612	0.4	0.438993710691824	0.6970811815389131	0.28588975378119197	0	0.33608555253873407	No-PER3D	No-Essential3D
172	A	172	-2.273	-9.906	15.885	0.4	0.44233206590621	0.6824839711401113	0.08277774490615765	1.3434928591217032	1	No-PER3D	No-Essential3D
173	D	173	-1.701	-13.642	16.254	0.4	0.443599493029151	0.6294730491655153	-0.19325170878679085	13.818667642704227	0.004452771307539213	PER3D	Essential3D
174	M	174	-0.081	-13.867	19.691	0.4	0.446564885496183	1.0182198103125528	-0.013234259285878893	3.8153047060678382	0.17668163706355108	No-PER3D	No-Essential3D
175	G	175	1.183	-17.312	20.584	0.4	0.446564885496183	1.0182198103125528	-0.16262594817537596	5.128947354952186	0.12678355446134193	No-PER3D	No-Essential3D
176	F	176	-1.221	-17.712	23.481	0.4	0.446564885496183	1.0182198103125528	-0.15696933981678057	5.128947354952186	0.12678355446134193	No-PER3D	No-Essential3D
177	A	177	-0.375	-21.32	24.38	0.4	0.53587786259542	1.0182198103125528	-0.2827002332691687	3.8153047060678382	0.17668163706355108	No-PER3D	No-Essential3D
178	R	178	3.173	-22.611	24.757	0.4	0.532824427480916	1.0182198103125528	-0.10708335584590083	3.8153047060678382	0.17668163706355108	No-PER3D	No-Essential3D
179	L	179	3.523	-25.675	27.234	0.4	0.530798479087452	1.0182198103125528	-0.15192775764560823	5.128947354952186	0.12678355446134193	No-PER3D	No-Essential3D
180	F	180	5.359	-24.525	30.334	0.4	0.333333333333333	1.0182198103125528	-0.09111213826303774	3.4657283885793726	0.3513249261712827	No-PER3D	No-Essential3D
181	N	181	6.111	-21.217	28.506	0.4	0.337209302325581	1.0182198103125528	0.37052166446834206	2.295801030648597	0.44114147485525884	No-PER3D	No-Essential3D
182	S	182	8.808	-23.146	26.662	0.4	0.337209302325581	1.0182198103125528	0.16575975937670367	2.295801030648597	0.44114147485525884	No-PER3D	No-Essential3D
183	P	183	10.075	-22.767	23.009	0.4	0.337209302325581	0.7440677002603435	0.4643466768430507	1.3434928591217032	1	No-PER3D	No-Essential3D
184	L	184	11.43	-26.34	23.261	0.4	0.33852140077821	0.6657385259597123	0.062355639027632546	2.295801030648597	0.44114147485525884	No-PER3D	No-Essential3D
185	K	185	8.001	-28.032	23.05	0.4	0.33852140077821	1.0182198103125528	-0.32806565884592137	2.295801030648597	0.44114147485525884	No-PER3D	No-Essential3D
186	P	186	5.857	-28.765	19.91	0.4	0.5453125	1.0182198103125528	-1.2975405263844195	7.71374279864555	0.08187528011935385	No-PER3D	No-Essential3D
187	L	187	3.07	-26.968	21.725	0.4	0.543190661478599	1.0182198103125528	-0.9828732538633795	5.128947354952186	0.12678355446134193	No-PER3D	No-Essential3D
188	A	188	5.25	-23.981	21.592	0.4	0.542635658914729	1.0182198103125528	-0.49612325928506956	3.8153047060678382	0.17668163706355108	No-PER3D	No-Essential3D
189	D	189	6.603	-24.01	18.097	0.4	0.677606177606178	1.0182198103125528	-0.39364469450182593	7.71374279864555	0.08187528011935385	No-PER3D	No-Essential3D
190	L	190	3.874	-25.083	15.749	0.4	0.448275862068966	1.0182198103125528	-0.5482904075425589	31.41846988485024	2.2753044202957826e-4	PER3D	Essential3D
191	D	191	4.958	-25.905	12.215	0.4	0.448717948717949	1.0182198103125528	-0.40030794530892067	26.120064514101283	0.006240291753900183	PER3D	Essential3D
192	P	192	8.713	-24.962	12.363	0.4	0.450450450450451	1.0182198103125528	-1.1211417803672254	6.893961749969186	0.24890254609306406	No-PER3D	No-Essential3D
193	V	193	9.069	-25.949	8.715	0.4	0.671153846153846	1.0182198103125528	-0.7813436565711231	6.893961749969186	0.24890254609306406	No-PER3D	No-Essential3D
194	V	194	6.758	-23.068	7.667	0.4	0.676356589147287	1.0182198103125528	-0.6478883870415726	62.52172150569427	1.5471797736942618e-4	PER3D	Essential3D
195	V	195	8.03	-20.64	10.309	0.4	0.908854166666667	1.0182198103125528	-0.23542333295092593	62.52172150569427	0.0016761114215021135	PER3D	Essential3D
196	T	196	11.378	-18.916	9.606	0.4	0.901808785529716	1.0182198103125528	-0.7578200511646936	6.893961749969186	0.24890254609306406	No-PER3D	No-Essential3D
197	F	197	13.973	-18.203	12.335	0.4	0.905317769130999	0.7775008844130522	-0.876035826285033	3.4657283885793726	0.3513249261712827	No-PER3D	No-Essential3D
198	W	198	14.807	-14.677	11.135	0.4	0.896640826873385	1.0182198103125528	-0.4690936547897888	2.295801030648597	0.44114147485525884	No-PER3D	No-Essential3D
199	Y	199	13.218	-12.835	14.035	0.4	0.669230769230769	1.0182198103125528	0.2421474856331867	1.702662196269558	0.5197309549537381	No-PER3D	No-Essential3D
200	R	200	14.444	-15.142	16.785	0.4	0.801526717557252	0.8082309600597967	0.5103774804190091	1.1025360741006405	1	No-PER3D	No-Essential3D
201	A	201	16.713	-13.831	19.495	0.4	1.00961538461538	0.7832322874106593	0.7507527289665997	0	1	No-PER3D	No-Essential3D
202	P	202	20.211	-15.416	19.843	0.4	1.01061776061776	0.470623079524398	-0.5810670555362176	0	1	No-PER3D	No-Essential3D
203	E	203	19.355	-16.785	23.309	0.4	1.00477099236641	-0.4606097330077836	0.5055686165703592	0	1	No-PER3D	No-Essential3D
204	L	204	16.506	-18.844	21.736	0.4	0.997159090909091	0.43150902732524427	0.562692731631313	0	1	No-PER3D	No-Essential3D
205	L	205	18.935	-20.323	19.224	0.4	1	0.4021734881758788	-0.2617563508049743	0	1	No-PER3D	No-Essential3D
206	L	206	21.303	-21.172	22.074	0.4	1.06666666666667	-1.0118583571784172	-0.011002780887792663	0	1	No-PER3D	No-Essential3D
207	G	207	18.613	-23.056	23.956	0.4	1.07072243346008	-0.6771014637844958	0.3549861560318836	0	1	No-PER3D	No-Essential3D
208	A	208	16.684	-20.612	26.136	0.4	1.07680608365019	0.24816190764171045	0.6618510582453792	0	1	No-PER3D	No-Essential3D
209	R	209	14.076	-22.602	28.007	0.4	1.07680608365019	1.0182198103125528	0.6942474461221175	2.295801030648597	0.44114147485525884	No-PER3D	No-Essential3D
210	H	210	11.459	-19.923	28.401	0.4	1.08725868725869	1.0182198103125528	1.1329294936996808	2.295801030648597	0.44114147485525884	No-PER3D	No-Essential3D
211	Y	211	10.018	-17.019	26.428	0.4	1.08307692307692	1.0182198103125528	0.950119643910481	1.702662196269558	0.5197309549537381	No-PER3D	No-Essential3D
212	T	212	10.741	-13.553	27.841	0.4	0.909560723514212	0.1968247141303208	1.2862265245030897	0	1	No-PER3D	No-Essential3D
213	K	213	9.809	-9.908	27.237	0.4	0.906048906048906	0.3337238968273596	0.8727602230304264	0	0.5817011543145462	No-PER3D	No-Essential3D
214	A	214	13.321	-9.39	25.781	0.4	0.770662287903667	0.3863774286339128	1.2673513100480644	0	0.5817011543145462	No-PER3D	No-Essential3D
215	I	215	12.791	-12.056	23.049	0.4	0.764801738185769	0.44515346413890244	1.2668243055072723	0	0.5817011543145462	No-PER3D	No-Essential3D
216	D	216	9.754	-10.085	21.766	0.4	0.664772727272727	1.0182198103125528	1.0446952152153044	1.3434928591217032	1	No-PER3D	No-Essential3D
217	I	217	11.934	-6.893	21.807	0.4	0.66793893129771	0.34152708781556285	0.7462801887609283	0.7993792403044037	1	No-PER3D	No-Essential3D
218	W	218	14.62	-8.494	19.611	0.4	0.668582375478927	0.49392506806857495	0.7217617345631117	1.1025360741006405	1	No-PER3D	No-Essential3D
219	A	219	11.87	-9.362	17.069	0.4	0.670498084291188	1.0182198103125528	0.724876030584425	0.9295861150054883	1	No-PER3D	No-Essential3D
220	I	220	10.764	-5.683	17.128	0.4	0.594845796366709	1.0182198103125528	0.4890062886753241	0.6164161693140514	1	No-PER3D	No-Essential3D
221	G	221	14.424	-4.719	16.459	0.4	0.589807852965748	0.053419705764160934	0.3812102924009265	0.6978363692976364	1	No-PER3D	No-Essential3D
222	C	222	14.477	-7.051	13.45	0.4	0.585934248855597	1.0182198103125528	0.06947427657571306	1.3434928591217032	1	No-PER3D	No-Essential3D
223	I	223	11.175	-5.65	12.099	0.4	0.585934248855597	1.0182198103125528	0.24876649395589973	1.3434928591217032	1	No-PER3D	No-Essential3D
224	F	224	12.528	-2.079	12.52	0.4	0.493936567164179	0.031979703440863434	0.27811610797052183	0.6978363692976364	1	No-PER3D	No-Essential3D
225	A	225	15.734	-2.918	10.586	0.4	0.488468634686347	0.009565155557415854	1.3367354506301816e-4	1.1025360741006405	1	No-PER3D	No-Essential3D
226	E	226	13.492	-4.418	7.87	0.4	0.488468634686347	0.6189663799453249	0.32520779389642035	1.3434928591217032	1	No-PER3D	No-Essential3D
227	L	227	11.295	-1.273	7.662	0.4	0.48570110701107	-0.06268581824262479	0.5636722276701279	0.6978363692976364	1	No-PER3D	No-Essential3D
228	L	228	14.406	0.9	7.208	0.4	0.481751824817518	-0.17954048078913054	0.5465717795949274	0.7993792403044037	1	No-PER3D	No-Essential3D
229	T	229	15.976	-1.271	4.455	0.4	0.478260869565217	0.5565830314504456	0.37680380477306863	2.295801030648597	0.44114147485525884	No-PER3D	No-Essential3D
230	S	230	13.182	-3.578	3.076	0.4	0.544610624033007	0.6078760068795689	0.5244789136581595	1.3434928591217032	1	No-PER3D	No-Essential3D
231	E	231	15.453	-6.545	3.568	0.4	0.423913043478261	0.525807246192972	0.2965920187097263	3.4657283885793726	0.3513249261712827	No-PER3D	No-Essential3D
232	P	232	15.196	-8.947	6.553	0.4	0.427878787878788	1.0182198103125528	-0.26077904593030726	2.295801030648597	0.44114147485525884	No-PER3D	No-Essential3D
233	I	233	18.333	-8.057	8.568	0.4	0.424789410348977	0.7514772167482411	-0.8535304175142003	3.4657283885793726	0.3513249261712827	No-PER3D	No-Essential3D
234	F	234	18.861	-11.692	9.53	0.4	0.426328502415459	0.7514772167482411	-1.0619382952521843	2.295801030648597	0.44114147485525884	No-PER3D	No-Essential3D
235	H	235	17.729	-13.374	6.27	0.4	0.364105208870552	0.6657385259597123	-1.7747851616695316	6.893961749969186	0.24890254609306406	No-PER3D	No-Essential3D
236	C	236	18.811	-16.99	6.068	0.4	0.362795477903392	0.6234407718373716	-2.250235513125575	0	1	No-PER3D	No-Essential3D
237	R	237	18.518	-20.126	3.922	0.4	0.211630695443645	1.0182198103125528	-2.407283752980848	0	1	No-PER3D	No-Essential3D
238	Q	238	15.61	-22.419	4.755	0.4	0.212394705174489	1.0182198103125528	-1.5300338251901897	62.52172150569427	0.13235294117647056	No-PER3D	No-Essential3D
239	E	239	17.613	-25.346	6.075	0.4	0.181771633384537	1.0182198103125528	-1.7636293046105502	62.52172150569427	0.13235294117647056	No-PER3D	No-Essential3D
240	D	240	16.306	-27.989	8.455	0.4	0.18191161356629	0.569607266590756	-1.963565335954206	62.52172150569427	0.13235294117647056	No-PER3D	No-Essential3D
241	I	241	16.127	-27.194	11.868	0.4	0.181259600614439	0.6069916452342391	-1.5872040278509985	62.52172150569427	0.13235294117647056	No-PER3D	No-Essential3D
242	K	242	13.97	-29.573	13.906	0.4	0.181259600614439	0.6234407718373716	-1.2323847103303547	6.893961749969186	0.24890254609306406	No-PER3D	No-Essential3D
243	T	243	11.429	-27.968	16.362	0.4	0.212829736211031	0.6657385259597123	-0.5960035626946112	6.893961749969186	0.24890254609306406	No-PER3D	No-Essential3D
244	S	244	12.791	-29.633	19.437	0.4	0.212066905615293	0.6386245810094938	-0.6728008732138845	3.4657283885793726	0.3513249261712827	No-PER3D	No-Essential3D
245	N	245	16.398	-28.709	18.612	0.4	0.254676258992806	0.6069916452342391	-0.6628532433933462	0	1	No-PER3D	No-Essential3D
246	P	246	16.78	-24.903	19.263	0.4	0.252857142857143	0.3522237863810134	-0.23786250720401284	0	1	No-PER3D	No-Essential3D
247	Y	247	20.379	-24.644	17.91	-1.15	0.315178571428571	-0.28709797819409505	-0.7069963582298656	0	1	No-PER3D	No-Essential3D
248	H	248	20.404	-23.311	14.321	0.4	0	0.7440677002603435	-1.0653111780120952	0	1	No-PER3D	No-Essential3D
249	H	249	23.889	-22.891	13.003	0.4	0	-0.25320695772145974	-1.9432387020642248	0	1	No-PER3D	No-Essential3D
250	D	250	23.321	-20.957	9.767	0.4	0	0.2590293517064349	-2.2256124409132894	0	1	No-PER3D	No-Essential3D
251	Q	251	20.932	-18.531	11.477	0.4	0	0.42006975201682367	-1.4808053475085148	0	1	No-PER3D	No-Essential3D
252	L	252	23.628	-17.858	14.12	0.4	0	-0.18382179385656722	-1.373635527691147	0	1	No-PER3D	No-Essential3D
253	D	253	26.182	-17.367	11.251	0.4	0	-0.2977103179380514	-2.299886199377037	0	1	No-PER3D	No-Essential3D
254	R	254	23.811	-14.807	9.729	0.4	0	0.09295643888634662	-1.984381728003996	0	1	No-PER3D	No-Essential3D
255	I	255	23.442	-12.904	13.029	0.4	0	0.23905065542732667	-1.3686180180137144	0	1	No-PER3D	No-Essential3D
256	F	256	27.234	-12.732	13.491	0.4	0	-0.5773766829552578	-2.134629790912163	0	1	No-PER3D	No-Essential3D
257	N	257	27.955	-11.619	9.888	-1.15	0	-0.7317892468198846	-2.1446769974075837	0	1	No-PER3D	No-Essential3D
258	V	258	25.623	-8.677	10.504	0.4	0	-0.391705327098809	-1.6473192276501956	0	1	No-PER3D	No-Essential3D
259	M	259	26.446	-7.919	14.157	0.4	0	-0.5238858087311241	-1.760821096394889	0	1	No-PER3D	No-Essential3D
260	G	260	29.911	-9.302	14.916	0.4	0	-0.7901228820576325	-2.0005487044328443	0	1	No-PER3D	No-Essential3D
261	F	261	30.637	-12.065	17.435	0.4	0	-1.0118583571784172	-2.307116635715266	0	1	No-PER3D	No-Essential3D
262	P	262	29.841	-11.097	21.109	0.4	0	-1.4471593664553384	-2.423796190762106	0	1	No-PER3D	No-Essential3D
263	A	263	32.839	-10.435	23.304	0.4	0	-0.6251768014658516	-2.8895262080038573	0	1	No-PER3D	No-Essential3D
264	D	264	32.802	-11.981	26.815	0.4	0	0.313257241606872	-3.2091316762288353	0	1	No-PER3D	No-Essential3D
265	K	265	32.04	-8.496	28.232	0.4	0	0.313257241606872	-3.133322915748048	0	1	No-PER3D	No-Essential3D
266	D	266	29.094	-7.95	25.811	0.4	0	-0.7073466320547719	-2.576596607909961	0	1	No-PER3D	No-Essential3D
267	W	267	27.209	-10.992	27.055	0.4	0	-1.124550005815009	-1.523286411282494	0	1	No-PER3D	No-Essential3D
268	E	268	28.669	-12.464	30.268	0.4	0	-1.7197638436282208	-2.0903373377129912	0	1	No-PER3D	No-Essential3D
269	D	269	25.923	-14.995	30.965	0.4	0	-1.2219486338208074	-1.20490082085699	0	1	No-PER3D	No-Essential3D
270	I	270	26.208	-16.539	27.444	0.4	0	-1.6848458225352025	-0.6541057315397005	0	1	No-PER3D	No-Essential3D
271	K	271	28.311	-19.325	28.997	-1.15	0.612280701754386	-1.5536576563315103	-1.430839668809501	0	1	No-PER3D	No-Essential3D
272	K	272	25.185	-20.399	30.95	0.4	0.611888111888112	-1.4473804568666708	-0.006642627622188951	0	1	No-PER3D	No-Essential3D
273	M	273	23.301	-21.029	27.676	0.4	0.609756097560976	-1.5381749191205207	0.36834561866302734	0	1	No-PER3D	No-Essential3D
274	P	274	22.789	-24.819	27.012	0.4	0.48951048951049	-2.119173721264401	0.31246266983634113	0	1	No-PER3D	No-Essential3D
275	E	275	24.275	-24.622	23.515	0.4	0.487804878048781	-1.4468751073550539	-0.00691054052374928	0	1	No-PER3D	No-Essential3D
276	H	276	27.264	-22.393	24.464	-1.92	0.486713286713287	-1.4468751073550539	-0.3966116972673786	0	1	No-PER3D	No-Essential3D
277	S	277	29.74	-25.283	24.109	-2.7	0.485017421602788	-3.0419365246693872	-0.20458445723761207	0	1	No-PER3D	No-Essential3D
278	T	278	28.288	-26.16	20.672	0.4	0.485314685314685	-2.119173721264401	-0.7895477657326883	0	1	No-PER3D	No-Essential3D
279	L	279	28.693	-22.495	19.672	0.4	0.482229965156795	-1.2083175346775434	-1.1532216745981763	0	1	No-PER3D	No-Essential3D
280	M	280	32.402	-22.679	20.697	-1.92	0.518481518481519	-1.9394392763281199	-1.271310991151745	0	1	No-PER3D	No-Essential3D
281	K	281	32.839	-25.92	18.75	0.4	0.514880952380952	-3.0887556705986077	-0.9005787300369081	0	1	No-PER3D	No-Essential3D
282	D	282	31.29	-24.503	15.556	0.4	0.518481518481519	-2.268068063732639	-1.7801290549394633	0	1	No-PER3D	No-Essential3D
283	F	283	32.36	-20.806	15.524	0.4	0.515181682429069	-1.6507836352925034	-2.257696558741754	0	1	No-PER3D	No-Essential3D
284	R	284	35.453	-18.677	15.862	0.4	0.515181682429069	-1.4459654782341433	-2.1596785366965574	0	1	No-PER3D	No-Essential3D
285	R	285	35.523	-14.977	16.765	0.4	0.515181682429069	-2.119173721264401	-2.1817073143512284	0	1	No-PER3D	No-Essential3D
286	N	286	38.136	-14.183	14.066	-0.37	0.514880952380952	-2.598465574427818	-2.1302240488114843	0	1	No-PER3D	No-Essential3D
287	T	287	35.592	-15.132	11.316	0.4	0.515181682429069	-1.9956846769710894	-2.3180269166982206	0	1	No-PER3D	No-Essential3D
288	Y	288	33.55	-11.973	12.053	0.4	0.51998001998002	-1.2422085551501787	-2.4268665612753235	0	1	No-PER3D	No-Essential3D
289	T	289	36.293	-9.498	13.086	-2.7	0.519661523145844	-1.9956846769710894	-2.190545770108572	0	1	No-PER3D	No-Essential3D
290	N	290	35.273	-6.803	10.553	0.4	0.519661523145844	-1.9956846769710894	-1.505946360316358	0	1	No-PER3D	No-Essential3D
291	C	291	31.515	-7.272	11.113	-2.7	0.51998001998002	-1.2422085551501787	-1.813960243082892	0	1	No-PER3D	No-Essential3D
292	S	292	29.263	-4.778	12.86	0.4	0.610526315789474	-0.9556753820633538	-1.5036359215303987	0	1	No-PER3D	No-Essential3D
293	L	293	25.691	-3.435	12.815	0.4	0.610526315789474	-0.5822357510733174	-0.9772416340805746	0	1	No-PER3D	No-Essential3D
294	I	294	27.242	-0.057	11.837	0.4	0.700656234225139	-1.1749970701051209	-0.5730415433179548	0	1	No-PER3D	No-Essential3D
295	K	295	28.862	-1.525	8.695	0.4	0.703140830800405	-1.2248429082964318	-0.7055155180633601	0	1	No-PER3D	No-Essential3D
296	Y	296	25.664	-3.449	7.824	0.4	0.707676664972039	0.03127221412459963	-1.165605254633609	0	1	No-PER3D	No-Essential3D
297	M	297	23.315	-0.435	8.117	0.4	0.712749615975422	-0.9855225875932313	-0.36468320289311623	0	1	No-PER3D	No-Essential3D
298	E	298	25.747	1.918	6.28	0.4	0.704225352112676	0.07826971870497815	-0.10320540559361836	0	1	No-PER3D	No-Essential3D
299	K	299	25.556	-0.345	3.197	0.4	0.699300699300699	1.0182198103125528	-0.20243628814070155	0	1	No-PER3D	No-Essential3D
300	H	300	21.774	0.146	3.275	0.4	0.545102593883082	0.4027041051630766	0.06334433365330554	0	1	No-PER3D	No-Essential3D
301	K	301	22.005	3.949	3.403	0.4	0.548927875243665	0.2796009641331815	0.31770813768779343	0	1	No-PER3D	No-Essential3D
302	V	302	21.134	4.377	7.107	0.4	0.463157894736842	-0.7570123820564881	0.0738066516452617	0	1	No-PER3D	No-Essential3D
303	K	303	23.381	6.839	8.914	0.4	0.535332994407728	-1.0951518472696389	0.19471749822375853	0	1	No-PER3D	No-Essential3D
304	P	304	25.181	5.465	12.063	0.4	0.470089285714286	-0.9990894991977209	0.2584843112772097	0	1	No-PER3D	No-Essential3D
305	D	305	24.806	8.804	13.927	0.4	0.538775510204082	-1.5924157667007428	0.1563770771527062	0	1	No-PER3D	No-Essential3D
306	S	306	21.042	8.915	13.299	0.4	0.631294964028777	-1.3176120217519747	0.24516821388536114	0	1	No-PER3D	No-Essential3D
307	K	307	18.705	8.592	16.287	0.4	0.631768953068592	-1.896314586641315	0.38793670932328295	0	1	No-PER3D	No-Essential3D
308	A	308	17.032	5.763	14.326	-1.92	0.627697841726619	-1.30213706193958	0.44771091202026264	0	0.5950240215307573	No-PER3D	No-Essential3D
309	F	309	20.332	3.752	14.262	0.4	0.561151079136691	-0.3686803399757604	0.19135501460439114	0	0.5817011543145462	No-PER3D	No-Essential3D
310	H	310	21.081	4.228	17.992	-4.25	0.567777418311226	-0.625513701140263	0.11040389835908675	0	1	No-PER3D	No-Essential3D
311	L	311	17.604	3.054	19.023	0.4	0.555555555555555	-0.4887324333292682	0.3843964691210318	0	0.5846400220828278	No-PER3D	No-Essential3D
312	L	312	17.844	0.077	16.621	0.4	0.555160142348754	-0.11974954377016575	0.14909731397014514	1.3434928591217032	1	No-PER3D	No-Essential3D
313	Q	313	21.169	-0.884	18.21	0.4	0.559139784946237	-0.2870979781940949	-0.05295987561244737	0	1	No-PER3D	No-Essential3D
314	K	314	19.608	-0.898	21.701	0.4	0.555953803265631	-1.138738242646603	0.3067651954417654	0	1	No-PER3D	No-Essential3D
315	L	315	16.774	-3.136	20.432	0.4	0.553968253968254	-0.9059785715550697	0.5654763655646907	0.7993792403044037	1	No-PER3D	No-Essential3D
316	L	316	19.234	-5.523	18.718	0.4	0.556354916067146	-0.21474111630348255	-0.09570924335323652	0.7993792403044037	1	No-PER3D	No-Essential3D
317	T	317	21.392	-6.026	21.802	0.4	0.555953803265631	-0.4887324333292682	-0.3119695658333547	0	0.5817011543145462	No-PER3D	No-Essential3D
318	M	318	22.748	-9.563	21.976	0.4	0.684761281883584	0.43150902732524427	-0.9740589953615875	0	0.5817011543145462	No-PER3D	No-Essential3D
319	D	319	22.613	-10.097	25.733	0.4	0.689202494256646	0.0031807265670676745	-0.546753279350007	0	1	No-PER3D	No-Essential3D
320	P	320	18.847	-10.18	26.605	0.4	0.693675889328063	0.2714969956014326	0.5363536992360863	0	0.5817011543145462	No-PER3D	No-Essential3D
321	I	321	19.456	-8.482	29.968	-3.47	0.64051094890511	-0.008524059915237232	-0.2156879088560716	0	1	No-PER3D	No-Essential3D
322	K	322	21.179	-5.524	28.206	0.4	0.644688644688645	-0.10186441175412735	-0.6527660104937306	0	1	No-PER3D	No-Essential3D
323	R	323	18.29	-5.193	25.777	0.4	0.596082883905762	0.29345943132823044	0.5741961112964558	0	1	No-PER3D	No-Essential3D
324	I	324	16.165	-2.04	26.155	0.4	0.595588235294118	-0.9855225875932313	0.5813373907038293	0	1	No-PER3D	No-Essential3D
325	T	325	12.55	-2.456	27.368	0.4	0.595588235294118	-0.027578033546431822	0.6898538569295037	0	1	No-PER3D	No-Essential3D
326	S	326	9.528	-1.449	25.263	0.4	0.595588235294118	0.7440677002603435	0.7541363556039231	0	0.33648003527638193	No-PER3D	No-Essential3D
327	E	327	8.743	1.406	27.694	0.4	0.65	0.6386245810094938	0.7997055588989342	0	0.5817011543145462	No-PER3D	No-Essential3D
328	Q	328	12.344	2.759	27.52	0.4	0.654275092936803	0.5482447645087655	0.6460507280576985	0	1	No-PER3D	No-Essential3D
329	A	329	12.198	2.53	23.694	0.4	0.606666666666667	-1.0957582666835792	0.6689474049241709	0	0.33648003527638193	No-PER3D	No-Essential3D
330	M	330	8.959	4.598	23.549	-1.15	0.650557620817844	0.03127221412459963	0.9790538938847121	0	0.5950240215307573	No-PER3D	No-Essential3D
331	Q	331	10.727	7.303	25.586	0.4	0.746268656716418	-0.5401184994578997	0.8002054136141945	0	1	No-PER3D	No-Essential3D
332	D	332	13.633	7.349	23.026	0.4	0.698507462686567	-1.827519908720702	0.6828312542579371	0	0.5817011543145462	No-PER3D	No-Essential3D
333	P	333	14.49	10.887	21.676	0.4	0.689420544337138	-2.344927130363112	0.8880956623446059	0	1	No-PER3D	No-Essential3D
334	Y	334	14.074	9.442	18.124	0.4	0.655430711610487	-2.1518376760607345	0.952501956357968	0	0.5846400220828278	No-PER3D	No-Essential3D
335	F	335	10.299	9.852	18.628	0.4	0.737359550561798	-1.0943938230022132	1.2081834052236995	0	0.33648003527638193	No-PER3D	No-Essential3D
336	L	336	10.769	13.555	19.598	-2.7	0.738016917293233	-1.9394392763281199	1.1917473493016522	0	0.5817011543145462	No-PER3D	No-Essential3D
337	E	337	12.898	14.373	16.53	0.4	0.695131086142322	-2.0620118003708177	1.1496116466201578	0	1	No-PER3D	No-Essential3D
338	D	338	11.091	15.668	13.377	0.4	0.689962825278811	-2.0620118003708177	1.284494839880531	0	0.5817011543145462	No-PER3D	No-Essential3D
339	P	339	8.888	14.114	12.026	0.4	0.696352201257862	-1.4459654782341433	1.3192844009045335	0	0.5846400220828278	No-PER3D	No-Essential3D
340	L	340	6.638	13.071	14.883	0.4	0.751765344921238	-1.6534367202284925	1.411048854067189	0	0.33648003527638193	No-PER3D	No-Essential3D
341	P	341	4.75	9.757	14.902	0.4	0.762310606060606	-1.3685296314572737	1.2211078007541518	0	0.3434976755566429	No-PER3D	No-Essential3D
342	T	342	1.249	10.034	13.468	0.4	0.76010101010101	-1.1928062839283124	1.0987223340398555	0	0.33608555253873407	No-PER3D	No-Essential3D
343	S	343	-1.78	7.973	14.637	-4.25	0.76010101010101	-0.4611403499949814	0.7359548219923417	0	0.18937257788266504	No-PER3D	No-Essential3D
344	D	344	-2.36	7.078	10.957	0.4	0.698380566801619	-0.2498031842367622	0.4960419624279694	0	0.3434976755566429	No-PER3D	No-Essential3D
345	V	345	1.025	5.735	9.733	0.4	0.646067415730337	-0.06423884357100883	0.7407489593072907	0	0.3434976755566429	No-PER3D	No-Essential3D
346	F	346	0.077	6.748	6.154	0.4	0.641263940520446	-0.2870979781940949	0.6497903305788572	0	0.5950240215307573	No-PER3D	No-Essential3D
347	A	347	-0.243	10.404	7.37	0.4	0.636029411764706	-0.625513701140263	0.9529621853929926	0	0.5846400220828278	No-PER3D	No-Essential3D
348	G	348	-3.292	11.312	5.218	0.4	0.640740740740741	-1.0951518472696389	0.49679587345853443	0	0.5846400220828278	No-PER3D	No-Essential3D
349	C	349	-1.492	10.15	2.077	0.4	0.533517835178352	0.31477329014172306	0.5600115254823758	0	0.5846400220828278	No-PER3D	No-Essential3D
350	Q	350	-2.971	7.763	-0.44	0.4	0.530024509803922	1.0182198103125528	0.18247744317801512	0	1	No-PER3D	No-Essential3D
351	I	351	-2.494	4.058	0.276	0.4	0.532407407407407	1.0182198103125528	0.34388660736090204	0	1	No-PER3D	No-Essential3D
352	P	352	-0.643	2.626	-2.787	0.4	0.580342167058034	0.2796009641331815	0.663559317037565	0	1	No-PER3D	No-Essential3D
353	Y	353	-0.646	-0.872	-1.273	0.4	0.580808080808081	0.5416915224548939	0.5512150965607538	0	1	No-PER3D	No-Essential3D
354	P	354	-3.094	-3.344	-2.917	0.4	0.564165641656417	1.0182198103125528	0.35957100484874527	0	1	No-PER3D	No-Essential3D
355	K	355	-5.919	-4.965	-0.99	0.4	0.563725490196078	1.0182198103125528	0.007909253992892922	6.893961749969186	0.24890254609306406	No-PER3D	No-Essential3D
356	R	356	-5.91	-8.542	0.189	0.4	0.564165641656417	0.6386245810094938	-0.2011844269608393	6.893961749969186	0.24890254609306406	No-PER3D	No-Essential3D
357	E	357	-5.846	-11.39	-2.252	0.4	0.561660561660562	1.0182198103125528	-0.15098444380808865	62.52172150569427	0.13235294117647056	No-PER3D	No-Essential3D
