Uniprot_position	aminoacid	Position_in_structure	x	y	z	paraz	mtr	paraz3dscore	mtr3dscore	PER3D_OR	PER3D_pvalue	PER3D	Essential3D
11	V	11	-17.983	-24.299	-5.041	3.76	0.882154882154882	-0.819141824571936	1.3303833844912771	0	0.5842771485676215	No-PER3D	No-Essential3D
12	S	12	-19.962	-26.39	-2.508	0.47	0.88562091503268	-0.5928692310366589	1.332636688743041	0	0.5842771485676215	No-PER3D	No-Essential3D
13	A	13	-23.47	-27.832	-2.953	0.47	0.792452830188679	0.5950161527369507	1.5017465648744492	0	1	No-PER3D	No-Essential3D
14	E	14	-25.805	-30.009	-0.902	-0.08	0.795412844036697	0.9561241426916786	1.1031138781262098	0	1	No-PER3D	No-Essential3D
15	A	15	-27.55	-33.19	-2.06	0.47	0.794666666666667	1.0524731178185989	1.0444535132473463	0	1	No-PER3D	No-Essential3D
16	V	16	-31.282	-32.277	-2.303	-0.63	0.791379310344828	1.822512870394062	0.31845240186356727	0	1	No-PER3D	No-Essential3D
17	W	17	-32.198	-35.887	-2.79	2.12	0.661764705882353	2.2941745119460317	0.34260742321567494	2.7704127947158503	0.2551560221113851	No-PER3D	No-Essential3D
18	D	18	-30.334	-39.177	-2.81	-0.08	0.610970996216898	1.822899224949724	0.4107097231055138	2.7704127947158503	0.2551560221113851	No-PER3D	No-Essential3D
19	H	19	-28.595	-40.239	-5.946	-1.18	0.658730158730159	0.9738290051570171	0.7015981093615511	0	1	No-PER3D	No-Essential3D
20	V	20	-28.766	-44.033	-5.718	-1.18	0.660852713178295	0.5412645751804979	0.33933618367391694	1.8021474416929792	0.6119304395613341	No-PER3D	No-Essential3D
21	T	21	-26.489	-45.765	-8.184	-1.18	0.707070707070707	-0.2699239639080334	0.5672577216769951	1.0164538334624653	1	No-PER3D	No-Essential3D
22	M	22	-26.327	-49.423	-9.26	-1.18	0.703921568627451	-1.3341583911854047	0.2936738686302328	0	0.5842771485676215	No-PER3D	No-Essential3D
23	A	23	-22.595	-48.91	-10.003	-1.18	0.699389499389499	-0.3283733350478578	0.5301312250527364	1.2871668903818154	1	No-PER3D	No-Essential3D
24	N	24	-19.728	-47.951	-7.623	-0.63	0.652727272727273	-0.5611939498945121	0.5913276797876912	2.7704127947158503	0.2551560221113851	No-PER3D	No-Essential3D
25	R	25	-18.301	-45.367	-10.083	-0.63	0.644404332129964	-1.000966222382637	0.9858142397577224	1.7354873785901144	0.5203197868087941	No-PER3D	No-Essential3D
26	E	26	-21.065	-42.78	-9.763	0.47	0.640794223826715	0.2416202749086759	1.1419241398746938	1.0164538334624653	1	No-PER3D	No-Essential3D
27	L	27	-20.667	-40.811	-6.541	1.02	0.577174623937214	0.013055399059704638	1.1918228415185186	0.6075524802822035	1	No-PER3D	No-Essential3D
28	A	28	-23.472	-42.02	-4.284	2.12	0.576735092864125	0.6639128288753477	1.0862901909572453	0.8351631181521144	1	No-PER3D	No-Essential3D
29	F	29	-24.783	-39.966	-1.381	1.02	0.577174623937214	1.3768840480635907	1.1609937667234704	1.0164538334624653	1	No-PER3D	No-Essential3D
30	K	30	-27.691	-39.146	0.923	0.47	0.575105897686543	1.292434420026023	0.5549739570696721	0	1	No-PER3D	No-Essential3D
31	A	31	-29.587	-35.85	1.256	0.47	0.573051948051948	1.3776796891872505	0.32941547114884345	0	1	No-PER3D	No-Essential3D
32	G	32	-27.458	-33.485	3.399	2.66	0.568987749838814	1.1893794259158024	0.7738992145231446	0	1	No-PER3D	No-Essential3D
33	D	33	-24.066	-34.881	2.259	-0.08	0.569395017793594	1.2455567339390534	1.176950320088829	0	0.5842771485676215	No-PER3D	No-Essential3D
34	V	34	-21.886	-31.92	1.154	-0.08	0.622340425531915	1.1388198486948768	1.3330234769390372	0	0.5842771485676215	No-PER3D	No-Essential3D
35	I	35	-19.604	-32.458	-1.85	-1.18	0.683766233766234	0.9300338468152204	1.5172466518013932	1.0164538334624653	1	No-PER3D	No-Essential3D
36	K	36	-16.734	-30.261	-2.989	-0.63	0.724495848161329	-0.16906759313157135	1.601655465942644	1.0164538334624653	1	No-PER3D	No-Essential3D
37	V	37	-16.85	-29.388	-6.716	-1.18	0.719375736160188	0.12049226785178623	1.5783788351050823	1.2871668903818154	1	No-PER3D	No-Essential3D
38	L	38	-13.49	-29.586	-8.504	-1.18	0.726063829787234	-0.3183549934393049	1.4502996863568758	1.7354873785901144	0.5203197868087941	No-PER3D	No-Essential3D
39	D	39	-14.272	-29.15	-12.202	-0.08	0.73125	-0.943090309944494	1.2867267837451117	1.7354873785901144	0.5203197868087941	No-PER3D	No-Essential3D
40	A	40	-17.494	-28.224	-13.963	-0.63	0.626785714285714	-0.22150607356003146	1.1943506963550015	0	1	No-PER3D	No-Essential3D
41	S	41	-16.567	-28.567	-17.725	-1.18	0.565764023210832	-2.6028516493190197	0.8101385954794211	0	1	No-PER3D	No-Essential3D
42	N	42	-20.042	-29.841	-18.713	-1.18	0.622340425531915	-0.5457811166505844	1.0936854777471179	0	1	No-PER3D	No-Essential3D
43	K	43	-23.274	-27.864	-18.368	-1.18	0.626785714285714	-0.854924200342463	0.9575106659595204	0	1	No-PER3D	No-Essential3D
44	D	44	-25.086	-30.431	-16.114	-1.18	0.696428571428571	0.14979082165614221	1.3840507093577665	0	1	No-PER3D	No-Essential3D
45	W	45	-22.198	-32.799	-15.108	0.47	0.694942254082039	-0.08291755184726651	1.2963760185296305	19.643878254971487	0.16455696202531642	No-PER3D	No-Essential3D
46	W	46	-19.538	-32.008	-12.529	-0.63	0.692460317460318	0.2688346537980848	1.395335028176585	1.7354873785901144	0.5203197868087941	No-PER3D	No-Essential3D
47	W	47	-16.879	-33.932	-10.591	-0.63	0.691973111901938	-0.16201728861928705	1.3021286885656747	1.2871668903818154	1	No-PER3D	No-Essential3D
48	G	48	-17.337	-34.197	-6.816	-0.08	0.886524822695036	0.852081133525803	1.3793281932488861	0.8351631181521144	1	No-PER3D	No-Essential3D
49	Q	49	-14.91	-34.979	-4.07	0.47	1.02767962308598	0.4852505945048325	1.3541563823940594	1.0164538334624653	1	No-PER3D	No-Essential3D
50	I	50	-16.08	-36.204	-0.595	-0.08	0.986572438162544	0.11463255709091502	1.4242804977193317	1.2871668903818154	1	No-PER3D	No-Essential3D
51	D	51	-13.78	-36.905	2.449	-0.63	0.986572438162544	-0.2686757414974337	1.6086639449161046	1.2871668903818154	1	No-PER3D	No-Essential3D
52	D	52	-13.303	-40.635	1.6	1.02	0.924911660777385	0.9964868303890563	1.5652025647012748	1.2871668903818154	1	No-PER3D	No-Essential3D
53	E	53	-15.611	-41.075	-1.449	-0.08	0.919014084507042	0.1890058090558185	1.30209545087323	0.8351631181521144	1	No-PER3D	No-Essential3D
54	E	54	-14.892	-39.57	-4.883	-0.08	0.919611307420495	-0.2507664634323064	1.2993806053377146	0.8351631181521144	1	No-PER3D	No-Essential3D
55	G	55	-16.743	-39.498	-8.179	-0.08	0.980918727915194	0.1216942598027342	1.3084465905970726	1.0164538334624653	1	No-PER3D	No-Essential3D
56	W	56	-19.055	-37.624	-10.533	-0.08	0.984397163120567	-0.5185542653193769	1.1438993451482131	1.0164538334624653	1	No-PER3D	No-Essential3D
57	F	57	-22.535	-36.49	-9.526	1.02	0.983745583038869	0.10323509769889092	1.1695674409443597	0.7052412383961074	0.9999999999999999	No-PER3D	No-Essential3D
58	P	58	-25.566	-35.055	-11.347	4.86	0.976842105263158	0.26236488031210975	1.1741398554849813	2.623450119578842	0.4213381555153705	No-PER3D	No-Essential3D
59	A	59	-25.782	-31.27	-10.993	-1.18	0.979649122807018	-0.037797637688564194	1.37013244491454	0	1	No-PER3D	No-Essential3D
60	S	60	-29.599	-31.422	-11.369	-0.08	0.980281690140845	0.5208998265515623	0.8601912632813685	0	1	No-PER3D	No-Essential3D
61	F	61	-29.908	-33.348	-8.022	1.02	0.973426573426574	1.2720712622687873	0.6691635464310632	0	1	No-PER3D	No-Essential3D
62	V	62	-27.932	-30.829	-5.909	2.12	0.974035087719298	1.0702032796093348	1.00489511309108	0	1	No-PER3D	No-Essential3D
63	R	63	-28.479	-27.353	-4.521	0.47	1.04360902255639	1.3760274966146748	0.7165568832638681	0	1	No-PER3D	No-Essential3D
64	L	64	-25.869	-24.622	-4.66	-1.18	1.0540131246845	-0.26448171419781835	0.9866977818733759	0	1	No-PER3D	No-Essential3D
65	W	65	-25.34	-22.15	-1.831	-1.18	1.02473498233216	-0.40706199941926235	0.07359143828194316	0	0.5842771485676215	No-PER3D	No-Essential3D
66	V	66	-23.962	-18.605	-2.385	-1.18	0.886524822695036	-0.5151429302085899	-0.7565513900763655	2.7704127947158503	0.2551560221113851	No-PER3D	No-Essential3D
67	N	67	-20.248	-19.048	-2.759	-1.18	0.746289752650177	-0.7048254554678397	0.10474508497048211	0	1	No-PER3D	No-Essential3D
68	Q	68	-18.494	-16.818	-0.229	-1.18	0.628571428571429	-1.0498632549471991	-0.17992907978306136	0	1	No-PER3D	No-Essential3D
69	E	69	-15.348	-18.074	-1.986	-0.63	0.624113475177305	-0.40778319458983125	0.4565296381409597	0	1	No-PER3D	No-Essential3D
70	D	70	-16.124	-15.312	-4.557	-0.63	0.624113475177305	-0.23752962039484876	0.09511207281121173	0	1	No-PER3D	No-Essential3D
71	E	71	-14.998	-12.968	-1.704	0.47	0.751601423487545	-0.7459722156458253	-0.43626477155564786	0	1	No-PER3D	No-Essential3D
72	V	72	-12.097	-15.116	-0.292	-0.08	0.752142857142857	0.22209594041132627	0.10484959827249152	0	1	No-PER3D	No-Essential3D
73	E	73	-10.548	-15.15	-3.743	0.47	0.76028880866426	0.3855314930358058	0.2901908161444337	0	0.5842771485676215	No-PER3D	No-Essential3D
74	E	74	-9.329	-11.559	-3.531	-0.63	0.765217391304348	-0.227484401947641	0.3189504322287211	0	0.5925269615394009	No-PER3D	No-Essential3D
75	G	75	-9.04	-9.74	-6.88	0.47	0.858880778588808	-0.40598020666340934	0.6545076246382774	0	0.34205812200275454	No-PER3D	No-Essential3D
76	P	76	-5.581	-9.36	-8.365	1.02	0.858181818181818	-0.6878156877935698	1.0146985139174634	0	0.34205812200275454	No-PER3D	No-Essential3D
77	S	77	-3.385	-6.604	-6.976	0.47	0.869352869352869	-0.7034732145230232	1.0132308363306555	0	0.34205812200275454	No-PER3D	No-Essential3D
78	D	78	-0.032	-7.538	-8.764	1.02	0.870098039215686	-1.000966222382637	1.4392491486400325	0	0.34028174725426796	No-PER3D	No-Essential3D
79	V	79	2.487	-4.775	-9.55	-0.08	0.86374695863747	-1.3976235661954557	1.5548538957248512	0	0.5925269615394009	No-PER3D	No-Essential3D
80	Q	80	0.631	-4.061	-12.763	-1.18	0.866910866910867	-1.6554508396737877	1.4954878808388272	0	0.5925269615394009	No-PER3D	No-Essential3D
81	N	81	-2.364	-6.609	-12.679	-1.18	0.866910866910867	-1.0925025324932875	1.3398614416946515	0	0.34205812200275454	No-PER3D	No-Essential3D
82	G	82	-3.668	-4.45	-9.793	-1.18	0.743697478991597	-1.1575414896771705	1.058194797071379	0	0.34205812200275454	No-PER3D	No-Essential3D
83	H	83	-6.699	-2.254	-10.201	-1.18	0.735584415584416	-1.2984592302422509	1.0206664847430207	0	0.34205812200275454	No-PER3D	No-Essential3D
84	L	84	-6.002	-0.964	-13.763	-1.18	0.740973312401884	-1.5609530607066162	1.098752793880018	0	0.34205812200275454	No-PER3D	No-Essential3D
85	D	85	-9.552	0.057	-14.279	-1.18	0.740973312401884	-1.8339466443895562	0.8977226113481829	0	0.5820299980193383	No-PER3D	No-Essential3D
86	P	86	-9.968	3.713	-13.107	-1.18	0.64963503649635	-2.190938253821093	0.5510452952003912	0	1	No-PER3D	No-Essential3D
87	N	87	-13.613	3.344	-14.115	-1.18	0.64963503649635	-3.0834172773999344	0.5532882504201576	0	1	No-PER3D	No-Essential3D
88	S	88	-13.96	0.566	-11.484	-1.18	0.652014652014652	-2.042191749891286	0.298512934418531	0	1	No-PER3D	No-Essential3D
89	D	89	-13.007	0.578	-7.825	-0.08	0.651459854014599	-1.6331388640843165	0.07355133509626574	0	1	No-PER3D	No-Essential3D
90	C	90	-9.424	0.245	-6.727	-0.08	0.651459854014599	-1.2984592302422509	0.5110096360278412	0	0.5820299980193383	No-PER3D	No-Essential3D
91	L	91	-8.854	-2.726	-4.466	0.47	0.653846153846154	-0.9696511689237304	0.6268606884288372	0	0.34028174725426796	No-PER3D	No-Essential3D
92	C	92	-12.605	-3.452	-3.884	1.02	0.650909090909091	-0.6609742134002212	0.1333967018559115	0	0.5842771485676215	No-PER3D	No-Essential3D
93	L	93	-11.759	-6.631	-1.9	-0.08	0.646209386281588	-0.2437112932854381	0.057024982807630686	0	0.5820299980193383	No-PER3D	No-Essential3D
94	G	94	-14.331	-8.978	-3.441	-0.08	0.32518115942029	-0.40598020666340934	-0.08589600653938859	0	0.5820299980193383	No-PER3D	No-Essential3D
95	R	95	-17.59	-8.046	-5.149	-0.08	0.260144927536232	-0.7778464664879267	-0.5069924527492046	0	1	No-PER3D	No-Essential3D
96	P	96	-20.771	-6.925	-3.284	-0.63	0.260144927536232	-0.6878156877935698	-1.4963140250454487	3.7282324083184606	0.1877415056628914	No-PER3D	No-Essential3D
97	L	97	-20.807	-10.198	-1.284	0.47	0.322841726618705	-1.0238502999102996	-0.9550204562410565	3.7282324083184606	0.1877415056628914	No-PER3D	No-Essential3D
98	Q	98	-18.087	-9.165	1.213	-0.63	0.323369565217391	-1.1199634255264825	-0.8195895369361141	3.7282324083184606	0.1877415056628914	No-PER3D	No-Essential3D
99	N	99	-20.513	-8.123	3.939	0.47	0.432727272727273	-1.170962226873845	-1.2245956210597109	3.7282324083184606	0.1877415056628914	No-PER3D	No-Essential3D
100	R	100	-23.619	-9.899	5.225	-0.08	0.322463768115942	-1.880510767358887	-1.004000605529093	11.22535209928641	0.0687160940325497	No-PER3D	No-Essential3D
101	D	101	-26.403	-7.373	4.311	-0.08	0.322202166064982	-0.9771667817538681	-1.3088018772712773	9.15729431256063	0.02937089559341393	PER3D	No-Essential3D
102	Q	102	-25.296	-7.571	0.758	-1.18	0.259636363636364	-0.886545834744324	-1.6090989307356294	6.077945688656591	0.052912472765903815	No-PER3D	No-Essential3D
103	M	103	-25.394	-11.339	0.989	1.02	0.257761732851986	-1.410019108189606	-1.1467749305675428	4.521214637137721	0.08338752814672978	No-PER3D	No-Essential3D
104	R	104	-29.015	-11.166	2.188	0.47	0.257761732851986	-0.35900762647504914	-1.3107065851413726	6.632434584440146	0.022155240946366495	PER3D	No-Essential3D
105	A	105	-29.849	-8.692	-0.63	-1.18	0.255913978494624	-0.8386973090046659	-1.7716680770781517	8.908435909320549	0.012279065591469202	PER3D	No-Essential3D
106	N	106	-28.35	-11.165	-3.171	-1.18	0	-0.5682491200413805	-1.7803512338364116	6.077945688656591	0.052912472765903815	No-PER3D	No-Essential3D
107	V	107	-30.588	-13.895	-1.587	0.47	0	-0.5589766107054963	-1.7019017311709315	6.077945688656591	0.052912472765903815	No-PER3D	No-Essential3D
108	I	108	-33.634	-11.631	-2.043	2.12	0	-0.45295278685176943	-1.6707183900050602	12.397128513410719	0.002402890236571891	PER3D	No-Essential3D
109	N	109	-32.731	-11.225	-5.73	-0.08	0	0.20952256821855056	-2.2388610961220565	9.15729431256063	0.02937089559341393	PER3D	Essential3D
110	E	110	-32.007	-14.912	-6.683	1.02	0	0.8501013820771828	-2.456014162141457	19.643878254971487	0.025316455696202517	PER3D	Essential3D
111	I	111	-35.236	-16.053	-5.003	1.57	0	0.5135436358117611	-2.213045489657247	19.643878254971487	0.003616636528028929	PER3D	Essential3D
112	M	112	-37.297	-13.48	-6.88	0.47	0	0.18900580905581854	-1.998985387821654	0	1	No-PER3D	No-Essential3D
113	S	113	-35.496	-14.505	-10.072	1.02	0	1.200482035778506	-3.085700040080391	0	1	No-PER3D	No-Essential3D
114	T	114	-35.833	-18.398	-9.724	1.02	0	2.4640630090826208	-3.0333061012522435	0	1	No-PER3D	No-Essential3D
115	E	115	-39.588	-17.936	-9.248	1.02	0	1.4337435987593394	-1.8318335016052139	0	1	No-PER3D	No-Essential3D
116	R	116	-39.929	-15.63	-12.288	2.12	0	0.9909434824165169	-2.1204554272740994	0	1	No-PER3D	No-Essential3D
117	H	117	-37.981	-18.334	-14.137	-0.63	0	1.2089818360030662	-2.723817649877352	0	1	No-PER3D	No-Essential3D
118	Y	118	-40.172	-21.185	-12.695	0.47	0	1.711629112919115	-2.0270465036339003	0	1	No-PER3D	No-Essential3D
119	I	119	-43.428	-19.353	-13.586	0.47	0	0.5412645751804976	-1.209283303569015	0	1	No-PER3D	No-Essential3D
120	K	120	-42.292	-18.737	-17.164	0.47	0.309649122807018	0.5539028270878205	-1.9655867946007088	0	1	No-PER3D	No-Essential3D
121	H	121	-41.65	-22.497	-17.394	0.47	0.306423611111111	0.001082953181901339	-1.7120372166776865	0	1	No-PER3D	No-Essential3D
122	L	122	-45.253	-23.129	-16.173	1.02	0.245138888888889	0.18810431509260755	-1.0409880270589131	0	1	No-PER3D	No-Essential3D
123	K	123	-46.633	-20.568	-18.637	0.47	0.245138888888889	0.7008056921697875	-1.0948266634161568	0	1	No-PER3D	No-Essential3D
124	D	124	-44.571	-22.157	-21.407	0.47	0.41025641025641	0.3415036910906	-1.429949497522043	0	1	No-PER3D	No-Essential3D
125	I	125	-45.764	-25.719	-20.42	3.76	0.41025641025641	-0.14555838958364087	-1.15367689740039	0	1	No-PER3D	No-Essential3D
126	C	126	-49.455	-24.791	-20.365	-1.18	0.489198606271777	0.025753447717980774	-0.41599256380195226	0	1	No-PER3D	No-Essential3D
127	E	127	-49.401	-22.453	-23.425	-1.18	0.410526315789474	0.6225550596708083	-0.9375529538124614	0	1	No-PER3D	No-Essential3D
128	G	128	-47.176	-24.602	-25.681	-0.08	0.525974025974026	0.5777051371933957	-1.0597952423143269	0	1	No-PER3D	No-Essential3D
129	Y	129	-47.869	-28.169	-24.559	-0.08	0.524141363862618	-0.086435269549866	-0.6691060836146263	0	1	No-PER3D	No-Essential3D
130	L	130	-51.246	-28.318	-22.82	1.02	0.527819548872181	-0.669428560147645	-0.003175311437204658	0	1	No-PER3D	No-Essential3D
131	K	131	-53.09	-25.809	-25.056	1.02	0.615384615384615	-0.23752962039484868	-0.18278443657029855	0	1	No-PER3D	No-Essential3D
132	Q	132	-52.032	-27.623	-28.259	2.12	0.615384615384615	0.021111573347410973	-0.23657374937695444	0	1	No-PER3D	No-Essential3D
133	C	133	-52.852	-31.135	-27.029	-1.18	0.741549295774648	-0.530199857594132	0.3161879432255517	0	0.5820299980193383	No-PER3D	No-Essential3D
134	R	134	-56.452	-30.092	-26.136	-1.18	0.617957746478873	-1.947534883754136	0.4645585611372212	0	0.5820299980193383	No-PER3D	No-Essential3D
135	K	135	-56.96	-28.691	-29.671	-1.18	0.615789473684211	-1.5609530607066162	0.3312994257106316	0	1	No-PER3D	No-Essential3D
136	R	136	-55.577	-31.965	-31.042	-0.63	0.616197183098592	-1.000966222382637	0.4963060716721797	0	0.5842771485676215	No-PER3D	No-Essential3D
137	R	137	-58.504	-34.197	-30.124	-1.18	0.702213279678068	-1.7446987420316717	0.6573564255833221	0	0.5820299980193383	No-PER3D	No-Essential3D
138	D	138	-57.251	-36.744	-32.733	-1.18	0.702213279678068	-2.190938253821093	0.6016613009524613	0	0.5925269615394009	No-PER3D	No-Essential3D
139	M	139	-53.966	-37.504	-30.949	-1.18	0.767543859649123	-1.3877071326001351	0.5695174054895483	0	0.34028174725426796	No-PER3D	No-Essential3D
140	F	140	-54.809	-36.857	-27.307	-1.18	0.76219512195122	-1.1331853369869098	0.6099644309597541	0	0.34028174725426796	No-PER3D	No-Essential3D
141	S	141	-57.782	-38.157	-25.281	-0.63	0.767045454545455	-2.7159259147498234	0.9249471863017856	0	0.5820299980193383	No-PER3D	No-Essential3D
142	D	142	-58.972	-36.391	-22.074	-0.08	0.767045454545455	-2.754609216081414	0.9576798816074896	0	0.5820299980193383	No-PER3D	No-Essential3D
143	E	143	-57.562	-39.36	-20.132	-1.18	0.767045454545455	-1.9926095819146836	1.0001240709233907	0	0.5842771485676215	No-PER3D	No-Essential3D
144	Q	144	-54.098	-38.959	-21.751	-0.63	0.769736842105263	-1.1611547650762752	0.7052526971366891	0	0.5820299980193383	No-PER3D	No-Essential3D
145	L	145	-54.183	-35.221	-20.973	-0.63	0.821052631578947	-1.1794620270984053	0.6808834812552055	0	0.5925269615394009	No-PER3D	No-Essential3D
146	K	146	-55.048	-35.754	-17.299	-1.18	0.826855123674912	-0.7048254554678396	0.4943980717485777	0	0.5842771485676215	No-PER3D	No-Essential3D
147	V	147	-52.386	-38.469	-16.92	-1.18	0.826855123674912	-0.14274396940581152	0.029421747569849905	0	0.5842771485676215	No-PER3D	No-Essential3D
148	I	148	-49.538	-36.501	-18.52	-0.08	0.826855123674912	-0.3607157203000805	-0.0842480770394528	0	0.5820299980193383	No-PER3D	No-Essential3D
149	F	149	-50.344	-33.021	-17.125	-0.63	0.821596244131455	-0.015743258881263853	-0.16543500535687217	0	0.5820299980193383	No-PER3D	No-Essential3D
150	G	150	-52.798	-33.414	-14.221	-1.18	0.821596244131455	-0.2342892273473623	-0.21743297444862753	0	1	No-PER3D	No-Essential3D
151	N	151	-53.343	-30.463	-11.887	-1.18	0.76219512195122	-0.1095689915596485	-0.4324193475742302	0	1	No-PER3D	No-Essential3D
152	I	152	-50.323	-28.643	-13.514	-0.63	0.76171875	-0.050611286365652326	-0.6392212481183865	0	1	No-PER3D	No-Essential3D
153	E	153	-52.735	-25.884	-14.519	0.47	0.869995056846268	0.1677189193438696	-0.20155166311518616	0	1	No-PER3D	No-Essential3D
154	D	154	-53.944	-25.607	-10.895	0.47	0.869458128078818	-0.40733244760822573	-0.18061470383246717	0	1	No-PER3D	No-Essential3D
155	I	155	-50.296	-25.083	-9.796	0.47	0.808705612829324	0.38462999907259493	-0.7138781271652302	0	1	No-PER3D	No-Essential3D
156	Y	156	-49.986	-22.313	-12.356	1.02	0.692759295499022	-0.23428922734736235	-0.5205669201482063	0	1	No-PER3D	No-Essential3D
157	R	157	-52.946	-20.373	-10.847	-0.08	0.759845890410959	-0.6609742134002212	0.14193228170845903	0	1	No-PER3D	No-Essential3D
158	F	158	-51.446	-20.72	-7.362	1.02	0.865431496830814	-0.6119369044123728	-0.0804012980419529	0	1	No-PER3D	No-Essential3D
159	Q	159	-48.026	-19.542	-8.585	-0.08	0.808219178082192	0.22305046343119675	-0.764088660134555	0	1	No-PER3D	No-Essential3D
160	M	160	-49.164	-16.263	-10.225	-0.08	0.813793103448276	0.44769538110765655	-0.16030453929315996	0	1	No-PER3D	No-Essential3D
161	G	161	-50.783	-15.112	-6.957	-1.18	0.819976771196283	-0.6493835767303662	0.2508903564751684	0	1	No-PER3D	No-Essential3D
162	F	162	-47.834	-16.269	-4.876	-0.63	0.884711779448622	-0.10848719880379543	-0.45380266408014003	0	1	No-PER3D	No-Essential3D
163	V	163	-45.432	-14.372	-7.257	-1.18	0.774647887323944	0.08642201324215852	-0.9402993936057537	0	1	No-PER3D	No-Essential3D
164	R	164	-47.745	-11.336	-7.191	-0.63	0.774122807017544	-0.5759762111546173	-0.12649536338023915	0	1	No-PER3D	No-Essential3D
165	D	165	-47.739	-11.089	-3.361	-0.63	0.893488137304392	-0.9492283079722694	0.035359172504349286	5.623467281535826	0.1243932616351004	No-PER3D	No-Essential3D
166	L	166	-43.922	-11.486	-3.267	-0.63	0.774122807017544	-0.16798580037571817	-0.964724772891545	5.623467281535826	0.1243932616351004	No-PER3D	No-Essential3D
167	E	167	-43.313	-8.656	-5.765	-0.63	0.773601398601399	-0.4773785285497166	-0.9563135248974489	1.7354873785901144	0.5203197868087941	No-PER3D	No-Essential3D
168	K	168	-45.312	-6.38	-3.431	-0.63	0.768728222996516	-1.9926095819146836	0.0036884296066066287	2.623450119578842	0.4213381555153705	No-PER3D	No-Essential3D
169	Q	169	-42.981	-7.226	-0.519	-1.18	0.766059027777778	-1.0925025324932875	-0.46705904336631376	6.077945688656591	0.052912472765903815	No-PER3D	No-Essential3D
170	Y	170	-39.788	-6.584	-2.487	-1.18	0.617543859649123	-0.8026375504762278	-1.22127896983862	6.077945688656591	0.052912472765903815	No-PER3D	No-Essential3D
171	N	171	-37.991	-3.441	-1.411	-1.18	0.545102593883082	-1.1575414896771705	-1.1366342807435788	5.623467281535826	0.1243932616351004	No-PER3D	No-Essential3D
172	N	172	-36.626	-1.679	-4.517	-1.18	0.48951048951049	-1.410019108189606	-1.0646008906089455	5.623467281535826	0.1243932616351004	No-PER3D	No-Essential3D
173	D	173	-34.832	1.007	-2.443	-1.18	0.48951048951049	-2.3532071671990638	-0.8443937285611106	2.623450119578842	0.4213381555153705	No-PER3D	No-Essential3D
174	D	174	-33.036	-1.401	-0.174	-0.08	0.489824561403509	-1.3976235661954557	-1.7079742304941792	13.411860410917253	0.005829318420924017	PER3D	No-Essential3D
175	P	175	-33.35	-5.074	-1.416	-0.63	0.493286219081272	-0.4773785285497166	-2.0331392114369984	13.411860410917253	0.005829318420924017	PER3D	No-Essential3D
176	H	176	-32.016	-6.534	1.845	-0.08	0.409893992932862	-0.7964397794791526	-1.0788973214497413	8.908435909320549	0.012279065591469202	PER3D	No-Essential3D
177	L	177	-35.062	-5.21	3.758	0.47	0.409893992932862	-1.000966222382637	-0.9438602443353866	18.643878254971487	9.920080430151333e-4	PER3D	No-Essential3D
178	S	178	-37.573	-7.213	1.706	-0.08	0.408450704225352	-0.8649694187896707	-0.9372835492522704	9.236814695533647	0.0049067093406303585	PER3D	No-Essential3D
179	E	179	-39.844	-8.803	4.295	0.47	0.408450704225352	-0.9468765845899799	-0.2031647565898696	9.236814695533647	0.0049067093406303585	PER3D	No-Essential3D
180	I	180	-40.753	-12.042	2.504	0.47	0.408187134502924	-0.40598020666340934	-0.5745870665593685	12.397128513410719	0.002402890236571891	PER3D	No-Essential3D
181	G	181	-41.106	-14.685	5.216	-0.08	0.40962441314554	0.08488325630495366	-0.5161617965176366	4.521214637137721	0.08338752814672978	No-PER3D	No-Essential3D
182	P	182	-44.885	-13.921	5.602	-0.63	0.411071849234393	-0.21473470161080038	-0.06301650691633423	5.623467281535826	0.1243932616351004	No-PER3D	No-Essential3D
183	C	183	-45.779	-14.556	1.885	-0.08	0.411071849234393	-0.9414676208107143	-0.059566541342866534	5.623467281535826	0.1243932616351004	No-PER3D	No-Essential3D
184	F	184	-44.96	-18.252	2.251	-0.08	0.411071849234393	0.10308055587662614	-0.4088397709508265	5.623467281535826	0.1243932616351004	No-PER3D	No-Essential3D
185	L	185	-46.981	-18.382	5.502	1.57	0.40962441314554	-0.40598020666340934	-0.4411600654646964	2.623450119578842	0.4213381555153705	No-PER3D	No-Essential3D
186	E	186	-50.3	-17.167	4.104	-0.63	0.408187134502924	-0.3209822044178054	-0.5959225647783201	5.244155733315134	0.3037974683544303	No-PER3D	No-Essential3D
187	H	187	-50.075	-19.392	0.953	0.47	0.454703832752613	-0.4746324392463971	-0.4686079272459587	2.623450119578842	0.4213381555153705	No-PER3D	No-Essential3D
188	Q	188	-49.201	-22.457	3.105	0.47	0.348651348651349	0.41659836192184474	-1.0347988758884665	5.244155733315134	0.3037974683544303	No-PER3D	No-Essential3D
189	D	189	-52.39	-24.448	2.341	0.47	0.350877192982456	-0.3068158707102047	-1.244048694706394	0	1	No-PER3D	No-Essential3D
190	G	190	-51.965	-24.006	-1.438	-1.18	0.350877192982456	0.2792938967558692	-0.7024004822992675	0	1	No-PER3D	No-Essential3D
191	F	191	-48.628	-25.882	-1.496	0.47	0.354124748490946	1.6737663664642548	-0.9165739507965891	0	1	No-PER3D	No-Essential3D
192	W	192	-50.497	-29.154	-0.789	-0.63	0.352882205513784	1.8381387657563852	-1.1541463254871978	0	1	No-PER3D	No-Essential3D
193	I	193	-51.623	-29.367	-4.473	-1.18	0.205985915492958	1.1377380559390236	-0.8299648574651542	0	1	No-PER3D	No-Essential3D
194	Y	194	-47.957	-30.287	-5.179	-1.18	0.247183098591549	1.086893796413926	-0.9415781841211691	0	1	No-PER3D	No-Essential3D
195	S	195	-48.404	-33.556	-3.266	-1.18	0.247183098591549	1.2085954814474045	-1.2839093699486142	0	1	No-PER3D	No-Essential3D
196	E	196	-51.097	-34.695	-5.772	1.02	0.247183098591549	0.18660182515392265	-0.9347383789100093	0	1	No-PER3D	No-Essential3D
197	Y	197	-48.696	-33.784	-8.633	2.66	0.309397163120567	0.34832437855419035	-0.7247183511585671	0	1	No-PER3D	No-Essential3D
198	C	198	-45.878	-35.877	-7.113	2.12	0.307420494699647	1.0718542385886505	-0.9685303880551953	0	1	No-PER3D	No-Essential3D
199	N	199	-48.061	-38.968	-6.581	1.02	0	1.0907882503349973	-1.1639583038945018	0	1	No-PER3D	No-Essential3D
200	N	200	-49.109	-39.168	-10.261	0.47	0	0.22918668284464952	-0.7698140717963639	0	1	No-PER3D	No-Essential3D
201	H	201	-45.821	-37.78	-11.76	-0.63	0.408187134502924	0.15315210629040016	-0.868426564973458	0	1	No-PER3D	No-Essential3D
202	L	202	-44.501	-41.238	-12.538	-0.08	0.60801393728223	0.6912072922537962	-0.7759687759184762	0	1	No-PER3D	No-Essential3D
203	D	203	-47.722	-42.152	-14.413	0.47	0.60801393728223	0.4495015046652549	-0.35470189516796774	0	1	No-PER3D	No-Essential3D
204	A	204	-47.156	-39.1	-16.635	1.57	0.60801393728223	-0.46277432634569915	-0.40339736906531604	0	0.5842771485676215	No-PER3D	No-Essential3D
205	C	205	-43.651	-40.361	-17.458	1.02	0.612280701754386	-0.4059802066634093	-0.7333779046467244	0	1	No-PER3D	No-Essential3D
206	M	206	-44.873	-43.863	-18.475	-0.08	0.61013986013986	0.48649881691543245	-0.20352027140830184	0	1	No-PER3D	No-Essential3D
207	E	207	-47.498	-42.371	-20.799	1.02	0.612280701754386	-0.4720897639655458	0.0726783072823599	0	0.5842771485676215	No-PER3D	No-Essential3D
208	L	208	-44.883	-39.927	-22.092	1.57	0.612676056338028	-0.5249774098072548	-0.15640849680559457	0	1	No-PER3D	No-Essential3D
209	S	209	-42.39	-42.708	-22.867	-0.63	0.612676056338028	0.2187551098417799	-0.404100618250613	0	1	No-PER3D	No-Essential3D
210	K	210	-45.127	-44.676	-24.618	1.02	0.610526315789474	0.5856631528686371	0.0405354282208513	0	1	No-PER3D	No-Essential3D
211	L	211	-46.145	-41.713	-26.81	-0.63	0.60801393728223	0.022409724654434734	0.09255638095760595	0	0.5820299980193383	No-PER3D	No-Essential3D
212	M	212	-42.531	-40.678	-27.548	0.47	0.60801393728223	0.48649881691543245	-0.3412163063578761	0	1	No-PER3D	No-Essential3D
213	K	213	-42.035	-43.949	-29.45	0.47	0.611498257839721	0.709618572810143	0.04905080447447358	0	1	No-PER3D	No-Essential3D
214	D	214	-44.319	-42.838	-32.309	-0.08	0.613636363636364	0.48649881691543245	0.11944419570838118	0	1	No-PER3D	No-Essential3D
215	S	215	-42.691	-40.4	-34.803	-1.18	0.614982578397212	0.6139958202838383	-0.06144365873193347	0	1	No-PER3D	No-Essential3D
216	R	216	-45.976	-38.427	-34.885	-1.18	0.610726643598616	-0.4059802066634093	0.128763227334852	0	1	No-PER3D	No-Essential3D
217	Y	217	-45.76	-37.498	-31.204	0.47	0.614583333333333	-0.4059802066634093	-0.12189204232435687	0	1	No-PER3D	No-Essential3D
218	Q	218	-41.977	-36.94	-31.458	-0.08	0.613793103448276	0.2187551098417799	-0.36871239529427113	0	1	No-PER3D	No-Essential3D
219	H	219	-42.307	-34.29	-34.181	-0.63	0.617647058823529	0.014009922079575021	-0.3361015814581274	0	1	No-PER3D	No-Essential3D
220	F	220	-45.375	-32.86	-32.42	1.57	0.620209059233449	-0.40598020666340934	-0.30126220407057286	0	1	No-PER3D	No-Essential3D
221	F	221	-43.566	-32.471	-29.055	2.12	0.624561403508772	0.07984308551063789	-0.7653725951155851	0	0.5842771485676215	No-PER3D	No-Essential3D
222	E	222	-40.49	-31.129	-30.809	0.47	0.503180212014134	-0.40598020666340934	-1.0053277098221132	0	1	No-PER3D	No-Essential3D
223	A	223	-42.681	-28.667	-32.74	0.47	0.501408450704226	-0.17315959181675494	-0.8036009307153427	0	1	No-PER3D	No-Essential3D
224	C	224	-44.454	-27.283	-29.617	0.47	0.501766784452297	0.39305430472880765	-0.991527298182884	0	1	No-PER3D	No-Essential3D
225	R	225	-41.139	-26.81	-27.754	-0.08	0.498591549295775	0.06892681315611979	-1.3183061495596806	0	1	No-PER3D	No-Essential3D
226	L	226	-39.799	-24.629	-30.613	-0.63	0.5	0.4424543975699831	-1.292619792628059	0	1	No-PER3D	No-Essential3D
227	L	227	-42.945	-22.446	-30.827	0.47	0.358662613981763	1.4763391885210568	-0.9876695682766711	0	1	No-PER3D	No-Essential3D
228	Q	228	-43.073	-21.316	-27.219	-0.08	0.358662613981763	1.2348830454146356	-1.2609742038563814	0	1	No-PER3D	No-Essential3D
229	Q	229	-39.321	-20.714	-27.285	-0.08	0.356636271529889	0.3956282254237684	-1.5317793648721778	0	1	No-PER3D	No-Essential3D
230	M	230	-38.033	-23.242	-24.774	-0.63	0.356636271529889	-0.010524854801538731	-1.7610766487302856	0	1	No-PER3D	No-Essential3D
231	I	231	-34.503	-24.746	-24.434	-0.08	0.358163265306122	-0.40778319458983125	-1.8174493392293254	0	1	No-PER3D	No-Essential3D
232	D	232	-33.54	-28.208	-25.895	-0.08	0.206855791962175	-1.0359653997778857	-1.7135540343839035	0	1	No-PER3D	No-Essential3D
233	I	233	-35.167	-30.071	-22.962	-1.18	0.208482676224612	-0.7645945052287257	-1.6998718768425363	0	1	No-PER3D	No-Essential3D
234	A	234	-38	-32.536	-23.754	-1.18	0.251798561151079	-0.1521452635935829	-1.1065490362558688	0	1	No-PER3D	No-Essential3D
235	I	235	-41.543	-32.451	-22.237	-1.18	0.251985559566787	0.15683670868439614	-0.9476340043402856	0	1	No-PER3D	No-Essential3D
236	D	236	-40.84	-35.005	-19.386	-0.63	0.253818181818182	-0.10956899155964854	-0.8460081337990994	0	1	No-PER3D	No-Essential3D
237	G	237	-37.997	-32.813	-18.102	-1.18	0.254744525547445	-0.40733244760822573	-1.3535959528591128	0	1	No-PER3D	No-Essential3D
238	F	238	-40.238	-29.697	-17.997	-1.18	0.254545454545455	0.08893997913940291	-1.4313214742995115	0	1	No-PER3D	No-Essential3D
239	L	239	-42.898	-31.682	-16.093	-0.63	0.424574209245742	0.23310966756367735	-1.0002063080446337	0	1	No-PER3D	No-Essential3D
240	L	240	-40.159	-32.315	-13.526	-1.18	0.427696078431373	0.5950161527369507	-1.266661281068582	0	1	No-PER3D	No-Essential3D
241	T	241	-39.706	-28.553	-12.681	-1.18	0.430864197530864	0.6936303122273134	-1.7687824433048671	0	1	No-PER3D	No-Essential3D
242	P	242	-42.648	-28.434	-10.114	-0.63	0.431226765799256	1.1079887551530623	-1.3825728918205005	0	1	No-PER3D	No-Essential3D
243	V	243	-41.371	-31.515	-8.25	0.47	0.430864197530864	1.177944686698232	-1.3578351508507887	0	1	No-PER3D	No-Essential3D
244	Q	244	-37.993	-29.777	-8.258	1.57	0.427696078431373	1.7106149322105029	-1.0253071738027324	0	1	No-PER3D	No-Essential3D
245	K	245	-39.148	-26.367	-7.002	1.02	0.427350427350427	1.3780505895606858	-1.5007499620556652	0	1	No-PER3D	No-Essential3D
246	I	246	-41.089	-27.404	-3.847	2.66	0.424242424242424	1.5072098598466221	-1.3795538812766432	0	1	No-PER3D	No-Essential3D
247	C	247	-37.719	-28.86	-2.544	0.47	0.421818181818182	1.9225787003104777	-0.7226204428737215	0	1	No-PER3D	No-Essential3D
248	K	248	-35.608	-25.814	-3.534	0.47	0.421497584541063	1.535519615753023	-0.7085605275449768	0	1	No-PER3D	No-Essential3D
249	Y	249	-37.789	-23.63	-1.228	1.57	0.421818181818182	1.3780763465310633	-1.4620578439130354	2.623450119578842	0.4213381555153705	No-PER3D	No-Essential3D
250	P	250	-36.43	-25.001	2.164	-0.08	0.424574209245742	0.9875040869699188	-0.8453877410387292	2.623450119578842	0.4213381555153705	No-PER3D	No-Essential3D
251	L	251	-32.823	-24.419	1.045	-0.63	0.429274292742927	0.8317710048252268	-0.27325412175557795	0	1	No-PER3D	No-Essential3D
252	Q	252	-33.345	-20.917	-0.327	1.57	0.258518518518519	0.44106352116960046	-1.2836062821919278	9.15729431256063	0.02937089559341393	PER3D	Essential3D
253	L	253	-34.952	-20.088	3.042	1.57	0.325559701492537	0.2507818690611163	-0.7590475842812365	9.15729431256063	0.02937089559341393	PER3D	Essential3D
254	A	254	-32.112	-21.621	5.177	-1.18	0.325842696629213	-0.5290807616398012	-0.34228409880486693	9.15729431256063	0.02937089559341393	PER3D	No-Essential3D
255	E	255	-29.683	-19.487	3.186	-1.18	0.521348314606742	-0.7964397794791526	-0.7632184882457401	3.7282324083184606	0.1877415056628914	No-PER3D	No-Essential3D
256	L	256	-31.757	-16.416	3.947	-1.18	0.52330827067669194	-0.4059802066634093	-0.8797561959164943	9.236814695533647	0.0049067093406303585	PER3D	No-Essential3D
257	L	257	-31.671	-17.25	7.659	-1.18	0.521348314606742	-0.46176014563708684	-0.4039318137399477	6.077945688656591	0.052912472765903815	No-PER3D	No-Essential3D
258	K	258	-27.886	-17.15	8.156	-1.18	0.866416978776529	-1.2596557944344753	-0.1953310500762679	3.7282324083184606	0.1877415056628914	No-PER3D	No-Essential3D
259	Y	259	-27.446	-13.731	6.552	-1.18	0.866416978776529	-0.8090352495699829	-0.8519101453065099	4.521214637137721	0.08338752814672978	No-PER3D	No-Essential3D
260	T	260	-30.456	-12.438	8.496	-1.18	0.866416978776529	-0.7119730147475836	-0.5756826955427123	9.236814695533647	0.0049067093406303585	PER3D	No-Essential3D
261	A	261	-30.085	-10.956	11.973	-1.18	0.868913857677903	-0.9739214034863086	0.42761152785187434	6.077945688656591	0.052912472765903815	No-PER3D	No-Essential3D
262	Q	262	-32.425	-11.639	14.93	-0.63	0.86318407960199	-1.6331388640843165	1.3302882869172297	0	1	No-PER3D	No-Essential3D
263	D	263	-33.763	-8.079	15.406	1.02	0.857496902106568	-0.5844760113791777	1.811155071433347	0	1	No-PER3D	No-Essential3D
264	H	264	-34.764	-8.068	11.718	1.02	0.854320987654321	-0.9265929704177336	0.3446326805929878	18.643878254971487	9.920080430151333e-4	PER3D	No-Essential3D
265	S	265	-38.551	-7.629	11.485	-0.63	0.853628536285363	-0.49992536704012946	0.4680262722859638	9.15729431256063	0.02937089559341393	PER3D	No-Essential3D
266	D	266	-38.504	-10.523	8.953	1.02	0.853628536285363	-0.5972257117160181	0.13703224505907655	12.397128513410719	0.002402890236571891	PER3D	No-Essential3D
267	Y	267	-36.203	-12.911	11.063	0.47	0.85679012345679	-0.7137315941043891	0.14628086992121767	12.397128513410719	0.002402890236571891	PER3D	No-Essential3D
268	R	268	-38.903	-14.742	12.981	-0.08	0.85679012345679	-0.3316069546985058	0.3382135307964268	11.22535209928641	0.0687160940325497	No-PER3D	No-Essential3D
269	Y	269	-41.036	-14.872	9.781	-1.18	0.866416978776529	-0.34442992917521337	0.06283790203137267	5.623467281535826	0.1243932616351004	No-PER3D	No-Essential3D
270	V	270	-38.127	-16.244	7.626	-0.63	0.653558052434457	-0.265062466098329	-0.3147399680719426	8.908435909320549	0.012279065591469202	PER3D	No-Essential3D
271	A	271	-37.627	-18.919	10.281	-0.63	0.652255639097744	-0.4600698444560664	-0.12532594837044644	5.623467281535826	0.1243932616351004	No-PER3D	No-Essential3D
272	A	272	-41.401	-19.538	10.386	-0.08	0.649253731343284	0.02240972465443469	-0.5354318927681995	1.7354873785901144	0.5203197868087941	No-PER3D	No-Essential3D
273	A	273	-41.678	-20.101	6.596	1.02	0.432465923172243	0.3512747224337897	-0.7061201388622224	3.7282324083184606	0.1877415056628914	No-PER3D	No-Essential3D
274	L	274	-38.809	-22.533	6.517	-0.08	0.648148148148148	0.590541826081308	-0.7696978626339512	1.7354873785901144	0.5203197868087941	No-PER3D	No-Essential3D
275	A	275	-40.423	-24.939	8.993	-0.63	0.643382352941177	0.5221979778585861	-0.6621540710583935	2.623450119578842	0.4213381555153705	No-PER3D	No-Essential3D
276	V	276	-43.91	-25.1	7.359	0.47	0.514705882352941	0.9614058367349615	-0.9129175298119522	5.244155733315134	0.3037974683544303	No-PER3D	No-Essential3D
277	M	277	-42.599	-25.957	3.873	0.47	0.427350427350427	1.1360130350580686	-1.1648629935770503	2.623450119578842	0.4213381555153705	No-PER3D	No-Essential3D
278	R	278	-40.243	-28.647	5.187	1.02	0.425790754257908	1.8228992249497238	-1.0138259743860134	0	1	No-PER3D	No-Essential3D
279	N	279	-43.091	-30.941	6.354	1.02	0.425790754257908	2.187372063504531	-1.015209042210133	0	1	No-PER3D	No-Essential3D
280	V	280	-44.738	-30.725	2.893	0.47	0.545454545454545	1.6148086612702588	-1.2886632829089957	0	1	No-PER3D	No-Essential3D
281	T	281	-41.363	-31.524	1.27	1.57	0.541925465838509	1.6395626249188984	-1.0745734071408504	0	1	No-PER3D	No-Essential3D
282	Q	282	-40.75	-34.578	3.508	0.47	0.541925465838509	2.233161400515914	-0.8833275620806471	11.22535209928641	0.0687160940325497	No-PER3D	No-Essential3D
283	Q	283	-44.281	-35.938	2.916	1.02	0.545454545454545	2.3431256341483864	-1.4087951478224698	11.22535209928641	0.0687160940325497	No-PER3D	No-Essential3D
284	I	284	-43.714	-35.674	-0.819	3.21	0.549450549450549	2.2126343829736013	-1.4906753780223632	11.22535209928641	0.0687160940325497	No-PER3D	No-Essential3D
285	N	285	-40.182	-37.209	-0.412	1.02	0.555555555555555	2.302107658822288	-1.0189225864846099	11.22535209928641	0.0687160940325497	No-PER3D	No-Essential3D
286	E	286	-40.653	-40.406	1.702	1.02	0.432098765432099	2.142414442482062	-0.9616918056845516	11.22535209928641	0.0687160940325497	No-PER3D	No-Essential3D
287	R	287	-42.841	-41.508	-1.195	-0.08	0.431226765799256	1.45863712524346	-1.2651446013912033	11.22535209928641	0.0687160940325497	No-PER3D	No-Essential3D
288	K	288	-40.376	-40.583	-3.981	0.47	0.430864197530864	1.5087929711966512	-1.0542452540591296	3.7282324083184606	0.1877415056628914	No-PER3D	No-Essential3D
289	R	289	-37.171	-41.857	-2.208	0.47	0.432465923172243	1.2348830454146358	-0.37767569635642817	2.7704127947158503	0.2551560221113851	No-PER3D	No-Essential3D
290	R	290	-38.719	-45.25	-1.233	1.02	0.432098765432099	0.8906959284205608	-0.3658314951133742	6.077945688656591	0.052912472765903815	No-PER3D	No-Essential3D
291	L	291	-40.325	-45.707	-4.728	0.47	0.551470588235294	0.8674444087980031	-0.7243430985594531	6.077945688656591	0.052912472765903815	No-PER3D	No-Essential3D
292	E	292	-37.027	-45.181	-6.646	-0.63	0.549450549450549	-0.4059802066634093	-0.13371092704182758	4.521214637137721	0.08338752814672978	No-PER3D	No-Essential3D
293	N	293	-35.028	-47.606	-4.468	-1.18	0.551470588235294	-0.47329175591649364	-0.13059241836348334	4.521214637137721	0.08338752814672978	No-PER3D	No-Essential3D
294	I	294	-36.951	-50.636	-5.806	-1.18	0.547445255474453	-0.7492413695783483	-0.029183235433368704	4.521214637137721	0.08338752814672978	No-PER3D	No-Essential3D
295	D	295	-35.854	-50.173	-9.432	-1.18	0.638181818181818	-1.0268351795878208	0.003603206104978407	4.521214637137721	0.08338752814672978	No-PER3D	No-Essential3D
296	K	296	-32.148	-50.011	-8.579	0.47	0.633574007220217	-1.1913617474127898	0.10574684838614357	3.5788627212303425	0.12012690046694781	No-PER3D	No-Essential3D
297	I	297	-32.316	-53.253	-6.6	-1.18	0.70450885668277	-0.34756339784733964	0.15274040947661802	6.077945688656591	0.052912472765903815	No-PER3D	No-Essential3D
298	A	298	-33.833	-55.469	-9.323	-1.18	0.707623682076237	-0.33160695469850576	0.2462683442422004	1.7354873785901144	0.5203197868087941	No-PER3D	No-Essential3D
299	Q	299	-31.531	-53.68	-11.812	-0.08	0.712250712250712	-1.5662029373159034	0.32773713816768196	0	1	No-PER3D	No-Essential3D
300	W	300	-28.561	-54.664	-9.589	1.02	0.714869281045752	-0.7137315941043891	0.2502528772790995	0	1	No-PER3D	No-Essential3D
301	Q	301	-29.805	-58.25	-9.174	-0.08	0.71078431372549	0.6116776929498674	0.27121870162826256	0	1	No-PER3D	No-Essential3D
302	A	302	-29.826	-58.815	-12.953	-0.63	0.639705882352941	0.5289978180382344	0.32123076942539214	0	1	No-PER3D	No-Essential3D
303	S	303	-26.174	-57.558	-13.094	1.02	0.643911439114391	0.574124030139537	0.25750663007904784	0	1	No-PER3D	No-Essential3D
304	V	304	-24.994	-60.169	-10.541	1.02	0.715457154571546	0.5777051371933957	0.05964945099955788	0	1	No-PER3D	No-Essential3D
305	L	305	-23.575	-63.275	-12.23	-0.63	0.639194139194139	1.5474284267628347	-0.11322663485605233	0	1	No-PER3D	No-Essential3D
306	D	306	-24.827	-66.784	-11.386	0.47	0.643911439114391	2.215140005900761	-0.04844512848384818	0	1	No-PER3D	No-Essential3D
307	W	307	-27.741	-65.618	-9.221	1.57	0.642066420664207	1.5993931144993518	-0.01666817738616141	0	1	No-PER3D	No-Essential3D
308	E	308	-29.057	-68.492	-7.087	0.47	0.73109243697479	1.6573971339743718	-0.0709221338588603	0	1	No-PER3D	No-Essential3D
309	G	309	-32.351	-68.269	-5.174	2.66	0.731681602530311	1.1670737300830412	-0.09174985905619139	0	1	No-PER3D	No-Essential3D
310	E	310	-35.525	-66.191	-5.179	0.47	0.723670490093848	0.596030333445563	0.16374524907612575	0	1	No-PER3D	No-Essential3D
311	D	311	-35.539	-62.521	-6.17	1.02	0.633211678832117	0.40388918828664705	0.2909021058198175	2.623450119578842	0.4213381555153705	No-PER3D	No-Essential3D
312	I	312	-34.48	-60.068	-3.502	-0.08	0.630909090909091	0.9442938422332845	0.171591380576987	1.0164538334624653	1	No-PER3D	No-Essential3D
313	L	313	-37.724	-58.052	-3.576	-1.18	0.544316996871741	0.40942108306089614	0.23021740675018065	1.2871668903818154	1	No-PER3D	No-Essential3D
314	D	314	-39.765	-61.093	-2.495	-1.18	0.639705882352941	0.9551696196718081	0.20470683002634757	1.7354873785901144	0.5203197868087941	No-PER3D	No-Essential3D
315	R	315	-38.762	-60.52	1.117	0.47	0.637362637362637	1.715879013031395	-0.12501570124529027	1.2871668903818154	1	No-PER3D	No-Essential3D
316	S	316	-36.793	-57.272	1.04	1.02	0.637867647058824	0.20840347226421968	-0.0726549215097708	1.2871668903818154	1	No-PER3D	No-Essential3D
317	S	317	-37.342	-53.715	-0.216	1.02	0.546743697478992	-0.15214526359358288	-0.013186311288769606	6.077945688656591	0.052912472765903815	No-PER3D	No-Essential3D
318	E	318	-34.454	-51.603	1.13	1.57	0.642592592592593	-0.3528740168306187	-0.05086722741541681	2.9463049791521922	0.16221331758494384	No-PER3D	No-Essential3D
319	L	319	-30.621	-51.721	1.251	-0.63	0.57119341563786	-0.5089050602917224	0.09454293194595832	3.5788627212303425	0.12012690046694781	No-PER3D	No-Essential3D
320	I	320	-28.919	-50.632	4.487	-1.18	0.570725707257073	-0.12809469250363356	0.14601877496519214	2.7704127947158503	0.2551560221113851	No-PER3D	No-Essential3D
321	Y	321	-25.124	-51.02	4.103	-1.18	0.571895424836601	0.230345746511635	0.16093868043218024	0.7052412383961074	0.9999999999999999	No-PER3D	No-Essential3D
322	T	322	-22.4	-52.634	1.915	-1.18	0.4875	0.6493687262688775	0.0942481602878119	1.8021474416929792	0.6119304395613341	No-PER3D	No-Essential3D
323	G	323	-18.619	-53.05	2.032	-1.18	0.430147058823529	0.16876581555921139	0.19156925084718845	1.1493501979117062	1	No-PER3D	No-Essential3D
324	E	324	-15.635	-55.389	1.658	-1.18	0.512408759124088	0.07333719900690573	0.06783879468440586	2.7704127947158503	0.2551560221113851	No-PER3D	No-Essential3D
325	M	325	-14.824	-57.695	4.572	-0.63	0.508695652173913	0.18792401629996539	0.40297474291558744	2.19085927620188	0.3238634196972474	No-PER3D	No-Essential3D
326	A	326	-12.986	-60.954	5.158	-1.18	0.419664268585132	-0.11913064365976984	0.5719275549561346	1.8021474416929792	0.6119304395613341	No-PER3D	No-Essential3D
327	W	327	-15.059	-63.843	6.527	-1.18	0.41816009557945	-0.3049098549022729	0.5941939165930431	0.5314198931232258	1	No-PER3D	No-Essential3D
328	I	328	-14.802	-67.425	7.718	-1.18	0.316546762589928	-0.9797167218212361	0.7759452626178313	0.5314198931232258	1	No-PER3D	No-Essential3D
329	Y	329	-17.891	-69.613	6.995	0.47	0.424789410348977	-0.2784832032950034	0.10707702452297752	0.8351631181521144	1	No-PER3D	No-Essential3D
330	Q	330	-17.162	-72.135	9.738	-0.08	0.422062350119904	-1.4148695376655782	0.9005975417278925	0.7052412383961074	0.9999999999999999	No-PER3D	No-Essential3D
331	P	331	-14.463	-72.749	12.428	0.47	0.422062350119904	-1.704131513687179	1.0010425715670053	0.7052412383961074	0.9999999999999999	No-PER3D	No-Essential3D
332	Y	332	-11.174	-73.993	10.867	-0.08	0.506859205776173	-1.7942809100082744	0.7418476906302134	0	0.5820299980193383	No-PER3D	No-Essential3D
333	G	333	-12.47	-72.831	7.464	-0.08	0.561151079136691	-1.45595552852087	0.4209042990484601	0	0.5820299980193383	No-PER3D	No-Essential3D
334	R	334	-10.692	-70.87	4.8	1.02	0.561151079136691	-1.1868993522948958	-0.15058196293777928	0	1	No-PER3D	No-Essential3D
335	N	335	-10.734	-67.084	4.748	0.47	0.563176895306859	-0.8522197184528303	-0.01968168192973907	0.8351631181521144	1	No-PER3D	No-Essential3D
336	Q	336	-12.599	-65.773	1.717	-0.08	0.567272727272727	0.038907064181195126	-0.34457526802403765	0.8351631181521144	1	No-PER3D	No-Essential3D
337	Q	337	-12.551	-62.107	0.712	-0.08	0.56980056980057	0.1639082171200256	-0.2869935760621395	2.19085927620188	0.3238634196972474	No-PER3D	No-Essential3D
338	R	338	-16.11	-61.131	-0.188	1.02	0.635869565217391	0.16876581555921133	-0.43126828917387255	2.7704127947158503	0.2551560221113851	No-PER3D	No-Essential3D
339	V	339	-18.281	-58.059	-0.77	0.47	0.63768115942029	0.02575344771798082	-0.3137668472248798	2.7704127947158503	0.2551560221113851	No-PER3D	No-Essential3D
340	F	340	-21.317	-58.037	1.576	-0.08	0.63768115942029	0.4846958289890104	-0.2927005306422873	2.7704127947158503	0.2551560221113851	No-PER3D	No-Essential3D
341	F	341	-24.69	-56.367	0.889	1.57	0.636363636363636	0.8605713645972819	-0.2611702629250477	2.7704127947158503	0.2551560221113851	No-PER3D	No-Essential3D
342	L	342	-26.997	-55.934	3.936	1.02	0.636363636363636	0.7821888368486245	-0.13813896939140025	1.8021474416929792	0.6119304395613341	No-PER3D	No-Essential3D
343	F	343	-30.759	-55.744	3.117	3.21	0.561996779388084	0.20507815857135092	-0.1484090838280943	1.7354873785901144	0.5203197868087941	No-PER3D	No-Essential3D
344	D	344	-33.758	-55.746	5.413	-0.08	0.632246376811594	0.485544293895562	-0.10994790079397682	1.7354873785901144	0.5203197868087941	No-PER3D	No-Essential3D
345	H	345	-34.311	-59.473	6.289	-0.08	0.636363636363636	0.6748291012298657	-0.16774192447750225	1.7354873785901144	0.5203197868087941	No-PER3D	No-Essential3D
346	Q	346	-31.206	-60.745	4.436	0.47	0.641025641025641	0.8530356565456734	-0.19524557103381904	1.2871668903818154	1	No-PER3D	No-Essential3D
347	M	347	-27.55	-60.167	3.529	0.47	0.565656565656566	1.1221293318902854	-0.283744456595677	1.2871668903818154	1	No-PER3D	No-Essential3D
348	V	348	-26.142	-61.272	0.127	-0.63	0.635379061371841	1.7052237610752476	-0.20447696552964043	2.19085927620188	0.3238634196972474	No-PER3D	No-Essential3D
349	L	349	-22.367	-61.907	-0.39	1.02	0.474820143884892	1.114574963990168	-0.4674436643996306	5.623467281535826	0.1243932616351004	No-PER3D	No-Essential3D
350	C	350	-20.468	-61.777	-3.694	2.66	0.474462365591398	0.55798485172789	-0.33370661870881174	3.7282324083184606	0.1877415056628914	No-PER3D	No-Essential3D
351	K	351	-16.981	-62.269	-5.163	-0.08	0.562749800159872	0.15080500236475447	-0.35441745975181826	6.077945688656591	0.052912472765903815	No-PER3D	No-Essential3D
352	K	352	-15.238	-59.69	-7.374	0.47	0.559139784946237	0.26202682007590555	-0.31274115880423836	9.15729431256063	0.02937089559341393	PER3D	Essential3D
353	D	353	-13.694	-60.75	-10.66	-0.08	0.562325766626842	0.5838601649422153	-0.176620750690365	5.623467281535826	0.1243932616351004	No-PER3D	No-Essential3D
354	L	354	-9.955	-60.41	-10.212	0.47	0.632616487455197	-0.2686757414974337	-0.22806966187746602	11.22535209928641	0.0687160940325497	No-PER3D	No-Essential3D
355	I	355	-9.358	-58.353	-13.367	-1.18	0.538383324860193	-0.5844760113791777	-0.2408327490394736	5.244155733315134	0.3037974683544303	No-PER3D	No-Essential3D
356	R	356	-12.751	-56.871	-13.962	-1.18	0.54030612244898	-0.5682491200413805	-0.26458312096801795	5.244155733315134	0.3037974683544303	No-PER3D	No-Essential3D
357	R	357	-13.337	-55.262	-10.61	-1.18	0.54030612244898	-0.2964486901332787	-0.14815815165209037	1.2871668903818154	1	No-PER3D	No-Essential3D
358	D	358	-16.91	-54.199	-11.501	-1.18	0.629893238434164	-0.06753361590364071	0.018007502696291835	1.2871668903818154	1	No-PER3D	No-Essential3D
359	I	359	-17.943	-57.87	-12.111	1.02	0.627659574468085	0.32275473159766144	-0.026679426709278614	1.2871668903818154	1	No-PER3D	No-Essential3D
360	L	360	-19.544	-59.663	-9.145	1.57	0.536474164133739	0.6869794421533775	-0.0791985926741041	2.7704127947158503	0.2551560221113851	No-PER3D	No-Essential3D
361	Y	361	-20.351	-63.409	-8.849	-0.08	0.536474164133739	0.9150089474283714	-0.11321151218957555	3.7282324083184606	0.1877415056628914	No-PER3D	No-Essential3D
362	Y	362	-23.112	-64.495	-6.382	1.02	0.536474164133739	1.8866477266339268	-0.0806303559221792	1.7354873785901144	0.5203197868087941	No-PER3D	No-Essential3D
363	K	363	-21.686	-66.599	-3.524	0.47	0.412865497076023	1.9943514889199647	-0.28177010060112645	1.7354873785901144	0.5203197868087941	No-PER3D	No-Essential3D
364	G	364	-24.681	-66.875	-1.142	-0.08	0.412865497076023	2.200308186668928	-0.25865914096318454	1.2871668903818154	1	No-PER3D	No-Essential3D
365	R	365	-26.886	-65.05	1.342	-0.08	0.412865497076023	2.8297821252884314	-0.2776173612706042	1.2871668903818154	1	No-PER3D	No-Essential3D
366	I	366	-27.529	-64.85	5.134	1.57	0.415783274440518	1.8680227725368492	0.08580036700346015	0	1	No-PER3D	No-Essential3D
367	D	367	-31.009	-64.576	6.708	1.02	0.415492957746479	1.2455567339390532	0.10232042839492952	0	1	No-PER3D	No-Essential3D
368	M	368	-30.753	-61.94	9.468	1.57	0.415492957746479	0.9614058367349615	0.2519763926265489	0	1	No-PER3D	No-Essential3D
369	D	369	-34.104	-62.996	11.03	0.47	0.412865497076023	1.047228062032644	0.40910082624401534	0	1	No-PER3D	No-Essential3D
370	K	370	-32.354	-66.007	12.554	-0.63	0.527127924340468	0.4439998157926304	0.9039211320085482	1.2871668903818154	1	No-PER3D	No-Essential3D
371	Y	371	-28.864	-64.495	13.126	1.57	0.618881118881119	0.1890058090558185	0.8780845836421503	1.2871668903818154	1	No-PER3D	No-Essential3D
372	E	372	-27.636	-62.311	16.029	-0.08	0.687185443283004	0.25511536635795495	1.1356451880137628	1.7354873785901144	0.5203197868087941	No-PER3D	No-Essential3D
373	V	373	-24.656	-59.894	15.951	0.47	0.742160278745645	0.010510004340050137	1.0782293349542396	0	1	No-PER3D	No-Essential3D
374	V	374	-22.059	-60.864	18.577	1.02	0.830409356725146	0.3590018135470264	1.5842928503743896	0	1	No-PER3D	No-Essential3D
375	D	375	-19.573	-57.961	18.982	-0.08	0.821759259259259	0.5253022527232081	1.4401124218105972	0	0.5842771485676215	No-PER3D	No-Essential3D
376	I	376	-16.174	-59.616	19.423	-0.08	0.737024221453287	-0.20765153475700007	1.9487530295945357	0	0.5820299980193383	No-PER3D	No-Essential3D
377	E	377	-13.279	-57.962	21.268	0.47	0.729896907216495	-0.12414472553324878	2.135012872110222	0	1	No-PER3D	No-Essential3D
378	D	378	-9.727	-57.925	19.784	-0.63	0.808219178082192	-0.49522810902129344	2.179659800151707	0	1	No-PER3D	No-Essential3D
379	G	379	-7.049	-60.477	20.769	0.47	0.813793103448276	-1.000966222382637	2.490635686507771	0	1	No-PER3D	No-Essential3D
380	R	380	-7.571	-64.176	20.158	-0.08	0.912931034482759	-1.410019108189606	2.488776425644123	0	1	No-PER3D	No-Essential3D
381	D	381	-10.68	-66.301	19.376	-1.18	1.03326810176125	-1.5109542358562609	2.0441998654788467	0	0.5842771485676215	No-PER3D	No-Essential3D
382	D	382	-11.659	-69.623	20.999	-1.18	1.00682593856655	-2.0793783758737376	1.854435747102712	0	1	No-PER3D	No-Essential3D
383	D	383	-12.066	-72.584	18.545	-1.18	1.00564971751412	-2.309935456964938	1.597564920144831	0	0.5842771485676215	No-PER3D	No-Essential3D
384	F	384	-12.597	-71.003	15.699	-1.18	1.01535836177474	-1.7446987420316717	1.1579225395824724	0	0.34205812200275454	No-PER3D	No-Essential3D
385	N	385	-8.999	-70.632	16.955	-1.18	1.00847457627119	-2.302498131768448	1.4182313670083389	0	0.5842771485676215	No-PER3D	No-Essential3D
386	V	386	-7.698	-67.557	15.138	-1.18	1.0016835016835	-1.3728324822071543	1.2859851453062303	0	0.34205812200275454	No-PER3D	No-Essential3D
387	S	387	-6.156	-64.13	15.933	-1.18	1.03378378378378	-1.2514866500538908	2.2940856352795302	0	0.5820299980193383	No-PER3D	No-Essential3D
388	M	388	-8.466	-61.12	15.608	-1.18	1.03438256658596	-1.3341583911854047	1.8146150458270824	0	0.5820299980193383	No-PER3D	No-Essential3D
389	K	389	-8.27	-57.408	14.898	1.02	1.00967007963595	-0.48711466335239484	1.8629723164192529	0	0.5842771485676215	No-PER3D	No-Essential3D
390	N	390	-11.499	-55.517	14.038	1.57	1.04926108374384	0.1890058090558185	1.42570735164373	0	0.34205812200275454	No-PER3D	No-Essential3D
391	A	391	-13.777	-58.568	14.027	0.47	1.07112068965517	-0.1084871988037954	1.4530823843545853	0	0.34205812200275454	No-PER3D	No-Essential3D
392	F	392	-17.352	-59.485	15.015	-0.08	1.07044673539519	-0.09998739857923503	1.354777264671653	0	0.34028174725426796	No-PER3D	No-Essential3D
393	K	393	-19.514	-62.581	14.681	-0.63	0.951508209240168	-0.20198500127395977	1.214791517899627	0	0.5820299980193383	No-PER3D	No-Essential3D
394	L	394	-22.908	-63.838	13.582	-0.08	0.948249619482496	0.2971850846411327	0.8782281247285437	0.8351631181521144	1	No-PER3D	No-Essential3D
395	H	395	-24.554	-66.499	15.781	-0.63	0.948249619482496	0.2551153663579549	1.0934262347580714	1.2871668903818154	1	No-PER3D	No-Essential3D
396	N	396	-27.699	-68.418	14.77	1.02	0.946162657502864	0.48649881691543245	1.191516299879817	1.7354873785901144	0.5203197868087941	No-PER3D	No-Essential3D
397	K	397	-30.662	-68.137	17.127	-0.08	0.976551724137931	0.5389975830083055	1.248365919479797	1.7354873785901144	0.5203197868087941	No-PER3D	No-Essential3D
398	E	398	-31.744	-71.8	17.306	-0.08	0.979310344827586	-0.2572337027336024	1.5785466768438974	2.623450119578842	0.4213381555153705	No-PER3D	No-Essential3D
399	T	399	-28.612	-73.56	15.923	-0.63	1.00852272727273	-0.40598020666340934	1.897788916401376	2.623450119578842	0.4213381555153705	No-PER3D	No-Essential3D
400	E	400	-24.915	-73.563	16.982	-1.18	0.961822660098522	-0.40598020666340934	1.4425390584531994	2.623450119578842	0.4213381555153705	No-PER3D	No-Essential3D
401	E	401	-24.128	-71.934	13.582	0.47	0.941644562334218	-0.5759762111546173	1.1213049469754555	2.623450119578842	0.4213381555153705	No-PER3D	No-Essential3D
402	I	402	-21.329	-69.289	13.765	-0.63	0.918685121107267	-0.5906310391279973	1.0747347666753702	1.0164538334624653	1	No-PER3D	No-Essential3D
403	H	403	-19.674	-67.071	11.161	-0.63	0.81712962962963	-0.29442032871605406	0.8372327912026515	0.6075524802822035	1	No-PER3D	No-Essential3D
404	L	404	-16.651	-64.763	11.785	-0.63	0.782705099778271	-0.9696511689237304	1.28814017623719	0	0.19525131562685202	No-PER3D	No-Essential3D
405	F	405	-16.163	-61.396	10.014	-0.08	0.783216783216783	-0.5334772100318153	1.0286004412931116	1.0179493889250923	1	No-PER3D	No-Essential3D
406	F	406	-13.066	-59.195	9.75	0.47	0.780487804878049	-0.3602120516080841	0.9820830480210343	1.1493501979117062	1	No-PER3D	No-Essential3D
407	A	407	-13.083	-55.513	8.75	-0.08	0.858536585365854	-0.01552063384766605	0.9756175405560965	1.1493501979117062	1	No-PER3D	No-Essential3D
408	K	408	-9.844	-53.528	8.243	0.47	0.859090909090909	0.059661023029899424	1.0656321531753297	0.6075524802822035	1	No-PER3D	No-Essential3D
409	K	409	-10.562	-50.166	9.793	-0.63	0.784250960307298	0.5856631528686371	1.026610450330606	0.8351631181521144	1	No-PER3D	No-Essential3D
410	L	410	-12.345	-49.65	13.11	1.02	0.783732057416268	1.3789778404942743	1.4353539899796743	0	0.5820299980193383	No-PER3D	No-Essential3D
411	E	411	-14.515	-47.112	11.202	2.12	0.784250960307298	1.6020975963889847	1.2907240929870045	1.0164538334624653	1	No-PER3D	No-Essential3D
412	E	412	-15.88	-50.007	9.172	1.02	0.7792663476874	0.37008850949210526	0.966407647586061	0.7052412383961074	0.9999999999999999	No-PER3D	No-Essential3D
413	K	413	-16.511	-52.336	12.126	-0.08	0.716842723004695	0.20759912204704437	1.0148856675351114	0.6075524802822035	1	No-PER3D	No-Essential3D
414	I	414	-18.434	-49.418	13.744	0.47	0.721436984687868	1.0544400137383316	1.2483739475095397	0	0.5820299980193383	No-PER3D	No-Essential3D
415	R	415	-20.322	-48.607	10.51	-0.08	0.716374269005848	0.4053643602264468	0.6824748595216592	1.0164538334624653	1	No-PER3D	No-Essential3D
416	W	416	-21.195	-52.274	10.052	0.47	0.716842723004695	0.11900745426532114	0.831432302917208	0.6075524802822035	1	No-PER3D	No-Essential3D
417	L	417	-22.135	-52.783	13.698	1.57	0.719375736160188	0.26337906102072195	1.0472195824206763	0	0.34205812200275454	No-PER3D	No-Essential3D
418	R	418	-24.322	-49.689	13.288	0.47	0.676982591876209	-0.08144237990746683	0.5415313815863178	0	0.5820299980193383	No-PER3D	No-Essential3D
419	A	419	-25.796	-51.067	9.974	-0.08	0.676982591876209	0.16659724482743202	0.19772334076984188	0.7052412383961074	0.9999999999999999	No-PER3D	No-Essential3D
420	F	420	-26.969	-54.225	11.773	0.47	0.672215108834827	0.33685081902241454	0.4725153119537836	0	0.5925269615394009	No-PER3D	No-Essential3D
421	R	421	-28.77	-52.204	14.516	-0.08	0.616197183098592	0.040259305126011564	0.4132878137292738	0	0.5820299980193383	No-PER3D	No-Essential3D
422	E	422	-30.483	-50.352	11.667	-1.18	0.616197183098592	0.4495015046652549	0.19535312125336882	0	1	No-PER3D	No-Essential3D
423	E	423	-31.824	-53.477	9.897	-1.18	0.616197183098592	1.0105319548242926	0.028524719089244522	1.2871668903818154	1	No-PER3D	No-Essential3D
424	R	424	-33.381	-54.749	13.062	-1.18	0.685119748723989	0.716680275521962	0.005303092762357314	0	1	No-PER3D	No-Essential3D
425	K	425	-35.158	-51.502	13.89	-1.18	0.682707355242567	-0.7209728032206476	0.05107107863218423	0	1	No-PER3D	No-Essential3D
426	M	426	-36.417	-51.38	10.299	0.47	0.687549251379039	0.2724583930787751	-0.007436193399041096	5.244155733315134	0.3037974683544303	No-PER3D	No-Essential3D
427	V	427	-37.891	-54.913	10.438	-0.08	0.685119748723989	0.7284270150425894	-0.05944264632720117	5.244155733315134	0.3037974683544303	No-PER3D	No-Essential3D
428	Q	428	-39.307	-53.953	13.834	1.02	0.548095798979191	-0.8178936021613363	-0.026970218229672358	0	1	No-PER3D	No-Essential3D
429	E	429	-40.784	-50.706	12.371	0.47	0.551615445232467	-1.1199634255264825	0.07549158990307514	0	1	No-PER3D	No-Essential3D
430	D	430	-42.098	-52.513	9.214	-0.08	0.467081850533808	0.3590018135470264	0.08364932423591531	5.244155733315134	0.3037974683544303	No-PER3D	No-Essential3D
