Uniprot_position	aminoacid	Position_in_structure	x	y	z	paraz	mtr	paraz3dscore	mtr3dscore	PER3D_OR	PER3D_pvalue	PER3D	Essential3D
8	Y	8	-23.108	-54.362	51.357	-0.27	0.975852272727273	-1.4921458516227033	1.788309087125943	0	1	No-PER3D	No-Essential3D
9	S	9	-19.787	-53.128	49.843	-0.9	0.970108695652174	-1.4921458516227033	1.788309087125943	0	1	No-PER3D	No-Essential3D
10	Y	10	-20.515	-50.439	47.223	-0.27	0.772774869109948	-0.2640329979039333	1.5436881259278712	0	1	No-PER3D	No-Essential3D
11	I	11	-23.75	-49.482	45.422	-0.9	0.768844221105528	-0.5591928938397049	1.0698664701408152	0	1	No-PER3D	No-Essential3D
12	F	12	-23.118	-49.575	41.646	-0.27	0.772682926829268	-0.059519526885499476	0.7172130499266904	0	1	No-PER3D	No-Essential3D
13	K	13	-25.995	-48.561	39.369	0.04	0.769811320754717	-0.10330591562331093	0.30536430633388756	0	1	No-PER3D	No-Essential3D
14	Y	14	-26.086	-49.946	35.805	-0.58	0.767123287671233	-0.01718728332827764	0.11487170855698643	0	1	No-PER3D	No-Essential3D
15	I	15	-28.593	-48.975	33.058	-0.27	0.63716814159292	-0.28374828393581386	-0.13652486248870618	0	1	No-PER3D	No-Essential3D
16	I	16	-29.852	-51.187	30.269	-0.27	0.634615384615385	-0.32881769872628963	0.009581420288294722	0	1	No-PER3D	No-Essential3D
17	I	17	-30.284	-49.134	27.084	-0.27	0.62962962962963	-0.38781376375620963	0.1670615781504564	0	1	No-PER3D	No-Essential3D
18	G	18	-31.204	-49.936	23.454	0.04	0.506024096385542	-0.5842117449467845	0.3668851916947742	0	1	No-PER3D	No-Essential3D
19	D	19	-34.374	-50.083	21.339	-0.58	0.315175097276265	-0.9750617966862726	0.32869457181301137	0	1	No-PER3D	No-Essential3D
20	M	20	-37.332	-52.389	22.092	-0.9	0.314393939393939	-1.2621183647356955	0.10031737498005089	0	1	No-PER3D	No-Essential3D
21	G	21	-37.202	-56.153	21.297	-0.58	0.315740740740741	-0.8206398879086868	0.2032491103763618	0	1	No-PER3D	No-Essential3D
22	V	22	-33.352	-56.185	21.408	-0.58	0.314748201438849	-0.23440773479890317	0.4011551036566872	0	1	No-PER3D	No-Essential3D
23	G	23	-33.625	-58.523	24.421	0.04	0.314748201438849	-0.1070357980115233	0.28779130491048094	0	1	No-PER3D	No-Essential3D
24	K	24	-32.585	-56.383	27.389	0.35	0.313620071684588	0.01422744594810315	0.1904631681982234	0	1	No-PER3D	No-Essential3D
25	S	25	-35.22	-57.7	29.866	-0.27	0.313620071684588	-0.9737239831201301	-0.1002656906053524	0	1	No-PER3D	No-Essential3D
26	C	26	-34.259	-61.257	28.827	-0.58	0.501792114695341	0.20880765123792933	0.03596660530823981	0	1	No-PER3D	No-Essential3D
27	L	27	-30.497	-60.396	29.132	-0.27	0.417857142857143	0.5674372450759735	0.21363051251274504	0	1	No-PER3D	No-Essential3D
28	L	28	-31.052	-59.315	32.739	-0.27	0.417857142857143	-0.1780306972233472	0.02921855264708736	0	1	No-PER3D	No-Essential3D
29	H	29	-33.464	-62.092	33.798	-0.9	0.420238095238095	-0.6015603430170884	-0.3694004640236039	0	1	No-PER3D	No-Essential3D
30	Q	30	-31.158	-65.096	33.248	-0.58	0.420238095238095	0.0698525054240108	-0.12308008922036826	0	1	No-PER3D	No-Essential3D
31	F	31	-28.007	-63.222	34.426	-0.27	0.421428571428571	0.51411581865401	0.06518782533038193	0	1	No-PER3D	No-Essential3D
32	T	32	-29.494	-62.017	37.748	-0.9	0.361224489795918	-0.22206387517180728	-0.2720356066854192	0	1	No-PER3D	No-Essential3D
33	E	33	-30.481	-65.452	39.182	-0.58	0.211469534050179	-1.272085810865856	-0.5145276961788637	0	1	No-PER3D	No-Essential3D
34	K	34	-32.843	-63.911	41.816	-0.9	0.211469534050179	-1.7976260236401456	-0.7455242030537583	0	1	No-PER3D	No-Essential3D
35	K	35	-36.525	-62.836	42.127	-0.9	0.212664277180406	-1.7976260236401456	-0.7455242030537583	0	1	No-PER3D	No-Essential3D
36	F	36	-35.993	-59.435	43.813	-0.27	0.211904761904762	-2.054486228339496	-0.9713121310760169	0	1	No-PER3D	No-Essential3D
37	M	37	-37.473	-56.999	41.277	-0.9	0.255197132616487	-1.8922285543887898	-0.904156691001188	0	1	No-PER3D	No-Essential3D
38	A	38	-38.895	-53.717	42.614	-0.9	0.212066905615293	-2.109814375110673	-1.1278060723892056	0	1	No-PER3D	No-Essential3D
39	D	39	-40.9	-51.855	39.906	-0.9	0.210714285714286	-1.7678118927375421	-1.0585895188820775	0	1	No-PER3D	No-Essential3D
40	C	40	-41.907	-48.162	39.674	-0.9	0.211469534050179	-1.575002925306971	-1.040820739682587	0	1	No-PER3D	No-Essential3D
41	P	41	-44.791	-47.867	37.164	-0.9	0.254873646209386	-1.0614463298143282	-1.138380900826465	0	1	No-PER3D	No-Essential3D
42	H	42	-46.695	-44.679	36.304	-0.9	0.182568334192883	-0.4049958276782776	-1.2979026747230942	0	1	No-PER3D	No-Essential3D
43	T	43	-49.64	-44.091	33.942	-0.27	0.181397738951696	0.18661905766233802	-1.4018302843383037	0	1	No-PER3D	No-Essential3D
44	I	44	-49.35	-42.194	30.618	-0.27	0.180612244897959	0.31620934791139066	-1.419240628498928	0	1	No-PER3D	No-Essential3D
45	G	45	-52.092	-41.489	28.076	0.04	0.180102040816327	0.6792402359607355	-1.5262513614332955	0	1	No-PER3D	No-Essential3D
46	V	46	-53.649	-39.463	25.279	0.04	0.208628841607565	0.637959131634054	-1.6385383016276027	0	1	No-PER3D	No-Essential3D
47	E	47	-57.29	-38.377	25.036	0.04	0.209964412811388	0.36078600258347937	-1.6916913774940023	0	1	No-PER3D	No-Essential3D
48	F	48	-59.582	-36.122	22.986	-0.27	0.21055753262159	-0.05349936583785842	-1.6816788572587722	0	1	No-PER3D	No-Essential3D
49	G	49	-62.656	-33.867	23.085	-0.9	0.210714285714286	-0.28496841509817883	-1.6706831568305875	0	1	No-PER3D	No-Essential3D
50	T	50	-65.17	-33.087	20.312	-0.9	0.210872162485066	-0.7449578633097709	-1.669636180920311	0	1	No-PER3D	No-Essential3D
51	R	51	-66.763	-29.806	19.298	0.04	0.210872162485066	-1.1150134770953788	-1.6864015345578545	0	1	No-PER3D	No-Essential3D
52	I	52	-69.352	-29.245	16.539	-0.9	0.213333333333333	-1.4835947657264623	-1.703022312348097	0	1	No-PER3D	No-Essential3D
53	I	53	-68.971	-25.89	14.75	-0.27	0.21179302045728	-1.5292988455167165	-1.7193516487986256	0	1	No-PER3D	No-Essential3D
54	E	54	-70.421	-24.413	11.571	-0.9	0.159296028880866	-1.4604970049722479	-1.7275271677214228	0	1	No-PER3D	No-Essential3D
55	V	55	-67.571	-23.047	9.402	-0.27	0.160326086956522	-1.5630742945112739	-1.777131539612869	0	1	No-PER3D	No-Essential3D
56	S	56	-68.662	-21.105	6.281	-0.9	0.161363636363636	-1.7021634698846946	-1.7575666172149425	0	1	No-PER3D	No-Essential3D
57	G	57	-71.867	-23.256	6.026	-0.58	0	-1.7021634698846946	-1.7575666172149425	0	1	No-PER3D	No-Essential3D
58	Q	58	-69.984	-26.584	6.308	-0.9	0	-1.5581956185453933	-1.7389728942133387	0	1	No-PER3D	No-Essential3D
59	K	59	-70.739	-28.898	9.287	-0.9	0	-1.4604970049722479	-1.7275271677214228	0	1	No-PER3D	No-Essential3D
60	I	60	-67.331	-29.451	10.934	-0.27	0	-1.5292988455167165	-1.7193516487986256	0	1	No-PER3D	No-Essential3D
61	K	61	-66.552	-31.917	13.722	0.35	0	-1.4835947657264623	-1.703022312348097	0	1	No-PER3D	No-Essential3D
62	L	62	-63.375	-30.908	15.586	-0.58	0	-1.105479507762788	-1.668376595551822	0	1	No-PER3D	No-Essential3D
63	Q	63	-61.472	-33.599	17.431	-0.58	0	-0.7449578633097709	-1.669636180920311	0	1	No-PER3D	No-Essential3D
64	I	64	-59.081	-31.777	19.792	-0.27	0	-0.28496841509817883	-1.6706831568305875	0	1	No-PER3D	No-Essential3D
65	W	65	-56.478	-34.114	21.364	1.6	0	-0.05349936583785842	-1.6816788572587722	0	1	No-PER3D	No-Essential3D
66	D	66	-54.595	-33.853	24.643	0.67	0	0.4012808001610811	-1.6641145090703497	0	1	No-PER3D	No-Essential3D
67	T	67	-51.671	-35.696	26.334	2.54	0	0.5821082257803087	-1.5557857162724047	0	1	No-PER3D	No-Essential3D
68	A	68	-51.801	-36.848	29.969	0.98	0	0.6792402359607355	-1.5262513614332955	0	1	No-PER3D	No-Essential3D
69	G	69	-49.152	-38.18	32.408	2.54	0	0.20909432557353122	-1.4034047052232073	0	1	No-PER3D	No-Essential3D
70	Q	70	-46.365	-36.308	30.524	0.67	0.190114068441065	0.31742349803864606	-1.4255460283135177	0	1	No-PER3D	No-Essential3D
71	E	71	-44.489	-34.687	33.463	1.92	0.189027702335687	0.19676732914264722	-1.3762764447363267	0	1	No-PER3D	No-Essential3D
72	R	72	-44.476	-37.857	35.558	-0.58	0.188140161725067	-0.12465495355884865	-1.293861768582904	0	1	No-PER3D	No-Essential3D
73	F	73	-42.681	-39.679	32.691	-0.27	0.263396226415094	-0.1350295468830541	-1.2495398610972541	0	1	No-PER3D	No-Essential3D
74	R	74	-39.918	-37.011	32.988	0.04	0.264393939393939	-0.24700454236917724	-1.043326030458816	0	1	No-PER3D	No-Essential3D
75	A	75	-39.593	-37.661	36.742	-0.58	0.221166032953105	-0.44263448162319285	-1.0310777448404247	0	1	No-PER3D	No-Essential3D
76	V	76	-39.476	-41.396	35.763	-0.27	0.220532319391635	-0.5870576392602149	-1.067570105052983	0	1	No-PER3D	No-Essential3D
77	T	77	-36.682	-40.723	33.178	-0.27	0.220532319391635	-0.7838106673819417	-0.8574541143376432	0	1	No-PER3D	No-Essential3D
78	R	78	-34.704	-38.659	35.701	-0.58	0.220532319391635	-0.6491267282656893	-0.8195873735403475	0	1	No-PER3D	No-Essential3D
79	S	79	-35.069	-41.439	38.343	-0.27	0.378407851690294	-1.087348199195775	-0.5969465630720985	0	1	No-PER3D	No-Essential3D
80	Y	80	-33.81	-43.979	35.78	0.04	0.378055404671374	-1.2084320800684205	-0.2987297872544709	0	1	No-PER3D	No-Essential3D
81	Y	81	-30.744	-41.862	34.688	0.04	0.376623376623377	-0.7577353479823151	-0.3020740859668152	0	1	No-PER3D	No-Essential3D
82	R	82	-29.772	-40.377	38.13	0.04	0.378407851690294	-0.7015040692816854	-0.3551571784550886	0	1	No-PER3D	No-Essential3D
83	G	83	-26.314	-41.318	39.661	-0.58	0.374123989218329	-0.6341506885381526	-0.26495355919340674	0	1	No-PER3D	No-Essential3D
84	A	84	-25.638	-43.78	36.862	-0.27	0.373791621911923	-0.4120167827619714	-0.21073039266469756	0	1	No-PER3D	No-Essential3D
85	A	85	-22.18	-45.236	36.416	-0.9	0.520300751879699	-0.18300218505623783	0.06547680498988012	0	1	No-PER3D	No-Essential3D
86	G	86	-22.542	-47.875	33.67	0.04	0.52377358490566	0.22744148305205628	0.22753997659625147	0	1	No-PER3D	No-Essential3D
87	A	87	-24.459	-48.203	30.412	-0.58	0.527756653992396	0.3537092418417625	0.24661657612155916	0	1	No-PER3D	No-Essential3D
88	L	88	-25.206	-51.552	28.785	-0.58	0.52377358490566	0.4246734259462005	0.16254806691443913	0	1	No-PER3D	No-Essential3D
89	M	89	-25.536	-50.253	25.274	-0.58	0.52377358490566	0.3635908162920866	0.3138673116015358	0	1	No-PER3D	No-Essential3D
90	V	90	-27.12	-53.084	23.344	-0.9	0.521348314606742	0.3152159523527272	0.31453146503390195	0	1	No-PER3D	No-Essential3D
91	Y	91	-28.311	-53.355	19.744	-0.27	0.52089552238806	0.23792557303978484	0.5152400098043747	0	1	No-PER3D	No-Essential3D
92	D	92	-29.741	-56.367	17.81	0.35	0.655430711610487	0.6369762481977045	0.7548972739766785	0	1	No-PER3D	No-Essential3D
93	I	93	-27.327	-58.286	15.535	-0.27	0.652416356877323	0.924060118564804	0.9196503371217157	0	1	No-PER3D	No-Essential3D
94	T	94	-30.355	-59.078	13.311	-0.58	0.652416356877323	0.7220502700772938	1.0101509650976643	0	1	No-PER3D	No-Essential3D
95	R	95	-31.259	-55.461	12.738	-0.9	0.654850746268657	-0.16849672789075648	0.8646202596231767	0	1	No-PER3D	No-Essential3D
96	R	96	-29.206	-52.579	11.362	-0.27	0.65	-0.19540316196082558	0.8240490166959168	0	1	No-PER3D	No-Essential3D
97	S	97	-31.781	-50.017	12.646	-0.9	0.65	-1.122117043748996	0.5831870471684018	0	1	No-PER3D	No-Essential3D
98	T	98	-30.825	-50.83	16.304	-0.27	0.65	-0.3927368280063124	0.5480047247161769	0	1	No-PER3D	No-Essential3D
99	Y	99	-27.282	-49.995	15.325	-0.27	0.645220588235294	-0.06503379204678408	0.7566403334772174	0	1	No-PER3D	No-Essential3D
100	N	100	-28.37	-46.815	13.448	-0.9	0.64760147601476	-0.546292548737617	0.9647582178199526	0	1	No-PER3D	No-Essential3D
101	H	101	-30.389	-45.584	16.471	-0.9	0.651291512915129	-1.3866913942063628	0.9969280093700201	0	1	No-PER3D	No-Essential3D
102	L	102	-27.464	-46.362	18.752	-0.27	0.652573529411765	-0.26889351502626835	0.8852200767475391	0	1	No-PER3D	No-Essential3D
103	S	103	-25.03	-44.435	16.535	-0.9	0.654981549815498	-0.44640701951859335	0.9916482992460744	0	1	No-PER3D	No-Essential3D
104	S	104	-27.353	-41.421	16.371	-0.9	0.64963503649635	-1.1495126857112483	1.5579843782339244	0	1	No-PER3D	No-Essential3D
105	W	105	-27.963	-41.494	20.176	0.04	0.645454545454546	-1.2011140661195998	1.2605727574420311	0	1	No-PER3D	No-Essential3D
106	L	106	-24.186	-41.69	20.765	-0.27	1.29090909090909	-0.33049557586989026	0.9137728085208683	0	1	No-PER3D	No-Essential3D
107	T	107	-23.77	-38.791	18.21	-0.58	1.28057553956835	-1.1921698268488188	1.6584507519107705	0	1	No-PER3D	No-Essential3D
108	D	108	-26.139	-36.506	20.17	0.04	1.27697841726619	-1.5630742945112739	2.150016786080686	0	1	No-PER3D	No-Essential3D
109	A	109	-24.466	-37.422	23.517	-0.9	1.26881720430108	-0.8454085505046955	1.039946098502951	0	1	No-PER3D	No-Essential3D
110	R	110	-23.353	-34.103	25.036	-0.58	NA	-0.8556662794585982	1.1781755242684044	0	1	No-PER3D	No-Essential3D
111	N	111	-20.33	-35.274	27.085	-0.9	NA	-0.7434835381552467	0.2346950293751048	0	1	No-PER3D	No-Essential3D
112	L	112	-20.331	-33.997	30.707	-0.58	NA	-0.7160610902810941	-1.319055565823788	0	1	No-PER3D	No-Essential3D
113	T	113	-17.532	-33.868	33.331	-0.58	0	-0.5431391310459955	-2.158717993608172	0	1	No-PER3D	No-Essential3D
114	N	114	-14.986	-36.764	33.418	-0.9	0	-0.6766852676925672	-0.6676053806524931	0	1	No-PER3D	No-Essential3D
115	P	115	-15.682	-39.161	35.262	-0.9	0	-0.2702251635529355	-0.1834620210419842	0	1	No-PER3D	No-Essential3D
116	N	116	-19.074	-39.607	33.645	0.98	0	-0.5529109866595577	-0.2674186378308885	0	1	No-PER3D	No-Essential3D
117	T	117	-21.201	-42.742	33.004	0.98	0	-0.2883638306055682	1.3535479650274e-4	0	1	No-PER3D	No-Essential3D
118	V	118	-19.078	-45.625	31.633	1.92	0	-0.04145904374257637	0.0794560602025584	0	1	No-PER3D	No-Essential3D
119	I	119	-20.522	-47.353	28.565	0.67	0	0.40575291979647155	0.3778210248179659	0	1	No-PER3D	No-Essential3D
120	I	120	-20.232	-50.847	26.939	1.6	0	0.7656425473421615	0.4776767548009776	0	1	No-PER3D	No-Essential3D
121	L	121	-21.403	-51.557	23.393	2.54	0.63768115942029	0.7056409422161711	0.4870238426494456	0	1	No-PER3D	No-Essential3D
122	I	122	-23.169	-54.969	23.335	1.6	0.63768115942029	1.0449369753764453	0.4416980384238682	0	1	No-PER3D	No-Essential3D
123	G	123	-24.565	-56.915	20.304	2.54	0.63898916967509	1.0142191971116183	0.6560207478318986	0	1	No-PER3D	No-Essential3D
124	N	124	-27.313	-59.31	21.356	0.67	0.639492753623188	1.0488937610678364	0.5805384668386924	0	1	No-PER3D	No-Essential3D
125	K	125	-28.801	-62.266	19.386	2.54	0.853333333333333	1.246855420452604	0.7774952517008211	0	1	No-PER3D	No-Essential3D
126	A	126	-25.612	-64.017	18.27	0.04	0.855072463768116	1.4879745979970838	0.9517420233316138	0	1	No-PER3D	No-Essential3D
127	D	127	-27.324	-67.466	18.44	2.54	0.857487922705314	1.9570780562548264	1.1041510971351356	0	1	No-PER3D	No-Essential3D
128	L	128	-29.141	-66.484	15.202	2.54	0.855757575757576	1.751610741537935	1.2117025698407355	0	1	No-PER3D	No-Essential3D
129	E	129	-26.251	-65.958	12.761	-0.27	0.85958485958486	1.5729761446333863	1.325655909888175	0	1	No-PER3D	No-Essential3D
130	A	130	-28.382	-66.713	9.676	-0.58	0.853333333333333	1.3913392855959887	1.6151056010205627	0	1	No-PER3D	No-Essential3D
131	Q	131	-30.084	-63.281	10.046	-0.27	0.856447688564477	0.799213445410153	1.4625437665385164	0	1	No-PER3D	No-Essential3D
132	R	132	-27.015	-60.995	10.376	2.54	0.857142857142857	1.1219800798643929	1.3298524940224525	0	1	No-PER3D	No-Essential3D
133	D	133	-27.601	-57.468	8.989	-0.27	0.857142857142857	0.4496140931435705	1.1499195441544934	0	1	No-PER3D	No-Essential3D
134	V	134	-24.606	-56.388	11.154	2.54	0.765818181818182	0.522961769581156	1.0739468911795267	0	1	No-PER3D	No-Essential3D
135	T	135	-20.89	-56.623	10.248	-0.27	0.771428571428571	0.667043546046034	1.0002881006139532	0	1	No-PER3D	No-Essential3D
136	Y	136	-18.369	-56.618	13.188	-0.27	0.638686131386861	1.4922985081340678	0.8763224754181457	0	1	No-PER3D	No-Essential3D
137	E	137	-15.809	-54.245	11.585	-0.58	0.643382352941177	1.121292061458948	0.6847498838655854	0	1	No-PER3D	No-Essential3D
138	E	138	-18.679	-51.88	10.758	1.29	0.551924090669478	0.17125331327407337	0.7742171250012683	0	1	No-PER3D	No-Essential3D
139	A	139	-19.454	-51.952	14.471	2.23	0.548319327731092	0.6773051841954222	0.7274496918418129	0	1	No-PER3D	No-Essential3D
140	K	140	-15.941	-52.032	15.924	0.04	0.478021978021978	1.3975314512449908	0.5637072530042326	0	1	No-PER3D	No-Essential3D
141	Q	141	-15.278	-48.572	14.364	0.04	0.568627450980392	0.7090543668633386	0.6034068634876182	0	1	No-PER3D	No-Essential3D
142	F	142	-17.957	-46.822	16.508	1.6	0.564916564916565	0.33828889281814506	0.7892615915456463	0	1	No-PER3D	No-Essential3D
143	A	143	-16.665	-48.63	19.611	1.6	0.562854825628548	0.7923810404116398	0.5017888250884913	0	1	No-PER3D	No-Essential3D
144	E	144	-13.146	-47.403	18.557	0.04	0.632727272727273	1.111477681263634	0.37719853329264247	0	1	No-PER3D	No-Essential3D
145	E	145	-14.547	-43.845	18.033	-0.27	0.562424242424242	0.7979234108999443	0.913580330041393	0	1	No-PER3D	No-Essential3D
146	N	146	-15.552	-43.865	21.734	0.04	0.566098945660989	0.6831717697061336	0.6132158942359796	0	1	No-PER3D	No-Essential3D
147	G	147	-12.984	-46.259	23.417	0.35	0.562424242424242	1.201704212595296	0.07549614565232698	0	1	No-PER3D	No-Essential3D
148	L	148	-15.503	-48.807	24.646	1.92	0.50989010989011	0.937984300579756	0.2974698091900624	0	1	No-PER3D	No-Essential3D
149	L	149	-15.466	-52.63	24.621	-0.27	0.639194139194139	1.2099021738375908	0.3452643854439811	0	1	No-PER3D	No-Essential3D
150	F	150	-17.737	-54.811	22.464	0.67	0.639194139194139	1.2829763867384503	0.4129565370128813	0	1	No-PER3D	No-Essential3D
151	L	151	-19.187	-58.305	23.111	1.6	0.635036496350365	1.6413193062408926	0.5983881642042985	0	1	No-PER3D	No-Essential3D
152	E	152	-21.158	-60.569	20.725	2.54	0.636861313868613	1.8628284700128706	0.8113479126779257	0	1	No-PER3D	No-Essential3D
153	A	153	-23.653	-61.694	23.354	1.29	0.635036496350365	1.5037759776436601	0.5340627359634587	0	1	No-PER3D	No-Essential3D
154	S	154	-26.674	-63.92	23.447	2.54	0.635531135531136	1.2188432425166416	0.575952466325546	0	1	No-PER3D	No-Essential3D
155	A	155	-29.238	-63.922	26.244	1.6	0.630909090909091	1.2922020880841856	0.4343866111195902	0	1	No-PER3D	No-Essential3D
156	K	156	-30.434	-67.319	24.93	0.67	0.523852657004831	1.2410222209281816	0.44466872585610173	0	1	No-PER3D	No-Essential3D
157	T	157	-27.143	-69.314	25.11	1.29	0.579838933629547	2.0580291204718923	0.6979627969561163	0	1	No-PER3D	No-Essential3D
158	G	158	-25.753	-67.122	27.906	1.29	0.627697841726619	1.4818401681583286	0.5314733240519129	0	1	No-PER3D	No-Essential3D
159	E	159	-22.866	-66.228	25.581	-0.27	0.590096618357488	2.2238415561840625	0.6737320912801373	0	1	No-PER3D	No-Essential3D
160	N	160	-20.747	-63.428	27.025	2.54	0.549235611510791	2.126460489567276	0.7154069037355641	0	1	No-PER3D	No-Essential3D
161	V	161	-23.459	-62.692	29.668	1.92	0.551218411552347	1.2629808518302137	0.4870619173423126	0	1	No-PER3D	No-Essential3D
162	E	162	-21.285	-62.715	32.814	1.92	0.550809352517986	1.1297427223084318	0.3945387519706231	0	1	No-PER3D	No-Essential3D
163	D	163	-18.1	-61.378	31.258	-0.27	0.598930481283422	1.7816333628664307	0.5630513612360445	0	1	No-PER3D	No-Essential3D
164	A	164	-20.002	-58.447	29.631	0.67	0.594606073476322	1.3196707016955	0.4446893589802606	0	1	No-PER3D	No-Essential3D
165	F	165	-21.248	-57.346	33.089	2.54	0.593478260869565	0.6930006040696292	0.5058982853531282	0	1	No-PER3D	No-Essential3D
166	L	166	-18.016	-58.27	34.934	0.04	0.597333333333333	1.252015558493439	0.60382959397004	0	1	No-PER3D	No-Essential3D
167	E	167	-16.124	-56.061	32.409	0.04	0.64051094890511	1.535440918291904	0.41802562911364965	0	1	No-PER3D	No-Essential3D
168	A	168	-18.699	-53.312	33.315	0.67	0.683211678832117	0.8148781501769742	0.46052680937322565	0	1	No-PER3D	No-Essential3D
169	A	169	-17.482	-53.267	36.929	0.67	0.733506493506494	0.3169629583352043	0.537541212844309	0	1	No-PER3D	No-Essential3D
170	K	170	-13.818	-53.116	35.859	0.35	0.735584415584416	0.5216214739861339	0.5444116067989235	0	1	No-PER3D	No-Essential3D
171	K	171	-14.175	-49.83	34.015	0.04	0.792813026389669	0.5465509720535453	0.25279626985251974	0	1	No-PER3D	No-Essential3D
172	I	172	-16.336	-48.322	36.797	2.23	0.746074879227053	0.16529048709355273	0.39164269479524155	0	1	No-PER3D	No-Essential3D
173	Y	173	-13.935	-49.427	39.542	0.98	0.688684503901895	-0.03661164134057975	0.6806292739610864	0	1	No-PER3D	No-Essential3D
174	Q	174	-11.015	-48.117	37.396	0.04	0.688684503901895	0.15419619030575707	0.7507531124467219	0	1	No-PER3D	No-Essential3D
175	N	175	-12.933	-44.772	36.999	-0.27	0.694852941176471	0.2189559227182384	0.1418203293784245	0	1	No-PER3D	No-Essential3D
176	I	176	-13.473	-44.726	40.829	-0.58	0.794117647058824	0.02493473238283609	0.3415326937396997	0	1	No-PER3D	No-Essential3D
177	Q	177	-9.678	-45.314	41.254	0.04	0.799318762418394	0.046263302951621454	1.0087261765900062	0	1	No-PER3D	No-Essential3D
178	D	178	-8.85	-41.899	39.691	0.04	0.737394957983193	-0.27210157738596646	0.678004748283317	0	1	No-PER3D	No-Essential3D
179	G	179	-11.398	-40.065	41.881	0.04	0.794117647058824	-0.09571867708105529	0.3441313683550828	0	1	No-PER3D	No-Essential3D
