Uniprot_position	aminoacid	Position_in_structure	x	y	z	paraz	mtr	paraz3dscore	mtr3dscore	PER3D_OR	PER3D_pvalue	PER3D	Essential3D
160	S	160	-8	0.999	-35.879	1.24	1.01607347876005	0.4369296415810644	2.079546720021058	1	0.009824561403508769	No-PER3D	No-Essential3D
161	L	161	-10.191	3.563	-37.703	1.63	0.947030497592295	-0.23715263558731522	2.120372179833813	1	0.012631578947368416	No-PER3D	No-Essential3D
162	P	162	-7.274	5.263	-39.696	1.63	0.950590762620838	-0.575498223239431	2.0811672559496235	0	1	No-PER3D	No-Essential3D
163	D	163	-6.099	1.847	-41.096	-0.32	0.915298184961106	-0.650257405115522	2.115925969160129	0	1	No-PER3D	No-Essential3D
164	S	164	-9.754	1.025	-41.911	-0.71	0.911066628538747	-0.7162384120874529	2.0861074241863298	1	0.01929824561403509	No-PER3D	No-Essential3D
165	L	165	-10.206	4.278	-43.885	-0.71	0.842944369063772	-1.2306109418394553	2.1464893198625834	0	0.9999999999999999	No-PER3D	No-Essential3D
166	D	166	-7.1	3.565	-45.994	-0.71	0.930711610486891	-1.350220390261827	2.117294726453643	0	1	No-PER3D	No-Essential3D
167	N	167	-8.763	0.276	-47.091	-0.71	0.966973101804563	-1.2796814847819669	2.2241353969839754	0	1	No-PER3D	No-Essential3D
168	L	168	-12.529	1.083	-47.286	-0.71	0.974271012006861	-1.2540309736983812	2.085605172412415	1	0.01929824561403509	No-PER3D	No-Essential3D
169	K	169	-15.077	-1.317	-48.948	-0.71	0.968782161234991	-1.8157771664289044	2.015988085431098	1	0.01578947368421053	No-PER3D	No-Essential3D
170	K	170	-13.086	-4.22	-47.355	-0.71	0.976149325959212	-1.5618371067014076	2.149116620362513	1	0.01929824561403509	No-PER3D	No-Essential3D
171	L	171	-13.858	-3.544	-43.674	0.07	0.979875086745316	-1.0364438796790008	2.0379164618555756	1	0.027368421052631587	No-PER3D	No-Essential3D
172	R	172	-16.573	-5.816	-42.288	-0.71	0.968782161234991	-1.3410196634601061	2.072050818747296	1	0.012631578947368416	No-PER3D	No-Essential3D
173	M	173	-15.855	-5.696	-38.533	0.46	0.888050314465409	-0.8068382722246623	2.1104553632605025	1	0.007368421052631579	No-PER3D	No-Essential3D
174	L	174	-14.6	-2.621	-36.69	2.02	0.884711779448622	-0.7453071769557581	2.1096739320753	1	0.007368421052631579	No-PER3D	No-Essential3D
175	D	175	-13.629	-3.159	-33.073	2.02	0.891414141414141	-0.16358069630181218	2.22142617834727	1	0.003508771929824561	No-PER3D	No-Essential3D
176	L	176	-12.814	0.115	-31.301	2.4	0.897338403041825	-0.011428138051762668	2.2083032040804444	1	0.005263157894736842	No-PER3D	No-Essential3D
177	R	177	-13.703	-1.11	-27.785	0.85	0.9688013136289	-0.05861484747247823	2.1423899544987024	1	0.003508771929824561	No-PER3D	No-Essential3D
178	H	178	-11.808	0.164	-24.713	0.85	0.961434003259098	-0.16733720606109462	2.1748357714004123	0	1	No-PER3D	No-Essential3D
179	N	179	-9.694	2.651	-26.692	1.63	0.931851418543434	0.34054291339389875	2.3129859977837084	0	1	No-PER3D	No-Essential3D
180	K	180	-10.806	5.773	-24.745	0.07	0.961434003259098	-0.3612478004773904	2.202958116302163	0	1	No-PER3D	No-Essential3D
181	L	181	-12.68	7.076	-27.828	2.79	0.961434003259098	-0.27806922007648766	2.2090720007384785	0	1	No-PER3D	No-Essential3D
182	R	182	-14.228	10.507	-27.059	0.07	1.03047895500726	-0.6436517551040302	2.0997055359644303	0	1	No-PER3D	No-Essential3D
183	E	183	-15.72	11.233	-30.479	0.85	0.974271012006861	-0.7172575695177973	2.0180738022978413	0	1	No-PER3D	No-Essential3D
184	I	184	-16.507	9.04	-33.478	0.85	0.977961432506887	-0.690274668801212	2.0510863765721865	0	1	No-PER3D	No-Essential3D
185	P	185	-15.204	10.828	-36.648	-0.71	0.977961432506887	-0.917943507962171	2.0884318156446184	0	1	No-PER3D	No-Essential3D
186	S	186	-17.8	11.621	-39.362	-0.71	0.977961432506887	-1.5618371067014076	1.8523503510995936	0	1	No-PER3D	No-Essential3D
187	V	187	-15.848	9.554	-41.953	-0.71	0.985426786953504	-1.4207592957416875	1.898827705894765	0	0.9999999999999999	No-PER3D	No-Essential3D
188	V	188	-17.242	6.26	-40.466	-0.71	0.813793103448276	-1.089449866383792	1.960886113866393	0	1	No-PER3D	No-Essential3D
189	Y	189	-19.929	6.643	-43.216	-0.32	0.859819569743234	-1.75297478606619	1.7551657194067616	0	1	No-PER3D	No-Essential3D
190	R	190	-17.331	5.625	-45.884	-0.71	0.934483767183387	-1.68723960533227	1.9383382881108049	0	0.9999999999999999	No-PER3D	No-Essential3D
191	L	191	-17.254	2.072	-44.479	-0.71	0.902408111533587	-1.5376523391083128	1.961808689264243	1	0.031929824561403544	No-PER3D	No-Essential3D
192	D	192	-20.196	1.027	-46.76	0.07	0.982389937106918	-1.9568549773886246	1.8262734454792056	1	0.01929824561403509	No-PER3D	No-Essential3D
193	S	193	-19.496	-2.726	-46.211	-0.71	0.971393034825871	-1.7185902299899858	1.8673864881954314	1	0.01929824561403509	No-PER3D	No-Essential3D
194	L	194	-19.315	-2.595	-42.39	0.07	1.00188679245283	-1.444272264234974	1.7898179044404428	1	0.023157894736842113	No-PER3D	No-Essential3D
195	T	195	-21.464	-5.321	-40.772	-0.32	0.966624419095902	-1.4450830562519836	1.7162544784656477	1	0.009824561403508769	No-PER3D	No-Essential3D
196	T	196	-20.394	-5.046	-37.116	-0.71	0.987143431096826	-1.1111115875839421	1.7379551851473851	1	0.009824561403508769	No-PER3D	No-Essential3D
197	L	197	-19.346	-1.902	-35.218	-0.71	0.988993396037623	-0.8100250115442652	1.8570125530022554	1	0.009824561403508769	No-PER3D	No-Essential3D
198	Y	198	-18.05	-2.3	-31.66	-0.32	0.95843776106934	-0.46768612034411927	1.8953689803471272	1	0.005263157894736842	No-PER3D	No-Essential3D
199	L	199	-17.714	0.93	-29.689	-0.32	0.9548481065335	-0.5428490519982596	1.9076571913095794	1	0.01929824561403509	No-PER3D	No-Essential3D
200	R	200	-18.297	-0.49	-26.171	-0.71	1.01864594894562	-0.7167267583561595	1.6582198138532096	0	1	No-PER3D	No-Essential3D
201	F	201	-16.358	0.838	-23.12	-0.71	1.01769128704113	-0.7483285899422223	1.610287585295178	0	1	No-PER3D	No-Essential3D
202	N	202	-15.453	4.301	-24.461	-0.71	1.01009657594381	-0.65645862757529	1.859162433232293	0	1	No-PER3D	No-Essential3D
203	R	203	-16.274	7.949	-23.566	-0.71	1.01769128704113	-0.837844384523502	1.7107422881149466	0	0.9999999999999999	No-PER3D	No-Essential3D
204	I	204	-18.688	8.829	-26.414	0.07	1.0812969924812	-1.0153999746583278	1.4779353090415122	0	1	No-PER3D	No-Essential3D
205	T	205	-21.281	11.511	-25.553	-0.71	1.01387970918705	-1.3745372209258244	1.2184951076328498	0	1	No-PER3D	No-Essential3D
206	T	206	-22.973	11.688	-28.985	-0.71	0.987873134328358	-1.534345020463103	1.1894367570963476	0	1	No-PER3D	No-Essential3D
207	V	207	-22.851	10.044	-32.428	0.07	0.982472324723247	-1.5625153654079447	1.2900863116670638	0	1	No-PER3D	No-Essential3D
208	E	208	-22.254	11.674	-35.836	-0.71	0.867647058823529	-1.7246191962703157	1.2804295699814425	0	1	No-PER3D	No-Essential3D
209	K	209	-25.292	12.063	-38.168	-0.71	0.862026862026862	-1.9498010868406386	0.9297443402925535	0	0.9999999999999999	No-PER3D	No-Essential3D
210	D	210	-23.291	10.224	-40.813	-0.71	0.870098039215686	-1.9380446025939952	1.1503708539827973	0	1	No-PER3D	No-Essential3D
211	I	211	-23.555	6.822	-38.885	-0.32	0.842119135477069	-1.835694033858512	1.231709531237907	0	1	No-PER3D	No-Essential3D
212	K	212	-26.816	6.478	-40.904	-0.71	0.839023109243698	-1.8952937507880192	0.9682173325969161	0	1	No-PER3D	No-Essential3D
213	N	213	-24.965	5.697	-44.15	-0.71	0.803860346295771	-2.0007458519094263	1.1996725375787858	0	0.9999999999999999	No-PER3D	No-Essential3D
214	L	214	-23.823	2.28	-42.819	0.07	0.836659663865546	-1.985070539580569	1.4584755741189885	0	1	No-PER3D	No-Essential3D
215	S	215	-26.601	0.503	-44.762	-0.71	0.836659663865546	-1.9441124654309723	1.1291504154995193	0	0.9999999999999999	No-PER3D	No-Essential3D
216	K	216	-25.011	-2.949	-44.352	-0.32	0.831240188383046	-1.8439927286208482	1.5063944037485224	1	0.01578947368421053	No-PER3D	No-Essential3D
217	L	217	-24.554	-2.58	-40.546	-0.32	0.829569327731093	-1.6304695552764068	1.3128681111964662	1	0.01929824561403509	No-PER3D	No-Essential3D
218	S	218	-26.194	-5.503	-38.694	-0.71	0.824175824175824	-1.7802801688325876	1.1179667542893723	1	0.012631578947368416	No-PER3D	No-Essential3D
219	M	219	-24.806	-5.005	-35.169	-0.71	0.96	-1.1996857150509608	1.098795339735847	1	0.009824561403508769	No-PER3D	No-Essential3D
220	L	220	-24.165	-1.722	-33.35	0.07	0.938666666666667	-0.9552303455728269	1.2383547402241948	1	0.01929824561403509	No-PER3D	No-Essential3D
221	S	221	-22.589	-2.104	-29.91	-0.71	0.882943143812709	-0.7897849104603004	1.228576954347828	1	0.007368421052631579	No-PER3D	No-Essential3D
222	I	222	-22.384	1.212	-28.039	-0.32	0.856447688564477	-0.8551861752394808	1.1323953897258996	0	1	No-PER3D	No-Essential3D
223	R	223	-22.613	-0.115	-24.41	-0.32	0.826568265682657	-0.9832630512050599	0.8713242241576078	0	1	No-PER3D	No-Essential3D
224	E	224	-20.689	1.56	-21.496	-0.71	0.85958485958486	-1.0717404929455552	0.8990428907530384	0	1	No-PER3D	No-Essential3D
225	N	225	-20.295	5.062	-22.925	-0.71	0.69683257918552	-1.186232507436853	1.2613482465783497	0	1	No-PER3D	No-Essential3D
226	K	226	-21.732	8.441	-21.835	-0.71	0.705882352941176	-1.5096111862980495	0.8685130538327601	0	1	No-PER3D	No-Essential3D
227	I	227	-24.222	8.862	-24.733	-0.71	0.535279805352798	-1.5389270348361537	0.6475086685421231	0	1	No-PER3D	No-Essential3D
228	K	228	-26.706	11.641	-24.01	-0.71	0.531400966183575	-1.9004238530047364	0.033011738121225105	0	1	No-PER3D	No-Essential3D
229	Q	229	-28.785	11.32	-27.207	-0.71	0.531400966183575	-1.9548395800892	-0.0286382943233585	0	1	No-PER3D	No-Essential3D
230	L	230	-29.105	9.227	-30.381	-0.32	0.592447552447553	-1.793349411866077	0.24051256355434386	0	1	No-PER3D	No-Essential3D
231	P	231	-29.318	11.139	-33.733	-0.32	0.59292532285233	-2.1804090470632582	0.12475862777907577	0	1	No-PER3D	No-Essential3D
232	A	232	-32.614	10.915	-35.72	-0.71	0.548571428571429	-2.1712932500473996	0.13487921863650487	0	1	No-PER3D	No-Essential3D
233	E	233	-30.374	9.43	-38.42	-0.71	0.601216545012165	-2.1059943775460432	0.2598616326682497	0	1	No-PER3D	No-Essential3D
234	I	234	-30.141	6.166	-36.356	-0.32	0.605637254901961	-1.9601744552935594	0.3981728044092079	0	1	No-PER3D	No-Essential3D
235	G	235	-33.438	5.149	-38.101	-0.71	0.603418803418803	-1.6401040507769633	-0.14120396769829197	0	1	No-PER3D	No-Essential3D
236	E	236	-31.747	4.813	-41.516	-0.71	0.641304347826087	-2.0580418211114586	0.20279581355920123	0	1	No-PER3D	No-Essential3D
237	L	237	-29.86	1.657	-40.38	-0.71	0.643115942028986	-1.9049993495764033	0.6858528310379653	0	1	No-PER3D	No-Essential3D
238	C	238	-32.255	-0.619	-42.305	-0.71	0.686545454545455	-1.8165006423825438	0.35247969651654393	0	0.9999999999999999	No-PER3D	No-Essential3D
239	N	239	-30.179	-3.838	-41.952	-0.71	0.735584415584416	-1.912099258049679	0.8118779401659715	0	1	No-PER3D	No-Essential3D
240	L	240	-29.599	-3.335	-38.182	0.07	0.775824175824176	-1.3247596018933567	0.45842041981286547	0	1	No-PER3D	No-Essential3D
241	I	241	-30.632	-6.415	-36.169	-0.71	0.808150183150183	-0.9996962907234449	0.1193234153607908	0	1	No-PER3D	No-Essential3D
242	T	242	-28.905	-5.709	-32.826	-0.71	0.808823529411765	-0.8871441030786569	0.22683136980191293	0	1	No-PER3D	No-Essential3D
243	L	243	-28.663	-2.392	-30.982	0.07	0.790849673202614	-1.0072356717140047	0.3192362482298491	0	1	No-PER3D	No-Essential3D
244	D	244	-26.828	-2.544	-27.655	-0.32	0.745870149827123	-0.9529115123880846	0.41188417013409834	0	1	No-PER3D	No-Essential3D
245	V	245	-26.896	0.777	-25.756	0.07	0.715151515151515	-1.034965743463375	0.09585842146872378	0	1	No-PER3D	No-Essential3D
246	A	246	-26.62	-0.46	-22.136	-0.71	0.72039072039072	-0.6410495293419273	-0.002512788121748336	0	1	No-PER3D	No-Essential3D
247	H	247	-24.85	1.787	-19.577	-0.32	0.68190549366116	-1.1527443401888386	0.21531731198928525	0	1	No-PER3D	No-Essential3D
248	N	248	-25.338	5.243	-21.135	-0.32	0.682475419317525	-1.4657181585750048	0.21944358715073475	0	1	No-PER3D	No-Essential3D
249	Q	249	-27.22	8.446	-20.148	-0.71	0.682475419317525	-1.4567070071881545	-0.1700359374537535	0	1	No-PER3D	No-Essential3D
250	L	250	-30.079	8.365	-22.691	-0.32	0.609703735508802	-1.3279132150246065	-0.4577961367492751	0	1	No-PER3D	No-Essential3D
251	E	251	-33.112	10.329	-21.48	-0.71	0.569594865623747	-1.2918358808031118	-1.3141186714722406	0	1	No-PER3D	No-Essential3D
252	H	252	-35.073	9.873	-24.735	-0.71	0.536160545248012	-1.4999397195566868	-1.2069774075490187	0	1	No-PER3D	No-Essential3D
253	L	253	-35.215	7.538	-27.768	-0.71	0.567990373044525	-1.2310112842643943	-1.3149634600433753	0	1	No-PER3D	No-Essential3D
254	P	254	-35.971	9.177	-31.219	-0.71	0.573737373737374	-1.8761472154492744	-1.1467095575952546	0	0.9999999999999999	No-PER3D	No-Essential3D
255	K	255	-39.293	8.361	-32.909	-0.71	0.529624893435635	-1.4281387504688108	-1.3723891901122405	0	0.9999999999999999	No-PER3D	No-Essential3D
256	E	256	-37.211	7.217	-35.929	-0.71	0.60024154589372	-1.533156452824981	-1.0956323252032805	0	0.9999999999999999	No-PER3D	No-Essential3D
257	I	257	-36.333	4.055	-33.929	-0.71	0.604121212121212	-1.02580719559571	-1.0531551262799337	0	0.9999999999999999	No-PER3D	No-Essential3D
258	G	258	-39.613	2.657	-35.389	-0.71	0.693414499169895	-0.7452136240307184	-1.1757363630528281	0	0.9999999999999999	No-PER3D	No-Essential3D
259	N	259	-38.088	2.799	-38.888	-0.71	0.697861705081922	-1.3126398337811038	-1.0476669440321904	0	0.9999999999999999	No-PER3D	No-Essential3D
260	C	260	-35.59	0.09	-37.808	-0.32	0.65036231884058	-1.1523888237497035	-0.5888937999426553	0	1	No-PER3D	No-Essential3D
261	T	261	-37.764	-2.738	-39.209	-0.71	0.557922077922078	-0.6907720585193392	-0.8005443331484753	0	1	No-PER3D	No-Essential3D
262	Q	262	-35.085	-5.458	-38.997	-0.71	0.555900621118012	-1.0724406309652064	-0.2365947645194657	0	1	No-PER3D	No-Essential3D
263	I	263	-34.29	-4.951	-35.25	0.07	0.600839160839161	-0.3852367399928085	-0.30673654811836987	0	1	No-PER3D	No-Essential3D
264	T	264	-34.445	-8.234	-33.324	-0.71	0.540458937198068	-0.09896872844215314	-0.19937482379732324	0	1	No-PER3D	No-Essential3D
265	N	265	-32.607	-7.096	-30.16	-0.71	0.540458937198068	0.24705948481289727	-0.18221052024439313	0	1	No-PER3D	No-Essential3D
266	L	266	-32.766	-3.705	-28.425	2.79	0.497902097902098	0.08267938791781816	-0.22017065818411966	0	1	No-PER3D	No-Essential3D
267	D	267	-30.856	-3.405	-25.137	0.46	0.494307136906415	-0.037111534405968115	-0.0604756446776842	0	1	No-PER3D	No-Essential3D
268	L	268	-31.706	-0.031	-23.469	2.79	0.462337662337662	-0.5365683266864434	-0.5398771729418653	0	1	No-PER3D	No-Essential3D
269	Q	269	-30.766	-1.265	-19.963	0.46	0.40123978585517	0.05694033956717881	-0.2881721789350927	0	1	No-PER3D	No-Essential3D
270	H	270	-28.863	1.164	-17.716	0.07	0.403846153846154	-0.5377897795951856	-0.3676594182075089	0	1	No-PER3D	No-Essential3D
271	N	271	-30.008	4.468	-19.109	-0.32	0.329335793357934	-0.8865239808326801	-0.6127549348278059	0	1	No-PER3D	No-Essential3D
272	E	272	-32.139	7.257	-17.671	-0.32	0.330555555555556	-0.8496654648374345	-0.7918042365469911	0	1	No-PER3D	No-Essential3D
273	L	273	-35.302	6.661	-19.806	-0.32	0.33115671641791	-0.620491537308636	-0.8143383012621638	0	1	No-PER3D	No-Essential3D
274	L	274	-38.801	7.667	-18.532	-0.71	0.239057239057239	-0.0828455500467566	-0.8101437784970433	0	1	No-PER3D	No-Essential3D
275	D	275	-40.729	7.033	-21.749	-0.71	0.262222222222222	-0.13534210569755065	-1.0686930693567858	0	1	No-PER3D	No-Essential3D
276	L	276	-40.495	5.412	-25.152	-0.32	0.240841248303935	-0.3219801911515574	-1.0597372236941214	0	1	No-PER3D	No-Essential3D
277	P	277	-42.055	6.816	-28.347	0.07	0.242881646655232	-0.7179747543761879	-1.3678780481066395	0	1	No-PER3D	No-Essential3D
278	D	278	-45.323	5.145	-29.512	-0.71	0.335227272727273	-0.05669256836860494	-1.0776034901917733	0	1	No-PER3D	No-Essential3D
279	T	279	-43.447	4.358	-32.768	-0.71	0.333646616541353	-0.5559272711602061	-1.1361197800145546	0	1	No-PER3D	No-Essential3D
280	I	280	-41.872	1.443	-30.789	2.4	0.336174242424242	0.3196137875921819	-0.9275728699003267	0	1	No-PER3D	No-Essential3D
281	G	281	-44.993	-0.579	-31.819	0.46	0.224968314321926	0.3893026979245396	-0.9022769207931394	0	1	No-PER3D	No-Essential3D
282	N	282	-43.738	-0.716	-35.431	0.07	0.245907349355625	-0.0033029465724256084	-0.9676815669126221	0	1	No-PER3D	No-Essential3D
283	L	283	-40.839	-2.986	-34.308	2.79	0.33976833976834	0.03489387638532373	-0.8058849829115071	0	1	No-PER3D	No-Essential3D
284	S	284	-42.659	-6.179	-35.375	0.07	0.341085271317829	0.4928346016350329	-0.8375408939984003	0	0.9999999999999999	No-PER3D	No-Essential3D
285	S	285	-39.47	-8.259	-35.742	0.46	0.338803088803089	0.33017724929951076	-0.674908454422834	0	1	No-PER3D	No-Essential3D
286	L	286	-38.334	-7.364	-32.182	3.18	0.417412045319022	0.6822710684432943	-0.6065545993928307	0	1	No-PER3D	No-Essential3D
287	S	287	-37.67	-10.535	-30.151	0.07	0.414201183431953	0.7262139415187722	-0.773435994241307	0	1	No-PER3D	No-Essential3D
288	R	288	-35.703	-9.119	-27.204	-0.32	0.417412045319022	1.2995102899431776	-0.6905189178167984	0	1	No-PER3D	No-Essential3D
289	L	289	-36.214	-5.793	-25.393	2.4	0.544186046511628	1.2090757957382285	-0.6519735347222425	0	1	No-PER3D	No-Essential3D
290	G	290	-34.141	-4.646	-22.389	-0.32	0.544186046511628	0.9712806730814258	-0.5605600724122975	0	1	No-PER3D	No-Essential3D
291	L	291	-35.349	-1.652	-20.352	2.4	0.583657587548638	0.5295251678553263	-0.7441614903943264	0	1	No-PER3D	No-Essential3D
292	R	292	-33.929	-2.603	-16.866	0.07	0.68503937007874	1.0209720477919346	-0.9597344764928128	0	1	No-PER3D	No-Essential3D
293	Y	293	-32.356	0.063	-14.564	0.46	0.729934640522876	0.154116314249224	-0.9309326788398546	0	1	No-PER3D	No-Essential3D
294	N	294	-34.1	3.048	-16.089	1.24	0.680392156862745	-0.1528676869883028	-0.7638453173292767	0	1	No-PER3D	No-Essential3D
295	R	295	-36.574	5.502	-14.524	-0.32	0.673151750972763	0.0996628420019306	-0.8008144931157845	0	1	No-PER3D	No-Essential3D
296	L	296	-39.924	4.1	-15.816	0.85	0.673151750972763	0.3080193807507371	-0.7635707413631344	0	1	No-PER3D	No-Essential3D
297	S	297	-42.826	4.894	-13.41	-0.32	0.712483912483912	0.434088354199498	-0.5534298887560245	0	1	No-PER3D	No-Essential3D
298	A	298	-45.231	3.347	-15.895	0.07	0.707024265644955	0.8233080818868319	-0.6627741418802646	0	1	No-PER3D	No-Essential3D
299	I	299	-44.544	1.682	-19.269	1.63	0.76043956043956	0.644764551899347	-0.7852858586873259	0	1	No-PER3D	No-Essential3D
300	P	300	-46.471	2.796	-22.422	0.85	0.76043956043956	0.3473355487364037	-1.0908518106096308	0	1	No-PER3D	No-Essential3D
301	R	301	-49.319	0.377	-23.399	0.46	0.763375620518478	0.38820884833946107	-1.3008463769109588	0	1	No-PER3D	No-Essential3D
302	S	302	-47.818	0.287	-26.944	0.46	0.71042471042471	0.3473355487364037	-1.4031298926281244	0	1	No-PER3D	No-Essential3D
303	L	303	-45.287	-2.316	-25.677	2.4	0.715953307392996	1.1369046579239375	-1.0108412353867076	0	1	No-PER3D	No-Essential3D
304	A	304	-48.036	-4.942	-25.946	0.85	0.708365508365508	1.3477420201858172	-0.8925609017082515	0	1	No-PER3D	No-Essential3D
305	K	305	-48.257	-4.49	-29.735	0.46	0.753147235905857	1.0325993399039994	-1.229757974668007	0	1	No-PER3D	No-Essential3D
306	C	306	-44.817	-6.163	-30.142	2.4	0.796911196911197	0.8350191743024072	-0.9695097546186605	0	0.9999999999999999	No-PER3D	No-Essential3D
307	S	307	-46.265	-9.463	-31.481	0.46	0.853833425261997	1.451440240207492	-1.1104083009738603	0	1	No-PER3D	No-Essential3D
308	A	308	-42.861	-11.155	-31.946	0.46	0.86218487394958	1.1128534939041628	-0.9462261289811673	0	0.9999999999999999	No-PER3D	No-Essential3D
309	L	309	-41.464	-10.25	-28.487	3.57	0.88715953307393	1.5053201599127561	-1.0045229430073193	0	0.9999999999999999	No-PER3D	No-Essential3D
310	E	310	-39.983	-13.225	-26.592	0.07	0.88715953307393	1.0779457791410525	-0.8261955313662662	0	1	No-PER3D	No-Essential3D
311	E	311	-37.923	-11.552	-23.819	0.07	0.818916492068243	1.7192296967618037	-0.7504458529757378	0	0.9999999999999999	No-PER3D	No-Essential3D
312	L	312	-38.982	-8.363	-22.021	3.57	0.75234418091561	1.9030561912678985	-0.75951729661261	0	1	No-PER3D	No-Essential3D
313	N	313	-36.77	-6.946	-19.265	-0.32	0.757475083056478	1.87991887375054	-0.821673212356164	0	1	No-PER3D	No-Essential3D
314	L	314	-38.187	-4.205	-17	2.02	0.771794871794872	1.2943426045600377	-0.7763685250154488	0	1	No-PER3D	No-Essential3D
315	E	315	-36.492	-4.917	-13.585	0.07	0.771794871794872	1.512332799638824	-0.5705704265305216	0	1	No-PER3D	No-Essential3D
316	N	316	-35.104	-2.025	-11.388	0.46	0.771794871794872	0.6302950328265551	-0.7234253809250754	0	1	No-PER3D	No-Essential3D
317	N	317	-37.587	0.59	-12.596	2.79	0.718913270637409	0.48077666907437283	-0.8890734930146719	0	1	No-PER3D	No-Essential3D
318	N	318	-40.113	2.404	-10.344	-0.71	0.71616932685635	0.8648412694097132	-0.5521511822676904	0	1	No-PER3D	No-Essential3D
319	I	319	-43.272	0.79	-11.697	2.02	0.71616932685635	1.025575985678732	-0.3526233683760167	0	1	No-PER3D	No-Essential3D
320	S	320	-46.349	0.375	-9.403	0.07	0.584078331204768	1.3795267304157162	-0.27259821126711975	0	1	No-PER3D	No-Essential3D
321	T	321	-48.773	-0.904	-12.076	0.07	0.579636670891424	1.032198398796687	-0.26871956573256206	0	1	No-PER3D	No-Essential3D
322	L	322	-46.773	-2.336	-15.031	2.79	0.577441077441077	0.9958407778234016	-0.42363723814783283	0	0.9999999999999999	No-PER3D	No-Essential3D
323	P	323	-49.342	-5.079	-15.964	0.46	0.482742537313433	1.049059937756766	-0.5105513934174886	0	1	No-PER3D	No-Essential3D
324	E	324	-51.699	-2.761	-17.753	0.07	0.366137566137566	0.48754766197382043	-0.3345779986141284	0	1	No-PER3D	No-Essential3D
325	S	325	-54.488	-4.732	-19.505	-0.71	0.425925925925926	0.481982462330439	-0.5202460998573145	0	1	No-PER3D	No-Essential3D
326	L	326	-52.605	-4.456	-22.809	-0.71	0.365374402549124	0.5009375323157961	-0.5505977236554194	0	1	No-PER3D	No-Essential3D
327	L	327	-49.35	-6.259	-21.735	1.24	0.367803837953092	1.126862619188275	-0.4787577057709268	0	1	No-PER3D	No-Essential3D
328	S	328	-51.386	-9.503	-21.992	0.07	0.370569280343716	1.0242605748539328	-0.5815057178896818	0	1	No-PER3D	No-Essential3D
329	S	329	-51.387	-9.256	-25.832	0.46	0.370569280343716	0.731840050605255	-0.6342325851102713	0	1	No-PER3D	No-Essential3D
330	L	330	-47.684	-10.384	-25.966	1.24	0.370569280343716	0.9729941687610987	-0.8396135272575697	0	0.9999999999999999	No-PER3D	No-Essential3D
331	V	331	-48.678	-13.929	-27.108	-0.32	0.373045822102426	0.5796517160717837	-0.6269086957594735	0	1	No-PER3D	No-Essential3D
332	K	332	-45.083	-14.958	-27.934	0.07	0.375541125541126	1.2828703430094668	-0.8841534095905352	0	0.9999999999999999	No-PER3D	No-Essential3D
333	L	333	-43.565	-13.724	-24.628	2.79	0.43609022556390997	1.3148597122028283	-0.6677680630690925	0	1	No-PER3D	No-Essential3D
334	N	334	-41.365	-16.451	-23.115	1.24	0.21804511278195499	1.1294934408378734	-0.6515424429795753	0	0.9999999999999999	No-PER3D	No-Essential3D
335	S	335	-39.439	-14.486	-20.463	0.07	0.374531835205993	1.5353634508296845	-0.8404096786321219	0	1	No-PER3D	No-Essential3D
336	L	336	-40.619	-11.562	-18.393	2.79	0.377013963480129	1.5058913251393136	-0.7376276566937842	0	1	No-PER3D	No-Essential3D
337	T	337	-38.162	-9.887	-16.011	0.07	0.220754716981132	1.7198498190077802	-0.6641624131174765	0	1	No-PER3D	No-Essential3D
338	L	338	-39.735	-7.723	-13.351	2.79	0.221166032953105	1.3192667486771819	-0.4297826703022046	0	1	No-PER3D	No-Essential3D
339	A	339	-37.682	-7.9	-10.132	0.07	0.222860791826309	1.9379778190301173	-0.4754780523561481	0	1	No-PER3D	No-Essential3D
340	R	340	-37.158	-4.805	-7.902	0.46	0.223717948717949	1.168728098323713	-0.4428482934097062	0	1	No-PER3D	No-Essential3D
341	N	341	-40.003	-2.638	-9.114	2.02	0.222010178117048	1.0444850162852215	-0.26429112177012465	0	1	No-PER3D	No-Essential3D
342	C	342	-42.682	-1.617	-6.592	0.46	0.438993710691824	1.335684087625157	-0.24916420389787813	0	1	No-PER3D	No-Essential3D
343	F	343	-45.633	-3.759	-7.869	0.85	0.873907615480649	1.0528502069991792	-0.300127709520242	0	1	No-PER3D	No-Essential3D
344	Q	344	-48.869	-4.439	-6.007	1.24	0.867410161090458	0.9737888334241352	-0.1788448868484157	0	1	No-PER3D	No-Essential3D
345	L	345	-49.623	-7.28	-8.493	0.46	0.866666666666667	0.8481416810891435	-0.23050323742149353	0	1	No-PER3D	No-Essential3D
346	Y	346	-48.627	-8.512	-11.979	1.63	0.87719298245614	0.9512898901519109	-0.6172281492082352	0	1	No-PER3D	No-Essential3D
347	P	347	-51.732	-10.338	-13.315	0.07	0.873907615480649	0.4605365679904081	-0.32358926494653795	0	1	No-PER3D	No-Essential3D
348	V	348	-50.506	-10.84	-16.918	-0.71	0.744973544973545	0.773926288328533	-0.79884106445408265	0	1	No-PER3D	No-Essential3D
349	G	349	-48.334	-13.903	-16.215	0.07	0.646520146520147	0.5829908358578128	-1.0024683230279667	0	1	No-PER3D	No-Essential3D
350	G	350	-49.868	-17.394	-16.05	0.07	0.648897058823529	-0.1023887965866313	-1.083752075130813	0	1	No-PER3D	No-Essential3D
351	P	351	-53.441	-18.03	-17.35	1.24	0.648897058823529	-0.7500970867177857	-0.8141905830056262	0	1	No-PER3D	No-Essential3D
352	S	352	-54.268	-14.302	-17.788	0.07	0.585600530856005	-0.3713172318789239	-0.9116018476167769	0	1	No-PER3D	No-Essential3D
353	Q	353	-53.204	-14.31	-21.464	-0.32	0.5899064171123	0.12920929624052505	-0.9434189564650698	0	1	No-PER3D	No-Essential3D
354	F	354	-49.434	-15.121	-21.701	2.02	0.585600530856005	0.8154596597111882	-0.744351162731797	0	1	No-PER3D	No-Essential3D
355	S	355	-49.801	-18.642	-23.129	0.07	0.585600530856005	0.12920929624052505	-1.1174805242844452	0	1	No-PER3D	No-Essential3D
356	T	356	-46.093	-18.993	-24.019	0.46	0.5899064171123	0.8481416810891435	-0.7758316257508422	0	1	No-PER3D	No-Essential3D
357	I	357	-44.629	-17.629	-20.713	2.79	0.648897058823529	0.8368357486236644	-0.9932500180661199	0	1	No-PER3D	No-Essential3D
358	Y	358	-41.926	-19.911	-19.315	-0.32	0.648897058823529	0.3230960125118978	-1.3509202977892996	0	1	No-PER3D	No-Essential3D
359	S	359	-40.101	-17.551	-16.922	0.46	0.645985401459854	0.8778845814054377	-1.1487805699969083	0	1	No-PER3D	No-Essential3D
360	L	360	-41.637	-14.857	-14.732	3.57	0.645985401459854	1.0289302832819702	-0.798972326466632	0	1	No-PER3D	No-Essential3D
361	N	361	-39.255	-13.006	-12.413	0.07	0.646520146520147	1.118267089833121	-0.9616370351374314	0	1	No-PER3D	No-Essential3D
362	M	362	-41.196	-10.935	-9.837	2.4	0.646520146520147	0.900668332072437	-0.6317478861867908	0	1	No-PER3D	No-Essential3D
363	E	363	-38.642	-10.843	-6.967	0.07	0.646520146520147	0.9399983929807344	-0.9804905889176332	0	1	No-PER3D	No-Essential3D
364	H	364	-38.513	-7.882	-4.508	0.07	0.653703703703704	0.5827125758756437	-0.7954642683104343	0	1	No-PER3D	No-Essential3D
365	N	365	-41.872	-6.256	-5.339	2.4	0.725707257072571	0.8914465141564594	-0.5598868472750694	0	1	No-PER3D	No-Essential3D
366	R	366	-44.812	-5.363	-3.001	0.07	0.647810218978102	0.7370800835837589	-0.6061885183304854	0	1	No-PER3D	No-Essential3D
367	I	367	-47.236	-8.131	-4.05	3.18	0.647272727272727	0.4413874227095506	-0.68824217583519	0	1	No-PER3D	No-Essential3D
368	N	368	-49.902	-9.043	-1.447	0.07	0.642599277978339	0.39290448553856433	-0.09927519422217554	0	1	No-PER3D	No-Essential3D
369	K	369	-51.975	-11.361	-3.643	0.07	0.637992831541219	0.07875101169896066	0.08069192890343259	0	1	No-PER3D	No-Essential3D
370	I	370	-51.685	-12.909	-7.068	0.07	0.633928571428572	0.12813695045943857	0.07463289702972836	0	1	No-PER3D	No-Essential3D
371	P	371	-54.903	-13.164	-9.155	-0.71	0.632616487455197	-0.3155545823527846	-0.0830584780347309	0	1	No-PER3D	No-Essential3D
372	F	372	-56.874	-16.115	-10.365	-0.71	0.702907208283552	-1.1163282299865012	-0.5109247185070809	0	1	No-PER3D	No-Essential3D
373	G	373	-57.115	-18.96	-11.074	-0.71	0.563176895306859	-1.2630840952572937	-0.8533736137727227	0	1	No-PER3D	No-Essential3D
374	I	374	-55.988	-21.841	-8.983	-0.32	0.364389233954451	-0.4352816931769005	-1.490445374870531	0	1	No-PER3D	No-Essential3D
375	F	375	-52.167	-22.041	-9.302	-0.71	0.367049009384776	-0.2788730822471983	-1.4937490222596805	0	1	No-PER3D	No-Essential3D
376	S	376	-52.685	-25.839	-9.418	-0.71	0.366006256517205	0.00328253967224235	-1.2560537320062402	0	1	No-PER3D	No-Essential3D
377	R	377	-53.284	-25.385	-13.131	-0.71	0.317934782608696	-0.42127726578859126	-1.610804060229667	0	1	No-PER3D	No-Essential3D
378	A	378	-49.533	-24.688	-13.693	-0.32	0.316787003610108	-0.46697683019349223	-1.5474907511381477	0	1	No-PER3D	No-Essential3D
379	K	379	-48.762	-28.258	-14.918	-0.71	0.318840579710145	-0.3644844034278834	-1.4733149001266004	0	1	No-PER3D	No-Essential3D
380	V	380	-45.38	-27.272	-16.421	-0.71	0.318840579710145	-0.4964401262764958	-1.4231302627938198	0	1	No-PER3D	No-Essential3D
381	L	381	-44.102	-25.372	-13.338	0.07	0.315884476534296	0.15745182026925064	-1.1482213351601862	0	1	No-PER3D	No-Essential3D
382	S	382	-40.641	-26.682	-12.334	-0.71	0.212121212121212	-0.1528676869883028	-0.6602765202440523	0	1	No-PER3D	No-Essential3D
383	K	383	-39.54	-24.086	-9.752	-0.71	0.255474452554745	0.21641689245135426	-0.6147235106492812	0	1	No-PER3D	No-Essential3D
384	L	384	-41.49	-22.016	-7.253	-0.32	0.423913043478261	0.3608626087125004	-0.8664274130680645	0	1	No-PER3D	No-Essential3D
385	N	385	-39.552	-19.505	-5.176	-0.71	0.427007299270073	0.5202233341656743	-0.5652667171172168	0	1	No-PER3D	No-Essential3D
386	M	386	-41.624	-17.849	-2.423	-0.32	0.427350427350427	0.651250888035426	-0.4621346542065487	0	1	No-PER3D	No-Essential3D
387	K	387	-38.689	-16.945	-0.143	-0.32	0.424242424242424	0.45248690422051707	-0.23881478640989007	0	1	No-PER3D	No-Essential3D
388	D	388	-39.452	-13.977	2.164	-0.71	0.47554347826087	0.5145388802442207	-0.17309174306015807	0	1	No-PER3D	No-Essential3D
389	N	389	-43.24	-13.77	1.819	0.07	0.478021978021978	0.45248690422051707	-0.44580415649174204	0	1	No-PER3D	No-Essential3D
390	Q	390	-45.836	-13.788	4.615	-0.71	0.427696078431373	0.49440737544729274	-0.5595565520503983	0	1	No-PER3D	No-Essential3D
391	L	391	-47.655	-17.076	3.754	0.07	0.386346863468635	0.7219353202875701	-0.487290695433998	0	1	No-PER3D	No-Essential3D
392	T	392	-49.474	-18.8	6.67	-0.32	0.383516483516484	1.334133782010215	-0.34742117695828767	0	1	No-PER3D	No-Essential3D
393	S	393	-50.966	-21.7	4.702	0.07	0.383823529411765	1.3757898198377867	-0.6486786744561212	0	1	No-PER3D	No-Essential3D
394	L	394	-50.76	-23.308	1.277	2.4	0.383516483516484	0.7121034675842628	-1.0264601542393355	0	1	No-PER3D	No-Essential3D
395	P	395	-53.951	-24.275	-0.678	1.24	0.384926470588235	0.6106578283706234	-1.197729226911664	0	1	No-PER3D	No-Essential3D
396	L	396	-54.693	-28.03	-1.011	-0.32	0.385239852398524	0.5713834194587598	-0.7653274081055553	0	1	No-PER3D	No-Essential3D
397	D	397	-54.535	-27.7	-4.793	0.85	0.383823529411765	0.26392680990346595	-1.0502524123240198	0	1	No-PER3D	No-Essential3D
398	F	398	-50.676	-27.298	-4.675	2.4	0.466577540106952	0.5371766762129433	-0.9151428278303922	0	1	No-PER3D	No-Essential3D
399	G	399	-50.5	-31.169	-4.852	0.07	0.463536463536464	0.5638667861741927	-0.46961881504891756	0	1	No-PER3D	No-Essential3D
400	T	400	-51.542	-31.042	-8.522	0.07	0.463171864631719	0.0667876511583843	-0.8493608626844755	0	1	No-PER3D	No-Essential3D
401	W	401	-48.117	-29.591	-9.541	1.63	0.530717761557178	-0.029650688634059865	-1.037427678155369	0	1	No-PER3D	No-Essential3D
402	T	402	-47.063	-32.55	-11.663	1.24	0.531818181818182	-0.08996547213019383	-0.8937256812803547	0	1	No-PER3D	No-Essential3D
403	S	403	-43.617	-31.258	-12.686	-0.71	0.467532467532468	-0.034189804593192874	-0.8587048898129447	0	1	No-PER3D	No-Essential3D
404	M	404	-42.596	-29.246	-9.571	2.79	0.588235294117647	0.24953997379680437	-0.5403058589842773	0	1	No-PER3D	No-Essential3D
405	V	405	-38.906	-29.877	-8.755	0.07	0.586080586080586	0.24560540506371023	-0.16635758403183784	0	1	No-PER3D	No-Essential3D
406	E	406	-38.069	-27.04	-6.305	-0.32	0.590405904059041	0.5780691124231971	-0.11136256517539586	0	0.9999999999999999	No-PER3D	No-Essential3D
407	L	407	-40.344	-25.439	-3.71	2.4	0.597014925373134	0.8453647026812338	-0.2914571929554677	0	1	No-PER3D	No-Essential3D
408	N	408	-38.77	-22.634	-1.672	0.07	0.656716417910448	0.5644820589793407	-0.22225158723394212	0	1	No-PER3D	No-Essential3D
409	L	409	-40.923	-21.407	1.21	2.02	0.601503759398496	0.7065700690817006	-0.37993960001580596	0	0.9999999999999999	No-PER3D	No-Essential3D
410	A	410	-38.097	-20.08	3.44	0.46	0.727272727272727	0.5888595918453786	-0.2640104797595228	0	0.9999999999999999	No-PER3D	No-Essential3D
411	T	411	-38.854	-17.075	5.699	0.07	0.802272727272727	0.3159849240786882	-0.31492013951306724	0	1	No-PER3D	No-Essential3D
412	N	412	-42.667	-17.553	5.569	3.57	0.729338842975207	0.3316740961001445	-0.40915125927357576	0	1	No-PER3D	No-Essential3D
413	Q	413	-45.091	-17.912	8.528	-0.32	0.730742539902845	0.5799101003409408	-0.3944894329250654	0	1	No-PER3D	No-Essential3D
414	L	414	-46.505	-21.417	7.73	2.4	0.723855092276145	0.600292059455031	-0.2928646104280459	0	0.9999999999999999	No-PER3D	No-Essential3D
415	T	415	-48.259	-23.183	10.646	-0.32	0.607921928817451	1.4297359615983043	-0.15886787407842795	0	1	No-PER3D	No-Essential3D
416	K	416	-49.189	-26.291	8.654	-0.32	0.702487562189055	1.442195825244319	-0.22537256876811665	0	1	No-PER3D	No-Essential3D
417	I	417	-48.565	-28.048	5.315	2.79	0.707116104868914	1.0786240378475895	-0.11448768107503919	0	0.9999999999999999	No-PER3D	No-Essential3D
418	P	418	-51.573	-29.63	3.446	1.24	0.707769423558897	0.9399983929807341	-0.12064890857234041	0	1	No-PER3D	No-Essential3D
419	E	419	-51.714	-33.446	3.045	-0.32	0.664150943396226	0.6812166095634957	-0.01018489103747625	0	1	No-PER3D	No-Essential3D
420	D	420	-51.603	-32.922	-0.762	0.07	0.707769423558897	0.7930771223954634	-0.04346330315020064	0	1	No-PER3D	No-Essential3D
421	V	421	-47.884	-31.898	-0.492	2.02	0.796240601503759	1.2319858676034825	0.08386951598247627	0	1	No-PER3D	No-Essential3D
422	S	422	-47.469	-35.691	-0.931	0.46	0.886392009987516	1.14375625249534	0.23964987729455867	0	1	No-PER3D	No-Essential3D
423	G	423	-48.643	-35.533	-4.576	0.46	0.886392009987516	0.6729284372374597	0.19934349719032815	0	1	No-PER3D	No-Essential3D
424	L	424	-45.514	-33.606	-5.639	0.85	0.893081761006289	0.44066817760944116	-0.09139461609919265	0	1	No-PER3D	No-Essential3D
425	V	425	-43.914	-36.758	-7.142	0.46	0.932471264367816	0.5803751920254234	0.3589924257071437	0	1	No-PER3D	No-Essential3D
426	S	426	-41.158	-34.786	-8.952	0.85	0.925380228136882	0.4020500384202582	-0.013457522125448488	0	1	No-PER3D	No-Essential3D
427	L	427	-40.114	-32.672	-5.951	1.63	0.956443646160754	0.6492167116140521	0.10741116233827268	0	1	No-PER3D	No-Essential3D
428	E	428	-36.332	-32.823	-5.383	0.46	0.902408111533587	0.5105714314661971	0.2696502613899223	0	1	No-PER3D	No-Essential3D
429	V	429	-35.799	-29.724	-3.174	0.46	0.876740008980691	0.6848657904725131	0.122626892286936	0	1	No-PER3D	No-Essential3D
430	L	430	-38.066	-28.478	-0.353	2.02	0.828032230703986	0.8187795575905541	0.15455718273135793	0	1	No-PER3D	No-Essential3D
431	I	431	-37.059	-25.414	1.708	-0.32	0.853354760948172	0.7910240149594591	-0.10538570983636165	0	1	No-PER3D	No-Essential3D
432	L	432	-39.168	-24.599	4.788	1.63	0.820236586396282	0.77717747643757	-0.1917782393758863	0	1	No-PER3D	No-Essential3D
433	S	433	-36.569	-22.689	6.886	-0.32	0.824180502341422	1.1531708356842603	-0.1454607907730739	0	1	No-PER3D	No-Essential3D
434	N	434	-37.867	-20.201	9.518	0.07	0.808396946564885	0.5388739805030067	-0.23502212961657726	0	0.9999999999999999	No-PER3D	No-Essential3D
435	N	435	-41.512	-21.268	9.267	2.79	0.783020770316596	0.4572637005810863	-0.19080112217331877	0	0.9999999999999999	No-PER3D	No-Essential3D
436	L	436	-43.701	-21.877	12.353	0.07	0.777822418642025	0.6831992119364503	-0.1301614320876086	0	1	No-PER3D	No-Essential3D
437	L	437	-44.405	-25.577	11.597	2.4	0.777822418642025	0.9504331423120745	-0.08099966991242269	0	0.9999999999999999	No-PER3D	No-Essential3D
438	K	438	-45.257	-27.731	14.631	0.07	0.774864918951371	0.9733895908410231	-0.02062106204631523	0	1	No-PER3D	No-Essential3D
439	K	439	-45.718	-30.938	12.658	-0.32	0.769736842105263	0.7016090911138864	-0.02633808888731397	0	1	No-PER3D	No-Essential3D
440	L	440	-45.424	-32.391	9.173	1.24	0.772663598158895	0.8710152137648194	0.08660778800963294	0	0.9999999999999999	No-PER3D	No-Essential3D
441	P	441	-48.22	-34.447	7.516	3.57	0.742154368108567	0.38904362828596817	0.1896046278463604	0	1	No-PER3D	No-Essential3D
442	H	442	-47.465	-38.221	7.211	-0.71	0.742154368108567	0.3056351986307884	0.028028589075433697	0	1	No-PER3D	No-Essential3D
443	G	443	-47.955	-37.617	3.47	0.07	0.783565334530759	0.31093207614850676	0.2322785561885226	0	1	No-PER3D	No-Essential3D
444	L	444	-44.444	-36.032	3.382	-0.32	0.783565334530759	0.8210296024224475	0.3693809454058646	0	1	No-PER3D	No-Essential3D
445	G	445	-42.995	-39.594	3.025	0.07	0.777629233511586	0.5931877177850405	0.3423195820148445	0	0.9999999999999999	No-PER3D	No-Essential3D
446	N	446	-44.585	-39.969	-0.44	-0.32	0.875471698113208	0.4027501764399095	0.43197822021209	0	0.9999999999999999	No-PER3D	No-Essential3D
447	L	447	-42.04	-37.484	-1.895	1.24	0.747583243823845	0.7400222191285599	0.5367368545398931	0	1	No-PER3D	No-Essential3D
448	R	448	-40.017	-40.31	-3.452	0.46	0.747583243823845	0.37216914793871514	0.6727926035077982	0	1	No-PER3D	No-Essential3D
449	K	449	-37.61	-38.061	-5.432	0.46	0.785660377358491	0.6250560690243374	0.6395082550445583	0	1	No-PER3D	No-Essential3D
450	L	450	-36.892	-35.648	-2.53	3.18	0.84177897574124	0.7635351876218467	0.5170821937983155	0	1	No-PER3D	No-Essential3D
451	R	451	-33.141	-35.107	-2.166	-0.32	0.80046269519953706	0.5852169157151654	0.4024322359025482	0	1	No-PER3D	No-Essential3D
452	E	452	-33.004	-31.982	0.016	0.07	0.755930087390762	0.9450070726597776	0.2580127605319762	0	1	No-PER3D	No-Essential3D
453	L	453	-35.294	-31.067	2.93	3.18	0.647940074906367	0.9009601543058378	0.26865716462470995	0	1	No-PER3D	No-Essential3D
454	D	454	-34.707	-27.927	4.992	0.07	0.642592592592593	1.0768770078459031	0.1604221063505971	0	1	No-PER3D	No-Essential3D
455	L	455	-36.757	-27.546	8.174	1.24	0.643122676579926	0.9096680549243051	0.031235402342030736	0	1	No-PER3D	No-Essential3D
456	E	456	-34.364	-25.187	10.057	0.46	0.538847117794486	1.0659309106252521	-0.05260557857648346	0	0.9999999999999999	No-PER3D	No-Essential3D
457	E	457	-35.831	-22.803	12.701	0.07	0.497397339502603	0.8535390413782006	0.032397078928832576	0	1	No-PER3D	No-Essential3D
458	N	458	-39.324	-24.301	12.861	1.24	0.494093921060213	0.5517766131521407	8.780664937977781e-5	0	1	No-PER3D	No-Essential3D
459	K	459	-40.942	-25.523	16.09	0.07	0.538847117794486	0.5374905311872697	-0.06182038310734296	0	0.9999999999999999	No-PER3D	No-Essential3D
460	L	460	-41.221	-29.225	15.183	2.02	0.538389513108614	0.6316515502396295	-0.15959288770146554	0	1	No-PER3D	No-Essential3D
461	E	461	-41.97	-31.401	18.218	-0.32	0.582967218654951	0.6085907542173673	-0.30706241602257395	0	1	No-PER3D	No-Essential3D
462	S	462	-41.701	-34.669	16.221	0.07	0.50962962962963	0.7726751005028267	-0.34888536901257716	0	1	No-PER3D	No-Essential3D
463	L	463	-41.068	-36.146	12.763	-0.32	0.511940298507463	0.5119717075054995	-0.24733611597791813	0	1	No-PER3D	No-Essential3D
464	P	464	-43.519	-38.641	11.171	0.07	0.511940298507463	0.09636977904053655	-0.17897840342457855	0	0.9999999999999999	No-PER3D	No-Essential3D
465	N	465	-42.352	-42.296	10.905	-0.32	0.479944029850746	-0.031168696215357252	-0.1640335438862803	0	1	No-PER3D	No-Essential3D
466	E	466	-42.982	-41.938	7.15	0.07	0.479553903345725	0.1669558677347645	-0.0610648163742152	0	1	No-PER3D	No-Essential3D
467	I	467	-39.762	-39.821	6.884	0.85	0.572617561381606	0.6426974777460911	-0.04626657531227995	0	1	No-PER3D	No-Essential3D
468	A	468	-38.144	-43.273	6.313	0.46	0.513857677902622	0.1669558677347645	-0.13476012719898103	0	1	No-PER3D	No-Essential3D
469	Y	469	-39.776	-43.66	2.861	0.07	0.468899521531101	0.05315853344588089	0.11312452236461878	0	1	No-PER3D	No-Essential3D
470	L	470	-37.647	-40.746	1.501	1.24	0.538847117794486	0.24635382846402706	0.26520593649449575	0	1	No-PER3D	No-Essential3D
471	K	471	-35.062	-43.102	-0.086	0.07	0.647940074906367	0.1745051820336124	0.14847860187127773	0	1	No-PER3D	No-Essential3D
472	D	472	-33.406	-40.472	-2.324	-0.71	0.644981412639405	0.6812529043437786	0.39960617182614655	0	1	No-PER3D	No-Essential3D
473	L	473	-32.93	-37.985	0.609	1.63	0.649253731343284	0.6710990766118281	0.26888072926340767	0	1	No-PER3D	No-Essential3D
474	Q	474	-29.324	-36.745	0.89	0.46	0.651119402985075	0.6574253810880399	0.177319128834765	0	1	No-PER3D	No-Essential3D
475	K	475	-29.624	-33.637	3.077	-0.32	0.601033295063146	0.8907463761368083	0.11818986900030086	0	1	No-PER3D	No-Essential3D
476	L	476	-31.972	-33.167	6.02	1.24	0.556027615507169	0.7994075369898098	-0.013604535434393281	0	1	No-PER3D	No-Essential3D
477	V	477	-31.686	-29.959	8.059	0.07	0.466417910447761	0.7650424291919291	-0.023184460357389882	0	1	No-PER3D	No-Essential3D
478	L	478	-33.468	-30.1	11.432	2.02	0.521933085501859	0.5674274671999423	-0.2803347390476417	0	0.9999999999999999	No-PER3D	No-Essential3D
479	T	479	-31.469	-27.349	13.234	0.46	0.620964175143742	0.9318702724489535	-0.3896403309306905	0	1	No-PER3D	No-Essential3D
480	N	480	-33.322	-25.184	15.818	0.07	0.625083240843507	0.6933407945008625	-0.2674643621751228	0	1	No-PER3D	No-Essential3D
481	N	481	-36.375	-27.449	16.41	0.85	0.63098311817279	0.4429951470509721	-0.24334735868561003	0	0.9999999999999999	No-PER3D	No-Essential3D
482	Q	482	-37.859	-29.031	19.584	0.07	0.635781468881329	0.47639196632504216	-0.3686218429434812	0	1	No-PER3D	No-Essential3D
483	L	483	-37.251	-32.681	18.583	1.24	0.631578947368421	0.400426991192885	-0.49825184040095166	0	1	No-PER3D	No-Essential3D
484	T	484	-36.918	-34.765	21.779	0.46	0.663533834586466	0.6147919766771354	-0.5226259270822449	0	1	No-PER3D	No-Essential3D
485	T	485	-36.804	-37.993	19.769	-0.32	0.666037735849057	0.35682112235078944	-0.5521528966417998	0	1	No-PER3D	No-Essential3D
486	L	486	-36.382	-39.242	16.195	2.02	0.635781468881329	0.31920037276153074	-0.6449823979269412	0	1	No-PER3D	No-Essential3D
487	P	487	-38.393	-42.148	14.68	1.63	0.67557251908397	-0.15105899710420378	-0.7030399227126277	0	1	No-PER3D	No-Essential3D
488	R	488	-36.559	-45.524	14.442	-0.71	0.712592261239097	-0.12284343491225981	-0.6910014747436241	0	1	No-PER3D	No-Essential3D
