Uniprot_position	aminoacid	Position_in_structure	x	y	z	paraz	mtr	paraz3dscore	mtr3dscore	PER3D_OR	PER3D_pvalue	PER3D	Essential3D
42	P	42	215.228	309.151	39.408	-1.51	0.77956204379562	-1.8885110970275294	0.15796544561427556	1.2092997921327349	0.9999999999999999	No-PER3D	No-Essential3D
43	D	43	214.563	308.144	36.714	-1.51	0.752208989627353	-0.7721990491228269	0.22670479061215076	1	1	No-PER3D	No-Essential3D
44	R	44	211.971	305.969	35.058	1.48	0.754964333911702	0.2049230997801668	0.11298753669754878	1.2212536548810962	0.7506099819661307	No-PER3D	No-Essential3D
45	D	45	208.942	306.337	32.829	-0.61	0.760536026412896	-0.14241155534691727	0.5594913666066914	1.4137326717795937	0.5490617317586802	No-PER3D	No-Essential3D
46	T	46	205.599	305.516	34.484	-0.31	0.760536026412896	0.21365751395675373	0.13127141981840204	3.0697671204957446	0.03706809049407231	PER3D	No-Essential3D
47	W	47	202.215	304.251	33.296	1.48	0.727222222222222	1.0444555806244213	0.37506202001124206	4.654996027892146	0.00482953310663319	PER3D	No-Essential3D
48	K	48	199.77	306.754	31.751	-0.61	0.720479704797048	0.7714954327014393	0.9059316818317528	2.834055271458577	0.09119600444208575	No-PER3D	No-Essential3D
49	G	49	197.343	305.908	34.565	-0.61	0.691396387648087	0.4815128820387531	0.7824591338032432	1.788324760984558	0.46887856392542365	No-PER3D	No-Essential3D
50	R	50	196.465	302.682	36.378	0.28	0.613660848954967	0.772350902073467	0.29087281584179986	1.552326713636753	0.4962105059147661	No-PER3D	No-Essential3D
51	F	51	194.002	301.175	33.847	-0.61	0.581196581196581	1.3367613361518547	0.7828430138363731	1.1344505925526964	1	No-PER3D	No-Essential3D
52	D	52	196.865	300.77	31.308	0.88	0.577940577940578	1.0404377501031916	0.654020211602221	3.4040930609868534	0.04578618173318999	PER3D	No-Essential3D
53	F	53	198.865	298.673	33.85	0.88	0.577940577940578	0.7857767390415279	-0.06408215911566797	2.3258884018392862	0.1358129297722871	No-PER3D	No-Essential3D
54	L	54	195.831	296.557	34.783	0.88	0.611937082525318	0.8994108099650594	0.05691250573411883	0.8923086893635929	1	No-PER3D	No-Essential3D
55	M	55	194.82	295.973	31.141	0.88	0.577940577940578	1.0366831962258027	0.43298846467450847	1	1	No-PER3D	No-Essential3D
56	S	56	198.476	295.158	30.255	0.88	0.535444947209653	0.9757060361500416	0.08275702217927225	2.955460149010064	0.0580759719783427	No-PER3D	No-Essential3D
57	C	57	198.578	292.576	33.085	-0.31	0.534993559467583	0.7971014503302368	-0.49805154480806363	2.460425016324794	0.11576207421504184	No-PER3D	No-Essential3D
58	V	58	195.051	291.284	32.274	0.28	0.61025641025641	1.107146491773137	-0.36114780665333823	2.2965286146047452	0.17620274668636102	No-PER3D	No-Essential3D
59	G	59	195.905	291.045	28.526	1.48	0.467032967032967	1.2691477192942529	-0.4152401353209281	4.02734518263954	0.02916183504865438	PER3D	Essential3D
60	Y	60	199.137	289.225	29.314	-0.91	0.467436974789916	1.1490121795125408	-0.6878715796623109	5.51018711841957	0.02397375788913409	PER3D	Essential3D
61	A	61	197.515	286.636	31.611	-0.01	0.494444444444445	1.0753581536457337	-1.068626808965674	4.107571316801893	0.043868431988194935	PER3D	Essential3D
62	I	62	194.402	286.289	29.444	0.88	0.467436974789916	1.431761687853465	-0.7086559760536818	2.460425016324794	0.11576207421504184	No-PER3D	No-Essential3D
63	G	63	195.131	284.3	26.302	-0.31	0.469161834475488	1.8830863876011539	-1.2017893840311351	10.256480775100142	0.0033112191757235466	PER3D	Essential3D
64	L	64	194.106	281.272	24.342	1.48	0.376719576719577	1.9072970857700466	-1.2975196227222805	24.757801242344186	2.567569311324227e-4	PER3D	Essential3D
65	G	65	194.966	279.095	27.41	1.18	0.37532946758039	1.712419904778907	-1.369264337446284	4.02734518263954	0.02916183504865438	PER3D	Essential3D
66	N	66	191.906	280.493	29.202	1.48	0.219330855018587	1.8184561340147016	-1.0136205225848713	2.541772601760739	0.22877273697549502	No-PER3D	No-Essential3D
67	V	67	189.752	279.213	26.31	1.48	0.217712177121771	1.9260469615357867	-0.8822702113242558	4.02734518263954	0.02916183504865438	PER3D	Essential3D
68	W	68	191.478	276.015	25.203	1.48	0.220570012391574	1.7258655393740758	-1.0701431977193068	6.0870447864214094	0.005656419427337355	PER3D	Essential3D
69	R	69	192.685	274.272	28.369	1.48	0.307405281285878	1.5207917101969102	-1.2971183332752023	4.8368064032473015	0.01100592781011983	PER3D	Essential3D
70	F	70	190.675	275.321	31.45	1.48	0.266417910447761	1.9855951780880905	-1.019532626470845	4.713651593996501	0.0073315180118450046	PER3D	Essential3D
71	P	71	187.176	274.283	30.116	1.48	0.241297735721528	2.0086853028736775	-0.7516556697991531	4.654996027892146	0.00482953310663319	PER3D	Essential3D
72	Y	72	188.629	270.941	28.948	1.48	0.361946603582291	1.881057180267199	-0.8285650720499246	5.343284884888559	0.001716317077889436	PER3D	Essential3D
73	L	73	190.185	270.352	32.382	-0.31	0.364657814096016	1.882458749053675	-1.0826945656014506	4.8368064032473015	0.01100592781011983	PER3D	Essential3D
74	C	74	186.82	270.968	34.089	0.28	0.367409948542024	1.6220332754081934	-0.9301230953406331	4.010016402090001	0.012738106082877414	PER3D	Essential3D
75	G	75	185.124	268.435	31.72	-0.01	0.367409948542024	1.2770662188634943	-0.7408886977875165	2.834055271458577	0.09119600444208575	No-PER3D	No-Essential3D
76	K	76	187.92	265.854	32.199	-0.31	0.454198473282443	0.7135101927807427	-0.9976273597572568	2.955460149010064	0.0580759719783427	No-PER3D	No-Essential3D
77	N	77	188.37	266.397	35.956	1.48	0.454198473282443	0.9641351668711841	-1.0344039888383534	2.460425016324794	0.11576207421504184	No-PER3D	No-Essential3D
78	G	78	184.715	266.025	37.048	1.48	0.494987901832008	0.8973862425868987	-0.9053110259214606	2.460425016324794	0.11576207421504184	No-PER3D	No-Essential3D
79	G	79	183.177	269.438	36.402	1.48	0.455470737913486	1.3868640261559104	-0.7460309480858037	1.757520066383169	0.34124877151068783	No-PER3D	No-Essential3D
80	G	80	182.535	271.872	39.251	1.48	0.457215836526181	0.862702752637168	-0.8008374765138997	1.757520066383169	0.34124877151068783	No-PER3D	No-Essential3D
81	A	81	184.364	269.511	41.585	0.58	0.456743002544529	0.8267486897888854	-0.908852801049065	1.757520066383169	0.34124877151068783	No-PER3D	No-Essential3D
82	F	82	187.605	270.511	39.749	1.48	0.453738910012674	0.9026410440787851	-1.0666454804097527	1.4137326717795937	0.5490617317586802	No-PER3D	No-Essential3D
83	L	83	187.078	274.014	41.175	0.58	0.420434527304756	1.4437317812256272	-0.9720610620628536	1.552326713636753	0.4962105059147661	No-PER3D	No-Essential3D
84	I	84	188.042	272.699	44.676	0.28	0.422045387562629	1.0130900477076588	-0.9873582615485728	1.368474796771172	0.7381238328656367	No-PER3D	No-Essential3D
85	P	85	191.683	271.702	43.764	1.48	0.420434527304756	0.9361229650890353	-1.1173263988710533	2.1026705536659334	0.26911608195660325	No-PER3D	No-Essential3D
86	Y	86	191.849	274.579	41.226	1.48	0.452471482889734	1.5284984260504977	-1.1722927552770814	1.368474796771172	0.7381238328656367	No-PER3D	No-Essential3D
87	F	87	190.91	277.098	43.961	-0.61	0.418508694370763	1.1192147006647435	-0.9956137746232367	1.2092997921327349	0.9999999999999999	No-PER3D	No-Essential3D
88	L	88	193.21	275.541	46.604	0.58	0.388615216201423	1.0125807918226635	-1.032794252444062	2.0432172148380996	0.5993463367751791	No-PER3D	No-Essential3D
89	T	89	196.136	275.454	44.148	-0.31	0.392307692307692	1.0645943360765127	-1.228461941360627	1.5369992905020853	0.6916893933905545	No-PER3D	No-Essential3D
90	L	90	195.122	279.018	43.078	-0.01	0.422485207100592	1.158435088568788	-1.1979187540718417	1	1	No-PER3D	No-Essential3D
91	I	91	195.28	280.373	46.67	-0.01	0.395348837209302	0.8065665318465959	-0.8287365556465663	1	1	No-PER3D	No-Essential3D
92	F	92	198.391	278.55	48.004	-0.61	0.34593023255814	0.7017495180172858	-0.7928654635700019	1	1	No-PER3D	No-Essential3D
93	A	93	200.476	278.312	44.824	0.28	0.380969225327202	0.5468026280087405	-0.9828607565319611	1.3071310441427926	0.711614228511573	No-PER3D	No-Essential3D
94	G	94	199.359	280.559	41.995	1.48	0.380969225327202	0.9719017135309059	-1.1398532497975018	3.2634251058237536	0.12230150738067676	No-PER3D	No-Essential3D
95	V	95	198.336	283.875	43.517	0.58	0.383522727272727	0.7945299110182986	-1.080051123506581	1.1344505925526964	1	No-PER3D	No-Essential3D
96	P	96	201.324	284.128	46.009	1.48	0.321460640526788	0.10122055130837967	-0.7062599078552237	1	1	No-PER3D	No-Essential3D
97	L	97	203.674	283.547	43.11	0.88	0.321460640526788	0.39633487498867725	-1.044416267824431	1.5369992905020853	0.6916893933905545	No-PER3D	No-Essential3D
98	F	98	201.878	286.049	40.843	1.48	0.302024746906637	0.7091899449084524	-1.3014977102188157	2.1026705536659334	0.26911608195660325	No-PER3D	No-Essential3D
99	L	99	201.806	288.535	43.769	0.28	0.302024746906637	0.6735773561975502	-0.9506614551748075	2.2965286146047452	0.17620274668636102	No-PER3D	No-Essential3D
100	L	100	205.568	288.082	44.306	0.88	0.201349831271091	0.4965203813851913	-0.8402705349014691	2.2965286146047452	0.17620274668636102	No-PER3D	No-Essential3D
101	E	101	206.766	289.256	40.823	1.48	0.198781838316722	0.7957205265831692	-1.9320896184043914	8.30908252831987	0.011059671193252513	PER3D	Essential3D
102	C	102	204.322	292.217	40.72	-0.01	0.197252747252747	0.9177344814865803	-1.7239505304102831	2.1026705536659334	0.26911608195660325	No-PER3D	No-Essential3D
103	S	103	205.509	293.444	44.156	-0.31	0.106326106326106	0.3852124997045104	-0.9380988859912752	1.368474796771172	0.7381238328656367	No-PER3D	No-Essential3D
104	L	104	209.155	292.627	43.325	0.58	0.196703296703297	0.6372467402761718	-1.4774865006142617	1.788324760984558	0.46887856392542365	No-PER3D	No-Essential3D
105	G	105	209.098	294.491	39.972	1.48	0.184298584298584	0.8885538358315097	-1.8469861504737355	3.1990651005660786	0.10809980836516271	No-PER3D	No-Essential3D
106	Q	106	207.407	297.585	41.416	1.48	0.184298584298584	0.7925227260895189	-1.271658200586169	3.3316514462371583	0.0745906944101931	No-PER3D	No-Essential3D
107	Y	107	209.738	297.769	44.46	0.88	0.0992829564258136	0.40021642821737424	-1.2911567193433093	1.788324760984558	0.46887856392542365	No-PER3D	No-Essential3D
108	T	108	213.128	297.52	42.677	-0.91	0.100055586436909	0.7207970108586724	-1.6549206115062245	2.460425016324794	0.11576207421504184	No-PER3D	No-Essential3D
109	S	109	211.986	299.733	39.779	-0.31	0.0930232558139535	0.546597037265695	-1.5525492762484256	2.834055271458577	0.09119600444208575	No-PER3D	No-Essential3D
110	I	110	213.927	297.842	37.063	-0.91	0.0996677740863787	0.3652481244437402	-1.0236127253231257	2.2965286146047452	0.17620274668636102	No-PER3D	No-Essential3D
111	G	111	213.667	295.149	34.326	1.48	0.0930232558139535	0.4142514229426065	-1.1950741955000734	2.7000401507381135	0.1438987796165474	No-PER3D	No-Essential3D
112	G	112	214.219	291.441	34.882	-0.01	0.087890625	0.28202190692147316	-1.6184676849179074	3.1990651005660786	0.10809980836516271	No-PER3D	No-Essential3D
113	L	113	218.01	291.3	34.571	0.28	0.0887896825396825	0.06065528097658151	-1.5029783964794146	0.5911996571151802	1	No-PER3D	No-Essential3D
114	G	114	218.865	294.322	36.763	0.28	0.0939632545931759	0.15287494966122323	-1.3407568855741883	0.4887085792959174	0.680984163994393	No-PER3D	No-Essential3D
115	V	115	216.056	293.301	39.136	0.28	0.174509803921569	0.47466768929887976	-1.7821083610924626	1.788324760984558	0.46887856392542365	No-PER3D	No-Essential3D
116	W	116	218.062	290.433	40.618	1.48	0.175196850393701	-0.003974972609870615	-1.3757663018507025	0.5801702145410622	0.7314090593493711	No-PER3D	No-Essential3D
117	K	117	220.844	292.829	41.543	-0.01	0.163602941176471	-0.0834781223028366	-1.2862663615090184	0.25514968060212445	0.29661540322943614	No-PER3D	No-Essential3D
118	L	118	219.284	292.477	45.037	0.28	0.173151750972763	-0.1336616133229053	-1.0160664519364104	0.25514968060212445	0.29661540322943614	No-PER3D	No-Essential3D
119	A	119	220.858	288.998	44.985	-0.31	0.185098039215686	-0.42352455759326335	-0.23320428728095177	0.23175085593693154	0.18721952337516304	No-PER3D	No-Essential3D
120	P	120	223.781	289.46	42.498	1.48	0.183333333333333	-0.568207345190008	0.015052000900066989	0.2119443627932272	0.19169245228476942	No-PER3D	No-Essential3D
121	M	121	224.771	285.779	42.775	-0.01	0.170542635658915	-0.6063558497328756	0.3804011030280733	0.3995971282984017	0.36073004298272854	No-PER3D	No-Essential3D
122	F	122	221.408	284.795	41.27	0.58	0.171692607003891	-0.15241148908864527	-0.4492539249666214	0.5227623125710432	0.5198936935870007	No-PER3D	No-Essential3D
123	K	123	221.397	287.596	38.629	-0.61	0.172178988326848	-0.3617851018060747	-0.8426604283038325	0.5227623125710432	0.5198936935870007	No-PER3D	No-Essential3D
124	G	124	221.445	284.656	36.141	1.48	0.161422708618331	-0.29768079682320703	-1.1233442063226602	0.8502816519317359	1	No-PER3D	No-Essential3D
125	V	125	217.735	284.095	36.936	0.28	0.160799454917102	0.021415484156235544	-1.0929944118231512	1.3071310441427926	0.711614228511573	No-PER3D	No-Essential3D
126	G	126	216.987	287.252	34.921	1.48	0.159276018099548	0.11681749626556943	-1.2731246919062174	0.8502816519317359	1	No-PER3D	No-Essential3D
127	L	127	219.118	286.261	31.978	-0.31	0.255550193050193	-0.036787255199915554	-1.1143011560325973	1.2092997921327349	0.9999999999999999	No-PER3D	No-Essential3D
128	A	128	217.252	282.956	32.114	0.28	0.240950226244344	-0.14893928987276747	-0.6289893258925704	3.1382578720657577	0.16551917615038864	No-PER3D	No-Essential3D
129	A	129	213.747	284.494	32.43	-0.31	0.254567307692308	-0.13846068866770775	-1.0632630141670527	4.292368091176813	0.06603678312714849	No-PER3D	No-Essential3D
130	A	130	214.453	287.023	29.654	-0.31	0.253125	-0.059991888683047626	-0.9998260438776875	2.0432172148380996	0.5993463367751791	No-PER3D	No-Essential3D
131	V	131	215.85	284.492	27.129	0.58	0.272093023255814	-0.25508938018674493	-0.603874497228841	1.5224997742926363	0.640207703753075	No-PER3D	No-Essential3D
132	L	132	213.012	282.149	27.973	0.88	0.270542635658915	-0.46966482179156394	-0.6197714081441877	1.5224997742926363	0.640207703753075	No-PER3D	No-Essential3D
133	S	133	210.578	284.857	26.749	-0.91	0.287637362637363	-0.0676898282212277	-0.9663309371986297	4.732109791093586	0.10007023337194124	No-PER3D	No-Essential3D
134	F	134	212.943	285.318	23.756	-0.61	0.267432950191571	-0.38678493616039455	-0.5037209982019656	1.5087628401081303	1	No-PER3D	No-Essential3D
135	W	135	212.506	281.615	22.791	-0.31	0.189570885388376	-0.43365962557474447	-0.4296536663991414	2.0432172148380996	0.5993463367751791	No-PER3D	No-Essential3D
136	L	136	208.693	281.855	23.233	0.58	0.204153261187482	-0.3551540481816057	-0.7159161404785052	1.5224997742926363	0.640207703753075	No-PER3D	No-Essential3D
137	N	137	207.936	284.469	20.608	0.28	0.206106870229008	-0.003801362649076804	-0.49823442950434926	1	1	No-PER3D	No-Essential3D
138	I	138	209.69	282.453	17.909	-0.61	0.207486000589449	-0.22350476803374256	-0.37013245798103006	0.4887085792959174	0.680984163994393	No-PER3D	No-Essential3D
139	Y	139	206.588	280.133	17.98	0.88	0.207486000589449	-0.03834974484706055	-0.5896958251612388	2.541772601760739	0.22877273697549502	No-PER3D	No-Essential3D
140	Y	140	203.725	281.797	19.97	1.48	0.22477650063857	0.060477725334860476	-0.7962657204716738	2.541772601760739	0.22877273697549502	No-PER3D	No-Essential3D
141	I	141	203.08	284.515	17.382	-0.01	0.308279506752789	0.22687521349282624	-0.4782013962625623	2.2965286146047452	0.17620274668636102	No-PER3D	No-Essential3D
142	V	142	202.233	281.8	14.778	-0.01	0.383516483516484	0.16076578366519959	-0.2238528108589042	1.368474796771172	0.7381238328656367	No-PER3D	No-Essential3D
143	I	143	199.008	281.112	16.704	0.88	0.447876447876448	0.7649435437462611	-0.7471852745408686	4.02734518263954	0.02916183504865438	PER3D	Essential3D
144	I	144	198.029	284.773	16.156	0.88	0.479867622724766	0.8133559213847856	-0.6796046172604726	3.2634251058237536	0.12230150738067676	No-PER3D	No-Essential3D
145	S	145	199.072	284.381	12.485	0.28	0.416666666666667	0.48323770827261436	-0.038559735636647476	2.1026705536659334	0.26911608195660325	No-PER3D	No-Essential3D
146	W	146	196.768	281.329	12.217	0.28	0.352851711026616	0.20696112975470382	0.011035362267306337	3.3316514462371583	0.0745906944101931	No-PER3D	No-Essential3D
147	A	147	193.96	283.44	13.745	-0.01	0.352851711026616	0.8978864298215032	-0.7154610874900754	3.3316514462371583	0.0745906944101931	No-PER3D	No-Essential3D
148	I	148	194.744	286.208	11.179	-0.31	0.374458874458874	0.475709349063643	-0.34171848758395457	2.1026705536659334	0.26911608195660325	No-PER3D	No-Essential3D
149	Y	149	194.681	283.659	8.348	0.28	0.3468671679198	-0.07302012323371028	0.21807580489940387	0.8502816519317359	1	No-PER3D	No-Essential3D
150	Y	150	191.275	282.25	9.387	1.48	0.459088898717382	0.6382082723667227	-0.17971670510139953	6.471322818688661	0.0346212905934936	PER3D	Essential3D
151	L	151	190.023	285.859	9.804	0.58	0.430348258706468	0.5602854015768464	-0.7973203815449833	4.732109791093586	0.10007023337194124	No-PER3D	No-Essential3D
152	Y	152	190.826	286.89	6.194	-0.61	0.502072968490879	0.21564162779439822	-0.16537202704321144	1.5224997742926363	0.640207703753075	No-PER3D	No-Essential3D
153	N	153	189.628	283.487	4.995	-0.61	0.526143790849673	0.009624474318983906	0.25304187932248906	0.744747799831568	0.9999999999999999	No-PER3D	No-Essential3D
154	S	154	186.228	283.993	6.711	0.28	0.521468441391155	-0.015558947580083478	-0.6152169733900782	1	1	No-PER3D	No-Essential3D
155	F	155	185.185	286.992	4.557	0.58	0.558134191176471	-0.00806720740001229	-0.4746923498444909	0	0.5735651445328865	No-PER3D	No-Essential3D
156	T	156	182.581	284.929	2.682	-0.01	0.559294871794872	-0.16227984475482418	-0.27185066500204336	0	0.5726360925601913	No-PER3D	No-Essential3D
157	T	157	178.994	283.651	3.059	-1.51	0.670459424645771	-0.4068740887665446	-0.45348169640227304	0	0.33224389462529874	No-PER3D	No-Essential3D
158	T	158	180.223	280.123	2.289	-0.61	0.633211678832117	-0.5408017728075442	-0.3506056090996129	0	0.33224389462529874	No-PER3D	No-Essential3D
159	L	159	182.849	279.148	4.87	1.48	0.707201086956522	-0.3582924778889271	-0.20362888957273564	0	0.33224389462529874	No-PER3D	No-Essential3D
160	P	160	185.334	276.708	3.214	1.48	0.711277173913044	-0.5604444998002241	0.8743006904116354	0.8502816519317359	1	No-PER3D	No-Essential3D
161	W	161	185.909	274.346	6.134	1.48	0.710206834532374	-0.6306691897799831	0.8819891433399211	0.8041211910665754	1	No-PER3D	No-Essential3D
162	K	162	182.363	273.029	6.072	-1.21	0.712770758122744	-0.5690753949939774	0.8081534087024342	1.3071310441427926	0.711614228511573	No-PER3D	No-Essential3D
163	Q	163	182.552	270.785	3.036	-1.21	0.712770758122744	-0.9202635442570432	1.6546646426160359	1	1	No-PER3D	No-Essential3D
164	C	164	184.306	267.536	2.087	1.48	0.77158273381295	-1.5887859004283662	2.2084858516085437	0.6502598723078287	0.7320250936169181	No-PER3D	No-Essential3D
165	D	165	184.187	268.061	-1.701	-1.81	0.811134453781513	-0.9492812091325931	2.1938108047676472	1	1	No-PER3D	No-Essential3D
166	N	166	186.989	270.656	-1.869	-0.61	0.835714285714286	-0.4820968046362394	2.0498604932433007	1.2092997921327349	0.9999999999999999	No-PER3D	No-Essential3D
167	P	167	190.392	270.238	-3.713	-1.21	0.793407005057127	-0.47226231097479726	2.1139027821474876	1.2092997921327349	0.9999999999999999	No-PER3D	No-Essential3D
168	W	168	192.318	269.615	-0.483	1.48	0.793407005057127	-0.9625022753776662	1.9706723241177726	0.7378534247014206	1	No-PER3D	No-Essential3D
169	N	169	189.986	266.892	0.799	0.88	0.796240601503759	-1.4461529169247018	2.107769402948515	0.7378534247014206	1	No-PER3D	No-Essential3D
170	T	170	190.452	263.103	1.003	0.28	0.800751879699248	-1.8281816356516531	2.1981500882614173	0.7378534247014206	1	No-PER3D	No-Essential3D
171	D	171	187.965	260.195	0.652	-1.51	0.800149840794156	-1.4787915895539527	2.359413833703913	1	1	No-PER3D	No-Essential3D
172	R	172	188.136	259.743	4.442	-1.21	0.7660406885759	-1.967875650533307	2.3888820639134996	0.8502816519317359	1	No-PER3D	No-Essential3D
173	C	173	186.681	263.232	5.109	1.48	0.734778121775026	-2.2266164956736274	2.3163944436281616	0.474889414738838	0.5198659465889994	No-PER3D	No-Essential3D
174	F	174	183.727	263.233	7.49	-1.21	0.75	-2.3610662096658617	2.0847498830120608	0.5227623125710432	0.5198936935870007	No-PER3D	No-Essential3D
175	S	175	181.316	266.236	7.999	-0.31	0.75	-1.680972789609921	1.2646295037786266	1	1	No-PER3D	No-Essential3D
176	N	176	182.559	269.527	9.535	-0.91	0.865384615384615	-0.7141265172372713	0.9152318432408985	1.3071310441427926	0.711614228511573	No-PER3D	No-Essential3D
177	Y	177	181.295	269.047	13.076	-1.51	0.856338783168052	-0.8135182197917723	0.3974283964586694	1.5685550502890364	0.5301983815207042	No-PER3D	No-Essential3D
178	S	178	181.869	265.294	12.786	-1.21	0.850412563215331	-1.4768074757163083	0.8095515149113771	1.1751779910847848	0.7757771745288223	No-PER3D	No-Essential3D
179	M	179	184.911	264.892	15.036	-1.51	0.784729064039409	-1.524197271607739	0.8333933513477809	1.4137326717795937	0.5490617317586802	No-PER3D	No-Essential3D
180	V	180	184.975	261.102	14.899	-1.21	0.82780612244898	-2.431491215786346	1.4183356296531104	0.4343572719077817	0.35957779198127593	No-PER3D	No-Essential3D
181	N	181	186.736	258.606	17.226	-1.21	0.774052478134111	-2.826004885314527	1.4157263630718917	0.3175624915094388	0.45294093044922634	No-PER3D	No-Essential3D
182	T	182	188.695	256.987	14.312	-1.21	0.861985472154964	-3.469056180095089	2.144035092708437	0.3175624915094388	0.45294093044922634	No-PER3D	No-Essential3D
183	T	183	192.255	258.39	13.697	-1.21	0.840659340659341	-3.3633277139716116	1.8798835442290682	0.36039310231478167	0.45189225491654117	No-PER3D	No-Essential3D
184	N	184	192.286	257.811	9.929	-0.91	0.848788198103267	-3.138502814743526	2.0925155590138185	0.36039310231478167	0.45189225491654117	No-PER3D	No-Essential3D
185	M	185	189.055	259.71	9.209	-1.21	0.848254134943555	-2.3167993220468874	2.370356969530015	0.6502598723078287	0.7320250936169181	No-PER3D	No-Essential3D
186	T	186	189.353	263.447	9.815	-0.91	0.788160469667319	-2.0215397294858466	1.9407711839713369	1.10059696167505	1	No-PER3D	No-Essential3D
187	S	187	186.519	266.008	9.964	0.58	0.771551724137931	-1.671151426113581	1.502679050836355	1.10059696167505	1	No-PER3D	No-Essential3D
188	A	188	186.034	268.671	7.232	0.28	0.705418719211823	-1.2187153995061326	1.5424669583615878	0.8041211910665754	1	No-PER3D	No-Essential3D
189	V	189	187.419	271.365	9.539	-0.01	0.707389162561576	-0.3874951587272787	1.0667076290356576	1.788324760984558	0.46887856392542365	No-PER3D	No-Essential3D
190	V	190	190.458	269.19	10.451	-0.91	0.668884748469524	-1.0369164980376822	1.401904366788009	1.368474796771172	0.7381238328656367	No-PER3D	No-Essential3D
191	E	191	191.245	268.782	6.734	0.58	0.745328719723183	-1.5430272750476917	1.7568614161640432	1	1	No-PER3D	No-Essential3D
192	F	192	190.823	272.503	6.017	0.88	0.74375	-0.6620234970805515	1.3916395545717852	1.788324760984558	0.46887856392542365	No-PER3D	No-Essential3D
193	W	193	193.397	273.286	8.726	0.88	0.74375	-0.42521373559017694	0.7897010212439726	2.0432172148380996	0.5993463367751791	No-PER3D	No-Essential3D
194	E	194	195.884	270.449	8.032	-0.61	0.751048951048951	-0.10200859724525825	1.2777220979061317	2.339050583302266	0.36756509704151624	No-PER3D	No-Essential3D
195	R	195	195.597	270.156	4.24	-0.91	0.678764897074756	-0.3519293978779294	1.9190580419271148	1.2092997921327349	0.9999999999999999	No-PER3D	No-Essential3D
196	N	196	194.814	273.775	3.202	-1.21	0.717794486215539	-0.6881222252526438	1.4628353887333385	0	0.33224389462529874	No-PER3D	No-Essential3D
197	M	197	195.946	276.261	5.892	0.28	0.681163359608589	-0.1417207704502848	0.8959246524003035	1.858143025080979	0.41342855350717567	No-PER3D	No-Essential3D
198	H	198	199	274.344	7.238	-0.31	0.687397708674304	-0.1836612820315451	1.048809969489761	1	1	No-PER3D	No-Essential3D
199	Q	199	199.747	271.811	4.429	-0.91	0.692307692307692	-0.5732420340530309	1.5851181468513402	0.4887085792959174	0.680984163994393	No-PER3D	No-Essential3D
200	M	200	201.553	269.481	6.865	-0.31	0.697288323187604	-0.7738359430388836	1.2232444840218446	0.36039310231478167	0.45189225491654117	No-PER3D	No-Essential3D
201	T	201	204.71	267.473	5.904	0.88	0.697288323187604	-0.964906105604043	1.1542135744238873	0.4887085792959174	0.680984163994393	No-PER3D	No-Essential3D
202	D	202	206.541	264.226	6.851	-1.51	0.56543321299639	-0.9819514472092612	0.7171709682364454	0.744747799831568	0.9999999999999999	No-PER3D	No-Essential3D
203	G	203	208.372	265.446	9.981	-0.31	0.56339928057554	-0.6297790157681163	0.47689650866321237	0.4887085792959174	0.680984163994393	No-PER3D	No-Essential3D
204	L	204	210.601	268.159	11.447	0.88	0.600959232613909	-0.5531441280034795	0.49367487356898027	0.4887085792959174	0.680984163994393	No-PER3D	No-Essential3D
205	D	205	213.504	267.212	9.123	-1.21	0.648550724637681	-0.30297867326807215	0.7585165765455981	0.744747799831568	0.9999999999999999	No-PER3D	No-Essential3D
206	K	206	211.333	268.115	6.127	-1.51	0.711288711288711	-0.6664705829993489	1.1289051348503973	0.744747799831568	0.9999999999999999	No-PER3D	No-Essential3D
207	P	207	209.754	271.563	6.639	-0.61	0.706115702479339	-0.9600984451512892	1.1796649149277572	0.5911996571151802	1	No-PER3D	No-Essential3D
208	G	208	208.882	271.706	2.911	1.48	0.706702057067021	-1.001155865417807	1.226268233923894	0.5911996571151802	1	No-PER3D	No-Essential3D
209	Q	209	207.93	274.866	1.057	-1.21	0.704132231404959	-0.9791105569417249	1.4338069863293244	0	0.5726360925601913	No-PER3D	No-Essential3D
210	I	210	207.4	278.29	2.602	-0.01	0.730848861283644	-0.9274063540725631	1.3663010468484396	0	0.5726360925601913	No-PER3D	No-Essential3D
211	R	211	203.705	279.27	2.615	-0.91	0.705976734857601	-0.7496297542196214	1.3207596381336626	1	1	No-PER3D	No-Essential3D
212	W	212	203.856	282.977	1.714	0.28	0.710547504025765	-0.8541113851701251	1.1873590373810845	3.081010672932229	0.2603316986618694	No-PER3D	No-Essential3D
213	P	213	200.171	283.599	2.873	-0.91	0.682052382996994	-0.889675122593358	0.9565271996734191	1.5224997742926363	0.640207703753075	No-PER3D	No-Essential3D
214	L	214	201.269	282.303	6.337	0.88	0.688429217840983	-0.6379851948167824	0.7154612457579824	0.8502816519317359	1	No-PER3D	No-Essential3D
215	A	215	204.378	284.561	6.001	-0.31	0.686489980607628	-0.5604444998002241	0.826760912764375	0.6502598723078287	0.7320250936169181	No-PER3D	No-Essential3D
216	I	216	202.123	287.601	5.387	0.28	0.686489980607628	-0.44240956759875644	0.7505087691755692	1	1	No-PER3D	No-Essential3D
217	T	217	199.992	286.855	8.478	0.58	0.735416666666667	-0.13954392728862763	0.4191623612613424	0.8502816519317359	1	No-PER3D	No-Essential3D
218	L	218	203.177	286.59	10.596	1.18	0.750533049040512	-0.12041765345662866	0.22016576110710537	1	1	No-PER3D	No-Essential3D
219	A	219	204.515	289.893	9.192	-0.01	0.756176154672395	-0.3281915743924573	0.7443454581121456	0.7378534247014206	1	No-PER3D	No-Essential3D
220	I	220	201.14	291.612	9.866	0.28	0.761185983827493	-0.05196572605789554	0.40032493510411676	1.2092997921327349	0.9999999999999999	No-PER3D	No-Essential3D
221	A	221	201.281	290.296	13.452	-0.31	0.765539803707743	0.18204575430022948	-0.14931381120350845	2.541772601760739	0.22877273697549502	No-PER3D	No-Essential3D
222	W	222	204.836	291.675	13.948	-0.01	0.613636363636364	-0.20529575406893744	0.3892432744374109	1.3071310441427926	0.711614228511573	No-PER3D	No-Essential3D
223	I	223	203.753	295.014	12.34	-0.01	0.619526627218935	-0.06741205228395748	0.8542703230261782	1.2092997921327349	0.9999999999999999	No-PER3D	No-Essential3D
224	L	224	200.889	295.177	14.871	0.88	0.619526627218935	0.48612594671127635	0.2479008049470902	2.541772601760739	0.22877273697549502	No-PER3D	No-Essential3D
225	V	225	203.332	294.283	17.68	0.58	0.668582375478927	0.42825326815268117	0.41510495046723184	2.7000401507381135	0.1438987796165474	No-PER3D	No-Essential3D
226	Y	226	205.901	296.855	16.416	-0.01	0.66988416988417	-0.13770570417433944	1.144780483893784	1.5369992905020853	0.6916893933905545	No-PER3D	No-Essential3D
227	F	227	203.66	299.935	16.31	-0.01	0.629457364341085	0.08258695384196216	1.307724458554444	3.1990651005660786	0.10809980836516271	No-PER3D	No-Essential3D
228	C	228	202.268	298.89	19.712	0.28	0.625839793281654	0.6752345421869465	0.7713262124765242	4.107571316801893	0.043868431988194935	PER3D	No-Essential3D
229	I	229	205.614	298.465	21.593	0.88	0.667953667953668	0.24524212610975618	1.1058422797456944	8.30908252831987	0.011059671193252513	PER3D	No-Essential3D
230	W	230	206.924	301.386	19.476	-0.31	0.664750957854406	0.08300361774786745	1.436645450411599	4.292368091176813	0.06603678312714849	No-PER3D	No-Essential3D
231	K	231	207.179	304.217	22.009	0.88	0.714543114543115	-0.49255346612097894	1.7771878437498392	2.1026705536659334	0.26911608195660325	No-PER3D	No-Essential3D
232	G	232	206.971	301.916	25.053	1.48	0.667307692307692	0.37554553905192706	1.3064144700056894	2.834055271458577	0.09119600444208575	No-PER3D	No-Essential3D
233	V	233	204.308	301.835	27.772	-0.01	0.767032967032967	1.1328364052808795	0.8737650483336399	5.471641207184151	0.002600753449691647	PER3D	No-Essential3D
234	G	234	202.946	305.263	26.72	-0.61	0.769994484280199	0.8202383162591146	1.158866413026695	5.06812850367586	0.01634069925520873	PER3D	No-Essential3D
235	W	235	201.577	303.599	23.608	-0.01	0.761177753544166	0.9064757256303866	1.1136721882490512	5.51018711841957	0.02397375788913409	PER3D	No-Essential3D
236	T	236	201.559	299.881	24.689	0.88	0.734427609427609	1.0600804770958714	0.5397722564442569	5.51018711841957	0.02397375788913409	PER3D	No-Essential3D
237	G	237	199.329	300.824	27.671	1.48	0.568712656165128	1.0607214984895719	0.6716375024438304	2.834055271458577	0.09119600444208575	No-PER3D	No-Essential3D
238	K	238	196.913	302.523	25.307	1.48	0.569247546346783	1.0428930909772767	0.938434446941629	3.3316514462371583	0.0745906944101931	No-PER3D	No-Essential3D
239	V	239	196.689	299.622	22.806	0.88	0.567083107007061	0.9600811396785915	0.6601906818593792	4.107571316801893	0.043868431988194935	PER3D	No-Essential3D
240	V	240	195.856	297.04	25.529	1.48	0.567083107007061	1.1560734308025231	0.21198956058612106	4.107571316801893	0.043868431988194935	PER3D	No-Essential3D
241	Y	241	192.532	298.929	25.909	1.18	0.571428571428571	1.2783826020827007	0.5341675514032876	2.1026705536659334	0.26911608195660325	No-PER3D	No-Essential3D
242	F	242	191.444	297.338	22.6	0.28	0.740740740740741	1.4952069043490779	0.22234356069614564	3.1382578720657577	0.16551917615038864	No-PER3D	No-Essential3D
243	S	243	193.315	294.005	22.908	0.88	0.747863247863248	1.2995019676430124	-0.14310423304578007	4.292368091176813	0.06603678312714849	No-PER3D	No-Essential3D
244	A	244	192.357	293.213	26.522	1.48	0.750750750750751	1.2572259099660792	-0.17823844127929642	2.541772601760739	0.22877273697549502	No-PER3D	No-Essential3D
245	T	245	188.727	294.553	26.363	-0.01	0.732167832167832	1.4486195693525938	0.13725051564485038	1.5224997742926363	0.640207703753075	No-PER3D	No-Essential3D
246	Y	246	187.726	293.245	22.901	0.28	0.666666666666667	1.6038268743023303	-0.38073346263476743	3.1382578720657577	0.16551917615038864	No-PER3D	No-Essential3D
247	P	247	187.801	289.483	23.892	1.48	0.618921308576481	1.6501680306664355	-0.48847750134924867	3.2634251058237536	0.12230150738067676	No-PER3D	No-Essential3D
248	Y	248	185.206	290.245	26.582	0.88	0.538461538461538	1.3056145645043709	-0.17969694875101502	2.339050583302266	0.36756509704151624	No-PER3D	No-Essential3D
249	I	249	182.881	291.962	24.057	-0.01	0.542084942084942	1.1387731375066286	-0.09295319028841503	2.0432172148380996	0.5993463367751791	No-PER3D	No-Essential3D
250	M	250	183.164	288.837	21.831	0.58	0.50625	1.1490504758274218	-0.4556220541538252	1	1	No-PER3D	No-Essential3D
251	L	251	182.848	286.421	24.808	1.48	0.478310243016125	1.5916647927245526	-0.5749949351771808	1.3071310441427926	0.711614228511573	No-PER3D	No-Essential3D
252	I	252	179.545	288.174	25.771	-0.61	0.453024453024453	1.3996615604087173	-0.40716804632549575	1.2092997921327349	0.9999999999999999	No-PER3D	No-Essential3D
253	I	253	178.211	287.827	22.191	0.28	0.479672950261186	1.1975795660446311	-0.6330453907406717	1	1	No-PER3D	No-Essential3D
254	L	254	179.262	284.168	21.869	1.48	0.453024453024453	1.4669688067472708	-0.8213336733798504	0.7378534247014206	1	No-PER3D	No-Essential3D
255	F	255	178.005	283.426	25.42	0.58	0.449553001277139	1.664243140658603	-0.40136146157907937	0.7378534247014206	1	No-PER3D	No-Essential3D
256	F	256	174.567	284.869	24.499	0.28	0.397395599461159	1.2225794003989512	-0.5342731510229322	0.4887085792959174	0.680984163994393	No-PER3D	No-Essential3D
257	R	257	174.612	283.193	21.079	0.58	0.397395599461159	1.236587928269906	-0.9156971820450235	0.41540632972704644	0.680270482034649	No-PER3D	No-Essential3D
258	G	258	175.649	279.766	22.42	1.48	0.357575757575758	1.4396387730023368	-0.4668788333094309	0.8502816519317359	1	No-PER3D	No-Essential3D
259	V	259	173.186	279.67	25.327	0.28	0.361323155216285	1.2689153002798026	-0.28767781755716	0.5911996571151802	1	No-PER3D	No-Essential3D
260	T	260	170.312	280.306	22.865	-0.01	0.361323155216285	1.3366411446405357	-0.49481322079953316	0	0.3377274546959255	No-PER3D	No-Essential3D
261	L	261	171.292	277.181	20.858	1.48	0.336174242424242	0.7479731700786585	-0.555026741237269	0.36039310231478167	0.45189225491654117	No-PER3D	No-Essential3D
262	P	262	169.365	273.852	21.207	-0.31	0.540909090909091	0.5242144624576225	-0.2854944561821353	0.41540632972704644	0.680270482034649	No-PER3D	No-Essential3D
263	G	263	171.476	271.493	23.414	1.48	0.569941965179107	0.11379045079531694	-0.16589760476032892	1	1	No-PER3D	No-Essential3D
264	A	264	173.368	274.38	25.041	1.48	0.540377358490566	0.9530499362664392	-0.18600661740338864	0.8502816519317359	1	No-PER3D	No-Essential3D
265	K	265	172.284	273.205	28.522	-1.21	0.573576799140709	0.9123135990373019	-0.11506367063999466	1.2092997921327349	0.9999999999999999	No-PER3D	No-Essential3D
266	E	266	173.559	269.648	27.753	-0.91	0.549571183533448	0.7700361025962152	-0.10269196718335279	1.5224997742926363	0.640207703753075	No-PER3D	No-Essential3D
267	G	267	176.99	271.136	27.061	1.48	0.52467024914509	0.9141932858308598	-0.2784641339558958	3.3316514462371583	0.0745906944101931	No-PER3D	No-Essential3D
268	I	268	176.918	272.973	30.389	0.88	0.52467024914509	1.1552721540603972	-0.3571809738202649	3.4040930609868534	0.04578618173318999	PER3D	Essential3D
269	L	269	176.105	269.635	32.103	-1.21	0.527601367855398	1.1172560241839922	-0.20612566894891704	8.30908252831987	0.011059671193252513	PER3D	Essential3D
270	F	270	179.236	268.03	30.587	-0.01	0.529584831644328	0.9643574271339358	-0.36198658182589133	3.3316514462371583	0.0745906944101931	No-PER3D	No-Essential3D
271	Y	271	181.294	271.125	31.603	0.88	0.532114624505929	0.9242182820631686	-0.47262764825034936	2.6059453949347406	0.12255351027281042	No-PER3D	No-Essential3D
272	I	272	180.151	271.677	35.218	1.18	0.528113762667538	0.8973862425868987	-0.5805114915739408	3.1990651005660786	0.10809980836516271	No-PER3D	No-Essential3D
273	T	273	178.402	268.506	36.522	-0.61	0.392166042446941	0.37741454580688505	-0.5156879695475536	6.471322818688661	0.0346212905934936	PER3D	Essential3D
274	P	274	180.392	267.55	39.636	-0.61	0.390702736318408	0.5255731491073137	-0.702762096155061	2.7000401507381135	0.1438987796165474	No-PER3D	No-Essential3D
275	N	275	182.14	264.249	40.274	-0.31	0.38998127340824	0.3038354878776935	-0.7832320717638187	1.9936075307334047	0.31335253965547566	No-PER3D	No-Essential3D
276	F	276	183.953	264.629	43.632	0.28	0.365351629502573	0.834189116680052	-0.8916065533485755	1.3071310441427926	0.711614228511573	No-PER3D	No-Essential3D
277	R	277	185.602	261.24	42.985	-1.21	0.368129968890425	0.500709183417963	-0.9207322043896367	1.1344505925526964	1	No-PER3D	No-Essential3D
278	K	278	188.226	263.314	41.148	0.58	0.412379688018586	0.6600831274267525	-1.0058831936397912	1.9936075307334047	0.31335253965547566	No-PER3D	No-Essential3D
279	L	279	189.167	265.133	44.388	1.18	0.430694780504666	0.9413312639128516	-0.9838928938707489	1.788324760984558	0.46887856392542365	No-PER3D	No-Essential3D
280	S	280	190.964	261.971	45.597	-1.51	0.396310432569975	0.443070676434392	-0.9794469097300715	0.41540632972704644	0.680270482034649	No-PER3D	No-Essential3D
281	D	281	192.877	261.541	42.31	-0.01	0.396310432569975	0.7192932614238261	-1.032598148862624	1	1	No-PER3D	No-Essential3D
282	S	282	196.575	262.727	42.218	-0.01	0.379011406844107	0.3406407995659978	-0.9793894009533421	1.5369992905020853	0.6916893933905545	No-PER3D	No-Essential3D
283	E	283	196.395	263.605	38.479	-0.91	0.396310432569975	0.047106419700638856	-0.9605194852935461	1.3071310441427926	0.711614228511573	No-PER3D	No-Essential3D
284	V	284	193.494	266.039	39.109	1.48	0.394803548795944	0.5341369922326408	-1.040117579799985	2.460425016324794	0.11576207421504184	No-PER3D	No-Essential3D
285	W	285	195.451	267.968	41.786	1.48	0.411968920482724	0.45383449400361303	-1.0238860726394254	1.1344505925526964	1	No-PER3D	No-Essential3D
286	L	286	198.419	268.068	39.389	-0.61	0.381526717557252	0.3207996611895535	-0.9605936505603776	1.2092997921327349	0.9999999999999999	No-PER3D	No-Essential3D
287	D	287	196.29	269.332	36.434	0.88	0.3692897141173	1.1216872117547312	-1.2814931674513268	1.5224997742926363	0.640207703753075	No-PER3D	No-Essential3D
288	A	288	194.906	271.954	38.841	1.48	0.352908041120969	1.1448182877270838	-1.3160460296523515	1.3071310441427926	0.711614228511573	No-PER3D	No-Essential3D
289	A	289	198.372	273.014	40.12	1.18	0.327981047644117	0.5576128761488716	-1.1496218562300882	1.3071310441427926	0.711614228511573	No-PER3D	No-Essential3D
290	T	290	199.929	273.022	36.624	-0.31	0.314646464646465	0.6094077875193472	-1.0602908188225812	2.339050583302266	0.36756509704151624	No-PER3D	No-Essential3D
291	Q	291	197.025	274.941	35	1.48	0.306820980054174	1.4918083857531657	-1.4414338968431644	4.107571316801893	0.043868431988194935	PER3D	Essential3D
292	I	292	197.053	277.571	37.778	0.88	0.316414141414141	1.2261305132333715	-1.3423777808384505	4.107571316801893	0.043868431988194935	PER3D	Essential3D
293	F	293	200.827	278.023	37.46	0.58	0.108075471698113	0.5559171509504195	-1.076727537929399	2.1026705536659334	0.26911608195660325	No-PER3D	No-Essential3D
294	F	294	200.918	278.414	33.648	0.88	0.107265917602996	0.9672457263533052	-1.280284177994381	6.799463650865327	0.008058018609885425	PER3D	Essential3D
295	S	295	197.699	280.489	33.386	1.48	0.16635687732342	1.3239676175025819	-1.2437923305558785	5.51018711841957	0.02397375788913409	PER3D	Essential3D
296	Y	296	199.396	283.176	35.453	0.28	0.214531835205993	0.8934592406811753	-1.300766233511138	4.107571316801893	0.043868431988194935	PER3D	Essential3D
297	G	297	202.479	284.651	33.842	0.58	0.223899371069182	0.5548542328231101	-1.2645569071801432	8.30908252831987	0.011059671193252513	PER3D	Essential3D
298	L	298	205.167	284.343	36.493	-0.31	0.232755802549853	0.20455729952832682	-1.4269990080491417	4.732109791093586	0.10007023337194124	No-PER3D	No-Essential3D
299	G	299	208.898	283.949	35.563	0.88	0.232535417684416	0.16989029694989108	-1.4431739350371557	5.51018711841957	0.02397375788913409	PER3D	Essential3D
300	L	300	208.869	285.319	32.079	-0.01	0.266417910447761	-0.007736521760404874	-1.2976167962079113	12.98854090761209	0.014132925897631793	PER3D	No-Essential3D
301	G	301	209.852	288.619	33.762	1.48	0.26542750929368	0.29098179945967045	-1.3996325954595628	6.471322818688661	0.0346212905934936	PER3D	Essential3D
302	S	302	206.725	290.15	32.227	-0.01	0.266417910447761	0.6110638443790664	-1.341367127731853	8.30908252831987	0.011059671193252513	PER3D	Essential3D
303	L	303	205.04	290.956	35.574	0.88	0.266417910447761	0.7711935023348411	-1.2705351314102402	4.107571316801893	0.043868431988194935	PER3D	Essential3D
304	I	304	208.463	292.195	36.826	-0.01	0.30274762550882	0.7219316759595754	-1.8013325608287627	6.471322818688661	0.0346212905934936	PER3D	Essential3D
305	A	305	208.788	294.429	33.761	0.28	0.287700016162922	0.4714480136623385	-1.0777417769863993	4.02734518263954	0.02916183504865438	PER3D	Essential3D
306	L	306	205.158	295.705	33.781	0.58	0.319405204460967	0.8027708612415031	-0.631492296994314	3.4040930609868534	0.04578618173318999	PER3D	Essential3D
307	G	307	205.067	296.351	37.547	0.58	0.341230936819172	0.9751320603612944	-1.1257844062006073	1.9936075307334047	0.31335253965547566	No-PER3D	No-Essential3D
308	S	308	208.393	298.191	37.361	1.48	0.393225939694341	0.718009572881884	-1.0953494272127158	2.2965286146047452	0.17620274668636102	No-PER3D	No-Essential3D
309	Y	309	206.672	301.143	35.66	1.48	0.369185185185185	0.632384447318273	-0.4820033138022973	2.4699268367509806	0.08837223334010078	No-PER3D	No-Essential3D
310	N	310	204.229	301.452	38.593	1.48	0.384567901234568	0.6178959069538378	-0.7306714714324506	2.955460149010064	0.0580759719783427	No-PER3D	No-Essential3D
311	S	311	204.382	304.342	41.079	-0.31	0.41644385026738	0.24198244943209166	-0.4031157973737111	1.9361873596839416	0.2322669862887075	No-PER3D	No-Essential3D
312	F	312	206.324	303.122	44.164	0.88	0.434306569343066	0.3007105085834035	-0.6396451264349722	3.2634251058237536	0.12230150738067676	No-PER3D	No-Essential3D
313	H	313	203.384	303.723	46.539	-0.61	0.451541501976285	0.5296492090563876	-0.3891205353036218	1.5369992905020853	0.6916893933905545	No-PER3D	No-Essential3D
314	N	314	200.886	302.001	44.195	0.28	0.435897435897436	0.8344771332048713	-0.21631409252632053	1.552326713636753	0.4962105059147661	No-PER3D	No-Essential3D
315	N	315	198.832	299.221	45.869	1.48	0.439506172839506	0.20487781022517723	0.016931560043506176	1.2212536548810962	0.7506099819661307	No-PER3D	No-Essential3D
316	V	316	200.166	296.177	44.018	-0.31	0.418102189781022	0.8356772020582854	-0.5778398948158189	1.4137326717795937	0.5490617317586802	No-PER3D	No-Essential3D
317	Y	317	198.381	293.841	46.492	0.88	0.525547445255475	0.2455638151547566	-0.0560504504101114	2.1026705536659334	0.26911608195660325	No-PER3D	No-Essential3D
318	R	318	194.937	295.031	45.314	-0.31	0.523636363636364	0.03196228927446432	-0.059780021055267966	0.36039310231478167	0.45189225491654117	No-PER3D	No-Essential3D
319	D	319	196.123	294.916	41.674	1.48	0.54786939679026	0.6155758465686829	-0.4082512994875877	1.368474796771172	0.7381238328656367	No-PER3D	No-Essential3D
320	S	320	197.451	291.315	42.035	0.28	0.569784172661871	0.8562623831238465	-0.9877118856796274	2.7000401507381135	0.1438987796165474	No-PER3D	No-Essential3D
321	I	321	194.171	290.126	43.644	0.28	0.565714285714286	0.5943508043399632	-0.6538150408995359	0.36039310231478167	0.45189225491654117	No-PER3D	No-Essential3D
322	I	322	192.01	291.94	41.021	0.28	0.617142857142857	0.46607399623958223	0.07060462152472816	0	0.19347090925084573	No-PER3D	No-Essential3D
323	V	323	194.158	290.809	38.058	-0.01	0.617142857142857	0.6913329203696524	-0.31378592167400143	1	1	No-PER3D	No-Essential3D
324	C	324	194.233	287.19	39.375	0.28	0.610600706713781	0.6536729134897474	-0.7292122728065847	0.6502598723078287	0.7320250936169181	No-PER3D	No-Essential3D
325	C	325	190.457	287.047	39.848	-0.61	0.606315789473684	0.6455742949889776	-0.35333127094146605	0.36039310231478167	0.45189225491654117	No-PER3D	No-Essential3D
326	I	326	189.792	288.394	36.317	-0.31	0.582995951417004	0.8246653702593589	0.024764819274673146	0.7378534247014206	1	No-PER3D	No-Essential3D
327	N	327	192.105	285.677	34.837	1.48	0.55191637630662	1.293799858733932	-0.6987246622963238	1.757520066383169	0.34124877151068783	No-PER3D	No-Essential3D
328	S	328	190.246	282.786	36.522	0.28	0.53068882337175	1.1887958404606809	-0.8657803489780128	1.2212536548810962	0.7506099819661307	No-PER3D	No-Essential3D
329	C	329	186.811	284.374	35.834	0.28	0.514619883040936	1.357995169818184	-0.4293947542623037	0.8502816519317359	1	No-PER3D	No-Essential3D
330	T	330	187.56	284.767	32.073	1.48	0.514245014245014	1.6033334565190211	-0.3849831090207124	1.5369992905020853	0.6916893933905545	No-PER3D	No-Essential3D
331	S	331	188.464	281.067	31.868	1.48	0.516049382716049	1.9694494517342593	-0.8114500654213527	1.858143025080979	0.41342855350717567	No-PER3D	No-Essential3D
332	M	332	185.225	280.194	33.705	0.28	0.524137931034483	2.0722359328464464	-0.672407966924194	3.2634251058237536	0.12230150738067676	No-PER3D	No-Essential3D
333	F	333	183.134	282.386	31.335	-0.61	0.508450704225352	1.915756625677822	-0.4496830474305581	1.2092997921327349	0.9999999999999999	No-PER3D	No-Essential3D
334	A	334	184.953	281.074	28.214	0.58	0.495538778311599	1.9854819542006166	-0.6688413826364135	2.1026705536659334	0.26911608195660325	No-PER3D	No-Essential3D
335	G	335	184.02	277.565	29.401	1.48	0.520057624113475	1.8237982428873514	-0.6778797508608413	4.713651593996501	0.0073315180118450046	PER3D	Essential3D
336	F	336	180.343	278.455	29.048	1.48	0.540668202764977	1.4562088047815835	-0.5384350813796863	2.955460149010064	0.0580759719783427	No-PER3D	No-Essential3D
337	V	337	181.07	279.906	25.556	0.58	0.515714285714286	1.8550156861481157	-0.5795812369927779	1.552326713636753	0.4962105059147661	No-PER3D	No-Essential3D
338	I	338	182.861	276.718	24.438	0.88	0.536453201970443	1.6779335261383497	-0.774129971011089	3.4040930609868534	0.04578618173318999	PER3D	Essential3D
339	F	339	180.756	274.031	26.117	1.48	0.539275488609486	1.3857033195608888	-0.5678256393353596	2.955460149010064	0.0580759719783427	No-PER3D	No-Essential3D
340	S	340	177.399	275.585	25.194	0.88	0.543197492163009	1.3071824983663143	-0.3813567542043719	1.368474796771172	0.7381238328656367	No-PER3D	No-Essential3D
341	I	341	178.425	275.244	21.513	0.28	0.543197492163009	0.8207963482759523	-0.5049809948367667	1.2212536548810962	0.7506099819661307	No-PER3D	No-Essential3D
342	V	342	179.923	271.787	22.257	0.88	0.527007299270073	0.1504711194348462	-0.30878956118916456	1.5685550502890364	0.5301983815207042	No-PER3D	No-Essential3D
343	G	343	176.517	270.554	23.603	1.48	0.530882352941176	0.21572631558015137	-0.19051676901749176	1.1344505925526964	1	No-PER3D	No-Essential3D
344	F	344	174.741	271.971	20.546	0.28	0.540713507625272	0.10139780481344426	-0.4137553537944495	0.8923086893635929	1	No-PER3D	No-Essential3D
345	M	345	177.036	269.783	18.418	1.48	0.561003099464638	-0.3428864175025114	-0.18274319689819832	0.5801702145410622	0.7314090593493711	No-PER3D	No-Essential3D
346	A	346	176.319	266.665	20.481	0.58	0.545715457154572	-0.6675866470330238	0.1450583592422836	1	1	No-PER3D	No-Essential3D
347	H	347	172.529	267.311	20.307	-1.21	0.568803418803419	-0.15501563850055355	-0.018183130935615462	0.5911996571151802	1	No-PER3D	No-Essential3D
348	V	348	171.839	268.801	16.831	-1.21	0.484925373134328	-0.42714925204497367	-0.08244048827070694	0.41540632972704644	0.680270482034649	No-PER3D	No-Essential3D
349	T	349	174.814	267.649	14.819	-1.21	0.484460966542751	-0.7874519242497185	-0.07806758743683166	0.3175624915094388	0.45294093044922634	No-PER3D	No-Essential3D
350	K	350	174.903	264.026	16.21	-0.61	0.468078228543721	-1.3214378341798558	0.5639910009094024	0.41540632972704644	0.680270482034649	No-PER3D	No-Essential3D
351	R	351	178.412	263.662	17.586	-0.91	0.489354511659344	-1.4336529997475418	0.49335000269954987	0.5227623125710432	0.5198936935870007	No-PER3D	No-Essential3D
352	S	352	179.929	262.081	20.694	-1.51	0.493020088525707	-1.713651144515925	0.48693226041025617	0.8041211910665754	1	No-PER3D	No-Essential3D
353	I	353	180.803	264.639	23.378	0.88	0.457070707070707	-0.9319202130532043	0.1693384760770929	1	1	No-PER3D	No-Essential3D
354	A	354	184.225	263.101	24.074	-0.61	0.457541191381496	-0.62865833353844	0.06068238749687689	1.368474796771172	0.7381238328656367	No-PER3D	No-Essential3D
355	D	355	185.315	263.593	20.479	-0.31	0.459287531806616	-1.3878943743668668	0.5139093851294265	1.2212536548810962	0.7506099819661307	No-PER3D	No-Essential3D
356	V	356	184.272	267.282	20.106	1.48	0.478756819308977	-0.65894883051193	0.09351904236252906	1.7450523238001248	0.3725167881306113	No-PER3D	No-Essential3D
357	A	357	185.514	268.246	23.608	0.58	0.439625260235947	0.24886426120086497	-0.23825958538108213	1.9361873596839416	0.2322669862887075	No-PER3D	No-Essential3D
358	A	358	189.239	268.818	23.324	-0.91	0.394765539803708	0.7311053841151615	-0.7984104530505175	3.2634251058237536	0.12230150738067676	No-PER3D	No-Essential3D
359	S	359	192.164	271.126	24.125	-1.21	0.416091954022988	1.2860870441216186	-1.07599863174516	8.30908252831987	0.011059671193252513	PER3D	Essential3D
360	G	360	194.862	273.176	22.381	1.48	0.489189189189189	1.2297908910780817	-1.1813936964817584	8.30908252831987	0.011059671193252513	PER3D	Essential3D
361	P	361	194.634	274.711	18.883	-0.31	0.461538461538462	0.6812523420009751	-0.7479509568664331	3.1382578720657577	0.16551917615038864	No-PER3D	No-Essential3D
362	G	362	192.287	271.916	17.673	-0.31	0.486486486486487	0.2988722854691154	-0.20844336537996003	4.732109791093586	0.10007023337194124	No-PER3D	No-Essential3D
363	L	363	189.47	273.349	19.769	1.18	0.461538461538462	1.0133793976423155	-0.6335834606745604	4.292368091176813	0.06603678312714849	No-PER3D	No-Essential3D
364	A	364	189.819	276.878	18.37	0.28	0.461538461538462	1.3518399075718555	-0.9439489849321019	8.166609695172662	0.002536231513003243	PER3D	Essential3D
365	F	365	190.868	276.242	14.743	1.48	0.461538461538462	0.7298501070202035	-0.43549024993761226	12.98854090761209	0.014132925897631793	PER3D	Essential3D
366	L	366	188.646	273.146	14.181	0.88	0.408812173518056	-0.04800877175668416	0.18156704179092298	3.1990651005660786	0.10809980836516271	No-PER3D	No-Essential3D
367	A	367	186.058	272.145	16.813	-0.31	0.408812173518056	-0.17389572173688891	0.20107200899897107	1.788324760984558	0.46887856392542365	No-PER3D	No-Essential3D
368	Y	368	184.623	275.63	17.387	0.88	0.432692307692308	0.6155355502528315	-0.45961338964510473	2.7000401507381135	0.1438987796165474	No-PER3D	No-Essential3D
369	P	369	184.567	276.825	13.677	0.28	0.327049738814445	0.5364137340782551	-0.24239762725551964	4.292368091176813	0.06603678312714849	No-PER3D	No-Essential3D
370	E	370	182.752	273.64	12.63	-0.01	0.259893822393822	-0.22508542616515664	0.24309533371862746	1.5369992905020853	0.6916893933905545	No-PER3D	No-Essential3D
371	A	371	179.806	274.505	14.891	1.48	0.258620689655172	0.24696086472161566	-0.2366555144622419	0.8041211910665754	1	No-PER3D	No-Essential3D
372	V	372	179.825	278.225	13.95	0.58	0.260617760617761	0.5350839556551529	-0.6205096061745343	1.3071310441427926	0.711614228511573	No-PER3D	No-Essential3D
373	T	373	179.332	277.302	10.301	-0.01	0.277992277992278	-0.3859168863564252	-0.2654491579363304	1	1	No-PER3D	No-Essential3D
374	Q	374	176.133	275.306	10.902	-0.61	0.277992277992278	-0.7632945382304952	-0.2755475489092308	0	0.3377274546959255	No-PER3D	No-Essential3D
375	L	375	174.591	278.351	12.57	0.88	0.295566502463054	-0.1907176868896193	-0.8031923385464648	0	0.20217869342292585	No-PER3D	No-Essential3D
376	P	376	172.712	281.139	10.787	0.28	0.295566502463054	0.19133623328325386	-1.261337645582026	0	0.3377274546959255	No-PER3D	No-Essential3D
377	I	377	174.837	284.335	10.739	-0.01	0.31620669406929	0.03508726856875431	-1.1447687000125792	0	0.19347090925084573	No-PER3D	No-Essential3D
378	S	378	177.973	282.087	10.426	-0.01	0.313811188811189	0.3378869863947845	-0.8203810148060873	0.41540632972704644	0.680270482034649	No-PER3D	No-Essential3D
379	P	379	180.34	284.717	8.866	-0.01	0.337735849056604	0.24198244943209166	-0.9523695722467789	0.5911996571151802	1	No-PER3D	No-Essential3D
380	L	380	179.7	287.139	11.783	-0.01	0.367722165474974	0.28624301185057954	-0.9634719355287205	0.41540632972704644	0.680270482034649	No-PER3D	No-Essential3D
381	W	381	180.478	284.607	14.512	0.88	0.367722165474974	0.6487984799751498	-1.1333422787262082	0.4887085792959174	0.680984163994393	No-PER3D	No-Essential3D
382	A	382	183.511	283.419	12.498	0.58	0.365332428765265	0.5576128761488716	-0.9248066820849933	1.2092997921327349	0.9999999999999999	No-PER3D	No-Essential3D
383	I	383	184.979	286.936	11.932	-0.61	0.365332428765265	0.35161742934522433	-0.9889760772428869	1	1	No-PER3D	No-Essential3D
384	L	384	184.416	287.889	15.604	0.58	0.361288158336129	0.6174697734137072	-0.9350103481490537	1.5087628401081303	1	No-PER3D	No-Essential3D
385	F	385	185.736	284.558	16.939	1.48	0.359959893048128	1.1426380696147886	-0.9961025865672032	1.2092997921327349	0.9999999999999999	No-PER3D	No-Essential3D
386	F	386	189.016	284.763	14.979	1.48	0.362626262626263	1.1046114320395037	-0.9926951459207235	12.98854090761209	0.014132925897631793	PER3D	Essential3D
387	S	387	189.391	288.467	15.965	-0.61	0.294382943829438	1.0913302700387713	-0.7348768006387804	4.732109791093586	0.10007023337194124	No-PER3D	No-Essential3D
388	M	388	188.951	287.354	19.608	1.48	0.332407407407407	1.3163287792276506	-0.696665575161273	4.292368091176813	0.06603678312714849	No-PER3D	No-Essential3D
389	L	389	191.683	284.651	19.168	0.88	0.334259259259259	1.4293599451913315	-1.0405164012952073	6.799463650865327	0.008058018609885425	PER3D	Essential3D
390	L	390	193.924	287.375	17.761	0.88	0.442401960784314	1.113884468423647	-0.5888229671831458	2.834055271458577	0.09119600444208575	No-PER3D	No-Essential3D
391	M	391	193.354	289.871	20.558	-0.61	0.331801470588235	1.2041136136599646	-0.49805916776926346	3.2634251058237536	0.12230150738067676	No-PER3D	No-Essential3D
392	L	392	193.863	287.068	23.144	1.48	0.377100840336134	1.7239347741350408	-0.7759816352395525	6.0870447864214094	0.005656419427337355	PER3D	Essential3D
393	G	393	197.405	286.411	21.807	1.48	0.219975490196078	1.0982904511942355	-0.9533771243733115	3.2634251058237536	0.12230150738067676	No-PER3D	No-Essential3D
394	I	394	198.375	289.99	20.931	1.18	0.219169719169719	0.8337598612824847	-0.23039768466845328	2.460425016324794	0.11576207421504184	No-PER3D	No-Essential3D
395	D	395	198.635	291.435	24.473	-0.31	0.264705882352941	1.2984717546888507	-0.09136138455212178	2.7000401507381135	0.1438987796165474	No-PER3D	No-Essential3D
396	S	396	200.296	288.175	25.661	0.88	0.32967032967033	1.074663713802558	-0.8822376062112824	20.586720315685486	0.0010203724922802024	PER3D	Essential3D
397	Q	397	202.971	288.914	22.985	-0.01	0.263736263736264	0.5191401837455101	-0.4740590651333247	4.107571316801893	0.043868431988194935	PER3D	Essential3D
398	F	398	203.306	292.599	23.97	0.88	0.262773722627737	0.5831160448081286	0.1896846839253578	6.0870447864214094	0.005656419427337355	PER3D	No-Essential3D
399	C	399	204.197	291.704	27.555	0.58	0.262773722627737	0.6582081398501786	-0.3485578707437985	8.166609695172662	0.002536231513003243	PER3D	Essential3D
400	T	400	206.477	288.76	26.503	-1.21	0.655109489051095	0.2225860262261538	-1.086423868510744	6.471322818688661	0.0346212905934936	PER3D	Essential3D
401	V	401	208.403	291.113	24.178	0.58	0.650909090909091	-0.07428700673139549	-0.3205010125648337	3.081010672932229	0.2603316986618694	No-PER3D	No-Essential3D
402	E	402	208.33	294.014	26.723	1.48	0.875912408759124	0.3667177242893248	-0.011787312515814696	2.339050583302266	0.36756509704151624	No-PER3D	No-Essential3D
403	G	403	209.936	291.627	29.28	0.28	0.93167701863354	0.41570974661327514	-1.162414278430048	2.339050583302266	0.36756509704151624	No-PER3D	No-Essential3D
404	F	404	213.017	291.409	27.016	-0.31	0.93167701863354	-0.17194260967795771	-0.5536665896873646	0	0.19347090925084573	No-PER3D	No-Essential3D
405	I	405	213.052	295.106	26.002	-0.01	0.93167701863354	-0.6490114595508157	0.5803456514589953	0.25514968060212445	0.29661540322943614	No-PER3D	No-Essential3D
406	T	406	212.635	296.443	29.587	1.48	0.821167883211679	0.3093910066230979	-0.10795846142415709	1.788324760984558	0.46887856392542365	No-PER3D	No-Essential3D
407	A	407	215.275	293.978	30.869	0.28	0.735294117647059	-0.1097981350755999	-0.9126620695210107	0.41540632972704644	0.680270482034649	No-PER3D	No-Essential3D
408	L	408	217.915	295.022	28.301	-0.31	0.730565730565731	-0.619422283624205	0.3673042845442458	0	0.06646917521691491	No-PER3D	No-Essential3D
409	V	409	216.919	298.747	28.368	-0.31	0.735957359573596	-0.8822453629808884	1.1666860514384372	0.8923086893635929	1	No-PER3D	No-Essential3D
410	D	410	217.784	298.868	32.057	1.48	0.657509157509158	-0.5779601400463705	0.2791198453935145	0.5227623125710432	0.5198936935870007	No-PER3D	No-Essential3D
411	E	411	220.986	296.69	31.745	-0.61	0.719280719280719	-0.9544895079564099	-0.18277336094069996	0	0.11315625949695289	No-PER3D	No-Essential3D
412	Y	412	222.243	298.666	28.7	-0.01	0.723232323232323	-1.275983589899274	1.2003334715543246	0	0.06724604191470432	No-PER3D	No-Essential3D
413	P	413	221.005	302.326	29.202	-0.31	0.723232323232323	-1.2074640222560755	1.3718541166696432	0.4343572719077817	0.35957779198127593	No-PER3D	No-Essential3D
414	R	414	223.455	303.852	26.731	-1.21	0.792619926199262	-2.070668009737425	2.1397827653542922	0	0.11315625949695289	No-PER3D	No-Essential3D
415	L	415	223.198	301.31	23.912	-1.21	0.795555555555556	-2.4844272874525517	2.103166564124911	0	0.11315625949695289	No-PER3D	No-Essential3D
416	L	416	219.576	300.1	23.624	-0.31	0.801492537313433	-1.7839110956492117	2.0966987557778864	0	0.06646917521691491	No-PER3D	No-Essential3D
417	R	417	217.536	302.281	26.03	-1.21	0.807518796992481	-1.1379818819031808	1.9415908956723626	0.8923086893635929	1	No-PER3D	No-Essential3D
418	N	418	218.718	305.343	24.051	-1.81	0.806741573033708	-2.147189938610423	2.170773061635523	0	0.06724604191470432	No-PER3D	No-Essential3D
419	R	419	217.308	303.8	20.85	-0.31	0.787280701754386	-2.0497203463361404	1.998378229284599	0.28321594037994674	0.29347680702013385	No-PER3D	No-Essential3D
420	R	420	214.178	301.77	21.603	0.88	0.792452830188679	-1.0982385554937493	1.9990324597115818	0.25514968060212445	0.29661540322943614	No-PER3D	No-Essential3D
421	E	421	212.739	301.915	18.068	-1.51	0.736158578263841	-1.4594680460916765	1.8162888809719524	0.28321594037994674	0.29347680702013385	No-PER3D	No-Essential3D
422	L	422	215.833	300.431	16.32	-1.21	0.736158578263841	-1.8774000595367206	1.9205305871308653	0	0.06724604191470432	No-PER3D	No-Essential3D
423	F	423	216.244	297.623	18.905	-0.61	0.740994854202401	-1.139473914457484	1.977675840214989	0.25514968060212445	0.29661540322943614	No-PER3D	No-Essential3D
424	I	424	212.644	296.356	18.512	-0.31	0.676691729323308	-0.630349498803585	1.6108633926336042	0.3175624915094388	0.45294093044922634	No-PER3D	No-Essential3D
425	A	425	212.99	296.416	14.73	-0.01	0.625874125874126	-1.0736553850453348	1.5194348400793782	0	0.3377274546959255	No-PER3D	No-Essential3D
426	A	426	216.111	294.255	14.978	-0.61	0.628253875402165	-1.4385871775806311	1.6337993431055549	0	0.3377274546959255	No-PER3D	No-Essential3D
427	V	427	214.393	291.856	17.473	0.58	0.675471698113208	-1.0065724961945761	1.0293317611845423	0	0.3377274546959255	No-PER3D	No-Essential3D
428	C	428	211.212	291.488	15.351	-0.01	0.722672064777328	-0.87636502559916	0.8285025888846149	0	0.11315625949695289	No-PER3D	No-Essential3D
429	I	429	213.326	291.079	12.16	-0.61	0.719965427830596	-0.9350767577949113	1.0225715796547694	0	0.5726360925601913	No-PER3D	No-Essential3D
430	I	430	215.162	288.174	13.905	-0.31	0.663568773234201	-1.2506184982248423	0.36130887507464793	0	0.5726360925601913	No-PER3D	No-Essential3D
431	S	431	211.762	286.764	15.001	-0.61	0.612525021446955	-0.685496192232232	0.10731219142621849	0.41540632972704644	0.680270482034649	No-PER3D	No-Essential3D
432	Y	432	210.229	287.091	11.518	0.88	0.61308840413318	-0.42473111330534447	0.5720523055780636	1	1	No-PER3D	No-Essential3D
433	L	433	213.219	285.576	9.649	0.28	0.61308840413318	-0.6469734295762787	0.8056517439053431	0	0.5726360925601913	No-PER3D	No-Essential3D
434	I	434	213.531	282.603	12.041	0.28	0.553482587064677	-0.38438110593401764	0.24060952995488455	0	0.5726360925601913	No-PER3D	No-Essential3D
435	G	435	209.703	282.398	12.166	-0.31	0.555555555555556	-0.17663007861939262	0.3300422492094537	1.3071310441427926	0.711614228511573	No-PER3D	No-Essential3D
436	L	436	209.813	281.671	8.444	0.58	0.551425030978934	-0.4900828628327582	0.8043926708908397	1	1	No-PER3D	No-Essential3D
437	S	437	210.409	278.109	9.816	-0.91	0.601554579249747	-0.3202675197533648	0.7812483668822562	0.41540632972704644	0.680270482034649	No-PER3D	No-Essential3D
438	N	438	206.869	278.027	11.305	-0.01	0.654411764705882	-0.04800877175668416	0.41759849062951215	1.788324760984558	0.46887856392542365	No-PER3D	No-Essential3D
439	I	439	205.085	279.23	8.148	-0.01	0.654411764705882	-0.23202405682412833	0.7197035166365607	1.5369992905020853	0.6916893933905545	No-PER3D	No-Essential3D
440	T	440	206.479	276.253	6.268	0.88	0.656826568265683	-0.639908258997884	1.1450551017748558	0.36039310231478167	0.45189225491654117	No-PER3D	No-Essential3D
441	Q	441	204.422	273.18	5.425	-0.91	0.734567901234568	-1.0666911454752028	1.2993128981780175	0.36039310231478167	0.45189225491654117	No-PER3D	No-Essential3D
442	G	442	206.074	271.455	8.457	1.18	0.660516605166052	-0.9383911297737036	1.0164302962069212	0.28321594037994674	0.29347680702013385	No-PER3D	No-Essential3D
443	G	443	205.555	274.634	10.561	1.48	0.660516605166052	-0.5869324195327774	0.5732254247571217	0.8041211910665754	1	No-PER3D	No-Essential3D
444	I	444	203.271	272.926	13.089	0.28	0.66542750929368	-0.3428864175025114	0.41845475996268844	1.1344505925526964	1	No-PER3D	No-Essential3D
445	Y	445	205.984	270.306	13.81	1.48	0.662962962962963	-0.8062533106631666	0.45283136388476247	0.4887085792959174	0.680984163994393	No-PER3D	No-Essential3D
446	V	446	208.342	273.261	14.456	-0.01	0.526470588235294	-0.3333695924091587	0.2300090883095139	0.6502598723078287	0.7320250936169181	No-PER3D	No-Essential3D
447	F	447	205.631	274.927	16.646	0.28	0.523076923076923	0.03188216160025163	-0.20716770792445974	1	1	No-PER3D	No-Essential3D
448	K	448	204.973	271.748	18.707	-0.91	0.472461844724619	3.652764099765796e-4	-0.3241825048964374	1.5224997742926363	0.640207703753075	No-PER3D	No-Essential3D
449	L	449	208.685	271.235	19.386	1.48	0.502958579881657	-0.05568593950347885	-0.10829922105375797	1.5224997742926363	0.640207703753075	No-PER3D	No-Essential3D
450	F	450	209.043	274.781	20.7	0.28	0.477272727272727	-0.20241115779728508	-0.3853638345971062	3.1382578720657577	0.16551917615038864	No-PER3D	No-Essential3D
451	D	451	205.669	274.704	22.629	0.88	0.477272727272727	0.10493974691170703	-0.5543117476715645	2.339050583302266	0.36756509704151624	No-PER3D	No-Essential3D
452	Y	452	206.878	271.698	24.74	-0.91	0.4375	-0.3628880356746476	-0.267599628682592	2.339050583302266	0.36756509704151624	No-PER3D	No-Essential3D
453	Y	453	210.522	272.741	25.378	0.88	0.435897435897436	-0.3774099982775247	0.023057842458979114	0.744747799831568	0.9999999999999999	No-PER3D	No-Essential3D
454	S	454	210.156	276.545	25.494	0.28	0.431159420289855	-0.2589812957913552	-0.547706678298342	2.0432172148380996	0.5993463367751791	No-PER3D	No-Essential3D
455	A	455	208.85	279.057	28.009	0.28	0.537878787878788	-0.18293454266078002	-0.838959472031674	4.732109791093586	0.10007023337194124	No-PER3D	No-Essential3D
456	S	456	206.002	276.939	29.321	-1.81	0.595804195804196	0.14886856595059486	-1.1842860024284452	2.339050583302266	0.36756509704151624	No-PER3D	No-Essential3D
457	G	457	208.433	274.027	29.806	0.58	0.595804195804196	-0.25038381290962874	-0.37070006219838975	1.5224997742926363	0.640207703753075	No-PER3D	No-Essential3D
458	M	458	210.451	272.805	32.795	-0.61	0.533995186522262	-0.38925202507693935	-0.020824789443802613	2.0432172148380996	0.5993463367751791	No-PER3D	No-Essential3D
459	S	459	212.602	275.878	32.071	0.28	0.54029304029304	-0.3458625882589781	-0.22851282838353493	1.5224997742926363	0.640207703753075	No-PER3D	No-Essential3D
460	L	460	210.037	278.194	33.644	0.88	0.496911847276811	-0.3043991184018403	-0.8802813935080509	4.292368091176813	0.06603678312714849	No-PER3D	No-Essential3D
461	L	461	209.392	275.831	36.563	0.58	0.59292532285233	-0.21213331560174287	-0.5636250236139753	3.1990651005660786	0.10809980836516271	No-PER3D	No-Essential3D
462	F	462	213.016	275.778	37.789	-0.31	0.592447552447553	-0.2857947516498034	-0.055435829046416106	1.5369992905020853	0.6916893933905545	No-PER3D	No-Essential3D
463	L	463	213.469	279.516	37.099	-0.31	0.637184115523466	-0.13323547978277486	-0.4762137144851438	1	1	No-PER3D	No-Essential3D
464	V	464	210.424	280.282	39.296	-0.01	0.507913669064748	0.4759088158271084	-0.8475226165487784	3.3316514462371583	0.0745906944101931	No-PER3D	No-Essential3D
465	F	465	211.625	277.722	41.87	0.28	0.506474820143885	-0.23958196413989236	-0.29645763793948965	1.3071310441427926	0.711614228511573	No-PER3D	No-Essential3D
466	F	466	214.846	279.762	42.212	-0.31	0.553539426523297	0.3435788142871252	-0.5864751397043757	1.5224997742926363	0.640207703753075	No-PER3D	No-Essential3D
467	E	467	212.83	283.028	42.244	-0.31	0.547650709219858	0.6198056165225705	-1.176019590885612	3.081010672932229	0.2603316986618694	No-PER3D	No-Essential3D
468	C	468	210.824	281.709	45.225	-0.31	0.59327731092437	0.245502541050947	-0.40814123913948963	1.5369992905020853	0.6916893933905545	No-PER3D	No-Essential3D
469	V	469	213.967	280.373	46.943	0.28	0.597545493017351	-0.13023421667755497	-0.23865524016540396	0.5911996571151802	1	No-PER3D	No-Essential3D
470	S	470	215.954	283.607	46.207	-0.01	0.597545493017351	0.32620376072103247	-0.6145628386691974	0.4887085792959174	0.680984163994393	No-PER3D	No-Essential3D
471	I	471	213.288	285.923	47.662	0.88	0.599702696963262	0.07961822351238665	-0.3548828198394896	0.5227623125710432	0.5198936935870007	No-PER3D	No-Essential3D
472	S	472	212.124	283.87	50.65	-0.31	0.604064171122995	-0.037177877611701764	0.0702089675658285	0	0.19347090925084573	No-PER3D	No-Essential3D
473	W	473	215.413	282.468	51.922	-0.01	0.603580562659847	-0.42454510263306533	0.539743699890327	0	0.20217869342292585	No-PER3D	No-Essential3D
474	F	474	218.487	284.144	50.36	0.28	0.604799320450202	-0.45151665011354447	0.6030003624570701	0	0.20217869342292585	No-PER3D	No-Essential3D
475	Y	475	217.137	287.735	50.284	1.48	0.599238256453661	-0.7101729449482831	0.438223484717849	0	0.03827887993312408	No-PER3D	No-Essential3D
476	G	476	214.749	286.915	53.139	1.48	0.593717056715159	-0.5536588304754801	0.8758664338996283	0	0.06646917521691491	No-PER3D	No-Essential3D
477	V	477	210.992	287.237	53.774	-1.21	0.631294964028777	-0.8526021622154965	0.8905133669493414	0	0.20217869342292585	No-PER3D	No-Essential3D
478	N	478	212.007	289.762	56.5	-0.91	0.631294964028777	-1.0643372649678156	1.196331572273543	0	0.3377274546959255	No-PER3D	No-Essential3D
479	R	479	213.41	292.175	53.866	0.28	0.676328502415459	-0.6286583335384399	1.0038869042379055	0	0.11315625949695289	No-PER3D	No-Essential3D
480	F	480	210.615	291.447	51.358	0.28	0.681398601398601	-0.28175090988009216	0.2356114208117733	0.7378534247014206	1	No-PER3D	No-Essential3D
481	Y	481	207.771	292.26	53.783	-0.61	0.678929765886288	-0.414128504985432	0.8808970985996898	0.41540632972704644	0.680270482034649	No-PER3D	No-Essential3D
482	D	482	209.46	295.493	54.901	-0.01	0.671629445822994	-0.64833211622597	1.0526715449178239	0.5911996571151802	1	No-PER3D	No-Essential3D
483	N	483	209.898	296.535	51.258	-0.31	0.727598566308244	-0.17611822856256928	0.1284316641413855	1.2092997921327349	0.9999999999999999	No-PER3D	No-Essential3D
484	I	484	206.142	295.866	50.604	-0.01	0.727598566308244	-0.31848181729948477	0.006007949458503825	1.3071310441427926	0.711614228511573	No-PER3D	No-Essential3D
485	Q	485	205.221	297.753	53.83	-1.21	0.727598566308244	-0.8136571077604074	0.8374472635563396	0.4887085792959174	0.680984163994393	No-PER3D	No-Essential3D
486	E	486	207.172	300.828	52.651	-0.31	0.682799215173316	-0.2729464047255449	0.6637286899508379	1.5224997742926363	0.640207703753075	No-PER3D	No-Essential3D
487	M	487	205.202	300.754	49.354	1.48	0.753790613718412	-0.15017936102129523	-0.14678004484600093	0.8502816519317359	1	No-PER3D	No-Essential3D
488	V	488	201.589	299.889	50.31	-0.01	0.758695652173913	-0.22662974732803254	0.39704979267250984	1	1	No-PER3D	No-Essential3D
489	G	489	201.727	301.019	53.962	1.48	0.763636363636364	-0.5378256020510775	1.1540813926115001	0.744747799831568	0.9999999999999999	No-PER3D	No-Essential3D
490	S	490	201.202	297.564	55.473	-0.31	0.763636363636364	-0.9468141202160484	1.4825922163873606	0.744747799831568	0.9999999999999999	No-PER3D	No-Essential3D
491	R	491	203.104	294.295	55.682	-0.91	0.890909090909091	-1.0065724961945761	1.4043988076192528	0.41540632972704644	0.680270482034649	No-PER3D	No-Essential3D
492	P	492	202.01	291.135	53.849	-0.31	0.845410628019324	-0.6182287151437471	0.8394143603378981	0.41540632972704644	0.680270482034649	No-PER3D	No-Essential3D
493	C	493	199.829	288.873	55.983	-0.61	0.842358604091456	-1.1107384726709093	1.309452193688423	0	0.5735651445328865	No-PER3D	No-Essential3D
494	I	494	201.795	285.911	57.39	-0.91	0.690647482014389	-1.4557116771190006	1.09632410926961	0	0.5726360925601913	No-PER3D	No-Essential3D
495	W	495	199.814	283.62	55.091	0.28	0.70343725019984	-0.9425848249305432	0.4524817161467113	0	0.5726360925601913	No-PER3D	No-Essential3D
496	W	496	201.608	285.025	52	-0.01	0.707434052757794	-0.3419263624197802	0.13983427538488025	0.5911996571151802	1	No-PER3D	No-Essential3D
497	K	497	204.939	284.706	53.849	0.28	0.636690647482014	-0.6201818272026783	0.49148692415104434	0	0.3377274546959255	No-PER3D	No-Essential3D
498	L	498	204.32	280.977	54.564	-0.31	0.632616487455197	-0.8149070994781235	0.3715906844215871	0	0.33224389462529874	No-PER3D	No-Essential3D
499	C	499	203.183	280.468	50.946	0.28	0.54030612244898	-0.10687607651470539	-0.19127214778405757	0.5911996571151802	1	No-PER3D	No-Essential3D
500	W	500	206.368	282.083	49.594	1.48	0.470744680851064	-0.1582254040547661	-0.003962151286039929	0.7378534247014206	1	No-PER3D	No-Essential3D
501	S	501	208.749	280.22	51.976	-1.21	0.474107142857143	-0.1872326869393051	0.1334086712672779	0	0.3377274546959255	No-PER3D	No-Essential3D
502	F	502	207.247	276.728	52.081	-0.01	0.476785714285714	-0.40472463210909637	0.06493322508748801	0	0.33224389462529874	No-PER3D	No-Essential3D
503	F	503	204.15	276.069	49.942	0.28	0.48021582733813	0.049200078284902665	-0.35106998494879205	0.5911996571151802	1	No-PER3D	No-Essential3D
504	T	504	205.449	277.672	46.698	0.88	0.478494623655914	0.08005648280365894	-0.43749050134020656	0.8502816519317359	1	No-PER3D	No-Essential3D
505	P	505	208.74	275.614	46.557	1.48	0.512635379061372	-0.16619816244580693	-0.09882228777222585	1.2092997921327349	0.9999999999999999	No-PER3D	No-Essential3D
506	I	506	206.891	272.311	47.251	-0.31	0.465663832570307	-0.37000263995031873	-0.22058417950516265	1	1	No-PER3D	No-Essential3D
507	I	507	204.077	273.294	44.826	-0.31	0.466032162783065	0.18120116530177274	-0.7267561121306161	1.858143025080979	0.41342855350717567	No-PER3D	No-Essential3D
508	V	508	206.581	273.966	42.004	0.58	0.518248175182482	-0.18663745278801178	-0.6052121179731252	1.858143025080979	0.41342855350717567	No-PER3D	No-Essential3D
509	A	509	208.34	270.74	43.001	-0.61	0.514492753623189	-0.6034501672311674	-0.3027688831718941	0.5911996571151802	1	No-PER3D	No-Essential3D
510	G	510	204.976	268.823	42.978	0.28	0.514079422382672	-0.17719580762956585	-0.6470445300351144	2.0432172148380996	0.5993463367751791	No-PER3D	No-Essential3D
511	V	511	204.363	270.057	39.435	-0.01	0.510791366906475	0.17900078870053016	-0.7542210493094043	1.858143025080979	0.41342855350717567	No-PER3D	No-Essential3D
512	F	512	207.992	269.386	38.327	0.28	0.507913669064748	-0.728449339002767	-0.3321692340657924	1.5224997742926363	0.640207703753075	No-PER3D	No-Essential3D
513	I	513	208.186	265.888	39.941	0.58	0.507913669064748	-1.0836553187870628	-0.2605737873013545	1	1	No-PER3D	No-Essential3D
514	F	514	204.873	264.686	38.469	-0.61	0.507913669064748	-0.7284946285577567	-0.610777288284811	0.744747799831568	0.9999999999999999	No-PER3D	No-Essential3D
515	S	515	205.768	266.32	35.096	-0.31	0.509747292418773	-1.234790681019997	-0.41479351829215433	1	1	No-PER3D	No-Essential3D
516	A	516	208.951	264.205	34.999	-0.01	0.514492753623189	-1.435606111806473	-0.061663159897867616	1	1	No-PER3D	No-Essential3D
517	V	517	207.068	261.072	36.221	-0.61	0.519272727272727	-1.9180247903624903	-0.34281767762384846	1.5087628401081303	1	No-PER3D	No-Essential3D
518	Q	518	204.686	261.113	33.212	-0.61	0.431515151515151	-1.998553102946117	-0.3587716445597901	3.0261720991062244	0.4387096774193548	No-PER3D	No-Essential3D
519	M	519	207.376	262.074	30.681	-0.31	0.4330900243309	-2.3175757144181395	-0.3086801253763321	0	1	No-PER3D	No-Essential3D
520	T	520	207.162	260.485	27.213	-1.51	0.517391304347826	-2.3845395564386394	-0.4451646668001131	0	0.9999999999999999	No-PER3D	No-Essential3D
521	P	521	209.184	261.461	24.055	-0.31	0.522181818181818	-0.8541113851701251	-0.17837350381217962	0	1	No-PER3D	No-Essential3D
522	L	522	207.735	264.25	21.889	-0.61	0.436739659367397	-0.6992828655893938	-0.11254258851427187	0.744747799831568	0.9999999999999999	No-PER3D	No-Essential3D
523	T	523	205.118	263.067	19.372	-1.21	0.439950980392157	-1.3412623075685333	-0.11967294110855463	1	1	No-PER3D	No-Essential3D
524	M	524	202.362	264.74	17.336	0.28	0.44320987654321	-0.8549068344450352	0.03605427400061274	0.5911996571151802	1	No-PER3D	No-Essential3D
525	G	525	199.479	262.497	16.232	-0.91	0.438339438339438	-2.150662137826301	0.38547015559421716	2.0432172148380996	0.5993463367751791	No-PER3D	No-Essential3D
526	N	526	201.031	259.469	14.525	-1.21	0.526007326007326	-2.2197054837727936	0.2118891047626122	3.0261720991062244	0.4387096774193548	No-PER3D	No-Essential3D
527	Y	527	204.426	261.19	14.046	0.28	0.439950980392157	-1.0883427877284977	0.1669402117555909	0.744747799831568	0.9999999999999999	No-PER3D	No-Essential3D
528	V	528	207.205	260.455	16.546	-0.91	0.439950980392157	-1.4066645422059463	0.006472803565595178	0.744747799831568	0.9999999999999999	No-PER3D	No-Essential3D
529	F	529	209.965	263.075	16.822	0.88	0.439950980392157	-1.3040242290214386	0.06752719871840497	0.41540632972704644	0.680270482034649	No-PER3D	No-Essential3D
530	P	530	213.56	261.801	16.279	1.48	0.439950980392157	-0.29459804697883984	0.04297575334572305	3.0261720991062244	0.4387096774193548	No-PER3D	No-Essential3D
531	K	531	216.078	261.518	19.153	-1.51	0.5625	-0.7383451067680187	0.12311620250998215	0	0.9999999999999999	No-PER3D	No-Essential3D
532	W	532	218.085	264.501	17.82	1.48	0.649090909090909	-0.36013070100321526	0.21882066942239184	0	0.9999999999999999	No-PER3D	No-Essential3D
533	G	533	214.956	266.731	17.926	0.58	0.653846153846154	-0.5310147497430096	0.15642235506674784	1	1	No-PER3D	No-Essential3D
534	Q	534	214.252	265.743	21.528	-0.91	0.522058823529412	-0.6686580685053518	0.1194290109928151	0	0.5726360925601913	No-PER3D	No-Essential3D
535	G	535	217.884	266.649	22.362	-0.61	0.472860472860473	-0.06853046592612445	0.46514314934272333	0	0.9999999999999999	No-PER3D	No-Essential3D
536	V	536	217.541	270.044	20.614	0.58	0.433455433455434	-0.08447715660408019	0.3316274292573281	0	0.9999999999999999	No-PER3D	No-Essential3D
537	G	537	214.512	270.623	22.872	1.48	0.65018315018315	-0.33112124248085417	0.18561282755861813	0.744747799831568	0.9999999999999999	No-PER3D	No-Essential3D
538	W	538	216.476	269.8	26.013	0.28	0.65018315018315	-0.4625055882912674	0.538181373939189	1	1	No-PER3D	No-Essential3D
539	L	539	219.231	272.162	24.806	-0.61	0.653136531365314	-0.05155988459110458	0.5218965608213365	1	1	No-PER3D	No-Essential3D
540	M	540	216.627	274.977	24.413	0.58	0.715782358905035	-0.39138049394611524	-0.0756420578472069	0.744747799831568	0.9999999999999999	No-PER3D	No-Essential3D
541	A	541	215.13	274.174	27.842	0.28	0.715782358905035	-0.44234012361443886	-0.04323983447018911	0.744747799831568	0.9999999999999999	No-PER3D	No-Essential3D
542	L	542	218.51	273.96	29.615	-0.31	0.715782358905035	-0.04354124270692939	0.23244609663994872	1.5224997742926363	0.640207703753075	No-PER3D	No-Essential3D
543	S	543	219.862	277.028	27.653	-0.61	0.718453188602442	-0.12021473272323319	-0.25173496787117644	1.858143025080979	0.41342855350717567	No-PER3D	No-Essential3D
544	S	544	217.87	279.369	29.901	0.28	0.713754646840149	-0.08522443426141038	-0.4465459349089371	2.339050583302266	0.36756509704151624	No-PER3D	No-Essential3D
545	M	545	218.29	277.315	33.114	0.28	0.7170582226762	-0.08991190320284537	-0.2371669335485592	1.5369992905020853	0.6916893933905545	No-PER3D	No-Essential3D
546	V	546	222.127	276.982	32.787	0.28	0.656716417910448	-0.1557596811896702	-0.12951594357953777	2.339050583302266	0.36756509704151624	No-PER3D	No-Essential3D
547	L	547	222.437	280.795	33.069	-0.01	0.659176029962547	-0.40146286920933244	-0.5035782160331366	1.5369992905020853	0.6916893933905545	No-PER3D	No-Essential3D
548	I	548	221.589	280.525	36.796	0.88	0.658582089552239	-0.33383389811825864	-0.6654632523212516	1.5369992905020853	0.6916893933905545	No-PER3D	No-Essential3D
549	P	549	224.604	278.312	37.851	1.48	0.607921928817451	-0.7036578366013997	-0.10597198546684944	1.2092997921327349	0.9999999999999999	No-PER3D	No-Essential3D
550	G	550	226.82	279.755	35.064	-0.31	0.605661995996569	-0.6918100890160916	-0.135444723415915	1.2092997921327349	0.9999999999999999	No-PER3D	No-Essential3D
551	Y	551	226.287	283.399	35.992	-0.91	0.562400424853956	-0.25397331615307	-0.5881219669144347	1	1	No-PER3D	No-Essential3D
552	M	552	226.7	282.386	39.655	-0.61	0.562400424853956	-0.40133225356484803	0.11328278293621036	0.6502598723078287	0.7320250936169181	No-PER3D	No-Essential3D
553	A	553	230.09	280.825	38.811	0.28	0.567697228144989	-0.6396241699711304	0.5789135659970142	0.41540632972704644	0.680270482034649	No-PER3D	No-Essential3D
554	Y	554	231.226	283.864	36.749	-0.31	0.61358024691358	-0.8020782371120909	0.1516241955980611	0.5911996571151802	1	No-PER3D	No-Essential3D
555	M	555	230.018	286.268	39.526	-0.61	0.61358024691358	-1.0298095217162198	0.6043948499435817	0.3175624915094388	0.45294093044922634	No-PER3D	No-Essential3D
556	F	556	231.776	284.116	42.171	0.28	0.652573529411765	-1.2852164832687671	1.3716858703101484	0.36039310231478167	0.45189225491654117	No-PER3D	No-Essential3D
557	L	557	235.097	284.167	40.289	-0.91	0.688429217840983	-1.6375990168485728	1.8625295341554609	0.4887085792959174	0.680984163994393	No-PER3D	No-Essential3D
558	T	558	234.955	287.964	39.538	-0.91	0.794668294668295	-1.4005649836903535	1.5457473098974142	0	0.3377274546959255	No-PER3D	No-Essential3D
559	L	559	234.728	288.818	43.251	-0.91	0.8125	-1.6580833308829142	2.0920481246666256	0	0.20217869342292585	No-PER3D	No-Essential3D
560	K	560	237.902	288.817	45.408	-0.91	0.80952380952381	-2.0781799791948523	2.9245105489905634	0	0.5726360925601913	No-PER3D	No-Essential3D
561	G	561	238.373	287.382	48.95	1.48	0.813213846424178	-2.035732343780747	3.064269255944612	0	0.5735651445328865	No-PER3D	No-Essential3D
562	S	562	237.636	284.318	51.124	-0.61	0.807256235827664	-1.9312458566075634	3.0367704642575166	0	1	No-PER3D	No-Essential3D
563	L	563	234.823	281.891	50.099	0.58	0.826808228268082	-1.9202569184298404	3.1077200833993257	0	1	No-PER3D	No-Essential3D
564	K	564	232.477	282.841	52.976	-1.51	0.8661800486618	-1.7863292343888408	3.2729972399904343	0	0.5726360925601913	No-PER3D	No-Essential3D
565	Q	565	233.353	286.52	52.384	-0.91	0.954150197628458	-1.8482335861233472	3.3225105479651047	0	0.33224389462529874	No-PER3D	No-Essential3D
566	R	566	232.764	286.116	48.603	0.88	1.001998001998	-1.7006966848959593	2.2369375298907457	0	0.11315625949695289	No-PER3D	No-Essential3D
567	I	567	229.269	284.673	49.33	-0.01	1.001998001998	-1.3194710639946383	1.842534003894303	0	0.06724604191470432	No-PER3D	No-Essential3D
568	Q	568	228.495	287.663	51.627	-0.91	0.966240875912409	-0.8964541782053099	2.199064889938611	0	0.3377274546959255	No-PER3D	No-Essential3D
569	V	569	229.362	290.188	48.869	-1.21	0.96978021978022	-1.5986519064860536	1.8633507666468128	0	0.06724604191470432	No-PER3D	No-Essential3D
570	M	570	227.147	288.458	46.237	-0.31	0.96978021978022	-1.1921773270069516	1.1529298133739871	0	0.03827887993312408	No-PER3D	No-Essential3D
571	V	571	224.203	287.915	48.621	-0.31	0.945837320574163	-0.819432931559509	0.9412431372165011	0	0.03921391288413876	No-PER3D	No-Essential3D
572	Q	572	224.269	291.557	49.791	-0.61	0.968181818181818	-0.3190770514507782	1.0291634075825233	0	0.11315625949695289	No-PER3D	No-Essential3D
573	P	573	221.456	293.625	48.164	1.48	0.978860294117647	-0.38678493616039455	0.0899648332471096	0	0.06724604191470432	No-PER3D	No-Essential3D
574	S	574	221.849	296.823	46.106	-1.81	0.901301174230403	-0.6873344153465203	-0.49710970119918346	0	0.19347090925084573	No-PER3D	No-Essential3D
