Uniprot_position	aminoacid	Position_in_structure	x	y	z	paraz	mtr	paraz3dscore	mtr3dscore	PER3D_OR	PER3D_pvalue	PER3D	Essential3D
7	G	7	9.914	-27.393	9.854	-1.5	0.837301587301587	-3.0709419749527576	2.905330007885761	0	1	No-PER3D	No-Essential3D
8	G	8	11.187	-24.669	7.445	-0.07	0.842911877394636	-3.222926937726724	2.477809631491132	0	1	No-PER3D	No-Essential3D
9	K	9	9.849	-23.845	3.982	-0.55	0.838827838827839	-2.3910276357386446	2.069611163479323	0	1	No-PER3D	No-Essential3D
10	K	10	7.778	-26.362	2.063	-0.31	0.843971631205674	-2.0659260418884644	2.0219365436921963	0	1	No-PER3D	No-Essential3D
11	K	11	6.818	-27.302	-1.503	-0.55	0.835871404399323	-1.6499699206959246	2.111554634749891	0	1	No-PER3D	No-Essential3D
12	V	12	3.676	-25.479	-2.731	0.17	0.833333333333333	-1.1798871050946527	1.4452685519477808	0	1	No-PER3D	No-Essential3D
13	C	13	1.659	-26.313	-5.854	0.4	0.838095238095238	-0.35647434853249055	1.3749677933403335	0	1	No-PER3D	No-Essential3D
14	Y	14	-0.86	-23.71	-7.028	1.12	0.834862385321101	0.10200895368496837	1.1599265215902348	0	1	No-PER3D	No-Essential3D
15	Y	15	-3.757	-24.277	-9.474	0.17	0.836309523809524	-0.23417372429993188	0.7332282292333335	0	1	No-PER3D	No-Essential3D
16	Y	16	-5.132	-21.556	-11.755	1.12	0.836940836940837	-0.3706798656847296	0.16978807158570705	0	1	No-PER3D	No-Essential3D
17	D	17	-6.925	-21.493	-15.117	0.17	0.841068917018284	-0.3936032454879847	0.15430568913849593	0	1	No-PER3D	No-Essential3D
18	G	18	-6.731	-18.289	-17.21	0.17	0.834688346883469	-0.5457205532312774	-0.24798201391961966	0	1	No-PER3D	No-Essential3D
19	D	19	-10.391	-18.594	-18.284	0.64	0.628968253968254	-0.9350000460067437	-0.309286317480815	0	1	No-PER3D	No-Essential3D
20	I	20	-11.734	-18.695	-14.657	-0.07	0.626923076923077	-0.491318626532491	-0.5867372411687074	0	1	No-PER3D	No-Essential3D
21	G	21	-12.139	-14.898	-14.416	0.4	0.625	-0.9745976608290798	-0.8033210599431638	0	1	No-PER3D	No-Essential3D
22	N	22	-14.37	-14.711	-17.527	0.64	0.417274939172749	-1.5529912098164642	-1.124906173090811	0	1	No-PER3D	No-Essential3D
23	Y	23	-17.277	-16.629	-15.945	0.4	0.418803418803419	-1.6469338358271937	-1.0723824813678093	0	1	No-PER3D	No-Essential3D
24	Y	24	-20.06	-14.183	-15.008	-0.31	0.420343137254902	-1.1600982518350238	-1.4057667906528528	0	1	No-PER3D	No-Essential3D
25	Y	25	-22.942	-14.972	-12.58	-1.5	0.420343137254902	-1.0678849828075831	-1.7562558663039491	0	1	No-PER3D	No-Essential3D
26	G	26	-24.974	-12	-13.93	-1.5	0.420664206642066	-1.5508644837006864	-1.7899479068147381	0	1	No-PER3D	No-Essential3D
27	Q	27	-25.618	-8.301	-13.315	-0.55	0.315257352941176	-3.707944781312611	-1.4292079517394343	0	1	No-PER3D	No-Essential3D
28	G	28	-25.753	-7.434	-9.585	0.4	0.314575645756458	-2.7878011115002836	-1.6351957823593948	0	1	No-PER3D	No-Essential3D
29	H	29	-24.797	-10.958	-8.439	-0.31	0.312730627306273	-1.3266882172239427	-2.1998829457144695	0	1	No-PER3D	No-Essential3D
30	P	30	-22.216	-10.75	-5.564	0.17	0.313888888888889	-0.25064715062136905	-1.5791004799146353	0	1	No-PER3D	No-Essential3D
31	M	31	-20.244	-13.868	-6.643	0.17	0.251111111111111	-0.2619433560032119	-1.1183571449107577	0	1	No-PER3D	No-Essential3D
32	K	32	-17.54	-12.669	-9.052	-0.07	0.25	-1.054788466178488	-0.7548272675981197	0	1	No-PER3D	No-Essential3D
33	P	33	-15.012	-15.248	-10.474	1.12	0.248351648351648	-0.5811837112118695	-0.3566214897143146	0	1	No-PER3D	No-Essential3D
34	H	34	-12.901	-12.263	-11.642	0.64	0.249084249084249	-0.5699926206056639	-0.17979636544181193	0	1	No-PER3D	No-Essential3D
35	R	35	-11.622	-12.079	-8.019	1.12	0.207570207570208	0.40264538659454135	-0.09968032258532127	0	1	No-PER3D	No-Essential3D
36	I	36	-9.663	-15.337	-8.715	0.17	0	0.4007008492221651	0.2998205215292205	0	1	No-PER3D	No-Essential3D
37	R	37	-7.912	-13.534	-11.595	-0.55	0	-0.2527881981251318	0.3344057231816177	0	1	No-PER3D	No-Essential3D
38	M	38	-7.286	-10.447	-9.401	0.64	0	-0.058182582808435135	0.46505763245049386	0	1	No-PER3D	No-Essential3D
39	T	39	-5.674	-12.721	-6.76	0.17	0.249454545454546	0.39466456701270264	0.44386266948011033	0	1	No-PER3D	No-Essential3D
40	H	40	-3.503	-14.435	-9.415	1.12	0.251282051282051	0.41306581154778815	0.47840913801937845	0	1	No-PER3D	No-Essential3D
41	N	41	-2.397	-11.15	-11.017	0.64	0.252205882352941	0.10969698831214801	-0.04962395309562594	0	1	No-PER3D	No-Essential3D
42	L	42	-1.592	-9.611	-7.607	1.12	0.252014652014652	0.2907208281040698	0.21255087214233498	0	1	No-PER3D	No-Essential3D
43	L	43	0.555	-12.584	-6.438	0.64	0.420343137254902	0.2961193407991814	0.03963253064964543	0	1	No-PER3D	No-Essential3D
44	L	44	2.337	-12.711	-9.844	-0.31	0.42002442002442	0.4060779971673758	-0.3103345076339395	0	1	No-PER3D	No-Essential3D
45	N	45	3.293	-9.017	-9.394	-0.79	0.417874396135266	0.2797150204549206	-0.2851026420318032	0	1	No-PER3D	No-Essential3D
46	Y	46	4.608	-9.787	-5.87	1.12	0.420289855072464	-0.07828998698292483	-0.1134780263550502	0	1	No-PER3D	No-Essential3D
47	G	47	6.855	-12.323	-7.633	0.88	0.31294964028777	-0.22361724936617433	-0.3465307054046121	0	1	No-PER3D	No-Essential3D
48	L	48	5.455	-15.32	-5.737	1.12	0.313176895306859	-0.31490430947828507	0.02061513279570862	0	1	No-PER3D	No-Essential3D
49	Y	49	5.503	-17.435	-8.953	0.4	0.276383910792513	-0.05986588222395971	0.20811744799666412	0	1	No-PER3D	No-Essential3D
50	R	50	9.275	-17.769	-8.438	0.64	0.310931899641577	-0.6455880670846692	0.03883143517292784	0	1	No-PER3D	No-Essential3D
51	K	51	8.746	-19.723	-5.196	0.17	0.274416765519968	-1.1569097380140356	0.810395641687949	0	1	No-PER3D	No-Essential3D
52	M	52	5.93	-22.088	-6.317	1.12	0.275587415372362	-1.1257392666950656	1.128570608773909	0	1	No-PER3D	No-Essential3D
53	E	53	4.855	-24.502	-9.034	-0.55	0.275779376498801	-0.5979275895157036	1.3920779166756485	0	1	No-PER3D	No-Essential3D
54	I	54	1.874	-23.107	-11.004	0.64	0.370967741935484	0.024659795569873102	1.0331368056827213	0	1	No-PER3D	No-Essential3D
55	Y	55	-0.33	-25.683	-12.74	-0.07	0.449967298888162	-0.3605784112222547	1.0604897465711176	0	1	No-PER3D	No-Essential3D
56	R	56	-3.401	-25.331	-14.92	0.64	0.448051948051948	-0.8751610621958135	1.2681725135397228	0	1	No-PER3D	No-Essential3D
57	P	57	-6.229	-27.544	-13.522	1.12	0.451275343361674	-0.30404331508767724	0.8529861827043496	0	1	No-PER3D	No-Essential3D
58	H	58	-7.818	-30.175	-15.717	0.17	0.498194945848376	-0.7812448369230724	0.230123584678239	0	1	No-PER3D	No-Essential3D
59	K	59	-11.539	-29.869	-16.38	-0.55	0.573195187165775	-0.4392467435987027	0.3007265685611097	0	1	No-PER3D	No-Essential3D
60	A	60	-13.079	-32.376	-13.939	1.12	0.571095571095571	-0.2279722356187411	-0.35014110810272897	0	1	No-PER3D	No-Essential3D
61	T	61	-15.419	-34.836	-15.706	0.64	0.573633009057363	-0.2917717322897953	0.2154138766808368	0	1	No-PER3D	No-Essential3D
62	A	62	-18.916	-36.137	-15.04	-0.07	0.529739776951673	-0.3194900626654305	1.1129293586313518	0	1	No-PER3D	No-Essential3D
63	E	63	-17.158	-39.424	-13.999	-0.07	0.632841328413284	-0.50363952398453	1.754282257654997	0	1	No-PER3D	No-Essential3D
64	E	64	-15.258	-37.49	-11.304	0.64	0.625912408759124	0.21368017456002497	0.16156141452014067	0	1	No-PER3D	No-Essential3D
65	M	65	-18.336	-35.463	-10.16	1.12	0.620503597122302	0.02407747770483897	0.2334939273470335	0	1	No-PER3D	No-Essential3D
66	T	66	-20.646	-38.539	-9.863	0.17	0.714285714285714	0.43492512832753905	1.1044611862230966	0	1	No-PER3D	No-Essential3D
67	K	67	-18.303	-39.996	-7.214	-0.07	0.713769984528107	1.0364254397097643	0.534237079906416	0	1	No-PER3D	No-Essential3D
68	Y	68	-20.394	-37.864	-4.831	0.64	0.709644146467251	0.8781789717470466	0.6632306591022765	0	1	No-PER3D	No-Essential3D
69	H	69	-23.148	-36.069	-6.823	1.12	0.706122448979592	0.7373639243841934	0.801767716844866	0	1	No-PER3D	No-Essential3D
70	S	70	-26.163	-37.75	-8.484	0.64	0.664932931836846	0.19900576436115922	1.4466288677918537	0	1	No-PER3D	No-Essential3D
71	D	71	-26.022	-38.639	-12.219	0.64	0.662575013638843	-0.3637462204080414	2.3270065043656025	0	1	No-PER3D	No-Essential3D
72	E	72	-29.293	-36.753	-12.691	-0.55	0.659804983748646	-0.7486053912080196	1.7375341503206856	0	1	No-PER3D	No-Essential3D
73	Y	73	-27.98	-33.522	-11.092	1.12	0.662575013638843	-0.1314741819924634	0.9341944674578219	0	1	No-PER3D	No-Essential3D
74	I	74	-24.655	-33.614	-13.018	0.88	0.617437722419929	0.23215906147711513	1.0807018320338355	0	1	No-PER3D	No-Essential3D
75	K	75	-26.498	-34.337	-16.3	-0.31	0.615248226950355	-0.6418824079435416	1.9783138186528377	0	1	No-PER3D	No-Essential3D
76	F	76	-28.706	-31.267	-15.643	0.17	0.61443661971831	-0.973549488672018	0.8626440010806968	0	1	No-PER3D	No-Essential3D
77	L	77	-25.647	-29.028	-14.889	1.12	0.61660777385159	-0.11160258484816567	0.06810685009448968	0	1	No-PER3D	No-Essential3D
78	R	78	-23.973	-30.238	-18.086	0.4	0.740425531914894	-0.21079072785901773	0.3281002545658533	0	1	No-PER3D	No-Essential3D
79	S	79	-27.124	-29.472	-20.165	-0.31	0.740925266903915	-1.1773786589068125	1.3129963711881427	0	1	No-PER3D	No-Essential3D
80	I	80	-28.646	-26.233	-18.695	0.64	0.822695035460993	-0.7518329007825503	0.6556539104005589	0	1	No-PER3D	No-Essential3D
81	R	81	-27.99	-23.016	-20.687	-0.07	0.735689045936396	-0.8242897735064122	0.6002645646796595	0	1	No-PER3D	No-Essential3D
82	P	82	-29.642	-19.523	-20.632	0.17	0.817432273262662	-1.8018181653624483	0.5886498303302146	0	1	No-PER3D	No-Essential3D
83	D	83	-31.232	-20.386	-24.026	0.17	0.735689045936396	-2.6071929859757823	2.061063940865934	0	1	No-PER3D	No-Essential3D
84	N	84	-33.008	-23.58	-22.779	0.17	0.735211267605634	-1.9309577011705021	1.4452117494580696	0	1	No-PER3D	No-Essential3D
85	M	85	-34.199	-22.592	-19.248	-0.31	0.680311890838207	-1.4466549040275818	1.0583462753808195	0	1	No-PER3D	No-Essential3D
86	S	86	-37.919	-22.785	-20.164	-0.07	0.619217081850534	-1.6554728245204993	1.7391075545192014	0	1	No-PER3D	No-Essential3D
87	E	87	-37.601	-26.495	-21.101	-0.55	0.619217081850534	-2.1880316279876686	2.591374996568934	0	1	No-PER3D	No-Essential3D
88	Y	88	-35.785	-27.314	-17.815	0.17	0.618794326241135	-1.8501125709082322	1.0051399738545619	0	1	No-PER3D	No-Essential3D
89	S	89	-38.196	-25.399	-15.465	0.17	0.618374558303887	-1.8603031335463336	0.6317964281044409	0	1	No-PER3D	No-Essential3D
90	K	90	-39.051	-28.337	-13.147	-0.07	0.530035335689046	-1.8755889775034855	0.17710642611370142	0	1	No-PER3D	No-Essential3D
91	Q	91	-35.391	-29.486	-13.004	0.4	0.464095744680851	-1.4896802092929295	0.8792531091982178	0	1	No-PER3D	No-Essential3D
92	M	92	-34.252	-25.94	-12.103	0.64	0.4644128113879	-1.0746107541487302	0.2642741691395488	0	1	No-PER3D	No-Essential3D
93	Q	93	-36.594	-25.662	-9.075	0.17	0.623214285714286	-0.6863503176370741	-0.6815284790955433	0	1	No-PER3D	No-Essential3D
94	R	94	-35.724	-29.23	-7.95	-1.5	0.251079136690648	-1.0260357389071144	-0.1990082623988576	0	1	No-PER3D	No-Essential3D
95	F	95	-31.955	-28.534	-8.055	0.64	0.209987966305656	0.12633249480487152	-0.20307396439481376	0	1	No-PER3D	No-Essential3D
96	N	96	-32.19	-24.915	-6.697	0.17	0.211352657004831	0.4501012277639731	-0.9289146560306508	0	1	No-PER3D	No-Essential3D
97	V	97	-30.892	-23.318	-9.933	0.64	0	-0.3376583800545022	-0.5570788198363759	0	1	No-PER3D	No-Essential3D
98	G	98	-32.047	-19.999	-11.456	1.12	0	-0.9107824736197265	-0.5912134451470322	0	1	No-PER3D	No-Essential3D
99	E	99	-31.976	-17.376	-8.653	-0.31	0	-0.5811837112118695	-2.1824925059428417	0	1	No-PER3D	No-Essential3D
100	D	100	-29.276	-17.532	-5.887	1.12	0.211352657004831	-0.2647055979229982	-2.238655194523789	0	1	No-PER3D	No-Essential3D
101	C	101	-27.428	-20.037	-8.051	1.12	0.181960375391032	0.022912841974770153	-1.7562488322070196	0	1	No-PER3D	No-Essential3D
102	P	102	-28.27	-18.595	-11.541	1.12	0.319343065693431	-0.6045928893862507	-1.3504696792037385	0	1	No-PER3D	No-Essential3D
103	V	103	-27.873	-20.191	-14.965	0.4	0.283860502838605	-0.8763651163659765	-0.40348627251751984	0	1	No-PER3D	No-Essential3D
104	F	104	-25.032	-18.496	-16.867	-0.07	0.284086284086284	-1.1143539484373248	-0.6479541621276849	0	1	No-PER3D	No-Essential3D
105	D	105	-22.896	-19.101	-19.982	-0.31	0.257037037037037	-1.4180327150527408	0.34807930021698685	0	1	No-PER3D	No-Essential3D
106	G	106	-20.21	-21.7	-19.252	1.12	0.257992565055762	-1.1569097380140356	0.030457388047476962	0	1	No-PER3D	No-Essential3D
107	L	107	-21.679	-22.756	-15.849	0.88	0.259176029962547	-0.6415118420294289	-0.8910226633330862	0	1	No-PER3D	No-Essential3D
108	F	108	-20.548	-26.39	-16.219	1.12	0.259176029962547	-0.4360221436564231	-0.1657824028750449	0	1	No-PER3D	No-Essential3D
109	E	109	-17.023	-25.308	-17.378	0.64	0.235413839891452	-0.7834385871346202	-0.018246073367918256	0	1	No-PER3D	No-Essential3D
110	F	110	-16.663	-23.08	-14.291	0.64	0.237183868762816	-0.37618664752468456	-0.5193248023732977	0	1	No-PER3D	No-Essential3D
111	C	111	-17.66	-26.078	-12.113	0.64	0.236976506639428	0.41065132283910866	-0.5305265678045454	0	1	No-PER3D	No-Essential3D
112	Q	112	-15.163	-28.319	-13.97	-0.07	0.259479553903346	0.11413214861636817	-0.18455434126899176	0	1	No-PER3D	No-Essential3D
113	L	113	-12.222	-25.88	-13.467	-0.79	0.262406015037594	0.01664172650516943	0.04187685443853786	0	1	No-PER3D	No-Essential3D
114	S	114	-13.179	-25.192	-9.801	-0.55	0.293501048218029	0.5012986144577933	-0.1488244893919751	0	1	No-PER3D	No-Essential3D
115	T	115	-13.46	-28.936	-9.055	0.17	0.292134831460674	0.5742222806960454	-0.05141494247348213	0	1	No-PER3D	No-Essential3D
116	G	116	-10.399	-29.799	-11.238	1.12	0.29156223893066	0.03656345611325009	0.0301613938452445	0	1	No-PER3D	No-Essential3D
117	G	117	-7.935	-27.775	-9.152	0.88	0.396590909090909	0.09116591266716875	0.5384154364085121	0	1	No-PER3D	No-Essential3D
118	S	118	-9.18	-29.266	-5.872	0.64	0.396958174904943	0.5672000566236087	0.23176916451262294	0	1	No-PER3D	No-Essential3D
119	V	119	-9.04	-32.903	-7.084	0.64	0.481161424127204	0.26639935194113523	0.10673419733935524	0	1	No-PER3D	No-Essential3D
120	A	120	-5.643	-32.323	-8.819	-0.07	0.483455242075932	-0.11334953844326862	0.60230324323523865	0	1	No-PER3D	No-Essential3D
121	G	121	-4.279	-30.819	-5.564	0.4	0.483455242075932	-0.09288522490063274	0.726696383813593	0	1	No-PER3D	No-Essential3D
122	A	122	-5.489	-33.907	-3.68	1.12	0.531297709923664	0.05413499133405874	0.32065033896262624	0	1	No-PER3D	No-Essential3D
123	V	123	-3.808	-36.203	-6.288	-0.07	0.531297709923664	-0.3655274279952054	0.6542748170908486	0	1	No-PER3D	No-Essential3D
124	K	124	-0.517	-34.237	-5.911	-0.31	0.527756653992396	-0.8871970430861963	1.4623731262191197	0	1	No-PER3D	No-Essential3D
125	L	125	-0.667	-34.528	-2.085	1.12	0.586938083121289	-0.6721907990241334	0.9333250414521714	0	1	No-PER3D	No-Essential3D
126	N	126	-1.53	-38.295	-2.361	-0.07	0.666666666666667	-0.7463819957233431	0.434477137767968	0	1	No-PER3D	No-Essential3D
127	R	127	1.474	-38.803	-4.655	-0.31	0.661538461538462	-1.1632686491002107	1.1639874336120406	0	1	No-PER3D	No-Essential3D
128	Q	128	3.692	-36.961	-2.071	-0.55	0.661538461538462	-1.246742649144483	1.7421735890116925	0	1	No-PER3D	No-Essential3D
129	Q	129	4.886	-34.571	-4.768	0.17	0.66796875	-1.9801441501704038	2.2102116720297365	0	1	No-PER3D	No-Essential3D
130	T	130	4.032	-31.436	-2.764	0.4	0.673228346456693	-1.2438092338123763	2.1038954027477677	0	1	No-PER3D	No-Essential3D
131	D	131	3.464	-30.449	0.894	-0.07	0.577052868391451	-1.439379262052553	1.8056526805694932	0	1	No-PER3D	No-Essential3D
132	M	132	0.75	-27.903	0.064	0.4	0.673228346456693	-0.7682292730945134	1.4689264121004928	0	1	No-PER3D	No-Essential3D
133	A	133	-1.774	-27.518	-2.733	1.12	0.449275362318841	-0.08078632343054774	1.171615148411955	0	1	No-PER3D	No-Essential3D
134	V	134	-3.671	-24.245	-3.393	0.64	0.539130434782609	0.37256236893539835	0.8065899483801049	0	1	No-PER3D	No-Essential3D
135	N	135	-6.876	-23.795	-5.422	1.12	0.533852140077821	0.5034278426042956	0.426334832457612	0	1	No-PER3D	No-Essential3D
136	W	136	-8.497	-20.382	-4.862	1.12	0.662162162162162	0.7274726649844139	0.13649776395834287	0	1	No-PER3D	No-Essential3D
137	A	137	-11.294	-21.166	-7.334	0.4	0.659615384615385	0.5050720342232158	-0.24237929703086297	0	1	No-PER3D	No-Essential3D
138	G	138	-12.408	-24.091	-5.081	1.12	0.527692307692308	1.041655550011411	-0.3886805169403531	0	1	No-PER3D	No-Essential3D
139	G	139	-13.927	-24.184	-1.623	1.12	0.658396946564885	1.781923842283252	-0.56761606148242	0	1	No-PER3D	No-Essential3D
140	L	140	-17.554	-24.407	-2.718	0.17	0.658396946564885	1.8699744735276538	-0.66156207550764	0	1	No-PER3D	No-Essential3D
141	H	141	-18.775	-25.897	0.561	1.12	0.562194459532863	2.0219551369900657	-0.5528415609925937	0	1	No-PER3D	No-Essential3D
142	H	142	-22.582	-25.503	0.235	1.12	0.561688311688312	2.1099400702578985	-0.6787819011822854	0	1	No-PER3D	No-Essential3D
143	A	143	-23.276	-27.786	-2.775	1.12	0.557951482479784	1.7182518990406992	-0.32836200578378416	0	1	No-PER3D	No-Essential3D
144	K	144	-25.232	-30.958	-1.948	1.12	0.556818181818182	1.6291658502289936	0.02058461672112859	0	1	No-PER3D	No-Essential3D
145	K	145	-25.493	-34.407	-3.629	1.12	0.562704471101418	1.5140700803645621	0.5014677159109693	0	1	No-PER3D	No-Essential3D
146	S	146	-28.404	-33.349	-5.838	-0.79	0.560064935064935	0.5254002215116882	0.4702831351143113	0	1	No-PER3D	No-Essential3D
147	E	147	-28.598	-29.571	-5.131	1.12	0.490935114503817	0.9364668102374905	-0.19300768853049383	0	1	No-PER3D	No-Essential3D
148	A	148	-26.981	-26.136	-5.719	1.12	0.369495166487648	1.0338166556744102	-0.741948776556601	0	1	No-PER3D	No-Essential3D
149	S	149	-26.85	-23.779	-2.715	1.12	0.369495166487648	1.3406452325597848	-1.234354346873449	0	1	No-PER3D	No-Essential3D
150	G	150	-25.154	-20.423	-1.787	1.12	0.18544474393531	1.6641297721110708	-1.246209300500203	0	1	No-PER3D	No-Essential3D
151	F	151	-23.515	-19.87	-5.206	1.12	0.18544474393531	0.6949076582244157	-1.3948950162359657	0	1	No-PER3D	No-Essential3D
152	C	152	-22.083	-23.428	-5.151	1.12	0.186477644492912	1.1890837736876614	-0.8036079635112374	0	1	No-PER3D	No-Essential3D
153	Y	153	-23.097	-26.064	-7.716	1.12	0.187534473248759	1.2512153252872362	-0.8227796075040447	0	1	No-PER3D	No-Essential3D
154	V	154	-20.441	-28.804	-7.441	0.64	0.186813186813187	0.9568212935198678	-0.15012621633464024	0	1	No-PER3D	No-Essential3D
155	N	155	-18.845	-29.56	-4.055	1.12	0.185387131952017	1.3484053187612053	0.08969350341279857	0	1	No-PER3D	No-Essential3D
156	D	156	-15.128	-29.669	-4.992	1.12	0.186097427476738	1.0759129435176211	0.07850323699399465	0	1	No-PER3D	No-Essential3D
157	I	157	-14.172	-30.092	-1.317	0.17	0.186477644492912	1.6699888832612528	-0.2652268009572333	0	1	No-PER3D	No-Essential3D
158	V	158	-16.101	-33.368	-0.896	1.12	0.185768604019555	1.5184537962847044	0.1347251905655938	0	1	No-PER3D	No-Essential3D
159	L	159	-14.625	-34.701	-4.17	0.88	0.184210526315789	0.7800273391916115	0.12970846862851768	0	1	No-PER3D	No-Essential3D
160	A	160	-11.066	-33.681	-3.125	0.88	0.182687201274562	0.7455583253528755	-0.21768337848822406	0	1	No-PER3D	No-Essential3D
161	I	161	-11.57	-35.229	0.373	1.12	0.42716049382716	0.776774699249834	-0.45330099331726736	0	1	No-PER3D	No-Essential3D
162	L	162	-12.801	-38.47	-1.313	1.12	0.384444444444444	0.8412425638754817	-0.31783003552123185	0	1	No-PER3D	No-Essential3D
163	E	163	-9.545	-38.543	-3.345	0.4	0.387313432835821	0.045931524639657835	-0.24528512129224567	0	1	No-PER3D	No-Essential3D
164	L	164	-7.47	-37.98	-0.13	1.12	0.387313432835821	-0.05689535384362229	-0.4892926234180542	0	1	No-PER3D	No-Essential3D
165	L	165	-9.372	-40.854	1.584	-0.31	0.387313432835821	0.7140302255342538	-0.9929895323405274	0	1	No-PER3D	No-Essential3D
166	K	166	-7.776	-43.304	-0.913	0.64	0.387313432835821	-0.19603867527814736	-0.6525219094807129	0	1	No-PER3D	No-Essential3D
167	Y	167	-4.387	-42.795	0.827	0.17	0.386666666666667	-0.5905590288389228	-0.2473355632542415	0	1	No-PER3D	No-Essential3D
168	H	168	-5.311	-41.152	4.165	0.17	0.386346863468635	-0.057447023399970966	-0.35268982367079654	0	1	No-PER3D	No-Essential3D
169	Q	169	-7.239	-42.963	6.915	-0.31	0.426814268142681	0.330667833645427	-1.0130206067112655	0	1	No-PER3D	No-Essential3D
170	R	170	-8.318	-39.709	8.639	1.12	0.31959706959707	0.8099948435502963	-0.9094615080915566	0	1	No-PER3D	No-Essential3D
171	V	171	-8.716	-36.332	6.88	0.64	0.364963503649635	0.8043834168508744	-0.790934388565615	0	1	No-PER3D	No-Essential3D
172	L	172	-9.423	-33.076	8.781	1.12	0.425790754257908	0.9320882564697128	-0.7513143706310927	0	1	No-PER3D	No-Essential3D
173	Y	173	-11.587	-30.335	7.215	1.12	0.428571428571429	1.399109131778654	-0.6463354971233052	0	1	No-PER3D	No-Essential3D
174	I	174	-11.377	-26.78	8.61	0.64	0.431013431013431	1.3805453501691518	-0.4401673994514963	0	1	No-PER3D	No-Essential3D
175	D	175	-13.669	-24.006	7.429	1.12	0.365424430641822	1.577835922662275	-0.38920098332933967	0	1	No-PER3D	No-Essential3D
176	I	176	-12.977	-20.296	8.231	0.88	0.483120437956204	1.4993381946361606	-0.6133051612225239	0	1	No-PER3D	No-Essential3D
177	D	177	-15.625	-18.898	5.796	1.12	0.486672794117647	1.63927195054613	-0.7663999841586616	0	1	No-PER3D	No-Essential3D
178	I	178	-18.255	-16.719	7.527	0.88	0.559214020180563	1.4361223459090144	-1.4015243523988137	0	1	No-PER3D	No-Essential3D
179	H	179	-20.949	-19.267	6.558	1.12	0.48570110701107	1.5932785445061666	-1.2160772344691402	0	1	No-PER3D	No-Essential3D
180	H	180	-21.298	-22.838	7.88	1.12	0.482142857142857	1.739003590231014	-0.9567127902482568	0	1	No-PER3D	No-Essential3D
181	G	181	-19.816	-25.527	5.545	1.12	0.547445255474453	1.9564278964794077	-0.7172044390034945	0	1	No-PER3D	No-Essential3D
182	D	182	-23.023	-27.562	5.505	1.12	0.478021978021978	2.0727800651031476	-0.8893486720578282	0	1	No-PER3D	No-Essential3D
183	G	183	-22.345	-29.567	2.309	1.12	0.566544566544567	1.9550435181587598	-0.32921024769303736	0	1	No-PER3D	No-Essential3D
184	V	184	-18.992	-30.887	3.556	1.12	0.566544566544567	1.8954951869169856	-0.5789012244504826	0	1	No-PER3D	No-Essential3D
185	E	185	-20.483	-31.578	7	0.4	0.56447688564476906	1.7201391998590871	-1.107846295240465	0	1	No-PER3D	No-Essential3D
186	E	186	-23.549	-33.358	5.493	0.64	0.558363417569194	1.7654990530900774	-0.7962170443500116	0	1	No-PER3D	No-Essential3D
187	A	187	-21.393	-35.612	3.241	1.12	0.505797101449275	1.2841189077151234	-0.29236078793740894	0	1	No-PER3D	No-Essential3D
188	F	188	-19.204	-36.839	6.113	1.12	0.508695652173913	1.0381911410995466	-1.0844163072379045	0	1	No-PER3D	No-Essential3D
189	Y	189	-21.645	-36.51	9.097	-0.07	0.512408759124088	0.9996782708367712	-1.5218441587766012	0	1	No-PER3D	No-Essential3D
190	T	190	-21.825	-40.28	9.712	-0.31	0.516176470588235	0.477411935634084	-1.8023605871073618	0	1	No-PER3D	No-Essential3D
191	T	191	-18.09	-41.145	9.284	1.12	0.467153284671533	0.3181479995471882	-1.4808594561297668	0	1	No-PER3D	No-Essential3D
192	D	192	-15.079	-40.844	11.641	0.17	0.284671532846715	0.40933897721156837	-1.5797253066937103	0	1	No-PER3D	No-Essential3D
193	R	193	-12.72	-40.835	8.642	0.64	0.319746376811594	0.6266600044423893	-1.3817158084706294	0	1	No-PER3D	No-Essential3D
194	V	194	-13.367	-37.144	8.059	1.12	0.319244604316547	0.8700265216365655	-1.2832407645600024	0	1	No-PER3D	No-Essential3D
195	M	195	-13.614	-34.652	10.908	1.12	0.364850976361768	0.8412150218142976	-1.1691000940868632	0	1	No-PER3D	No-Essential3D
196	T	196	-15.336	-31.381	9.925	1.12	0.367494824016563	1.553655239189785	-1.1368472643929675	0	1	No-PER3D	No-Essential3D
197	V	197	-14.522	-28.229	11.944	1.12	0.322727272727273	1.4664168806858895	-0.9386587677247368	0	1	No-PER3D	No-Essential3D
198	S	198	-16.419	-25.046	11.046	1.12	0.325367647058824	1.7403623319160944	-1.0561848122824988	0	1	No-PER3D	No-Essential3D
199	F	199	-16.263	-21.537	12.566	0.4	0.288398692810458	1.2426581436109867	-0.8277373676835793	0	1	No-PER3D	No-Essential3D
200	H	200	-19.128	-19.399	11.356	1.12	0.290534979423868	1.5588344427893848	-1.5678502162163006	0	1	No-PER3D	No-Essential3D
201	K	201	-21.784	-16.785	12.047	1.12	0.290788930194135	1.485462391795056	-1.3640265974147667	0	1	No-PER3D	No-Essential3D
202	Y	202	-24.911	-18.428	13.535	0.64	0.289136720363486	1.222953498237569	-1.3580317426348154	0	1	No-PER3D	No-Essential3D
203	G	203	-28.442	-17.182	14.346	0.4	0.289637952559301	1.3822266288170708	-1.8763254361600088	0	1	No-PER3D	No-Essential3D
204	E	204	-30.782	-16.038	11.544	-0.31	0.289637952559301	1.3252667471241046	-1.9184796678173437	0	1	No-PER3D	No-Essential3D
205	Y	205	-28.055	-16.37	8.925	-0.07	0.289637952559301	1.3351028554095767	-1.8668420777920323	0	1	No-PER3D	No-Essential3D
206	F	206	-27.378	-18.537	5.861	1.12	0.2893864013267	1.691882428592434	-1.6332618020758651	0	1	No-PER3D	No-Essential3D
207	P	207	-27.449	-21.598	5.626	1.12	0.162639405204461	2.032491794208329	-1.192258957822228	0	1	No-PER3D	No-Essential3D
208	G	208	-29.146	-21.825	9.094	1.12	0.162639405204461	1.808299416170102	-1.823318847431182	0	1	No-PER3D	No-Essential3D
209	T	209	-27.194	-24.951	10.091	1.12	0.1440329218107	1.1260236776136434	-1.5755195447176265	0	1	No-PER3D	No-Essential3D
210	G	210	-24.07	-25.501	12.247	1.12	0.1625	1.1067596303471348	-1.4426923017151545	0	1	No-PER3D	No-Essential3D
211	D	211	-25.437	-25.433	15.81	1.12	0.161305147058824	1.033307127542505	-1.7027369494010989	0	1	No-PER3D	No-Essential3D
212	L	212	-23.019	-26.174	18.696	0.4	0.161305147058824	0.45091647277502106	-1.082615536981598	0	1	No-PER3D	No-Essential3D
213	R	213	-25.031	-29.355	19.345	-0.55	0.16190036900369	0.47203872987944884	-1.868549306426833	0	1	No-PER3D	No-Essential3D
214	D	214	-24.671	-30.594	15.74	0.64	0	0.9914239150999095	-1.746919931693782	0	1	No-PER3D	No-Essential3D
215	I	215	-21.85	-33.077	16.53	0.64	0	0.1696569439634277	-1.255061892926688	0	1	No-PER3D	No-Essential3D
216	G	216	-22.263	-35.882	13.919	1.12	0	0.7017895966293671	-1.660421455307631	0	1	No-PER3D	No-Essential3D
217	A	217	-24.152	-39.18	13.999	0.17	0	-0.11049088710582727	-2.0190596950012516	0	1	No-PER3D	No-Essential3D
218	G	218	-23.448	-42.948	14.31	-0.55	0.159594095940959	-0.24774850169319804	-2.523186905541894	0	1	No-PER3D	No-Essential3D
219	K	219	-19.765	-43.682	13.555	-0.31	0.159340659340659	0.13976462689166383	-2.3299130914252126	0	1	No-PER3D	No-Essential3D
220	G	220	-19.291	-39.904	12.96	1.12	0.159466911764706	0.3465024002061684	-1.6370500152760572	0	1	No-PER3D	No-Essential3D
221	K	221	-20.642	-38.855	16.388	0.64	0.160055350553506	0.12262357794142228	-1.488019390842806	0	1	No-PER3D	No-Essential3D
222	Y	222	-18.166	-36.289	17.881	1.12	0.182773109243697	0.007966683438888214	-0.8510096989846816	0	1	No-PER3D	No-Essential3D
223	Y	223	-16.473	-35.905	14.448	1.12	0.182626896912611	0.6957882364593457	-0.9566824178195535	0	1	No-PER3D	No-Essential3D
224	A	224	-18.405	-32.772	13.471	0.17	0.31959706959707	0.9810029571325987	-1.136732626774628	0	1	No-PER3D	No-Essential3D
225	V	225	-17.303	-29.623	15.359	0.64	0.427350427350427	0.9135680165448161	-0.7221518657174844	0	1	No-PER3D	No-Essential3D
226	N	226	-19.156	-26.299	15.055	1.12	0.428223844282238	1.1468134060429374	-0.8457067291935281	0	1	No-PER3D	No-Essential3D
227	F	227	-18.159	-22.983	16.629	-0.07	0.388888888888889	0.7305455115645184	-0.3942371143705222	0	1	No-PER3D	No-Essential3D
228	P	228	-21.177	-20.635	16.24	1.12	0.386346863468635	0.8153309927135204	-0.6486118842552168	0	1	No-PER3D	No-Essential3D
229	M	229	-20.383	-16.896	16.437	0.64	0.386346863468635	0.4438067779112295	-0.30291985051980913	0	1	No-PER3D	No-Essential3D
230	R	230	-22.114	-13.482	16.435	0.4	0.424574209245742	-0.02456319102155991	-0.11912888992052614	0	1	No-PER3D	No-Essential3D
231	D	231	-21.492	-10.197	14.537	1.12	0.421497584541063	0.09465440294700292	-0.8030113130358935	0	1	No-PER3D	No-Essential3D
232	G	232	-18.266	-8.224	14.662	1.12	0.419975932611312	0.3104719913262809	-0.4510322293713657	0	1	No-PER3D	No-Essential3D
233	I	233	-15.665	-10.837	15.704	1.12	0.418772563176895	-0.2729614449617098	-0.16763094755438235	0	1	No-PER3D	No-Essential3D
234	D	234	-12.118	-9.387	15.633	0.17	0.417569193742479	-0.7676544822524114	-0.08214011019001193	0	1	No-PER3D	No-Essential3D
235	D	235	-8.619	-10.878	15.176	1.12	0.420606060606061	-0.34000267907244724	-0.4186065444291459	0	1	No-PER3D	No-Essential3D
236	E	236	-7.949	-11.11	18.937	0.4	0.377173913043478	-0.873204474169298	0.05940193864324806	0	1	No-PER3D	No-Essential3D
237	S	237	-11.165	-13.014	19.819	-0.31	0.419082125603865	-0.718960118078998	0.31377017105377636	0	1	No-PER3D	No-Essential3D
238	Y	238	-10.848	-15.334	16.764	1.12	0.419082125603865	-0.2887761808538511	-0.19523788797347288	0	1	No-PER3D	No-Essential3D
239	G	239	-7.153	-16.104	17.336	-1.02	0.376895306859206	-0.8738566701781364	0.022775537100376185	0	1	No-PER3D	No-Essential3D
240	Q	240	-7.668	-16.944	21.048	-0.79	0.420606060606061	-1.318165201199349	0.5188146196257791	0	1	No-PER3D	No-Essential3D
241	I	241	-10.128	-19.763	20.174	0.88	0.417874396135266	-1.1564749406748098	0.8069232404899094	0	1	No-PER3D	No-Essential3D
242	F	242	-8.793	-20.955	16.763	0.4	0.417874396135266	-0.27186259096735754	0.16544603859939797	0	1	No-PER3D	No-Essential3D
243	K	243	-5.321	-22.089	17.933	-0.07	0.504347826086957	-1.2676827216690632	0.38353847807910885	0	1	No-PER3D	No-Essential3D
244	P	244	-6.548	-24.035	21.054	0.17	0.507246376811594	-1.0756298104125404	0.992506521944891	0	1	No-PER3D	No-Essential3D
245	I	245	-9.464	-25.729	19.157	0.64	0.503597122302158	-0.640010074903814	0.8188633081576621	0	1	No-PER3D	No-Essential3D
246	I	246	-7.251	-26.812	16.221	0.64	0.504347826086957	-0.11049088710582727	0.11639618027497708	0	1	No-PER3D	No-Essential3D
247	S	247	-4.435	-27.977	18.562	-0.31	0.563288563288563	-0.7862178314904659	0.6567344349113358	0	1	No-PER3D	No-Essential3D
248	K	248	-6.904	-30.083	20.604	-0.07	0.567445674456745	-0.4680458202341949	1.1086339146968187	0	1	No-PER3D	No-Essential3D
249	V	249	-8.415	-31.475	17.35	1.12	0.478782287822878	0.21857164462631357	0.3233704963678348	0	1	No-PER3D	No-Essential3D
250	M	250	-4.902	-32.377	16.11	-0.07	0.480555555555556	0.03553599053293416	0.032760996372372175	0	1	No-PER3D	No-Essential3D
251	E	251	-4.014	-34.058	19.47	0.17	0.480555555555556	-0.6388742846407438	0.7680832222577794	0	1	No-PER3D	No-Essential3D
252	M	252	-7.292	-36.071	19.688	0.17	0.431960049937578	0.15631657105536811	0.7500308700049878	0	1	No-PER3D	No-Essential3D
253	Y	253	-8.061	-36.856	16.023	0.64	0.431960049937578	0.4201595019036608	-0.3464394285286168	0	1	No-PER3D	No-Essential3D
254	Q	254	-4.464	-37.124	14.653	0.64	0.387640449438202	0.032319515179171233	-0.29399664036953627	0	1	No-PER3D	No-Essential3D
255	P	255	-5.333	-36.69	10.912	1.12	0.287141073657928	0.07318628432273638	-0.43794958044871013	0	1	No-PER3D	No-Essential3D
256	S	256	-2.825	-37.512	8.172	-0.31	0.161516853932584	0.11285277545168942	-0.28183368931270425	0	1	No-PER3D	No-Essential3D
257	A	257	-4.087	-34.778	5.798	0.64	0.163207547169811	0.27999940824947245	-0.11546759208036061	0	1	No-PER3D	No-Essential3D
258	V	258	-5.84	-31.377	6.174	0.64	0.186195826645265	0.5707574893990911	-0.1747562107586736	0	1	No-PER3D	No-Essential3D
259	V	259	-8.231	-29.392	3.945	1.12	0.218476903870162	1.381449433970391	-0.3991195172198487	0	1	No-PER3D	No-Essential3D
260	L	260	-8.529	-25.704	4.863	1.12	0.217039800995025	1.0750403656670313	0.08918425577694715	0	1	No-PER3D	No-Essential3D
261	Q	261	-11.347	-23.672	3.317	1.12	0.218476903870162	1.6484531622181722	-0.1670252942618873	0	1	No-PER3D	No-Essential3D
262	C	262	-10.249	-20.02	3.469	0.4	0.186567164179104	1.4395209376430516	0.060733085038340046	0	1	No-PER3D	No-Essential3D
263	G	263	-13.5	-18.107	2.596	1.12	0.164473684210526	1.5066587620823064	0.0357998350549969	0	1	No-PER3D	No-Essential3D
264	A	264	-12.695	-14.407	2.695	0.4	0.164473684210526	1.040714882690971	-0.7332447443921527	0	1	No-PER3D	No-Essential3D
265	D	265	-16.212	-13.191	3.64	1.12	0.163389513108614	1.0398835952915126	-0.9602455820267648	0	1	No-PER3D	No-Essential3D
266	S	266	-15.134	-13.492	7.282	0.64	0.164003759398496	1.2284564020621433	-1.0164235810066555	0	1	No-PER3D	No-Essential3D
267	L	267	-13.09	-10.317	6.628	0.88	0.186895810955961	0.7351108836263878	-0.4836132062609842	0	1	No-PER3D	No-Essential3D
268	S	268	-13.993	-6.8	7.751	0.4	0.186567164179104	-0.12860342593221774	-0.40589481747672607	0	1	No-PER3D	No-Essential3D
269	G	269	-15.982	-4.834	5.175	0.64	0.187800963081862	-0.05861165913003978	-0.7262365673552139	0	1	No-PER3D	No-Essential3D
270	D	270	-17.279	-7.861	3.278	1.12	0.217661691542289	0.5250078576026275	-0.8928243215663173	0	1	No-PER3D	No-Essential3D
271	R	271	-20.471	-7.143	1.284	-0.31	0.220125786163522	0.33792351424375483	-1.3604415856713596	0	1	No-PER3D	No-Essential3D
272	L	272	-22.416	-10.153	2.639	0.64	0.219924812030075	0.9269914473301768	-1.6405672866800605	0	1	No-PER3D	No-Essential3D
273	G	273	-20.342	-10.749	5.815	0.64	0.220754716981132	1.2885807216269407	-1.6404044773209874	0	1	No-PER3D	No-Essential3D
274	C	274	-20.738	-9.441	9.373	0.17	0.166193181818182	0.7116847080656757	-0.844531868654317	0	1	No-PER3D	No-Essential3D
275	F	275	-17.26	-10.194	10.861	1.12	0.191200434546442	0.4164538427625332	-0.8049019062812726	0	1	No-PER3D	No-Essential3D
276	N	276	-14.419	-7.738	11.598	1.12	0.190839694656489	-0.14706574282875778	-0.6620271939945656	0	1	No-PER3D	No-Essential3D
277	L	277	-11.274	-9.841	10.833	0.64	0.193050193050193	0.0650022355684163	-0.5311909057269106	0	1	No-PER3D	No-Essential3D
278	T	278	-8.192	-8.332	9.131	0.64	0.296861747243427	0.33270594617304705	-0.4281459980595003	0	1	No-PER3D	No-Essential3D
279	V	279	-6.108	-10.095	6.433	-0.07	0.296861747243427	0.17306959749804782	-0.16489920325229268	0	1	No-PER3D	No-Essential3D
280	K	280	-3.523	-10.788	9.189	-0.55	0.267432950191571	-0.13920445165079423	0.2107611330556747	0	1	No-PER3D	No-Essential3D
281	G	281	-6.14	-12.303	11.542	1.12	0.268199233716475	-0.7028755543475084	-0.42807173396709636	0	1	No-PER3D	No-Essential3D
282	H	282	-7.551	-14.48	8.756	-0.31	0.368181818181818	0.23385748858346506	-0.45050369546828184	0	1	No-PER3D	No-Essential3D
283	A	283	-4.088	-15.655	7.58	0.88	0.494208494208494	-0.08714523451672274	-0.15577842015836155	0	1	No-PER3D	No-Essential3D
284	K	284	-3.009	-16.562	11.137	0.17	0.491400491400491	-0.7549886879220914	-0.06633536090720533	0	1	No-PER3D	No-Essential3D
285	C	285	-5.326	-19.575	10.69	1.12	0.540540540540541	-0.3863003855220551	-0.1646251896072434	0	1	No-PER3D	No-Essential3D
286	V	286	-3.157	-20.678	7.703	0.64	0.542635658914729	-0.11271428259050406	0.24197048915942962	0	1	No-PER3D	No-Essential3D
287	E	287	-0.043	-20.191	9.874	0.17	0.541538461538462	-1.0695154728296796	0.4842377884295219	0	1	No-PER3D	No-Essential3D
288	V	288	-1.475	-22.349	12.735	-0.07	0.489457310750086	-1.016919020503996	0.4073705933322012	0	1	No-PER3D	No-Essential3D
289	V	289	-2.57	-25.212	10.4	0.64	0.489457310750086	-0.016457526851455045	0.27612590997812075	0	1	No-PER3D	No-Essential3D
290	K	290	0.792	-25.154	8.528	-0.07	0.489457310750086	-1.148531527746649	1.3832250541790736	0	1	No-PER3D	No-Essential3D
291	T	291	2.777	-25.588	11.837	0.4	0.495612495612496	-1.8941671570821774	1.6612941514486925	0	1	No-PER3D	No-Essential3D
292	F	292	1.429	-29.153	12.215	0.64	0.565705128205128	-1.2434344085199402	0.7897695029325541	0	1	No-PER3D	No-Essential3D
293	N	293	3.403	-30.219	9.069	0.64	0.608952116585704	-1.7624737322205617	1.4062878354657637	0	1	No-PER3D	No-Essential3D
294	L	294	0.655	-32.345	7.454	0.88	0.669847328244275	-0.7505508622571118	0.7231786431192766	0	1	No-PER3D	No-Essential3D
295	P	295	-0.294	-32.457	3.708	0.17	0.670498084291188	-0.5557122756227815	0.9755768623918298	0	1	No-PER3D	No-Essential3D
296	L	296	-2.483	-29.383	3.258	-0.07	0.61013986013986	-0.010716014730963666	0.8468031524174301	0	1	No-PER3D	No-Essential3D
297	L	297	-5.078	-28.428	0.643	1.12	0.614869626497534	0.6588039505922857	0.5769874768912652	0	1	No-PER3D	No-Essential3D
298	M	298	-5.911	-24.692	0.78	0.4	0.612495612495613	0.9504108199287203	0.5888344886076159	0	1	No-PER3D	No-Essential3D
299	L	299	-9.133	-23.659	-0.94	1.12	0.561454311454312	1.2007788339370604	0.0604739120957407	0	1	No-PER3D	No-Essential3D
300	G	300	-11.209	-20.529	-1.617	1.12	0.561454311454312	1.3456912364966396	-0.015750655476554395	0	1	No-PER3D	No-Essential3D
301	G	301	-14.858	-19.956	-0.757	1.12	0.565245478036176	1.6153580968887193	-0.45328090086762524	0	1	No-PER3D	No-Essential3D
302	G	302	-16.893	-16.804	-0.243	1.12	0.560897435897436	1.5684092352595667	-0.4345203528738475	0	1	No-PER3D	No-Essential3D
303	G	303	-15.705	-13.185	-0.346	1.12	0.561454311454312	1.0220216214720126	-0.79197419587913	0	1	No-PER3D	No-Essential3D
304	Y	304	-17.648	-10.395	-1.951	1.12	0.514792899408284	0.5917209325403282	-1.2640084435101244	0	1	No-PER3D	No-Essential3D
305	T	305	-15.498	-7.304	-1.351	0.88	0.536923076923077	0.4489441058128081	-0.7991589146592225	0	1	No-PER3D	No-Essential3D
306	I	306	-13.21	-8.458	-4.191	0.64	0.540540540540541	0.4201595019036608	-0.8902493127671464	0	1	No-PER3D	No-Essential3D
307	R	307	-10.244	-6.123	-3.459	-0.55	0.53639846743295	0.30843818770463866	-0.2506723607187045	0	1	No-PER3D	No-Essential3D
308	N	308	-10.016	-7.626	0.064	1.12	0.609543712991989	0.20037082577500714	-0.26732171644507785	0	1	No-PER3D	No-Essential3D
309	V	309	-10.417	-11.156	-1.387	0.17	0.594295444870158	0.4787978521528662	-0.5398589998547288	0	1	No-PER3D	No-Essential3D
310	A	310	-7.397	-10.519	-3.641	1.12	0.594295444870158	0.37676386804671	0.0315233844663294	0	1	No-PER3D	No-Essential3D
311	R	311	-5.387	-9.127	-0.705	1.12	0.669230769230769	0.29726051091008615	0.22817503533385763	0	1	No-PER3D	No-Essential3D
312	C	312	-6.334	-12.045	1.573	1.12	0.737913486005089	0.6411946583536471	-0.27755237821124396	0	1	No-PER3D	No-Essential3D
313	W	313	-5.605	-14.921	-0.79	1.12	0.66412213740458	0.6700135694941971	-0.04741622396405883	0	1	No-PER3D	No-Essential3D
314	T	314	-2.37	-13.255	-2.029	1.12	0.57032967032967	0.04886758110201545	-0.062218709995974474	0	1	No-PER3D	No-Essential3D
315	Y	315	-1.156	-12.953	1.591	1.12	0.496197718631179	-0.3684047633283164	0.29522405904192595	0	1	No-PER3D	No-Essential3D
316	E	316	-2.275	-16.53	2.393	-0.31	0.492897727272727	0.1125897931900607	0.5688345209252712	0	1	No-PER3D	No-Essential3D
317	T	317	-0.323	-17.844	-0.639	1.12	0.491037735849057	0.14370220483618187	0.7491400716694018	0	1	No-PER3D	No-Essential3D
318	A	318	2.695	-15.847	0.668	0.4	0.485541044776119	-0.26079242186996754	0.515538798481514	0	1	No-PER3D	No-Essential3D
319	V	319	2.146	-17.329	4.195	0.64	0.561688311688312	-0.9414055425221216	0.9675909576401552	0	1	No-PER3D	No-Essential3D
320	A	320	2.092	-20.837	2.625	0.17	0.561688311688312	-0.6129782666427454	1.4453145918908457	0	1	No-PER3D	No-Essential3D
321	L	321	5.505	-20.094	1.059	0.64	0.556982343499197	-0.9510651682832798	1.1149437517949805	0	1	No-PER3D	No-Essential3D
322	D	322	6.877	-18.526	4.287	-0.55	0.552380952380952	-1.6721696694583112	1.4489783754310277	0	1	No-PER3D	No-Essential3D
323	C	323	7.478	-15.337	2.271	-0.55	0.426814268142681	-0.7747730457584445	0.6732693532021821	0	1	No-PER3D	No-Essential3D
324	E	324	7.494	-11.808	3.62	-0.55	0.428395061728395	-0.3941493426245719	0.3046375627296098	0	1	No-PER3D	No-Essential3D
325	I	325	5.656	-9.508	1.15	0.88	0.427696078431373	-0.3911151600646561	0.5547057434118698	0	1	No-PER3D	No-Essential3D
326	P	326	5.64	-5.69	1.686	0.17	0.426129426129426	-0.2338893365053803	0.702672014875052	0	1	No-PER3D	No-Essential3D
327	N	327	2.484	-3.774	2.686	-0.07	0.509489051094891	-0.1470013813805175	0.7773720720139166	0	1	No-PER3D	No-Essential3D
328	E	328	2.955	-1.38	-0.28	1.12	0.509489051094891	0.1182965082673973	1.0787374024655665	0	1	No-PER3D	No-Essential3D
329	L	329	1.185	-3.073	-3.236	0.88	0.514074074074074	0.030324160257025355	0.9068810163750418	0	1	No-PER3D	No-Essential3D
330	P	330	3.113	-3.635	-6.506	1.12	0.637867647058824	0.07559021191941633	0.7863749168295787	0	1	No-PER3D	No-Essential3D
331	Y	331	1.576	-2.279	-9.73	-0.31	0.630909090909091	-0.21943726585498233	0.9271502243939004	0	1	No-PER3D	No-Essential3D
332	N	332	-0.866	-4.765	-11.26	-0.55	0.628158844765343	-0.33863059770742937	0.034827603112532704	0	1	No-PER3D	No-Essential3D
333	D	333	-3.72	-4.895	-13.832	0.64	0.627697841726619	-0.759722368631403	-0.12510893762181943	0	1	No-PER3D	No-Essential3D
334	Y	334	-6.323	-4.175	-11.109	0.64	0.629496402877698	-0.2542704617815829	-0.07565270712904144	0	1	No-PER3D	No-Essential3D
335	F	335	-4.344	-1.502	-9.2	1.12	0.625	-0.03578479882069287	0.797594370333697	0	1	No-PER3D	No-Essential3D
336	E	336	-7.296	0.985	-9.023	0.17	0.628571428571429	-0.4374608113229786	1.1742387181195395	0	1	No-PER3D	No-Essential3D
337	Y	337	-9.42	-1.62	-7.151	-0.07	0.632616487455197	0.21104630606279237	0.8746714846748773	0	1	No-PER3D	No-Essential3D
338	F	338	-7.088	-1.334	-4.148	0.64	0.628571428571429	0.08363453934938692	1.176702115235254	0	1	No-PER3D	No-Essential3D
339	G	339	-7.589	2.433	-3.683	0.88	0.5	-0.02312452335500467	1.5675213058524404	0	1	No-PER3D	No-Essential3D
340	P	340	-7.56	4.773	-1.853	1.12	0.412249705535925	-0.19155930708557542	1.4791726152254037	0	1	No-PER3D	No-Essential3D
341	D	341	-4.66	3.352	0.238	1.12	0.40962441314554	-0.43170614065675683	1.533239923721398	0	1	No-PER3D	No-Essential3D
342	F	342	-3.034	0.846	-2.188	0.64	0.52330827067669194	-0.20127953606345647	1.4305092599004745	0	1	No-PER3D	No-Essential3D
343	K	343	-1.912	-1.339	0.752	-0.55	0.612676056338028	0.19586124788997358	1.3217433310730575	0	1	No-PER3D	No-Essential3D
344	L	344	-2.067	-5.134	1.158	1.12	0.612676056338028	-0.05560812487880945	0.91293120691565	0	1	No-PER3D	No-Essential3D
345	H	345	-3.301	-5.171	4.761	-0.07	0.612676056338028	-0.10900862344937645	0.649349603598453	0	1	No-PER3D	No-Essential3D
346	I	346	-6.714	-3.872	5.875	-0.07	0.702675416456335	0.21713297695975778	0.2828456925141068	0	1	No-PER3D	No-Essential3D
347	S	347	-7.925	-2.115	9.05	0.17	0.700656234225139	-0.5862975208266259	-0.007569213511697595	0	1	No-PER3D	No-Essential3D
348	P	348	-10.957	-3.298	11.129	0.17	0.700656234225139	-0.4392467435987027	-0.4610349161944415	0	1	No-PER3D	No-Essential3D
349	S	349	-14.186	-1.219	11.282	0.64	0.613074204946997	-0.14013616023484918	-0.28631900096529395	0	1	No-PER3D	No-Essential3D
350	N	350	-15.759	0.463	14.331	-0.31	0.610526315789474	-0.40753652385862504	0.15841269573524278	0	1	No-PER3D	No-Essential3D
351	M	351	-18.47	-2.235	14.532	-0.31	0.676413255360624	-0.17519169570991727	0.2141395698846916	0	1	No-PER3D	No-Essential3D
352	T	352	-19.414	-3.744	17.91	-0.31	0.680311890838207	-0.3167725792952701	0.5768791550425384	0	1	No-PER3D	No-Essential3D
353	N	353	-18.107	-7.233	18.652	0.4	0.677933177933178	-0.38289800796917134	0.5207322396954241	0	1	No-PER3D	No-Essential3D
354	Q	354	-21.214	-9.105	19.847	0.4	0.681193561052218	-0.48179793304682417	0.6261784191113304	0	1	No-PER3D	No-Essential3D
355	N	355	-19.008	-12.052	20.844	1.12	0.685119748723989	-0.15065545069998612	0.5124756752258341	0	1	No-PER3D	No-Essential3D
356	T	356	-17.95	-11.473	24.481	-0.07	0.685119748723989	-0.5850270091210963	1.3633331651321325	0	1	No-PER3D	No-Essential3D
357	P	357	-14.646	-13.025	25.771	-0.31	0.689519306540583	-1.3822731043408587	1.1607161560002464	0	1	No-PER3D	No-Essential3D
358	E	358	-16.798	-15.136	28.172	-0.31	0.693459416863672	-1.6499699206959246	1.7958176236350105	0	1	No-PER3D	No-Essential3D
359	Y	359	-18.967	-16.402	25.263	-0.07	0.698412698412699	-0.7997434873555822	1.2940776785752446	0	1	No-PER3D	No-Essential3D
360	M	360	-15.801	-17.316	23.308	0.64	0.697904310003954	-1.1305273575274728	0.8904547740834243	0	1	No-PER3D	No-Essential3D
361	E	361	-14.319	-19.197	26.286	0.17	0.624113475177305	-1.6096152926490437	1.238197124915429	0	1	No-PER3D	No-Essential3D
362	K	362	-17.649	-20.906	27.123	0.17	0.621908127208481	-1.2219662898956736	1.480540289230866	0	1	No-PER3D	No-Essential3D
363	I	363	-18.209	-22.202	23.546	1.12	0.518617021276596	-0.7630957962633259	0.84065018244948	0	1	No-PER3D	No-Essential3D
364	K	364	-14.543	-23.343	23.443	-0.31	0.501067615658363	-0.8531049789878211	0.9976909982275572	0	1	No-PER3D	No-Essential3D
365	Q	365	-14.983	-25.265	26.741	0.64	0.497526501766784	-1.027588586547206	1.7674926252538472	0	1	No-PER3D	No-Essential3D
366	R	366	-18.133	-27.008	25.403	-0.31	0.556741795175959	-0.45449463649499544	0.8932774425373698	0	1	No-PER3D	No-Essential3D
367	L	367	-16.214	-28.068	22.275	0.88	0.624555160142349	-0.0260018586881157	0.09945891784606753	0	1	No-PER3D	No-Essential3D
368	F	368	-13.333	-29.261	24.496	-0.07	0.72864768683274	-0.5948617108416765	1.147389738429036	0	1	No-PER3D	No-Essential3D
369	E	369	-15.832	-31.516	26.406	-0.55	0.72864768683274	-0.6409295241643944	0.8372698214804731	0	1	No-PER3D	No-Essential3D
370	N	370	-16.934	-33.047	23.054	1.12	0.767599891274803	-0.1238312600138874	-0.15886520088217054	0	1	No-PER3D	No-Essential3D
371	L	371	-13.291	-33.552	21.951	1.12	0.767599891274803	-0.25100948173739035	0.4484262308991134	0	1	No-PER3D	No-Essential3D
372	R	372	-12.581	-35.508	25.175	0.64	0.77087325485902	-0.22741533200588088	1.385259416159571	0	1	No-PER3D	No-Essential3D
373	M	373	-15.176	-38.071	23.982	-0.07	0.765425387333515	0.045931524639657835	0.539892343486994	0	1	No-PER3D	No-Essential3D
