Uniprot_position	aminoacid	Position_in_structure	x	y	z	paraz	mtr	paraz3dscore	mtr3dscore	PER3D_OR	PER3D_pvalue	PER3D	Essential3D
1	M	1	8.682	-13.18	-28.127	-1.55	0	-0.965748611383323	-1.4476676920322016	1.9276720160780663	1	No-PER3D	No-Essential3D
2	T	2	6.527	-10.324	-29.575	-1.55	0	-0.5270577247733491	-1.112144085288405	1.2896380309555238	1	No-PER3D	No-Essential3D
3	E	3	7.594	-8.374	-32.681	-0.95	0	-0.24838113696783312	-1.1397713288882603	0.5924674588929206	0.510241335444982	No-PER3D	No-Essential3D
4	Y	4	7.108	-4.639	-33.43	0.55	0	0.30421285592925285	-0.5788443746298135	0.631679995705576	0.5381454191169175	No-PER3D	No-Essential3D
5	K	5	7.727	-3.074	-36.873	1.15	0	0.8266653583046796	-0.6738354323492542	0.9402163518552923	1	No-PER3D	No-Essential3D
6	L	6	9.018	0.498	-36.722	0.55	0	0.9643114983535901	-0.5241068807839637	0.9383431046603152	1	No-PER3D	No-Essential3D
7	V	7	9.887	2.903	-39.545	0.85	0	1.0383256028567753	-0.7461118681660448	1.393671105930328	0.7549573495070199	No-PER3D	No-Essential3D
8	V	8	12.235	5.819	-38.781	0.85	0	1.4027027327186117	-0.8847767421324291	2.8745101694310855	0.0680803516723443	No-PER3D	No-Essential3D
9	V	9	11.513	8.804	-41.078	1.15	0	0.9472313203913163	-0.920734598277866	2.387832898646681	0.12469958036555961	No-PER3D	No-Essential3D
10	G	10	12.912	12.345	-41.173	1.75	0	0.9472313203913163	-0.8019312486034996	4.571067561157517	0.014143840481855336	PER3D	Essential3D
11	A	11	15.089	14.605	-43.319	-0.35	0	0.8179759195957327	-0.8080553668540358	7.002576815391179	8.222848504784897e-4	PER3D	Essential3D
12	G	12	18.738	14.114	-44.415	-0.05	0	1.083872744089505	-1.165693811864979	9.590428479830623	2.2854196740279475e-4	PER3D	Essential3D
13	G	13	21.34	14.912	-41.708	1.75	0	1.3116084502531524	-1.0278431583031018	6.988350655189708	0.0024493716068179692	PER3D	Essential3D
14	V	14	18.906	14.6	-38.763	1.75	0	1.4254763033349764	-0.6166284749630676	9.633808213849447	0.0014211503548726481	PER3D	Essential3D
15	G	15	20.692	11.45	-37.465	1.75	0	1.3444447613744228	-0.7251294219417351	16.35089538460187	1.9697272284207813e-5	PER3D	Essential3D
16	K	16	18.141	8.629	-38.079	1.75	0	1.1982053639186017	-0.9620266371649039	16.140698243722987	2.0757604770203286e-6	PER3D	Essential3D
17	S	17	20.905	6.104	-38.853	1.15	0	0.7357624503822153	-1.4982197543062699	37.107848854335195	1.0041668210289703e-6	PER3D	Essential3D
18	A	18	22.801	7.363	-35.787	0.55	0	0.7625807478261968	-0.9435298363999665	18.124272316496427	7.554877724279885e-6	PER3D	Essential3D
19	L	19	19.846	6.736	-33.415	1.75	0	1.072718342154959	-0.5323195418256043	13.293492394609911	1.2033799160613996e-4	PER3D	Essential3D
20	T	20	19.185	3.308	-34.992	0.55	0	0.9161764513690009	-1.031751072134835	22.0189754902451	1.186574515504724e-4	PER3D	Essential3D
21	I	21	22.905	2.268	-34.828	-0.65	0	0.3067246468060578	-1.2814838157504365	38.107848854335195	4.316278185838516e-4	PER3D	Essential3D
22	Q	22	23.087	3.594	-31.208	0.25	0	0.2884244561321933	-0.69362640539936	38.107848854335195	4.316278185838516e-4	PER3D	Essential3D
23	L	23	20.323	1.187	-30.202	0.85	0	0.1078625748167299	-0.6055921407620225	13.845760302364901	0.0031949116872460504	PER3D	Essential3D
24	I	24	21.297	-1.785	-32.416	-0.35	0	0.19082343920491576	-1.3453160883479134	38.107848854335195	0.002326685396667972	PER3D	Essential3D
25	Q	25	25.114	-1.816	-32.343	-0.65	0	-0.03962340631782282	-1.6580212023636058	38.107848854335195	0.011651578093709147	PER3D	No-Essential3D
26	N	26	25.295	0.233	-29.092	-0.95	0	-0.27534983901352816	-0.8558968437846204	38.107848854335195	0.0010118507387132452	PER3D	No-Essential3D
27	H	27	27.523	2.991	-30.509	-1.25	0	-0.04341900142055027	-0.9025822243196961	38.107848854335195	0.002326685396667972	PER3D	No-Essential3D
28	F	28	27.353	6.477	-32.111	-0.65	0	0.045397923983272255	-0.9639370254167141	38.107848854335195	0.0010118507387132452	PER3D	Essential3D
29	V	29	28.485	6.912	-35.745	-0.95	0	0.20709027535946203	-1.1869318626515821	38.107848854335195	0.0010118507387132452	PER3D	Essential3D
30	D	30	30.529	9.97	-36.807	-0.35	0	0.3921255366174257	-1.458650906790424	38.107848854335195	0.0010118507387132452	PER3D	Essential3D
31	E	31	29.389	9.511	-40.415	-0.65	0	0.3551184843658329	-1.6253645065185527	38.107848854335195	0.005252560468077485	PER3D	Essential3D
32	Y	32	27.167	7.084	-42.34	-0.35	0	0.48140828505658295	-1.7481131350877959	13.845760302364901	0.0031949116872460504	PER3D	Essential3D
33	D	33	25.672	6.842	-45.84	1.15	0	0.23149052959128139	-1.596556408507803	8.643097183491976	5.215706479058514e-4	PER3D	Essential3D
34	P	34	22.249	8.712	-45.847	-1.55	0	0.7392987191114644	-1.6157122948865434	9.590428479830623	2.2854196740279475e-4	PER3D	Essential3D
35	T	35	21.221	6.826	-49.007	-0.05	0	-0.07757935734509744	-1.3300808873669032	8.643097183491976	5.215706479058514e-4	PER3D	No-Essential3D
36	I	36	21.016	3.418	-47.172	-0.95	0	-0.07757935734509744	-1.2637190229848116	6.988350655189708	0.0024493716068179692	PER3D	No-Essential3D
37	E	37	17.424	2.198	-46.787	-0.35	0	0.09322242227763822	-1.057955850778537	10.751972127700858	6.439377592159092e-4	PER3D	Essential3D
38	D	38	18.174	-1.008	-44.781	-0.05	0	0.09911213881635325	-1.1967518275861415	8.60234288531402	0.0030423658593719846	PER3D	Essential3D
39	S	39	16.561	-2.456	-41.625	0.25	0	0.62840133176221	-1.226054582304778	4.448864401801102	0.08665701592372593	No-PER3D	No-Essential3D
40	Y	40	18.067	-3.532	-38.334	1.75	0	0.5170638754155379	-1.6576885977541496	12.15480910008469	0.006814079940007138	PER3D	Essential3D
41	R	41	16.521	-6.144	-36.048	-0.95	0	0.3494250917117417	-1.6343854574208396	4.048866030787089	0.35847964499324725	No-PER3D	No-Essential3D
42	K	42	17.288	-6.614	-32.369	1.15	0	-0.39387894923905237	-1.626230945036086	5.1682844182217655	0.04721772552040052	PER3D	No-Essential3D
43	Q	43	15.587	-8.252	-29.37	-1.25	0	-0.5493176058269388	-1.5307529595216072	2.959382428187642	0.6150877869959483	No-PER3D	No-Essential3D
44	V	44	15.262	-6.064	-26.224	0.25	0	-0.5330507696723925	-0.9791152320762886	1.9819079811032458	0.6748567641704905	No-PER3D	No-Essential3D
45	V	45	13.342	-6.001	-22.904	-0.65	0.157258064516129	-0.6241450521378517	-0.6869951239566092	0.9435801959993411	1	No-PER3D	No-Essential3D
46	I	46	10.791	-3.131	-22.762	1.15	0.180883864337102	-0.4191829165905688	-0.24215331798858097	0.5359578358659175	0.47371185412100136	No-PER3D	No-Essential3D
47	D	47	8.873	-2.776	-19.429	1.75	0.210274790919952	-0.017296376301778958	0.2370298657996127	0.3492578374240769	0.2552785444052043	No-PER3D	No-Essential3D
48	G	48	9.651	-6.482	-18.707	-0.65	0.211031175059952	-0.6819548852409313	-0.6451206818495074	0.4641665557107395	0.6095890410958905	No-PER3D	No-Essential3D
49	E	49	8.288	-7.572	-22.126	-0.95	0.211031175059952	-0.5630159941676093	-0.7541989249724124	0.6151680007174962	0.670075245996527	No-PER3D	No-Essential3D
50	T	50	10.927	-9.264	-24.327	-0.95	0.209677419354839	-0.6469186227542164	-1.0944808192161912	0.945149720393413	1	No-PER3D	No-Essential3D
51	C	51	10.321	-8.187	-27.944	0.25	0.179989685404848	-0.4191829165905688	-1.0601502731851755	1.9819079811032458	0.6748567641704905	No-PER3D	No-Essential3D
52	L	52	12.007	-8.086	-31.364	-0.65	0.17921146953405	-0.12213634333363717	-1.2718198309978423	1.2896380309555238	1	No-PER3D	No-Essential3D
53	L	53	12.304	-4.538	-32.757	1.45	0.179591836734694	0.10786257481672984	-1.0206481186808891	1.160140187782946	1	No-PER3D	No-Essential3D
54	D	54	12.368	-4.368	-36.548	-0.35	0.180883864337102	0.5415770937873193	-1.2081661060957136	1.2089818957423957	1	No-PER3D	No-Essential3D
55	I	55	13.622	-0.817	-37.246	1.15	0.158273381294964	0.824604401687814	-1.1859951717568196	2.111993397258544	0.34720309405745237	No-PER3D	No-Essential3D
56	L	56	13.864	0.442	-40.836	0.25	0.157258064516129	0.7472682613207966	-1.1159476169865745	2.494783213566375	0.15979750178460572	No-PER3D	No-Essential3D
57	D	57	16.331	3.288	-41.4	1.75	0.157823741007194	0.7883459439980741	-1.3500096924889606	9.550510775164351	6.585863738795213e-5	PER3D	Essential3D
58	T	58	14.937	5.455	-44.271	0.25	0.157706093189964	0.7406803310801013	-1.185429430331075	10.60435323847109	2.614420637840891e-5	PER3D	Essential3D
59	A	59	17.006	7.237	-46.852	0.25	0.254151624548737	0.3323449137494681	-1.3487235786012195	10.633511651851727	9.659910449708425e-5	PER3D	Essential3D
60	G	60	14.537	9.022	-49.164	-0.35	0.34434270765206	-0.1732283539338294	-1.2241374923311026	8.643097183491976	5.215706479058514e-4	PER3D	No-Essential3D
61	Q	61	15.848	7.467	-52.373	0.25	0.346304774362328	-0.8746543289178639	-1.068708193604874	6.988350655189708	0.0024493716068179692	PER3D	No-Essential3D
62	E	62	14.023	7.411	-55.724	-0.65	0.421744324970131	-1.3301257412451588	-0.742913215623691	6.761950363467282	0.012739008611866033	PER3D	No-Essential3D
63	E	63	15.135	3.761	-55.998	-0.95	0.463047743623283	-1.2845786000124293	-0.5595455942274182	6.761950363467282	0.012739008611866033	PER3D	No-Essential3D
64	Y	64	12.339	1.214	-55.525	-1.55	0.510791366906475	-1.365162003731874	-0.2678531915975501	5.1682844182217655	0.04721772552040052	PER3D	No-Essential3D
65	S	65	13.005	-1.025	-52.51	-0.65	0.507142857142857	-0.8421206566087712	-0.6272971847338445	8.60234288531402	0.0030423658593719846	PER3D	No-Essential3D
66	A	66	10.578	-3.964	-52.134	-0.65	0.559495665878645	-1.1023900350815115	-0.24161075055246645	38.107848854335195	0.24028137726767868	No-PER3D	No-Essential3D
67	M	67	11.581	-4.209	-48.437	-0.05	0.561486753657572	-0.2328537024566753	-0.5842981501166543	1.9819079811032458	0.6748567641704905	No-PER3D	No-Essential3D
68	R	68	10.746	-0.514	-47.893	-0.65	0.505714285714286	-0.05480578672873269	-0.7679095320449264	3.9670206765857063	0.018309298919249598	PER3D	No-Essential3D
69	D	69	7.378	-0.814	-49.691	-0.35	0.506093189964158	-0.5270577247733491	-0.4040963986992454	1.9819079811032458	0.6748567641704905	No-PER3D	No-Essential3D
70	Q	70	6.385	-3.887	-47.64	-0.35	0.505714285714286	-0.30531506350874504	-0.367706584013249	1.9819079811032458	0.6748567641704905	No-PER3D	No-Essential3D
71	Y	71	7.611	-2.187	-44.416	0.55	0.502491103202847	0.40066562559856245	-0.7154822137049535	1.2089818957423957	1	No-PER3D	No-Essential3D
72	M	72	5.66	1.027	-45.117	0.85	0.502127659574468	0.3707753141645837	-0.6021695348553394	1.2089818957423957	1	No-PER3D	No-Essential3D
73	R	73	2.444	-1.039	-45.399	-0.35	0.454866688082236	0.20191446385574274	-0.3098618897252317	0.9419182011589254	1	No-PER3D	No-Essential3D
74	T	74	3.175	-3.466	-42.492	-0.05	0.498245614035088	0.2640242019003739	-0.6153101423665162	0.9419182011589254	1	No-PER3D	No-Essential3D
75	G	75	4.863	-0.753	-40.344	1.15	0.498245614035088	0.669678428504371	-0.6080855023971113	1.2089818957423957	1	No-PER3D	No-Essential3D
76	E	76	2.876	0.011	-37.228	-0.65	0.414319248826291	0.6257220881602846	-0.21781370257419297	0.45941697946514404	0.24211623692337864	No-PER3D	No-Essential3D
77	G	77	5.109	2.504	-35.383	1.45	0.413145539906103	0.7682961226913076	0.041901394742324696	0.3493828085301073	0.092351716505928	No-PER3D	No-Essential3D
78	F	78	6.527	5.543	-37.16	0.25	0.413427561837456	0.9168665595694967	-0.22649898994872134	0.631679995705576	0.5381454191169175	No-PER3D	No-Essential3D
79	L	79	9.306	7.733	-35.77	1.15	0.410798122065728	1.2508789286095132	-0.1307970920593504	0.5348627365585938	0.3687610984996499	No-PER3D	No-Essential3D
80	C	80	9.724	11.27	-37.113	0.55	0.409356725146199	1.2151556805838428	-0.17704807550480028	0.5913710099909391	0.4124475168719105	No-PER3D	No-Essential3D
81	V	81	13.289	12.361	-36.387	1.75	0.406759906759907	1.5757818694029837	-0.24473943660365677	1.4190962201288482	0.5987446456686218	No-PER3D	No-Essential3D
82	F	82	14.302	15.979	-36.789	1.15	0.524812030075188	1.3043623141479455	-0.006261854383769877	1.0704061541181507	0.9999999999999999	No-PER3D	No-Essential3D
83	A	83	17.442	17.846	-35.752	0.85	0.528169014084507	1.3444447613744228	0.23706608103720275	1.2189101494411256	0.7959851023107343	No-PER3D	No-Essential3D
84	I	84	16.808	20.738	-33.317	1.15	0.528169014084507	1.0191478591798369	0.6468093051470549	0.6810148954064823	0.5776703098318897	No-PER3D	No-Essential3D
85	N	85	20.009	22.468	-34.571	-0.05	0.527472527472528	1.174967026554964	0.7050491236692087	1.7922454803382377	0.5171007004947722	No-PER3D	No-Essential3D
86	N	86	18.428	22.897	-37.995	0.55	0.531187122736419	0.7520292865367615	0.2269435807539728	2.111993397258544	0.34720309405745237	No-PER3D	No-Essential3D
87	T	87	15.008	24.601	-38.341	-0.95	0.527819548872181	0.293728859226067	0.3504772411266567	0.3492578374240769	0.2552785444052043	No-PER3D	No-Essential3D
88	K	88	14.483	23.101	-41.851	-0.65	0.529678068410463	0.10135584035491133	-0.46739656194849977	1.6553597628036445	0.7115031758470605	No-PER3D	No-Essential3D
89	S	89	14.154	19.601	-40.387	1.75	0.465106007067138	0.8668540123335584	-0.25670878825229543	1.103276223952336	1	No-PER3D	No-Essential3D
90	F	90	11.226	20.869	-38.211	0.85	0.416370106761566	0.07424444676400092	0.18373981697746306	0.41670012248618804	0.2159302455790701	No-PER3D	No-Essential3D
91	E	91	9.37	22.167	-41.349	-0.65	0.248763250883392	-0.2409549726364098	-0.16902617458681168	0	0.05119387185758007	No-PER3D	No-Essential3D
92	D	92	9.808	18.749	-43.051	-0.95	0.25017667844523	-0.0491123940746415	-0.6664811322731278	1.4498298987482618	1	No-PER3D	No-Essential3D
93	I	93	7.874	17.053	-40.129	-0.05	0.211469534050179	0.5453447801025266	-0.18136389140185627	0.1711850442774259	0.10274811465577267	No-PER3D	No-Essential3D
94	H	94	4.464	18.181	-41.428	-1.55	0.212230215827338	-0.051302160480061205	-0.22241008011859212	0	0.02340291284917951	No-PER3D	No-Essential3D
95	H	95	5.359	16.836	-44.899	-1.55	0.212394705174489	-0.6349325329561296	-0.7417342411671105	0	0.4864864864864864	No-PER3D	No-Essential3D
96	Y	96	6.219	13.402	-43.456	-1.55	0.210872162485066	0.1462298711260734	-0.6715919889955843	1.4498298987482618	1	No-PER3D	No-Essential3D
97	R	97	3.144	13.367	-41.142	-1.55	0.361495135688684	-0.2294031614541958	-0.03692777472520228	0	0.01051435214963137	No-PER3D	No-Essential3D
98	E	98	0.669	13.826	-44.02	-0.65	0.359183673469388	-1.2325247243178814	-0.23627761333187391	0	0.2332469455757127	No-PER3D	No-Essential3D
99	Q	99	2.533	11.264	-46.172	-0.05	0.419047619047619	-0.7297316068137245	-0.49608134282625566	0.9466342821426567	1	No-PER3D	No-Essential3D
100	I	100	2.539	8.539	-43.429	1.45	0.417857142857143	-0.07757935734509744	-0.42430048589542213	0.44922924826727045	0.4238270600374132	No-PER3D	No-Essential3D
101	K	101	-1.136	9.208	-42.631	-0.35	0.420549581839904	-0.6378091945076705	-0.12790867668413736	0.22026945950394314	0.19351726799151076	No-PER3D	No-Essential3D
102	R	102	-1.957	8.747	-46.33	-0.35	0.420549581839904	-1.1827673431392693	-0.22263982214759073	0.4641665557107395	0.6095890410958905	No-PER3D	No-Essential3D
103	V	103	-0.079	5.368	-46.367	0.25	0.422382671480144	-0.7459341471731935	-0.13961725555001944	0.6151680007174962	0.670075245996527	No-PER3D	No-Essential3D
104	K	104	-1.948	4.227	-43.212	0.25	0.506859205776173	-0.15184100065933032	-0.06593190011619966	0.44922924826727045	0.4238270600374132	No-PER3D	No-Essential3D
105	D	105	-5.278	5.731	-44.418	-0.05	0.508695652173913	-0.8291071876851344	-0.1136544319005344	0.9466342821426567	1	No-PER3D	No-Essential3D
106	S	106	-5.993	7.206	-40.93	-0.95	0.508695652173913	-0.6631854589087626	-0.07632029619775382	0	0.4864864864864864	No-PER3D	No-Essential3D
107	E	107	-4.943	9.893	-38.417	-0.95	0.512408759124088	-0.6708908023503897	0.28999684578038343	0	0.05119387185758007	No-PER3D	No-Essential3D
108	D	108	-4.731	7.144	-35.755	-0.95	0.509090909090909	-0.5615177329428485	0.41134898551235366	0	0.004638684771896189	No-PER3D	No-Essential3D
109	V	109	-1.072	6.311	-36.496	-0.05	0.636363636363636	-0.09892957979793937	0.2311407694939362	0	8.517892435051376e-4	No-PER3D	No-Essential3D
110	P	110	1.405	5.4	-33.668	1.75	0.635379061371841	0.1921076631118536	0.3960560190601218	0.11428579544719636	0.0025792476873231973	No-PER3D	No-Essential3D
111	M	111	3.95	8.189	-34.221	0.55	0.635869565217391	0.4917599080640214	0.37016929254078335	0	1.4373943484149158e-4	No-PER3D	No-Essential3D
112	V	112	6.473	9.898	-31.928	1.15	0.635379061371841	0.810589896693128	0.6452575987060374	0	2.2079790298232167e-5	No-PER3D	No-Essential3D
113	L	113	8.177	13.2	-32.625	1.15	0.696748506967485	0.6565048869909152	0.5803711939883861	0.055909753589730445	5.282957825357e-4	No-PER3D	No-Essential3D
114	V	114	11.948	12.866	-32.005	1.15	0.699300699300699	1.4169362143538395	0.48876627278521867	0.5913710099909391	0.4124475168719105	No-PER3D	No-Essential3D
115	G	115	14.088	16.016	-31.563	1.45	0.792506386602328	1.212148366336784	0.6609082572802824	0.5178740725057205	0.28266348838960825	No-PER3D	No-Essential3D
116	N	116	17.596	14.672	-32.144	1.75	0.792506386602328	1.5561767955680261	0.34234108124093227	1.6759270665763584	0.420894998015729	No-PER3D	No-Essential3D
117	K	117	20.775	16.596	-31.203	1.75	0.858548585485855	1.4596366592595236	0.608601373686749	4.3951687662803804	0.03627604254759108	PER3D	No-Essential3D
118	C	118	19.607	17.671	-27.709	0.25	0.861728395061728	0.9886378124210707	1.0024249228650102	1.6422042286038259	0.5449207919416081	No-PER3D	No-Essential3D
119	D	119	23.247	17.859	-26.514	1.75	0.864197530864198	1.0122986650095016	1.21384884135653	6.422644082381337	0.10800778464713234	No-PER3D	No-Essential3D
120	L	120	23.981	20.723	-28.949	1.75	0.948969246367016	1.174967026554964	1.2113870547983985	3.140984326810085	0.262697034169137	No-PER3D	No-Essential3D
121	P	121	23.695	24.245	-27.374	-0.95	0.975	0.3165785956304464	1.281127929919035	0.6151680007174962	0.670075245996527	No-PER3D	No-Essential3D
122	S	122	23.144	25.638	-30.902	-0.65	0.902564102564103	0.2184770606676444	1.1264708257847869	0.6151680007174962	0.670075245996527	No-PER3D	No-Essential3D
123	R	123	19.483	24.565	-30.917	-0.35	0.952521525215252	0.9472313203913166	1.0530734878609451	0.36000724284462243	0.18468088333393265	No-PER3D	No-Essential3D
124	T	124	17.242	26.792	-33.087	-0.65	0.999148453022992	0.2640242019003739	1.0110786174756203	0.09719085679837751	0.012730682585195004	No-PER3D	No-Essential3D
125	V	125	14.17	24.678	-32.398	-0.35	1.00746268656716	0.19334760343579363	1.0369530732526548	0.19853089962722537	0.043771573931760475	No-PER3D	No-Essential3D
126	D	126	12.706	25.395	-28.953	-0.65	1.01503759398496	-0.30036428728779613	1.229910197526418	0	0.002007788931119247	No-PER3D	No-Essential3D
127	T	127	11.106	22.572	-26.908	-0.95	1.00835494093921	0.4826504798174755	1.2838539379845517	0.08344734115133315	0.005991541700743265	No-PER3D	No-Essential3D
128	K	128	7.772	24.466	-26.581	-0.65	0.989661654135338	-0.1378623383884159	1.5572426309858824	0	8.517892435051376e-4	No-PER3D	No-Essential3D
129	Q	129	7.422	24.901	-30.359	-0.35	0.917832167832168	-0.48750362843966305	1.1960072196290183	0	8.517892435051376e-4	No-PER3D	No-Essential3D
130	A	130	7.991	21.152	-30.924	1.45	0.911756168359942	0.2260682508730993	0.9356453003618472	0.06342270599147251	0.0012208199130127192	No-PER3D	No-Essential3D
131	Q	131	5.851	20.117	-27.898	-0.65	0.909143686502177	-0.0491123940746415	1.4089727849852265	0	5.703945827043301e-5	No-PER3D	No-Essential3D
132	D	132	2.914	22.239	-29.034	-0.95	0.919553728714034	-0.8366983778905892	1.5585490889627227	0	3.538201473021349e-4	No-PER3D	No-Essential3D
133	L	133	3.326	20.968	-32.632	-0.65	0.913424978063761	-0.6031232946458225	1.025025664612355	0	1.4373943484149158e-4	No-PER3D	No-Essential3D
134	A	134	3.273	17.353	-31.361	1.45	0.903123192596877	-0.1661432430754048	1.0244354274280505	0	1.4373943484149158e-4	No-PER3D	No-Essential3D
135	R	135	0.173	18.134	-29.2	-1.25	0.903123192596877	-0.30531506350874493	1.3939251167194966	0	3.538201473021349e-4	No-PER3D	No-Essential3D
136	S	136	-1.593	19.519	-32.341	-0.95	0.895624821275379	-1.0622013810526323	1.1235192091851784	0	0.004638684771896189	No-PER3D	No-Essential3D
137	Y	137	-1.298	16.082	-34.001	-0.05	0.897147796024201	-0.6753855860246722	0.7439220128293317	0	8.517892435051376e-4	No-PER3D	No-Essential3D
138	G	138	-1.939	14.149	-30.725	-0.95	0.903123192596877	-0.6924657639869457	1.0453691631377742	0	0.01051435214963137	No-PER3D	No-Essential3D
139	I	139	1.551	12.592	-30.629	0.55	0.935309973045822	0.043634808838779515	0.9518714804499394	0	5.703945827043301e-5	No-PER3D	No-Essential3D
140	P	140	4.294	12.635	-27.927	-0.95	0.913424978063761	0.48441359496196823	1.1544508065464063	0	1.4373943484149158e-4	No-PER3D	No-Essential3D
141	F	141	7.561	14.587	-28.37	0.55	0.912587412587413	0.41584800600947225	1.2226394426722382	0.04409361504151687	9.062366389618697e-5	No-PER3D	No-Essential3D
142	I	142	10.906	13.511	-26.867	0.55	0.952315608919383	0.8733710913652687	1.1297023786872775	0.19908149164276204	0.017434653667657455	No-PER3D	No-Essential3D
143	E	143	14.27	15.413	-27.103	1.75	1.04360902255639	0.9292521856941864	1.186547705704869	0.3493828085301073	0.092351716505928	No-PER3D	No-Essential3D
144	T	144	16.971	12.859	-28.004	0.55	0.920075757575757	1.5750432671127232	0.6194137917249016	2.5665964610495853	0.11227085737063602	No-PER3D	No-Essential3D
145	S	145	20.667	12.609	-28.717	1.75	0.949571183533448	1.224207179238996	0.22784849635470056	6.261435534200021	0.0050481424679373835	PER3D	No-Essential3D
146	A	146	22.248	9.697	-30.562	1.75	0.778867924528302	0.9130709644667694	-0.10976334030961585	10.751972127700858	6.439377592159092e-4	PER3D	Essential3D
147	K	147	25.645	11.079	-29.431	-0.35	0.782509505703422	0.6880837926878556	-0.3040638734895271	17.616622350188965	6.495886371199077e-4	PER3D	Essential3D
148	T	148	25.067	10.909	-25.64	-0.05	0.780228136882129	0.6625616876867572	0.3148037145062956	17.616622350188965	6.495886371199077e-4	PER3D	No-Essential3D
149	R	149	22.328	8.277	-25.952	-0.65	0.827514690632561	0.39054403865795595	0.1819006710609732	8.60234288531402	0.0030423658593719846	PER3D	No-Essential3D
150	Q	150	19.922	10.511	-24.1	-0.95	0.827514690632561	1.0326322102026844	0.8055512296700722	4.970759210191873	0.019429624254944537	PER3D	No-Essential3D
151	R	151	16.258	9.469	-24.47	-0.35	0.896853146853147	0.9978392550943492	0.982371917280887	2.821435616986207	0.09823868698822652	No-PER3D	No-Essential3D
152	V	152	17.012	7.281	-27.549	0.55	0.862893081761006	0.8447502526176751	0.2726759986994753	2.5665964610495853	0.11227085737063602	No-PER3D	No-Essential3D
153	E	153	15.836	3.994	-26.001	-0.65	0.942148760330579	0.5946082914927654	0.2333161177383563	2.4530414614616602	0.2236295328798548	No-PER3D	No-Essential3D
154	D	154	12.995	5.68	-24.121	-0.65	0.859649122807018	0.7276290323049421	0.9032749210951905	0.5924674588929206	0.510241335444982	No-PER3D	No-Essential3D
155	A	155	11.554	7.159	-27.38	0.55	0.853932584269663	1.1048945015815341	0.6573680669789724	0.5348627365585938	0.3687610984996499	No-PER3D	No-Essential3D
156	F	156	11.191	3.579	-28.735	1.75	0.812075983717775	1.0093410584359477	0.03422240279554432	0.6600138800843651	0.5600820770329242	No-PER3D	No-Essential3D
157	Y	157	9.982	2.326	-25.309	-0.95	0.857142857142857	0.537307049296751	0.22050753391379882	0.3579134815290124	0.13187969254550164	No-PER3D	No-Essential3D
158	T	158	7.311	5.098	-25.045	-0.65	0.862155388471178	0.6409660603781353	1.0720588750459752	0.07243194290879117	0.0027425156556509012	No-PER3D	No-Essential3D
159	L	159	6.136	4.193	-28.547	0.55	0.894554883318928	0.7441156905696851	0.5621315767900368	0.27218022178996387	0.04374332828750598	No-PER3D	No-Essential3D
160	V	160	5.601	0.529	-27.434	0.85	0.966292134831461	0.005513400309206407	0.06947510249524126	0.3989449259937998	0.15255234906912277	No-PER3D	No-Essential3D
161	R	161	3.962	1.71	-24.148	0.85	0.966292134831461	-0.05130216048006118	0.8221552285280727	0	0.002007788931119247	No-PER3D	No-Essential3D
162	E	162	1.45	3.813	-26.184	-0.65	0.967105263157895	-0.44448688394208513	1.1975812678112379	0	5.703945827043301e-5	No-PER3D	No-Essential3D
163	I	163	0.805	0.816	-28.579	1.15	0.967105263157895	-0.17518037427237496	0.7911767479866751	0.12963514738351048	0.005495365408026009	No-PER3D	No-Essential3D
164	R	164	0.018	-1.39	-25.524	0.85	0.991902834008097	-0.5974108605447277	0.7952782066568715	0	8.517892435051376e-4	No-PER3D	No-Essential3D
165	Q	165	-2.283	1.301	-24.12	-1.55	0.985306828003457	-1.064434084054237	1.4990449131264507	0	8.517892435051376e-4	No-PER3D	No-Essential3D
166	Y	166	-3.847	1.545	-27.584	-1.55	0.907407407407407	-0.9471156899699337	1.225326516395184	0	1.4373943484149158e-4	No-PER3D	No-Essential3D
167	R	167	-4.741	-2.189	-27.369	-1.25	0.904059040590406	-1.1450904799871955	1.5105218376275278	0	0.002007788931119247	No-PER3D	No-Essential3D
168	L	168	-5.723	-2.381	-23.695	-1.55	0.930873308733087	-1.6879961366451768	1.5659267661369778	0	0.004638684771896189	No-PER3D	No-Essential3D
169	K	169	-6.566	1.139	-22.631	-0.65	0.920681265206813	-1.8311442948051837	1.570996509440957	0	0.004638684771896189	No-PER3D	No-Essential3D
170	K	170	-8.268	2.373	-25.823	-0.65	0.895522388059701	-2.0845002679122415	1.4646628902853627	0	0.002007788931119247	No-PER3D	No-Essential3D
171	I	171	-9.629	-0.768	-27.709	-1.25	0.837803320561941	-2.0784002043542866	1.5464141795628414	0	0.004638684771896189	No-PER3D	No-Essential3D
172	S	172	-10.495	-3.529	-25.187	-0.65	0.862745098039216	-2.416249878333324	1.5320618435493893	0	0.004638684771896189	No-PER3D	No-Essential3D
173	K	173	-12.23	-1.078	-22.764	-0.95	0.881644223954642	-2.6264674532536136	1.5303144895007879	0	0.01051435214963137	No-PER3D	No-Essential3D
174	E	174	-13.818	1.085	-25.487	-0.65	0.883811375789986	-2.6264674532536136	1.5303144895007879	0	0.01051435214963137	No-PER3D	No-Essential3D
175	E	175	-17.287	0.197	-26.951	-1.55	0.942307692307692	-2.0702667862770134	1.5650837583165356	0	0.02340291284917951	No-PER3D	No-Essential3D
176	K	176	-19.217	3.108	-25.375	-0.65	0.916666666666666	-2.0961458437956098	1.5653103507538135	0	0.02340291284917951	No-PER3D	No-Essential3D
177	T	177	-22.872	2.05	-25.736	-0.35	0.985714285714286	-2.058880000968831	1.6311875840725256	0	0.2332469455757127	No-PER3D	No-Essential3D
178	P	178	-25.838	3.406	-23.674	-0.65	0.987650200267023	-2.4004835602143024	1.6456715299453346	0	0.2332469455757127	No-PER3D	No-Essential3D
179	G	179	-28.521	1.028	-25.061	-0.65	0.982142857142857	-2.4004835602143024	1.6456715299453346	0	0.2332469455757127	No-PER3D	No-Essential3D
180	C	180	-27.577	-2.626	-24.549	-0.65	0.95963442498096	-2.4004835602143024	1.6456715299453346	0	0.2332469455757127	No-PER3D	No-Essential3D
181	V	181	-30.727	-3.802	-22.623	-0.65	0.953689167974882	-2.298002492440661	1.6583608842475022	0	0.2332469455757127	No-PER3D	No-Essential3D
182	K	182	-28.658	-6.201	-20.468	-0.95	0.900432900432901	-2.298002492440661	1.6583608842475022	0	0.2332469455757127	No-PER3D	No-Essential3D
183	I	183	-28.236	-5.448	-16.716	-1.55	0.903096903096903	-2.4688042720633967	1.6379409281190092	0	0.2332469455757127	No-PER3D	No-Essential3D
184	K	184	-24.521	-6.312	-16.82	-1.55	0.901818181818182	-2.4688042720633967	1.6379409281190092	0	0.2332469455757127	No-PER3D	No-Essential3D
