Uniprot_position	aminoacid	Position_in_structure	x	y	z	paraz	mtr	paraz3dscore	mtr3dscore	PER3D_OR	PER3D_pvalue	PER3D	Essential3D
100	L	100	-2.931	22.075	-43.607	NA	0.531851851851852	Inf	0.19258240007960836	0	1	No-PER3D	No-Essential3D
101	R	101	-2.635	25.15	-41.362	NA	0.409116809116809	Inf	-0.10554935474916204	0	1	No-PER3D	No-Essential3D
102	L	102	-2.157	28.634	-42.789	NA	0.241750841750842	Inf	-0.43886348217569415	0	1	No-PER3D	No-Essential3D
103	V	103	-0.761	31.575	-40.79	NA	0.242649543764785	Inf	-0.6702242975952423	0	1	No-PER3D	No-Essential3D
104	V	104	-2.946	34.752	-41.292	NA	0.134586466165414	Inf	-0.8734489563410444	0	1	No-PER3D	No-Essential3D
105	P	105	-2.826	38.166	-39.371	NA	0	Inf	-1.059100196467081	0	1	No-PER3D	No-Essential3D
106	A	106	-5.939	39.027	-37.233	NA	0.134716981132075	Inf	-1.1172242945160922	0	1	No-PER3D	No-Essential3D
107	S	107	-6.43	42.158	-39.431	NA	0.134716981132075	Inf	-1.166002017336384	0	1	No-PER3D	No-Essential3D
108	Q	108	-6.208	39.932	-42.598	NA	0.136259541984733	Inf	-0.7855305672338199	0	1	No-PER3D	No-Essential3D
109	C	109	-8.467	37.042	-41.369	NA	0.136259541984733	Inf	-1.0351480881037014	0	1	No-PER3D	No-Essential3D
110	G	110	-11.498	38.896	-42.746	NA	0.151553852703278	Inf	-1.1551206942798977	0	1	No-PER3D	No-Essential3D
111	S	111	-9.894	38.543	-46.239	NA	0.171814671814672	Inf	-0.9846429389236282	0	1	No-PER3D	No-Essential3D
112	L	112	-10.095	34.729	-46.152	NA	0.170673076923077	Inf	-0.858588126530054	0	1	No-PER3D	No-Essential3D
113	I	113	-13.533	34.541	-44.479	NA	0.227564102564103	Inf	-1.049786609431399	0	1	No-PER3D	No-Essential3D
114	G	114	-14.999	37.515	-46.422	NA	0.227564102564103	Inf	-1.0504885481438802	0	1	No-PER3D	No-Essential3D
115	K	115	-18.062	39.605	-45.644	NA	0.229328165374677	Inf	-0.9686110267376533	0	1	No-PER3D	No-Essential3D
116	G	116	-21.092	37.359	-45.054	NA	0.228205128205128	Inf	-0.5391080700876449	0	1	No-PER3D	No-Essential3D
117	G	117	-18.766	34.512	-45.868	NA	0.225602027883397	Inf	-0.7700934281086006	0	1	No-PER3D	No-Essential3D
118	C	118	-18.637	35.542	-49.592	NA	0.2264631043257	Inf	-0.45340612184698165	0	1	No-PER3D	No-Essential3D
119	K	119	-14.947	34.51	-49.871	NA	0.27175572519084	Inf	-0.8146296240553119	0	1	No-PER3D	No-Essential3D
120	I	120	-15.184	31.392	-47.671	NA	0.26969696969697	Inf	-0.793563331040467	0	1	No-PER3D	No-Essential3D
121	K	121	-18.428	30.175	-49.352	NA	0.269201520912548	Inf	-0.44605784278453403	0	1	No-PER3D	No-Essential3D
122	E	122	-17.309	30.958	-52.94	NA	0.270229007633588	Inf	-0.42301030212274165	0	1	No-PER3D	No-Essential3D
123	I	123	-13.876	29.36	-52.221	NA	0.222853535353535	Inf	-0.41708132611531396	0	1	No-PER3D	No-Essential3D
124	R	124	-15.632	26.422	-50.377	NA	0.268441064638783	Inf	-0.3824849730874408	0	1	No-PER3D	No-Essential3D
125	E	125	-17.858	25.85	-53.413	NA	0.268441064638783	Inf	-0.33880184068016445	0	1	No-PER3D	No-Essential3D
126	S	126	-14.959	26.412	-55.954	NA	0.267424242424243	Inf	-0.3265842976479012	0	1	No-PER3D	No-Essential3D
127	T	127	-12.284	24.258	-54.148	NA	0.267424242424243	Inf	-0.06816716594949473	0	1	No-PER3D	No-Essential3D
128	G	128	-14.406	21.98	-51.869	NA	0.268441064638783	Inf	-0.07519009479430673	0	1	No-PER3D	No-Essential3D
129	A	129	-12.707	22.846	-48.538	NA	0.225190839694657	Inf	-0.10763725798831461	0	1	No-PER3D	No-Essential3D
130	Q	130	-13.624	23.565	-44.906	NA	0.22669220945083	Inf	-0.5017266340325057	0	1	No-PER3D	No-Essential3D
131	V	131	-11.828	26.322	-43.058	NA	0.225826972010178	Inf	-0.6411880049354749	0	1	No-PER3D	No-Essential3D
132	Q	132	-11.632	26.273	-39.261	NA	0.270992366412214	Inf	-0.6560741639578951	0	1	No-PER3D	No-Essential3D
133	V	133	-9.892	29.215	-37.606	NA	0.269201520912548	Inf	-0.9579306612620236	0	1	No-PER3D	No-Essential3D
134	A	134	-7.908	28.426	-34.447	NA	0.270229007633588	Inf	-0.9443057068418761	0	1	No-PER3D	No-Essential3D
135	G	135	-6.255	30.643	-31.779	NA	0.268939393939394	Inf	-0.9431699379555102	0	1	No-PER3D	No-Essential3D
136	D	136	-2.852	32.211	-32.361	NA	0.337121212121212	Inf	-0.9300815489245083	0	1	No-PER3D	No-Essential3D
137	M	137	-0.312	29.41	-31.606	NA	0	Inf	-0.42008329623137886	0	1	No-PER3D	No-Essential3D
138	L	138	2.524	31.639	-32.874	NA	0	Inf	-0.3442526427141023	0	1	No-PER3D	No-Essential3D
139	P	139	4.844	32.916	-30.068	NA	0.446115288220551	Inf	-0.13376930722204092	0	1	No-PER3D	No-Essential3D
140	N	140	4.187	36.477	-31.28	NA	0.446115288220551	Inf	-0.624181903006906	0	1	No-PER3D	No-Essential3D
141	S	141	0.445	36.106	-30.462	NA	0.444862155388471	Inf	-1.0461304052429419	0	1	No-PER3D	No-Essential3D
142	T	142	-0.585	38.482	-33.27	NA	0.446115288220551	Inf	-1.2067073821842342	0	1	No-PER3D	No-Essential3D
143	E	143	-1.96	36.312	-36.131	NA	0.535338345864662	Inf	-1.1749398663781616	0	1	No-PER3D	No-Essential3D
144	R	144	-4.649	33.593	-36.253	NA	0.537358490566038	Inf	-1.090451893196559	0	1	No-PER3D	No-Essential3D
145	A	145	-3.957	30.179	-37.709	NA	0.573033707865169	Inf	-0.9591999691990971	0	1	No-PER3D	No-Essential3D
146	I	146	-6.339	28.972	-40.374	NA	0.57036643653744	Inf	-0.9242716217540592	0	1	No-PER3D	No-Essential3D
147	T	147	-6.919	25.153	-40.389	NA	0.668539325842697	Inf	-0.48790572918497693	0	1	No-PER3D	No-Essential3D
148	I	148	-7.853	24.11	-43.958	NA	0.590381426202322	Inf	-0.23868191606634304	0	1	No-PER3D	No-Essential3D
149	A	149	-8.894	20.58	-44.908	NA	0.603799185888738	Inf	-0.038091488717099393	0	1	No-PER3D	No-Essential3D
150	G	150	-10.025	18.861	-48.129	NA	0.603799185888738	Inf	-0.2475856805489609	0	1	No-PER3D	No-Essential3D
151	I	151	-8.994	16.101	-50.615	NA	0.607763023493361	Inf	-0.20594922620829217	0	1	No-PER3D	No-Essential3D
152	P	152	-5.115	15.735	-50.985	NA	0.603799185888738	Inf	-0.13849416823678382	0	1	No-PER3D	No-Essential3D
153	Q	153	-5.317	17.528	-54.353	NA	0.607763023493361	Inf	-0.07886952982792517	0	1	No-PER3D	No-Essential3D
154	S	154	-7.906	20.207	-53.258	NA	0.668539325842697	Inf	-0.14243826445075095	0	1	No-PER3D	No-Essential3D
155	I	155	-5.953	20.89	-50.027	NA	0.729315628192033	Inf	-0.10942396636491974	0	1	No-PER3D	No-Essential3D
156	I	156	-2.801	21.872	-52.102	NA	0.664179104477612	Inf	0.03254608822188213	0	1	No-PER3D	No-Essential3D
157	E	157	-4.728	23.85	-54.765	NA	0.669172932330827	Inf	0.22036994185816522	0	1	No-PER3D	No-Essential3D
158	C	158	-7.081	25.667	-52.242	NA	0.62474407721556	Inf	-0.15174048495682244	0	1	No-PER3D	No-Essential3D
159	V	159	-4.034	26.718	-50.133	NA	0.539393939393939	Inf	-0.1141586745804905	0	1	No-PER3D	No-Essential3D
160	K	160	-2.683	28.432	-53.274	NA	0.575741239892183	Inf	0.21108499792733243	0	1	No-PER3D	No-Essential3D
161	Q	161	-5.87	30.528	-53.811	NA	0.541444866920152	Inf	-0.25008725525029446	0	1	No-PER3D	No-Essential3D
162	I	162	-5.834	31.808	-50.21	NA	0.537358490566038	Inf	-0.5118449385448764	0	1	No-PER3D	No-Essential3D
163	C	163	-2.04	32.314	-50.191	NA	0.539393939393939	Inf	-0.3535235613483138	0	1	No-PER3D	No-Essential3D
164	V	164	-2.238	34.265	-53.543	NA	0.542965779467681	Inf	-0.0900650428858047	0	1	No-PER3D	No-Essential3D
165	V	165	-5.212	36.353	-52.131	NA	0.537358490566038	Inf	-0.6238857285620494	0	1	No-PER3D	No-Essential3D
166	M	166	-3.402	36.919	-48.77	NA	0.50377358490566	Inf	-0.7884436922824833	0	1	No-PER3D	No-Essential3D
167	L	167	-0.368	38.216	-50.764	NA	0.505681818181818	Inf	-0.6166032519664719	0	1	No-PER3D	No-Essential3D
168	E	168	-2.718	40.837	-52.331	NA	0.50187969924812	Inf	-0.3785026536695728	0	1	No-PER3D	No-Essential3D
169	T	169	-3.609	41.854	-48.681	NA	0.537358490566038	Inf	-0.8002364903069966	0	1	No-PER3D	No-Essential3D
170	L	170	0.181	42.248	-47.996	NA	0.413352685050798	Inf	-0.7198024562504907	0	1	No-PER3D	No-Essential3D
171	S	171	0.276	44.629	-51.02	NA	0.383827493261455	Inf	-0.4426329298650105	0	1	No-PER3D	No-Essential3D
172	Q	172	-2.285	46.857	-49.202	NA	0.383827493261455	Inf	-0.5572484817995069	0	1	No-PER3D	No-Essential3D
173	S	173	0.3	47.149	-46.385	NA	0.380952380952381	Inf	-0.7460800079542296	0	1	No-PER3D	No-Essential3D
174	P	174	3.754	46.256	-47.813	NA	0.447368421052632	Inf	-0.45889933641600966	0	1	No-PER3D	No-Essential3D
175	P	175	6.661	45.595	-45.441	NA	0.394736842105263	Inf	-0.5789299461279307	0	1	No-PER3D	No-Essential3D
176	K	176	9.786	47.76	-44.806	NA	0.359245283018868	Inf	-0.6930316543257582	0	1	No-PER3D	No-Essential3D
177	G	177	12.207	45.856	-47.121	NA	0.358238993710692	Inf	-0.7724311948081817	0	1	No-PER3D	No-Essential3D
178	V	178	10.841	42.535	-45.85	NA	0.287593984962406	Inf	-0.6400339861800253	0	1	No-PER3D	No-Essential3D
179	T	179	9.153	40.483	-48.651	NA	0.310584152689416	Inf	-0.6407753594294426	0	1	No-PER3D	No-Essential3D
180	I	180	7.092	37.343	-48.638	NA	0.308849045691151	Inf	-0.4418729649975931	0	1	No-PER3D	No-Essential3D
181	P	181	9.678	34.534	-48.53	NA	0.308556611927398	Inf	-0.7404536569813582	0	1	No-PER3D	No-Essential3D
182	Y	182	8.801	31.149	-50.024	NA	0.310584152689416	Inf	-0.6044932441251936	0	1	No-PER3D	No-Essential3D
183	R	183	8.424	28.906	-47.024	NA	0.311756168359942	Inf	-0.8074801285935095	0	1	No-PER3D	No-Essential3D
184	P	184	5.911	26.105	-46.475	NA	0.311451706188548	Inf	-0.3943409305041263	0	1	No-PER3D	No-Essential3D
185	K	185	7.208	25.997	-42.859	NA	0.309127439724455	Inf	-0.1395924185668805	0	1	No-PER3D	No-Essential3D
186	P	186	9.997	27.759	-40.766	NA	0.306837606837607	Inf	-0.01789608318984988	0	1	No-PER3D	No-Essential3D
187	S	187	12.349	24.861	-41.761	NA	0.336142322097378	Inf	0.1057877704946252	0	1	No-PER3D	No-Essential3D
188	S	188	12.364	26.256	-45.347	NA	0.33457249070632	Inf	-0.6798794818548644	0	1	No-PER3D	No-Essential3D
189	S	189	13.238	30.052	-45.327	NA	0.364646464646465	Inf	-0.6593610323586077	0	1	No-PER3D	No-Essential3D
190	P	190	13.717	31.452	-41.778	NA	0.445679012345679	Inf	-0.45472780253337186	0	1	No-PER3D	No-Essential3D
191	V	191	14.278	35.264	-41.341	NA	0.530882352941176	Inf	-0.5563874918332735	0	1	No-PER3D	No-Essential3D
192	I	192	14.853	34.458	-37.595	NA	0.530882352941176	Inf	0.020590142658136676	0	1	No-PER3D	No-Essential3D
193	F	193	12.017	35.591	-35.277	NA	0.534317343173432	Inf	0.005013922969545557	0	1	No-PER3D	No-Essential3D
194	A	194	13.374	33.628	-32.367	NA	0.534317343173432	Inf	0.2972223360571768	0	1	No-PER3D	No-Essential3D
195	G	195	15.051	36.322	-30.247	NA	0.534317343173432	Inf	0.5584315751729017	0	1	No-PER3D	No-Essential3D
196	G	196	15.57	34.886	-26.769	NA	0.528467153284672	Inf	0.6411370210636826	0	1	No-PER3D	No-Essential3D
197	Q	197	17.796	36.189	-24.003	NA	0.587185725871857	Inf	0.7427861502817839	0	1	No-PER3D	No-Essential3D
198	D	198	21.524	35.308	-24.063	NA	0.660583941605839	Inf	0.7427861502817839	0	1	No-PER3D	No-Essential3D
199	R	199	22.567	31.975	-25.674	NA	0.655797101449275	Inf	0.7427861502817839	0	1	No-PER3D	No-Essential3D
200	Y	200	18.996	30.97	-26.54	NA	0.655797101449275	Inf	0.8473286965215127	0	1	No-PER3D	No-Essential3D
201	S	201	16.911	30.378	-29.651	NA	0.653429602888087	Inf	0.7742985190096859	0	1	No-PER3D	No-Essential3D
202	T	202	13.232	29.354	-30.253	NA	0.715415019762846	Inf	0.41465671532859527	0	1	No-PER3D	No-Essential3D
203	G	203	12.909	25.682	-29.507	NA	0.714801444043321	Inf	0.9856262631580465	0	1	No-PER3D	No-Essential3D
204	S	204	11.924	23.552	-32.45	NA	0.712832294059731	Inf	1.2360029416279146	0	1	No-PER3D	No-Essential3D
205	D	205	11.188	20.805	-29.956	NA	0.653429602888087	Inf	1.76519362767446	0	1	No-PER3D	No-Essential3D
206	S	206	8.064	19.072	-31.161	NA	0.822010869565217	Inf	1.7656899032467908	0	1	No-PER3D	No-Essential3D
207	A	207	8.077	16.854	-27.988	NA	0.825	Inf	1.7769600658898421	0	1	No-PER3D	No-Essential3D
208	S	208	4.819	18.281	-26.636	NA	0.819746376811594	Inf	1.842270836682671	0	1	No-PER3D	No-Essential3D
209	F	209	3.076	17.411	-30.061	NA	0.825729927007299	Inf	1.8207507410625101	0	1	No-PER3D	No-Essential3D
210	P	210	2.136	21.089	-31.467	NA	0.821167883211679	Inf	1.1616855692744874	0	1	No-PER3D	No-Essential3D
211	H	211	4.678	21.403	-34.245	NA	0.875912408759124	Inf	0.879078019150715	0	1	No-PER3D	No-Essential3D
212	T	212	4.228	21.205	-37.97	NA	0.935064935064935	Inf	0.5119727626816808	0	1	No-PER3D	No-Essential3D
213	T	213	5.205	17.484	-37.794	NA	0.932467532467533	Inf	1.2020989604306833	0	1	No-PER3D	No-Essential3D
214	P	214	5.577	15.124	-34.702	NA	0.822610294117647	Inf	1.6555338598073788	0	1	No-PER3D	No-Essential3D
215	S	215	8.895	14.774	-32.845	NA	0.817307692307692	Inf	1.6555338598073788	0	1	No-PER3D	No-Essential3D
216	M	216	11.836	12.631	-34.103	NA	0.812728937728938	Inf	1.5879850203410912	0	1	No-PER3D	No-Essential3D
217	C	217	12.038	11.741	-30.354	NA	0.743066457352172	Inf	1.5839504644635463	0	1	No-PER3D	No-Essential3D
218	L	218	9.129	9.359	-31.172	NA	0.745159602302459	Inf	1.60207363074344	0	1	No-PER3D	No-Essential3D
219	N	219	8.754	7.358	-34.409	NA	0.75065893516078	Inf	1.5183908385053047	0	1	No-PER3D	No-Essential3D
220	P	220	6.775	9.723	-36.616	NA	0.654981549815498	Inf	1.6065101975287894	0	1	No-PER3D	No-Essential3D
221	D	221	8.057	8.138	-39.808	NA	0.658671586715867	Inf	1.4035205976743594	0	1	No-PER3D	No-Essential3D
222	L	222	8.497	11.593	-41.55	NA	0.564575645756458	Inf	1.488359657446576	0	1	No-PER3D	No-Essential3D
223	E	223	11.395	10.018	-43.323	NA	0.656826568265683	Inf	1.2205643392320018	0	1	No-PER3D	No-Essential3D
224	G	224	10.077	8.579	-46.593	NA	0.656826568265683	Inf	0.5093337482960083	0	1	No-PER3D	No-Essential3D
225	P	225	11.471	5.177	-47.646	NA	0.657407407407407	Inf	0.6401837030652314	0	1	No-PER3D	No-Essential3D
226	P	226	13.833	4.515	-50.704	NA	0.664794007490637	Inf	0.6178424202324506	0	1	No-PER3D	No-Essential3D
227	L	227	10.559	3.751	-52.578	NA	0.664794007490637	Inf	0.40819905574961285	0	1	No-PER3D	No-Essential3D
228	E	228	9.137	6.295	-55.027	NA	0.66044776119403	Inf	0.15738910371992088	0	1	No-PER3D	No-Essential3D
229	A	229	9.686	9.876	-53.786	NA	0.442355889724311	Inf	0.10260605247956393	0	1	No-PER3D	No-Essential3D
230	Y	230	6.344	11.127	-55.231	NA	0.334280303030303	Inf	-0.10351273995228971	0	1	No-PER3D	No-Essential3D
231	T	231	4.152	13.374	-53.039	NA	0.264419475655431	Inf	-0.06195162101300605	0	1	No-PER3D	No-Essential3D
232	I	232	1.108	11.938	-54.829	NA	0.264661654135338	Inf	-0.3577042446650993	0	1	No-PER3D	No-Essential3D
233	Q	233	-1.611	11.109	-52.373	NA	0.262921348314607	Inf	-0.3154069676303969	0	1	No-PER3D	No-Essential3D
234	G	234	-4.632	9.945	-54.434	NA	0.262921348314607	Inf	-0.5041906109841274	0	1	No-PER3D	No-Essential3D
235	Q	235	-8.15	9.676	-53.075	NA	0.260966542750929	Inf	-0.3489495533457515	0	1	No-PER3D	No-Essential3D
236	Y	236	-8.295	7.331	-50.035	NA	0.259040590405904	Inf	-0.6124523551387165	0	1	No-PER3D	No-Essential3D
237	A	237	-12.03	7.663	-49.248	NA	0.218283582089552	Inf	-0.6760106789690992	0	1	No-PER3D	No-Essential3D
238	I	238	-14.718	6.127	-51.506	NA	0.217283950617284	Inf	-0.8005655713100485	0	1	No-PER3D	No-Essential3D
239	P	239	-17.835	8.129	-52.652	NA	0.372486772486772	Inf	-0.6598483172111924	0	1	No-PER3D	No-Essential3D
240	Q	240	-21.006	8.014	-50.429	NA	0.372486772486772	Inf	-0.5188444540874197	0	1	No-PER3D	No-Essential3D
241	P	241	-24.748	8.024	-51.748	NA	0.372486772486772	Inf	-0.39188692463671826	0	1	No-PER3D	No-Essential3D
242	D	242	-24.017	11.441	-53.196	NA	0.488888888888889	Inf	-0.08894597448842381	0	1	No-PER3D	No-Essential3D
243	L	243	-23.869	11.047	-57.014	NA	0.371112282551397	Inf	-0.24647386060398394	0	1	No-PER3D	No-Essential3D
244	T	244	-24.248	14.864	-57.117	NA	0.490706319702602	Inf	0.07231097708857917	0	1	No-PER3D	No-Essential3D
245	K	245	-21.889	17.489	-55.668	NA	0.648897058823529	Inf	-0.17094534260035776	0	1	No-PER3D	No-Essential3D
246	L	246	-22.423	19.849	-52.745	NA	0.644160583941606	Inf	-0.20705427366007864	0	1	No-PER3D	No-Essential3D
247	H	247	-22.387	23.223	-54.442	NA	0.71573398215734	Inf	-0.07920604253706692	0	1	No-PER3D	No-Essential3D
248	Q	248	-23.237	26.024	-52.047	NA	0.639492753623188	Inf	-0.04003074642313235	0	1	No-PER3D	No-Essential3D
249	L	249	-26.766	27.375	-53.086	NA	0.639492753623188	Inf	0.7021005162729681	0	1	No-PER3D	No-Essential3D
250	A	250	-28.047	31.033	-53.203	NA	0.639492753623188	Inf	0.7472619918583862	0	1	No-PER3D	No-Essential3D
251	M	251	-28.866	30.892	-49.431	NA	0.709432454036771	Inf	0.622979477117169	0	1	No-PER3D	No-Essential3D
252	Q	252	-25.239	30.052	-48.715	NA	0.709432454036771	Inf	0.030233461537170082	0	1	No-PER3D	No-Essential3D
253	Q	253	-23.365	32.817	-50.576	NA	0.768953068592058	Inf	-0.16162658759307336	0	1	No-PER3D	No-Essential3D
254	S	254	-23.902	36.332	-49.096	NA	0.768953068592058	Inf	-0.0059008788089107075	0	1	No-PER3D	No-Essential3D
255	H	255	-25.798	37.146	-52.268	NA	0.768345323741007	Inf	0.4973878888781589	0	1	No-PER3D	No-Essential3D
256	F	256	-26.443	35.2	-55.528	NA	0.768345323741007	Inf	1.0544689109357763	0	1	No-PER3D	No-Essential3D
257	P	257	-26.219	37.979	-58.182	NA	0.81948986265533	Inf	1.9189891625979882	0	1	No-PER3D	No-Essential3D
258	M	258	-26.92	36.853	-61.738	NA	0.853717026378897	Inf	2.377415319371978	0	1	No-PER3D	No-Essential3D
259	T	259	-25.296	38.491	-64.765	NA	0.848920863309352	Inf	2.592212574747846	0	1	No-PER3D	No-Essential3D
260	H	260	-24.228	37.556	-68.266	NA	0.926095487246566	Inf	2.667946393498168	0	1	No-PER3D	No-Essential3D
261	G	261	-22.161	40.774	-68.846	NA	0.929438792254677	Inf	2.6753167760291	0	1	No-PER3D	No-Essential3D
262	N	262	-25.433	42.559	-69.744	NA	1.01505376344086	Inf	2.7585718890138335	0	1	No-PER3D	No-Essential3D
263	T	263	-26.029	43.483	-66.049	NA	1.04561864128651	Inf	2.6863843675780497	0	1	No-PER3D	No-Essential3D
264	G	264	-23.789	43.997	-62.993	NA	1.0485723662619	Inf	2.61898800394536	0	1	No-PER3D	No-Essential3D
265	F	265	-23.783	44.018	-59.183	NA	1.0485723662619	Inf	2.5531644247558685	0	1	No-PER3D	No-Essential3D
266	S	266	-22.325	47.582	-59.334	NA	0.961191335740072	Inf	2.6977413550778313	0	1	No-PER3D	No-Essential3D
267	G	267	-25.945	48.818	-59.271	NA	0.95773381294964	Inf	2.721358130072565	0	1	No-PER3D	No-Essential3D
268	I	268	-25.077	51.613	-61.757	NA	0.964673913043478	Inf	2.871107927726095	0	1	No-PER3D	No-Essential3D
269	E	269	-22.016	53.203	-60.15	NA	0.970909090909091	Inf	2.8146760089668574	0	1	No-PER3D	No-Essential3D
270	S	270	-20.956	56.091	-62.441	NA	0.937315392189038	Inf	2.5520808160034107	0	1	No-PER3D	No-Essential3D
271	S	271	-19.141	57.398	-59.334	NA	0.931327665140615	Inf	2.5129253515355	0	1	No-PER3D	No-Essential3D
272	S	272	-15.327	57.027	-59.295	NA	0.970909090909091	Inf	2.2373853089420233	0	1	No-PER3D	No-Essential3D
273	P	273	-13.135	56.27	-56.191	NA	0.94757796947578	Inf	2.134527765843136	0	1	No-PER3D	No-Essential3D
274	E	274	-10.203	58.529	-55.011	NA	0.950232249502322	Inf	1.9192538058742643	0	1	No-PER3D	No-Essential3D
275	V	275	-9.447	58.69	-58.794	NA	0.831453218314532	Inf	1.8603097174180876	0	1	No-PER3D	No-Essential3D
276	K	276	-11.973	61.597	-58.913	NA	0.712674187126742	Inf	1.9279380157146269	0	1	No-PER3D	No-Essential3D
277	G	277	-9.273	64.321	-58.665	NA	0.653284671532847	Inf	1.6375284286037959	0	1	No-PER3D	No-Essential3D
278	Y	278	-8.514	63.391	-62.294	NA	0.651459854014599	Inf	1.5823874047941775	0	1	No-PER3D	No-Essential3D
279	W	279	-9.561	66.939	-63.233	NA	0.715909090909091	Inf	0.8887063448178173	0	1	No-PER3D	No-Essential3D
280	G	280	-6.395	68.954	-63.829	NA	0.715909090909091	Inf	0.6126770139498247	0	1	No-PER3D	No-Essential3D
281	L	281	-5.199	71.083	-66.752	NA	0.656826568265683	Inf	0.27525958181186466	0	1	No-PER3D	No-Essential3D
282	D	282	-2.212	73.079	-65.423	NA	0.654411764705882	Inf	0.25765245265696984	0	1	No-PER3D	No-Essential3D
283	A	283	-1.296	70.227	-63.024	NA	0.656826568265683	Inf	0.34836695969852044	0	1	No-PER3D	No-Essential3D
284	S	284	1.891	70.599	-60.877	NA	0.597115062059712	Inf	0.3460744441899482	0	1	No-PER3D	No-Essential3D
285	A	285	4.23	73.66	-61.489	NA	0.596590909090909	Inf	0.19701595385583068	0	1	No-PER3D	No-Essential3D
286	Q	286	1.9	76.183	-59.879	NA	0.597115062059712	Inf	-0.04437525439611093	0	1	No-PER3D	No-Essential3D
287	T	287	1.339	76.41	-56.143	NA	0.601554579249747	Inf	-0.1576874457114607	0	1	No-PER3D	No-Essential3D
288	T	288	-2.518	76.61	-55.482	NA	0.529368029739777	Inf	-0.20320743175038627	0	1	No-PER3D	No-Essential3D
289	S	289	-1.835	79.83	-53.517	NA	0.439900867410161	Inf	-0.5221804632131717	0	1	No-PER3D	No-Essential3D
290	H	290	0.81	82.38	-54.672	NA	0.441140024783147	Inf	-0.5577082771364419	0	1	No-PER3D	No-Essential3D
291	E	291	1.525	85.848	-53.235	NA	0.39409594095941	Inf	-0.6054298047633884	0	1	No-PER3D	No-Essential3D
292	L	292	2.064	88.819	-55.48	NA	0.328703703703704	Inf	-0.7131947397575082	0	1	No-PER3D	No-Essential3D
293	T	293	4.367	91.723	-54.612	NA	0.327490774907749	Inf	-0.7162390133485109	0	1	No-PER3D	No-Essential3D
294	I	294	2.904	95.149	-55.372	NA	0.238175109023818	Inf	-0.6592168659159419	0	1	No-PER3D	No-Essential3D
295	P	295	4.751	98.491	-54.865	NA	0.238175109023818	Inf	-0.7892532436558872	0	1	No-PER3D	No-Essential3D
296	N	296	2.613	101.261	-53.246	NA	0.298989331836047	Inf	-0.7349666185834804	0	1	No-PER3D	No-Essential3D
297	D	297	3.049	103.397	-56.463	NA	0.326007326007326	Inf	-0.8245404363163487	0	1	No-PER3D	No-Essential3D
298	L	298	1.299	100.933	-58.862	NA	0.300929839391378	Inf	-0.7709507860279953	0	1	No-PER3D	No-Essential3D
299	I	299	-1.519	99.943	-56.403	NA	0.327838827838828	Inf	-0.8154210131354251	0	1	No-PER3D	No-Essential3D
300	G	300	-3.976	102.545	-57.889	NA	0.469649398220827	Inf	-0.7291218869234922	0	1	No-PER3D	No-Essential3D
301	C	301	-3.501	101.197	-61.416	NA	0.467935349322211	Inf	-0.5860923600674132	0	1	No-PER3D	No-Essential3D
302	I	302	-4.171	97.596	-60.232	NA	0.466233766233766	Inf	-0.6648807499272171	0	1	No-PER3D	No-Essential3D
303	I	303	-7.42	97.948	-58.235	NA	0.40314430095452	Inf	-0.6704599835711776	0	1	No-PER3D	No-Essential3D
304	G	304	-8.87	100.528	-60.663	NA	0.374348279457768	Inf	-0.5806494200581135	0	1	No-PER3D	No-Essential3D
305	R	305	-12.027	102.555	-60.243	NA	0.371635610766046	Inf	-0.5349980441677938	0	1	No-PER3D	No-Essential3D
306	Q	306	-14.362	100.539	-57.927	NA	0.400222965440357	Inf	-0.5066203585361594	0	1	No-PER3D	No-Essential3D
307	G	307	-12.244	97.389	-58.166	NA	0.436363636363636	Inf	-0.5878335320687799	0	1	No-PER3D	No-Essential3D
308	A	308	-13.402	96.818	-61.783	NA	0.433574879227053	Inf	-0.6018512219757584	0	1	No-PER3D	No-Essential3D
309	K	309	-9.879	95.554	-62.669	NA	0.325454545454545	Inf	-0.5995311512954618	0	1	No-PER3D	No-Essential3D
310	I	310	-9.434	93.317	-59.528	NA	0.325454545454545	Inf	-0.6408809566990222	0	1	No-PER3D	No-Essential3D
311	N	311	-12.972	91.912	-60.042	NA	0.327838827838828	Inf	-0.643465481441144	0	1	No-PER3D	No-Essential3D
312	E	312	-12.449	91.25	-63.752	NA	0.357332448573324	Inf	-0.6401756153894377	0	1	No-PER3D	No-Essential3D
313	I	313	-9.153	89.421	-62.98	NA	0.35603305785124	Inf	-0.6089492866486431	0	1	No-PER3D	No-Essential3D
314	R	314	-10.848	87.583	-60.047	NA	0.324275362318841	Inf	-0.7112037050538569	0	1	No-PER3D	No-Essential3D
315	Q	315	-13.928	86.482	-62.108	NA	0.325454545454545	Inf	-0.7203204054736275	0	1	No-PER3D	No-Essential3D
316	M	316	-12.084	85.578	-65.372	NA	0.30041958041958	Inf	-0.6924798436790953	0	1	No-PER3D	No-Essential3D
317	S	317	-9.388	83.672	-63.465	NA	0.373305526590198	Inf	-0.7194060314192886	0	1	No-PER3D	No-Essential3D
318	G	318	-11.915	82.23	-60.931	NA	0.376050420168067	Inf	-0.7542152856290554	0	1	No-PER3D	No-Essential3D
319	A	319	-9.304	82.772	-58.168	NA	0.377438060094887	Inf	-0.7061397624916798	0	1	No-PER3D	No-Essential3D
320	Q	320	-10.032	84.702	-54.936	NA	0.35358024691358	Inf	-0.7091924929335954	0	1	No-PER3D	No-Essential3D
321	I	321	-8.047	87.931	-54.529	NA	0.331481481481482	Inf	-0.693568006619962	0	1	No-PER3D	No-Essential3D
322	K	322	-7.988	89.824	-51.233	NA	0.355885997521685	Inf	-0.7466473633356966	0	1	No-PER3D	No-Essential3D
323	I	323	-5.617	92.721	-50.26	NA	0.474867724867725	Inf	-0.7404956112694535	0	1	No-PER3D	No-Essential3D
324	A	324	-3.295	91.468	-47.502	NA	0.474867724867725	Inf	-0.7559877946306546	0	1	No-PER3D	No-Essential3D
325	N	325	-2.388	94.264	-45.078	NA	0.471376050420168	Inf	-0.6815082471804319	0	1	No-PER3D	No-Essential3D
326	P	326	1.464	94.1	-45.156	NA	0.473115445440169	Inf	-0.7471755216389926	0	1	No-PER3D	No-Essential3D
327	V	327	4.16	94.892	-42.638	NA	0.444444444444444	Inf	-0.5472554588234301	0	1	No-PER3D	No-Essential3D
328	E	328	7.23	94.349	-44.909	NA	0.441574415744157	Inf	-0.7223803660001159	0	1	No-PER3D	No-Essential3D
329	G	329	7.907	98.075	-45.436	NA	0.479033881247903	Inf	-0.7698636775608511	0	1	No-PER3D	No-Essential3D
330	S	330	5.43	100.892	-46.147	NA	0.483947279486313	Inf	-0.7704735838250142	0	1	No-PER3D	No-Essential3D
331	T	331	7.042	101.051	-49.647	NA	0.266171003717472	Inf	-0.8485957991207819	0	1	No-PER3D	No-Essential3D
332	D	332	5.667	97.598	-50.59	NA	0.266171003717472	Inf	-0.7930321227328929	0	1	No-PER3D	No-Essential3D
333	R	333	2.228	95.92	-50.487	NA	0.243554952510176	Inf	-0.7214651671115351	0	1	No-PER3D	No-Essential3D
334	Q	334	1.236	92.228	-50.192	NA	0.243554952510176	Inf	-0.7420505823800085	0	1	No-PER3D	No-Essential3D
335	V	335	-1.506	90.819	-52.48	NA	0.267910447761194	Inf	-0.7480156088343527	0	1	No-PER3D	No-Essential3D
336	T	336	-2.995	87.388	-51.604	NA	0.24514811031665	Inf	-0.7008386393525128	0	1	No-PER3D	No-Essential3D
337	I	337	-4.084	85.332	-54.631	NA	0.341254752851711	Inf	-0.6307770628942792	0	1	No-PER3D	No-Essential3D
338	T	338	-5.532	81.794	-54.264	NA	0.312937062937063	Inf	-0.5728167145631174	0	1	No-PER3D	No-Essential3D
339	G	339	-7.441	79.581	-56.735	NA	0.339015151515151	Inf	-0.5905956546799471	0	1	No-PER3D	No-Essential3D
340	S	340	-7.022	76.247	-58.513	NA	0.369834710743802	Inf	-0.09582005434905068	0	1	No-PER3D	No-Essential3D
341	A	341	-3.592	75.711	-60.241	NA	0.372277912201867	Inf	-0.084974699089233	0	1	No-PER3D	No-Essential3D
342	A	342	-5.012	76.612	-63.722	NA	0.369468267581475	Inf	-0.10111810576728032	0	1	No-PER3D	No-Essential3D
343	S	343	-7.17	79.424	-62.182	NA	0.371900826446281	Inf	-0.347233130307985	0	1	No-PER3D	No-Essential3D
344	I	344	-4.251	81.176	-60.386	NA	0.339622641509434	Inf	-0.4113882262570857	0	1	No-PER3D	No-Essential3D
345	S	345	-1.992	81.047	-63.547	NA	0.367722165474974	Inf	-0.29778153358461984	0	1	No-PER3D	No-Essential3D
346	L	346	-4.714	82.928	-65.535	NA	0.36960336960337	Inf	-0.47192952050256554	0	1	No-PER3D	No-Essential3D
347	A	347	-4.819	85.685	-62.836	NA	0.405533596837945	Inf	-0.6382099779140656	0	1	No-PER3D	No-Essential3D
348	Q	348	-0.991	86.127	-62.951	NA	0.404453441295547	Inf	-0.620285543978012	0	1	No-PER3D	No-Essential3D
349	Y	349	-0.993	86.653	-66.756	NA	0.40625	Inf	-0.5634067614083976	0	1	No-PER3D	No-Essential3D
350	L	350	-3.579	89.535	-66.603	NA	0.40468085106383	Inf	-0.5958548960392537	0	1	No-PER3D	No-Essential3D
351	I	351	-1.784	91.112	-63.651	NA	0.448326055312955	Inf	-0.677897800598723	0	1	No-PER3D	No-Essential3D
352	N	352	1.646	91.168	-65.452	NA	0.50280269058296	Inf	-0.5242778055888097	0	1	No-PER3D	No-Essential3D
353	V	353	0.299	92.884	-68.645	NA	0.505813953488372	Inf	-0.3118598356316533	0	1	No-PER3D	No-Essential3D
