Uniprot_position	aminoacid	Position_in_structure	x	y	z	paraz	mtr	paraz3dscore	mtr3dscore	PER3D_OR	PER3D_pvalue	PER3D	Essential3D
2	G	2	67.397	8.011	3.784	1.57	0.555555555555555	-0.392825644841045	0.07065142754934806	2.3709375397826298	0.48872180451127833	No-PER3D	No-Essential3D
3	N	3	69.925	5.549	2.499	-1.32	0.55988455988456	-1.448710016506892	0.4125705034345305	0	1	No-PER3D	No-Essential3D
4	I	4	72.608	8.301	2.655	-1.32	0.563888888888889	-0.9888801447746216	1.133629700446733	0	0.5321637426900586	No-PER3D	No-Essential3D
5	F	5	71.428	8.783	6.279	-0.68	0.513939393939394	-0.8174111538075973	0.6086921094999492	0.808303799146772	1	No-PER3D	No-Essential3D
6	A	6	71.92	5.059	7.084	-0.04	0.510982658959538	-1.714115910875621	0.5701512292944048	0	0.5455304928989139	No-PER3D	No-Essential3D
7	N	7	75.568	5.354	5.856	-1	0.513966480446927	-1.8106271451915221	1.2388738596774453	0	0.5455304928989139	No-PER3D	No-Essential3D
8	L	8	76.448	7.796	8.68	-0.04	0.516756756756757	-1.4410784223768514	1.7508749758333666	0	0.28070175438596495	No-PER3D	No-Essential3D
9	F	9	75.015	5.769	11.55	-1	0.472156116135174	-1.5469120618156713	1.176488915074841	0	0.28070175438596495	No-PER3D	No-Essential3D
10	K	10	76.069	2.339	10.196	-1.96	0.430976430976431	-2.332528424285905	1.2227570333612654	0	0.5455304928989139	No-PER3D	No-Essential3D
11	G	11	79.559	3.009	11.608	-1.96	0.433006535947712	-2.200275962051028	1.6160361436333028	0	0.28070175438596495	No-PER3D	No-Essential3D
12	L	12	78.595	3.771	15.22	-1.32	0.434920634920635	-2.1330096235005302	1.6629451723603035	0	0.5321637426900586	No-PER3D	No-Essential3D
13	F	13	76.873	0.313	15.037	-1.96	0.401276143211627	-2.165008638788394	1.1088791636316944	0	0.5455304928989139	No-PER3D	No-Essential3D
14	G	14	78.996	-1.169	17.922	-1	0.402897550879614	-2.665804629117794	1.1804027896057376	0	1	No-PER3D	No-Essential3D
15	K	15	75.923	-2.271	19.877	-0.68	0.40174672489083	-2.286240062503698	0.44750396629762734	0	1	No-PER3D	No-Essential3D
16	K	16	76.206	-0.232	23.095	-0.04	0.346892655367232	-1.6815983367236205	0.9906576967731769	0	1	No-PER3D	No-Essential3D
17	E	17	72.712	1.398	22.718	-0.68	0.326446280991736	-1.29104028418625	0.45426718651258097	0	1	No-PER3D	No-Essential3D
18	M	18	72.99	5.187	22.15	-1	0.325301204819277	-1.0055953865293075	0.9168434406858982	0	1	No-PER3D	No-Essential3D
19	R	19	70.509	8.008	22.005	-0.36	0.327755905511811	-0.5848121358520078	0.5576401788160944	0	1	No-PER3D	No-Essential3D
20	I	20	70.366	11.189	19.948	0.93	0.309502262443439	0.12249056373789277	0.3908268414320451	0	1	No-PER3D	No-Essential3D
21	L	21	67.961	13.673	21.486	0.93	0.308437981934347	0.9004932254308545	0.2912367944895632	0	1	No-PER3D	No-Essential3D
22	M	22	66.197	16.06	19.125	-0.04	0.262043795620438	1.3679689426360786	-0.3834382942094377	0	1	No-PER3D	No-Essential3D
23	V	23	64.206	18.777	20.898	0.93	0.20157215047726	1.6309125533155595	-0.37343610346802825	0	1	No-PER3D	No-Essential3D
24	G	24	63.033	22.381	20.529	1.57	0.188550420168067	1.2209500808237577	-0.22075324296307944	1.5203149129264408	0.9999999999999999	No-PER3D	No-Essential3D
25	L	25	59.83	24.407	20.864	1.57	0.189246178176067	0.9988309464032269	-0.06116414897249364	2.3709375397826298	0.48872180451127833	No-PER3D	No-Essential3D
26	D	26	56.769	22.8	19.221	1.57	0.102279202279202	1.4928740458579068	-0.229942049931607	4.76101679109206	0.35238095238095246	No-PER3D	No-Essential3D
27	A	27	56.153	23.37	15.481	0.29	0.110802469135802	2.0880101259148525	-0.5089382671483043	13.751449098082416	0.02857142857142857	PER3D	Essential3D
28	A	28	59.985	23.756	14.93	-0.68	0.111629353233831	1.690904706414867	-0.35250098011068537	4.249443901668949	0.2280701754385966	No-PER3D	No-Essential3D
29	G	29	60.055	20.868	12.454	1.57	0.102659422362025	1.6438920601666513	-0.4511715919697671	3.0442903253333427	0.543859649122807	No-PER3D	No-Essential3D
30	K	30	61.241	17.832	14.414	1.57	0.103428406799193	1.583144040429852	-0.8319880866198883	4.249443901668949	0.2280701754385966	No-PER3D	No-Essential3D
31	T	31	58.684	15.167	13.287	0.93	0	1.179776360642763	-1.6562081545792164	4.76101679109206	0.35238095238095246	No-PER3D	No-Essential3D
32	T	32	59.247	16.283	9.659	0.93	0	1.1193832960279306	-1.2247738200073237	4.249443901668949	0.2280701754385966	No-PER3D	No-Essential3D
33	I	33	63.031	15.901	10.138	0.93	0	0.7417902707490023	-0.3956629913910938	4.249443901668949	0.2280701754385966	No-PER3D	No-Essential3D
34	L	34	62.558	12.342	11.615	1.57	0	0.7393924502062303	-1.0888504641443117	4.76101679109206	0.35238095238095246	No-PER3D	No-Essential3D
35	Y	35	60.357	11.357	8.665	0.93	0	0.6787866672121097	-1.4259779365322245	2.3709375397826298	0.48872180451127833	No-PER3D	No-Essential3D
36	K	36	62.925	12.466	6.025	0.29	0	0.17502386398468187	-0.5373040609313947	1.5203149129264408	0.9999999999999999	No-PER3D	No-Essential3D
37	L	37	65.71	10.4	7.617	0.61	0	-0.11136776994265393	-0.2858029145827643	1.5203149129264408	0.9999999999999999	No-PER3D	No-Essential3D
38	K	38	63.778	7.222	6.656	-1	0	-0.28577781852484396	-1.1718162127330518	2.3709375397826298	0.48872180451127833	No-PER3D	No-Essential3D
39	L	39	65.633	5.175	9.314	-0.36	0	-0.7994259590510872	-0.8512526083232821	1.5203149129264408	0.9999999999999999	No-PER3D	No-Essential3D
40	G	40	62.467	3.472	10.556	-1	0	-0.2867840872592397	-1.505327453413485	4.76101679109206	0.35238095238095246	No-PER3D	No-Essential3D
41	E	41	58.965	4.098	11.782	-0.04	0	-0.08997910741635555	-2.6174332568552687	13.751449098082416	0.1904761904761905	No-PER3D	No-Essential3D
42	I	42	58.151	7.11	13.92	-1.32	0	0.11541378535003612	-2.396086517905554	4.76101679109206	0.35238095238095246	No-PER3D	No-Essential3D
43	V	43	56.477	5.477	16.939	0.61	0	-0.037948204510792165	-2.2611082472473356	4.76101679109206	0.35238095238095246	No-PER3D	No-Essential3D
44	T	44	54.712	7.569	19.627	-0.36	0	0.29176453119976875	-2.1059112913236637	0	1	No-PER3D	No-Essential3D
45	T	45	54.609	6.626	23.306	-0.36	0	0.6633572132847073	-2.1176829455516324	4.76101679109206	0.35238095238095246	No-PER3D	No-Essential3D
46	I	46	53.195	8.547	26.247	-0.36	0	0.8055502200666501	-1.6864624425927452	4.76101679109206	0.35238095238095246	No-PER3D	No-Essential3D
47	P	47	55.473	7.512	29.189	1.57	0	0.8065533734179672	-0.821533175492753	4.76101679109206	0.35238095238095246	No-PER3D	No-Essential3D
48	T	48	53.52	9.683	31.647	1.57	0	0.5937639471329866	-0.5223671047105145	4.76101679109206	0.35238095238095246	No-PER3D	No-Essential3D
49	I	49	50.44	11.907	31.058	-0.36	0	0.2682989033518444	-0.5897010920161664	4.76101679109206	0.35238095238095246	No-PER3D	No-Essential3D
50	G	50	51.173	14.981	28.876	1.57	0.101424501424501	0.6506346810989545	-0.38095229588919843	4.76101679109206	0.35238095238095246	No-PER3D	No-Essential3D
51	F	51	54.566	13.633	27.821	-0.36	0.109876543209877	0.7340755437853012	-0.24578823960615825	2.3709375397826298	0.48872180451127833	No-PER3D	No-Essential3D
52	N	52	54.403	12.574	24.154	1.57	0.10906862745098	0.9021022970547122	-0.9665782890765334	2.3709375397826298	0.48872180451127833	No-PER3D	No-Essential3D
53	V	53	57.684	10.929	23.031	0.29	0.108363858363858	1.123935280519923	-1.1639739250320464	4.76101679109206	0.35238095238095246	No-PER3D	No-Essential3D
54	E	54	58.473	10.109	19.393	1.57	0.108363858363858	0.7217568668593913	-1.8368835875991492	4.76101679109206	0.35238095238095246	No-PER3D	No-Essential3D
55	T	55	61.178	7.538	18.678	-0.68	0.118649732620321	0.5265011714182172	-1.651586513794966	4.76101679109206	0.35238095238095246	No-PER3D	No-Essential3D
56	V	56	62.884	6.152	15.542	0.93	0.119318181818182	-0.0072615003828558995	-1.909759212638242	4.76101679109206	0.35238095238095246	No-PER3D	No-Essential3D
57	E	57	65.085	3.123	16.347	-1	0.120538720538721	-0.6730049352053025	-1.3130372713882998	0	1	No-PER3D	No-Essential3D
58	Y	58	67.803	2.239	13.767	-0.04	0.131365313653137	-1.3913317347143648	-0.21827651106014362	0	0.5455304928989139	No-PER3D	No-Essential3D
59	K	59	70.109	-0.578	14.932	-0.68	0.132222222222222	-1.8422925926834408	-0.061618372024232454	0	1	No-PER3D	No-Essential3D
60	N	60	71.614	0.3	18.365	-0.68	0.261538461538462	-1.706583532003789	0.11641641966170595	0	1	No-PER3D	No-Essential3D
61	I	61	70.92	4.001	17.645	-0.04	0.26007326007326	-1.3008590275945968	0.43508634510673816	0	1	No-PER3D	No-Essential3D
62	S	62	67.73	5.784	18.63	-1	0.236230922362309	-0.4565272474841773	-0.34582181950264945	0	1	No-PER3D	No-Essential3D
63	F	63	66.456	9.305	17.834	0.29	0.235567352355674	0.24042710014457044	-0.8536212414531474	4.76101679109206	0.35238095238095246	No-PER3D	No-Essential3D
64	T	64	64.157	10.553	20.553	-1	0.350790513833992	0.8095986603773229	-0.4743106968384771	0	1	No-PER3D	No-Essential3D
65	V	65	61.942	13.617	20.155	0.29	0.350790513833992	1.1831291022943935	-0.9890174702671438	4.76101679109206	0.35238095238095246	No-PER3D	No-Essential3D
66	W	66	59.815	15.68	22.486	1.57	0.348539547095504	1.3533307427562355	-0.5108338536761372	0	1	No-PER3D	No-Essential3D
67	D	67	58.659	19.317	22.639	1.57	0.427536231884058	1.41031957919723	-0.21355403895898212	0	1	No-PER3D	No-Essential3D
68	V	68	60.065	21.719	25.256	0.93	0.468099173553719	0.8194588057213991	0.13962404468211506	0	1	No-PER3D	No-Essential3D
69	G	69	58.662	25.079	26.465	0.61	0.427536231884058	0.5444712926389538	-0.07548316981711492	4.76101679109206	0.35238095238095246	No-PER3D	No-Essential3D
70	G	70	56.429	25.277	29.543	-0.68	0.39322410441544	0.6128731228029436	0.3692873550781395	0	1	No-PER3D	No-Essential3D
71	Q	71	56.504	21.65	30.627	-0.68	0.464719396127338	1.0511508219934185	0.4485587282303723	0	1	No-PER3D	No-Essential3D
72	D	72	53.376	19.273	30.689	-0.36	0.468099173553719	0.6299267297753358	0.16373853219981235	4.76101679109206	0.35238095238095246	No-PER3D	No-Essential3D
73	K	73	52.133	18.268	34.162	-0.68	0.468099173553719	0.1438989310621634	0.03838127404634984	4.76101679109206	0.35238095238095246	No-PER3D	No-Essential3D
74	I	74	55.853	18.77	35.001	0.93	0.464719396127338	0.2565339447322002	0.7941829545982418	4.76101679109206	0.35238095238095246	No-PER3D	No-Essential3D
75	R	75	57.797	15.555	35.26	-0.04	0.464355788096795	0.2891929555452017	0.6236445427453645	2.3709375397826298	0.48872180451127833	No-PER3D	No-Essential3D
76	P	76	61.338	15.049	33.917	-0.68	0.507142857142857	0.3136229242635887	0.76764807985095	1.5203149129264408	0.9999999999999999	No-PER3D	No-Essential3D
77	L	77	61.956	11.359	33.789	-0.36	0.561904761904762	0.08314545622301692	0.5142740137469697	1.5203149129264408	0.9999999999999999	No-PER3D	No-Essential3D
78	W	78	63.848	13.185	30.974	1.57	0.561904761904762	0.2835354891051542	0.730321379262396	1.079152299510866	1	No-PER3D	No-Essential3D
79	R	79	66.827	12.274	33.219	-0.68	0.565079365079365	-0.5939920126424286	1.548030996686132	0	1	No-PER3D	No-Essential3D
80	H	80	66.293	8.542	32.353	-1	0.568697729988053	-0.289668724297841	1.6315108268909717	0	1	No-PER3D	No-Essential3D
81	Y	81	66.447	9.721	28.754	1.57	0.479838709677419	-0.20885030872637866	0.8199186435499459	0	1	No-PER3D	No-Essential3D
82	F	82	69.648	11.806	29.241	-0.36	0.478494623655914	-0.5256291590019004	1.025494260539849	0	1	No-PER3D	No-Essential3D
83	Q	83	71.736	8.752	30.408	-1.32	0.550799381124291	-0.6097963510002921	1.1154472003316476	0	1	No-PER3D	No-Essential3D
84	N	84	72.846	7.388	27.027	-0.68	0.554805194805195	-0.4244192885971544	0.8986648409780991	0	1	No-PER3D	No-Essential3D
85	T	85	72.633	10.765	25.201	1.57	0.482336956521739	-0.4176878111484348	0.7460179137963047	0	1	No-PER3D	No-Essential3D
86	Q	86	75.83	11.454	23.276	0.29	0.425992779783394	-0.6783623844856504	1.0668256076885425	0	1	No-PER3D	No-Essential3D
87	G	87	74.227	13.814	20.698	0.29	0.429951690821256	-0.40419735276805896	0.9464879433176057	0	1	No-PER3D	No-Essential3D
88	L	88	71.683	16.584	21.245	0.93	0.428399518652226	0.13534564681979916	0.5328316627998396	0	1	No-PER3D	No-Essential3D
89	I	89	70.004	18.294	18.304	0.93	0.512230215827338	1.202359470481961	0.14026296202520278	0	1	No-PER3D	No-Essential3D
90	F	90	68.074	21.519	19.011	-0.04	0.506761565836299	1.141932690713216	-0.10886525930824957	0	1	No-PER3D	No-Essential3D
91	V	91	65.611	22.378	16.163	1.57	0.423809523809524	1.6516458820305064	-0.2989953542715696	1.079152299510866	1	No-PER3D	No-Essential3D
92	V	92	64.707	26.07	15.896	0.93	0.426523297491039	1.1141392986146958	-0.5484559775257275	4.249443901668949	0.2280701754385966	No-PER3D	No-Essential3D
93	D	93	62.007	27.826	13.862	1.57	0.48021582733813	0.9710278719561221	-0.7724484056695032	4.249443901668949	0.2280701754385966	No-PER3D	No-Essential3D
94	S	94	64.105	30.603	12.217	0.29	0.479838709677419	0.7588728804543406	-0.8916478808918886	6.523964565592764	0.1478696741854637	No-PER3D	No-Essential3D
95	N	95	61.01	32.514	11.092	-0.36	0.364567332309268	0.7770575940116362	-0.9976725744798208	6.523964565592764	0.1478696741854637	No-PER3D	No-Essential3D
96	D	96	59.768	32.719	14.716	-0.36	0.363265306122449	0.6371094066036093	-0.9488148612016775	12.751449098082416	0.0796992481203008	No-PER3D	No-Essential3D
97	R	97	61.461	35.936	15.94	-1	0.283552369573875	0.12075475017106001	-0.7791581023298769	2.3709375397826298	0.48872180451127833	No-PER3D	No-Essential3D
98	E	98	58.73	36.061	18.611	0.29	0.157801418439716	0.044893268361332055	-0.4829493796633182	4.76101679109206	0.35238095238095246	No-PER3D	No-Essential3D
99	R	99	59.574	32.831	20.536	1.57	0.141557928034796	0.33483842341376685	-0.46493553056766396	4.76101679109206	0.35238095238095246	No-PER3D	No-Essential3D
100	V	100	63.32	32.919	19.64	0.61	0.159252669039146	0.41043030455003204	-0.6152881834201833	2.3709375397826298	0.48872180451127833	No-PER3D	No-Essential3D
101	N	101	64.339	34.055	23.14	-1	0.183307731694828	-0.01718456793991653	-0.45111026642464586	4.76101679109206	0.35238095238095246	No-PER3D	No-Essential3D
102	E	102	62.28	31.244	24.713	-0.68	0.287769784172662	0.33483842341376685	-0.2301385263787833	4.76101679109206	0.35238095238095246	No-PER3D	No-Essential3D
103	A	103	64.128	28.641	22.586	-0.04	0.289855072463768	0.576329679290675	-0.36956920238815383	2.3709375397826298	0.48872180451127833	No-PER3D	No-Essential3D
104	R	104	67.328	30.092	24.118	-1	0.289610910549539	0.3626487698071088	-0.37768647962074664	4.76101679109206	0.35238095238095246	No-PER3D	No-Essential3D
105	E	105	65.947	29.467	27.657	-1.32	0.291717171717172	-0.09156795278645422	-0.26046893661659193	4.76101679109206	0.35238095238095246	No-PER3D	No-Essential3D
106	E	106	65.01	25.843	26.864	0.61	0.325812274368231	0.3521965590820944	-0.00668012143837931	4.76101679109206	0.35238095238095246	No-PER3D	No-Essential3D
107	L	107	68.423	25.276	25.206	0.61	0.289610910549539	0.4586597911811703	-0.1776440688997046	0	1	No-PER3D	No-Essential3D
108	M	108	70.205	26.739	28.298	-1.32	0.287769784172662	-0.31609166414851747	-0.2163365482614776	0	1	No-PER3D	No-Essential3D
109	R	109	68.033	24.674	30.737	0.61	0.256227758007117	-0.7160901062598909	0.14528481464416348	0	1	No-PER3D	No-Essential3D
110	M	110	69.161	21.472	28.946	0.61	0.257142857142857	0.002047499794110082	0.4613063375199528	0	0.5455304928989139	No-PER3D	No-Essential3D
111	L	111	72.846	22.483	28.668	-0.36	0.258992805755396	-0.7062639803377031	0.012013324855201223	0	0.5455304928989139	No-PER3D	No-Essential3D
112	A	112	72.811	23.202	32.415	-1	0.257142857142857	-0.9411547260089803	-0.2969914015598694	0	1	No-PER3D	No-Essential3D
113	E	113	71.813	19.487	32.854	-1.64	0.257142857142857	-0.45469374743955737	0.6732889248583813	0	1	No-PER3D	No-Essential3D
114	D	114	74.52	17.285	34.38	-1	0.256227758007117	-0.7977799289446078	0.5350217418470707	0	1	No-PER3D	No-Essential3D
115	E	115	74.051	14.159	32.193	-1.32	0.232934325461016	-0.6240670712335417	0.9036488608602562	0	1	No-PER3D	No-Essential3D
116	L	116	74.3	16.334	29.037	-0.04	0.258064516129032	-0.332003288511151	0.6230152578193091	0	1	No-PER3D	No-Essential3D
117	R	117	77.851	17.544	29.801	0.29	0.259927797833935	-0.8435861202915834	0.19754788803451054	0	1	No-PER3D	No-Essential3D
118	D	118	79.704	15.595	27.053	-1	0.258992805755396	-1.3150746258808574	0.9338516613748269	0	1	No-PER3D	No-Essential3D
119	A	119	76.689	15.507	24.68	-0.04	0.259712230215827	-0.760652805431796	0.8421121047381026	0	1	No-PER3D	No-Essential3D
120	V	120	77.537	17.14	21.324	-0.68	0.144284572342126	-0.2854865302069925	0.9975704588868703	0	1	No-PER3D	No-Essential3D
121	L	121	75.22	20.008	20.273	0.93	0.128928571428571	0.40311375704252195	0.53350937829382	0	1	No-PER3D	No-Essential3D
122	L	122	73.814	20.424	16.77	0.93	0.117302052785924	0.688338233929073	0.7580307453656779	0	0.5455304928989139	No-PER3D	No-Essential3D
123	V	123	71.449	23.372	16.196	0.93	0.118477190679357	0.8881129254938674	0.1460738432476283	0	1	No-PER3D	No-Essential3D
124	F	124	69.119	23.192	13.198	0.29	0.118477190679357	1.1684146718416757	0.15591153630024834	1.5203149129264408	0.9999999999999999	No-PER3D	No-Essential3D
125	A	125	68.067	26.692	12.122	1.57	0.118906455862978	1.035721368066016	-0.3323964064927205	2.3709375397826298	0.48872180451127833	No-PER3D	No-Essential3D
126	N	126	65.009	25.388	10.25	1.57	0.118805382343288	1.0971162417166795	-0.22310024156591227	1.5203149129264408	0.9999999999999999	No-PER3D	No-Essential3D
127	K	127	62.439	26.922	7.858	1.57	0.119774386197744	0.8395468824176154	-0.440459210552203	1.5203149129264408	0.9999999999999999	No-PER3D	No-Essential3D
128	Q	128	65.082	28.688	5.762	1.57	0.146927146927147	0.6247006244128286	-0.26433889030378854	1.5203149129264408	0.9999999999999999	No-PER3D	No-Essential3D
129	D	129	62.79	28.662	2.704	1.57	0.148559670781893	0.5534503059612547	-0.08061121610862787	1.5203149129264408	0.9999999999999999	No-PER3D	No-Essential3D
130	L	130	60.555	31.061	4.676	-0.04	0.166512915129151	0.5626983948059401	-0.3289154288722877	1.5203149129264408	0.9999999999999999	No-PER3D	No-Essential3D
131	P	131	60.947	34.787	3.663	-1	0.149111937216026	0.2711919259632324	-1.0957898837591524	13.751449098082416	0.1904761904761905	No-PER3D	No-Essential3D
132	N	132	61.299	36.208	7.223	-1	0.132720588235294	0.5040802461799608	-0.9114629529162015	13.751449098082416	0.1904761904761905	No-PER3D	No-Essential3D
133	A	133	63.635	33.37	8.271	0.29	0	0.45812569469906783	-0.8000964662953187	2.3709375397826298	0.48872180451127833	No-PER3D	No-Essential3D
134	M	134	66.515	34.592	10.454	0.93	0.131617647058824	0.3553888598946604	-1.0110103226484244	4.76101679109206	0.35238095238095246	No-PER3D	No-Essential3D
135	N	135	69.865	33.558	8.982	-1	0.120093928212009	0.4575424858967721	-0.8149970217673544	4.76101679109206	0.35238095238095246	No-PER3D	No-Essential3D
136	A	136	72.192	31.136	10.851	-0.36	0.110086100861009	0.9903146893653749	-0.7102365344433562	4.76101679109206	0.35238095238095246	No-PER3D	No-Essential3D
137	A	137	74.389	34.124	11.926	-1.64	0.110086100861009	0.21112726603155918	-1.0313728184709852	0	1	No-PER3D	No-Essential3D
138	E	138	71.549	35.79	13.92	0.93	0.119652406417112	-0.3189846867599054	-1.109696721840217	0	1	No-PER3D	No-Essential3D
139	I	139	70.242	32.381	15.212	0.61	0.119758470311976	0.4164859504462706	-0.6293440959717075	2.3709375397826298	0.48872180451127833	No-PER3D	No-Essential3D
140	T	140	73.783	31.946	16.678	-0.04	0.131734317343173	0.16164280307867607	-0.7634734822464447	0	1	No-PER3D	No-Essential3D
141	D	141	73.611	35.514	18.131	-0.68	0.131734317343173	-0.5199736260773826	-1.269155488328424	0	1	No-PER3D	No-Essential3D
142	K	142	70.069	35.091	19.534	-0.68	0.118881118881119	-0.44462452588303836	-0.931378033180351	2.3709375397826298	0.48872180451127833	No-PER3D	No-Essential3D
143	L	143	70.781	31.685	21.078	0.61	0.118447246184472	0.06493643155133993	-0.5905270636335167	2.3709375397826298	0.48872180451127833	No-PER3D	No-Essential3D
144	G	144	74.068	32.936	22.643	-0.68	0.198996655518395	-0.6077838135315006	-0.8529488422183646	0	1	No-PER3D	No-Essential3D
145	L	145	75.961	30.031	21.045	0.61	0.200449185850646	-0.44462452588303836	-0.7373934348313208	0	1	No-PER3D	No-Essential3D
146	H	146	79.284	31.92	20.898	-1	0.200449185850646	-0.597932972236889	-0.7807577822157317	0	1	No-PER3D	No-Essential3D
147	S	147	79.205	32.131	24.719	-1	0.261029411764706	-1.129031017948526	-0.7819308876179437	0	1	No-PER3D	No-Essential3D
148	L	148	79.341	28.276	24.808	1.25	0.261029411764706	-0.7454988774673832	-0.6226218960972616	0	1	No-PER3D	No-Essential3D
149	R	149	82.838	27.516	26.01	-1	0.246527777777778	-0.9670217517108017	-0.4160746523274561	0	1	No-PER3D	No-Essential3D
150	H	150	83.67	23.837	26.705	-1.32	0.249297752808989	-0.8312425571496614	-0.5430206472817817	0	1	No-PER3D	No-Essential3D
151	R	151	80.95	22.388	24.453	-0.36	0.247444237918216	-0.5556865367825542	-0.1763446976103286	0	1	No-PER3D	No-Essential3D
152	N	152	81.449	21.013	20.965	-0.68	0.261481481481482	-0.43869596723113	0.4798669426216101	0	1	No-PER3D	No-Essential3D
153	W	153	78.702	22.683	18.872	0.29	0.41315543071161	-0.08754287784887098	0.1809257362741961	0	1	No-PER3D	No-Essential3D
154	Y	154	77.569	23.423	15.333	0.61	0.41315543071161	0.20248263894276902	0.36974802687016145	0	0.5455304928989139	No-PER3D	No-Essential3D
155	I	155	74.74	25.382	13.672	0.93	0.414708646616541	0.5992763280546852	0.036266427752217494	0	1	No-PER3D	No-Essential3D
156	Q	156	73.269	24.126	10.415	1.57	0.415094339622642	0.8710119473909965	0.4970020134512843	1.079152299510866	1	No-PER3D	No-Essential3D
157	A	157	70.749	26.055	8.3	-0.04	0.415094339622642	0.9401838573966143	0.07357112523197763	1.5203149129264408	0.9999999999999999	No-PER3D	No-Essential3D
158	T	158	67.938	23.667	7.236	0.29	0.392156862745098	0.9591527029512821	0.004079817589172599	1.079152299510866	1	No-PER3D	No-Essential3D
159	C	159	64.713	23.269	5.333	-0.36	0.391786903440622	1.107998716307191	-0.05613793130523958	1.5203149129264408	0.9999999999999999	No-PER3D	No-Essential3D
160	A	160	63.22	19.974	6.547	1.57	0.419463753723932	1.3106379324548487	-0.4827123535305776	4.249443901668949	0.2280701754385966	No-PER3D	No-Essential3D
161	T	161	60.398	19.834	3.926	-0.68	0.416699643846458	1.3869343130885108	-0.954996754925651	6.523964565592764	0.1478696741854637	No-PER3D	No-Essential3D
162	S	162	62.886	19.959	0.998	-1	0.441860465116279	1.095014555301319	-0.4753105453852802	6.523964565592764	0.1478696741854637	No-PER3D	No-Essential3D
163	G	163	65.501	18.06	3.106	-0.68	0.469650808530584	0.8166763273104463	-0.1179671790309358	4.249443901668949	0.2280701754385966	No-PER3D	No-Essential3D
164	D	164	68.123	20.791	2.526	-0.68	0.495426829268293	0.8604041978159075	0.23805942724645163	1.079152299510866	1	No-PER3D	No-Essential3D
165	G	165	70.861	20.735	5.266	1.57	0.438888888888889	0.8289666854388252	0.19102879943313997	0.808303799146772	1	No-PER3D	No-Essential3D
166	L	166	70.017	17.472	7.03	1.57	0.466565349544073	0.8198277011895178	0.49500676220203194	0.808303799146772	1	No-PER3D	No-Essential3D
167	Y	167	72.908	15.474	5.493	-1.32	0.504913588614029	-0.23720858094467326	1.471905936825378	0	0.28070175438596495	No-PER3D	No-Essential3D
168	E	168	75.52	18.123	6.227	-0.68	0.50189720593308	-0.06922040131008078	1.5996285433499804	0	1	No-PER3D	No-Essential3D
169	G	169	74.458	18.707	9.874	-0.68	0.497529992942837	0.49794234685579986	1.0971562407092428	0	0.5321637426900586	No-PER3D	No-Essential3D
170	L	170	74.222	14.959	10.519	0.61	0.495283018867925	0.057256612854442855	1.2683972069962326	0	0.5321637426900586	No-PER3D	No-Essential3D
171	D	171	77.595	14.288	8.768	-0.04	0.497737556561086	-0.7828326454524369	2.149150032863109	0	0.5321637426900586	No-PER3D	No-Essential3D
172	W	172	79.201	16.73	11.262	-0.04	0.497852401405701	-0.12639203863036605	1.5944373092978752	0	1	No-PER3D	No-Essential3D
173	L	173	77.341	15.141	14.201	0.93	0.542328042328042	-0.28491130933689196	1.4907863366850969	0	1	No-PER3D	No-Essential3D
174	S	174	78.29	11.604	13.044	-1.32	0.547161172161172	-1.2256920087290166	1.9699808077127454	0	0.28070175438596495	No-PER3D	No-Essential3D
175	N	175	81.946	12.767	12.942	-1.32	0.527272727272727	-1.5788331422234494	2.181296224907139	0	1	No-PER3D	No-Essential3D
176	Q	176	82.058	13.953	16.578	-1	0.527810650887574	-1.0290150933834004	1.6989632098122598	0	1	No-PER3D	No-Essential3D
177	L	177	80.499	10.776	18.03	-0.36	0.589849108367627	-1.1491888529181966	1.5669711907089101	0	1	No-PER3D	No-Essential3D
178	R	178	82.795	8.526	15.962	-1	0.565934065934066	-2.23223697375779	2.3675843393865295	0	1	No-PER3D	No-Essential3D
179	N	179	85.935	10.658	16.622	-1	0.656666666666667	-2.515901549807724	2.7686354219856075	0	1	No-PER3D	No-Essential3D
180	Q	180	85.741	10.461	20.416	-1.96	0.793006993006993	-1.957881996111168	2.130331442275714	0	1	No-PER3D	No-Essential3D
181	K	181	84.448	7.198	21.973	-1.96	0.788321167883212	-2.36801616831893	2.264577051985105	0	1	No-PER3D	No-Essential3D
