Uniprot_position	aminoacid	Position_in_structure	x	y	z	paraz	mtr	paraz3dscore	mtr3dscore	PER3D_OR	PER3D_pvalue	PER3D	Essential3D
2	Q	2	70.127	68.634	54.996	NA	NA	Inf	-0.8712910107521357	10.955715138949763	0.13043478260869562	No-PER3D	No-Essential3D
3	A	3	67.731	67.14	57.623	NA	NA	Inf	-0.8320174879619257	10.955715138949763	0.13043478260869562	No-PER3D	No-Essential3D
4	I	4	65.274	69.505	59.388	NA	0	Inf	-0.529996664900033	1.8076561420284465	0.6146245059288539	No-PER3D	No-Essential3D
5	K	5	62.702	67.94	61.764	NA	0	Inf	-0.6057370762101996	9.955715138949763	0.04743083003952572	PER3D	Essential3D
6	C	6	59.306	69.673	62.076	NA	0	Inf	-0.3967636499219971	3.035187750681333	0.35635531516538377	No-PER3D	No-Essential3D
7	V	7	56.608	68.721	64.628	NA	0	Inf	-0.42408417448562213	1.8076561420284465	0.6146245059288539	No-PER3D	No-Essential3D
8	V	8	52.931	69.741	64.365	NA	0	Inf	-0.6065424746928889	1.8076561420284465	0.6146245059288539	No-PER3D	No-Essential3D
9	V	9	50.548	70.076	67.37	NA	0	Inf	-0.38561113105666944	0	0.26630434782608686	No-PER3D	No-Essential3D
10	G	10	47.332	71.726	68.202	NA	0	Inf	-0.3019492238421581	0	0.26630434782608686	No-PER3D	No-Essential3D
11	D	11	43.901	70.681	69.24	NA	0	Inf	-0.6112634274575484	0	0.5108695652173911	No-PER3D	No-Essential3D
12	G	12	41.942	67.861	67.69	NA	0	Inf	-1.1553550187807935	3.7592272910956344	0.5331027667984191	No-PER3D	No-Essential3D
13	A	13	40.042	68.803	64.512	NA	0	Inf	-1.1065064009018906	10.955715138949763	0.37500000000000006	No-PER3D	No-Essential3D
14	V	14	42.164	71.968	63.834	NA	0	Inf	-0.6909943860517952	1.8076561420284465	0.6146245059288539	No-PER3D	No-Essential3D
15	G	15	43.456	70.4	60.616	NA	0	Inf	-0.8909030066737964	4.8069847985287675	0.1501456209694196	No-PER3D	No-Essential3D
16	K	16	46.981	69.227	61.499	NA	0	Inf	-0.9481550094523373	1.8076561420284465	0.6146245059288539	No-PER3D	No-Essential3D
17	T	17	46.566	66.018	59.436	NA	0	Inf	-1.2594081096923246	10.955715138949763	0.011857707509881436	PER3D	Essential3D
18	C	18	44.919	67.694	56.467	NA	0	Inf	-1.12899582416154	10.955715138949763	0.011857707509881436	PER3D	Essential3D
19	L	19	47.676	70.323	56.514	NA	0	Inf	-0.7895411227923779	4.8069847985287675	0.1501456209694196	No-PER3D	No-Essential3D
20	L	20	50.306	67.556	56.097	NA	0	Inf	-1.1294289599944387	10.955715138949763	0.011857707509881436	PER3D	Essential3D
21	I	21	48.277	65.769	53.431	NA	0	Inf	-1.3174534260211763	10.955715138949763	0.011857707509881436	PER3D	Essential3D
22	S	22	47.43	68.935	51.439	NA	0	Inf	-1.149173021698271	10.955715138949763	0.011857707509881436	PER3D	Essential3D
23	Y	23	51.108	69.882	51.477	NA	0	Inf	-1.0782010474828307	10.955715138949763	0.011857707509881436	PER3D	Essential3D
24	T	24	52.625	66.509	50.444	NA	0	Inf	-1.233344857177413	10.955715138949763	0.011857707509881436	PER3D	Essential3D
25	T	25	50.108	65.506	47.785	NA	0	Inf	-1.4056210986024407	10.955715138949763	0.041501976284585025	PER3D	Essential3D
26	N	26	49.12	68.929	46.324	NA	0	Inf	-1.1439327690821939	10.955715138949763	0.041501976284585025	PER3D	Essential3D
27	A	27	45.509	67.897	47.256	NA	0	Inf	-1.1747377384139241	10.955715138949763	0.041501976284585025	PER3D	Essential3D
28	F	28	42.963	67.587	50.087	NA	0	Inf	-1.2837463543812857	10.955715138949763	0.041501976284585025	PER3D	Essential3D
29	P	29	40.849	64.483	51.226	NA	0	Inf	-1.3893141230990111	10.955715138949763	0.041501976284585025	PER3D	Essential3D
30	G	30	37.042	64.585	51.904	NA	0	Inf	-1.3616303284954947	10.955715138949763	0.041501976284585025	PER3D	Essential3D
31	E	31	35.706	61.227	53.145	NA	0	Inf	-1.5597467595753296	10.955715138949763	0.041501976284585025	PER3D	Essential3D
32	Y	32	38.758	59.507	54.666	NA	0	Inf	-1.5597467595753296	10.955715138949763	0.041501976284585025	PER3D	Essential3D
33	I	33	41.058	61.511	56.904	NA	0	Inf	-1.5597467595753296	10.955715138949763	0.041501976284585025	PER3D	Essential3D
34	P	34	43.395	59.442	59.166	NA	0	Inf	-1.4527225630807623	10.955715138949763	0.041501976284585025	PER3D	Essential3D
35	T	35	43.787	60.381	62.88	NA	0	Inf	-1.3871088630107278	10.955715138949763	0.37500000000000006	No-PER3D	No-Essential3D
36	V	36	47.531	61.068	62.642	NA	0	Inf	-1.339666456744988	10.955715138949763	0.13043478260869562	No-PER3D	No-Essential3D
37	F	37	49.457	61.659	59.377	NA	0	Inf	-1.411264714451141	10.955715138949763	0.13043478260869562	No-PER3D	No-Essential3D
38	D	38	52.371	59.267	58.727	NA	0	Inf	-1.3349171939525708	10.955715138949763	0.13043478260869562	No-PER3D	No-Essential3D
39	N	39	55.992	59.854	59.697	NA	0	Inf	-1.2577884899420215	10.955715138949763	0.37500000000000006	No-PER3D	No-Essential3D
40	Y	40	57.061	61.553	56.522	NA	0	Inf	-1.2887798866989932	10.955715138949763	0.37500000000000006	No-PER3D	No-Essential3D
41	S	41	59.955	63.395	54.991	NA	0	Inf	-1.2174126685923807	10.955715138949763	0.041501976284585025	PER3D	Essential3D
42	A	42	59.747	65.625	51.85	NA	0	Inf	-1.1436308192126212	10.955715138949763	0.041501976284585025	PER3D	Essential3D
43	N	43	62.41	66.922	49.554	NA	0	Inf	-0.9384173252115422	10.955715138949763	0.13043478260869562	No-PER3D	No-Essential3D
44	V	44	61.957	70.7	49.24	NA	0	Inf	-0.8184528055811104	1.8076561420284465	0.6146245059288539	No-PER3D	No-Essential3D
45	M	45	64.273	73.339	47.693	NA	0	Inf	-0.7518981091263549	3.7592272910956344	0.5331027667984191	No-PER3D	No-Essential3D
46	V	46	64.201	76.446	49.89	NA	0	Inf	-0.536224262482375	1.8076561420284465	0.6146245059288539	No-PER3D	No-Essential3D
47	D	47	66.508	79.465	49.137	NA	0	Inf	-0.5421452314031566	3.7592272910956344	0.5331027667984191	No-PER3D	No-Essential3D
48	G	48	68.311	77.54	46.354	NA	0.18534253850239	Inf	-0.7547856700044758	3.7592272910956344	0.5331027667984191	No-PER3D	No-Essential3D
49	K	49	69.122	74.546	48.601	NA	0.186730872124131	Inf	-0.7184153046680427	3.7592272910956344	0.5331027667984191	No-PER3D	No-Essential3D
50	P	50	67.377	71.153	49.098	NA	0.187432867883996	Inf	-0.7938296418658678	3.7592272910956344	0.5331027667984191	No-PER3D	No-Essential3D
51	V	51	66.276	69.938	52.522	NA	0.218476903870162	Inf	-0.741396211073164	1.8076561420284465	0.6146245059288539	No-PER3D	No-Essential3D
52	N	52	64.996	66.606	53.899	NA	0.262406015037594	Inf	-0.9902843988604914	10.955715138949763	0.13043478260869562	No-PER3D	No-Essential3D
53	L	53	62.157	68.079	55.963	NA	0.26390977443609	Inf	-0.8681021320168401	3.0805619090327143	0.325592885375494	No-PER3D	No-Essential3D
54	G	54	60.859	65.444	58.453	NA	0.263157894736842	Inf	-1.0134763715867416	6.3993101896338365	0.1304347826086956	No-PER3D	No-Essential3D
55	L	55	57.137	65.935	59.053	NA	0.219298245614035	Inf	-1.1379351668867839	6.3993101896338365	0.1304347826086956	No-PER3D	No-Essential3D
56	W	56	55.578	64.667	62.287	NA	0.186567164179104	Inf	-1.19176436382496	10.955715138949763	0.13043478260869562	No-PER3D	No-Essential3D
57	D	57	51.914	64.748	63.198	NA	0.186567164179104	Inf	-1.3042486275501377	10.955715138949763	0.13043478260869562	No-PER3D	No-Essential3D
58	T	58	50.61	64.131	66.717	NA	0.145107794361526	Inf	-1.182594788267767	3.7592272910956344	0.5331027667984191	No-PER3D	No-Essential3D
59	A	59	47.548	63.045	68.538	NA	0.145911949685535	Inf	-1.2139123591479197	1.7077454298430106	0.9999999999999999	No-PER3D	No-Essential3D
60	G	60	46.447	66.258	70.364	NA	0.146464646464646	Inf	-0.8479273121896853	1.7077454298430106	0.9999999999999999	No-PER3D	No-Essential3D
61	Q	61	44.063	64.142	72.504	NA	0.146331236897275	Inf	-0.9746774899103103	1.7077454298430106	0.9999999999999999	No-PER3D	No-Essential3D
62	E	62	44.707	64.618	76.255	NA	0.145235122763213	Inf	-0.6439223808383068	1.7077454298430106	0.9999999999999999	No-PER3D	No-Essential3D
63	D	63	44.573	60.805	76.535	NA	0.130711610486891	Inf	-0.9518394852643163	1.7077454298430106	0.9999999999999999	No-PER3D	No-Essential3D
64	Y	64	48.015	60.614	74.877	NA	0.131698113207547	Inf	-0.9390305556680468	1.7077454298430106	0.9999999999999999	No-PER3D	No-Essential3D
65	D	65	49.459	63.386	77.111	NA	0.131698113207547	Inf	-0.3691275959465803	1.7077454298430106	0.9999999999999999	No-PER3D	No-Essential3D
66	R	66	52.468	61.279	78.023	NA	0.146885521885522	Inf	-0.48812641109847343	1.7077454298430106	0.9999999999999999	No-PER3D	No-Essential3D
67	L	67	52.957	59.455	74.677	NA	0.146885521885522	Inf	-0.8978311483551789	1.7077454298430106	0.9999999999999999	No-PER3D	No-Essential3D
68	R	68	52.994	62.49	72.326	NA	0.133206106870229	Inf	-0.550365050754384	3.7592272910956344	0.5331027667984191	No-PER3D	No-Essential3D
69	P	69	56.148	64.143	73.949	NA	0.133333333333333	Inf	-0.16620553423920545	3.7592272910956344	0.5331027667984191	No-PER3D	No-Essential3D
70	L	70	58.248	61.157	72.704	NA	0.148006785411366	Inf	-0.25338039100779036	10.955715138949763	0.13043478260869562	No-PER3D	No-Essential3D
71	S	71	58.334	62.986	69.321	NA	0.14702154626109	Inf	-0.6467445378610343	10.955715138949763	0.041501976284585025	PER3D	Essential3D
72	Y	72	59.912	66.203	70.769	NA	0.131320754716981	Inf	-0.11781904730396478	0.8194148044577478	1	No-PER3D	No-Essential3D
73	P	73	63.561	65.044	71.142	NA	0.132319391634981	Inf	0.08330006698423215	0.8194148044577478	1	No-PER3D	No-Essential3D
74	Q	74	65.678	66.147	68.142	NA	0.131818181818182	Inf	-0.17837722103001977	1.7077454298430106	0.9999999999999999	No-PER3D	No-Essential3D
75	T	75	63.096	68.683	66.91	NA	0.131818181818182	Inf	0.09540461574363261	0.5136361036162523	1	No-PER3D	No-Essential3D
76	D	76	64.389	71.646	64.949	NA	0.131203007518797	Inf	0.12352336128781514	0.35793669180457816	0.6146245059288539	No-PER3D	No-Essential3D
77	V	77	61.109	73.584	64.539	NA	0.131203007518797	Inf	0.05852899543147703	0.26335567323835257	0.3509465363012274	No-PER3D	No-Essential3D
78	F	78	57.688	73.423	65.944	NA	0.131439393939394	Inf	0.15414681404345099	0.35793669180457816	0.6146245059288539	No-PER3D	No-Essential3D
79	L	79	54.28	74.506	64.371	NA	0	Inf	-0.12617988041446487	0	0.11808300395256917	No-PER3D	No-Essential3D
80	I	80	51.482	75.288	66.945	NA	0	Inf	0.0065338289165909795	0	0.11808300395256917	No-PER3D	No-Essential3D
81	C	81	48.245	74.897	64.949	NA	0	Inf	-0.3445979196039273	1.1364477926778753	1	No-PER3D	No-Essential3D
82	F	82	44.818	76.29	65.782	NA	0	Inf	-0.17987635421076403	0.35793669180457816	0.6146245059288539	No-PER3D	No-Essential3D
83	S	83	41.627	76.748	63.75	NA	0	Inf	0.019909681898565686	0.5136361036162523	1	No-PER3D	No-Essential3D
84	L	84	40.731	80.418	63.022	NA	0	Inf	0.8661173685273663	0.1997861476404493	0.1907114624505928	No-PER3D	No-Essential3D
85	V	85	37.017	79.518	63.323	NA	0	Inf	1.2174588720465989	0	0.05185146661119193	No-PER3D	No-Essential3D
86	S	86	37.52	77.858	66.731	NA	0	Inf	0.6381632602379664	0	0.05185146661119193	No-PER3D	No-Essential3D
87	P	87	38.122	80.343	69.561	NA	0.164943609022556	Inf	0.7671512128119237	0	0.11808300395256917	No-PER3D	No-Essential3D
88	A	88	38.396	77.427	72.011	NA	0.165262172284644	Inf	-0.09628633603338962	0	0.5108695652173911	No-PER3D	No-Essential3D
89	S	89	41.5	76.018	70.248	NA	0.220349563046192	Inf	-0.28667331180556344	0	0.26630434782608686	No-PER3D	No-Essential3D
90	F	90	42.954	79.539	70.151	NA	0.21952736318408	Inf	0.3146486349865728	0	0.25889328063241096	No-PER3D	No-Essential3D
91	E	91	42.793	79.903	73.988	NA	0.261481481481482	Inf	-0.19317340296999416	0	1	No-PER3D	No-Essential3D
92	N	92	44.314	76.414	74.209	NA	0.262453531598513	Inf	-0.4499366141009276	0	1	No-PER3D	No-Essential3D
93	V	93	47.534	77.662	72.491	NA	0.263940520446097	Inf	0.21628711360401598	0	0.25889328063241096	No-PER3D	No-Essential3D
94	R	94	48.657	79.479	75.673	NA	0.330223880597015	Inf	0.35570193926875504	0	1	No-PER3D	No-Essential3D
95	A	95	46.994	76.996	78.057	NA	0.332397003745318	Inf	0.4110014723573198	0	1	No-PER3D	No-Essential3D
96	K	96	48.392	73.709	76.701	NA	0.528358208955224	Inf	-0.005826548427954859	0	1	No-PER3D	No-Essential3D
97	W	97	50.474	73.686	73.52	NA	0.532330827067669	Inf	0.1037095718841264	0	0.5108695652173911	No-PER3D	No-Essential3D
98	Y	98	52.962	76.564	73.963	NA	0.528358208955224	Inf	0.6344919160660342	0	0.26630434782608686	No-PER3D	No-Essential3D
99	P	99	53.736	75.435	77.612	NA	0.887218045112782	Inf	0.9837497914071479	0	0.5108695652173911	No-PER3D	No-Essential3D
100	E	100	54.133	71.761	76.453	NA	0.885572139303483	Inf	0.43237450500260183	0	0.5108695652173911	No-PER3D	No-Essential3D
101	V	101	56.216	72.513	73.337	NA	0.882280049566295	Inf	0.39541438774897764	0.5136361036162523	1	No-PER3D	No-Essential3D
102	R	102	58.343	75.022	75.226	NA	0.755555555555556	Inf	0.8960642850921856	0.5136361036162523	1	No-PER3D	No-Essential3D
103	H	103	58.915	72.723	78.206	NA	0.882280049566295	Inf	1.5708884932329854	0.8194148044577478	1	No-PER3D	No-Essential3D
104	H	104	60.045	69.758	76.039	NA	0.875768757687577	Inf	0.7084896180880174	0.8194148044577478	1	No-PER3D	No-Essential3D
105	C	105	61.781	71.837	73.358	NA	0.875768757687577	Inf	0.7799542479637579	0.8194148044577478	1	No-PER3D	No-Essential3D
106	P	106	63.588	74.782	75.02	NA	0.872549019607843	Inf	1.203931913502183	0.8194148044577478	1	No-PER3D	No-Essential3D
107	N	107	65.536	76.899	72.488	NA	0.873308733087331	Inf	0.8984276377137566	0	0.26630434782608686	No-PER3D	No-Essential3D
108	T	108	63.445	75.615	69.53	NA	0.867647058823529	Inf	0.4540205262210315	0.35793669180457816	0.6146245059288539	No-PER3D	No-Essential3D
109	P	109	61.751	77.995	67.017	NA	0.933052187664734	Inf	0.326825388213005	0	0.11808300395256917	No-PER3D	No-Essential3D
110	I	110	57.956	77.977	67.345	NA	0.925443169968717	Inf	0.42730070491377176	0	0.11808300395256917	No-PER3D	No-Essential3D
111	I	111	55.724	79.08	64.492	NA	0.907692307692308	Inf	0.16732237864577726	0	0.05185146661119193	No-PER3D	No-Essential3D
112	L	112	52.106	79.79	65.229	NA	0.907692307692308	Inf	0.21580402491511483	0.35793669180457816	0.6146245059288539	No-PER3D	No-Essential3D
113	V	113	49.722	78.669	62.456	NA	0.908455882352941	Inf	-0.06803471844356235	0.26335567323835257	0.3509465363012274	No-PER3D	No-Essential3D
114	G	114	46.057	79.685	62.081	NA	0.911808118081181	Inf	0.23175707169085563	0.35793669180457816	0.6146245059288539	No-PER3D	No-Essential3D
115	T	115	44.451	76.979	59.956	NA	0.911808118081181	Inf	-0.10979922228959899	1.1364477926778753	1	No-PER3D	No-Essential3D
116	K	116	41.208	76.95	57.928	NA	0.911808118081181	Inf	0.27268888904948124	1.1364477926778753	1	No-PER3D	No-Essential3D
117	L	117	41.746	80.448	56.514	NA	0.914391143911439	Inf	0.6111983803553033	0.5136361036162523	1	No-PER3D	No-Essential3D
118	D	118	38.996	79.709	53.913	NA	0.922962962962963	Inf	0.9290686484645373	0.8194148044577478	1	No-PER3D	No-Essential3D
119	L	119	36.269	79.642	56.66	NA	0.922962962962963	Inf	1.4430939769266609	0.1997861476404493	0.1907114624505928	No-PER3D	No-Essential3D
120	R	120	36.842	83.128	58.135	NA	0.988888888888889	Inf	1.5847512181179877	0.1997861476404493	0.1907114624505928	No-PER3D	No-Essential3D
121	D	121	34.488	84.699	55.565	NA	0.988888888888889	Inf	2.274842739767478	0	0.25889328063241096	No-PER3D	No-Essential3D
122	D	122	32.089	81.665	55.134	NA	1.01424501424501	Inf	2.319474105585371	0	0.26630434782608686	No-PER3D	No-Essential3D
123	K	123	28.578	82.915	56.032	NA	0.941798941798942	Inf	2.51425723948951	0	0.26630434782608686	No-PER3D	No-Essential3D
124	D	124	27.444	79.588	57.594	NA	0.948827292110874	Inf	2.4725637426447795	0	0.5108695652173911	No-PER3D	No-Essential3D
125	T	125	30.493	79.48	59.922	NA	0.882280049566295	Inf	2.187815561889919	0	0.25889328063241096	No-PER3D	No-Essential3D
126	I	126	29.867	83.136	61.066	NA	0.888059701492537	Inf	2.1374858412811086	0	0.11808300395256917	No-PER3D	No-Essential3D
127	E	127	26.319	82.117	62.157	NA	0.85077004779607	Inf	2.515774700378841	0	0.25889328063241096	No-PER3D	No-Essential3D
128	K	128	26.488	78.914	64.232	NA	0.917049368541906	Inf	2.1922601913317608	0	0.25889328063241096	No-PER3D	No-Essential3D
129	L	129	29.509	80.588	65.861	NA	0.913640263082642	Inf	1.8419652575401362	0	0.11808300395256917	No-PER3D	No-Essential3D
130	K	130	27.722	84	66.12	NA	0.839810746873944	Inf	1.9571552382596251	0	0.25889328063241096	No-PER3D	No-Essential3D
131	E	131	24.935	82.139	68.015	NA	0.842944369063772	Inf	2.6306207282053298	0	0.25889328063241096	No-PER3D	No-Essential3D
132	K	132	27.489	81.205	70.725	NA	0.846101464078992	Inf	1.884775107064684	0	0.25889328063241096	No-PER3D	No-Essential3D
133	K	133	28.581	84.838	71.196	NA	0.921189591078067	Inf	2.335097332022178	0	0.25889328063241096	No-PER3D	No-Essential3D
134	L	134	31.717	83.98	69.226	NA	0.915985130111524	Inf	1.527588655942037	0	0.11808300395256917	No-PER3D	No-Essential3D
135	T	135	33.492	85.602	66.301	NA	0.918587360594796	Inf	1.7900392345299334	0	0.11808300395256917	No-PER3D	No-Essential3D
136	P	136	36.297	84.23	64.048	NA	0.912592592592592	Inf	1.719968103955185	0	0.022337216559184546	No-PER3D	No-Essential3D
137	I	137	39.955	84.891	64.894	NA	0.82962962962963	Inf	1.2795644609043042	0	0.05185146661119193	No-PER3D	No-Essential3D
138	T	138	41.367	88.01	63.271	NA	0.830348090571139	Inf	1.159611800336968	0	0.25889328063241096	No-PER3D	No-Essential3D
139	Y	139	44.992	88.331	62.023	NA	0.836567926455567	Inf	1.2412429867119108	0.5136361036162523	1	No-PER3D	No-Essential3D
140	P	140	45.989	90.916	64.814	NA	0.78876404494382	Inf	1.026822950060587	0	0.26630434782608686	No-PER3D	No-Essential3D
141	Q	141	44.786	88.415	67.482	NA	0.791729323308271	Inf	0.9703618065449359	0	0.25889328063241096	No-PER3D	No-Essential3D
142	G	142	46.988	85.634	66.092	NA	0.754716981132075	Inf	0.5306613655680369	0	0.25889328063241096	No-PER3D	No-Essential3D
143	L	143	49.925	88.039	65.71	NA	0.668582375478927	Inf	0.8871658913957535	0	0.25889328063241096	No-PER3D	No-Essential3D
144	A	144	49.312	89.202	69.319	NA	0.598290598290598	Inf	0.8993162904223251	0	1	No-PER3D	No-Essential3D
145	M	145	49.31	85.519	70.463	NA	0.493305144467935	Inf	0.7081424899886724	0	0.25889328063241096	No-PER3D	No-Essential3D
146	A	146	52.54	84.959	68.466	NA	0.48999648999649	Inf	0.5461778591266162	0	0.26630434782608686	No-PER3D	No-Essential3D
147	K	147	54.207	87.932	70.224	NA	0.491895701198027	Inf	0.84731073600322	0	1	No-PER3D	No-Essential3D
148	E	148	52.85	86.575	73.57	NA	0.495224619738238	Inf	0.7910281318347476	0	1	No-PER3D	No-Essential3D
149	I	149	54.415	83.078	73.283	NA	0.408139534883721	Inf	0.9053209381274244	0	0.5108695652173911	No-PER3D	No-Essential3D
150	G	150	57.618	84.335	71.583	NA	0.366771159874608	Inf	1.0090833942670703	0	0.26630434782608686	No-PER3D	No-Essential3D
151	A	151	56.99	82.813	68.166	NA	0.149425287356322	Inf	0.6617826704409363	0	0.26630434782608686	No-PER3D	No-Essential3D
152	V	152	59.422	83.466	65.295	NA	0.15042735042735	Inf	0.44933049889581433	0	0.26630434782608686	No-PER3D	No-Essential3D
153	K	153	56.598	84.107	62.761	NA	0	Inf	0.37421078697181115	0	0.11808300395256917	No-PER3D	No-Essential3D
154	Y	154	52.768	84.01	62.609	NA	0	Inf	0.5329341864187291	0.35793669180457816	0.6146245059288539	No-PER3D	No-Essential3D
155	L	155	51.196	82.412	59.537	NA	0	Inf	0.375882297775284	0.35793669180457816	0.6146245059288539	No-PER3D	No-Essential3D
156	E	156	47.62	81.812	58.409	NA	0	Inf	0.4796398739758692	0.35793669180457816	0.6146245059288539	No-PER3D	No-Essential3D
157	C	157	46.719	79.101	55.939	NA	0.152024117140396	Inf	-3.7161554159548173e-4	1.8076561420284465	0.6146245059288539	No-PER3D	No-Essential3D
158	S	158	44.114	76.764	54.63	NA	0.151593453919035	Inf	-0.29937693001366716	1.8076561420284465	0.6146245059288539	No-PER3D	No-Essential3D
159	A	159	44.596	73.205	53.466	NA	0.272868217054264	Inf	-0.42340680827756955	4.8069847985287675	0.1501456209694196	No-PER3D	No-Essential3D
160	L	160	41.405	72.962	51.358	NA	0.274418604651163	Inf	-0.41269486929203225	10.955715138949763	0.011857707509881436	PER3D	Essential3D
161	T	161	42.345	75.861	49.049	NA	0.249471458773784	Inf	-0.1734824033778544	10.955715138949763	0.011857707509881436	PER3D	Essential3D
162	Q	162	46.098	75.37	49.86	NA	0.251149628581535	Inf	-0.4765024635036906	10.955715138949763	0.13043478260869562	No-PER3D	No-Essential3D
163	R	163	46.66	79.106	50.234	NA	0.228682170542636	Inf	-0.11717263429631877	0.8194148044577478	1	No-PER3D	No-Essential3D
164	G	164	49.814	80.172	52.118	NA	0.20887573964497	Inf	0.06973041780889093	0.8194148044577478	1	No-PER3D	No-Essential3D
165	L	165	50.37	76.461	52.838	NA	0.20807544945476	Inf	-0.2516585008160071	1.1364477926778753	1	No-PER3D	No-Essential3D
166	K	166	53.59	76.823	50.889	NA	0.19415333701048	Inf	-0.8046959500296906	1.7077454298430106	0.9999999999999999	No-PER3D	No-Essential3D
167	T	167	54.899	79.638	53.16	NA	0.254102316602317	Inf	-0.30706071650336014	0.5136361036162523	1	No-PER3D	No-Essential3D
168	V	168	54.283	77.602	56.375	NA	0.338803088803089	Inf	-0.2648488510570039	0.26335567323835257	0.3509465363012274	No-PER3D	No-Essential3D
169	F	169	56.853	75.017	55.507	NA	0.338803088803089	Inf	-0.6061709584010303	1.9402952486196203	0.6349074266694404	No-PER3D	No-Essential3D
170	D	170	59.092	77.54	53.773	NA	0.341439688715953	Inf	-0.5531547038325721	1.1364477926778753	1	No-PER3D	No-Essential3D
171	E	171	59.12	79.718	56.927	NA	0.403262867647059	Inf	-0.06802752012127186	0	0.26630434782608686	No-PER3D	No-Essential3D
172	A	172	59.723	76.699	59.213	NA	0.379774305555556	Inf	-0.20846354831043037	1.1364477926778753	1	No-PER3D	No-Essential3D
173	I	173	62.634	75.735	57.009	NA	0.358947368421053	Inf	-0.40553965121758573	1.1364477926778753	1	No-PER3D	No-Essential3D
174	R	174	63.952	79.368	57.111	NA	0.380658436213992	Inf	-0.19110782222395664	1.1364477926778753	1	No-PER3D	No-Essential3D
175	A	175	63.553	79.273	60.918	NA	0.382090951711205	Inf	0.012179248850552682	0	0.26630434782608686	No-PER3D	No-Essential3D
176	V	176	66.03	76.395	61.255	NA	0.379549808429119	Inf	0.1540007010149583	1.1364477926778753	1	No-PER3D	No-Essential3D
177	L	177	68.095	77.674	58.322	NA	0.381481481481482	Inf	-0.21713267951916188	1.8076561420284465	0.6146245059288539	No-PER3D	No-Essential3D
178	C	178	70.173	80.714	59.388	NA	0.383537206931702	Inf	0.30555535134942646	0	0.26630434782608686	No-PER3D	No-Essential3D
179	P	179	68.228	83.038	61.906	NA	0.382107459572248	Inf	0.36994271687875735	0	0.25889328063241096	No-PER3D	No-Essential3D
180	P	180	70.67	84.098	64.718	NA	0.381105743424584	Inf	0.5358107251268879	0	0.26630434782608686	No-PER3D	No-Essential3D
181	P	181	70.3	81.193	67.259	NA	0.4023997658765	Inf	0.5728146665888909	0	0.5108695652173911	No-PER3D	No-Essential3D
182	V	182	72.948	82.993	69.486	NA	0.401206636500754	Inf	0.5328265693114506	0	0.5108695652173911	No-PER3D	No-Essential3D
183	K	183	74.135	86.325	70.965	NA	0.403629536921151	Inf	0.31663549580697714	0	0.5108695652173911	No-PER3D	No-Essential3D
184	K	184	76.176	85.064	73.991	NA	0.399616368286445	Inf	0.34142121382763263	0	0.5108695652173911	No-PER3D	No-Essential3D
185	R	185	76.561	81.682	75.867	NA	0.398215465961666	Inf	0.3568065000868586	0	0.5108695652173911	No-PER3D	No-Essential3D
186	K	186	77.051	83.664	79.129	NA	0.421511627906977	Inf	0.3606187213745657	0	0.5108695652173911	No-PER3D	No-Essential3D
187	R	187	77.926	81.311	82.002	NA	0.424242424242424	Inf	0.37391838726235005	0	1	No-PER3D	No-Essential3D
