Uniprot_position	aminoacid	Position_in_structure	x	y	z	paraz	mtr	paraz3dscore	mtr3dscore	PER3D_OR	PER3D_pvalue	PER3D	Essential3D
7	V	7	-7.605	39.868	-0.944	NA	0.206928838951311	Inf	-2.937391409407237	0	0.9999999999999999	No-PER3D	No-Essential3D
8	S	8	-10.702	40.231	1.384	NA	0.206093189964158	Inf	-2.4210336283908847	0	0.9999999999999999	No-PER3D	No-Essential3D
9	W	9	-11.135	37.392	3.989	NA	0.205729166666667	Inf	-1.4125729072478534	0	0.9999999999999999	No-PER3D	No-Essential3D
10	I	10	-14.256	36.148	2.207	NA	0.206030150753769	Inf	-1.5114757655405142	0	0.9999999999999999	No-PER3D	No-Essential3D
11	S	11	-12.643	35.917	-1.27	NA	0.205501618122977	Inf	-2.5864056644892464	0	1	No-PER3D	No-Essential3D
12	W	12	-9.638	34.268	0.39	NA	0.204828660436137	Inf	-2.4100043559333653	0	1	No-PER3D	No-Essential3D
13	F	13	-11.914	31.671	2.156	NA	0.204374057315234	Inf	-1.5526570038811864	0	1	No-PER3D	No-Essential3D
14	C	14	-14.016	30.871	-0.951	NA	0.203784570596798	Inf	-2.5283309138807724	0	0.9999999999999999	No-PER3D	No-Essential3D
15	G	15	-10.747	30.587	-2.963	NA	0.20323488045007	Inf	-3.624707798241267	0	0.9999999999999999	No-PER3D	No-Essential3D
16	L	16	-9.382	27.856	-0.636	NA	0.204389574759945	Inf	-2.9402773549461116	0	0.9999999999999999	No-PER3D	No-Essential3D
17	R	17	-9.188	24.247	-1.762	NA	0.205488621151272	Inf	-2.8043719597684285	0	1	No-PER3D	No-Essential3D
18	G	18	-12.333	22.341	-0.603	NA	0.206692913385827	Inf	-1.8713782399984484	0	1	No-PER3D	No-Essential3D
19	N	19	-14.452	25.502	-0.541	NA	0.356043956043956	Inf	-1.590228920852538	0	0.5526083112290007	No-PER3D	No-Essential3D
20	E	20	-15.535	25.339	-4.219	NA	0.414179104477612	Inf	-1.4779271050416776	0	0.5526083112290007	No-PER3D	No-Essential3D
21	F	21	-19.164	24.939	-3.073	NA	0.354285714285714	Inf	-0.4439552376451861	0	0.2953580901856763	No-PER3D	No-Essential3D
22	F	22	-19.21	28.326	-1.31	NA	0.353596757852077	Inf	-0.810663529806237	0	0.5526083112290008	No-PER3D	No-Essential3D
23	C	23	-20.224	31.609	-2.932	NA	0.356122448979592	Inf	-1.1294140701239537	0.9516711226392816	1	No-PER3D	No-Essential3D
24	E	24	-19.128	35.046	-1.766	NA	0.358684480986639	Inf	-1.5891368174466438	0	1	No-PER3D	No-Essential3D
25	V	25	-21.774	36.419	0.656	NA	0.355623100303951	Inf	-1.1437066349256741	0.9516711226392816	1	No-PER3D	No-Essential3D
26	D	26	-22.486	40.129	-0.02	NA	0.355871886120996	Inf	-1.2268535797551974	0.9516711226392816	1	No-PER3D	No-Essential3D
27	E	27	-21.295	41.903	3.132	NA	0.359712230215827	Inf	-1.4956300171333665	0	1	No-PER3D	No-Essential3D
28	D	28	-24.349	44.307	2.877	NA	0.357398873527906	Inf	-1.4230230027477564	0	1	No-PER3D	No-Essential3D
29	Y	29	-26.287	41.191	3.987	NA	0.416965352449223	Inf	-1.1167560861890056	0.7277059437532362	1	No-PER3D	No-Essential3D
30	I	30	-23.761	40.764	6.872	NA	0.422382671480144	Inf	-1.1854075806403213	1.3193436134993104	1	No-PER3D	No-Essential3D
31	Q	31	-24.268	44.482	7.821	NA	0.473471223021583	Inf	-1.3289336245915901	0	1	No-PER3D	No-Essential3D
32	D	32	-27.922	43.814	8.493	NA	0.416370106761566	Inf	-1.6089348707800026	0	1	No-PER3D	No-Essential3D
33	K	33	-27.921	42.464	12.075	NA	0.418742586002372	Inf	-1.5122269366145713	0	1	No-PER3D	No-Essential3D
34	F	34	-31.419	40.907	11.496	NA	0.420549581839904	Inf	-1.4743871591276092	1.3193436134993104	1	No-PER3D	No-Essential3D
35	N	35	-29.817	38.235	9.285	NA	0.472767857142857	Inf	-1.3704502845565913	1.3193436134993104	1	No-PER3D	No-Essential3D
36	L	36	-27.421	37.166	12.05	NA	0.361495135688684	Inf	-0.9626578532844026	0.9516711226392816	1	No-PER3D	No-Essential3D
37	T	37	-30.148	36.33	14.623	NA	0.359183673469388	Inf	-1.0775522690684356	1.3193436134993104	1	No-PER3D	No-Essential3D
38	G	38	-29.128	33.509	16.994	NA	0.359183673469388	Inf	-1.018494975409353	0	1	No-PER3D	No-Essential3D
39	L	39	-25.672	32.988	15.417	NA	0.468085106382979	Inf	-0.2768888705934456	1.3193436134993104	1	No-PER3D	No-Essential3D
40	N	40	-24.139	34.777	18.421	NA	0.468416370106762	Inf	-0.5170658814844208	0	1	No-PER3D	No-Essential3D
41	E	41	-25.291	31.996	20.791	NA	0.468416370106762	Inf	-1.1377831109690384	0	1	No-PER3D	No-Essential3D
42	Q	42	-23.851	29.353	18.45	NA	0.473471223021583	Inf	0.146956305260106	0	1	No-PER3D	No-Essential3D
43	V	43	-20.298	30.242	17.429	NA	0.473826714801444	Inf	0.42152865205316314	0	1	No-PER3D	No-Essential3D
44	P	44	-17.55	30.923	20.034	NA	0.473471223021583	Inf	0.4605635704935662	0	1	No-PER3D	No-Essential3D
45	H	45	-15.843	34.341	19.954	NA	0.473118279569893	Inf	0.39277515149299075	0	1	No-PER3D	No-Essential3D
46	Y	46	-18.791	35.76	17.941	NA	0.420549581839904	Inf	0.1257374571833142	0	1	No-PER3D	No-Essential3D
47	R	47	-17.842	39.402	17.489	NA	0.504659498207885	Inf	0.0010931028852359417	0	1	No-PER3D	No-Essential3D
48	Q	48	-14.091	38.635	17.187	NA	0.504659498207885	Inf	0.5018884406083924	0	0.5526083112290007	No-PER3D	No-Essential3D
49	A	49	-14.899	36.116	14.416	NA	0.504659498207885	Inf	0.4891133856954786	0	1	No-PER3D	No-Essential3D
50	L	50	-17.406	38.566	12.845	NA	0.419928825622776	Inf	0.062354328288698864	0	1	No-PER3D	No-Essential3D
51	D	51	-14.768	41.39	12.645	NA	0.422939068100358	Inf	-0.013358615549954319	0	1	No-PER3D	No-Essential3D
52	M	52	-12.271	38.912	11.081	NA	0.54531490015361	Inf	-0.010887667735600862	0	1	No-PER3D	No-Essential3D
53	I	53	-14.788	37.992	8.293	NA	0.636690647482014	Inf	-0.6330915165160348	0	1	No-PER3D	No-Essential3D
54	L	54	-15.261	41.711	7.505	NA	0.636690647482014	Inf	-1.2458927997093128	0	1	No-PER3D	No-Essential3D
55	D	55	-11.457	42.35	7.569	NA	0.641304347826087	Inf	-1.0457513320615726	0	0.9999999999999999	No-PER3D	No-Essential3D
56	L	56	-11.858	44.763	10.533	NA	0.645985401459854	Inf	-0.26921470357760524	0	0.9999999999999999	No-PER3D	No-Essential3D
57	E	57	-8.611	45.054	12.563	NA	0.641818181818182	Inf	0.07525485629907488	0	1	No-PER3D	No-Essential3D
58	P	58	-8.05	42.009	14.947	NA	0.634892086330935	Inf	0.6161417503580059	0	1	No-PER3D	No-Essential3D
59	D	59	-9.427	42.355	18.464	NA	0.634408602150538	Inf	0.2960505586952311	0	1	No-PER3D	No-Essential3D
60	E	60	-7.103	44.483	20.705	NA	0.630824372759857	Inf	0.5947095681598888	0	0.9999999999999999	No-PER3D	No-Essential3D
61	E	61	-7.228	41.539	23.171	NA	0.565217391304348	Inf	0.7413302185497752	0	0.9999999999999999	No-PER3D	No-Essential3D
62	L	62	-5.082	39.41	20.79	NA	0.547012987012987	Inf	0.8015324325032496	0	1	No-PER3D	No-Essential3D
63	E	63	-2.226	41.933	20.329	NA	0.64	Inf	0.955943999104131	0	0.9999999999999999	No-PER3D	No-Essential3D
64	D	64	0.306	40.286	22.741	NA	0.635379061371841	Inf	0.9487004945240383	0	1	No-PER3D	No-Essential3D
65	N	65	-1.106	36.706	22.53	NA	0.635379061371841	Inf	0.9640560827522379	0	1	No-PER3D	No-Essential3D
66	P	66	0.507	34.009	20.367	NA	0.64	Inf	0.9419576045691895	0	1	No-PER3D	No-Essential3D
67	N	67	-1.558	33.586	17.193	NA	0.64	Inf	1.0686226732791024	0	1	No-PER3D	No-Essential3D
68	Q	68	-2.594	30.034	18.557	NA	0.634892086330935	Inf	1.2348903358042211	0	1	No-PER3D	No-Essential3D
69	S	69	-5.761	31.788	19.418	NA	0.63898916967509	Inf	0.8494913714811487	0	1	No-PER3D	No-Essential3D
70	D	70	-6.17	30.913	15.632	NA	0.63898916967509	Inf	1.2089703807012602	0	1	No-PER3D	No-Essential3D
71	L	71	-9.505	29.741	16.949	NA	0.632142857142857	Inf	0.9415865012172872	0	1	No-PER3D	No-Essential3D
72	I	72	-10.835	33.28	16.283	NA	0.636690647482014	Inf	0.6922192014469767	0	1	No-PER3D	No-Essential3D
73	E	73	-10.618	31.882	12.672	NA	0.735584415584416	Inf	0.2769010309837023	0	1	No-PER3D	No-Essential3D
74	Q	74	-12.108	28.376	13.279	NA	0.735584415584416	Inf	0.6593159958906362	0	1	No-PER3D	No-Essential3D
75	A	75	-15.226	30.242	14.401	NA	0.737662337662338	Inf	0.6174026662296674	0	1	No-PER3D	No-Essential3D
76	A	76	-14.851	32.744	11.411	NA	0.807481751824818	Inf	0.07765124672743119	0	1	No-PER3D	No-Essential3D
77	E	77	-15.227	29.726	9.076	NA	0.909558067831449	Inf	-0.3566688147776903	0	1	No-PER3D	No-Essential3D
78	M	78	-18.117	28.37	11.181	NA	0.730273336771532	Inf	0.2677212846200682	0	1	No-PER3D	No-Essential3D
79	L	79	-19.737	31.783	11.303	NA	0.634892086330935	Inf	-0.1400532882888571	1.3193436134993104	1	No-PER3D	No-Essential3D
80	Y	80	-19.223	32.487	7.558	NA	0.635379061371841	Inf	-0.8455851744740923	1.3193436134993104	1	No-PER3D	No-Essential3D
81	G	81	-20.558	29.002	6.764	NA	0.635869565217391	Inf	-0.1608514558434884	1.3193436134993104	1	No-PER3D	No-Essential3D
82	L	82	-23.706	29.568	8.829	NA	0.635869565217391	Inf	-0.08866355486705399	0.9516711226392816	1	No-PER3D	No-Essential3D
83	I	83	-24.273	33.005	7.221	NA	0.559552358113509	Inf	-0.6645312458820781	0.7277059437532362	1	No-PER3D	No-Essential3D
84	H	84	-23.77	31.374	3.765	NA	0.47554347826087	Inf	-0.728057461281677	0.9516711226392816	1	No-PER3D	No-Essential3D
85	A	85	-26.63	28.891	4.406	NA	0.47554347826087	Inf	-0.19809548115858155	1.3193436134993104	1	No-PER3D	No-Essential3D
86	R	86	-28.955	31.859	5.01	NA	0.47554347826087	Inf	-0.9079777446247669	0.7277059437532362	1	No-PER3D	No-Essential3D
87	Y	87	-27.535	33.995	2.158	NA	0.47554347826087	Inf	-0.9468504161547295	0.9516711226392816	1	No-PER3D	No-Essential3D
88	I	88	-28.2	31.367	-0.554	NA	0.423357664233577	Inf	-0.46919863447323173	1.760651088614255	0.6119363395225464	No-PER3D	No-Essential3D
89	L	89	-31.97	31.629	0.196	NA	0.423357664233577	Inf	-0.73780903230329	2.294475717698803	0.5749778956675508	No-PER3D	No-Essential3D
90	T	90	-31.848	35.301	-0.877	NA	0.511764705882353	Inf	-0.5773033807699717	1.3193436134993104	1	No-PER3D	No-Essential3D
91	N	91	-32.281	36.047	-4.578	NA	0.515555555555556	Inf	-0.464807034390339	1.3193436134993104	1	No-PER3D	No-Essential3D
92	R	92	-28.635	37.205	-4.853	NA	0.570725707257073	Inf	-0.6846470144587461	1.3193436134993104	1	No-PER3D	No-Essential3D
93	G	93	-27.302	34.096	-3.102	NA	0.569547325102881	Inf	-0.7209623079606206	1.3193436134993104	1	No-PER3D	No-Essential3D
94	I	94	-29.571	31.956	-5.341	NA	0.569547325102881	Inf	-0.33149907585071553	3.1653840723805513	0.26926024167403484	No-PER3D	No-Essential3D
95	A	95	-28.326	33.878	-8.461	NA	0.640740740740741	Inf	-0.28394840209289823	0	1	No-PER3D	No-Essential3D
96	Q	96	-24.655	33.366	-7.495	NA	0.693850267379679	Inf	-0.42994384798521895	0	1	No-PER3D	No-Essential3D
97	M	97	-25.297	29.678	-6.759	NA	0.631868131868132	Inf	-0.06435254964914323	0	0.2953580901856763	No-PER3D	No-Essential3D
98	L	98	-27.317	29.296	-9.997	NA	0.636029411764706	Inf	0.3805068454430331	0	0.2953580901856763	No-PER3D	No-Essential3D
99	E	99	-24.266	30.638	-11.849	NA	0.636029411764706	Inf	0.3457415934221251	0	1	No-PER3D	No-Essential3D
100	K	100	-22.055	27.962	-10.199	NA	0.636029411764706	Inf	0.47648910253424004	0	0.5526083112290008	No-PER3D	No-Essential3D
101	Y	101	-24.748	25.384	-11.072	NA	0.581550802139037	Inf	0.6996292192819162	2.294475717698803	0.5749778956675508	No-PER3D	No-Essential3D
102	Q	102	-24.515	26.437	-14.771	NA	0.578964830789648	Inf	1.199350328287711	0	1	No-PER3D	No-Essential3D
103	Q	103	-20.725	26.029	-14.503	NA	0.580623755806238	Inf	0.7882413476413374	0	1	No-PER3D	No-Essential3D
104	G	104	-21.04	22.518	-12.951	NA	0.582750582750583	Inf	1.1123578968755161	2.294475717698803	0.5749778956675508	No-PER3D	No-Essential3D
105	D	105	-19.091	23.633	-9.792	NA	0.588036498817168	Inf	0.34341066989054053	0	0.5526083112290007	No-PER3D	No-Essential3D
106	F	106	-20.925	21.061	-7.653	NA	0.535055350553506	Inf	0.5473559915499725	1.13751852350093	1	No-PER3D	No-Essential3D
107	G	107	-20.434	18.07	-10.007	NA	0.46524064171123	Inf	0.8240730748000242	1.8330324679800558	0.6456991284577493	No-PER3D	No-Essential3D
108	Y	108	-22.929	15.914	-11.86	NA	0.467914438502674	Inf	1.0949564885015322	2.216529863458566	0.6328154604016673	No-PER3D	No-Essential3D
109	C	109	-25.227	13.074	-10.788	NA	0.516605166051661	Inf	1.2021554155818044	2.216529863458566	0.6328154604016673	No-PER3D	No-Essential3D
110	P	110	-23.333	9.735	-10.609	NA	0.570261437908497	Inf	0.9201570836045389	3.416781153921467	0.30450928381962855	No-PER3D	No-Essential3D
111	R	111	-26.545	7.88	-11.544	NA	0.570261437908497	Inf	0.8411010516243115	2.721181552510079	0.33906782872300106	No-PER3D	No-Essential3D
112	V	112	-26.109	6.587	-15.113	NA	0.568172568172568	Inf	0.41676033104754606	2.037764430017288	0.5153256704980843	No-PER3D	No-Essential3D
113	Y	113	-29.64	7.329	-16.317	NA	0.568172568172568	Inf	0.4523127012845878	9.269335032342783	0.04556439728853522	PER3D	No-Essential3D
114	C	114	-29.542	10.886	-15.037	NA	0.635036496350365	Inf	0.7113022664502154	3.416781153921467	0.30450928381962855	No-PER3D	No-Essential3D
115	E	115	-27.053	11.59	-17.885	NA	0.637362637362637	Inf	0.7209810499746581	4.43737389609792	0.13147656940760402	No-PER3D	No-Essential3D
116	N	116	-24.639	13.768	-15.89	NA	0.76043956043956	Inf	0.9301570944305163	4.43737389609792	0.13147656940760402	No-PER3D	No-Essential3D
117	Q	117	-27.379	16.023	-14.492	NA	0.806526806526806	Inf	0.9210802607533312	3.416781153921467	0.30450928381962855	No-PER3D	No-Essential3D
118	P	118	-25.591	18.906	-12.629	NA	0.815488215488216	Inf	1.1539068804524955	2.721181552510079	0.33906782872300106	No-PER3D	No-Essential3D
119	M	119	-26.049	18.695	-8.843	NA	0.893726937269373	Inf	1.0197546224663931	1.5314600219174201	0.6693191865605659	No-PER3D	No-Essential3D
120	L	120	-26.474	21.263	-6.102	NA	0.893726937269373	Inf	0.4736606995171651	1.5314600219174201	0.6693191865605659	No-PER3D	No-Essential3D
121	P	121	-24.968	21.249	-2.555	NA	0.847374847374847	Inf	0.20287875603561228	1.2881865668165124	1	No-PER3D	No-Essential3D
122	I	122	-27.36	20.406	0.295	NA	0.761454545454546	Inf	0.5737120384758475	1.5314600219174201	0.6693191865605659	No-PER3D	No-Essential3D
123	G	123	-27.296	19.701	4.024	NA	0.766423357664234	Inf	1.0004102482822423	0.576848664723986	1	No-PER3D	No-Essential3D
124	L	124	-29.072	16.8	5.659	NA	0.767032967032967	Inf	1.1905698227175499	0	0.5526083112290008	No-PER3D	No-Essential3D
125	S	125	-29.49	18.978	8.753	NA	0.766423357664234	Inf	1.230544989222983	0	1	No-PER3D	No-Essential3D
126	D	126	-29.471	22.752	9.404	NA	0.772058823529412	Inf	0.9440832977228233	2.037764430017288	0.5153256704980843	No-PER3D	No-Essential3D
127	I	127	-27.773	22.024	12.779	NA	0.715457154571546	Inf	1.190984300738744	0	1	No-PER3D	No-Essential3D
128	P	128	-23.915	22.385	12.687	NA	0.806226765799256	Inf	1.1543486143052009	0	1	No-PER3D	No-Essential3D
129	G	129	-21.611	19.334	13.134	NA	0.866416978776529	Inf	1.5090283055739186	0	1	No-PER3D	No-Essential3D
130	E	130	-24.228	16.723	12.267	NA	0.913157894736842	Inf	1.571571895819741	0	1	No-PER3D	No-Essential3D
131	A	131	-23.481	15.74	8.681	NA	0.906343283582089	Inf	1.1101951409506832	0	0.5526083112290007	No-PER3D	No-Essential3D
132	M	132	-21.126	16.771	5.912	NA	0.89962962962963	Inf	0.9576199734485373	0	0.2953580901856763	No-PER3D	No-Essential3D
133	V	133	-22.54	18.502	2.768	NA	0.893014705882353	Inf	0.4828459905943392	0	0.2953580901856763	No-PER3D	No-Essential3D
134	K	134	-24.196	16.2	0.259	NA	0.816510695187166	Inf	0.531947927020023	1.13751852350093	1	No-PER3D	No-Essential3D
135	L	135	-25.126	16.659	-3.36	NA	0.699300699300699	Inf	0.6899066124718204	0.6594982139099952	1	No-PER3D	No-Essential3D
136	Y	136	-28.714	16.872	-4.543	NA	0.703877005347594	Inf	0.8048333692051541	3.5723645559620194	0.19806323944254986	No-PER3D	No-Essential3D
137	C	137	-29.741	15.966	-8.074	NA	0.709090909090909	Inf	0.9483619254024701	3.5723645559620194	0.19806323944254986	No-PER3D	No-Essential3D
138	P	138	-32.961	17.726	-9.356	NA	0.709699222710375	Inf	0.8172454541400789	4.312811717879684	0.16384994316028795	No-PER3D	No-Essential3D
139	K	139	-33.633	14.933	-11.919	NA	0.645756457564576	Inf	0.8010520663396756	3.416781153921467	0.30450928381962855	No-PER3D	No-Essential3D
140	C	140	-33.255	12.094	-9.384	NA	0.652985074626866	Inf	1.01518659380939	2.721181552510079	0.33906782872300106	No-PER3D	No-Essential3D
141	M	141	-34.584	13.956	-6.367	NA	0.571361940298508	Inf	0.9137595127092164	6.609191663841898	0.055879752431476554	No-PER3D	No-Essential3D
142	D	142	-32.075	12.012	-4.234	NA	0.571361940298508	Inf	1.5423126482484333	2.216529863458566	0.6328154604016673	No-PER3D	No-Essential3D
143	V	143	-28.864	12.943	-2.386	NA	0.569237918215613	Inf	1.37377073250201	1.8330324679800558	0.6456991284577493	No-PER3D	No-Essential3D
144	Y	144	-25.34	11.621	-3.058	NA	0.535753334791166	Inf	1.3923549963107047	1.8330324679800558	0.6456991284577493	No-PER3D	No-Essential3D
145	T	145	-21.952	11.851	-1.311	NA	0.574005740057401	Inf	0.9088744497621473	1.8330324679800558	0.6456991284577493	No-PER3D	No-Essential3D
146	P	146	-19.219	14.053	-3	NA	0.56682769726248	Inf	0.36047391238344556	0.784420573026101	1	No-PER3D	No-Essential3D
147	K	147	-16.692	11.928	-4.93	NA	0.481751824817518	Inf	-0.0522584636622258	0	1	No-PER3D	No-Essential3D
148	S	148	-13.817	14.24	-3.905	NA	0.426666666666667	Inf	-0.8209625069712494	0	0.5526083112290007	No-PER3D	No-Essential3D
149	S	149	-12.432	13.999	-0.33	NA	0.422062350119904	Inf	-0.5808032650550778	0	1	No-PER3D	No-Essential3D
150	R	150	-11.721	17.749	-0.218	NA	0.422062350119904	Inf	-1.170702716464083	0	0.5526083112290007	No-PER3D	No-Essential3D
151	H	151	-15.512	18.13	0.423	NA	0.421744324970131	Inf	-0.49799687603340803	0	0.5526083112290008	No-PER3D	No-Essential3D
152	H	152	-15.716	15.49	3.233	NA	0.421744324970131	Inf	-0.16584496150420955	0	1	No-PER3D	No-Essential3D
153	H	153	-14.951	18.102	5.931	NA	0.453842186694172	Inf	0.06821892674880926	0	1	No-PER3D	No-Essential3D
154	T	154	-17.583	20.69	4.949	NA	0.451263537906137	Inf	0.3439260203165013	0	0.2953580901856763	No-PER3D	No-Essential3D
155	D	155	-20.688	20.985	7.134	NA	0.455844155844156	Inf	0.7864421666204433	0	0.5526083112290007	No-PER3D	No-Essential3D
156	G	156	-24.108	20.474	5.445	NA	0.455844155844156	Inf	0.8584993058928911	0	0.5526083112290008	No-PER3D	No-Essential3D
157	A	157	-25.441	23.161	7.808	NA	0.42512077294686	Inf	1.0217935285596562	0.9516711226392816	1	No-PER3D	No-Essential3D
158	Y	158	-23.352	25.673	5.807	NA	0.426666666666667	Inf	0.6096205029263657	0.7277059437532362	1	No-PER3D	No-Essential3D
159	F	159	-25.741	25.017	2.873	NA	0.426666666666667	Inf	0.3935954944113034	1.760651088614255	0.6119363395225464	No-PER3D	No-Essential3D
160	G	160	-28.966	24.021	4.754	NA	0.368091762252346	Inf	0.7196637868107328	1.760651088614255	0.6119363395225464	No-PER3D	No-Essential3D
161	T	161	-31.783	21.591	3.828	NA	0.367792207792208	Inf	0.6883791173940166	2.294475717698803	0.5749778956675508	No-PER3D	No-Essential3D
162	G	162	-33.999	24.037	1.897	NA	0.397858551704706	Inf	-0.07277440128203097	3.1653840723805513	0.26926024167403484	No-PER3D	No-Essential3D
163	F	163	-31.532	25.668	-0.537	NA	0.397858551704706	Inf	0.21823023926560947	2.294475717698803	0.5749778956675508	No-PER3D	No-Essential3D
164	P	164	-31.904	23.372	-3.666	NA	0.397858551704706	Inf	0.6028694837560494	2.721181552510079	0.33906782872300106	No-PER3D	No-Essential3D
165	H	165	-35.692	23.566	-3.423	NA	0.433455433455434	Inf	0.19818552245884405	3.416781153921467	0.30450928381962855	No-PER3D	No-Essential3D
166	M	166	-35.665	27.387	-3.045	NA	0.471134704711347	Inf	-0.18238180414712057	2.294475717698803	0.5749778956675508	No-PER3D	No-Essential3D
167	L	167	-33.463	27.8	-6.098	NA	0.471134704711347	Inf	0.26648277506242146	0.9516711226392816	1	No-PER3D	No-Essential3D
168	F	168	-35.79	25.689	-8.288	NA	0.518681318681319	Inf	0.3253631745080936	4.43737389609792	0.13147656940760402	No-PER3D	No-Essential3D
169	M	169	-38.855	27.385	-6.693	NA	0.517818181818182	Inf	-0.22890258089868076	2.037764430017288	0.5153256704980843	No-PER3D	No-Essential3D
170	V	170	-37.548	30.695	-8.085	NA	0.549923195084485	Inf	-0.08935829439215294	2.037764430017288	0.5153256704980843	No-PER3D	No-Essential3D
171	H	171	-36.061	29.353	-11.347	NA	0.547959183673469	Inf	0.181513836891044	1.3193436134993104	1	No-PER3D	No-Essential3D
172	P	172	-38.573	26.577	-12.502	NA	0.769892473118279	Inf	0.0987204865788875	2.037764430017288	0.5153256704980843	No-PER3D	No-Essential3D
173	E	173	-37.238	26.781	-16.125	NA	0.6415770609319	Inf	0.3175833683188438	0	1	No-PER3D	No-Essential3D
174	Y	174	-33.989	25.126	-14.798	NA	0.553893759669933	Inf	0.757465693317016	1.3193436134993104	1	No-PER3D	No-Essential3D
175	R	175	-35.928	22.08	-13.5	NA	0.639285714285714	Inf	0.69471801465723515	4.43737389609792	0.13147656940760402	No-PER3D	No-Essential3D
176	P	176	-34.871	19.026	-15.54	NA	0.515107913669065	Inf	1.0591945291404161	2.294475717698803	0.5749778956675508	No-PER3D	No-Essential3D
177	K	177	-37.025	16.879	-17.778	NA	0.512230215827338	Inf	0.6869123089994512	0	1	No-PER3D	No-Essential3D
178	R	178	-37.442	13.426	-16.239	NA	0.508960573476703	Inf	0.5601693314792441	4.85482722082448	0.1797819039198349	No-PER3D	No-Essential3D
179	P	179	-35.154	10.536	-17.274	NA	0.428057553956834	Inf	0.5793030022820228	6.091322532999999	0.08284703801945181	No-PER3D	No-Essential3D
180	A	180	-36.143	9.283	-20.735	NA	0.428399518652226	Inf	-0.023889526868585358	0	0.9999999999999999	No-PER3D	No-Essential3D
181	N	181	-34.476	5.963	-19.858	NA	0.550799381124291	Inf	-0.06188754465890551	4.106906485293537	0.37684729064039413	No-PER3D	No-Essential3D
182	Q	182	-34.038	3.767	-16.792	NA	0.547276464542652	Inf	0.06851863927158136	4.106906485293537	0.37684729064039413	No-PER3D	No-Essential3D
183	F	183	-31.948	0.778	-15.651	NA	0.547276464542652	Inf	0.018087784773900908	4.106906485293537	0.37684729064039413	No-PER3D	No-Essential3D
184	V	184	-33.449	-2.5	-16.912	NA	0.551242236024845	Inf	0.04737601588762011	10.269335032342783	0.20689655172413793	No-PER3D	No-Essential3D
185	P	185	-31.766	-5.609	-15.347	NA	0.547276464542652	Inf	0.009323511715617773	10.269335032342783	0.20689655172413793	No-PER3D	No-Essential3D
186	R	186	-31.331	-8.542	-17.716	NA	0.547276464542652	Inf	0.010522406540938034	10.269335032342783	0.20689655172413793	No-PER3D	No-Essential3D
187	L	187	-29.58	-11.89	-17.552	NA	0.480595667870036	Inf	0.01198772243855014	10.269335032342783	0.20689655172413793	No-PER3D	No-Essential3D
188	Y	188	-29.124	-12.765	-21.279	NA	0.424460431654676	Inf	0.01198772243855014	10.269335032342783	0.20689655172413793	No-PER3D	No-Essential3D
189	G	189	-31.315	-10.145	-23.059	NA	0.54573484069887	Inf	0.01198772243855014	10.269335032342783	0.20689655172413793	No-PER3D	No-Essential3D
190	F	190	-34.182	-11.344	-20.871	NA	0.643636363636364	Inf	0.01198772243855014	10.269335032342783	0.20689655172413793	No-PER3D	No-Essential3D
191	K	191	-35.591	-8.756	-18.472	NA	0.643636363636364	Inf	0.010522406540938034	10.269335032342783	0.20689655172413793	No-PER3D	No-Essential3D
192	I	192	-35.307	-10.374	-15.025	NA	0.552137643378519	Inf	0.010522406540938034	10.269335032342783	0.20689655172413793	No-PER3D	No-Essential3D
