Uniprot_position	aminoacid	Position_in_structure	x	y	z	paraz	mtr	paraz3dscore	mtr3dscore	PER3D_OR	PER3D_pvalue	PER3D	Essential3D
6	S	6	86.049	-9.834	-16.47	0.56	0	-2.0001455767099294	-1.4237891690805449	0	1	No-PER3D	No-Essential3D
7	A	7	85.912	-6.53	-14.425	-0.97	0	-2.158962199198029	-1.4237891690805449	0	1	No-PER3D	No-Essential3D
8	E	8	82.227	-5.552	-15.178	0.56	0	-2.222145460901403	-1.4237891690805449	0	1	No-PER3D	No-Essential3D
9	E	9	81.042	-9.184	-14.769	-1.28	0	-2.043459201024866	-1.4237891690805449	0	1	No-PER3D	No-Essential3D
10	R	10	82.429	-9.238	-11.192	0.56	0	-2.105737168958774	-1.4237891690805449	0	1	No-PER3D	No-Essential3D
11	A	11	80.596	-5.956	-10.359	-2.2	0	-2.158433911056697	-1.4237891690805449	0	1	No-PER3D	No-Essential3D
12	A	12	77.325	-7.343	-11.843	-2.2	0	-1.8871956853496674	-1.4237891690805449	0	1	No-PER3D	No-Essential3D
13	L	13	77.705	-10.449	-9.626	-2.2	0	-1.7784890798103228	-1.4237891690805449	0	1	No-PER3D	No-Essential3D
14	E	14	78.366	-8.252	-6.514	-1.59	0	-1.7784890798103228	-1.4237891690805449	0	1	No-PER3D	No-Essential3D
15	R	15	75.357	-6.038	-7.356	-1.28	0	-1.8210691040017266	-1.4237891690805449	0	1	No-PER3D	No-Essential3D
16	S	16	73.146	-9.163	-7.654	-0.05	0	-1.7372826047863834	-1.4237891690805449	0	1	No-PER3D	No-Essential3D
17	K	17	74.358	-10.396	-4.19	-1.28	0	-1.6534961055710402	-1.4237891690805449	0	1	No-PER3D	No-Essential3D
18	A	18	73.617	-6.962	-2.635	-1.28	0	-1.8224426531691913	-1.4237891690805449	0	1	No-PER3D	No-Essential3D
19	I	19	70.076	-7.103	-4.15	0.87	0	-1.527129582164293	-1.4237891690805449	0	1	No-PER3D	No-Essential3D
20	E	20	69.691	-10.67	-2.707	-0.05	0	-1.3581830345661414	-1.4237891690805449	0	1	No-PER3D	No-Essential3D
21	K	21	70.569	-9.375	0.801	0.56	0	-1.2318165111593942	-1.4237891690805449	0	1	No-PER3D	No-Essential3D
22	N	22	68.01	-6.494	0.646	-1.28	0	-1.1466564627765865	-1.4237891690805449	0	1	No-PER3D	No-Essential3D
23	L	23	65.313	-8.836	-0.779	1.17	0	-1.104076438585182	-1.4237891690805449	0	1	No-PER3D	No-Essential3D
24	K	24	65.926	-11.289	2.089	-0.67	0	-1.2304429619919297	-1.4237891690805449	0	1	No-PER3D	No-Essential3D
25	E	25	65.696	-8.483	4.727	-0.67	0	-1.1878629378005257	-1.4237891690805449	0	1	No-PER3D	No-Essential3D
26	D	26	62.447	-7.12	3.145	-0.05	0	-1.0189163902023743	-1.4237891690805449	0	1	No-PER3D	No-Essential3D
27	G	27	60.96	-10.662	3.01	-0.97	0	-1.2087605072769518	-1.4237891690805449	0	1	No-PER3D	No-Essential3D
28	I	28	61.823	-11.213	6.717	-1.28	0	-1.282003884585987	-1.4237891690805449	0	1	No-PER3D	No-Essential3D
29	S	29	60.029	-7.942	7.672	-0.97	0	-1.2494151098675348	-1.3839293537048387	0	1	No-PER3D	No-Essential3D
30	A	30	57.011	-8.816	5.431	-0.97	0	-0.6957708755409553	-1.356560945132587	0	1	No-PER3D	No-Essential3D
31	A	31	56.628	-12.317	6.984	-0.97	0	-0.8616811565583953	-1.356560945132587	0	1	No-PER3D	No-Essential3D
32	K	32	56.196	-10.666	10.437	-0.97	0	-0.8269809670645516	-1.356560945132587	0	1	No-PER3D	No-Essential3D
33	D	33	53.374	-8.31	9.363	-0.05	0	-0.44965656857536057	-1.3529664773875958	2.08034248470824	0.6162271805273833	No-PER3D	No-Essential3D
34	V	34	49.693	-8.939	10.162	0.56	0.1440329218107	0.0811716248306727	-1.3441998160806856	2.08034248470824	0.6162271805273833	No-PER3D	No-Essential3D
35	K	35	47.583	-8.724	6.993	1.17	0.144444444444444	0.5968769031605801	-1.319464371118409	3.1851009511851465	0.3603786342123057	No-PER3D	No-Essential3D
36	L	36	43.847	-8.158	7.267	1.17	0.143382352941176	1.0783875308878712	-1.1527810425476197	3.1851009511851465	0.3603786342123057	No-PER3D	No-Essential3D
37	L	37	41.405	-8.186	4.352	1.17	0.161305147058824	1.3971900965671418	-1.1208295185815267	9.617513268298113	0.014920991211445868	PER3D	Essential3D
38	L	38	37.983	-6.511	4.605	1.17	0.184348739495798	1.4475854719448513	-1.0049015943763986	28.211552509947524	2.0539016242476156e-4	PER3D	Essential3D
39	L	39	35.144	-8.17	2.763	1.17	0.183003128258603	1.4475854719448513	-0.9945995491110448	28.211552509947524	1.4491254703084116e-5	PER3D	Essential3D
40	G	40	31.375	-7.82	2.668	1.17	0.183673469387755	1.2958573442674177	-0.9220189242318	20.17066897162359	1.4550807804603722e-4	PER3D	Essential3D
41	A	41	28.618	-6.382	0.471	-0.36	0.214111922141119	1.1444235485544407	-0.9470544706209238	6.460925998018787	0.0028697968601396305	PER3D	Essential3D
42	G	42	28.428	-2.711	-0.655	0.25	0.215506715506716	1.1540813161381764	-0.6550824458388523	24.69631224349361	2.5824517473477956e-5	PER3D	Essential3D
43	E	43	27.464	-0.312	2.192	-0.05	0.217283950617284	0.9601717388045403	-0.39902272476807116	27.211552509947524	1.0483862195669374e-5	PER3D	Essential3D
44	S	44	28.391	-2.887	4.926	1.17	0.215867158671587	1.394373351002283	-0.7436186969176244	10.965465000954032	3.518134421269114e-4	PER3D	Essential3D
45	G	45	30.92	-0.57	6.65	1.17	0.215686274509804	1.2964950635237404	-0.5386841484196578	13.350302101936832	6.751108072839243e-5	PER3D	Essential3D
46	K	46	34.32	-1.622	5.235	1.17	0.260516605166052	1.5711394899134568	-0.7331123627522653	22.355182556567758	6.204550910163752e-5	PER3D	Essential3D
47	S	47	35.664	1.832	4.184	1.17	0.217283950617284	1.2649524879994631	-0.5037930207526881	20.17066897162359	1.4550807804603722e-4	PER3D	Essential3D
48	T	48	34.424	3.228	7.539	1.17	0.32380073800738	1.371059161186107	-0.25192524716040804	20.17066897162359	1.4550807804603722e-4	PER3D	Essential3D
49	I	49	36.553	0.584	9.381	0.25	0.323148148148148	1.5560200433958344	-0.6111739535497467	18.127545091917483	3.3329885817093464e-4	PER3D	Essential3D
50	V	50	39.628	1.553	7.271	0.56	0.287484510532838	1.449245806103325	-0.46463184978177563	11.124428380322344	0.007301418911295921	PER3D	Essential3D
51	K	51	39.173	5.258	8.193	1.17	0.388104089219331	1.0294791708560833	-0.05129312483616375	18.127545091917483	3.3329885817093464e-4	PER3D	Essential3D
52	Q	52	38.709	4.292	11.876	1.17	0.388104089219331	1.0684859017246096	-0.09308703798048759	12.720116601960616	0.0034916327612209324	PER3D	Essential3D
53	M	53	42.168	2.594	11.885	1.17	0.390671641791045	1.0514146477861204	-0.3284526322423642	8.192114299018886	0.029779157196738255	PER3D	Essential3D
54	K	54	43.717	5.902	10.785	0.56	0.43483709273183	0.9099729147975445	-0.01680850434312567	28.211552509947524	0.012072631295974984	PER3D	Essential3D
55	I	55	41.753	7.813	13.511	1.17	0.554904051172708	0.8796337923820896	0.23632306987297685	2.13545693927714	0.43358830860969233	No-PER3D	No-Essential3D
56	I	56	42.642	5.288	16.24	1.17	0.554434413170473	0.6817091727647885	-0.028610744193160325	28.211552509947524	0.11643002028397562	No-PER3D	No-Essential3D
57	H	57	46.273	4.51	15.41	1.17	0.648148148148148	0.5763628571529912	-0.06484176905561916	28.211552509947524	0.24137931034482765	No-PER3D	No-Essential3D
58	E	58	47.67	7.373	13.26	-1.28	0.645756457564576	0.7873007650136331	0.30731051185803654	28.211552509947524	0.24137931034482765	No-PER3D	No-Essential3D
59	D	59	46.111	10.472	14.91	-0.67	0.639194139194139	0.9957859065038023	0.8281251819091413	28.211552509947524	0.24137931034482765	No-PER3D	No-Essential3D
60	G	60	43.293	10.945	12.352	1.17	0.639194139194139	0.576117580515944	0.7404116796220861	0.6697488329822402	1	No-PER3D	No-Essential3D
61	F	61	43.08	13.606	9.679	0.56	0.733193277310924	0.342423451329251	0.874765845318679	1.3116457952943819	0.7387017794992673	No-PER3D	No-Essential3D
62	S	62	44.866	16.988	9.337	0.56	0.733193277310924	-0.3639503135060755	1.0278302189175696	0.24157179394200967	0.3603786342123057	No-PER3D	No-Essential3D
63	G	63	42.829	20.175	8.651	-1.59	0.732600732600733	-0.41172686117315055	0.951653506534634	0.24157179394200967	0.3603786342123057	No-PER3D	No-Essential3D
64	E	64	44.154	20.158	5.06	-0.05	0.73469387755102	-0.5999838941256578	1.0376091892819452	0.24157179394200967	0.3603786342123057	No-PER3D	No-Essential3D
65	D	65	43.12	16.461	4.599	-0.97	0.641818181818182	-0.4999723453696383	0.9914907918693439	0.24157179394200967	0.3603786342123057	No-PER3D	No-Essential3D
66	V	66	39.623	17.362	6.013	-0.97	0.551688311688312	-0.1853437391972682	0.8593191977171065	0.5885674292103201	0.7132977858394737	No-PER3D	No-Essential3D
67	K	67	39.233	20.267	3.513	-0.67	0.555265901981231	-0.4925973228511492	0.8907990409520821	0.5885674292103201	0.7132977858394737	No-PER3D	No-Essential3D
68	Q	68	39.561	17.756	0.621	-0.97	0.553246753246753	-0.5101060029502538	0.861883241304283	0.5885674292103201	0.7132977858394737	No-PER3D	No-Essential3D
69	Y	69	36.37	15.932	1.745	0.56	0.480595667870036	-0.15907461136950687	0.7697179901448148	0.8350800461954163	1	No-PER3D	No-Essential3D
70	K	70	34.345	19.15	1.403	-0.97	0.482336956521739	-0.733414384679366	0.771687628160637	0.5956611255240264	0.549393885054859	No-PER3D	No-Essential3D
71	P	71	33.123	18.494	-2.257	-1.59	0.570048309178744	-0.664540704996496	0.8153421288032301	1.0253482475968003	0.9999999999999999	No-PER3D	No-Essential3D
72	V	72	32.203	14.845	-1.458	0.56	0.573737373737374	-0.3263817615742326	0.7189556851084752	2.196470232799013	0.31409217118557664	No-PER3D	No-Essential3D
73	V	73	30.173	15.945	1.632	0.56	0.575353535353535	-0.012448237742656115	0.6983019145984555	0.8350800461954163	1	No-PER3D	No-Essential3D
74	Y	74	28.208	18.316	-0.657	-0.05	0.52014652014652	-0.5143766436883265	0.876053904268633	0.652780853036094	0.7387017794992674	No-PER3D	No-Essential3D
75	S	75	27.839	15.669	-3.451	-0.67	0.520588235294118	-0.9571066776664653	0.9318344612722179	0.32928256402382905	0.6162271805273833	No-PER3D	No-Essential3D
76	N	76	26.696	13.029	-0.878	1.17	0.522509225092251	-0.17477231614053143	0.832199356840081	2.196470232799013	0.31409217118557664	No-PER3D	No-Essential3D
77	T	77	24.182	15.497	0.646	-0.67	0.520588235294118	-0.09579084606851392	0.9944196213793254	1.0267189685765765	1	No-PER3D	No-Essential3D
78	I	78	22.729	16.52	-2.766	0.25	0.473666554847367	-0.45438768237440547	1.1412954275214648	0.10941448902190093	0.029779157196738276	No-PER3D	No-Essential3D
79	Q	79	22.472	12.902	-4.03	-0.97	0.434194341943419	-0.3868622329803371	1.0695675858090874	0.26157949181202733	0.15667592615220852	No-PER3D	No-Essential3D
80	S	80	20.733	11.851	-0.772	0.25	0.392565055762082	0.20101214669056647	1.1694514746969158	0.4789769070553525	0.4839360145110529	No-PER3D	No-Essential3D
81	L	81	17.956	14.466	-1.067	0.56	0.6	-0.12670662664055746	1.3315455116554469	0.058305161232331794	7.460347233056582e-4	No-PER3D	No-Essential3D
82	A	82	17.584	13.835	-4.837	-1.28	0.654850746268657	-0.4687542642070762	1.2372957857333298	0.10941448902190093	0.029779157196738276	No-PER3D	No-Essential3D
83	A	83	17.082	10.079	-4.085	-0.97	0.65	-0.045591031878290056	1.2219170031907114	0.15358440700072176	0.10992448495808793	No-PER3D	No-Essential3D
84	I	84	14.284	10.886	-1.554	0.56	0.649446494464945	0.12701605808241478	1.4034514800197033	0.058305161232331794	7.460347233056582e-4	No-PER3D	No-Essential3D
85	V	85	12.553	13.355	-3.977	0.56	0.649446494464945	-0.13709782469007256	1.37711316642886	0	0.0010994414576854868	No-PER3D	No-Essential3D
86	R	86	12.623	10.815	-6.848	-0.05	0.647058823529412	-0.33017959337367403	1.263621454268928	0	0.026051467533419696	No-PER3D	No-Essential3D
87	A	87	11.267	8.078	-4.552	1.17	0.647058823529412	0.01977096298726886	1.4796582339397772	0	0.005514658740136718	No-PER3D	No-Essential3D
88	M	88	8.195	10.233	-3.738	0.56	0.554621848739496	-0.18215909899044497	1.5315370951050389	0	0.0010994414576854868	No-PER3D	No-Essential3D
89	D	89	7.116	10.185	-7.425	-0.97	0.565705128205128	-0.0732277884029666	1.3966050862808992	0	0.11643002028397567	No-PER3D	No-Essential3D
90	T	90	7.642	6.358	-7.44	-0.97	0.568910256410256	0.36793903482208384	1.346594190024258	0	0.11643002028397567	No-PER3D	No-Essential3D
91	L	91	5.866	5.753	-4.102	1.17	0.615916955017301	0.21825896706399472	1.512790017080153	0	0.05544286680189315	No-PER3D	No-Essential3D
92	G	92	3.112	8.368	-4.761	-0.97	0.584671532846715	0.3312016444055203	1.5299916410459187	0	0.11643002028397567	No-PER3D	No-Essential3D
93	I	93	3.9	10.537	-1.743	1.17	0.62096633525205	-0.3128592893114138	1.6079864797289247	0	4.792437123244433e-4	No-PER3D	No-Essential3D
94	E	94	2.675	14.144	-1.83	-1.28	0.614216701173223	-0.5561359783950556	1.5120740472495353	0	0.0024815964330615232	No-PER3D	No-Essential3D
95	Y	95	4.528	17.151	-0.353	0.56	0.613718411552347	-0.8511471704620499	1.550839510145742	0	0.0010994414576854868	No-PER3D	No-Essential3D
96	G	96	3.186	18.501	2.993	-1.59	0.585822120118149	-0.7167355733601526	1.7079245387764255	0	0.005514658740136718	No-PER3D	No-Essential3D
97	D	97	3.218	21.987	1.492	-1.28	0.590082644628099	-1.1497469484033818	1.5393061116711075	0	0.005514658740136718	No-PER3D	No-Essential3D
98	K	98	2.412	22.32	-2.271	-1.59	0.586297760210804	-1.2478412514464816	1.4629299170202101	0	0.012072631295974964	No-PER3D	No-Essential3D
99	E	99	5.016	25.133	-2.706	-1.59	0.588429752066116	-1.6394374258569901	1.280604431623919	0	0.005514658740136718	No-PER3D	No-Essential3D
100	R	100	7.766	22.484	-2.245	-0.97	0.615942028985507	-1.1066709203459486	1.4897765731499073	0	2.053901624247606e-4	No-PER3D	No-Essential3D
101	K	101	7.132	21.26	-5.815	-0.97	0.587944664031621	-0.968200728634449	1.326964933974501	0	2.053901624247606e-4	No-PER3D	No-Essential3D
102	A	102	8.845	24.482	-7.038	-1.59	0.504316433840841	-1.5264066615498375	1.2255480047066234	0	0.005514658740136718	No-PER3D	No-Essential3D
103	D	103	11.767	23.837	-4.604	-0.97	0.501094776352831	-1.2209610419326575	1.3793695835006017	0	4.792437123244433e-4	No-PER3D	No-Essential3D
104	A	104	12.015	20.207	-5.986	-0.36	0.502903782765657	-1.0875938485756063	1.3421612718906322	0	2.053901624247606e-4	No-PER3D	No-Essential3D
105	K	105	12.161	21.482	-9.596	-1.28	0.527667984189723	-1.6164102780494944	1.2324281380246165	0	0.012072631295974964	No-PER3D	No-Essential3D
106	M	106	14.793	24.061	-8.518	-0.67	0.527667984189723	-1.7939150935372334	1.2451527940104303	0	0.005514658740136718	No-PER3D	No-Essential3D
107	V	107	16.839	21.281	-6.821	0.56	0.525763045618641	-1.3218396660540364	1.240102166961974	0	4.792437123244433e-4	No-PER3D	No-Essential3D
108	C	108	17.315	19.54	-10.176	-0.97	0.552795031055901	-1.6024000765413553	1.1477206862395237	0	0.012072631295974964	No-PER3D	No-Essential3D
109	D	109	18.118	22.836	-12.028	-1.89	0.605442176870748	-2.158962199198029	1.1349429318090019	0	0.05544286680189315	No-PER3D	No-Essential3D
110	V	110	20.588	23.86	-9.299	-0.36	0.611999312360323	-1.9777027644201055	1.224301165750981	0	0.026051467533419696	No-PER3D	No-Essential3D
111	V	111	22.24	20.362	-8.971	-2.2	0.642599277978339	-1.5845689109855416	1.1401413918587036	0	0.026051467533419696	No-PER3D	No-Essential3D
112	S	112	23.354	20.633	-12.646	-2.2	0.558678057553957	-2.225832356035124	1.0932726831856634	0	0.24137931034482757	No-PER3D	No-Essential3D
113	R	113	24.882	24.076	-12.087	-1.59	0.510791366906475	-2.2986063645569343	1.2534448570269239	0	0.11643002028397567	No-PER3D	No-Essential3D
114	M	114	26.442	23.219	-8.689	-0.67	0.556675627240144	-2.158687489364536	1.1723149784215616	0	0.11643002028397567	No-PER3D	No-Essential3D
115	E	115	27.969	19.953	-10.003	-0.67	0.641304347826087	-1.8018394156572217	1.1355542211669993	0	0.24137931034482757	No-PER3D	No-Essential3D
116	D	116	30.224	22.076	-12.264	-0.97	0.614718614718615	-2.6465721536479783	1.2334193540998277	0	1	No-PER3D	No-Essential3D
117	T	117	32.664	23.069	-9.426	-2.2	0.612491373360939	-2.3169203534564633	1.1878109071524137	0	1	No-PER3D	No-Essential3D
118	E	118	30.41	25.834	-8.038	-0.97	0.615652173913044	-2.510361861207734	1.1987586085961666	0	1	No-PER3D	No-Essential3D
119	P	119	30.331	25.851	-4.193	-1.89	0.671620553359684	-1.7606329406332824	1.0503198320733382	0	0.05544286680189315	No-PER3D	No-Essential3D
120	F	120	27.241	25.31	-2.137	0.25	0.674285714285714	-1.3103050350145167	1.0573085950715433	0	0.026051467533419696	No-PER3D	No-Essential3D
121	S	121	25.044	28.33	-2.832	-0.97	0.67130823448513	-1.6052501910638444	1.1581591640132414	0	0.026051467533419696	No-PER3D	No-Essential3D
122	A	122	22.779	29.838	-0.131	-1.89	0.640287769784173	-1.2414313553316467	1.186199080929291	0	0.026051467533419696	No-PER3D	No-Essential3D
123	E	123	20.017	29.315	-2.769	-0.97	0.676420292608778	-1.7665195799224163	1.313397220937463	0	0.012072631295974964	No-PER3D	No-Essential3D
124	L	124	20.699	25.541	-3.011	-0.36	0.613205741626794	-1.3964404187305244	1.211703426169597	0	0.0024815964330615232	No-PER3D	No-Essential3D
125	L	125	20.979	25.331	0.803	-0.67	0.615443718786016	-0.7098678275228293	1.16471481364521	0	0.0010994414576854868	No-PER3D	No-Essential3D
126	S	126	17.585	27.016	1.216	-0.97	0.615443718786016	-0.7428330075419807	1.3215586133961428	0	0.0010994414576854868	No-PER3D	No-Essential3D
127	A	127	15.939	24.626	-1.293	-0.05	0.687512138279278	-1.155261344325703	1.3386360344954573	0	4.792437123244433e-4	No-PER3D	No-Essential3D
128	M	128	17.418	21.54	0.394	0.56	0.751354489164087	-0.7041180868218144	1.2461606033386285	0	2.053901624247606e-4	No-PER3D	No-Essential3D
129	M	129	16.54	22.747	3.945	-0.36	0.718450184501845	-0.32291327300114897	1.313653382977995	0	4.792437123244433e-4	No-PER3D	No-Essential3D
130	R	130	12.883	23.469	2.996	-0.97	0.746441750131787	-0.7429578756481139	1.450964873864526	0	3.5745094934274076e-5	No-PER3D	No-Essential3D
131	L	131	12.492	20.082	1.32	1.17	0.740973312401884	-0.6406998158755025	1.4428304835338854	0	8.64800683893728e-5	No-PER3D	No-Essential3D
132	W	132	14.153	18.162	4.183	1.17	0.778021978021978	-0.32429295408453984	1.452070803274189	0	1.4491254703084108e-5	No-PER3D	No-Essential3D
133	G	133	11.801	19.819	6.73	-1.28	0.870848708487085	-0.26401376776380575	1.709203293534592	0	0.0010994414576854868	No-PER3D	No-Essential3D
134	D	134	8.674	18.966	4.672	1.17	0.862026862026862	-0.5258596028469623	1.6541423291279007	0	4.792437123244433e-4	No-PER3D	No-Essential3D
135	S	135	6.445	16.267	6.223	-1.59	0.821052631578947	-0.5057976654995108	1.7980355222260085	0	0.0010994414576854868	No-PER3D	No-Essential3D
136	G	136	5.887	14.439	2.862	1.17	0.821756994717276	-0.2864357738285562	1.6816023937110605	0	2.053901624247606e-4	No-PER3D	No-Essential3D
137	I	137	9.681	14.395	2.311	-0.05	0.831024930747922	-0.4334829340695777	1.5567277459013593	0	2.238755483048764e-6	No-PER3D	No-Essential3D
138	Q	138	10.02	12.973	5.863	0.25	0.824823252160251	0.04037420049923852	1.6954675804675292	0	2.053901624247606e-4	No-PER3D	No-Essential3D
139	E	139	7.285	10.331	5.222	-0.97	0.797397769516729	0.17210922443187215	1.7246842879509636	0	0.0010994414576854868	No-PER3D	No-Essential3D
140	C	140	9.277	9.204	2.15	1.17	0.800373134328358	-0.047620907495232914	1.5992812571587804	0	2.053901624247606e-4	No-PER3D	No-Essential3D
141	F	141	12.594	9.235	4.16	0.56	0.800373134328358	0.258484335539745	1.5502361081564893	0.16897968862179782	0.026350349661670807	No-PER3D	No-Essential3D
142	N	142	10.97	6.994	6.836	-0.97	0.803370786516854	0.3408972855876236	1.484331329638825	0.15358440700072176	0.10992448495808793	No-PER3D	No-Essential3D
143	R	143	10.017	4.525	4.028	1.17	0.758248232521603	0.29663847908042956	1.180686495931228	0.15358440700072176	0.10992448495808793	No-PER3D	No-Essential3D
144	S	144	13.684	4.299	2.847	-0.97	0.693869505223734	0.22951103278853763	0.9874044025551464	0.2956348043067069	0.11778521726347017	No-PER3D	No-Essential3D
145	R	145	13.54	0.456	3.017	-0.97	0.622152395915161	0.2239240661648281	0.5607168218488916	0.8350800461954163	1	No-PER3D	No-Essential3D
146	E	146	11.419	0.631	-0.213	1.17	0.525373134328358	0.1909057165004845	0.7180707794757171	0.5885674292103201	0.7132977858394737	No-PER3D	No-Essential3D
147	Y	147	14.234	2.314	-2.237	0.56	0.558730158730159	0.029641233174653357	0.7859082871644631	0.40052303542310363	0.3140921711855768	No-PER3D	No-Essential3D
148	Q	148	18.003	2.854	-2.232	-0.36	0.604938271604938	0.07305519793201799	0.6557626555213869	0.8350800461954163	1	No-PER3D	No-Essential3D
149	L	149	19.133	5.444	0.285	1.17	0.558102345415778	-0.1370978246900726	0.98843464073249	0.34156654393624225	0.19588583334000714	No-PER3D	No-Essential3D
150	N	150	22.522	5.646	1.984	-1.28	0.526792452830189	0.11800771613995181	0.6312103687996727	3.084581953798094	0.11778521726347019	No-PER3D	No-Essential3D
151	D	151	22.634	5.569	5.815	1.17	0.540247678018576	0.4252417891522494	0.3615254528837007	1.9049167201290842	0.28002470446931216	No-PER3D	No-Essential3D
152	S	152	24.494	8.925	6.109	0.56	0.536682088565763	0.7117555608030777	0.4988395449388651	5.4592570062818675	0.026350349661670793	PER3D	No-Essential3D
153	A	153	21.611	10.865	4.434	-0.05	0.538224278475435	0.06941933248872921	1.0655007965808456	1.6126697517395518	0.5209532624153235	No-PER3D	No-Essential3D
154	K	154	20.032	12.149	7.692	-1.28	0.567611524163569	0.05098030059776477	1.2458282984165832	0.4789769070553525	0.4839360145110529	No-PER3D	No-Essential3D
155	Y	155	23.5	12.83	9.236	1.17	0.56972947761194	0.7163340580279598	0.7435533126639997	1.7862839068211966	0.48393601451105284	No-PER3D	No-Essential3D
156	Y	156	24.363	15.508	6.649	1.17	0.577777777777778	0.3984806929928722	0.8116882555651705	1.228533846285502	0.7716929017611285	No-PER3D	No-Essential3D
157	L	157	20.812	16.801	6.039	1.17	0.579925650557621	0.05931970625737154	1.1866830115675728	0.4655773822460838	0.35208706549308105	No-PER3D	No-Essential3D
158	D	158	20.119	17.344	9.796	-0.05	0.539288849868306	0.25669274966913896	1.2059513735660397	0	0.005514658740136718	No-PER3D	No-Essential3D
159	S	159	23.438	19.307	9.963	-1.28	0.492537313432836	0.41538591351551396	0.8677594204801756	0.4789769070553525	0.4839360145110529	No-PER3D	No-Essential3D
160	L	160	22.828	21.333	6.748	0.56	0.528838951310862	0.0037533990281200334	1.1279575634255261	0.22304107230841508	0.08921182113790792	No-PER3D	No-Essential3D
161	D	161	23.161	24.796	8.402	0.56	0.472177635098983	-0.3690559403456644	1.0734784870934972	0	0.012072631295974964	No-PER3D	No-Essential3D
162	R	162	26.702	23.96	9.675	1.17	0.475741239892183	0.20204938061565417	0.7536711700995724	0.4789769070553525	0.4839360145110529	No-PER3D	No-Essential3D
163	I	163	27.653	22.165	6.412	0.56	0.419439163498099	-0.24658931546796853	0.8773314803661855	0.34156654393624225	0.19588583334000714	No-PER3D	No-Essential3D
164	G	164	26.525	25.04	4.222	-0.36	0.417850378787879	-0.6976346552500973	0.980957248047284	0.12835744277030586	0.0579784391868428	No-PER3D	No-Essential3D
165	A	165	28.617	27.766	5.779	-0.97	0.41627358490566	-0.9890416958100182	0.811270302038213	0.24157179394200967	0.3603786342123057	No-PER3D	No-Essential3D
166	A	166	31.051	29.366	3.305	-1.59	0.414708646616541	-1.0431554931576328	0.8042385617084298	0.24157179394200967	0.3603786342123057	No-PER3D	No-Essential3D
167	D	167	34.003	28.631	5.667	-0.97	0.414708646616541	-0.6701330123211735	0.6530990582853325	0.24157179394200967	0.3603786342123057	No-PER3D	No-Essential3D
168	Y	168	32.793	25.008	6.355	0.56	0.392525431225122	-0.6933852375132535	0.7560196107963998	0.40052303542310363	0.3140921711855768	No-PER3D	No-Essential3D
169	Q	169	35.675	22.597	7.105	-0.36	0.392156862745098	-0.5442788445562582	0.7768546769371779	0.40052303542310363	0.3140921711855768	No-PER3D	No-Essential3D
170	P	170	34.61	18.904	7.493	1.17	0.36761668731929	-0.37896734626998313	0.7629076012760709	0.4655773822460838	0.35208706549308105	No-PER3D	No-Essential3D
171	T	171	35.047	17.319	10.933	0.56	0.37037037037037	0.11867665242280799	0.8160220738121301	0.8020506761556395	1	No-PER3D	No-Essential3D
172	E	172	36.599	13.844	11.442	-1.28	0.37037037037037	0.46451671065944167	0.6434081587094242	1.7710785533391138	0.38266962252515685	No-PER3D	No-Essential3D
173	Q	173	33.045	12.524	11.994	0.25	0.348586017282011	1.0665890957314441	0.4097352862958683	1.9297674036504184	0.3520870654930813	No-PER3D	No-Essential3D
174	D	174	31.943	14.203	8.701	1.17	0.36522633744856	0.40047962109521157	0.6292429494733561	0.858662419292958	1	No-PER3D	No-Essential3D
175	I	175	34.94	12.446	6.954	0.56	0.389241198338071	0.4824089958672048	0.6546375157239525	1.666534289179757	0.4077307297399139	No-PER3D	No-Essential3D
176	L	176	33.969	9.109	8.543	1.17	0.412822878228782	1.2851142275647478	0.31321504953082707	3.8122645303106553	0.028725380174401998	PER3D	No-Essential3D
177	R	177	30.454	9.459	7.134	0.25	0.412087912087912	0.8524462398133847	0.33631142067464764	4.741889258859178	0.008400367581846143	PER3D	No-Essential3D
178	T	178	31.637	10.281	3.544	-0.36	0.409090909090909	0.38321744912572353	0.46790537314589387	3.33316667163678	0.03642192590515912	PER3D	No-Essential3D
179	R	179	31.003	7.93	0.693	1.17	0.352941176470588	0.5822494964421254	0.30649146646138326	10.965465000954032	3.518134421269114e-4	PER3D	No-Essential3D
180	V	180	33.993	8.457	-1.564	-0.97	0.378151260504202	0.5766898926690542	0.20750649290815468	12.720116601960616	0.0034916327612209324	PER3D	No-Essential3D
181	K	181	33.878	5.864	-4.338	-0.97	0.327272727272727	1.0266907627717567	-0.4042331234788743	8.192114299018886	0.029779157196738255	PER3D	Essential3D
182	T	182	37.46	4.917	-5.062	1.17	0.263736263736264	1.2771999680760229	-0.5973637930039212	6.841720963550053	0.057978439186842784	No-PER3D	No-Essential3D
183	T	183	37.564	2.242	-7.835	1.17	0.263003663003663	1.312192768294765	-0.8524348967094431	28.211552509947524	0.055442866801893184	No-PER3D	No-Essential3D
184	G	184	40.83	0.568	-6.746	1.17	0.263970588235294	1.273193783004251	-0.9238541807558307	28.211552509947524	0.055442866801893184	No-PER3D	No-Essential3D
185	I	185	42.328	-1.076	-3.673	1.17	0.145706145706146	1.5753745998464728	-0.9215412628261364	28.211552509947524	0.005514658740136715	PER3D	Essential3D
186	V	186	42.613	0.936	-0.436	-0.36	0.164667896678967	1.2306519129563878	-0.7520862208198685	28.211552509947524	0.005514658740136715	PER3D	Essential3D
187	E	187	45.427	0.008	1.963	1.17	0	1.440499702430153	-0.8049376371730403	28.211552509947524	0.012072631295974984	PER3D	Essential3D
188	T	188	46.162	1.345	5.472	-0.05	0	1.0599502747553649	-0.5499127745613833	5.560458939264766	0.1099244849580879	No-PER3D	No-Essential3D
189	H	189	49.179	0.596	7.678	-1.28	0	0.6340972040271919	-0.5911866770355515	3.1851009511851465	0.3603786342123057	No-PER3D	No-Essential3D
190	F	190	49.509	0.926	11.465	1.17	0	0.5192218585360507	-0.5072699160792943	3.1851009511851465	0.3603786342123057	No-PER3D	No-Essential3D
191	T	191	51.334	-0.528	14.489	-0.05	0	0.10957911897596422	-0.8275732945525349	2.08034248470824	0.6162271805273833	No-PER3D	No-Essential3D
192	F	192	49.546	-2.256	17.331	-0.05	0	0.05142179854444982	-0.7999306675497287	1.023537036466105	1	No-PER3D	No-Essential3D
193	K	193	51.558	-3.767	20.218	-0.36	0	-0.16625933009162966	-1.153968880383458	0	1	No-PER3D	No-Essential3D
194	N	194	54.982	-3.845	18.454	-0.97	0	-0.5487879706110663	-1.3658112558067905	0	1	No-PER3D	No-Essential3D
195	L	195	53.503	-5.502	15.321	-0.36	0	-0.3953973602348712	-1.356560945132587	0	1	No-PER3D	No-Essential3D
196	H	196	53.042	-4.001	11.865	-1.28	0	-0.2050885084795725	-1.2064201062277968	1.023537036466105	1	No-PER3D	No-Essential3D
197	F	197	49.472	-4.347	10.562	0.25	0	0.2915743836650296	-1.107894343520761	2.08034248470824	0.6162271805273833	No-PER3D	No-Essential3D
198	R	198	48.246	-3.904	6.992	0.56	0	0.3683682689369165	-1.1204552369220626	2.08034248470824	0.6162271805273833	No-PER3D	No-Essential3D
199	L	199	44.533	-3.662	6.236	0.56	0	1.0879118113787523	-0.9226771982511829	5.560458939264766	0.1099244849580879	No-PER3D	No-Essential3D
200	F	200	43.052	-3.876	2.696	-0.05	0	1.4002470809947307	-1.0053481233307804	8.192114299018886	0.029779157196738255	PER3D	Essential3D
201	D	201	39.648	-2.906	1.248	1.17	0	1.5114864905440055	-0.8306866261581558	28.211552509947524	2.0539016242476156e-4	PER3D	Essential3D
202	V	202	38.707	-3.842	-2.347	1.17	0	1.608308562839091	-0.9569893101439751	28.211552509947524	3.57450949342741e-5	PER3D	Essential3D
203	G	203	35.073	-2.626	-1.921	1.17	0	1.4110883083522192	-0.7453821378164054	28.211552509947524	5.756799813553968e-6	PER3D	Essential3D
204	G	204	35.556	0.058	-4.586	1.17	0	1.3939516473105176	-0.7948403892550328	28.211552509947524	8.64800683893729e-5	PER3D	Essential3D
205	Q	205	36.404	-2.589	-7.201	1.17	0	1.5124722913818986	-1.0130091026272312	28.211552509947524	0.0024815964330615237	PER3D	Essential3D
206	R	206	33.457	-3.197	-9.575	0.56	0	1.5919716522866705	-1.0072489353852896	28.211552509947524	0.0024815964330615237	PER3D	Essential3D
207	S	207	35.368	-5.824	-11.529	1.17	0	2.0894253757701158	-1.2252203708399814	28.211552509947524	0.012072631295974984	PER3D	Essential3D
208	E	208	34.953	-9.56	-11.519	1.17	0	2.0475321261624444	-1.4237891690805449	28.211552509947524	0.012072631295974984	PER3D	Essential3D
209	R	209	35.961	-11.026	-8.108	1.17	0	2.058556665532884	-1.2937453426588743	28.211552509947524	0.005514658740136715	PER3D	Essential3D
210	K	210	37.063	-14.467	-9.442	0.56	0	1.5853328313105914	-1.2652552377172996	28.211552509947524	0.026051467533419654	PER3D	Essential3D
211	K	211	39.953	-12.712	-11.311	1.17	0	2.0475321261624444	-1.4237891690805449	28.211552509947524	0.026051467533419654	PER3D	Essential3D
212	W	212	41.739	-11.459	-8.171	1.17	0	2.02134884515765	-1.3453206368408361	28.211552509947524	0.012072631295974984	PER3D	Essential3D
213	I	213	40.271	-13.086	-5.002	1.17	0	1.578676400729801	-1.1977751595494053	28.211552509947524	0.012072631295974984	PER3D	Essential3D
214	H	214	43.195	-15.593	-4.998	1.17	0	1.0329236749602517	-1.2480167791776549	28.211552509947524	0.026051467533419654	PER3D	Essential3D
215	C	215	45.636	-12.612	-4.683	1.17	0	1.705861770755614	-1.306672653063656	28.211552509947524	0.026051467533419654	PER3D	Essential3D
216	F	216	44.661	-12.6	-0.974	1.17	0	1.0786261126291181	-1.210776155339599	28.211552509947524	0.005514658740136715	PER3D	Essential3D
217	E	217	45.397	-16.309	-0.372	1.17	0	0.8873309761224714	-1.2074055938051886	28.211552509947524	0.11643002028397562	No-PER3D	No-Essential3D
218	D	218	47.922	-16.112	2.605	-0.67	0	0.6302010789848643	-1.2406926093434847	3.1851009511851465	0.3603786342123057	No-PER3D	No-Essential3D
219	V	219	46.239	-13.21	4.486	1.17	0	0.7420165658987831	-1.2799658373388272	4.344135348887819	0.20239986314426053	No-PER3D	No-Essential3D
220	T	220	46.236	-13.513	8.312	-0.36	0	0.7220571795590625	-1.2799658373388272	3.1851009511851465	0.3603786342123057	No-PER3D	No-Essential3D
221	A	221	42.542	-12.78	8.634	-0.05	0	0.8359032740162282	-1.185574241553831	3.1851009511851465	0.3603786342123057	No-PER3D	No-Essential3D
222	I	222	39.386	-11.673	6.869	0.87	0	1.1147165549325309	-1.121868253369149	4.344135348887819	0.20239986314426053	No-PER3D	No-Essential3D
223	I	223	37.059	-9.17	8.523	0.56	0	1.367475989444895	-0.9994187275799897	28.211552509947524	0.0024815964330615237	PER3D	Essential3D
224	F	224	33.682	-9.853	6.926	0.56	0	1.1654846357888986	-0.831436837778617	28.211552509947524	0.0024815964330615237	PER3D	Essential3D
225	C	225	31.24	-6.961	7.386	0.25	0	1.3057425146056074	-0.8183684825190574	16.21249580498021	7.46034723305658e-4	PER3D	Essential3D
226	V	226	27.454	-7.359	7.372	0.25	0	1.0519379046118211	-0.693020503259895	5.19407251485018	0.011146413133104603	PER3D	Essential3D
227	A	227	24.935	-4.529	7.55	-0.97	0	0.9957859065038023	-0.6260292798895741	12.10710666624668	1.5622008733485112e-4	PER3D	Essential3D
228	L	228	22.408	-5.924	10.112	1.17	0	0.7727068051093211	-0.3598865706304891	5.806928769287297	0.00573750019732079	PER3D	Essential3D
229	S	229	19.95	-3.141	9.151	1.17	0	0.47636357222882414	-0.1574228741082931	3.708916409424566	0.02058365380937355	PER3D	Essential3D
230	G	230	19.777	-4.458	5.526	-0.97	0.104093567251462	0.5806440493632706	-0.26163404305797733	6.39726227899946	0.0010567255409217918	PER3D	Essential3D
231	Y	231	17.311	-7.188	6.644	1.17	0.104020979020979	0.4284610450134947	-0.20190573155127822	1.8044893793465306	0.30008445149971913	No-PER3D	No-Essential3D
232	D	232	14.049	-5.324	5.854	1.17	0.113398796325626	0.16834517142487768	0.03564390228229162	1.666534289179757	0.4077307297399139	No-PER3D	No-Essential3D
233	Q	233	15.103	-3.872	2.457	-0.05	0.104895104895105	0.07929860323867545	-0.06415904280242071	1.593054278654699	0.428543985367517	No-PER3D	No-Essential3D
234	V	234	12.466	-4.518	-0.207	-0.67	0.114431023521933	0.013717873897545339	-0.06990919969677242	1.026015564189398	1	No-PER3D	No-Essential3D
235	L	235	13.525	-6.935	-2.944	1.17	0.11451355661882	-0.07206325758707272	-0.38600686224670033	1.5094257242816898	0.5493938850548589	No-PER3D	No-Essential3D
236	H	236	12.814	-5.053	-6.252	-1.89	0.114431023521933	-0.1370978246900726	-0.36978342755479965	1.5668640038985941	0.6763361763483956	No-PER3D	No-Essential3D
237	E	237	14.32	-5.283	-9.799	1.17	0.114431023521933	-0.15873122407764073	-0.42544869644525063	2.08034248470824	0.6162271805273833	No-PER3D	No-Essential3D
238	D	238	16.561	-8.287	-9.241	-0.67	0.114431023521933	0.022483614948092433	-0.9030000969250648	4.344135348887819	0.20239986314426053	No-PER3D	No-Essential3D
239	E	239	14.289	-10.633	-7.271	-0.05	0.114431023521933	-0.26452092437948505	-0.8941743437296319	2.7324686516548944	0.2657626222718233	No-PER3D	No-Essential3D
240	T	240	16.419	-13.761	-6.71	-0.05	0.113636363636364	-0.265426561193198	-0.8820337340088757	1.7862839068211966	0.48393601451105284	No-PER3D	No-Essential3D
241	T	241	17.394	-12.958	-3.073	-0.97	0.103806228373702	-0.006548219727864838	-0.6443149268265809	1.9297674036504184	0.3520870654930813	No-PER3D	No-Essential3D
242	N	242	17	-10.177	-0.511	0.56	0.112464854732896	-0.14327879594366352	-0.4601051678900664	1.228533846285502	0.7716929017611285	No-PER3D	No-Essential3D
243	R	243	20.143	-8.191	0.492	1.17	0.137931034482759	0.0324547004819601	-0.6099169661575619	1.9049167201290842	0.28002470446931216	No-PER3D	No-Essential3D
244	M	244	20.875	-10.146	3.673	1.17	0.13840830449827	0.4678577762019232	-0.48142597754512967	2.651247640658473	0.10343599009991594	No-PER3D	No-Essential3D
245	H	245	20.625	-13.45	1.721	-1.59	0.15625	0.13486491046792698	-0.47242246131860516	1.7710785533391138	0.38266962252515685	No-PER3D	No-Essential3D
246	E	246	23.12	-12.065	-0.885	1.17	0.139274691358025	0.15623123085071033	-0.7329716006159401	2.61811861726793	0.1432706814568666	No-PER3D	No-Essential3D
247	S	247	25.475	-11.259	2.03	1.17	0.139274691358025	0.550565526150609	-0.6619236166701136	2.61811861726793	0.1432706814568666	No-PER3D	No-Essential3D
248	L	248	24.945	-14.828	3.431	-0.36	0.12448275862069	0.13269614862456172	-0.38026285507854857	2.2644207742697473	0.22877030326697004	No-PER3D	No-Essential3D
249	M	249	25.77	-16.334	-0.022	-1.28	0.12448275862069	9.43866640124123e-4	-0.5126619850580099	1.7862839068211966	0.48393601451105284	No-PER3D	No-Essential3D
250	L	250	28.936	-14.191	-0.244	1.17	0.113166144200627	0.31800479946321286	-0.7133530364128148	3.084581953798094	0.11778521726347019	No-PER3D	No-Essential3D
251	F	251	29.92	-15.22	3.346	1.17	0.112464854732896	0.4004177495110915	-0.5716865344947457	2.13545693927714	0.43358830860969233	No-PER3D	No-Essential3D
252	D	252	29.374	-18.964	2.503	-1.28	0.123630136986301	-0.055142724364682164	-0.44083812694818947	1.5668640038985941	0.6763361763483956	No-PER3D	No-Essential3D
253	S	253	31.622	-18.504	-0.591	0.56	0.123630136986301	0.44144108464603565	-0.7568982685674445	6.841720963550053	0.057978439186842784	No-PER3D	No-Essential3D
254	I	254	34.412	-16.68	1.331	1.17	0.138220694921726	0.7545469002510146	-0.9485546394426588	6.841720963550053	0.057978439186842784	No-PER3D	No-Essential3D
255	C	255	34.36	-18.607	4.581	0.25	0.137277208949564	0.06817548378444624	-0.6897187767255424	2.08034248470824	0.6162271805273833	No-PER3D	No-Essential3D
256	N	256	34.411	-22.068	2.897	-0.05	0.123549488054608	-0.4604976079814034	-0.5440999807462908	0	0.49425287356321845	No-PER3D	No-Essential3D
257	N	257	36.762	-20.856	0.116	-1.28	0.137366818873668	0.36644530010246595	-1.0048002275662857	1.023537036466105	1	No-PER3D	No-Essential3D
258	K	258	39.796	-23.003	-0.863	-0.97	0.137366818873668	0.14334859650226744	-1.115679368905966	28.211552509947524	0.4942528735632184	No-PER3D	No-Essential3D
259	F	259	41.917	-19.772	-0.911	0.56	0.137838869797633	0.6559551258748264	-1.2283537461043281	28.211552509947524	0.11643002028397562	No-PER3D	No-Essential3D
260	F	260	41.15	-19.06	2.797	1.17	0.124054982817869	0.6003454616642786	-1.1508771182009456	28.211552509947524	0.11643002028397562	No-PER3D	No-Essential3D
261	I	261	41.657	-22.472	4.521	-1.28	0	0.0754324945680145	-1.0323458977282176	2.08034248470824	0.6162271805273833	No-PER3D	No-Essential3D
262	D	262	44.399	-21.107	6.86	-0.97	0	0.1086426081799656	-1.1495021333510254	2.08034248470824	0.6162271805273833	No-PER3D	No-Essential3D
263	T	263	42.863	-17.613	7.145	0.56	0	0.48511994817141135	-1.0757006180348203	1.0241113108357995	0.9999999999999999	No-PER3D	No-Essential3D
264	S	264	41.061	-16.579	10.371	1.17	0	0.5944315694154726	-1.1091371646714618	1.0241113108357995	0.9999999999999999	No-PER3D	No-Essential3D
265	I	265	37.459	-15.517	9.749	0.56	0	0.4928461622383999	-0.8538770916262152	28.211552509947524	0.4942528735632184	No-PER3D	No-Essential3D
266	I	266	36.108	-12.579	11.697	0.56	0	0.9028505887265962	-0.917640250838312	28.211552509947524	0.24137931034482765	No-PER3D	No-Essential3D
267	L	267	32.496	-11.542	11.371	1.17	0	0.7674779531649956	-0.7152972116212344	28.211552509947524	0.026051467533419654	PER3D	Essential3D
268	F	268	31.407	-7.943	12.046	1.17	0.138694638694639	1.2180801226597322	-0.7352633331984547	28.211552509947524	0.012072631295974984	PER3D	Essential3D
269	L	269	27.684	-7.714	12.469	1.17	0.124825174825175	0.8241368563229122	-0.4819996024596383	12.720116601960616	0.0034916327612209324	PER3D	Essential3D
270	N	270	27.684	-4.005	11.821	1.17	0.125352112676056	1.0594351938175657	-0.6992601358130278	6.24120268186106	0.013717900848264297	PER3D	Essential3D
271	K	271	25.064	-1.214	11.912	1.17	0.113316261203585	1.2303684821757999	-0.6130088939762284	7.070682758188397	0.006949970696111959	PER3D	Essential3D
272	K	272	23.791	-2.557	15.222	-0.36	0.125531914893617	0.855405911233755	-0.437352381088865	4.077070764680039	0.0385336447394895	PER3D	Essential3D
273	D	273	22.534	0.984	16.163	1.17	0.126428571428571	0.945808338939053	-0.5148532531293792	9.617513268298113	0.014920991211445868	PER3D	Essential3D
274	L	274	20.335	1.083	13.023	0.56	0.22987012987013	0.7257363291147714	-0.3757019650467189	4.720829808977134	0.049209066562120644	PER3D	Essential3D
275	F	275	19.242	-2.548	13.576	0.25	0.209964412811388	0.32912400700935524	-0.15437740370054584	2.9926552185364472	0.0866560670150411	No-PER3D	No-Essential3D
276	G	276	18.218	-1.788	17.222	-1.28	0.211309523809524	0.20697624175982077	-0.014995353023247612	2.6285727543854143	0.19588583334000728	No-PER3D	No-Essential3D
277	E	277	15.878	0.973	16.036	0.56	0.230869849574886	-0.1959315140298082	-0.046305142813100615	2.13545693927714	0.43358830860969233	No-PER3D	No-Essential3D
278	K	278	14.559	-0.887	12.936	1.17	0.231046931407942	-0.1178681363455676	0.20521027429370353	0.758606179187126	0.7830300693106614	No-PER3D	No-Essential3D
279	I	279	13.55	-4.052	14.85	0.56	0.346304774362328	-0.28785668676041615	0.20585328841789058	1.0267189685765765	1	No-PER3D	No-Essential3D
280	K	280	11.011	-1.98	16.833	-1.28	0.426328502415459	-0.23496320287192854	0.2683900357256799	1.0253482475968003	0.9999999999999999	No-PER3D	No-Essential3D
281	K	281	8.771	-1.424	13.76	-0.67	0.536800486618005	-0.6758724856280793	0.5891327966395364	0.40052303542310363	0.3140921711855768	No-PER3D	No-Essential3D
282	S	282	10.027	-3.815	11.052	-0.67	0.538766788766789	-0.4457048894229325	0.34656089825669195	0.45146890017230623	0.2564999103405172	No-PER3D	No-Essential3D
283	P	283	9.766	-7.583	11.773	-1.28	0.539667896678967	-0.18173817263267356	0.46566225439408654	1.2614505161366074	0.7573659381064626	No-PER3D	No-Essential3D
284	L	284	12.685	-9.965	11.03	1.17	0.496323529411765	-0.1959315140298082	0.4530849564645062	1.4414676593467879	0.5719241908021161	No-PER3D	No-Essential3D
285	T	285	10.158	-12.175	9.121	-0.67	0.549450549450549	0.0498765557310521	0.6491838552196159	1.2614505161366074	0.7573659381064626	No-PER3D	No-Essential3D
286	I	286	10.528	-9.723	6.177	-1.28	0.514705882352941	-0.026408707298180425	0.09779760135807843	1.027461469602558	1	No-PER3D	No-Essential3D
287	C	287	14.028	-11.212	5.743	-0.05	0.549894957983193	0.20762009293206987	0.07205485710520841	1.593054278654699	0.428543985367517	No-PER3D	No-Essential3D
288	F	288	13.62	-14.753	7.123	0.56	0.509489051094891	0.1381614284698421	0.33302607040319926	1.2614505161366074	0.7573659381064626	No-PER3D	No-Essential3D
289	P	289	9.957	-15.912	6.637	1.17	0.50989010989011	0.23052279891635757	0.5170224003243067	2.13545693927714	0.43358830860969233	No-PER3D	No-Essential3D
290	E	290	10.529	-19.007	8.815	-0.36	0.506181818181818	-0.216974991659555	0.9834130817375105	1.0241113108357995	0.9999999999999999	No-PER3D	No-Essential3D
291	Y	291	11.629	-16.902	11.844	0.56	0.542752867570386	-0.2668982210154815	1.0419089645957642	0.49172680288378184	0.6763361763483955	No-PER3D	No-Essential3D
292	T	292	9.279	-17.768	14.788	-1.28	0.542337662337662	-0.3055292913504246	0.9815019078334232	0.3845298345180418	0.43358830860969233	No-PER3D	No-Essential3D
293	G	293	11.109	-15.878	17.616	1.17	0.545881126173097	-0.39257796983849647	1.0402454822235234	0.49172680288378184	0.6763361763483955	No-PER3D	No-Essential3D
294	P	294	10.151	-12.459	19.046	-0.67	0.593162393162393	-0.8313184907512821	0.9731026652524447	0.7524738277538889	1	No-PER3D	No-Essential3D
295	N	295	10.875	-9.214	17.131	-0.67	0.593162393162393	-0.6869753413984185	0.753925830280629	0.8020506761556395	1	No-PER3D	No-Essential3D
296	T	296	13.323	-7.916	19.764	-0.97	0.593162393162393	-0.760928024835102	0.7251338717610476	0.7524738277538889	1	No-PER3D	No-Essential3D
297	Y	297	16.908	-6.682	19.363	-0.97	0.547179757511861	-0.17639114194504335	0.3693623104711952	1.3116457952943819	0.7387017794992673	No-PER3D	No-Essential3D
298	E	298	18.525	-9.541	21.335	-1.28	0.547179757511861	-0.5821277549486173	0.6743015747237773	1.0247143109832748	1	No-PER3D	No-Essential3D
299	D	299	16.679	-12.573	19.865	-0.36	0.492478001703094	-0.7716775400587383	0.9698016374202931	0.7524738277538889	1	No-PER3D	No-Essential3D
300	A	300	16.637	-11.233	16.277	1.17	0.532407407407407	-0.4963433660351437	0.6158619515723113	1.2614505161366074	0.7573659381064626	No-PER3D	No-Essential3D
301	A	301	20.387	-10.305	16.401	0.25	0.58974358974359	0.2151090986724404	0.15537700880862573	2.61811861726793	0.1432706814568666	No-PER3D	No-Essential3D
302	A	302	21.171	-13.81	17.793	-1.59	0.638376383763838	-0.24233282244351767	0.6829175536349393	1.0247143109832748	1	No-PER3D	No-Essential3D
303	Y	303	19.109	-15.392	14.963	0.56	0.630434782608696	-0.3566694701747779	0.8712641028090251	1.3962911671691858	0.7132977858394739	No-PER3D	No-Essential3D
304	I	304	21.104	-13.483	12.265	1.17	0.630434782608696	0.05720655369204129	0.1379385650009002	3.084581953798094	0.11778521726347019	No-PER3D	No-Essential3D
305	Q	305	24.411	-14.433	13.953	-0.67	0.571053495241221	0.049232704558803055	0.05821069184045193	4.344135348887819	0.20239986314426053	No-PER3D	No-Essential3D
306	A	306	23.413	-18.132	13.932	-1.59	0.628158844765343	-0.329738095426989	0.5683027895255267	0	1	No-PER3D	No-Essential3D
307	Q	307	22.281	-17.884	10.23	-0.67	0.630434782608696	-0.3603758726901587	0.38317220795318874	1.0247143109832748	1	No-PER3D	No-Essential3D
308	F	308	25.763	-16.648	9.185	0.56	0.629963898916968	0.18203548056112065	-0.27104278938178367	2.13545693927714	0.43358830860969233	No-PER3D	No-Essential3D
309	E	309	27.717	-18.916	11.62	-0.97	0.634545454545455	-0.16044816053697156	-0.08258655578618385	0	1	No-PER3D	No-Essential3D
310	S	310	25.75	-22.013	10.425	-0.67	0.559967910148416	-1.0341448701025258	0.2622241122113125	0	1	No-PER3D	No-Essential3D
311	K	311	27.233	-21.541	6.897	-0.67	0.472122302158273	-0.6789629712548748	-0.07180457837988052	0	0.49425287356321845	No-PER3D	No-Essential3D
312	N	312	30.723	-22.39	8.199	-0.36	0.36047107014849	-0.6652274795802284	-0.2782297082581275	0	0.49425287356321845	No-PER3D	No-Essential3D
313	R	313	30.189	-24.044	11.55	-1.28	0.358163265306122	-1.0858769121162757	0.10109385432865572	0	1	No-PER3D	No-Essential3D
314	S	314	33.205	-26.429	11.199	-1.28	0.313392857142857	-1.148030011944051	-0.215583583367247	0	1	No-PER3D	No-Essential3D
315	P	315	35.075	-28.764	13.668	-0.97	0.358163265306122	-1.3165187098197138	-0.08289859367190648	0	1	No-PER3D	No-Essential3D
316	N	316	38.391	-27.374	12.323	-0.67	0.179081632653061	-0.9428428978504864	-0.6441263057953738	0	1	No-PER3D	No-Essential3D
317	K	317	37.449	-23.698	11.924	0.56	0.207446808510638	-0.5646640583908527	-0.4900397380440554	0	1	No-PER3D	No-Essential3D
318	E	318	36.022	-21.024	14.266	-1.28	0.178824721377913	-0.4156535958519025	-0.6295363902401375	1.023537036466105	1	No-PER3D	No-Essential3D
319	I	319	34.212	-17.784	13.399	0.87	0.209964412811388	0.013669395691634834	-0.5323197670322581	1.023537036466105	1	No-PER3D	No-Essential3D
320	Y	320	35.084	-14.803	15.582	0.56	0.211469534050179	0.4458450266642192	-0.8348919926722622	28.211552509947524	0.4942528735632184	No-PER3D	No-Essential3D
321	C	321	31.81	-12.813	15.755	0.56	0.179969496695475	0.4919876940087345	-0.5464933268361238	28.211552509947524	0.4942528735632184	No-PER3D	No-Essential3D
322	H	322	31.292	-9.335	17.115	1.17	0.156914893617021	0.8134425072331215	-0.7797559790067505	28.211552509947524	0.24137931034482765	No-PER3D	No-Essential3D
323	M	323	28.53	-6.775	16.947	-0.36	0.156360424028269	0.5623820888412975	-0.6022907467666249	28.211552509947524	0.026051467533419654	PER3D	Essential3D
324	T	324	29.746	-3.346	15.812	1.17	0.139280125195618	1.1292422156508841	-0.851949202457814	11.124428380322344	0.007301418911295921	PER3D	Essential3D
325	C	325	28.81	0.245	15.064	1.17	0.125795053003534	1.2326311591525607	-0.7975326372088738	12.720116601960616	0.0034916327612209324	PER3D	Essential3D
326	A	326	31.602	1.191	12.644	1.17	0.125704225352113	1.354353833473699	-0.6125352607065442	16.21249580498021	7.46034723305658e-4	PER3D	Essential3D
327	T	327	30.942	4.969	12.888	1.17	0.124825174825175	1.4646567258833405	-0.19405922275735357	18.127545091917483	3.3329885817093464e-4	PER3D	Essential3D
328	D	328	31.515	4.867	16.693	1.17	0.139571150097466	1.4083034751500518	-0.3587879462995634	11.124428380322344	0.007301418911295921	PER3D	Essential3D
329	T	329	35.323	5.063	17.259	1.17	0.141055949566588	1.4431704924780007	-0.10560556396991942	4.344135348887819	0.20239986314426053	No-PER3D	No-Essential3D
330	N	330	35.173	3.758	20.853	-0.97	0.141953341241597	1.5853328313105914	-0.45216674956155456	3.1851009511851465	0.3603786342123057	No-PER3D	No-Essential3D
331	N	331	33.136	0.777	19.659	1.17	0.142063492063492	1.3269093665176004	-0.7304008303913551	5.560458939264766	0.1099244849580879	No-PER3D	No-Essential3D
332	I	332	35.819	-1.709	18.613	0.56	0	1.5124722913818986	-0.7316842619862132	4.344135348887819	0.20239986314426053	No-PER3D	No-Essential3D
333	Q	333	36.159	-5.408	18.18	-0.05	0	1.1091037128196355	-0.9255077420519973	28.211552509947524	0.11643002028397562	No-PER3D	No-Essential3D
334	V	334	38.431	-8.011	19.819	-0.36	0	0.9269449303725384	-1.1471090225392542	0	1	No-PER3D	No-Essential3D
335	V	335	40.415	-9.009	16.635	1.17	0	0.8773738931108339	-1.2220784840852372	1.023537036466105	1	No-PER3D	No-Essential3D
336	F	336	43.975	-8.662	17.892	1.17	0	0.31223191165792674	-1.299938328469808	1.023537036466105	1	No-PER3D	No-Essential3D
337	D	337	43.514	-11.551	20.389	-1.28	0	0.3187091836516563	-1.351761733823828	28.211552509947524	0.4942528735632184	No-PER3D	No-Essential3D
338	A	338	41.959	-13.835	17.722	-0.67	0	0.6546284022471618	-1.2061850045773819	1.023537036466105	1	No-PER3D	No-Essential3D
339	V	339	44.754	-13.416	15.128	1.17	0	0.5189092576910416	-1.2409863027274997	1.023537036466105	1	No-PER3D	No-Essential3D
