Uniprot_position	aminoacid	Position_in_structure	x	y	z	paraz	mtr	paraz3dscore	mtr3dscore	PER3D_OR	PER3D_pvalue	PER3D	Essential3D
1	M	1	-5.882	-42.578	62.995	-0.94	0.705645161290323	-1.5168126142448681	1.1086041979312817	3.4155462874862783	0.4110576923076922	No-PER3D	No-Essential3D
2	K	2	-6.108	-45.806	60.943	-0.94	0.566153846153846	-1.860074430514507	1.3312598393648833	1.6983135390857151	0.5512820512820511	No-PER3D	No-Essential3D
3	R	3	-3.091	-46.823	58.759	-0.94	0.56764705882353	-1.9072729302515823	1.2054172693735985	0.6467811495488921	0.9999999999999999	No-PER3D	No-Essential3D
4	Q	4	-5.153	-46.44	55.514	-0.63	0.569014084507042	-1.8667904225719567	1.0274901551482403	0.4434121101910568	0.6694279043171842	No-PER3D	No-Essential3D
5	N	5	-6.242	-42.93	56.541	0.3	0.57027027027027	-1.4642506486285796	1.1365261197138636	1.1170776713299797	1	No-PER3D	No-Essential3D
6	V	6	-2.631	-41.846	57.38	-0.94	0.564102564102564	-1.2164585250089341	1.0658984420657769	1.1170776713299797	1	No-PER3D	No-Essential3D
7	R	7	-1.358	-43.398	54.083	-0.01	0.558536585365854	-1.3426072424880264	0.8434605558153422	0.4434121101910568	0.6694279043171842	No-PER3D	No-Essential3D
8	T	8	-4.085	-41.711	51.953	0.3	0.56	-1.2615116383943241	0.8031693950910009	0.4434121101910568	0.6694279043171842	No-PER3D	No-Essential3D
9	L	9	-3.584	-38.289	53.619	0.3	0.564571428571429	-0.7546641128086855	0.9973540906270333	0.8238096787895435	1	No-PER3D	No-Essential3D
10	A	10	0.223	-38.576	53.245	-0.01	0.56043956043956	-0.4167657624182598	0.7847158383360558	0.8238096787895435	1	No-PER3D	No-Essential3D
11	L	11	-0.215	-39.37	49.514	1.23	0.562566844919786	-0.6457857554606595	0.6243627648478076	0.5283133284974684	1.0000000000000002	No-PER3D	No-Essential3D
12	I	12	-2.589	-36.365	49.039	0.3	0.558762886597938	0.08107114049030081	0.6602098084693062	0.8238096787895435	1	No-PER3D	No-Essential3D
13	V	13	-0.106	-34.021	50.83	0.61	0.56	0.18919861261523716	0.5512868527858806	0.8238096787895435	1	No-PER3D	No-Essential3D
14	C	14	2.79	-35.474	48.758	1.23	0.556521739130435	0.5293496186749325	0.3114904143787646	1.1170776713299797	1	No-PER3D	No-Essential3D
15	T	15	0.915	-35.123	45.413	-0.01	0.560377358490566	0.6217085011149822	0.26927929943576234	1.1170776713299797	1	No-PER3D	No-Essential3D
16	F	16	-0.085	-31.507	46.195	0.92	0.465753424657534	0.7298359732399183	0.09248661175173382	0	0.9999999999999999	No-PER3D	No-Essential3D
17	T	17	3.475	-30.559	47.365	0.3	0.463126843657817	0.7658784639482306	-0.046617677679229017	0	0.9999999999999999	No-PER3D	No-Essential3D
18	Y	18	4.882	-32.282	44.227	0.92	0.3495670995671	0.8930872546834495	-0.1906551541341103	0	0.9999999999999999	No-PER3D	No-Essential3D
19	L	19	2.495	-30.131	42.131	2.47	0.347689075630252	0.8334581340263155	-0.4144315356626977	0	0.9999999999999999	No-PER3D	No-Essential3D
20	L	20	3.595	-26.922	43.969	1.23	0.349794238683128	0.9100484267814787	-0.5051492480858399	0	0.9999999999999999	No-PER3D	No-Essential3D
21	V	21	7.314	-27.816	43.466	0.3	0.351814516129032	0.8379634453648547	-0.6654885549400645	0	1	No-PER3D	No-Essential3D
22	G	22	6.64	-28.814	39.811	2.47	0.2	1.0839004407862782	-0.7867095257965442	0	1	No-PER3D	No-Essential3D
23	A	23	4.813	-25.55	39.159	1.23	0.20214568040655	1.036197144260571	-1.060058264402641	0	1	No-PER3D	No-Essential3D
24	A	24	7.672	-23.509	40.677	0.61	0.28300395256917	1.0542183896147275	-1.1478677957088608	0	1	No-PER3D	No-Essential3D
25	V	25	10.371	-25.325	38.606	1.85	0.28300395256917	1.1520480072515742	-1.2468312344620514	0	1	No-PER3D	No-Essential3D
26	F	26	8.319	-25.139	35.355	1.23	0.236111111111111	0.7340762662644258	-1.2489004196978835	0	1	No-PER3D	No-Essential3D
27	D	27	7.751	-21.335	35.902	-0.32	0.234519104084321	0.6068674755292066	-1.2489691417956854	0	1	No-PER3D	No-Essential3D
28	A	28	11.544	-20.89	36.361	-0.01	0.235449735449735	0.4955597836358898	-1.3862371739090071	0	1	No-PER3D	No-Essential3D
29	L	29	12.403	-22.928	33.225	1.85	0.202618099032442	0.4183258749752211	-1.3875102327963977	0	1	No-PER3D	No-Essential3D
30	E	30	9.628	-21.804	30.822	2.47	0.201814058956916	0.1914512682845067	-1.1830282653684712	0	1	No-PER3D	No-Essential3D
31	S	31	8.192	-18.333	31.845	-0.32	0.201814058956916	-0.045077576988791425	-1.0596414696236431	0	1	No-PER3D	No-Essential3D
32	E	32	10.957	-16.119	30.416	-0.32	0.200680272108844	-0.39263016596180084	-0.9144002702982029	0	1	No-PER3D	No-Essential3D
33	P	33	11.494	-18.199	27.179	-0.32	0.233201581027668	-0.3491860923401746	-0.7319351213328982	0	1	No-PER3D	No-Essential3D
34	E	34	7.716	-18.011	26.485	-0.01	0.349802371541502	-0.3491860923401746	-0.7319351213328982	0	1	No-PER3D	No-Essential3D
35	L	35	7.77	-14.188	26.971	-0.32	0.349409448818898	-0.5316512015510045	-0.5743059747755477	0	1	No-PER3D	No-Essential3D
36	I	36	10.886	-13.886	24.73	-0.32	0.462745098039216	-0.7401827549348102	-0.30871735000483413	0	1	No-PER3D	No-Essential3D
37	E	37	9.329	-16.149	22.047	-0.32	0.466403162055336	-0.720874277769643	-0.12723082645677908	0	0.9999999999999999	No-PER3D	No-Essential3D
38	R	38	6.011	-14.251	22.151	0.3	0.466403162055336	-1.0002035807590617	-0.022456482291718986	0	0.9999999999999999	No-PER3D	No-Essential3D
39	Q	39	7.725	-10.859	21.627	-0.01	0.466403162055336	-1.0362460714673736	0.1670115728624333	0	0.9999999999999999	No-PER3D	No-Essential3D
40	R	40	9.984	-12.335	18.866	-0.32	0.461437908496732	-1.0362460714673736	0.38296184106190356	0	1	No-PER3D	No-Essential3D
41	L	41	6.931	-13.778	17.058	1.23	0.547859922178988	-0.8560336179258133	0.4571215505847218	0	1	No-PER3D	No-Essential3D
42	E	42	4.926	-10.502	17.508	-0.63	0.458333333333333	-0.8199911272175012	0.8139351636585396	0	0.9999999999999999	No-PER3D	No-Essential3D
43	L	43	7.782	-8.553	15.79	-0.32	0.58532518065592	-0.7839486365091892	1.0078762101987395	0	0.9999999999999999	No-PER3D	No-Essential3D
44	R	44	8.113	-11.222	13.055	-0.01	0.58532518065592	-0.7479061458008771	1.1483257574615702	0.8238096787895435	1	No-PER3D	No-Essential3D
45	Q	45	4.297	-11.089	12.464	0.3	0.58532518065592	-0.4799380627086438	1.5289747947676535	0.6467811495488921	0.9999999999999999	No-PER3D	No-Essential3D
46	Q	46	4.421	-7.259	12.125	-0.63	0.58532518065592	-0.4292146490115913	1.5365079075002563	0.6467811495488921	0.9999999999999999	No-PER3D	No-Essential3D
47	E	47	7.277	-7.433	9.55	-0.32	0.637795275590551	-0.4595662201343804	1.5282684654117273	0.8238096787895435	1	No-PER3D	No-Essential3D
48	L	48	5.44	-10.024	7.383	1.54	0.642857142857143	-0.2816064222620895	1.6957776427683828	0.8238096787895435	1	No-PER3D	No-Essential3D
49	R	49	2.177	-8.019	7.633	-0.01	0.8125	-0.39263016596180084	1.9469884321584623	0.4434121101910568	0.6694279043171842	No-PER3D	No-Essential3D
50	A	50	4.029	-4.939	6.345	-0.01	0.741974560872199	-0.3491860923401746	1.8849946812039209	0.4434121101910568	0.6694279043171842	No-PER3D	No-Essential3D
51	R	51	5.943	-6.921	3.618	-0.01	0.74703557312253	-0.3153962573011321	1.8685805561362583	0.8238096787895435	1	No-PER3D	No-Essential3D
52	Y	52	2.819	-8.362	1.903	-0.01	0.740384615384615	-0.14904630018584553	2.0230277930538083	0.5283133284974684	1.0000000000000002	No-PER3D	No-Essential3D
53	N	53	0.459	-5.393	2.66	1.23	0.740384615384615	-0.3153962573011321	2.0273834748398114	0.4434121101910568	0.6694279043171842	No-PER3D	No-Essential3D
54	L	54	-1.813	-7.198	5.143	1.23	0.6875	-0.2869416593735173	2.1557384802260264	0.4434121101910568	0.6694279043171842	No-PER3D	No-Essential3D
55	S	55	-4.444	-5.606	7.417	0.3	0.692156862745098	-0.21998966424971778	2.1676443335215105	0.4434121101910568	0.6694279043171842	No-PER3D	No-Essential3D
56	Q	56	-5.629	-6.862	10.857	-0.32	0.643489583333333	-0.27935376659282	2.214915049780865	0	0.322473864052394	No-PER3D	No-Essential3D
57	G	57	-8.655	-8.639	9.293	-0.32	0.7734375	-0.19063378946466716	2.417661629121682	0	0.5817739901557989	No-PER3D	No-Essential3D
58	G	58	-6.63	-9.92	6.297	0.3	0.771240234375	-0.3491860923401746	2.432356148799911	0	0.322473864052394	No-PER3D	No-Essential3D
59	Y	59	-4.122	-11.618	8.621	1.23	0.768239299610895	-0.288364389269898	2.261264422239582	0	0.1875546258484173	No-PER3D	No-Essential3D
60	E	60	-7.019	-13.052	10.728	-0.01	0.818604651162791	-0.38297592737921726	2.361591184966325	0	0.322473864052394	No-PER3D	No-Essential3D
61	E	61	-8.67	-14.541	7.594	-0.32	0.776613348041919	-0.38748123871775625	2.3739028871172105	0	0.322473864052394	No-PER3D	No-Essential3D
62	L	62	-5.391	-16.271	6.633	1.54	0.773626373626374	-0.3790006526687416	2.36524897853827	0	0.1875546258484173	No-PER3D	No-Essential3D
63	E	63	-4.768	-17.318	10.286	0.3	0.778819635962493	-0.46557330191909907	2.2873796123554717	0	0.18159044429365478	No-PER3D	No-Essential3D
64	R	64	-7.988	-19.413	10.411	-0.32	0.808396946564885	-0.508481028952804	2.4091749345483673	0	0.5817739901557989	No-PER3D	No-Essential3D
65	V	65	-7.096	-21.282	7.162	-0.32	0.821292775665399	-0.5519251025744302	2.2812897492529136	0	0.1875546258484173	No-PER3D	No-Essential3D
66	V	66	-3.517	-22.151	8.289	0.61	0.761904761904762	-0.5676936922593167	2.265315466111394	0	0.5817739901557989	No-PER3D	No-Essential3D
67	L	67	-4.744	-23.447	11.683	-0.01	0.722725943258263	-0.7015658006044758	2.248647608114471	0	0.5817739901557989	No-PER3D	No-Essential3D
68	R	68	-7.527	-25.53	10.065	-0.01	0.673003802281369	-0.6758211643842529	1.6469646264328373	0	0.322473864052394	No-PER3D	No-Essential3D
69	L	69	-5.115	-26.983	7.434	0.61	0.670454545454545	-0.720874277769643	1.736551733734348	0	0.18159044429365478	No-PER3D	No-Essential3D
70	K	70	-2.689	-28.189	10.166	-0.63	0.667924528301887	-0.6853060303601245	1.239492411454271	0.379583628402742	0.6719134087960024	No-PER3D	No-Essential3D
71	P	71	-4.202	-31.757	10.658	-0.32	0.665413533834586	-0.21527822755582066	0.4002883708321856	1.306753916882178	0.7060890953797522	No-PER3D	No-Essential3D
72	H	72	-4.495	-32.131	6.834	-0.32	0.614227877385772	-0.6500765281640299	1.0459485232823669	0	0.18159044429365478	No-PER3D	No-Essential3D
73	K	73	-0.792	-31.169	6.326	0.3	0.730006835269993	-1.09932043020692	1.2049281559214198	0	0.18159044429365478	No-PER3D	No-Essential3D
74	A	74	0.373	-34.63	7.478	-0.01	0.59706498951782	-0.6758211643842529	0.6287032828613793	1.1260461595409514	1	No-PER3D	No-Essential3D
75	G	75	-1.93	-36.263	4.868	-0.32	0.59706498951782	-0.7434008344623381	0.7904114534441813	0.4434121101910568	0.6694279043171842	No-PER3D	No-Essential3D
76	V	76	-5.075	-38.406	5.103	-0.32	0.598225602027883	-0.49560871084269253	0.7841470490337037	0.4434121101910568	0.6694279043171842	No-PER3D	No-Essential3D
77	Q	77	-5.476	-39.225	8.796	-0.01	0.602205258693808	-0.018917704700500373	0.4190391728284837	0.9458681288735776	0.9999999999999999	No-PER3D	No-Essential3D
78	W	78	-8.785	-41.177	8.722	2.47	0.597643097643098	0.46312154199840905	0.13860179933468697	1.1260461595409514	1	No-PER3D	No-Essential3D
79	R	79	-8.288	-44.086	6.249	0.61	0.597643097643098	0.5969292887530175	0.6859527308960099	3.4155462874862783	0.4110576923076922	No-PER3D	No-Essential3D
80	F	80	-7.582	-47.632	7.675	1.23	0.507102272727273	0.5293496186749325	0.74380434062865175	7.231735258909275	0.1306089743589743	No-PER3D	No-Essential3D
81	A	81	-3.944	-46.954	8.761	0.61	0.510456273764259	-0.14761224883140342	0.6151992324843054	1.3772236374197415	0.6576217580427981	No-PER3D	No-Essential3D
82	G	82	-4.9	-43.558	10.311	1.23	0.509943181818182	-0.09278087351449858	0.3313710858978997	0.8102587950387756	1	No-PER3D	No-Essential3D
83	S	83	-8.059	-44.911	11.978	1.54	0.54188679245283	0.8128904083503767	-0.13247796067500073	3.599458277444309	0.2255996691480563	No-PER3D	No-Essential3D
84	F	84	-6.028	-47.875	13.344	1.54	0.492139439507861	0.7916231001684534	0.3251065742854189	2.371692671456326	0.32526203745135546	No-PER3D	No-Essential3D
85	Y	85	-3.375	-45.415	14.666	1.23	0.541353383458647	0.6947419691291936	-0.09616287731414434	4.065315961890905	0.07522268833585076	No-PER3D	No-Essential3D
86	F	86	-6.159	-43.282	16.218	2.47	0.541353383458647	1.2429114292053023	-0.5932944634710783	11.348576010090543	0.005652705201863113	PER3D	Essential3D
87	A	87	-7.796	-46.463	17.636	0.92	0.597586350395339	1.513230109517643	-0.7568962901424869	11.621634600722674	0.035618279569892476	PER3D	Essential3D
88	I	88	-4.475	-47.254	19.418	0.61	0.297678275290216	1.5031112284364323	-0.6632552800228715	3.4155462874862783	0.4110576923076922	No-PER3D	No-Essential3D
89	T	89	-4.218	-43.676	20.872	1.85	0.265925925925926	1.5199253090300229	-0.9591972269396697	16.73933775461282	0.0086263881544156509	PER3D	Essential3D
90	V	90	-7.756	-43.916	22.353	0.92	0.264206642066421	1.6772385861441217	-1.305623555496903	7.231735258909275	0.1306089743589743	No-PER3D	No-Essential3D
91	I	91	-7.515	-47.384	24.023	1.85	0.263003663003663	1.4585700822486032	-1.22719781961217	5.7822353322189866	0.07610611669310774	No-PER3D	No-Essential3D
92	T	92	-3.925	-46.984	25.343	1.85	0.261090909090909	1.389690803130555	-1.010144670856357	16.73933775461282	0.0086263881544156509	PER3D	Essential3D
93	T	93	-4.826	-43.445	26.656	2.47	0.261538461538462	1.711993845041423	-1.268537746397421	11.621634600722674	0.035618279569892476	PER3D	Essential3D
94	I	94	-1.914	-41.817	24.718	0.92	0.263235294117647	1.6505577813340724	-0.9969016997761864	22.807360272129333	0.0018784153005464521	PER3D	Essential3D
95	G	95	-4.368	-39.484	22.842	0.3	0.146781467814678	1.6553141217501257	-1.2791834306274066	16.73933775461282	0.0086263881544156509	PER3D	Essential3D
96	Y	96	-1.923	-37.274	20.789	1.85	0.147325102880658	1.411155313726076	-0.978423857003665	8.330401760065337	0.02212233386215405	PER3D	Essential3D
97	G	97	-4.734	-35.129	19.248	2.47	0.165740740740741	1.176762858022988	-0.9421222457855906	5.7822353322189866	0.07610611669310774	No-PER3D	No-Essential3D
98	H	98	-3	-35.001	15.829	0.3	0.166203703703704	0.5909663766873041	-0.21935167644293202	1.306753916882178	0.7060890953797522	No-PER3D	No-Essential3D
99	A	99	-6.215	-36.568	14.598	0.61	0.16775092936803	0.6068674755292066	-0.2671993887829067	2.619594843604018	0.2212825699845592	No-PER3D	No-Essential3D
100	A	100	-9.382	-36.135	16.681	0.92	0.16775092936803	0.9388824193481287	-0.7882890594052482	3.8129383655656683	0.13008989952406136	No-PER3D	No-Essential3D
101	P	101	-13.019	-36.921	15.646	0.92	0.169007490636704	1.1488299277240464	-0.9669681811916134	7.231735258909275	0.1306089743589743	No-PER3D	No-Essential3D
102	S	102	-14.52	-34.021	13.674	-0.01	0.169007490636704	0.946090917489791	-1.1186354358764907	2.371692671456326	0.32526203745135546	No-PER3D	No-Essential3D
103	T	103	-18.057	-35.397	13.519	1.85	0.169007490636704	1.3065158245729116	-1.6157222261798654	23.807360272129333	0.23076923076923084	No-PER3D	No-Essential3D
104	D	104	-20.637	-35.795	16.309	-0.01	0.16712962962963	1.2614627111875214	-1.8067072470151258	23.807360272129333	0.23076923076923084	No-PER3D	No-Essential3D
105	G	105	-21.047	-39.544	15.546	1.54	0.148559670781893	1.3481033138517333	-1.7053319156866156	3.4155462874862783	0.4110576923076922	No-PER3D	No-Essential3D
106	G	106	-17.262	-40.056	15.659	2.16	0.148421484214842	1.4957389007915503	-1.2132524039276489	7.231735258909275	0.1306089743589743	No-PER3D	No-Essential3D
107	K	107	-17.126	-38.332	19.068	1.23	0.133579335793358	1.2429114292053023	-1.7416835011735097	7.231735258909275	0.1306089743589743	No-PER3D	No-Essential3D
108	V	108	-20.041	-40.511	20.326	1.23	0.243771043771044	1.378600805989536	-1.7786374985295361	7.231735258909275	0.1306089743589743	No-PER3D	No-Essential3D
109	F	109	-18.396	-43.731	19.019	2.47	0.244677255829672	1.420334216283371	-1.6368484749254943	7.231735258909275	0.1306089743589743	No-PER3D	No-Essential3D
110	C	110	-15.03	-42.647	20.543	0.61	0.243097643097643	1.5382175505549183	-1.444531958101783	7.231735258909275	0.1306089743589743	No-PER3D	No-Essential3D
111	M	111	-16.587	-42.325	24.044	1.54	0.243097643097643	1.5626072059214449	-1.6144836412455683	7.231735258909275	0.1306089743589743	No-PER3D	No-Essential3D
112	F	112	-18.267	-45.79	23.869	0.92	0.267407407407407	1.7517465921461788	-1.7627120662766618	7.231735258909275	0.1306089743589743	No-PER3D	No-Essential3D
113	Y	113	-15.099	-47.27	22.257	1.85	0.265441176470588	1.6957747242226824	-1.4479183742894925	7.231735258909275	0.1306089743589743	No-PER3D	No-Essential3D
114	A	114	-12.902	-45.869	25.068	1.54	0.120655080213904	1.5668227019107215	-1.4532475722510347	5.7822353322189866	0.07610611669310774	No-PER3D	No-Essential3D
115	L	115	-15.37	-46.955	27.836	1.23	0.132841328413284	1.6195164017766748	-1.654078616100112	3.599458277444309	0.2255996691480563	No-PER3D	No-Essential3D
116	L	116	-15.007	-50.667	26.977	1.23	0.132841328413284	1.4266574602672855	-1.707411359513754	5.7822353322189866	0.07610611669310774	No-PER3D	No-Essential3D
117	G	117	-11.545	-50.372	25.333	2.47	0.133088235294118	1.4240456855782775	-1.5185203328136665	5.7822353322189866	0.07610611669310774	No-PER3D	No-Essential3D
118	I	118	-9.421	-48.805	28.105	1.54	0.132352941176471	1.3273095692123225	-1.5156864467598834	5.7822353322189866	0.07610611669310774	No-PER3D	No-Essential3D
119	P	119	-10.342	-51.6	30.683	0.92	0.16728624535316	1.1926974328624527	-1.6257913601038305	5.7822353322189866	0.07610611669310774	No-PER3D	No-Essential3D
120	L	120	-9.639	-54.28	28.025	0.3	0.191897654584222	1.0219698452967638	-1.5433167215338546	11.621634600722674	0.035618279569892476	PER3D	Essential3D
121	T	121	-6.234	-52.743	27.131	0.61	0.19047619047619	0.6913077935172399	-1.0531575554131578	16.73933775461282	0.0086263881544156509	PER3D	Essential3D
122	L	122	-5.243	-52.22	30.803	1.23	0.19047619047619	0.5921021694617258	-1.0616682255969152	16.73933775461282	0.0086263881544156509	PER3D	Essential3D
123	V	123	-6.132	-55.863	31.671	0.3	0.167910447761194	0.04502864978198883	-1.0261715511710219	5.7822353322189866	0.07610611669310774	No-PER3D	No-Essential3D
124	M	124	-4.318	-57.116	28.509	0.61	0.16682156133829	0.13121721451925678	-0.7156087624419125	5.7822353322189866	0.07610611669310774	No-PER3D	No-Essential3D
125	F	125	-1.128	-55.139	29.281	1.23	0.267164179104478	0.22524110332354916	-0.5346136775187557	5.7822353322189866	0.07610611669310774	No-PER3D	No-Essential3D
126	Q	126	-1.069	-56.294	32.938	-0.94	0.445273631840796	-0.3554434691992566	-0.6001333274458541	3.8129383655656683	0.13008989952406136	No-PER3D	No-Essential3D
127	S	127	-1.714	-59.967	31.952	-0.94	0.478865703584805	-0.5470979832831383	-0.49668812520998534	5.7822353322189866	0.07610611669310774	No-PER3D	No-Essential3D
128	L	128	0.952	-59.875	29.186	-0.94	0.482008592910849	-0.211427534104078	-0.26814051509603914	5.7822353322189866	0.07610611669310774	No-PER3D	No-Essential3D
129	G	129	3.389	-57.912	31.422	-0.94	0.476633032395114	-0.12355719385366448	-0.3767373588993315	5.7822353322189866	0.07610611669310774	No-PER3D	No-Essential3D
130	E	130	3.009	-60.585	34.149	-0.01	0.519086176980914	-0.5156323167917547	-0.3442478596200013	7.231735258909275	0.1306089743589743	No-PER3D	No-Essential3D
131	R	131	3.917	-63.33	31.61	-0.01	0.522496371552975	-0.6500765281640299	-0.10914223436685638	3.4155462874862783	0.4110576923076922	No-PER3D	No-Essential3D
132	I	132	7.041	-61.322	30.583	1.85	0.490730643402399	-0.4891725517876367	-0.20022086449884324	3.4155462874862783	0.4110576923076922	No-PER3D	No-Essential3D
133	N	133	8.036	-60.933	34.283	0.61	0.458015267175573	-0.4267039491944488	-0.36775530225621733	1.6983135390857151	0.5512820512820511	No-PER3D	No-Essential3D
134	T	134	7.427	-64.688	34.887	-0.63	0.460559796437659	-0.5985872557235842	-0.1921076037274778	0	0.9999999999999999	No-PER3D	No-Essential3D
135	L	135	9.528	-65.566	31.782	-0.32	0.431774809160305	-0.6457857554606595	0.008720208168641051	0	0.5817739901557989	No-PER3D	No-Essential3D
136	V	136	12.369	-63.237	33.004	1.23	0.48031844316674	-0.35401321163146643	-0.3828585994280072	0	0.5817739901557989	No-PER3D	No-Essential3D
137	R	137	12.16	-64.801	36.499	0.3	0.451935081148564	-0.41551428704644344	-0.4588190630391117	0	0.5817739901557989	No-PER3D	No-Essential3D
138	Y	138	12.457	-68.304	34.949	-0.01	0.474961731904658	-0.7015658006044758	-0.1535815532463681	0	0.5657568238213401	No-PER3D	No-Essential3D
139	L	139	15.307	-67.255	32.566	-0.94	0.392880399392229	-0.7273104368246988	-0.24302458601075275	0	0.5657568238213401	No-PER3D	No-Essential3D
140	L	140	17.302	-65.617	35.395	0.61	0.371053710537105	-0.897621107204635	-0.39804969522123645	0	0.322473864052394	No-PER3D	No-Essential3D
141	H	141	16.829	-68.734	37.595	-0.32	0.371053710537105	-1.0587726281600687	-0.3334091270273563	0	0.18159044429365478	No-PER3D	No-Essential3D
142	R	142	18.041	-70.947	34.702	-0.32	0.36968954248366	-1.09932043020692	-0.20971424660632623	0	0.18159044429365478	No-PER3D	No-Essential3D
143	A	143	20.996	-68.562	34.098	0.61	0.36968954248366	-1.0836704013467315	-0.2210300039008757	0	0.18159044429365478	No-PER3D	No-Essential3D
144	K	144	22.105	-68.574	37.783	-0.63	0.366991078669911	-1.180416034300622	-0.3322568485022565	0	0.18159044429365478	No-PER3D	No-Essential3D
145	K	145	21.734	-72.388	37.987	-0.94	0.442002442002442	-1.2694621878152754	-0.2776042789581467	0	0.18159044429365478	No-PER3D	No-Essential3D
146	G	146	23.53	-72.859	34.611	-0.94	0.417824074074074	-1.3966709785504947	-0.29549881010375545	0	0.18159044429365478	No-PER3D	No-Essential3D
147	L	147	26.49	-70.531	35.271	-0.94	0.393246187363834	-1.4352879328808288	-0.3398432355402656	0	0.18159044429365478	No-PER3D	No-Essential3D
148	G	148	27.123	-71.923	38.797	-0.94	0.394708069101246	-1.4867772053212747	-0.33584765233175584	0	0.1875546258484173	No-PER3D	No-Essential3D
149	M	149	26.187	-68.937	40.95	-0.32	0.390354671280277	-1.2164585250089341	-0.3174435216123665	0	0.18159044429365478	No-PER3D	No-Essential3D
150	R	150	25.013	-70.352	44.305	0.61	0.390354671280277	-1.319437069889826	-0.30835445847951665	0	0.1875546258484173	No-PER3D	No-Essential3D
151	R	151	22.035	-68.063	45.026	-0.32	0.372427983539095	-1.1740555947638611	-0.40248238249634355	0	0.18159044429365478	No-PER3D	No-Essential3D
152	A	152	19.711	-69.382	42.287	-0.01	0.350553505535055	-1.180416034300622	-0.3322568485022565	0	0.18159044429365478	No-PER3D	No-Essential3D
153	D	153	16.574	-67.779	43.814	-0.01	0.399630996309963	-0.8830654859570474	-0.49008872303410367	0	0.18159044429365478	No-PER3D	No-Essential3D
154	V	154	15.42	-64.669	41.914	0.61	0.423791821561338	-0.7358919822314397	-0.5061653843884542	0	0.18159044429365478	No-PER3D	No-Essential3D
155	S	155	14.987	-61.656	44.195	0.3	0.402602230483271	-0.4861238448668209	-0.7555678735165552	0	0.5657568238213401	No-PER3D	No-Essential3D
156	M	156	12.753	-58.573	43.881	0.61	0.373812474184221	-0.13518380375957167	-0.868463210905893	0	1	No-PER3D	No-Essential3D
157	A	157	15.903	-56.404	43.591	-0.63	0.237480865952329	-0.24331127588450793	-1.015777994138817	0	1	No-PER3D	No-Essential3D
158	N	158	17.17	-58.496	40.619	-0.32	0.178765432098765	-0.26624740633525196	-0.7513874407152842	0	0.5657568238213401	No-PER3D	No-Essential3D
159	M	159	13.755	-58.09	38.913	0.61	0.168518518518519	-0.2967535896933844	-0.6444243371751479	0	0.9999999999999999	No-PER3D	No-Essential3D
160	V	160	13.606	-54.267	39.489	0.61	0.166666666666667	-0.1207668074762468	-0.8217695323945264	0	1	No-PER3D	No-Essential3D
161	L	161	17.138	-53.951	38.031	-0.32	0.220194647201946	-0.018045708957557433	-0.8979584258756705	0	0.9999999999999999	No-PER3D	No-Essential3D
162	I	162	16.226	-55.942	34.86	0.92	0.278388278388278	-0.01504216806519807	-0.6357307690974319	0	0.9999999999999999	No-PER3D	No-Essential3D
163	G	163	12.885	-54.044	34.67	1.23	0.291717171717172	-0.18023691714496176	-0.5447083173117702	1.6983135390857151	0.5512820512820511	No-PER3D	No-Essential3D
164	F	164	14.52	-50.595	34.779	1.23	0.361312399355878	-0.08033653529040112	-0.7512487442876873	3.4155462874862783	0.4110576923076922	No-PER3D	No-Essential3D
165	F	165	17.192	-51.571	32.195	0.3	0.363636363636364	-0.08775947388021363	-0.6068244346186298	0	1	No-PER3D	No-Essential3D
166	S	166	14.468	-53.057	29.905	0.3	0.384697357203751	0.2652883152216737	-0.3057900817309777	3.4155462874862783	0.4110576923076922	No-PER3D	No-Essential3D
167	C	167	12.611	-49.697	30.049	0.61	0.346282973621103	0.42347480221926564	-0.28290103394256955	3.4155462874862783	0.4110576923076922	No-PER3D	No-Essential3D
168	I	168	15.831	-47.747	29.173	0.61	0.401785714285714	0.41328888093213395	-0.2245265379940216	0	1	No-PER3D	No-Essential3D
169	S	169	16.648	-50.238	26.348	0.61	0.401785714285714	0.4311981930853326	-0.09233110836305626	0	0.9999999999999999	No-PER3D	No-Essential3D
170	T	170	13.174	-49.896	24.779	-0.01	0.430806257521059	0.6263591450773449	-0.04334682683555901	0	0.9999999999999999	No-PER3D	No-Essential3D
171	L	171	13.336	-46.068	24.951	0.3	0.457348406988695	0.6757722371774504	0.07242214439778832	0.6467811495488921	0.9999999999999999	No-PER3D	No-Essential3D
172	C	172	16.873	-46.003	23.425	-0.94	0.454779033915725	0.5787347621935331	0.23621483587341147	0.6467811495488921	0.9999999999999999	No-PER3D	No-Essential3D
173	I	173	16.014	-48.574	20.676	0.61	0.451868919610855	0.3766195642984599	0.18516756420765573	0	0.5817739901557989	No-PER3D	No-Essential3D
174	G	174	12.92	-46.493	19.83	1.23	0.451868919610855	0.5951508763825417	0.2754684262290057	1.5247984284600002	0.6850954593354487	No-PER3D	No-Essential3D
175	A	175	14.863	-43.217	19.977	0.92	0.450255102040816	0.5909663766873041	0.2438972964011716	1.306753916882178	0.7060890953797522	No-PER3D	No-Essential3D
176	A	176	17.471	-44.569	17.519	0.92	0.450255102040816	0.3766195642984599	0.47337349299632736	1.8144068665372972	0.41998977626436135	No-PER3D	No-Essential3D
177	A	177	14.784	-45.682	15.011	1.23	0.490141627325743	0.42547716281417186	0.45410857631322704	1.5247984284600002	0.6850954593354487	No-PER3D	No-Essential3D
178	F	178	12.497	-42.602	15.396	1.23	0.490141627325743	0.37541814794151623	0.3448029995891087	2.5800657896069463	0.15736684964752354	No-PER3D	No-Essential3D
179	S	179	15.503	-40.226	15.006	-0.01	0.493706293706294	0.5163535282753007	0.3228619581526271	2.2023479363713827	0.26102401124051977	No-PER3D	No-Essential3D
180	H	180	16.255	-42.002	11.697	-0.63	0.497323189630882	0.4528778867444676	0.5127548880400987	1.1260461595409514	1	No-PER3D	No-Essential3D
181	Y	181	12.747	-42.166	10.118	0.61	0.497323189630882	0.004981437883864199	0.4155545328348991	1.8881380492927065	0.4491891935635354	No-PER3D	No-Essential3D
182	E	182	11.202	-38.914	11.445	1.54	0.534848484848485	0.12869871749771317	0.3843341548361697	2.2453716567783393	0.2824604328236521	No-PER3D	No-Essential3D
183	H	183	14.542	-37.032	11.069	-0.32	0.585600530856005	-0.05794989509890287	0.4376567724712416	0.9458681288735776	0.9999999999999999	No-PER3D	No-Essential3D
184	W	184	14.556	-35.878	14.717	1.23	0.511594202898551	0.5631394537139751	0.36762290653899027	2.2023479363713827	0.26102401124051977	No-PER3D	No-Essential3D
185	T	185	17.49	-35.52	17.152	1.23	0.465826144658262	0.6236054743101564	0.5392530978929542	1.5247984284600002	0.6850954593354487	No-PER3D	No-Essential3D
186	F	186	18.147	-38.523	19.488	-0.01	0.516176470588235	0.4730332269431947	0.48337959880758796	1.8144068665372972	0.41998977626436135	No-PER3D	No-Essential3D
187	F	187	17.032	-36.31	22.427	0.3	0.515750915750916	0.549623519698358	0.3828667072146622	0.6467811495488921	0.9999999999999999	No-PER3D	No-Essential3D
188	Q	188	13.776	-35.321	20.594	-0.32	0.578925789257893	0.6657604342029191	0.15141362737053965	2.2023479363713827	0.26102401124051977	No-PER3D	No-Essential3D
189	A	189	13.087	-38.969	19.637	1.54	0.577285772857729	0.6577509918232941	0.10427558198618497	2.2023479363713827	0.26102401124051977	No-PER3D	No-Essential3D
190	Y	190	13.882	-40.119	23.234	0.92	0.65	0.5235237850475114	0.09769612719549277	0.5283133284974684	1.0000000000000002	No-PER3D	No-Essential3D
191	Y	191	11.529	-37.4	24.601	2.47	0.573529411764706	1.0828038132799402	-0.21965522273818217	2.8187201590585524	0.3380687322160762	No-PER3D	No-Essential3D
192	Y	192	8.808	-38.59	22.146	1.85	0.479014598540146	1.1563387799549447	-0.2819617596405502	3.5768371600974453	0.10869809389580658	No-PER3D	No-Essential3D
193	C	193	9.343	-42.245	23.2	0.92	0.36734693877551	1.029910663323075	-0.19026629395385003	1.5247984284600002	0.6850954593354487	No-PER3D	No-Essential3D
194	F	194	9.178	-41.33	26.895	1.23	0.370057986294149	1.0193022267410499	-0.19353696631360734	1.1170776713299797	1	No-PER3D	No-Essential3D
195	I	195	5.991	-39.171	26.493	0.61	0.214460784313725	1.5861558386891261	-0.5912209483801546	5.7822353322189866	0.07610611669310774	No-PER3D	No-Essential3D
196	T	196	4.367	-41.887	24.304	1.23	0.214460784313725	1.448788814210986	-0.5167629056230383	3.8129383655656683	0.13008989952406136	No-PER3D	No-Essential3D
197	L	197	5.162	-44.898	26.55	1.54	0.365253793825222	1.2919040040154879	-0.46817627462051675	7.231735258909275	0.1306089743589743	No-PER3D	No-Essential3D
198	T	198	4.099	-43.165	29.818	1.85	0.365253793825222	1.3837497332335804	-0.5669175655169661	23.807360272129333	0.05048076923076919	No-PER3D	No-Essential3D
199	T	199	0.683	-42.446	28.116	2.47	0.255882352941176	1.4867282781144724	-0.9094699853772084	16.73933775461282	0.0086263881544156509	PER3D	Essential3D
200	I	200	1.135	-38.636	28.441	1.85	0.254411764705882	1.9372594119683733	-1.0833996904385992	11.621634600722674	0.035618279569892476	PER3D	Essential3D
201	G	201	1.103	-38.141	24.61	2.47	0.256296296296296	1.6926853678762557	-1.1065513828996905	8.330401760065337	0.02212233386215405	PER3D	Essential3D
202	F	202	1.352	-34.294	24.245	1.54	0.257777777777778	1.8941651295997395	-1.1806904340920967	8.330401760065337	0.02212233386215405	PER3D	Essential3D
203	G	203	1.266	-34.426	20.394	0.3	0.214637146371464	1.2632648357229372	-1.0635925120675231	8.330401760065337	0.02212233386215405	PER3D	Essential3D
204	D	204	4.169	-31.984	20.067	2.47	0.214637146371464	1.2794839565416778	-0.9015786035620402	5.496046975278719	0.044081838742541964	PER3D	Essential3D
205	Y	205	5.986	-34.996	18.562	1.23	0.215073529411765	0.964112162843947	-0.331675884521544	4.737009798788008	0.023524195176432918	PER3D	Essential3D
206	V	206	3.918	-37.624	16.654	1.85	0.215073529411765	0.8409669862572139	-0.3069943747222211	3.4194355959550884	0.07183268676818123	No-PER3D	No-Essential3D
207	A	207	5.199	-40.478	14.442	0.3	0.369312169312169	0.4464109326700097	0.12312781820099204	2.722574243364691	0.11220192260739133	No-PER3D	No-Essential3D
208	L	208	3.808	-41.249	10.952	0.61	0.37068507700478	-0.36044937068652216	0.31066557923378113	2.6210274572433545	0.17009103740390272	No-PER3D	No-Essential3D
209	Q	209	3.151	-37.612	10.007	-0.94	0.559701492537313	-0.2553254394539453	0.3004401323748784	2.6210274572433545	0.17009103740390272	No-PER3D	No-Essential3D
210	K	210	6.024	-36.821	7.618	-0.94	0.559701492537313	-0.5356559227408171	0.5854545613523565	2.5800657896069463	0.15736684964752354	No-PER3D	No-Essential3D
211	D	211	6.015	-37.581	3.857	-0.32	0.562899786780384	-0.8560336179258133	0.7113391827362191	2.2175853852171086	0.3725876551326149	No-PER3D	No-Essential3D
212	Q	212	2.484	-39.108	4.009	-0.63	0.566098081023454	-0.8109805045404231	0.7341220749944946	2.619594843604018	0.2212825699845592	No-PER3D	No-Essential3D
213	A	213	3.838	-42.152	5.901	-0.32	0.569296375266525	-0.5577509362018512	0.5862308785152802	3.008738286347575	0.12813500193651156	No-PER3D	No-Essential3D
214	L	214	0.384	-43.588	6.817	0.3	0.573033707865169	-0.2985013397816108	0.6676903923377812	0.9458681288735776	0.9999999999999999	No-PER3D	No-Essential3D
215	Q	215	-0.339	-44.03	3.08	-0.94	0.402631578947368	-0.6181531792509536	0.6587025863510375	1.1260461595409514	1	No-PER3D	No-Essential3D
216	T	216	3.131	-44.469	1.472	-0.32	0.449056603773585	-1.072288562175686	0.56728051362854	1.3772236374197415	0.6576217580427981	No-PER3D	No-Essential3D
217	Q	217	5.268	-46.353	4.06	-0.32	0.449056603773585	-0.9100973539882815	0.4623781777746199	1.7518267274005386	0.6152320709433348	No-PER3D	No-Essential3D
218	P	218	3.666	-49.701	5.178	-0.32	0.445692883895131	-0.5857149376134727	0.47751587437619153	1.7518267274005386	0.6152320709433348	No-PER3D	No-Essential3D
219	Q	219	6.884	-51.118	6.715	-0.94	0.445692883895131	-0.6016160364553751	0.41703333648342	2.371692671456326	0.32526203745135546	No-PER3D	No-Essential3D
220	Y	220	7.392	-48.07	8.995	1.85	0.442379182156134	-0.5156323167917547	0.47283503234202306	2.619594843604018	0.2212825699845592	No-PER3D	No-Essential3D
221	V	221	3.673	-47.906	10.009	-0.01	0.444029850746269	-0.18489758404689868	0.4618358116028412	3.2002461285312225	0.19380886869190844	No-PER3D	No-Essential3D
222	A	222	3.946	-51.59	11.041	-0.63	0.499533582089552	-0.08033653529040112	0.3604511823315656	2.371692671456326	0.32526203745135546	No-PER3D	No-Essential3D
223	F	223	7.129	-50.853	13.088	0.92	0.575187969924812	0.24686659774853653	0.3425697412723119	1.7518267274005386	0.6152320709433348	No-PER3D	No-Essential3D
224	S	224	5.508	-47.867	14.909	0.61	0.577358490566038	0.3890706065431496	0.2014954902419983	4.367785155223717	0.04273162145441103	PER3D	No-Essential3D
225	F	225	2.4	-49.931	15.766	-0.32	0.581749049429658	0.7472357963404829	0.1576781434224125	2.371692671456326	0.32526203745135546	No-PER3D	No-Essential3D
226	V	226	4.6	-52.823	17.033	0.92	0.451572327044025	0.395968690889238	0.2532038099018721	1.1170776713299797	1	No-PER3D	No-Essential3D
227	Y	227	6.871	-50.473	19.073	1.85	0.446517412935323	0.4489531146165208	0.1140943142387777	1.1170776713299797	1	No-PER3D	No-Essential3D
228	I	228	3.976	-48.593	20.774	0.92	0.446517412935323	0.993515247369149	-0.24731352458375278	8.330401760065337	0.02212233386215405	PER3D	Essential3D
229	L	229	2.243	-51.846	21.789	1.23	0.439950980392157	0.681403876350624	-0.29847864654827316	2.371692671456326	0.32526203745135546	No-PER3D	No-Essential3D
230	T	230	5.429	-53.778	22.816	0.3	0.43956043956044	0.4183258749752211	0.02796482803403995	3.4155462874862783	0.4110576923076922	No-PER3D	No-Essential3D
231	G	231	6.946	-50.749	24.639	2.47	0.442401960784314	0.4882538733571779	-0.12891496223567864	1.6983135390857151	0.5512820512820511	No-PER3D	No-Essential3D
232	L	232	3.737	-50.172	26.617	1.54	0.442804428044281	0.6886445552875617	-0.5399781294129579	7.231735258909275	0.1306089743589743	No-PER3D	No-Essential3D
233	T	233	3.914	-53.846	27.72	-0.32	0.442401960784314	0.37541814794151623	-0.37223104500661924	5.7822353322189866	0.07610611669310774	No-PER3D	No-Essential3D
234	V	234	7.528	-53.26	28.974	0.3	0.494505494505495	0.239852923880973	-0.20332655013104337	1.6983135390857151	0.5512820512820511	No-PER3D	No-Essential3D
235	I	235	6.42	-50.127	30.946	0.61	0.489545454545455	0.3410919663145524	-0.45305289454912007	1.7518267274005386	0.6152320709433348	No-PER3D	No-Essential3D
236	G	236	3.28	-52.012	32.125	0.3	0.437956204379562	0.15410460850451221	-0.5063125622425011	3.8129383655656683	0.13008989952406136	No-PER3D	No-Essential3D
237	A	237	5.401	-54.94	33.353	0.61	0.434782608695652	-0.1985016928417415	-0.5013977174076923	3.8129383655656683	0.13008989952406136	No-PER3D	No-Essential3D
238	F	238	7.557	-52.492	35.37	0.92	0.291717171717172	-0.06824774958699206	-0.5554167389910557	1.1170776713299797	1	No-PER3D	No-Essential3D
239	L	239	4.403	-50.852	36.847	1.23	0.289855072463768	-0.3153962573011321	-0.5970970475078139	1.3772236374197415	0.6576217580427981	No-PER3D	No-Essential3D
240	N	240	3.035	-54.374	37.605	-0.32	0.162906137184116	-0.7039793602501218	-0.5242791989634237	2.2175853852171086	0.3725876551326149	No-PER3D	No-Essential3D
241	L	241	6.244	-55.24	39.496	0.61	0.163808664259928	-0.6493193329810822	-0.5486874833734399	0.8238096787895435	1	No-PER3D	No-Essential3D
242	V	242	6.959	-51.935	41.326	-0.63	0.29121540312876	-0.5739619515129362	-0.8565356156156241	0.8238096787895435	1	No-PER3D	No-Essential3D
243	V	243	3.749	-49.854	41.539	-0.94	0.292270531400966	-1.2058577924476659	-0.7922042580612849	1.1170776713299797	1	No-PER3D	No-Essential3D
244	L	244	0.704	-52.221	41.408	-0.94	0.294403892944039	-1.4867772053212747	-0.5855414476226671	0.8238096787895435	1	No-PER3D	No-Essential3D
245	R	245	1.508	-53.829	44.801	-0.94	0.266911764705882	-1.7210533949253033	-0.5931665335591155	0	0.5817739901557989	No-PER3D	No-Essential3D
246	F	246	1.055	-50.444	46.592	-0.94	0.384126984126984	-1.624307761971413	-0.11598825721381009	0.6467811495488921	0.9999999999999999	No-PER3D	No-Essential3D
247	M	247	-2.441	-49.979	45.053	-0.94	0.381302521008403	-1.624307761971413	-0.11598825721381009	0.6467811495488921	0.9999999999999999	No-PER3D	No-Essential3D
248	T	248	-3.908	-53.164	46.612	-0.94	0.383403361344538	-2.369818227674921	0.18556578228498533	0	0.5817739901557989	No-PER3D	No-Essential3D
249	M	249	-2.199	-52.397	49.976	-0.94	0.334558823529412	-2.23766242841111	0.5406835574685098	0.6467811495488921	0.9999999999999999	No-PER3D	No-Essential3D
250	N	250	-4.981	-49.983	51.051	-0.94	0.486631016042781	-2.0110316156239962	0.7918264756472465	0.5283133284974684	1.0000000000000002	No-PER3D	No-Essential3D
251	A	251	-7.632	-52.729	50.652	-0.94	0.617647058823529	-2.1175207927167365	0.859519783308068	0.6467811495488921	0.9999999999999999	No-PER3D	No-Essential3D
252	E	252	-5.31	-55.272	52.365	-0.94	0.624509803921569	-2.441903209091545	0.8359724784406249	0	0.5817739901557989	No-PER3D	No-Essential3D
253	D	253	-5.136	-53.143	55.537	-0.94	0.669117647058824	-2.23766242841111	0.9844056010023639	0	0.322473864052394	No-PER3D	No-Essential3D
254	E	254	-8.999	-52.807	55.573	-0.94	0.669741697416974	-2.284860928148185	1.1789493917347473	0	0.9999999999999999	No-PER3D	No-Essential3D
255	K	255	-9.154	-56.647	55.14	-0.94	0.70499126043892	-2.4287968488339766	1.2236732597077644	0	0.9999999999999999	No-PER3D	No-Essential3D
256	R	256	-6.839	-56.978	58.202	-0.94	0.707602339181287	-2.432892586414467	1.3189045383110012	0	0.9999999999999999	No-PER3D	No-Essential3D
257	D	257	-9.144	-54.743	60.331	-0.94	0.790849673202614	-2.4287968488339766	1.5038173940850732	0	0.9999999999999999	No-PER3D	No-Essential3D
