Uniprot_position	aminoacid	Position_in_structure	x	y	z	paraz	mtr	paraz3dscore	mtr3dscore	PER3D_OR	PER3D_pvalue	PER3D	Essential3D
4	A	4	58.305	-29.716	33.813	-0.74	1.29032258064516	-2.2202477589014893	2.7250736698213203	0	0.4705882352941176	No-PER3D	No-Essential3D
5	Q	5	57.537	-26.074	32.77	-0.74	1.3	-2.2202477589014893	2.6378513159659667	0	0.21773485513608426	No-PER3D	No-Essential3D
6	L	6	60.585	-25.785	30.418	-0.74	1.29341317365269	-2.2202477589014893	2.563323699067179	0	0.04415601957305206	No-PER3D	No-Essential3D
7	A	7	59.559	-28.933	28.444	-0.74	1.28735632183908	-2.2202477589014893	2.58526269629684	0	0.04415601957305206	No-PER3D	No-Essential3D
8	D	8	55.831	-28.146	28.098	-0.74	1.28729281767956	-2.2202477589014893	2.6038120114839876	0	0.09897038869822003	No-PER3D	No-Essential3D
9	P	9	55.436	-26.614	24.559	-0.74	1.27368421052632	-2.0493456353731596	1.8594589143981595	0	0.09897038869822003	No-PER3D	No-Essential3D
10	W	10	52.364	-24.655	25.762	-0.74	1.26767676767677	-1.494849817524786	1.277070130741996	0.28115185655911834	0.3357441504939309	No-PER3D	No-Essential3D
11	Q	11	54.51	-22.911	28.415	-0.74	1.05284552845528	-2.1076056967846166	2.1626739774010155	0	0.04415601957305206	No-PER3D	No-Essential3D
12	K	12	55.604	-19.262	28.146	-0.74	1.05845181674566	-2.061834502534446	1.8568833259011779	0.20437036206907652	0.17967239082252248	No-PER3D	No-Essential3D
13	M	13	59.152	-20.32	29.183	-0.74	1.07922077922078	-2.2202477589014893	2.2334621459689368	0.15810045834448094	0.09230892022814759	No-PER3D	No-Essential3D
14	A	14	59.661	-23.491	27.038	-0.74	1.08571428571429	-2.2202477589014893	2.257394598026584	0.20437036206907652	0.17967239082252248	No-PER3D	No-Essential3D
15	V	15	63.244	-23.519	25.403	-0.74	1.08251231527094	-2.2202477589014893	2.2334621459689368	0.15810045834448094	0.09230892022814759	No-PER3D	No-Essential3D
16	E	16	62.238	-21.596	22.2	-0.74	1.07949790794979	-1.7734176965763264	1.4439747648906418	0.15810045834448094	0.09230892022814759	No-PER3D	No-Essential3D
17	S	17	60.78	-18.746	24.354	-0.74	1.09908536585366	-1.913249221962789	1.563292216253349	0.15810045834448094	0.09230892022814759	No-PER3D	No-Essential3D
18	P	18	64.08	-18.245	26.311	-0.74	1.11725955204216	-2.2202477589014893	1.8530887995282586	0.15810045834448094	0.09230892022814759	No-PER3D	No-Essential3D
19	S	19	65.945	-18.279	22.959	-0.74	1.09626436781609	-1.8553891095785662	1.558305531316277	0.20437036206907652	0.17967239082252248	No-PER3D	No-Essential3D
20	D	20	63.5	-15.654	21.62	-0.74	1.10112359550562	-1.6719270733119582	1.0194028403661364	0.20437036206907652	0.17967239082252248	No-PER3D	No-Essential3D
21	S	21	64.123	-13.728	24.924	-0.74	1.0985401459854	-2.2037833853108726	1.637102227998911	0.15810045834448094	0.09230892022814759	No-PER3D	No-Essential3D
22	A	22	67.91	-13.742	24.483	-0.74	0.980555555555556	-1.9092540355231757	1.7278328357539057	0.12723373516431247	0.04573389735812916	No-PER3D	No-Essential3D
23	E	23	67.804	-12.946	20.709	-0.74	1.00213523131673	-1.7454814304948203	1.3607150009408313	0.10509976515176263	0.021908717802441052	No-PER3D	No-Essential3D
24	N	24	65.221	-10.175	21.139	-0.74	0.992226148409894	-1.803094859004554	0.995122531400915	0.15810045834448094	0.09230892022814759	No-PER3D	No-Essential3D
25	G	25	67.351	-8.796	24.013	-0.74	0.992226148409894	-1.9361864984954809	1.3092468650527302	0.15810045834448094	0.09230892022814759	No-PER3D	No-Essential3D
26	Q	26	70.39	-8.527	21.741	-0.74	1.01408450704225	-1.7332855982054747	1.4518617145382882	0	0.01931825856321025	No-PER3D	No-Essential3D
27	Q	27	68.332	-6.93	18.891	-0.74	1.00699300699301	-1.8507857807242543	0.7664710207991402	0.28115185655911834	0.3357441504939309	No-PER3D	No-Essential3D
28	I	28	66.955	-4.146	21.17	-0.74	1.00063351282863	-2.089437622249637	0.6555297065271266	0	0.008279253669947246	No-PER3D	No-Essential3D
29	M	29	70.402	-3.272	22.642	-0.74	1.00127145581691	-1.8036941628025562	1.1138226451204234	0	5.69171325802826e-4	No-PER3D	No-Essential3D
30	D	30	72.845	-3.587	19.687	-0.47	0.997782705099778	-1.8498890283500375	1.1932418082822416	0	0.0014229283145070631	No-PER3D	No-Essential3D
31	E	31	72.885	0.043	18.559	-0.74	1.02564102564103	-2.041578815862576	0.8977853766341295	0	0.008279253669947246	No-PER3D	No-Essential3D
32	P	32	75.832	2.562	18.719	-0.74	1.02855477855478	-1.916114191185933	0.9227575207370341	0	0.008279253669947246	No-PER3D	No-Essential3D
33	M	33	73.967	4.799	21.204	-0.74	1.03508771929825	-1.916114191185933	0.9078640472326018	0	0.01931825856321025	No-PER3D	No-Essential3D
34	G	34	73.008	1.912	23.563	-0.74	0.906530089628681	-1.7857712335935514	1.0199773422726137	0	0.003471945087397243	No-PER3D	No-Essential3D
35	E	35	76.558	0.554	23.657	-0.74	0.900190718372537	-1.6525317658324505	1.2172873249432894	0	0.0014229283145070631	No-PER3D	No-Essential3D
36	E	36	78.661	3.695	24.229	0.06	0.952124798278644	-1.7292050377778365	1.3750427819314104	0	0.008279253669947246	No-PER3D	No-Essential3D
37	E	37	76.2	6.133	25.865	-0.74	0.952124798278644	-1.8359185703096108	1.0340420414991374	0	0.01931825856321025	No-PER3D	No-Essential3D
38	I	38	73.886	4.253	28.29	-0.74	0.928947368421053	-1.7941558682924765	1.0699079259276592	0	0.01931825856321025	No-PER3D	No-Essential3D
39	N	39	75.975	1.965	30.487	0.85	0.929577464788732	-1.5672625717427757	1.3512941275860662	0	0.008279253669947246	No-PER3D	No-Essential3D
40	P	40	79.198	-0.14	30.124	-0.21	0.923076923076923	-1.3589171034664544	1.660450657004777	0	0.008279253669947246	No-PER3D	No-Essential3D
41	Q	41	76.962	-3.091	31.12	0.06	0.923684210526316	-1.308418735393383	1.640946773851224	0	0.04415601957305206	No-PER3D	No-Essential3D
42	T	42	75.167	-3.009	27.695	-0.47	1.00832266325224	-1.640945725157572	1.4998906359183704	0	0.0014229283145070631	No-PER3D	No-Essential3D
43	E	43	78.469	-3.264	25.764	-0.21	1.00832266325224	-1.5150105004306338	1.693742272823118	0	0.003471945087397243	No-PER3D	No-Essential3D
44	E	44	79.85	-6.017	28.077	0.06	0.985263157894737	-1.3665394986472956	1.6586349806525629	0	0.04415601957305206	No-PER3D	No-Essential3D
45	V	45	76.651	-8.109	27.689	1.12	0.992226148409894	-1.4455352305214662	1.7078614186492533	0	0.01931825856321025	No-PER3D	No-Essential3D
46	S	46	76.747	-7.771	23.872	-0.21	0.991549295774648	-1.5626190436441023	1.7489498513362807	0	0.003471945087397243	No-PER3D	No-Essential3D
47	I	47	80.497	-8.652	23.681	0.59	0.991549295774648	-1.4080392057429856	1.7301361798998522	0	0.04415601957305206	No-PER3D	No-Essential3D
48	K	48	79.763	-11.999	25.397	-0.21	0.963352826510721	-1.2730381177623127	1.7891560499780912	0	0.04415601957305206	No-PER3D	No-Essential3D
49	E	49	76.574	-13.013	23.56	-0.47	0.926315789473684	-1.5774257653172303	1.8500217624536597	0	0.04415601957305206	No-PER3D	No-Essential3D
50	I	50	76.58	-11.246	20.122	-0.21	0.970843183609141	-1.5543553159032184	1.8347276010349962	0	0.04415601957305206	No-PER3D	No-Essential3D
51	A	51	78.659	-13.947	18.404	-0.47	0.975706889685384	-1.3844745461316275	1.8432658191570004	0	0.09897038869822003	No-PER3D	No-Essential3D
52	I	52	76.622	-16.892	19.771	0.06	0.975706889685384	-1.4941143232529506	1.8573136551632274	0	0.04415601957305206	No-PER3D	No-Essential3D
53	T	53	73.213	-15.223	19.086	-0.47	1.09767025089606	-1.6737806582442718	1.8782050356916	0	0.04415601957305206	No-PER3D	No-Essential3D
54	H	54	74.178	-14.661	15.417	-0.21	1.08467532467532	-1.655527698547007	1.6634003945674303	0	0.09897038869822003	No-PER3D	No-Essential3D
55	H	55	75.161	-18.38	15.255	0.06	1.12399355877617	-1.6681685650891471	1.8630702816733897	0	0.4705882352941176	No-PER3D	No-Essential3D
56	V	56	71.84	-19.457	16.911	-0.21	1.01159420289855	-1.7917889139994787	1.9020393007994583	0	0.09897038869822003	No-PER3D	No-Essential3D
57	K	57	69.894	-17.313	14.418	0.06	0.990673154906732	-1.4246955507677863	1.2190771522327313	0	0.09897038869822003	No-PER3D	No-Essential3D
58	E	58	71.618	-18.961	11.428	-0.74	0.998769987699877	-1.344875849185958	1.6261635203275044	0	0.21773485513608426	No-PER3D	No-Essential3D
59	G	59	70.564	-22.459	12.743	-0.74	0.995098039215686	-1.4846866239503314	1.8732811353355363	0	1	No-PER3D	No-Essential3D
60	H	60	66.992	-21.155	13.271	-0.74	1.0033044196613	-1.1397732420172755	0.9995610455936232	0	0.21773485513608426	No-PER3D	No-Essential3D
61	E	61	66.674	-21.591	9.469	-0.47	0.996707818930041	-1.0055428628826653	0.8230599577114747	0.8839832902867896	1	No-PER3D	No-Essential3D
62	K	62	64.348	-24.659	9.778	-0.47	0.967472118959108	-0.9279586067035204	0.5499677984788801	0.8839832902867896	1	No-PER3D	No-Essential3D
63	A	63	61.564	-22.104	9.807	0.32	0.914602003162889	-0.31554571606545223	0.0953860291367073	1.3575057685170504	1	No-PER3D	No-Essential3D
64	D	64	63.163	-18.889	8.408	-0.47	0.918746680828465	-0.33620194316809643	-0.012376380714560509	0.8839832902867896	1	No-PER3D	No-Essential3D
65	P	65	61.923	-17.021	5.262	0.06	1.07898009950249	-0.09891208190622025	0.029663436456619913	0.6406277594023904	0.698622273249139	No-PER3D	No-Essential3D
66	S	66	65.044	-18.089	3.3	0.32	1.07187112763321	-0.6979465499278124	1.0703300989083429	0.6406277594023904	0.698622273249139	No-PER3D	No-Essential3D
67	Q	67	64.111	-21.802	3.332	0.32	0.965485074626866	-0.8188997218084105	1.1577497443260434	0.4960625808729409	0.4604844629312453	No-PER3D	No-Essential3D
68	F	68	60.82	-21.173	1.512	1.38	0.965485074626866	-0.30448577011678085	0.9750670689159759	0.4960625808729409	0.4604844629312453	No-PER3D	No-Essential3D
69	E	69	60.198	-20.438	-2.124	1.12	0.973584905660377	-0.19634939048458303	1.1260071296108227	0.4960625808729409	0.4604844629312453	No-PER3D	No-Essential3D
70	L	70	57.494	-17.778	-2.515	0.32	0.980113636363636	0.2228710520243678	1.0889905492437912	1.3931488487852357	0.7388941755411712	No-PER3D	No-Essential3D
71	L	71	55.297	-19.234	-5.276	0.85	0.98384030418251	0.2958054677482927	0.7930189654823233	1.5491483519856908	0.7134441286631156	No-PER3D	No-Essential3D
72	K	72	52.789	-16.37	-5.257	0.06	0.976415094339623	0.24839196033355415	0.42812966977296896	3.5578902930617984	0.15686100051160007	No-PER3D	No-Essential3D
73	V	73	50.845	-13.956	-3.041	1.12	1.04545454545455	0.3672089324858152	0.37709266112089457	2.955017791771717	0.26597381087226923	No-PER3D	No-Essential3D
74	L	74	47.222	-14.954	-2.301	1.65	1.04150943396226	0.40432831147457915	-0.05852330239959007	2.3054446442851364	0.3144029356285663	No-PER3D	No-Essential3D
75	G	75	46.096	-12.405	0.283	2.18	1.04242424242424	0.5602052960969043	0.2679951653804221	6.061379245027589	0.11002781239831289	No-PER3D	No-Essential3D
76	Q	76	46.954	-9.107	1.897	0.85	1.05038167938931	0.41002303528729245	0.5621713335739924	17.91764922304102	0.05548358577331361	No-PER3D	No-Essential3D
77	G	77	45.874	-7.952	5.35	2.18	1.04427480916031	0.7474047648392793	0.8440185693266693	17.91764922304102	0.026074890868569504	PER3D	No-Essential3D
78	S	78	46.527	-4.633	7.075	1.12	1.05134099616858	0.531436901382117	0.6012382648268276	17.91764922304102	0.11648667399325874	No-PER3D	No-Essential3D
79	F	79	49.572	-6.086	8.867	1.65	1.08998732572877	0.6259546016245456	-0.12778323680076512	17.91764922304102	0.012082737280279001	PER3D	Essential3D
80	G	80	51.18	-8.061	6.046	2.18	1.08176100628931	0.25973539574246163	0.061012762477994927	4.899101851992341	0.20252706029703396	No-PER3D	No-Essential3D
81	K	81	50.53	-10.697	3.436	1.65	1.04638783269962	0.4985653221647402	0.40058654093354623	2.955017791771717	0.26597381087226923	No-PER3D	No-Essential3D
82	V	82	49.715	-14.356	2.939	2.18	1.05038167938931	0.8571940006896385	0.23307174305141806	3.5578902930617984	0.15686100051160007	No-PER3D	No-Essential3D
83	F	83	52.101	-16.144	0.613	0.32	1.05038167938931	0.5718355958405743	0.23649691619435506	2.7225913723362782	0.19617261970652028	No-PER3D	No-Essential3D
84	L	84	51.801	-19.489	-1.085	2.18	1.04334600760456	0.6012745220930658	0.04534437072314405	3.5578902930617984	0.15686100051160007	No-PER3D	No-Essential3D
85	V	85	55.101	-21.149	-0.207	2.18	1.05134099616858	0.36735481564717093	0.35244836723340506	1.0787509139715343	1	No-PER3D	No-Essential3D
86	K	86	56.993	-24.313	-1.064	1.12	0.876117496807152	-0.1056478055068852	0.5084001668261546	0.4960625808729409	0.4604844629312453	No-PER3D	No-Essential3D
87	K	87	59.553	-25.462	1.503	-0.21	0.879487179487179	-0.33127964408579785	0.6462637473993443	0.4960625808729409	0.4604844629312453	No-PER3D	No-Essential3D
88	I	88	63.02	-26.305	0.166	-0.74	0.879487179487179	-0.7192711078742128	1.1753069224543158	0.4960625808729409	0.4604844629312453	No-PER3D	No-Essential3D
89	S	89	64.454	-27.862	3.347	-0.74	0.886304909560723	-1.0258184340637022	1.1444411796315193	0.5733654348982095	0.6602651080263021	No-PER3D	No-Essential3D
90	G	90	63.503	-30.681	5.756	-0.74	0.896732026143791	-1.0870516753497919	1.041467194183532	0.8839832902867896	1	No-PER3D	No-Essential3D
91	S	91	61.265	-31.613	7.65	-0.21	0.667315175097276	-1.2486464531836212	0.5073761825297544	0	0.21773485513608426	No-PER3D	No-Essential3D
92	D	92	58.654	-31.593	4.867	0.32	0.671875	-0.6218314894791285	0.16522843848172872	0.8839832902867896	1	No-PER3D	No-Essential3D
93	A	93	61.057	-30.778	2.014	0.32	0.676470588235294	-0.6466466204567554	0.9546067353243405	1.3575057685170504	1	No-PER3D	No-Essential3D
94	R	94	59.183	-29.872	-1.221	0.06	0.543307086614173	-0.6017591821695805	0.5877768118258399	1.3575057685170504	1	No-PER3D	No-Essential3D
95	Q	95	55.917	-29.4	0.727	-0.21	0.544313725490196	-0.0883224606293409	0.07783237109541592	1.3575057685170504	1	No-PER3D	No-Essential3D
96	L	96	53.407	-26.618	0.065	-0.21	0.540625	0.017878026072953707	-0.17430722915592547	0.6406277594023904	0.698622273249139	No-PER3D	No-Essential3D
97	Y	97	52.114	-24.268	2.768	1.65	0.537984496124031	0.38512409632548583	-0.29953181767594134	1.127024637351881	1	No-PER3D	No-Essential3D
98	A	98	50.373	-20.945	3.294	2.18	0.667307692307692	0.6517220155773398	-0.334971213394095	4.202361046729879	0.08934302831861446	No-PER3D	No-Essential3D
99	M	99	52.737	-18.514	5.045	1.65	0.666030534351145	0.7063974605330492	0.037190012835161754	2.7225913723362782	0.19617261970652028	No-PER3D	No-Essential3D
100	K	100	51.183	-15.509	6.817	2.18	0.666030534351145	1.0666777727392214	-0.10823047549535332	3.6499469465605006	0.0685877219538376	No-PER3D	No-Essential3D
101	V	101	53.546	-12.553	7.375	1.38	0.662878787878788	0.6852529272108832	0.035570155578258725	2.3054446442851364	0.3144029356285663	No-PER3D	No-Essential3D
102	L	102	52.896	-9.981	10.081	1.65	0.665399239543726	0.5246385489235292	-0.46117221711122774	6.061379245027589	0.11002781239831289	No-PER3D	No-Essential3D
103	K	103	55.074	-6.845	9.987	0.32	0.665399239543726	0.11220516643586129	-0.4279557780661353	2.7793000985934952	0.6162994161238233	No-PER3D	No-Essential3D
104	K	104	56.28	-5.06	13.144	0.85	0.532824427480916	-0.2984513739319484	-0.6982814178660106	0.4338179079176383	0.5977332588394924	No-PER3D	No-Essential3D
105	A	105	53.999	-2.228	11.962	0.06	0.53384030418251	-0.16671803499639515	-0.47547625787965386	0.8873009235375993	1	No-PER3D	No-Essential3D
106	T	106	51.902	-3.818	14.759	-0.21	0.529811320754717	-0.07694315842204544	-0.2882079090162483	2.7793000985934952	0.6162994161238233	No-PER3D	No-Essential3D
107	L	107	53.977	-1.549	17.065	1.65	0.529323308270677	-0.6690903396003428	-0.49182849789861877	0.8873009235375993	1	No-PER3D	No-Essential3D
108	K	108	52.948	1.569	15.063	0.85	0.444025157232704	-0.5531850952328485	-0.38068683865386566	0	1	No-PER3D	No-Essential3D
109	V	109	49.182	0.944	15.271	0.59	0.442355889724311	0.08406093807583281	-0.23500717878077487	0	0.4705882352941176	No-PER3D	No-Essential3D
110	R	110	49.473	-0.208	18.929	1.65	0.263940520446097	-0.009753156457595061	-0.504351155089336	0.8873009235375993	1	No-PER3D	No-Essential3D
111	D	111	47.974	-3.642	18.153	1.12	0.263940520446097	0.33093476727738597	-0.16939670132200074	3.8079375785861447	0.36049902687303914	No-PER3D	No-Essential3D
112	R	112	50.736	-6.091	18.948	0.06	0.262222222222222	-0.22713257457787586	-0.37190427992511177	3.8079375785861447	0.36049902687303914	No-PER3D	No-Essential3D
113	V	113	49.215	-8.862	21.106	0.32	0.263432835820896	0.1777013028045691	-0.41492435118222126	10.046680792494413	0.014930370623872452	PER3D	Essential3D
114	R	114	46.227	-10.299	19.128	1.38	0.261481481481482	0.6267168411426296	-0.19990046486688656	10.046680792494413	0.014930370623872452	PER3D	Essential3D
115	T	115	48.177	-13.245	17.668	0.59	0.260966542750929	0.5729912493034761	-0.588567067018302	6.061379245027589	0.11002781239831289	No-PER3D	No-Essential3D
116	K	116	48.78	-15.21	20.889	0.32	0.262686567164179	0.13561680877701582	-0.4995799795093786	8.626452755308607	0.029812902162820825	PER3D	Essential3D
117	M	117	45.315	-16.816	20.701	0.85	0.260740740740741	0.5978606308151602	-0.4414145273314101	8.626452755308607	0.029812902162820825	PER3D	Essential3D
118	E	118	45.571	-17.352	16.931	2.18	0.325645756457565	0.9578426553221057	-0.8563959087900599	10.046680792494413	0.014930370623872452	PER3D	Essential3D
119	R	119	48.906	-19.118	17.381	1.65	0.325645756457565	0.6013088572064931	-1.0631727138525067	6.061379245027589	0.11002781239831289	No-PER3D	No-Essential3D
120	D	120	47.687	-21.235	20.36	0.59	0.327137546468401	0.2890447346313728	-0.601440205227191	17.91764922304102	0.012082737280279001	PER3D	Essential3D
121	I	121	44.515	-22.424	18.559	1.65	0.329291044776119	0.7549584897932656	-0.7912516276140671	8.626452755308607	0.029812902162820825	PER3D	Essential3D
122	L	122	46.286	-23.145	15.234	1.65	0.436183395291202	0.7358556812319444	-1.1417924544958629	17.91764922304102	0.026074890868569504	PER3D	Essential3D
123	V	123	49.152	-25.052	16.944	-0.21	0.436183395291202	0.252130563684157	-1.1277313643603115	17.91764922304102	0.11648667399325874	No-PER3D	No-Essential3D
124	E	124	47.341	-27.162	19.549	-0.47	0.436567164179104	0.18981500827715161	-0.8870258501516296	17.91764922304102	0.24143985952589975	No-PER3D	No-Essential3D
125	V	125	43.693	-27.572	18.489	1.12	0.659176029962547	0.5406926669588528	-0.9900534505317103	4.899101851992341	0.20252706029703396	No-PER3D	No-Essential3D
126	N	126	44.185	-30.882	16.634	-0.21	0.656716417910448	0.4552129495737067	-1.2670210770733996	17.91764922304102	1	No-PER3D	No-Essential3D
127	H	127	40.691	-30.436	15.066	0.06	0.436567164179104	0.3860016013316705	-0.9496553475330276	1.8080968829977047	1	No-PER3D	No-Essential3D
128	P	128	39.489	-30.947	11.458	0.85	0.431734317343173	0.5265367901944336	-0.8073410310409976	17.91764922304102	0.11648667399325874	No-PER3D	No-Essential3D
129	F	129	37.549	-27.628	11.531	2.18	0	0.744415590258557	-0.759280163329052	17.91764922304102	0.05548358577331361	No-PER3D	No-Essential3D
130	I	130	40.542	-25.438	12.381	1.65	0	0.8537553261719657	-0.8064266662458512	17.91764922304102	0.026074890868569504	PER3D	Essential3D
131	V	131	43.546	-24.701	10.117	1.65	0	0.9971847915345309	-0.8153128839898696	17.91764922304102	0.026074890868569504	PER3D	Essential3D
132	K	132	46.844	-26.225	11.327	0.85	0	0.8511291227903313	-1.0901097847887977	17.91764922304102	0.11648667399325874	No-PER3D	No-Essential3D
133	L	133	49.985	-24.254	12.211	2.18	0	0.8292184731136393	-1.2899187672340702	17.91764922304102	0.11648667399325874	No-PER3D	No-Essential3D
134	H	134	53.107	-26.274	11.56	0.32	0	0.33468382577665834	-0.9945057540522798	17.91764922304102	1	No-PER3D	No-Essential3D
135	Y	135	55.798	-23.67	12.397	0.59	0	0.04937815161195952	-0.6358996014064835	0.4338179079176383	0.5977332588394924	No-PER3D	No-Essential3D
136	A	136	55.884	-20.141	13.919	1.12	0	-0.01536965816979362	-0.5834816741680691	1.2049933491451663	1	No-PER3D	No-Essential3D
137	F	137	58.911	-17.893	13.727	1.65	0	-0.28895060279582885	-0.3967218657809533	0.5733654348982095	0.6602651080263021	No-PER3D	No-Essential3D
138	Q	138	60.333	-14.438	13.438	0.85	0	-0.6998889363445517	0.03343938729731722	0.28115185655911834	0.3357441504939309	No-PER3D	No-Essential3D
139	T	139	63.11	-12.352	12.046	1.38	0	-0.7193735594223424	0.07184952713652527	0.8873009235375993	1	No-PER3D	No-Essential3D
140	E	140	63.605	-8.738	13.14	0.85	0	-1.06216937383992	-0.04354682463654827	0.4338179079176383	0.5977332588394924	No-PER3D	No-Essential3D
141	G	141	61.067	-7.242	10.67	0.32	0	-0.44314076816826986	-0.5346922226281754	0.4338179079176383	0.5977332588394924	No-PER3D	No-Essential3D
142	K	142	58.391	-9.955	10.568	0.32	0	-0.11092312885784843	-0.5743955426136512	1.8080968829977047	1	No-PER3D	No-Essential3D
143	L	143	56.393	-12.663	12.367	1.65	0	0.06564675262856208	-0.5250142863910541	2.955017791771717	0.26597381087226923	No-PER3D	No-Essential3D
144	Y	144	55.66	-15.709	10.25	1.38	0	0.666785918512186	-0.4539719797514946	8.626452755308607	0.029812902162820825	PER3D	Essential3D
145	L	145	53.002	-18.416	10.518	1.65	0	0.7631222618788429	-0.6584069604869195	8.626452755308607	0.029812902162820825	PER3D	Essential3D
146	I	146	53.376	-21.577	8.365	1.65	0	0.5605583598935353	-0.46200452737065767	4.899101851992341	0.20252706029703396	No-PER3D	No-Essential3D
147	L	147	49.871	-22.883	7.945	1.65	0	0.9045107988443912	-0.7605953836249072	17.91764922304102	0.05548358577331361	No-PER3D	No-Essential3D
148	D	148	48.336	-25.731	5.977	1.65	0	0.7629399321602313	-0.5542617094602901	17.91764922304102	0.24143985952589975	No-PER3D	No-Essential3D
149	F	149	47.204	-24.538	2.479	0.85	0	0.9109519456492541	-0.7868420940319054	17.91764922304102	0.05548358577331361	No-PER3D	No-Essential3D
150	L	150	43.465	-24.273	1.832	1.38	0	0.8386371536704306	-0.7011022774158743	2.389705682025081	0.43377518004383675	No-PER3D	No-Essential3D
151	R	151	43.185	-24.448	-1.93	-0.21	0	0.49724501442805863	-0.8941896100674512	1.3575057685170504	1	No-PER3D	No-Essential3D
152	G	152	39.375	-24.04	-2.25	2.18	0	0.45745483050924823	-1.2308967520183247	0.8839832902867896	1	No-PER3D	No-Essential3D
153	G	153	39.497	-20.326	-1.281	2.18	0	0.7376045424639123	-0.9216201034989786	2.389705682025081	0.43377518004383675	No-PER3D	No-Essential3D
154	D	154	37.055	-18.479	0.99	1.65	0	0.9001201209185853	-0.8476074012528084	4.899101851992341	0.20252706029703396	No-PER3D	No-Essential3D
155	L	155	33.25	-18.426	1.104	1.38	0	1.0767170249286218	-1.038307932799672	4.899101851992341	0.20252706029703396	No-PER3D	No-Essential3D
156	F	156	33.241	-14.748	-0.008	1.65	0	0.990813250947469	-1.272380136336175	2.7793000985934952	0.6162994161238233	No-PER3D	No-Essential3D
157	T	157	34.846	-15.942	-3.292	1.65	0	0.7988559323099561	-1.6085814916136139	1.8080968829977047	1	No-PER3D	No-Essential3D
158	R	158	32.404	-18.919	-3.318	0.32	0	0.7914950899049281	-1.5449519665969096	1.8080968829977047	1	No-PER3D	No-Essential3D
159	L	159	29.31	-16.707	-2.828	2.18	0	0.7165873391619005	-1.4058953377759755	2.7793000985934952	0.6162994161238233	No-PER3D	No-Essential3D
160	S	160	30.525	-14.339	-5.577	0.32	0	0.7413992413634649	-1.693529982932602	2.7793000985934952	0.6162994161238233	No-PER3D	No-Essential3D
161	K	161	30.767	-17.188	-8.156	0.59	0	0.7474047648392793	-2.068097211418193	1.8080968829977047	1	No-PER3D	No-Essential3D
162	E	162	27.713	-19.369	-7.381	0.06	0	0.5270239357511037	-2.028065011172555	17.91764922304102	1	No-PER3D	No-Essential3D
163	V	163	25.392	-16.445	-6.497	0.06	0	0.43887924561476177	-1.742966083241454	17.91764922304102	0.4942932396839334	No-PER3D	No-Essential3D
164	M	164	22.8	-17.083	-5.017	-0.21	0	0.3660640668064794	-1.4231918893577713	17.91764922304102	0.4942932396839334	No-PER3D	No-Essential3D
165	F	165	23.448	-20.38	-3.211	2.18	0	0.5006844794456206	-1.5690576580051756	17.91764922304102	0.4942932396839334	No-PER3D	No-Essential3D
166	T	166	20.703	-23.011	-3.108	0.32	0	0.3660640668064794	-1.3224526578610878	0.8873009235375993	1	No-PER3D	No-Essential3D
167	E	167	19.299	-23.893	0.333	0.85	0	0.11062811915706654	-1.0439743743192538	0	0.21773485513608426	No-PER3D	No-Essential3D
168	E	168	20.881	-27.4	0.181	-0.47	0	0.3174234982277347	-1.5697544225517546	0	0.4705882352941176	No-PER3D	No-Essential3D
169	D	169	24.383	-25.809	-0.022	0.32	0	0.3916929897333652	-1.6577896030236494	17.91764922304102	0.4942932396839334	No-PER3D	No-Essential3D
170	V	170	23.456	-23.314	2.692	0.85	0	0.5321991409002014	-1.2144924551450322	2.7793000985934952	0.6162994161238233	No-PER3D	No-Essential3D
171	K	171	22.355	-26.133	5.071	0.32	0.185873605947955	0.3748846311294593	-1.1903913037462945	0.4338179079176383	0.5977332588394924	No-PER3D	No-Essential3D
172	F	172	25.748	-27.833	4.587	1.12	0.186034115138593	0.250611815772185	-1.5295681736096334	17.91764922304102	0.4942932396839334	No-PER3D	No-Essential3D
173	Y	173	28.086	-24.794	4.823	1.12	0.215252152521525	0.6599540294311809	-1.1762282321111523	17.91764922304102	0.11648667399325874	No-PER3D	No-Essential3D
174	L	174	26.272	-23.289	7.812	0.59	0.214637146371464	0.7608017018237878	-0.7942307959494129	3.8079375785861447	0.36049902687303914	No-PER3D	No-Essential3D
175	A	175	26.113	-26.579	9.669	1.92	0.21481481481481501	0.4396051880129372	-1.267187972253062	17.91764922304102	0.24143985952589975	No-PER3D	No-Essential3D
176	E	176	29.888	-27.054	9.201	0.59	0.215432098765432	0.4991883063862512	-1.1362867373036238	17.91764922304102	0.24143985952589975	No-PER3D	No-Essential3D
177	L	177	30.355	-23.568	10.66	1.65	0.215613382899628	0.8470040618689351	-0.7703935900421097	17.91764922304102	0.05548358577331361	No-PER3D	No-Essential3D
178	A	178	28.13	-24.473	13.635	0.59	0.214022140221402	0.7660372863924461	-0.7755066718899469	17.91764922304102	0.24143985952589975	No-PER3D	No-Essential3D
179	L	179	30.393	-27.471	14.431	0.32	0.213235294117647	0.4637064756323585	-1.1221031097567806	3.8079375785861447	0.36049902687303914	No-PER3D	No-Essential3D
180	A	180	33.559	-25.354	13.906	1.12	0.213675213675214	0.7658255531929783	-0.8175205482042595	7.30111237297784	0.05804581290699399	No-PER3D	No-Essential3D
181	L	181	32.307	-22.772	16.42	1.12	0.366300366300366	0.9534404163941332	-0.6455748920423391	8.626452755308607	0.029812902162820825	PER3D	Essential3D
182	D	182	31.191	-25.517	18.901	0.32	0.366006256517205	0.6014243480425663	-0.9656311949611275	2.389705682025081	0.43377518004383675	No-PER3D	No-Essential3D
183	H	183	34.753	-26.922	18.579	1.38	0.366006256517205	0.5379300528324632	-0.86933340390628	3.8079375785861447	0.36049902687303914	No-PER3D	No-Essential3D
184	L	184	36.228	-23.466	19.382	2.18	0.363636363636364	0.777207643294099	-0.7550200910644294	10.046680792494413	0.014930370623872452	PER3D	Essential3D
185	H	185	33.683	-22.963	22.236	2.18	0.367647058823529	0.6127424499777546	-0.650369511863967	1.9151591689244163	0.48419943159360823	No-PER3D	No-Essential3D
186	S	186	34.621	-26.352	23.767	0.59	0.367647058823529	0.3096252016196435	-0.8855876690485888	1.3575057685170504	1	No-PER3D	No-Essential3D
187	L	187	38.231	-25.107	24.001	0.85	0.366300366300366	0.4843166402641909	-0.8144120896171064	3.8079375785861447	0.36049902687303914	No-PER3D	No-Essential3D
188	G	188	37.019	-22.197	26.219	0.32	0.366300366300366	0.531436901382117	-0.5375947541778155	0.8804643962796896	1	No-PER3D	No-Essential3D
189	I	189	37.232	-19.656	23.424	1.92	0.367949393779652	0.75543696621263845	-0.4459309246722565	2.3054446442851364	0.3144029356285663	No-PER3D	No-Essential3D
190	I	190	34.515	-17.528	21.804	1.65	0.432465923172243	0.9843676466015647	-0.2254045907500783	3.6499469465605006	0.0685877219538376	No-PER3D	No-Essential3D
191	Y	191	35.275	-16.676	18.181	1.38	0.367949393779652	1.168542098580745	-0.26655642634264115	8.234928455855071	0.0034026964054878353	PER3D	Essential3D
192	R	192	34.129	-13.01	17.541	2.18	0.367647058823529	1.3944614224128944	0.15519409425507244	16.91764922304102	7.361462230368699e-4	PER3D	No-Essential3D
193	D	193	35.14	-12.527	13.878	2.18	0.37037037037037	1.546667345230323	0.22139465661258692	17.91764922304102	2.0289279612002947e-4	PER3D	No-Essential3D
194	L	194	32.776	-14.912	12.224	1.92	0.436183395291202	1.4126520659845632	0.007068605255978143	17.91764922304102	0.001096118598883121	PER3D	No-Essential3D
195	K	195	32.415	-14.054	8.537	2.18	0.434194341943419	1.5231105144095332	-0.06955772060308345	17.91764922304102	0.012082737280279001	PER3D	Essential3D
196	P	196	32.981	-15.771	5.088	0.85	0.431372549019608	1.3265730723519535	-0.3631557011717832	17.91764922304102	0.05548358577331361	No-PER3D	No-Essential3D
197	E	197	36.495	-14.265	4.645	2.18	0.517647058823529	1.513742344848564	-0.23896111669859185	17.91764922304102	0.05548358577331361	No-PER3D	No-Essential3D
198	N	198	37.677	-16.264	7.673	2.18	0.517647058823529	1.6129202646873249	-0.37950988218623793	17.91764922304102	0.0055165836193196895	PER3D	Essential3D
199	I	199	35.895	-19.449	6.46	1.65	0.515750915750916	1.3087257637976226	-0.8592004630205813	17.91764922304102	0.026074890868569504	PER3D	Essential3D
200	L	200	38.17	-21.308	4.021	1.92	0.64	1.0386193499534617	-0.9911300387337173	3.8079375785861447	0.36049902687303914	No-PER3D	No-Essential3D
201	L	201	37.611	-24.439	1.966	1.92	0.847172081829121	0.8789065743819185	-1.145780365396043	2.7793000985934952	0.6162994161238233	No-PER3D	No-Essential3D
202	D	202	40.092	-27.304	1.936	2.18	0.632616487455197	0.6365335622088645	-1.1069725906203374	1.3575057685170504	1	No-PER3D	No-Essential3D
203	E	203	40.98	-29.6	-0.996	-0.21	0.633093525179856	0.26160411198034517	-1.1847698265290192	0.8839832902867896	1	No-PER3D	No-Essential3D
204	E	204	37.818	-31.729	-0.883	0.06	0.844765342960289	0.426628967645553	-0.9869810361414554	0.8873009235375993	1	No-PER3D	No-Essential3D
205	G	205	35.528	-28.682	-0.436	2.18	0.841726618705036	0.36239907884228983	-1.2486468731890081	0.8839832902867896	1	No-PER3D	No-Essential3D
206	H	206	34.956	-28.844	3.317	1.38	0.842995169082126	0.6649265400619736	-1.231793224754484	17.91764922304102	0.24143985952589975	No-PER3D	No-Essential3D
207	I	207	35.218	-25.925	5.771	1.12	0.849148418491484	0.6866565850646976	-1.0723948957309877	17.91764922304102	0.026074890868569504	PER3D	Essential3D
208	K	208	37.938	-24.792	8.148	0.32	0.839951865222623	0.907359572800867	-0.895556568519717	17.91764922304102	0.026074890868569504	PER3D	Essential3D
209	L	209	38.069	-21.616	10.262	1.65	0.833930704898447	1.1884873659706126	-0.8182184753371556	17.91764922304102	0.001096118598883121	PER3D	Essential3D
210	T	210	41.318	-19.813	9.454	1.12	0.83754512635379	1.4773068488228431	-0.8340040285077913	17.91764922304102	0.0055165836193196895	PER3D	Essential3D
211	D	211	41.682	-16.476	11.242	2.18	0.840579710144928	1.4768199144869663	-0.6541265730766114	17.91764922304102	0.001096118598883121	PER3D	Essential3D
212	F	212	41.542	-16.169	15.023	2.18	0.634057971014493	1.2687491271180626	-0.49268254804458705	17.91764922304102	2.0289279612002947e-4	PER3D	Essential3D
213	G	213	43.137	-12.717	15.555	2.18	0.631768953068592	1.2947653330634816	-0.1143193323682336	14.99316636567899	0.00162073500308316	PER3D	Essential3D
214	L	214	40.889	-11.991	18.531	1.38	0.632727272727273	1.0983253201172358	-0.24247718354440825	10.365862901881744	7.525305749905681e-4	PER3D	Essential3D
215	S	215	41.663	-10.897	22.089	1.38	0.627240143369176	0.6859636400482578	-0.27305384331524313	5.3333634312878555	0.011110864468868435	PER3D	Essential3D
216	K	216	40.219	-13.525	24.537	2.18	0.631294964028777	0.6240605519129426	-0.4160877546928292	4.1675149487277485	0.03858527953671345	PER3D	Essential3D
217	E	217	40.037	-11.123	27.552	1.12	0.631294964028777	0.35246306253597004	-0.2073513839675629	2.3054446442851364	0.3144029356285663	No-PER3D	No-Essential3D
218	S	218	37.086	-9.612	25.919	0.32	0.631294964028777	0.5280199656113951	0.10218573892552117	2.7225913723362782	0.19617261970652028	No-PER3D	No-Essential3D
219	I	219	34.797	-12.659	26.476	0.32	0.635869565217391	0.5990856586120811	0.09474365260112987	2.7225913723362782	0.19617261970652028	No-PER3D	No-Essential3D
220	D	220	34.075	-12.772	30.209	-0.74	0.638181818181818	-0.005741369520310304	0.07010712329026457	1.2049933491451663	1	No-PER3D	No-Essential3D
221	H	221	34.465	-8.985	30.632	-0.74	0.422382671480144	0.20748510619637398	0.2890771348094468	1.5491483519856908	0.7134441286631156	No-PER3D	No-Essential3D
222	E	222	35.038	-6.412	27.831	-0.74	0.633574007220217	0.35929781021479074	0.32046264751579145	1.9151591689244163	0.48419943159360823	No-PER3D	No-Essential3D
223	K	223	34.778	-2.689	27.134	0.06	0.641025641025641	0.2993003208746861	0.32724921182564454	1.5491483519856908	0.7134441286631156	No-PER3D	No-Essential3D
224	K	224	36.185	-2.718	23.541	1.65	0.645220588235294	0.501640265675193	0.32305354814466375	2.955017791771717	0.26597381087226923	No-PER3D	No-Essential3D
225	A	225	33.996	-3.38	20.517	1.12	0.644688644688645	0.7870412197796522	0.3188243847106477	4.202361046729879	0.08934302831861446	No-PER3D	No-Essential3D
226	Y	226	37.138	-3.533	18.268	1.65	0.644688644688645	0.9677428015334567	0.23830963327794819	11.572435190000958	0.0072966904184775	PER3D	No-Essential3D
227	S	227	38.099	-6.924	19.644	1.65	0.860294117647059	0.8596916615893027	0.08750909204143126	4.1675149487277485	0.03858527953671345	PER3D	No-Essential3D
228	F	228	34.588	-8.409	20.041	1.38	0.857142857142857	0.9083219964348116	0.21513595284222486	5.3333634312878555	0.011110864468868435	PER3D	No-Essential3D
229	C	229	33.215	-7.066	16.689	2.18	0.862745098039216	1.1410330698191202	0.30062763032330014	5.635049503454963	0.02637556128204554	PER3D	No-Essential3D
230	G	230	33.792	-9.345	13.688	2.18	0.858181818181818	1.6399803734930767	0.2543632933859951	17.91764922304102	0.001096118598883121	PER3D	No-Essential3D
231	T	231	34.158	-6.463	11.313	2.18	0.85024154589372	1.450479977472091	0.2951980687031641	17.91764922304102	0.001096118598883121	PER3D	No-Essential3D
232	V	232	31.198	-4.03	11.088	0.85	0.848484848484848	0.9848664093018757	0.46020437715801377	11.572435190000958	0.0072966904184775	PER3D	No-Essential3D
233	E	233	28.487	-5.952	9.202	2.18	0.854700854700855	1.017745713919774	0.42692394879299683	7.30111237297784	0.05804581290699399	No-PER3D	No-Essential3D
234	Y	234	28.696	-9.266	11.136	2.18	0.848484848484848	1.355896435942386	0.34317135708574587	17.91764922304102	0.001096118598883121	PER3D	No-Essential3D
235	M	235	28.97	-7.839	14.7	1.38	0.634057971014493	1.2149116692641948	0.4149503507053964	13.215986096408669	0.0034809162457638816	PER3D	No-Essential3D
236	A	236	26.311	-8.569	17.388	2.18	0.638686131386861	1.0253369972835502	0.5305380339275275	11.572435190000958	0.0072966904184775	PER3D	No-Essential3D
237	P	237	24.359	-5.808	19.294	2.18	0.641544117647059	0.9053153850023687	0.664555283512352	7.30111237297784	0.05804581290699399	No-PER3D	No-Essential3D
238	E	238	25.803	-6.839	22.694	1.65	0.638686131386861	0.6343392363234709	0.38643937900990566	2.955017791771717	0.26597381087226923	No-PER3D	No-Essential3D
239	V	239	29.263	-6.351	21.068	1.65	0.634057971014493	0.8882021782609929	0.4286355068848259	4.893003356863222	0.04928193154814979	PER3D	No-Essential3D
240	V	240	28.566	-2.911	19.868	1.65	0.632246376811594	0.8502323704161149	0.6199713195388739	8.626452755308607	0.029812902162820825	PER3D	No-Essential3D
241	N	241	27.049	-1.923	23.205	0.32	0.629963898916968	0.6610176194564141	0.5706553499962769	3.8079375785861447	0.36049902687303914	No-PER3D	No-Essential3D
242	R	242	30.392	-2.84	24.966	0.32	0.634545454545455	0.49396012507631554	0.3632905225301127	1.5491483519856908	0.7134441286631156	No-PER3D	No-Essential3D
243	R	243	28.805	-5.129	27.571	0.32	0.638686131386861	0.2779094094976224	0.31362157562396253	1.2049933491451663	1	No-PER3D	No-Essential3D
244	G	244	29.87	-8.434	29.167	2.18	0.642857142857143	0.12300355960871938	0.27226183254843767	1.2049933491451663	1	No-PER3D	No-Essential3D
245	H	245	28.619	-11.486	27.246	1.38	0.647058823529412	0.3118627434307937	0.16765439838895332	2.3054446442851364	0.3144029356285663	No-PER3D	No-Essential3D
246	T	246	28.97	-15.175	26.325	0.59	0.647058823529412	0.5429793855131048	-0.07520994844048	2.3054446442851364	0.3144029356285663	No-PER3D	No-Essential3D
247	Q	247	29.317	-17.348	23.175	0.32	0.650735294117647	0.7114948142095394	-0.28436779861665407	1.980136042172933	0.3525157744266353	No-PER3D	No-Essential3D
248	S	248	25.845	-16.425	21.841	1.38	0.645985401459854	0.7975579157393055	-0.1029891879342903	2.955017791771717	0.26597381087226923	No-PER3D	No-Essential3D
249	A	249	27.527	-13.555	20	1.38	0.646520146520147	1.0610276622075057	0.13974419020037956	7.30111237297784	0.05804581290699399	No-PER3D	No-Essential3D
250	D	250	29.033	-15.967	17.454	2.18	0.651291512915129	1.1722046324353694	-0.11427655468842836	8.626452755308607	0.029812902162820825	PER3D	Essential3D
251	W	251	25.517	-17.395	16.729	1.65	0.431013431013431	1.0799561853572535	-0.13531191423390102	17.91764922304102	0.026074890868569504	PER3D	Essential3D
252	W	252	24.382	-13.864	15.721	2.18	0.641818181818182	1.236508455609911	0.29121943749541884	17.91764922304102	0.05548358577331361	No-PER3D	No-Essential3D
253	S	253	27.23	-13.692	13.184	1.38	0.644688644688645	1.3327030827921245	0.2047610975582939	17.91764922304102	0.002479543801382057	PER3D	No-Essential3D
254	F	254	26.063	-17.06	11.752	1.12	0.644688644688645	1.2195867383084438	-0.1933468608306196	17.91764922304102	0.012082737280279001	PER3D	Essential3D
255	G	255	22.587	-15.467	11.29	2.18	0.644160583941606	1.114384428473393	0.1897321751929881	4.899101851992341	0.20252706029703396	No-PER3D	No-Essential3D
256	V	256	24.229	-12.641	9.395	1.65	0.651291512915129	1.2339381130489298	0.4056039602782203	17.91764922304102	0.026074890868569504	PER3D	No-Essential3D
257	L	257	26.154	-15.176	7.211	2.18	0.858880778588808	1.3412740427065812	-0.31100434501821483	17.91764922304102	0.05548358577331361	No-PER3D	No-Essential3D
258	M	258	23.102	-17.363	6.473	1.38	0.644160583941606	0.8455768900052884	-0.44382938179238235	1.8080968829977047	1	No-PER3D	No-Essential3D
259	F	259	21.111	-14.283	5.393	1.65	0.641304347826087	0.7924615896860284	0.2197510465561286	1.8080968829977047	1	No-PER3D	No-Essential3D
260	E	260	23.906	-13.125	3.108	2.18	0.63898916967509	0.9578426553221057	-0.3279144030165927	1.8080968829977047	1	No-PER3D	No-Essential3D
261	M	261	24.277	-16.567	1.512	1.65	0.63898916967509	0.5916137054413881	-1.1139892927097381	1.8080968829977047	1	No-PER3D	No-Essential3D
262	L	262	20.528	-16.805	0.661	1.12	0.639492753623188	0.5568448853182539	-0.3909363418799499	1.8080968829977047	1	No-PER3D	No-Essential3D
263	T	263	19.583	-13.078	0.125	0.85	0.639492753623188	0.6388880850604243	-0.009597984556661162	0.8873009235375993	1	No-PER3D	No-Essential3D
264	G	264	22.843	-11.993	-1.622	2.18	0.632616487455197	0.6440138148222305	-0.6159552682409232	17.91764922304102	0.4942932396839334	No-PER3D	No-Essential3D
265	T	265	23.409	-8.95	0.636	0.59	0.632616487455197	0.8878601000382428	-0.011443825959275518	17.91764922304102	0.4942932396839334	No-PER3D	No-Essential3D
266	L	266	24.085	-8.53	4.366	0.32	0.63768115942029	1.0536864621058002	0.5051325631436749	17.91764922304102	0.24143985952589975	No-PER3D	No-Essential3D
267	P	267	21.059	-7.765	6.67	2.18	0.630824372759857	0.9001201209185853	0.76026866599899	17.91764922304102	0.11648667399325874	No-PER3D	No-Essential3D
268	F	268	22.398	-4.512	8.086	2.18	0.634892086330935	0.5564214189193183	0.7767182944232857	3.8079375785861447	0.36049902687303914	No-PER3D	No-Essential3D
269	Q	269	24.237	-3.249	4.974	0.59	0.635379061371841	0.3897654875037272	0.6965501073438499	2.7793000985934952	0.6162994161238233	No-PER3D	No-Essential3D
270	G	270	24.816	0.533	4.738	0.06	0.630824372759857	0.11898062881883112	0.5431118321877568	1.8080968829977047	1	No-PER3D	No-Essential3D
271	K	271	26.892	3.096	2.858	-0.21	0.633574007220217	-0.10884429380852817	0.5636844921064428	1.8080968829977047	1	No-PER3D	No-Essential3D
272	D	272	28.767	4.205	5.998	0.85	0.634892086330935	-0.10884429380852817	0.5636844921064428	1.8080968829977047	1	No-PER3D	No-Essential3D
273	R	273	30.259	2.419	9.072	0.59	0.640794223826715	0.34341782025470535	0.647435362915245	2.7793000985934952	0.6162994161238233	No-PER3D	No-Essential3D
274	K	274	28.031	4.407	11.45	-0.21	0.636690647482014	0.20905442285125292	0.6192466705041982	2.7793000985934952	0.6162994161238233	No-PER3D	No-Essential3D
275	E	275	24.982	3.537	9.267	0.06	0.641304347826087	0.08978635708044645	0.7241175450280618	1.8080968829977047	1	No-PER3D	No-Essential3D
276	T	276	25.571	-0.247	9.65	0.85	0.637184115523466	0.5118364566313832	0.7812747506530892	4.899101851992341	0.20252706029703396	No-PER3D	No-Essential3D
277	M	277	26.126	0.203	13.423	0.59	0.632616487455197	0.6940479985733919	0.6635055050626604	6.061379245027589	0.11002781239831289	No-PER3D	No-Essential3D
278	T	278	22.857	2.223	13.771	0.06	0.950892857142857	0.3097522415393242	0.7231710034190343	3.8079375785861447	0.36049902687303914	No-PER3D	No-Essential3D
279	M	279	21.061	-0.591	11.886	0.59	0.959239130434783	0.38171128175845437	0.80839770880325	3.8079375785861447	0.36049902687303914	No-PER3D	No-Essential3D
280	I	280	22.539	-3.358	14.145	2.18	0.862745098039216	0.6244301225883776	0.7315544770867829	17.91764922304102	0.11648667399325874	No-PER3D	No-Essential3D
281	L	281	21.473	-1.472	17.302	1.65	0.858880778588808	0.4569719638462087	0.8265136676755243	3.8079375785861447	0.36049902687303914	No-PER3D	No-Essential3D
282	K	282	18.017	-0.744	15.854	0.32	1.04206642066421	0.49180044644174364	0.9103841469671937	17.91764922304102	0.11648667399325874	No-PER3D	No-Essential3D
283	A	283	17.243	-4.161	14.315	1.12	1.03443223443223	0.40113024090964455	1.023010021465757	17.91764922304102	0.24143985952589975	No-PER3D	No-Essential3D
284	K	284	14.761	-3.223	11.527	0.06	1.02773722627737	0.2798978604143636	1.230748944389179	17.91764922304102	0.4942932396839334	No-PER3D	No-Essential3D
285	L	285	15.661	-6.491	9.683	0.85	1.03235294117647	0.5323515888038182	1.022576657656961	17.91764922304102	0.4942932396839334	No-PER3D	No-Essential3D
286	G	286	13.657	-7.383	6.559	-0.21	1.02481751824818	0.24723045249647346	1.063309270662543	17.91764922304102	1	No-PER3D	No-Essential3D
287	M	287	13.986	-9.856	3.708	1.38	1.02481751824818	0.39423378812697873	0.9034163751639985	0.8839832902867896	1	No-PER3D	No-Essential3D
288	P	288	13.089	-8.45	0.211	2.18	0.960766423357664	0.42319888981417464	0.9374834586092818	0	1	No-PER3D	No-Essential3D
289	Q	289	11.237	-11.71	-0.471	0.06	0.960766423357664	0.23885419405598887	1.0101449068317048	0	0.4705882352941176	No-PER3D	No-Essential3D
290	F	290	10.821	-15.077	1.294	0.32	0.964285714285714	0.006444433301692088	1.0237770220119986	0	0.21773485513608426	No-PER3D	No-Essential3D
291	L	291	12.038	-18.46	-0.02	1.38	0.769230769230769	-0.12543421273153507	0.3511189467926464	0	0.21773485513608426	No-PER3D	No-Essential3D
292	S	292	11.761	-21.027	2.816	0.59	0.774264705882353	-0.04925102239468028	-0.030679610006349042	0	0.09897038869822003	No-PER3D	No-Essential3D
293	P	293	10.017	-20.466	6.205	-0.21	0.78	0.09611344327630805	0.47695367740811395	0	0.09897038869822003	No-PER3D	No-Essential3D
294	E	294	12.518	-22.725	8.017	-0.21	0.777121771217712	0.1343794069619442	0.006241219472015511	0	0.09897038869822003	No-PER3D	No-Essential3D
295	A	295	15.495	-20.782	6.657	0.59	0.782222222222222	0.33071382828663703	-0.10992990989926575	0.28115185655911834	0.3357441504939309	No-PER3D	No-Essential3D
296	Q	296	13.783	-17.466	7.537	0.06	0.781549815498155	0.4559506007202401	0.5989871472527214	0.28115185655911834	0.3357441504939309	No-PER3D	No-Essential3D
297	S	297	13.024	-18.749	11.062	0.06	0.782222222222222	0.5080050939743466	0.42325171442661147	0	0.09897038869822003	No-PER3D	No-Essential3D
298	L	298	16.663	-19.837	11.518	2.18	0.791011235955056	0.6774659458992819	-0.05669594515891357	0	0.09897038869822003	No-PER3D	No-Essential3D
299	L	299	17.69	-16.326	10.548	1.92	0.785820895522388	0.6835036852398952	0.4034868528307918	0.4338179079176383	0.5977332588394924	No-PER3D	No-Essential3D
300	R	300	15.198	-14.655	12.914	1.12	0.789473684210526	0.5456653723863537	0.772109667356852	0	0.21773485513608426	No-PER3D	No-Essential3D
301	M	301	13.918	-15.083	15.654	0.32	0.789473684210526	0.39540646430864673	0.7703167856873601	0	0.21773485513608426	No-PER3D	No-Essential3D
302	L	302	16.59	-17.705	16.142	2.18	0.784269662921348	0.6710356245512339	0.1536094998726585	0	0.21773485513608426	No-PER3D	No-Essential3D
303	F	303	19.875	-15.825	15.489	1.12	0.787218045112782	0.9670567859671813	0.3176004142127054	1.8080968829977047	1	No-PER3D	No-Essential3D
304	K	304	19.166	-12.133	14.778	0.32	0.78134328358209	0.9513776963451952	0.6926575212828424	17.91764922304102	0.24143985952589975	No-PER3D	No-Essential3D
305	R	305	17.665	-11.252	18.158	0.06	0.787924528301887	0.8702870144213223	0.6740488485963557	17.91764922304102	1	No-PER3D	No-Essential3D
306	N	306	18.699	-9.992	21.604	1.38	0.782022471910112	0.8434106469979671	0.5559535516997343	17.91764922304102	1	No-PER3D	No-Essential3D
307	P	307	21.268	-12.228	23.454	0.06	0.775555555555556	0.7165873391619005	0.24820846541452726	17.91764922304102	0.4942932396839334	No-PER3D	No-Essential3D
308	A	308	18.617	-13.121	26.062	0.32	0.785660377358491	0.5596066227026164	0.2872809957939995	0	1	No-PER3D	No-Essential3D
309	N	309	16.357	-15.07	23.628	0.59	0.436477987421384	0.5520173683703878	0.27456392469778523	0	1	No-PER3D	No-Essential3D
310	R	310	18.86	-15.966	20.909	2.18	0.656603773584906	0.8213057009735282	0.1900040267285328	17.91764922304102	0.4942932396839334	No-PER3D	No-Essential3D
311	L	311	19.041	-19.575	19.629	1.38	0.656603773584906	0.5282274718322894	-0.07061485537150726	1.8080968829977047	1	No-PER3D	No-Essential3D
312	G	312	22.217	-21.005	21.125	2.18	0.652255639097744	0.5300687791701713	-0.20189575890919623	1.8080968829977047	1	No-PER3D	No-Essential3D
313	A	313	21.664	-19.522	24.555	1.12	0.43483709273183	0.4633999666197954	-0.121773696633285	0.8873009235375993	1	No-PER3D	No-Essential3D
314	G	314	22.582	-21.653	27.602	0.06	0.323970037453184	0.14510181932159616	-0.36782325951947986	0	0.4705882352941176	No-PER3D	No-Essential3D
315	P	315	25.112	-24.485	28.137	-0.74	0.327358490566038	0.0826683851101023	-0.6296379966429565	0	0.21773485513608426	No-PER3D	No-Essential3D
316	D	316	23.322	-26.745	25.66	-0.47	0.325471698113208	0.1638680671060059	-0.7783433817953825	0	0.21773485513608426	No-PER3D	No-Essential3D
317	G	317	22.579	-23.972	23.096	0.59	0.326704545454545	0.4516558318226477	-0.44562118562590636	1.8080968829977047	1	No-PER3D	No-Essential3D
318	V	318	24.286	-25.889	20.266	1.12	0.32824427480916	0.5504928893342198	-0.7852880611878961	1.3575057685170504	1	No-PER3D	No-Essential3D
319	E	319	21.793	-28.768	20.832	0.06	0.326045627376426	0.0520729377870043	-1.0483937120825875	0.8873009235375993	1	No-PER3D	No-Essential3D
320	E	320	18.768	-26.566	20.008	1.65	0.260377358490566	0.5436990153686874	-0.7075837724222207	0.4338179079176383	0.5977332588394924	No-PER3D	No-Essential3D
321	I	321	20.663	-25.229	16.918	1.65	0.25724907063197	0.556481914119166	-0.6944684096396597	0.8873009235375993	1	No-PER3D	No-Essential3D
322	K	322	21.338	-28.813	15.712	1.12	0.325187969924812	0.299095003832778	-1.2065872610013375	0.8873009235375993	1	No-PER3D	No-Essential3D
323	R	323	17.671	-29.86	15.904	0.32	0.325187969924812	0.245943554608799	-1.0188476745920538	0.8873009235375993	1	No-PER3D	No-Essential3D
324	H	324	16.373	-26.858	13.943	2.18	0.325187969924812	0.3649168835852826	-0.44805402286661344	0	0.09897038869822003	No-PER3D	No-Essential3D
325	S	325	14.095	-28.026	11.088	-0.21	0.325187969924812	0.12343816986025857	-0.43562460210155257	0	0.09897038869822003	No-PER3D	No-Essential3D
326	F	326	16.105	-26.215	8.391	1.65	0.258955223880597	0.19441814302921795	-0.7925485035046781	0	0.09897038869822003	No-PER3D	No-Essential3D
327	F	327	19.013	-28.648	8.845	1.12	0.217418546365915	0.1048286549705312	-1.3649405748264876	0.4338179079176383	0.5977332588394924	No-PER3D	No-Essential3D
328	S	328	16.83	-31.67	7.888	-0.21	0.217418546365915	0.09834626610705935	-1.4469902738124962	0	0.21773485513608426	No-PER3D	No-Essential3D
329	T	329	18.23	-33.297	4.701	0.32	0.217418546365915	0.006253873422171169	-1.7731543690208054	0	0.4705882352941176	No-PER3D	No-Essential3D
330	I	330	19.042	-36.678	3.087	0.59	0.187061994609164	-0.13288415553271904	-1.8008734978565921	0	1	No-PER3D	No-Essential3D
331	D	331	22.823	-36.299	2.553	1.12	0.187601078167116	-0.11937045858207046	-1.871286783647423	0	1	No-PER3D	No-Essential3D
332	W	332	24.237	-35.963	6.053	2.18	0.186730872124131	-0.010388356055998409	-1.8372166999438964	0	1	No-PER3D	No-Essential3D
333	N	333	23.779	-36.214	9.811	0.32	0.162174721189591	-0.00321967487401697	-1.6912280172732068	0	1	No-PER3D	No-Essential3D
334	K	334	25.809	-34.134	12.309	0.06	0.162174721189591	0.09369363528239028	-1.6271915186987669	17.91764922304102	0.4942932396839334	No-PER3D	No-Essential3D
335	L	335	28.413	-36.859	13.145	1.65	0.160845588235294	0.15140605593732934	-1.7468781769696407	0	1	No-PER3D	No-Essential3D
336	Y	336	29.408	-37.659	9.535	-0.21	0.142156862745098	0.05694280137476392	-1.8064375301202875	0	1	No-PER3D	No-Essential3D
337	R	337	28.988	-34.361	7.626	0.06	0.142156862745098	0.35218767277459767	-1.458753174603627	17.91764922304102	0.24143985952589975	No-PER3D	No-Essential3D
338	R	338	32.707	-33.791	7.114	0.32	0.141010101010101	0.4516558318226477	-1.0799969516645025	17.91764922304102	0.24143985952589975	No-PER3D	No-Essential3D
339	E	339	33.106	-37.079	5.19	0.32	0.141010101010101	0.14429946193413917	-1.1470222792295457	17.91764922304102	1	No-PER3D	No-Essential3D
340	I	340	30.121	-36.626	2.8	1.65	0.141010101010101	0.20802956299500544	-1.409946652529032	17.91764922304102	1	No-PER3D	No-Essential3D
341	H	341	30.424	-35.045	-0.679	-0.21	0.140901771336554	0.16708641173791663	-1.3312415781869862	17.91764922304102	1	No-PER3D	No-Essential3D
342	P	342	30.462	-31.198	-0.271	0.85	0.141414141414141	0.33404315031964804	-1.2629625336630987	17.91764922304102	1	No-PER3D	No-Essential3D
343	P	343	28.37	-29.134	-2.759	2.18	0.142335766423358	0.26804080124416646	-1.487630897163174	17.91764922304102	0.4942932396839334	No-PER3D	No-Essential3D
344	F	344	31.432	-27.613	-4.458	1.38	0.159545454545455	0.4237070494928975	-1.4779346957660817	1.8080968829977047	1	No-PER3D	No-Essential3D
345	K	345	34.567	-29.754	-4.829	0.32	0.160714285714286	0.33602640674601114	-1.1475861840747739	0.4338179079176383	0.5977332588394924	No-PER3D	No-Essential3D
346	P	346	37.529	-27.614	-6.062	0.59	0.142626262626263	0.3750463795683101	-1.3304478248938578	0.8839832902867896	1	No-PER3D	No-Essential3D
347	A	347	38.925	-28.371	-9.507	-0.21	0.128467153284672	0.05844722147624564	-1.387227840411977	0	0.21773485513608426	No-PER3D	No-Essential3D
348	T	348	42.731	-28.135	-9.151	0.32	0.128467153284672	0.005491633904087152	-1.4281275934983577	0	0.21773485513608426	No-PER3D	No-Essential3D
349	G	349	45.525	-28.792	-11.706	0.32	0.128467153284672	-0.6324442089232225	-1.6620839038528186	0	0.21773485513608426	No-PER3D	No-Essential3D
350	R	350	48.522	-29.214	-9.392	0.06	0.128467153284672	-0.6945960465516186	-1.560874539905121	0	0.4705882352941176	No-PER3D	No-Essential3D
351	P	351	49.457	-28.735	-5.66	0.32	0.128937728937729	0.03915721261946815	-0.8748066536857847	0.4338179079176383	0.5977332588394924	No-PER3D	No-Essential3D
352	E	352	50.311	-25.016	-6.104	0.06	0.235294117647059	0.10335335267746519	-0.24268807317945873	0.32291282404423993	0.24089343492328574	No-PER3D	No-Essential3D
353	D	353	46.969	-24.156	-7.778	2.18	0.23750419322375	0.1777013028045693	-0.8668170198683869	0.8839832902867896	1	No-PER3D	No-Essential3D
354	T	354	45.731	-20.74	-6.525	-0.21	0.239270023656641	0.2708462661371148	-0.7167157021980729	1.858299096950245	0.6764429600250497	No-PER3D	No-Essential3D
355	F	355	42.83	-20.226	-8.96	0.59	0.239057239057239	0.17562349434045849	-1.3399406016404891	0.8839832902867896	1	No-PER3D	No-Essential3D
356	Y	356	40.297	-19.747	-6.116	0.32	0.238175109023818	0.5265862862670363	-1.4141002344374243	1.3575057685170504	1	No-PER3D	No-Essential3D
357	F	357	42.243	-16.675	-4.876	2.18	0.261538461538462	0.5515323068588797	-0.8628093779105581	3.8079375785861447	0.36049902687303914	No-PER3D	No-Essential3D
358	D	358	42.342	-13.251	-6.581	0.32	0.262271062271062	0.3234544043048837	-0.9920060822117347	2.7793000985934952	0.6162994161238233	No-PER3D	No-Essential3D
359	P	359	45.675	-11.671	-7.785	-0.21	0.261090909090909	-0.3034159602668383	0.029668136177128837	2.7793000985934952	0.6162994161238233	No-PER3D	No-Essential3D
360	E	360	47.336	-8.845	-5.774	-0.74	0.261090909090909	-0.15203786649996057	0.32271111582299594	17.91764922304102	0.11648667399325874	No-PER3D	No-Essential3D
361	F	361	49.758	-5.968	-6.554	-0.74	0.291159772911598	-0.6012510224908577	-0.017545184194183074	17.91764922304102	0.24143985952589975	No-PER3D	No-Essential3D
362	T	362	50.664	-4.127	-3.298	-0.74	0.291159772911598	-0.26801784023197284	0.2565871375435818	3.8079375785861447	0.36049902687303914	No-PER3D	No-Essential3D
363	A	363	52.154	-7.371	-2.052	-0.74	0.263003663003663	-0.09127964404398153	0.6273451210120515	1.5491483519856908	0.7134441286631156	No-PER3D	No-Essential3D
364	K	364	55.441	-6.44	-3.741	-0.74	0.292226292226292	-0.38846584333727485	0.41190532986325484	1.5491483519856908	0.7134441286631156	No-PER3D	No-Essential3D
365	T	365	55.846	-3.351	-1.498	0.32	0.292226292226292	-0.9127138163418383	-0.27352612609880467	1.8080968829977047	1	No-PER3D	No-Essential3D
366	P	366	57.903	-3.785	1.694	0.59	0.262773722627737	-0.6018929084008233	-0.5106157689717262	1.8080968829977047	1	No-PER3D	No-Essential3D
367	K	367	59.832	-0.636	2.666	-0.74	0.289855072463768	-1.1509346063892212	-0.8650129325191283	0.8873009235375993	1	No-PER3D	No-Essential3D
368	D	368	59.507	0.495	6.31	-0.74	0.289855072463768	-0.8623725031145257	-0.899972960255655	0.8873009235375993	1	No-PER3D	No-Essential3D
369	S	369	61.969	0.064	9.246	-0.74	0.289855072463768	-1.1019975482534017	-1.1546326363754627	0	0.4705882352941176	No-PER3D	No-Essential3D
370	P	370	62.167	1.083	12.972	-0.74	0.288808664259928	-1.4115809247159017	-0.6655593082575711	0	0.21773485513608426	No-PER3D	No-Essential3D
371	G	371	64.031	4.329	13.709	-0.74	0.289855072463768	-2.047110496936672	-0.6721796788784764	0	0.4705882352941176	No-PER3D	No-Essential3D
372	I	372	67.461	3.821	15.373	-0.74	0.163321167883212	-2.198584109440152	0.1873977519886993	0	0.04415601957305206	No-PER3D	No-Essential3D
373	P	373	66.882	4.189	19.206	-0.74	0.163181818181818	-2.2015382434576067	0.3661549308924723	0	0.01931825856321025	No-PER3D	No-Essential3D
374	P	374	68.708	6.546	21.595	-0.74	0.29010101010101	-2.1343955184435957	0.5302332175014478	0	0.01931825856321025	No-PER3D	No-Essential3D
375	S	375	67.926	4.879	24.974	-0.74	0.288244766505636	-2.017214869084542	0.6240767785494633	0	0.01931825856321025	No-PER3D	No-Essential3D
376	A	376	65.908	1.655	24.94	-0.74	0.324275362318841	-2.0953577455538634	0.7119998666913321	0	0.01931825856321025	No-PER3D	No-Essential3D
377	N	377	62.489	1.234	23.307	-0.74	0.48601083032491	-2.02714708098685	0.24490623785268942	0	0.4705882352941176	No-PER3D	No-Essential3D
378	A	378	62.093	-2.583	23.507	-0.74	0.652727272727273	-2.0439384442837754	0.4403294405628899	0.8873009235375993	1	No-PER3D	No-Essential3D
379	H	379	60.473	-3.05	20.052	-0.74	0.65036231884058	-1.518987402264116	-0.2751099044742861	0.8873009235375993	1	No-PER3D	No-Essential3D
380	Q	380	61.188	-6.804	20.065	-0.74	0.646209386281588	-1.4358340002913048	0.09956339869990453	0.4338179079176383	0.5977332588394924	No-PER3D	No-Essential3D
381	L	381	59.141	-7.874	23.141	-0.74	0.722624798711755	-1.7002915162084058	0.5684932774160358	0.15810045834448094	0.09230892022814759	No-PER3D	No-Essential3D
382	F	382	57.305	-10.403	20.89	-0.74	0.786131386861314	-1.0813014474063503	0.06211543802837989	0.4960625808729409	0.4604844629312453	No-PER3D	No-Essential3D
383	R	383	59.086	-13.129	22.902	-0.74	0.727899432278994	-1.51231780648088	0.4969828208958636	0.15810045834448094	0.09230892022814759	No-PER3D	No-Essential3D
384	G	384	57.666	-16.677	22.807	-0.74	0.727899432278994	-1.462925915127608	0.7271709132964527	0.4960625808729409	0.4604844629312453	No-PER3D	No-Essential3D
385	F	385	56.251	-16.487	19.311	-0.74	0.727272727272727	-0.8950943567122789	0.018142677082453595	1.127024637351881	1	No-PER3D	No-Essential3D
