Uniprot_position	aminoacid	Position_in_structure	x	y	z	paraz	mtr	paraz3dscore	mtr3dscore	PER3D_OR	PER3D_pvalue	PER3D	Essential3D
2	S	2	105.997	27.376	106.948	-1.3	0.331481481481482	-0.7625404561487625	-1.4401140817967362	0	1	No-PER3D	No-Essential3D
3	E	3	104.124	30.644	106.077	-0.1	0.329225352112676	-0.16547509137531055	-1.1816254310157561	0	1	No-PER3D	No-Essential3D
4	L	4	100.662	29.046	106.443	0.7	0.331081081081081	-0.16547509137531055	-1.1816254310157561	0	1	No-PER3D	No-Essential3D
5	E	5	101.869	27.748	109.845	-1.7	0.329032258064516	0.5039618327646204	-1.1493262163445248	0	1.0000000000000002	No-PER3D	No-Essential3D
6	Q	6	103.641	30.976	111.039	-0.9	0.330745341614907	0.23256848514032405	-1.2009440890052285	0	1.0000000000000002	No-PER3D	No-Essential3D
7	L	7	100.534	33.067	110.215	1.5	0.525443786982249	-0.15016572304778616	-1.2431330670360092	0	1.0000000000000002	No-PER3D	No-Essential3D
8	R	8	98.084	30.53	111.72	0.7	0.529479768786127	-0.6203820359646073	-1.32832413313363	0	1.0000000000000002	No-PER3D	No-Essential3D
9	Q	9	100.284	30.505	114.851	0.3	0.531843575418994	-1.027902840492519	-1.3351774756327937	0	1.0000000000000002	No-PER3D	No-Essential3D
10	E	10	100.037	34.362	114.857	-0.5	0.536956521739131	-0.7625404561487625	-1.260105700815274	0	1	No-PER3D	No-Essential3D
11	A	11	96.235	34.075	114.305	1.5	0.449122807017544	-0.5137632208264908	-1.2702890514560095	0	1	No-PER3D	No-Essential3D
12	E	12	95.833	32.253	117.651	1.5	0.446700507614213	-1.011317691471034	-1.1285522943575421	0	1	No-PER3D	No-Essential3D
13	Q	13	98.086	34.676	119.602	-0.5	0.382352941176471	-0.49717807180500606	-1.033812291020848	0	1	No-PER3D	No-Essential3D
14	L	14	95.9	37.523	118.282	-0.9	0.383673469387755	-0.7625404561487625	-0.8812370692419564	0	1.0000000000000002	No-PER3D	No-Essential3D
15	R	15	92.657	35.575	119.039	-1.3	0.336805555555556	-2.050328497816992	-0.7165979197312601	0	1	No-PER3D	No-Essential3D
16	N	16	94.072	35.007	122.598	-1.3	0.405405405405405	-1.9566711856956662	-0.9666995260600852	0	1	No-PER3D	No-Essential3D
17	Q	17	94.839	38.752	123.1	-0.5	0.408370044052863	-2.487395954383179	-1.014486487865637	0	1	No-PER3D	No-Essential3D
18	I	18	91.199	39.444	122.126	0.7	0.405957446808511	-1.6671849482297503	-0.26979961825127063	0	1	No-PER3D	No-Essential3D
19	R	19	89.799	36.802	124.562	-1.7	0.407053941908714	-2.5796959141549207	-0.17664367546330417	0	1	No-PER3D	No-Essential3D
20	D	20	92.113	38.022	127.366	0.7	0.408097165991903	-3.221044899333564	-0.6961839048005339	0	1	No-PER3D	No-Essential3D
21	A	21	91.324	41.749	126.81	-1.7	0.487012987012987	-3.5722598197885356	-0.3968831161244377	0	1	No-PER3D	No-Essential3D
22	R	22	87.573	40.893	126.857	-0.5	0.454311454311454	-1.305327151397355	0.24718616635835453	0	1	No-PER3D	No-Essential3D
23	K	23	88.11	38.809	130.049	-0.9	0.513081395348837	-2.857506648336313	0.12988318851146508	0	1	No-PER3D	No-Essential3D
24	A	24	89.934	41.814	131.629	-1.3	0.482900136798906	-3.1508019152425697	-0.035407326336270105	0	1	No-PER3D	No-Essential3D
25	C	25	86.749	43.933	131.16	0.3	0.475527615626403	-1.6005269330237826	0.44708755026393754	0	1	No-PER3D	No-Essential3D
26	G	26	84.355	41.238	132.521	-2.1	0.506679389312977	-1.3596058209222144	0.49577934269294743	0	1	No-PER3D	No-Essential3D
27	D	27	84.341	42.452	136.132	-1.3	0.544061302681992	-1.8998078176220041	0.25088662826982355	0	1.0000000000000002	No-PER3D	No-Essential3D
28	S	28	80.585	41.983	136.594	-0.9	0.544061302681992	-2.6283697210658	0.4282688530915415	0	1.0000000000000002	No-PER3D	No-Essential3D
29	T	29	77.563	40.739	134.676	-0.1	0.543511450381679	-1.022134093006785	0.9754056686802677	0	1	No-PER3D	No-Essential3D
30	L	30	74.594	42.726	133.397	1.5	0.547126436781609	-1.5586276091800315	1.0397570363804094	0	1	No-PER3D	No-Essential3D
31	T	31	72.289	40.393	135.457	-2.5	0.516346153846154	-1.4862560498135526	0.9430094790493793	0	1	No-PER3D	No-Essential3D
32	Q	32	74.29	41.343	138.608	-0.1	0.458974358974359	-2.518615058423621	0.7418529108687745	0	1	No-PER3D	No-Essential3D
33	I	33	74.024	45.101	137.716	0.7	0.462033462033462	-2.2220335700394225	0.6625684849555618	0	1	No-PER3D	No-Essential3D
34	T	34	70.253	44.923	136.976	-0.5	0.510121457489879	-1.6154909772536938	0.6388472421749736	0	1	No-PER3D	No-Essential3D
35	A	35	69.58	42.65	139.974	-1.3	0.512091038406828	-1.2308270167553914	0.5761125014878843	0	1	No-PER3D	No-Essential3D
36	G	36	68.124	45.438	142.182	-1.7	0.510121457489879	-1.7576493974378489	0.20082397602395613	0	1	No-PER3D	No-Essential3D
37	L	37	65.664	47.037	139.717	-0.1	0.510668563300142	-0.6381518384876266	-0.10387706197025977	0	1	No-PER3D	No-Essential3D
38	D	38	61.976	45.991	139.598	0.7	0.438935175777281	-0.7625404561487625	0.12629274246370775	0	1	No-PER3D	No-Essential3D
39	P	39	60.79	43.243	137.206	-0.9	0.438188494492044	-1.8481138466459475	0.3242037949298621	0	1	No-PER3D	No-Essential3D
40	V	40	58.463	44.461	134.406	-0.5	0.414671814671815	-0.8573127362715326	0.3974627064567477	0	1	No-PER3D	No-Essential3D
41	G	41	55.718	42.088	135.647	1.1	0.375524475524476	-0.6454688159971051	0.23379263760739036	0	1	No-PER3D	No-Essential3D
42	R	42	53.495	40.078	133.355	0.3	0.390403489640131	-0.389374603165355	0.28895878990177143	0	1	No-PER3D	No-Essential3D
43	I	43	53.333	41.523	129.824	-0.1	0.384905660377358	-0.12928931169207106	0.19702941544564959	0	1	No-PER3D	No-Essential3D
44	Q	44	49.994	40.343	128.395	-1.7	0.406818181818182	-1.011317691471034	0.5833003832982214	0	1	No-PER3D	No-Essential3D
45	M	45	49.567	41.783	124.912	0.7	0.406818181818182	-0.5966889659339147	0.7337697518681993	0	1	No-PER3D	No-Essential3D
46	R	46	46.664	40.723	122.709	-1.3	0.427805362462761	-0.6630295620198537	0.7593660321696378	0	1	No-PER3D	No-Essential3D
47	T	47	45.865	40.598	118.994	-0.1	0.399239543726236	0.18518234507893894	0.8016784058984052	0	1	No-PER3D	No-Essential3D
48	R	48	44.241	43.899	117.991	-0.1	0.400763358778626	0.84858830593833	0.03309431489479094	0	1	No-PER3D	No-Essential3D
49	R	49	44.335	43.253	114.228	1.5	0.401476179825542	1.3072861417325377	-0.37096053040360405	1	0.07608695652173914	No-PER3D	No-Essential3D
50	T	50	44.688	40.229	111.923	-0.5	0.380619168787108	1.511994266797721	-0.3280891482672299	1	0.06521739130434782	No-PER3D	No-Essential3D
51	L	51	45.898	41.16	108.425	1.5	0.431058635181109	1.6959639870360395	-0.6804907797034826	1	0.07608695652173914	No-PER3D	No-Essential3D
52	R	52	44.586	38.928	105.633	0.7	0.36125786163522	1.364933832124457	-0.9823815296481901	1	0.06521739130434782	No-PER3D	No-Essential3D
53	G	53	45.436	38.881	101.956	1.1	0.38961038961039	0.12962618086903924	-1.1103071283009622	1	0.06521739130434782	No-PER3D	No-Essential3D
54	H	54	48.588	36.869	101.507	-1.3	0.293318848451928	0.5837834055952956	-0.9901014677794572	1	0.05434782608695653	No-PER3D	No-Essential3D
55	L	55	47.824	33.491	99.957	-0.9	0.291396103896104	0.8658196295970154	-0.8036452107403154	1	0.043478260869565244	No-PER3D	No-Essential3D
56	A	56	50.896	31.726	101.34	-0.1	0.359899749373434	0.5387558516908121	-0.7129142570697832	1	0.043478260869565244	No-PER3D	No-Essential3D
57	K	57	53.752	32.022	103.892	0.7	0.337406015037594	0.7854067858564832	-0.36451503934635604	1	0.06521739130434782	No-PER3D	No-Essential3D
58	I	58	54.934	35.465	105.019	0.7	0.314310798946444	1.0425408792128363	-0.4820300394952358	1	0.07608695652173914	No-PER3D	No-Essential3D
59	Y	59	58.726	35.829	105.121	-0.1	0.25234962406015	1.006542106142947	-0.5421990366855016	0	1	No-PER3D	No-Essential3D
60	A	60	59.341	39.438	106.043	0.7	0.251404494382023	1.2276774264294106	-0.6098964166672625	0	1	No-PER3D	No-Essential3D
61	M	61	57.781	42.639	107.257	0.3	0.250466417910448	1.0203630636608507	-0.6220989737777951	0	0.9999999999999999	No-PER3D	No-Essential3D
62	H	62	58.871	46.206	107.92	-0.9	0.264684014869888	0.48134572046259566	-0.9782168617659067	0	1	No-PER3D	No-Essential3D
63	W	63	57	49.11	109.638	0.7	0.304002270791939	0.41349738355652155	-0.7470422336028179	0	0.9999999999999999	No-PER3D	No-Essential3D
64	G	64	56.955	52.571	108.098	0.7	0.403846153846154	0.4667117654436384	-1.2945190575800534	0	1	No-PER3D	No-Essential3D
65	T	65	58.33	55.415	110.293	-0.9	0.328413284132841	0.06671699492547625	-1.212959002941786	0	1	No-PER3D	No-Essential3D
66	D	66	54.743	56.764	110.608	0.7	0.332089552238806	0.06671699492547625	-1.1588704288641507	0	1	No-PER3D	No-Essential3D
67	S	67	53.96	53.687	112.827	-0.9	0.333333333333333	0.23256848514032405	-0.7946336716075403	0	1	No-PER3D	No-Essential3D
68	R	68	50.841	53.081	110.738	-0.1	0.330855018587361	-0.1405973678430834	-0.8945674972512466	0	0.9999999999999999	No-PER3D	No-Essential3D
69	L	69	51.754	51.587	107.372	-1.3	0.436654366543665	0.49443925916376774	-1.313367405076775	0	1	No-PER3D	No-Essential3D
70	L	70	53.897	48.474	106.91	1.1	0.438271604938272	0.699660437173977	-0.9411610028767743	0	1	No-PER3D	No-Essential3D
71	V	71	55.216	46.242	104.062	0.7	0.435049019607843	0.49657697976804077	-1.1350058814743067	0	1	No-PER3D	No-Essential3D
72	S	72	54.914	42.487	104.079	-0.1	0.474598930481283	0.8086841879919002	-0.936848052111695	1	0.11956521739130427	No-PER3D	No-Essential3D
73	A	73	56.68	40.025	101.718	-0.9	0.500140884756269	0.7203669857722291	-1.2187277250687651	0	1	No-PER3D	No-Essential3D
74	S	74	55.311	36.591	100.885	-0.1	0.464416535845107	0.5491940573686698	-1.0681479947262935	1	0.06521739130434782	No-PER3D	No-Essential3D
75	Q	75	55.736	33.252	99.114	-0.1	0.493055555555556	0.17037417630975607	-1.2448787473645622	0	1.0000000000000002	No-PER3D	No-Essential3D
76	D	76	52.655	34.224	97.002	1.5	0.462339917516822	-0.478223615780452	-1.515317776859437	0	1.0000000000000002	No-PER3D	No-Essential3D
77	G	77	54.932	36.546	94.927	-0.1	0.462339917516822	0.072067042996923	-1.549249365787944	0	1	No-PER3D	No-Essential3D
78	K	78	53.45	39.768	96.323	-0.9	0.465359477124183	0.1772846550687081	-1.5540859629134323	0	1	No-PER3D	No-Essential3D
79	L	79	54.286	42.681	98.534	0.7	0.414035087719298	0.5228085930163076	-1.6044348759240992	0	1	No-PER3D	No-Essential3D
80	I	80	51.355	44.136	100.472	1.1	0.416374269005848	0.9736070584407076	-1.344912805360534	1	0.1304347826086957	No-PER3D	No-Essential3D
81	I	81	51.36	47.607	102.051	-0.9	0.434676434676435	1.1329051463066404	-1.3637111482619717	1	0.108695652173913	No-PER3D	No-Essential3D
82	W	82	48.653	47.785	104.738	1.5	0.387799564270153	0.6897807014082827	-1.3286906221035413	1	0.108695652173913	No-PER3D	No-Essential3D
83	D	83	46.977	50.492	106.839	1.5	0.366584056175134	1.1539656530005893	-1.4734482255829104	1	0.08695652173913047	No-PER3D	No-Essential3D
84	S	84	47.299	48.862	110.318	0.3	0.370024875621891	0.8055099967916164	-0.9167154560824271	1	0.108695652173913	No-PER3D	No-Essential3D
85	Y	85	44.738	51.313	111.774	0.7	0.389596136962248	0.8658196295970154	-1.1479959858252498	0	1	No-PER3D	No-Essential3D
86	T	86	41.884	50.257	109.455	-0.1	0.413945895522388	1.2276774264294106	-1.4536529495048633	0	1	No-PER3D	No-Essential3D
87	T	87	43.003	46.802	108.125	1.5	0.355889724310777	1.0684599958231569	-1.119695371563304	1	0.07608695652173914	No-PER3D	No-Essential3D
88	N	88	42.888	48.252	104.537	-0.1	0.381310418904404	1.2276774264294106	-1.4591209708231456	1	0.05434782608695653	No-PER3D	No-Essential3D
89	K	89	45.404	47.416	101.8	-0.9	0.446540880503145	0.8130487008922913	-1.4198671665139597	1	0.06521739130434782	No-PER3D	No-Essential3D
90	V	90	47.093	50.597	100.527	-1.3	0.467515364354697	0.5111989887012683	-1.2361850915347377	0	1	No-PER3D	No-Essential3D
91	H	91	48.837	48.579	97.796	-0.9	0.436654366543665	0.019330854864091217	-1.0504792473321856	0	1	No-PER3D	No-Essential3D
92	A	92	49.291	45.033	96.528	-0.1	0.436654366543665	0.23256848514032405	-1.141127712258456	1	0.07608695652173914	No-PER3D	No-Essential3D
93	I	93	52.472	44.793	94.395	-0.1	0.439900867410161	-0.3322230761318602	-1.146958329377639	0	1	No-PER3D	No-Essential3D
94	P	94	52.901	41.561	92.347	0.3	0.393333333333333	-1.1452746643368727	-1.2682575803473686	0	1	No-PER3D	No-Essential3D
95	L	95	56.604	40.807	91.806	0.7	0.345029239766082	0.2627233015430236	-1.2375348582520733	0	1	No-PER3D	No-Essential3D
96	R	96	58.609	39.616	88.77	-1.3	0.347290158481706	-0.20527944902687406	-1.2662480567327654	0	1	No-PER3D	No-Essential3D
97	S	97	60.216	36.8	90.779	-1.7	0.348905972797161	-0.1501657230477862	-1.2187929407857352	0	1	No-PER3D	No-Essential3D
98	S	98	58.032	34.598	93.015	0.7	0.346311876345138	0.31549423024774786	-1.3647299915994138	0	1	No-PER3D	No-Essential3D
99	W	99	60.949	33.906	95.371	0.7	0.375661375661376	0.48134572046259566	-1.6091613395815016	0	1	No-PER3D	No-Essential3D
100	V	100	61.041	37.07	97.558	0.7	0.327490774907749	0.6306120616559587	-1.6185447330486664	0	1	No-PER3D	No-Essential3D
101	M	101	62.595	36.61	101.046	-0.5	0.311017395888245	0.8658196295970154	-1.1540465672223914	0	1	No-PER3D	No-Essential3D
102	T	102	62.738	40.184	102.334	-0.5	0.327777777777778	0.6771916291205543	-1.0479830676692559	0	1	No-PER3D	No-Essential3D
103	C	103	61.315	43.681	102.222	1.5	0.346978557504873	1.0652106605046618	-1.342450814516671	0	1	No-PER3D	No-Essential3D
104	A	104	61.992	47.195	103.466	1.5	0.293532338308458	0.7102207769590854	-1.354830338743283	0	1	No-PER3D	No-Essential3D
105	Y	105	60.113	50.494	103.779	1.1	0.366915422885572	0.7753551803889166	-1.4171484952066813	0	1	No-PER3D	No-Essential3D
106	A	106	62.129	53.661	103.116	0.3	0.332089552238806	1.2276774264294106	-1.2697343682106472	0	1	No-PER3D	No-Essential3D
107	P	107	62.127	56.317	105.983	1.5	0.329925650557621	0.19825438371656243	-1.2041795884670439	0	1	No-PER3D	No-Essential3D
108	S	108	60.416	58.778	103.546	-0.1	0.439900867410161	0.44889651585534274	-1.3193972461642454	0	1	No-PER3D	No-Essential3D
109	G	109	57.461	56.455	102.823	1.5	0.419869899467771	0.6590437456927896	-1.455286573635618	0	1	No-PER3D	No-Essential3D
110	N	110	58.03	57.061	99.069	-0.1	0.469266358228685	-0.28214303621610004	-1.154954621077524	0	1	No-PER3D	No-Essential3D
111	F	111	59.711	53.707	98.378	-0.9	0.469266358228685	0.04430463138292929	-1.0326693554391937	0	1	No-PER3D	No-Essential3D
112	V	112	59.807	50.034	99.294	0.7	0.469266358228685	0.1716434479185432	-1.2601783482004758	0	1	No-PER3D	No-Essential3D
113	A	113	62.414	47.409	98.43	1.5	0.469266358228685	0.19571259842591343	-1.3589500743900917	0	0.9999999999999999	No-PER3D	No-Essential3D
114	C	114	62.432	43.606	98.224	0.3	0.489848216045732	0.26810809018636284	-1.4925738185858672	0	0.9999999999999999	No-PER3D	No-Essential3D
115	G	115	64.173	40.555	96.752	1.5	0.489848216045732	0.08436077048024732	-1.512728973523236	0	1	No-PER3D	No-Essential3D
116	G	116	65.231	36.937	97.244	0.3	0.460185185185185	0.3818348263336869	-1.35420802501786	0	1	No-PER3D	No-Essential3D
117	L	117	66.464	34.016	95.072	-0.5	0.439900867410161	-0.07625842767353039	-1.454845660203728	0	1	No-PER3D	No-Essential3D
118	D	118	66.514	36.365	92.056	1.5	0.437037037037037	0.29890908122626314	-1.7671989720076131	0	1	No-PER3D	No-Essential3D
119	N	119	69.664	37.866	93.748	-0.5	0.438661710037175	0.007866466139562586	-1.489001001960743	0	1	No-PER3D	No-Essential3D
120	I	120	68.237	41.34	92.985	-0.9	0.419481539670071	0.5284116839019443	-1.5438849681778946	0	1	No-PER3D	No-Essential3D
121	C	121	67.254	44.095	95.408	0.7	0.390693590869184	0.5770292725096233	-1.1652863273285703	0	1	No-PER3D	No-Essential3D
122	S	122	64.26	45.657	93.606	-0.9	0.470588235294118	-0.14652063535075652	-1.3144420342935652	0	1	No-PER3D	No-Essential3D
123	I	123	63.069	49.198	94.382	0.7	0.444444444444444	0.40246513365309483	-1.0133409788779801	0	1	No-PER3D	No-Essential3D
124	Y	124	59.395	50.185	93.986	-0.1	0.447368421052632	-0.09913449528937149	-1.1572362781131795	0	1	No-PER3D	No-Essential3D
125	S	125	58.322	53.845	93.669	-0.1	0.50046992481203	-1.3403456478650064	-0.8410893932295183	0	1	No-PER3D	No-Essential3D
126	L	126	55.074	54.313	95.62	0.3	0.505188679245283	-1.027902840492519	-0.9023162202822499	0	1	No-PER3D	No-Essential3D
127	K	127	54.02	57.836	94.533	-0.9	0.475935828877005	-2.255203868082392	-0.7586905427530728	0	1	No-PER3D	No-Essential3D
128	T	128	54.766	58.274	90.765	-1.3	0.520964360587002	-2.8854395308988137	-0.7358540050189816	0	1.0000000000000002	No-PER3D	No-Essential3D
129	R	129	54.012	61.248	88.51	-0.5	0.489395129615082	-2.1556929739534834	-0.5951924014971803	0	1.0000000000000002	No-PER3D	No-Essential3D
130	E	130	51.284	59.064	86.945	-0.1	0.46883230904302	-2.1556929739534834	-0.5951924014971803	0	1.0000000000000002	No-PER3D	No-Essential3D
131	G	131	49.929	57.824	90.369	-0.1	0.442786069651741	-2.255203868082392	-0.6184361587331422	0	1.0000000000000002	No-PER3D	No-Essential3D
132	N	132	51.018	54.176	89.826	-0.1	0.424230387288977	-2.863325998870167	-0.7742391135012249	0	1	No-PER3D	No-Essential3D
133	V	133	53.304	51.685	91.603	0.3	0.4	-1.604555714162605	-0.8957043250012218	0	1	No-PER3D	No-Essential3D
134	R	134	56.309	50.71	89.478	-1.3	0.397026022304833	-1.8682170575810808	-0.9712335939579654	0	1	No-PER3D	No-Essential3D
135	V	135	59.911	49.405	89.6	-1.7	0.417543859649123	-1.3994101785737778	-1.0389419039260408	0	1	No-PER3D	No-Essential3D
136	S	136	62.325	52.368	89.695	-1.3	0.36490364903649	-1.5280088725249827	-0.7110986867856691	0	1	No-PER3D	No-Essential3D
137	R	137	65.431	50.187	89.902	-0.9	0.363562091503268	-0.07625842767353039	-0.633652749015402	0	1	No-PER3D	No-Essential3D
138	E	138	66.656	46.57	89.97	-0.5	0.384615384615385	0.09988729296844588	-0.9522411736912073	0	1	No-PER3D	No-Essential3D
139	L	139	70.069	46.519	91.737	-0.1	0.263468634686347	0.6897807014082827	-0.6157851460447693	0	1	No-PER3D	No-Essential3D
140	P	140	72.156	43.49	90.437	-0.5	0.263468634686347	0.8845364121917945	-0.8243592163972466	0	1	No-PER3D	No-Essential3D
141	G	141	75.715	42.752	91.594	0.3	0.264444444444445	0.2668825865640857	-0.3695682186152697	0	1	No-PER3D	No-Essential3D
142	H	142	75.066	40.198	94.305	1.5	0.33271375464684	0.8959744459997152	-0.2229276104286835	0	1	No-PER3D	No-Essential3D
143	T	143	76.023	36.648	93.305	0.3	0.310831343607554	0.795021364999373	-0.6463746032633617	0	1	No-PER3D	No-Essential3D
144	G	144	73.713	35.146	95.936	-0.1	0.348927875243665	0.9433605860611001	-0.388201968593516	0	1	No-PER3D	No-Essential3D
145	Y	145	70.22	35.537	97.357	-0.1	0.333333333333333	0.700855045746953	-0.6854888498392672	0	1	No-PER3D	No-Essential3D
146	L	146	68.981	38.772	98.933	1.1	0.33364312267658	1.046748528013213	-0.7969827566004957	0	1	No-PER3D	No-Essential3D
147	S	147	68.416	37.985	102.652	-0.5	0.355885997521685	1.3123675490923117	-0.30935424947574225	0	1	No-PER3D	No-Essential3D
148	C	148	67.761	41.491	104.025	-0.9	0.385232744783307	1.190821539715	-0.44322679845150625	0	1	No-PER3D	No-Essential3D
149	C	149	67.847	45.147	103.06	0.3	0.445273631840796	1.3123675490923117	-0.6714276164189771	0	1	No-PER3D	No-Essential3D
150	R	150	67.418	48.561	104.727	-1.3	0.414351851851852	1.011349395714392	-0.4591770306317905	0	1	No-PER3D	No-Essential3D
151	F	151	67.235	52.135	103.35	1.5	0.415509259259259	0.8793892969782303	-0.4842584747612502	0	1	No-PER3D	No-Essential3D
152	L	152	69.307	54.991	104.755	-0.5	0.466247015411331	-0.31313641814723947	0.17662947947640242	0	1	No-PER3D	No-Essential3D
153	D	153	67.545	57.558	102.582	-0.5	0.41589219330855	0.8449432182413004	-0.35989466620821026	0	1	No-PER3D	No-Essential3D
154	D	154	65.677	57.597	99.191	-0.9	0.44361833952912	1.1590492235818874	-0.7702216490781835	0	1	No-PER3D	No-Essential3D
155	N	155	68.936	56.996	97.18	-0.9	0.442379182156134	0.5214710809984459	-0.40519100568802097	0	1	No-PER3D	No-Essential3D
156	Q	156	70.841	54.599	99.523	-0.1	0.439506172839506	0.3747269053244792	-0.12951318198307618	0	1	No-PER3D	No-Essential3D
157	I	157	70.244	51.062	100.723	1.5	0.442786069651741	0.7411797217991904	-0.11375358210284472	0	1	No-PER3D	No-Essential3D
158	I	158	72.249	48.341	102.521	0.7	0.496282527881041	0.7301229557848674	0.394467629138196	0	1	No-PER3D	No-Essential3D
159	T	159	71.781	44.718	101.364	-0.5	0.499533582089552	0.9078209810150614	0.09038143624192412	0	1	No-PER3D	No-Essential3D
160	S	160	72.862	41.369	102.857	0.3	0.526937269372694	0.9648184608058784	0.2912308648047462	0	1	No-PER3D	No-Essential3D
161	S	161	73.314	38.298	100.685	0.3	0.526937269372694	1.006542106142947	0.3736204601846773	0	1	No-PER3D	No-Essential3D
162	G	162	73.792	34.504	100.726	1.5	0.527407407407408	0.9935341461260961	0.579082978283863	0	1	No-PER3D	No-Essential3D
163	D	163	76.989	35.099	98.701	-0.9	0.615308641975309	0.7140728115705273	0.8087300287391895	0	1	No-PER3D	No-Essential3D
164	T	164	78.504	36.031	102.157	-0.1	0.654411764705882	1.1673677936240117	1.6042165587475339	0	1	No-PER3D	No-Essential3D
165	T	165	78.684	39.806	101.437	0.3	0.654411764705882	1.0381328661838705	1.205611529922217	0	1	No-PER3D	No-Essential3D
166	C	166	76.863	42.852	102.532	1.5	0.653284671532847	0.8449432182413004	1.1864746910674056	0	0.9999999999999999	No-PER3D	No-Essential3D
167	A	167	76.821	45.952	100.357	-0.1	0.650909090909091	1.4440054571444294	0.5026856852217801	0	1	No-PER3D	No-Essential3D
168	L	168	75.662	49.615	100.161	1.1	0.600477897252091	0.45872960816057096	0.6102948487288243	0	1	No-PER3D	No-Essential3D
169	W	169	74.302	50.993	96.903	1.1	0.60431654676259	0.44206510435907914	-0.10506283492019132	0	1	No-PER3D	No-Essential3D
170	D	170	73.755	54.31	95.205	1.5	0.610386473429952	-0.09913449528937142	-0.046782853783579756	0	1	No-PER3D	No-Essential3D
171	I	171	70.186	53.724	93.864	0.3	0.610386473429952	-0.20279167667365128	-0.4310244616708758	0	1	No-PER3D	No-Essential3D
172	E	172	70.295	56.309	90.995	0.3	0.578525641025641	-0.2387989081018748	-0.23733006052305203	0	1	No-PER3D	No-Essential3D
173	T	173	73.561	54.895	89.544	-0.5	0.527007299270073	-0.6381518384876266	-0.2579429903527489	0	1	No-PER3D	No-Essential3D
174	G	174	72.578	51.304	90.515	1.1	0.568802521008403	0.2723728427918875	-0.46476969503739773	0	1	No-PER3D	No-Essential3D
175	Q	175	76.109	50.464	91.684	1.5	0.553002450980392	0.48134572046259566	-0.1673696618461202	0	1	No-PER3D	No-Essential3D
176	Q	176	77.604	49.066	94.897	-0.9	0.617094017094017	0.8591185592853045	0.2519158583087067	0	1	No-PER3D	No-Essential3D
177	T	177	79.385	52.064	96.51	-1.3	0.576739245884227	0.5387558516908123	0.6337039047076416	0	1	No-PER3D	No-Essential3D
178	V	178	80.956	49.79	99.161	-1.7	0.630348258706468	0.6704164193075222	1.1458459576037483	0	1	No-PER3D	No-Essential3D
179	G	179	81.148	45.99	99.538	-0.5	0.588754646840149	1.1634768495720502	1.3054740085827798	0	1	No-PER3D	No-Essential3D
180	F	180	81.464	44.579	103.054	0.3	0.63328230920621	0.5991875687731454	1.8543590393519818	0	0.9999999999999999	No-PER3D	No-Essential3D
181	A	181	83.467	41.341	102.782	-2.1	0.679245283018868	0.8845364121917945	2.1337010456514354	0	1	No-PER3D	No-Essential3D
182	G	182	84.483	39.32	105.834	1.5	0.754716981132075	0.5413953979541785	2.658671136684847	0	1	No-PER3D	No-Essential3D
183	H	183	81.699	36.848	106.645	1.5	0.714995034756703	1.2276774264294106	2.4935516324750795	0	1	No-PER3D	No-Essential3D
184	S	184	82.519	33.233	105.711	-0.1	0.715709728867624	0.4488965158553429	2.829341481029326	0	1	No-PER3D	No-Essential3D
185	G	185	78.903	32.024	105.489	1.1	0.710328452710724	1.156598216337333	2.007535146349892	0	1	No-PER3D	No-Essential3D
186	D	186	75.471	33.214	104.247	-0.9	0.710328452710724	0.8764625059744388	1.399233007604731	0	1	No-PER3D	No-Essential3D
187	V	187	74.499	36.635	105.64	0.3	0.646900269541779	0.6259836479755442	1.2328842075809354	0	1	No-PER3D	No-Essential3D
188	M	188	70.9	36.544	106.904	0.7	0.615174299384826	0.8889169357778067	0.5078393904244729	0	1	No-PER3D	No-Essential3D
189	S	189	70.162	39.883	108.513	-0.1	0.602798507462687	0.4315902733981413	0.2521190246291933	0	1	No-PER3D	No-Essential3D
190	L	190	71.441	43.359	108.996	1.5	0.571428571428571	1.1032888087682746	0.37895071949730125	0	1	No-PER3D	No-Essential3D
191	S	191	70.329	46.237	111.19	-1.7	0.54188679245283	0.1911056125866121	0.25278990333796814	0	1	No-PER3D	No-Essential3D
192	L	192	71.322	49.913	110.935	-0.5	0.578410311493018	-0.18642475329718605	0.2640123088303621	0	1	No-PER3D	No-Essential3D
193	A	193	72.393	51.923	113.963	-0.9	0.617495711835334	-0.1847352644325187	0.43156955760830673	0	0.9999999999999999	No-PER3D	No-Essential3D
194	P	194	70.127	55.025	114.651	-0.1	0.649350649350649	-2.119507194270244	-0.06238453702000119	0	1	No-PER3D	No-Essential3D
195	D	195	72.565	57.461	112.97	-2.1	0.644468313641246	-1.076785384976895	0.6385626716720516	0	1	No-PER3D	No-Essential3D
196	G	196	73.312	55.192	109.912	-0.9	0.648697214734951	0.19276412748876062	0.807553624842632	0	0.9999999999999999	No-PER3D	No-Essential3D
197	R	197	77.042	55.467	110.684	-0.9	0.648428594691418	-1.141629576639843	1.6785799285636729	0	0.9999999999999999	No-PER3D	No-Essential3D
198	T	198	77.507	51.788	111.615	-0.5	0.70044776119403	-0.23571807546630485	1.2691944579505965	0	0.9999999999999999	No-PER3D	No-Essential3D
199	F	199	75.529	48.653	110.984	0.3	0.733082706766917	-0.057671622735659525	0.9481599612474495	0	1	No-PER3D	No-Essential3D
200	V	200	75.578	45.046	112.275	-0.1	0.72830836454432	0.38566216841556805	0.9323881448338318	0	1	No-PER3D	No-Essential3D
201	S	201	75.136	41.883	110.199	1.5	0.733805031446541	0.42460705275751615	1.2157288167089024	0	1	No-PER3D	No-Essential3D
202	G	202	74.409	38.263	111.035	1.5	0.759973945611464	0.9214900598789224	1.0101999966106074	0	1	No-PER3D	No-Essential3D
203	A	203	75.41	35.2	109.207	0.3	0.790807705305847	0.6084985296273122	1.256520768737296	0	1	No-PER3D	No-Essential3D
204	C	204	75.424	31.43	109.069	-0.1	0.820713238886175	0.5453170095454655	1.2330591717844348	0	1	No-PER3D	No-Essential3D
205	D	205	79.058	31.408	110.282	1.5	0.820713238886175	0.6306120616559587	1.7411378514340456	0	1	No-PER3D	No-Essential3D
206	A	206	77.485	32.02	113.756	-0.9	0.815379623621025	0.7727704818401137	1.0470545080602547	0	1	No-PER3D	No-Essential3D
207	S	207	79.125	35.539	113.965	-0.9	0.797505126452495	0.6590437456927896	1.3678327838008815	0	1	No-PER3D	No-Essential3D
208	I	208	77.934	39.103	114.068	-0.9	0.815379623621025	0.814613337592431	1.1622557571210954	0	1	No-PER3D	No-Essential3D
209	K	209	80.073	41.773	112.494	-0.5	0.797505126452495	0.8658196295970154	1.9710797072866895	0	0.9999999999999999	No-PER3D	No-Essential3D
210	L	210	79.955	45.529	113.153	-0.1	0.791553595658073	0.41349738355652155	1.5594723220355124	0	1	No-PER3D	No-Essential3D
211	W	211	80.712	47.574	110.001	1.5	0.734014869888476	0.3896909495543903	2.121731573298829	0	0.9999999999999999	No-PER3D	No-Essential3D
212	D	212	81.674	51.175	109.413	1.5	0.699061780846168	-0.9046988763329178	2.1210025414438554	0	0.9999999999999999	No-PER3D	No-Essential3D
213	V	213	79.316	52.275	106.553	0.3	0.629824561403509	-0.5816115577325649	1.574008480710524	0	1	No-PER3D	No-Essential3D
214	R	214	81.431	55.228	105.455	1.5	0.586601307189543	-0.47822361578045197	1.7520283634898597	0	0.9999999999999999	No-PER3D	No-Essential3D
215	D	215	84.807	53.426	105.429	-1.7	0.582319545823196	-0.5283971758454479	1.773916228819629	0	1	No-PER3D	No-Essential3D
216	S	216	83.762	49.843	104.302	-0.5	0.555727554179567	-0.2848881643300009	1.9517322856138997	0	1	No-PER3D	No-Essential3D
217	M	217	85.234	47.533	106.974	-0.5	0.551671148674606	0.12200082499709225	2.1905784287876244	0	0.9999999999999999	No-PER3D	No-Essential3D
218	C	218	84.573	45.202	109.892	1.5	0.582319545823196	0.6379832389988408	2.423080418740364	0	1	No-PER3D	No-Essential3D
219	R	219	85.484	46.903	113.174	-1.3	0.579075425790754	0.3984199753551718	2.346138464884713	0	1	No-PER3D	No-Essential3D
220	Q	220	84.383	44.214	115.668	0.3	0.583333333333333	1.4409150567056435	2.1171301853291578	0	0.9999999999999999	No-PER3D	No-Essential3D
221	T	221	83.339	40.551	115.356	-0.5	0.579075425790754	0.49793086948408044	2.151456168581426	0	1	No-PER3D	No-Essential3D
222	F	222	81.053	38.892	117.947	1.5	0.612105711849957	0.7422584306786365	1.2485880626705927	0	1	No-PER3D	No-Essential3D
223	I	223	80.855	35.106	118.576	-2.1	0.569067028985507	-0.6341393024340416	1.2790366734775729	0	1	No-PER3D	No-Essential3D
224	G	224	79.201	32.95	121.29	-0.1	0.520289855072464	-0.21351483336857682	0.7974168278806192	0	1	No-PER3D	No-Essential3D
225	H	225	76.439	31.443	119.121	-0.9	0.467532467532468	0.48845364147180337	0.6927009685776347	0	0.9999999999999999	No-PER3D	No-Essential3D
226	E	226	76.715	27.751	118.186	-1.7	0.467532467532468	0.41349738355652155	0.6710004514999871	0	1	No-PER3D	No-Essential3D
227	S	227	74.511	27.858	115.097	1.5	0.464156781846313	0.3747269053244792	0.6024915036533487	0	1	No-PER3D	No-Essential3D
228	D	228	73.261	30.236	112.368	-0.9	0.399888919744515	0.6021803776191276	0.814581222817488	0	1	No-PER3D	No-Essential3D
229	I	229	72.371	33.764	113.309	0.7	0.326086956521739	1.0015163034091636	0.7701171190578049	0	1	No-PER3D	No-Essential3D
230	N	230	69.023	34.398	111.607	-0.1	0.326086956521739	0.8889169357778067	0.5321291013882541	0	1	No-PER3D	No-Essential3D
231	A	231	68.316	37.845	113.04	0.3	0.299916689808387	0.1716434479185432	0.21873661627365926	0	1	No-PER3D	No-Essential3D
232	V	232	69.925	41.005	114.431	0.7	0.281055900621118	0.5252475855194672	0.43482340646658313	0	0.9999999999999999	No-PER3D	No-Essential3D
233	A	233	68.751	44.331	115.946	-1.3	0.34975845410628	1.0507691702002395	-0.1792456583248273	0	1	No-PER3D	No-Essential3D
234	F	234	70.318	47.492	117.446	-0.5	0.406924460431655	0.4995489328032497	0.07158138605555092	0	0.9999999999999999	No-PER3D	No-Essential3D
235	F	235	69.433	48.527	120.967	-1.3	0.347242206235012	0.3984199753551718	-0.5868725171348002	0	1	No-PER3D	No-Essential3D
236	P	236	67.851	52.09	120.674	1.5	0.351030303030303	-1.3522346435793322	-0.954361422601763	0	1	No-PER3D	No-Essential3D
237	N	237	70.955	54.087	121.779	0.7	0.351030303030303	-0.2649859855042192	-0.8571481057341811	0	1	No-PER3D	No-Essential3D
238	G	238	73.262	52.244	119.287	1.5	0.388578789179906	-0.39398158900465635	0.23590470713469772	0	1	No-PER3D	No-Essential3D
239	Y	239	75.762	50.96	121.907	-1.3	0.33029197080292	0.3431361452835559	0.3245271913354323	0	1	No-PER3D	No-Essential3D
240	A	240	74.534	47.356	121.745	-0.1	0.326714801444043	0.23256848514032405	0.4192054205276729	0	1	No-PER3D	No-Essential3D
241	F	241	72.591	44.851	119.66	0.3	0.309462915601023	0.9248181834283844	0.41207070245416927	0	1	No-PER3D	No-Essential3D
242	T	242	70.751	41.506	119.947	-0.1	0.276887871853547	0.9214900598789224	0.04269256491000367	0	0.9999999999999999	No-PER3D	No-Essential3D
243	T	243	70.799	38.404	117.857	0.7	0.344860345810374	0.8012021658769448	0.2632963330127335	0	1	No-PER3D	No-Essential3D
244	G	244	68.463	35.478	117.197	1.5	0.344202898550725	0.47665181036217547	0.39336622715201164	0	1	No-PER3D	No-Essential3D
245	S	245	69.848	32.013	116.347	0.3	0.363325281803543	0.14210403593222523	0.4808675438825033	0	1	No-PER3D	No-Essential3D
246	D	246	68.983	28.4	115.414	0.7	0.363325281803543	0.17037417630975607	0.2861749200594306	0	1	No-PER3D	No-Essential3D
247	D	247	70.605	27.368	118.78	1.5	0.435619735258724	-1.5329473784370875	0.26391126571851037	0	1	No-PER3D	No-Essential3D
248	A	248	67.394	28.467	120.624	0.3	0.518996415770609	-0.5869329959212767	0.05537576036990937	0	0.9999999999999999	No-PER3D	No-Essential3D
249	T	249	69.026	31.611	122.114	0.7	0.520863309352518	-0.42274715912322075	0.07306273766891432	0	1	No-PER3D	No-Essential3D
250	C	250	68.918	35.307	121.81	1.5	0.548277167739493	0.017937144862285745	-0.11041696327307604	0	1	No-PER3D	No-Essential3D
251	R	251	71.994	37.183	123.019	-0.5	0.558535327488396	-0.23181568746124967	0.16743214565584388	0	1	No-PER3D	No-Essential3D
252	L	252	72.845	40.796	123.935	1.5	0.558535327488396	0.14964274003290018	0.1485334361556343	0	1	No-PER3D	No-Essential3D
253	F	253	76.209	42.191	122.723	0.7	0.621050985298718	-0.04810326753095677	0.6323889629112877	0	1	No-PER3D	No-Essential3D
254	D	254	77.671	45.559	123.881	1.5	0.595173860911271	0.48134572046259566	0.4516345333676306	0	1	No-PER3D	No-Essential3D
255	L	255	79.943	47.352	121.425	1.1	0.625551354757404	0.45727050414108544	0.9629455295379598	0	1	No-PER3D	No-Essential3D
256	R	256	82.284	49.112	123.85	1.5	0.630117423040305	0.7301229557848672	0.6655495916446599	0	1	No-PER3D	No-Essential3D
257	A	257	82.71	46.119	126.146	1.1	0.632408759124088	-0.3798062479606523	0.481484469350722	0	1	No-PER3D	No-Essential3D
258	D	258	83.235	44.128	122.87	-0.9	0.608085345311623	-0.9551421867208437	0.722783697703117	0	1	No-PER3D	No-Essential3D
259	Q	259	81.448	41.027	124.151	0.3	0.632967032967033	-1.0244112301722064	0.7412114320153498	0	1	No-PER3D	No-Essential3D
260	E	260	78.31	39.108	125.059	-0.5	0.636483516483516	-0.21975376090016982	0.7358668289362462	0	1	No-PER3D	No-Essential3D
261	L	261	76.441	40.565	128.061	0.7	0.631854545454545	-0.3959213725159411	0.6502151585308832	0	1	No-PER3D	No-Essential3D
262	L	262	73.544	38.134	128.313	-0.9	0.637058823529412	0.056961024912838124	0.5862283204993964	0	1	No-PER3D	No-Essential3D
263	M	263	71.856	35.04	126.842	-0.9	0.666051660516605	0.08179440312682608	0.7380841373567554	0	1	No-PER3D	No-Essential3D
264	Y	264	68.043	34.715	126.7	0.7	0.612808641975309	-0.35429063408144496	0.6217028749832159	0	1	No-PER3D	No-Essential3D
265	S	265	67.01	31.068	126.74	-1.3	0.644163568773234	-1.147743917292925	0.7396968520131032	0	1	No-PER3D	No-Essential3D
266	H	266	65.066	28.439	128.625	-1.7	0.619388046897341	-1.9787847177243125	1.191813349171285	0	0.9999999999999999	No-PER3D	No-Essential3D
267	D	267	65.473	24.577	128.817	-0.9	0.600915522263837	-2.5718294403107382	0.7350171083286332	0	1	No-PER3D	No-Essential3D
268	N	268	61.923	24.162	127.469	0.7	0.563695510735198	-3.15080191524257	0.8860684042715595	0	1	No-PER3D	No-Essential3D
269	I	269	62.656	26.232	124.293	-2.1	0.532210242587601	-1.011317691471034	0.8630069807380097	0	1	No-PER3D	No-Essential3D
270	I	270	64.451	23.909	121.815	-2.1	0.528223649010166	-1.9332568576653348	0.48369553875698756	0	1	No-PER3D	No-Essential3D
271	C	271	63.758	25.667	118.479	-0.9	0.509521358723623	0.09041006495616878	0.5527442628329962	0	1	No-PER3D	No-Essential3D
272	G	272	65.325	28.567	116.535	-0.9	0.551724137931035	0.23256848514032397	0.05560441366512974	0	1	No-PER3D	No-Essential3D
273	I	273	64.649	32.316	116.571	-0.1	0.567226890756303	0.42211304538586425	0.04054193095305104	0	1	No-PER3D	No-Essential3D
274	T	274	63.631	33.922	113.257	-0.5	0.520426989984186	1.0113493957143915	0.09526357065633108	0	1	No-PER3D	No-Essential3D
275	S	275	63.405	37.584	114.216	1.5	0.502481231708869	0.9154863860249913	-0.1318380486610274	0	1	No-PER3D	No-Essential3D
276	V	276	64.19	40.07	117.001	1.5	0.498800050524188	0.8066697974224892	-0.2238716459054344	0	0.9999999999999999	No-PER3D	No-Essential3D
277	A	277	63.279	43.617	117.976	-1.7	0.476	0.025254122371764366	-0.44941888970155386	0	1	No-PER3D	No-Essential3D
278	F	278	63.405	45.829	121.06	1.5	0.429602888086643	0.645174631528482	-0.5753582255260878	0	1	No-PER3D	No-Essential3D
279	S	279	60.656	47.887	122.635	1.5	0.370909090909091	-0.7625404561487625	-0.2138852252998208	0	0.9999999999999999	No-PER3D	No-Essential3D
280	R	280	61.137	51.678	122.288	-1.7	0.382938895574275	-1.2600949267933057	-0.45719782536611675	0	1	No-PER3D	No-Essential3D
281	S	281	63.003	52.029	125.628	0.3	0.41542031975245	-0.6720760069406637	-0.5305976819232616	0	1	No-PER3D	No-Essential3D
282	G	282	65.104	48.861	124.955	1.1	0.397667314634824	0.47276719510665527	-1.0216991973085994	0	1	No-PER3D	No-Essential3D
283	R	283	63.693	47.2	128.077	0.3	0.394816652881169	0.072067042996923	-0.1549415052914313	0	1	No-PER3D	No-Essential3D
284	L	284	61.808	44.471	126.216	-0.1	0.363188405797102	0.23256848514032405	0.08241143133798208	0	1	No-PER3D	No-Essential3D
285	L	285	63.389	42.171	123.664	1.5	0.417391304347826	0.5228085930163076	0.08290381502378444	0	1	No-PER3D	No-Essential3D
286	L	286	60.72	40.522	121.491	0.3	0.417745454545455	0.5252475855194672	0.2944107471469777	0	1	No-PER3D	No-Essential3D
287	A	287	61.821	37.446	119.558	-0.1	0.469649398220827	0.46777605308138076	0.5214528694411714	0	1	No-PER3D	No-Essential3D
288	G	288	59.895	35.324	116.991	1.5	0.520426989984186	0.8832166390601113	0.5520626534424004	0	0.9999999999999999	No-PER3D	No-Essential3D
289	Y	289	60.275	31.522	117.056	-0.5	0.571959638874137	0.7753551803889166	0.9153862609057212	0	0.9999999999999999	No-PER3D	No-Essential3D
290	D	290	59.773	28.392	114.893	-0.9	0.625124378109453	0.4081759453678099	0.9321508178996704	0	1	No-PER3D	No-Essential3D
291	D	291	57.382	27.067	117.646	1.5	0.598256633764902	-0.430837475719067	1.5429383935040768	0	1	No-PER3D	No-Essential3D
292	F	292	54.65	29.544	116.438	0.3	0.577777777777778	0.0335466968825067	1.7933467452365006	0	1	No-PER3D	No-Essential3D
293	N	293	55.128	31.982	119.31	-0.5	0.573529411764706	0.23256848514032397	1.645321652279285	0	1	No-PER3D	No-Essential3D
294	C	294	56.954	35.209	119.959	0.3	0.599928579930961	-0.027025151717698544	1.347461460807474	0	1	No-PER3D	No-Essential3D
295	N	295	58.545	35.478	123.43	-0.5	0.581180811808118	-0.042674413514104156	0.9480331555341106	0	1	No-PER3D	No-Essential3D
296	I	296	58.879	38.845	125.232	0.7	0.510457284650833	0.4995489328032497	0.5764328715521971	0	0.9999999999999999	No-PER3D	No-Essential3D
297	W	297	62.066	39.019	127.314	-0.1	0.532276459854015	0.45100703322817226	0.5273488713273682	0	1	No-PER3D	No-Essential3D
298	D	298	63.111	41.534	129.988	1.5	0.549446668236402	-0.02930228888311976	0.4078943948520796	0	1	No-PER3D	No-Essential3D
299	A	299	66.336	42.628	128.205	-2.5	0.596062618595826	-0.22857956082291117	0.16380154739253908	0	1	No-PER3D	No-Essential3D
300	M	300	67.889	43.826	131.48	0.7	0.638071605813541	-0.6454688159971051	0.42322033206705545	0	0.9999999999999999	No-PER3D	No-Essential3D
301	K	301	67.06	40.87	133.764	-0.1	0.659340659340659	-0.5699387255766811	0.5808133074725432	0	1	No-PER3D	No-Essential3D
302	G	302	66.855	38.01	131.207	0.3	0.68207654414551	-0.8831597217595608	0.8059597762315794	0	1	No-PER3D	No-Essential3D
303	D	303	63.443	36.999	132.555	-0.5	0.70069875776397506	-1.4045462247223666	0.70811612739814	0	1	No-PER3D	No-Essential3D
304	R	304	60.64	35.924	130.302	-0.9	0.724027276373847	-0.8869290738098982	0.7771984927858687	0	0.9999999999999999	No-PER3D	No-Essential3D
305	A	305	57.892	38.553	130.694	-0.1	0.713720838275998	-0.051748355227986376	0.5792148114539204	0	1	No-PER3D	No-Essential3D
306	G	306	55.243	37.243	128.265	-0.5	0.711189913317573	-0.2649859855042192	0.5106898592943118	0	1	No-PER3D	No-Essential3D
307	V	307	54.272	35.393	125.082	0.7	0.743308167467399	0.3652496773122022	0.9288504210181233	0	1	No-PER3D	No-Essential3D
308	L	308	52.43	36.33	121.845	0.7	0.760084219858156	-0.0015747951629904607	1.222213930391784	0	0.9999999999999999	No-PER3D	No-Essential3D
309	A	309	50.599	33.122	120.891	-0.9	0.737051364710939	0.4905596921411983	1.5638776508254366	0	1	No-PER3D	No-Essential3D
310	G	310	48.238	33.547	117.951	-1.3	0.757196495619525	1.3603586186012888	1.3016005825851618	0	1	No-PER3D	No-Essential3D
311	H	311	49.792	32.137	114.811	1.5	0.762605042016807	0.9349983260502674	1.3743442023402477	0	1	No-PER3D	No-Essential3D
312	D	312	49.375	28.54	113.619	-0.5	0.739375320020481	0.39841997535517165	1.8422545457535597	0	1	No-PER3D	No-Essential3D
313	N	313	52.818	28.226	112.03	0.3	0.739375320020481	0.7301229557848672	1.2420856076127076	0	1	No-PER3D	No-Essential3D
314	R	314	56.282	29.959	112.367	0.7	0.724027276373847	0.5453170095454655	1.0473789977480032	0	1	No-PER3D	No-Essential3D
315	V	315	56.525	33.51	113.512	1.5	0.687250199840128	0.5039618327646204	1.0154330582708548	0	1	No-PER3D	No-Essential3D
316	S	316	58.843	34.483	110.633	-0.9	0.674534161490683	0.6219589404273579	0.34371501940024346	0	1	No-PER3D	No-Essential3D
317	C	317	59.283	38.213	111.172	-0.1	0.672670807453416	0.47665181036217547	-0.02666715052311616	0	1	No-PER3D	No-Essential3D
318	L	318	58.405	40.971	113.607	0.3	0.63768115942029	1.0113493957143915	0.008209106481126051	0	1	No-PER3D	No-Essential3D
319	G	319	58.753	44.689	114.101	-1.3	0.592844574780059	0.25374101580604924	-0.34640560733428527	0	0.9999999999999999	No-PER3D	No-Essential3D
320	V	320	57.974	47.215	116.801	-0.5	0.588564108536159	0.08330214394696107	-0.47720685075658864	0	1	No-PER3D	No-Essential3D
321	T	321	56.569	50.624	115.773	-1.3	0.543489449305198	-1.0370532675388553	-0.5738988418682482	0	1	No-PER3D	No-Essential3D
322	D	322	58.698	53.843	116.109	-1.3	0.5272030651341	-0.9836757764352262	-0.6389363796895433	0	1	No-PER3D	No-Essential3D
323	D	323	56.067	55.295	118.498	-0.1	0.569281045751634	-1.757649397437849	-0.5261389180416802	0	1	No-PER3D	No-Essential3D
324	G	324	56.313	51.992	120.452	-0.9	0.591651542649728	-1.011317691471034	-0.631962633918511	0	1	No-PER3D	No-Essential3D
325	M	325	52.523	51.474	120.429	-0.5	0.563722584469472	-0.9434693545649601	-0.4670876327266038	0	1	No-PER3D	No-Essential3D
326	A	326	52.43	48.18	118.571	0.3	0.604909983633388	-0.7003461473181946	-0.3913668222815161	0	0.9999999999999999	No-PER3D	No-Essential3D
327	V	327	54.182	44.936	117.697	-0.1	0.626086956521739	0.07057400632582159	-0.15433213038539254	0	1	No-PER3D	No-Essential3D
328	A	328	53.621	43.352	114.324	-0.1	0.621312111801242	0.5252475855194672	-0.007149416490612964	0	1	No-PER3D	No-Essential3D
329	T	329	54.232	39.636	113.724	0.7	0.618667730355006	0.40154924875545195	0.42789941033107354	0	1	No-PER3D	No-Essential3D
330	G	330	54.26	37.889	110.329	0.3	0.613207547169811	0.5004824308720011	0.2741411238747917	1	0.1304347826086957	No-PER3D	No-Essential3D
331	S	331	53.903	34.155	109.992	1.5	0.576699029126214	0.4315902733981413	0.45774985386403466	1	0.108695652173913	No-PER3D	No-Essential3D
332	W	332	54.094	31.087	107.767	-0.5	0.579545454545455	0.5252475855194672	0.49462361900295326	0	1	No-PER3D	No-Essential3D
333	D	333	50.315	30.774	108.466	1.5	0.58263157894736906	0.29476279397089195	0.48024264118721505	1	0.043478260869565244	No-PER3D	No-Essential3D
334	S	334	49.839	33.678	105.924	-1.3	0.548293811451706	0.8179266858986101	0.034312106565765006	1	0.05434782608695653	No-PER3D	No-Essential3D
335	F	335	48.586	36.304	108.369	-0.5	0.545454545454545	0.9658066524059667	-0.025733043700437382	1	0.07608695652173914	No-PER3D	No-Essential3D
336	L	336	50.155	39.294	110.015	0.7	0.572549019607843	0.8215105116175384	-0.2119820883358416	1	0.11956521739130427	No-PER3D	No-Essential3D
337	K	337	48.994	40.227	113.49	-0.5	0.610021786492375	0.84858830593833	0.5031036106906341	1	0.11956521739130427	No-PER3D	No-Essential3D
338	I	338	49.223	43.507	115.399	0.7	0.501240694789082	0.6663339210868487	-0.07583129696575236	1	0.108695652173913	No-PER3D	No-Essential3D
