Uniprot_position	aminoacid	Position_in_structure	x	y	z	paraz	mtr	paraz3dscore	mtr3dscore	PER3D_OR	PER3D_pvalue	PER3D	Essential3D
1	M	1	-25.146	-63.673	-20.501	NA	0.291245791245791	Inf	0.12085818353085477	0	0.5241830065359477	No-PER3D	No-Essential3D
2	I	2	-28.295	-62.383	-22.306	NA	0.289368505195843	Inf	0.20462465007657016	0	0.5241830065359477	No-PER3D	No-Essential3D
3	R	3	-28.897	-58.628	-21.731	NA	0.287226001511716	Inf	0.5465064451791337	0	0.5241830065359477	No-PER3D	No-Essential3D
4	F	4	-32.358	-58.615	-23.334	NA	0.285304659498208	Inf	0.6211268180987586	0	0.5241830065359477	No-PER3D	No-Essential3D
5	I	5	-34.54	-60.47	-25.88	NA	0.283571915473756	Inf	0.38863063672847614	9.279842503701484	0.08333333333333334	No-PER3D	No-Essential3D
6	L	6	-36.672	-58.463	-28.348	NA	0.380701754385965	Inf	0.9448918250251057	25.759476268905967	0.01862745098039216	PER3D	No-Essential3D
7	I	7	-39.284	-59.607	-30.832	NA	0.379213483146067	Inf	0.8481203325859433	9.279842503701484	0.08333333333333334	No-PER3D	No-Essential3D
8	Q	8	-39.957	-56.712	-33.226	NA	0.457985257985258	Inf	1.222052695791107	14.097346778930348	0.044117647058823525	PER3D	No-Essential3D
9	N	9	-42.074	-56.417	-36.355	NA	0.523003472222222	Inf	1.0125465666817137	14.097346778930348	0.044117647058823525	PER3D	No-Essential3D
10	R	10	-40.904	-54.536	-39.544	NA	0.536252692031587	Inf	1.2334728038680955	9.279842503701484	0.08333333333333334	No-PER3D	No-Essential3D
11	A	11	-42.683	-51.328	-38.396	NA	0.542016806722689	Inf	1.1023287453580077	25.759476268905967	0.01862745098039216	PER3D	No-Essential3D
12	G	12	-41.084	-50.968	-34.898	NA	0.542315504400813	Inf	1.0704144500564148	14.097346778930348	0.044117647058823525	PER3D	No-Essential3D
13	K	13	-43.784	-52.392	-32.634	NA	0.540629095674967	Inf	0.9190856162880938	25.759476268905967	0.01862745098039216	PER3D	No-Essential3D
14	T	14	-41.941	-54.456	-30.014	NA	0.539047619047619	Inf	0.7339804842032885	25.759476268905967	0.01862745098039216	PER3D	No-Essential3D
15	R	15	-44.228	-57.433	-29.476	NA	0.505627705627706	Inf	0.2073565050671895	25.759476268905967	0.01862745098039216	PER3D	No-Essential3D
16	L	16	-42.097	-58.972	-26.773	NA	0.472280334728034	Inf	0.1550580157561288	14.097346778930348	0.044117647058823525	PER3D	No-Essential3D
17	A	17	-39.441	-57.265	-24.714	NA	0.421768707482993	Inf	0.47816630879391714	14.097346778930348	0.044117647058823525	PER3D	No-Essential3D
18	K	18	-37.689	-59.258	-21.961	NA	0.423638778220452	Inf	0.05782954348429879	4.89663678447558	0.27450980392156876	No-PER3D	No-Essential3D
19	W	19	-34.991	-57.307	-20.073	NA	0.39883268482490303	Inf	0.11078887352870576	0	0.27777777777777773	No-PER3D	No-Essential3D
20	Y	20	-32.372	-59.285	-18.103	NA	0.376873182733169	Inf	-0.06838763169211776	0	0.5241830065359477	No-PER3D	No-Essential3D
21	M	21	-30.751	-56.256	-16.561	NA	0.401951672862454	Inf	-0.07117563866490255	0	0.27777777777777773	No-PER3D	No-Essential3D
22	Q	22	-32.453	-53.086	-15.27	NA	0.40521978021978	Inf	-0.10074714305234625	0	0.27777777777777773	No-PER3D	No-Essential3D
23	F	23	-31.997	-50.143	-17.687	NA	0.430656934306569	Inf	0.26734874409162146	0	0.27777777777777773	No-PER3D	No-Essential3D
24	D	24	-33.916	-46.78	-17.455	NA	0.430656934306569	Inf	0.3690543567397493	0	0.5241830065359477	No-PER3D	No-Essential3D
25	D	25	-37.191	-46.206	-19.409	NA	0.408328513591671	Inf	0.44226319082952015	0	1	No-PER3D	No-Essential3D
26	D	26	-35.298	-43.776	-21.696	NA	0.378917990553886	Inf	0.518503630748199	0	1	No-PER3D	No-Essential3D
27	E	27	-32.386	-46.25	-22.064	NA	0.378917990553886	Inf	0.5103224801193547	0	0.5241830065359477	No-PER3D	No-Essential3D
28	K	28	-34.821	-49.071	-22.987	NA	0.356565656565657	Inf	0.3597986110854922	0	0.27777777777777773	No-PER3D	No-Essential3D
29	Q	29	-36.643	-46.866	-25.495	NA	0.47254004576659	Inf	0.6644061328784159	0	1	No-PER3D	No-Essential3D
30	K	30	-33.349	-46.047	-27.174	NA	0.531987977672821	Inf	0.6900358338243654	0	1	No-PER3D	No-Essential3D
31	L	31	-32.219	-49.746	-27.205	NA	0.526641091219096	Inf	0.8211899230860378	0	0.27777777777777773	No-PER3D	No-Essential3D
32	I	32	-35.559	-50.565	-28.914	NA	0.522852306390182	Inf	0.698464063659804	9.279842503701484	0.08333333333333334	No-PER3D	No-Essential3D
33	E	33	-34.867	-47.829	-31.539	NA	0.524739859842854	Inf	0.7161276581603209	0	1.0000000000000002	No-PER3D	No-Essential3D
34	E	34	-31.166	-48.84	-31.943	NA	0.524333474396953	Inf	1.0260888827134877	0	1.0000000000000002	No-PER3D	No-Essential3D
35	V	35	-31.912	-52.621	-32.441	NA	0.520588235294118	Inf	1.1513902638809024	0	1	No-PER3D	No-Essential3D
36	H	36	-34.636	-51.82	-35.005	NA	0.517270253297048	Inf	1.1481227257452418	0	1	No-PER3D	No-Essential3D
37	A	37	-32.487	-49.396	-37.054	NA	0.467756183745583	Inf	0.8363207930889921	0	1	No-PER3D	No-Essential3D
38	V	38	-29.583	-51.862	-37.403	NA	0.466109154929578	Inf	1.257244983552365	0	1	No-PER3D	No-Essential3D
39	V	39	-31.599	-55.057	-38.057	NA	0.414605418138987	Inf	1.2968790146634792	0	0.5241830065359477	No-PER3D	No-Essential3D
40	T	40	-34.299	-53.914	-40.568	NA	0.358662613981763	Inf	1.315989838319864	0	0.5241830065359477	No-PER3D	No-Essential3D
41	V	41	-32.023	-52.842	-43.432	NA	0.315602836879433	Inf	0.6058486656118959	0	0.5241830065359477	No-PER3D	No-Essential3D
42	R	42	-29.822	-55.964	-43.328	NA	0.317204301075269	Inf	1.0415040617507159	0	0.5241830065359477	No-PER3D	No-Essential3D
43	D	43	-30.31	-58.617	-46.038	NA	0.319244604316547	Inf	0.9380797805164672	0	1	No-PER3D	No-Essential3D
44	A	44	-29.636	-62.4	-45.906	NA	0.321557971014493	Inf	1.1620367877619773	0	1	No-PER3D	No-Essential3D
45	K	45	-26.171	-61.653	-47.422	NA	0.323905109489051	Inf	0.2207835679654483	0	1.0000000000000002	No-PER3D	No-Essential3D
46	H	46	-25.371	-59.866	-44.149	NA	0.432598039215686	Inf	1.004706351112906	0	1	No-PER3D	No-Essential3D
47	T	47	-24.413	-61.977	-41.077	NA	0.47192513368984	Inf	0.9880025640136714	0	1	No-PER3D	No-Essential3D
48	N	48	-26.895	-62.61	-38.204	NA	0.576797385620915	Inf	0.8888881307669237	0	1	No-PER3D	No-Essential3D
49	F	49	-24.268	-61.36	-35.737	NA	0.57843137254902	Inf	0.9361296585365811	0	1	No-PER3D	No-Essential3D
50	V	50	-23.622	-57.644	-35.212	NA	0.57843137254902	Inf	1.4793705775162265	0	1.0000000000000002	No-PER3D	No-Essential3D
51	E	51	-21.476	-55.882	-32.55	NA	0.654981549815498	Inf	1.5282516839230895	0	1	No-PER3D	No-Essential3D
52	F	52	-23.343	-53.164	-30.804	NA	0.575831305758313	Inf	1.6406307266065918	0	1	No-PER3D	No-Essential3D
53	R	53	-21.671	-50.946	-28.227	NA	0.65018315018315	Inf	1.7147031586346144	0	1	No-PER3D	No-Essential3D
54	N	54	-19.563	-53.507	-26.265	NA	0.64963503649635	Inf	1.6287940025035101	0	1	No-PER3D	No-Essential3D
55	F	55	-22.516	-55.864	-26.189	NA	0.649090909090909	Inf	1.1581313622093765	0	1	No-PER3D	No-Essential3D
56	K	56	-23.416	-57.74	-29.353	NA	0.773285198555957	Inf	1.1002174268032987	0	1	No-PER3D	No-Essential3D
57	I	57	-26.827	-58.698	-30.805	NA	0.773285198555957	Inf	1.0050689418267076	0	1	No-PER3D	No-Essential3D
58	I	58	-27.773	-61.937	-32.572	NA	0.776086956521739	Inf	0.6930262399659364	0	1	No-PER3D	No-Essential3D
59	Y	59	-30.827	-61.62	-34.836	NA	1.03478260869565	Inf	0.8358550773351783	0	1	No-PER3D	No-Essential3D
60	R	60	-32.894	-63.783	-37.139	NA	0.857487922705314	Inf	0.7153827935099424	0	1	No-PER3D	No-Essential3D
61	R	61	-35.86	-62.985	-39.458	NA	0.860606060606061	Inf	1.1062766720853208	0	0.5241830065359477	No-PER3D	No-Essential3D
62	Y	62	-39.067	-65.077	-39.511	NA	0.855072463768116	Inf	0.8341546193176693	0	0.5241830065359477	No-PER3D	No-Essential3D
63	A	63	-41.83	-63.546	-41.685	NA	0.851318944844125	Inf	1.3174009245968168	0	1	No-PER3D	No-Essential3D
64	G	64	-42.307	-59.845	-40.694	NA	0.85439229843562	Inf	1.3543257040694294	14.097346778930348	0.044117647058823525	PER3D	No-Essential3D
65	L	65	-40.751	-60.573	-37.265	NA	0.848267622461171	Inf	1.0774842060799972	9.279842503701484	0.08333333333333334	No-PER3D	No-Essential3D
66	Y	66	-37.169	-60.134	-36.055	NA	0.635714285714286	Inf	1.1566649803791127	6.606002068498141	0.24509803921568632	No-PER3D	No-Essential3D
67	F	67	-36.06	-62.247	-33.088	NA	0.635714285714286	Inf	0.7798879057598227	9.279842503701484	0.08333333333333334	No-PER3D	No-Essential3D
68	C	68	-33.166	-60.431	-31.441	NA	0.635714285714286	Inf	0.7582353002292302	6.606002068498141	0.24509803921568632	No-PER3D	No-Essential3D
69	I	69	-31.016	-61.575	-28.463	NA	0.636200716845878	Inf	0.40219889571187845	0	1	No-PER3D	No-Essential3D
70	C	70	-28.444	-59.19	-26.946	NA	0.640794223826715	Inf	0.750125144970903	0	0.5241830065359477	No-PER3D	No-Essential3D
71	V	71	-25.446	-60.96	-25.33	NA	0.639492753623188	Inf	0.6051182837254688	0	0.5241830065359477	No-PER3D	No-Essential3D
72	D	72	-21.997	-60.337	-23.824	NA	0.511191335740072	Inf	0.7813527409845615	0	1	No-PER3D	No-Essential3D
73	V	73	-19.069	-60.133	-26.344	NA	0.511594202898551	Inf	1.1579209678350602	0	1	No-PER3D	No-Essential3D
74	N	74	-17.526	-63.508	-25.272	NA	0.506859205776173	Inf	0.8723352540987179	0	1.0000000000000002	No-PER3D	No-Essential3D
75	D	75	-20.868	-65.478	-25.545	NA	0.362042289840124	Inf	0.38981673092667934	0	1	No-PER3D	No-Essential3D
76	N	76	-21.14	-68.081	-28.417	NA	0.362042289840124	Inf	0.21369616592066698	0	1	No-PER3D	No-Essential3D
77	N	77	-22.887	-66.538	-31.48	NA	0.180883864337102	Inf	0.7248472055716982	0	1.0000000000000002	No-PER3D	No-Essential3D
78	L	78	-24.111	-69.766	-33.177	NA	0.15884476534296	Inf	0.3038342166357915	0	1	No-PER3D	No-Essential3D
79	A	79	-25.413	-71.32	-29.945	NA	0.158393501805054	Inf	-0.6299487746261568	0	1.0000000000000002	No-PER3D	No-Essential3D
80	Y	80	-27.673	-68.298	-29.353	NA	0.140687450039968	Inf	0.15690945813222545	0	1	No-PER3D	No-Essential3D
81	L	81	-28.674	-68.254	-33.086	NA	0.14119534697152	Inf	0.4038338110782827	0	1	No-PER3D	No-Essential3D
82	E	82	-30.043	-71.816	-32.902	NA	0.126164874551971	Inf	-0.26767127370202687	0	1.0000000000000002	No-PER3D	No-Essential3D
83	A	83	-31.506	-71.143	-29.4	NA	0.127338129496403	Inf	-0.5764204883408719	1.914502948155032	1	No-PER3D	No-Essential3D
84	I	84	-33.706	-68.613	-31.279	NA	0.127338129496403	Inf	-0.1517022458366981	1.914502948155032	1	No-PER3D	No-Essential3D
85	H	85	-34.789	-71.386	-33.77	NA	0.126428571428571	Inf	-0.2471210355056149	1.914502948155032	1	No-PER3D	No-Essential3D
86	N	86	-35.385	-73.713	-30.78	NA	0.125531914893617	Inf	-1.4233764980477708	3.894440945434843	0.40522875816993464	No-PER3D	No-Essential3D
87	F	87	-37.752	-71.153	-29.152	NA	0.125352112676056	Inf	-1.011681229774798	1.2081863040206184	0.9999999999999999	No-PER3D	No-Essential3D
88	V	88	-39.588	-70.407	-32.464	NA	0.125531914893617	Inf	-0.6999027913659707	1.914502948155032	1	No-PER3D	No-Essential3D
89	E	89	-40.201	-74.14	-33.047	NA	0.125531914893617	Inf	-1.5361678289724991	3.894440945434843	0.40522875816993464	No-PER3D	No-Essential3D
90	V	90	-41.705	-74.492	-29.497	NA	0	Inf	-1.4618197411322036	1.2081863040206184	0.9999999999999999	No-PER3D	No-Essential3D
91	L	91	-44.014	-71.568	-30.371	NA	0	Inf	-1.5605127121604518	1.2081863040206184	0.9999999999999999	No-PER3D	No-Essential3D
92	N	92	-44.998	-73.273	-33.671	NA	0	Inf	-1.630455004526852	0	1.0000000000000002	No-PER3D	No-Essential3D
93	E	93	-45.931	-76.555	-31.939	NA	0	Inf	-1.6956212874206644	0	1.0000000000000002	No-PER3D	No-Essential3D
94	Y	94	-47.743	-74.742	-29.08	NA	0	Inf	-1.4853138379940216	0	1	No-PER3D	No-Essential3D
95	F	95	-49.807	-72.424	-31.388	NA	0	Inf	-1.6858079744757142	0	1.0000000000000002	No-PER3D	No-Essential3D
96	H	96	-50.116	-74.781	-34.485	NA	0	Inf	-2.2059627579763155	0	1.0000000000000002	No-PER3D	No-Essential3D
97	N	97	-49.031	-72.685	-37.57	NA	0.194798007747648	Inf	-2.0838698110765934	0	1.0000000000000002	No-PER3D	No-Essential3D
98	V	98	-47.81	-69.77	-35.386	NA	0.168824940047962	Inf	-1.2669684643344714	0	1.0000000000000002	No-PER3D	No-Essential3D
99	C	99	-48.071	-66.17	-36.655	NA	0.168824940047962	Inf	-0.814695332284055	25.759476268905967	0.01862745098039216	PER3D	Essential3D
100	E	100	-47.461	-62.577	-35.402	NA	0.158273381294964	Inf	-0.09361425816968942	14.097346778930348	0.044117647058823525	PER3D	Essential3D
101	L	101	-51.075	-62.131	-34.137	NA	0.159172661870504	Inf	-0.6529183862932805	26.759476268905967	0.004901960784313726	PER3D	Essential3D
102	D	102	-50.94	-65.326	-32.04	NA	0.157589285714286	Inf	-1.5937079808784094	26.759476268905967	0.004901960784313726	PER3D	Essential3D
103	L	103	-48.28	-63.551	-29.99	NA	0.168571428571429	Inf	-0.9143807897602965	9.279842503701484	0.08333333333333334	No-PER3D	No-Essential3D
104	V	104	-50.454	-60.387	-29.737	NA	0.158723021582734	Inf	-0.6193313935675363	26.759476268905967	0.004901960784313726	PER3D	Essential3D
105	F	105	-53.65	-62.045	-28.511	NA	0.158273381294964	Inf	-1.3086449819946069	26.759476268905967	0.004901960784313726	PER3D	Essential3D
106	N	106	-51.793	-64.615	-26.425	NA	0.159420289855072	Inf	-1.285834465165453	14.097346778930348	0.044117647058823525	PER3D	Essential3D
107	F	107	-48.957	-62.284	-25.287	NA	0.225063938618926	Inf	-0.9356318167946234	14.097346778930348	0.044117647058823525	PER3D	Essential3D
108	Y	108	-49.357	-63.468	-21.668	NA	0.239318181818182	Inf	-0.896955636494437	14.097346778930348	0.044117647058823525	PER3D	Essential3D
109	K	109	-48.793	-67.047	-22.966	NA	0.255272727272727	Inf	-1.205967998270637	0	1	No-PER3D	No-Essential3D
110	V	110	-45.643	-66.09	-24.993	NA	0.255272727272727	Inf	-1.1964017158168536	26.759476268905967	0.011437908496732024	PER3D	Essential3D
111	Y	111	-43.915	-64.804	-21.807	NA	0.255272727272727	Inf	-0.731272754115353	26.759476268905967	0.004901960784313724	PER3D	Essential3D
112	T	112	-44.668	-68.215	-20.167	NA	0.256727272727273	Inf	-1.054203659624615	1.914502948155032	1	No-PER3D	No-Essential3D
113	V	113	-42.94	-69.96	-23.134	NA	0.256934306569343	Inf	-1.235737446809794	1.2081863040206184	0.9999999999999999	No-PER3D	No-Essential3D
114	V	114	-39.909	-67.581	-22.895	NA	0.256934306569343	Inf	-0.9420534606491321	0.8415839637390266	1	No-PER3D	No-Essential3D
115	D	115	-39.366	-67.918	-19.116	NA	0.259340659340659	Inf	-0.7984499208058397	1.2081863040206184	0.9999999999999999	No-PER3D	No-Essential3D
116	E	116	-39.425	-71.779	-19.44	NA	0.262222222222222	Inf	-1.0434028434862803	1.2081863040206184	0.9999999999999999	No-PER3D	No-Essential3D
117	M	117	-36.506	-71.656	-21.916	NA	0.244926199261993	Inf	-1.1889759941646845	0.8415839637390266	1	No-PER3D	No-Essential3D
118	F	118	-34.475	-68.632	-20.652	NA	0.24766791044776101	Inf	-0.8073622744363552	0.8415839637390266	1	No-PER3D	No-Essential3D
119	L	119	-34.129	-67.311	-17.086	NA	0.246050185873606	Inf	-0.6829129416455537	0.6163668799373947	1	No-PER3D	No-Essential3D
120	A	120	-31.898	-64.585	-15.522	NA	0.233099209833187	Inf	-0.6012401145785337	1.2081863040206184	0.9999999999999999	No-PER3D	No-Essential3D
121	G	121	-29.988	-64.022	-18.803	NA	0.235515258735073	Inf	-0.265308723284397	1.2081863040206184	0.9999999999999999	No-PER3D	No-Essential3D
122	E	122	-28.952	-67.661	-19.336	NA	0.233099209833187	Inf	-0.4763969480898218	1.2081863040206184	0.9999999999999999	No-PER3D	No-Essential3D
123	I	123	-30.533	-70.608	-21.186	NA	0.248798076923077	Inf	-0.8297657181814135	3.894440945434843	0.40522875816993464	No-PER3D	No-Essential3D
124	R	124	-32.75	-72.813	-18.971	NA	0.247058823529412	Inf	-0.972164313991277	3.894440945434843	0.40522875816993464	No-PER3D	No-Essential3D
125	E	125	-34.239	-75.534	-21.214	NA	0.246234939759036	Inf	-1.0943052111905394	3.894440945434843	0.40522875816993464	No-PER3D	No-Essential3D
126	T	126	-33.093	-76.863	-24.619	NA	0.247406639004149	Inf	-1.2906596460579196	3.894440945434843	0.40522875816993464	No-PER3D	No-Essential3D
127	S	127	-35.552	-79.748	-24.838	NA	0.312042413531936	Inf	-1.1606640429876973	26.759476268905967	0.22222222222222224	No-PER3D	No-Essential3D
128	Q	128	-38.508	-78.758	-27.075	NA	0.205128205128205	Inf	-1.4509090954570922	3.894440945434843	0.40522875816993464	No-PER3D	No-Essential3D
129	T	129	-40.754	-81.733	-26.116	NA	0.243254462432545	Inf	-1.2891511230221255	26.759476268905967	0.22222222222222224	No-PER3D	No-Essential3D
130	K	130	-40.061	-81.185	-22.41	NA	0.24442538593482	Inf	-0.8913212612983715	26.759476268905967	0.22222222222222224	No-PER3D	No-Essential3D
131	V	131	-41.181	-77.521	-22.679	NA	0.267961165048544	Inf	-1.1783026040164328	1.914502948155032	1	No-PER3D	No-Essential3D
132	L	132	-44.403	-78.651	-24.441	NA	0.269	Inf	-1.3115390114238965	1.914502948155032	1	No-PER3D	No-Essential3D
133	K	133	-44.877	-81.283	-21.715	NA	0.268041237113402	Inf	-1.1030039570999288	0	1	No-PER3D	No-Essential3D
134	Q	134	-44.887	-78.506	-19.058	NA	0.267021276595745	Inf	-0.9924623516882246	1.914502948155032	1	No-PER3D	No-Essential3D
135	L	135	-46.962	-76.245	-21.353	NA	0.295482295482295	Inf	-1.1895958859451905	1.914502948155032	1	No-PER3D	No-Essential3D
136	L	136	-49.906	-78.477	-22.4	NA	0.29757343550447	Inf	-1.2052654984235442	0	1	No-PER3D	No-Essential3D
137	M	137	-50.075	-80.558	-19.238	NA	0.384944396920445	Inf	-0.9304186484382914	0	1	No-PER3D	No-Essential3D
138	L	138	-50.135	-77.674	-16.745	NA	0.227848101265823	Inf	-0.7554220117840397	0	1	No-PER3D	No-Essential3D
139	Q	139	-52.017	-75.27	-19.028	NA	0.23	Inf	-0.9131243425405697	0	1	No-PER3D	No-Essential3D
140	S	140	-55.138	-77.266	-18.184	NA	0.227586206896552	Inf	-0.7351106428635769	0	1	No-PER3D	No-Essential3D
