Uniprot_position	aminoacid	Position_in_structure	x	y	z	paraz	mtr	paraz3dscore	mtr3dscore	PER3D_OR	PER3D_pvalue	PER3D	Essential3D
1	M	1	-35.904	-91.235	-31.501	NA	0.661538461538462	Inf	-0.24621851428076538	0	1	No-PER3D	No-Essential3D
2	A	2	-35.325	-94.302	-33.74	NA	0.656934306569343	Inf	0.14743420732432627	0	1	No-PER3D	No-Essential3D
3	L	3	-33.165	-95.108	-36.789	NA	0.653846153846154	Inf	0.5431120164338628	0	1	No-PER3D	No-Essential3D
4	D	4	-35.925	-97.212	-38.32	NA	0.578672632363907	Inf	0.49229695084155056	0	1	No-PER3D	No-Essential3D
5	G	5	-38.805	-99.328	-37.031	NA	0.527272727272727	Inf	0.20574646360760954	0	1	No-PER3D	No-Essential3D
6	P	6	-42.572	-99.074	-37.428	NA	0.53	Inf	0.0635891208560579	0	1	No-PER3D	No-Essential3D
7	E	7	-44.376	-99.152	-34.041	NA	0.479041916167665	Inf	-0.08066874534357275	0	1	No-PER3D	No-Essential3D
8	Q	8	-48.034	-100.287	-34.233	NA	0.478578892371996	Inf	-0.24445757169147772	0	1	No-PER3D	No-Essential3D
9	M	9	-48.803	-98.989	-37.758	NA	0.43646408839779	Inf	-0.3307361284118444	0	1	No-PER3D	No-Essential3D
10	E	10	-49.788	-95.753	-39.542	NA	0.400981996726678	Inf	-0.39153450063100925	0	1	No-PER3D	No-Essential3D
11	L	11	-53.466	-96.733	-39.525	NA	0.402854877081681	Inf	-0.31363908923541695	0	1	No-PER3D	No-Essential3D
12	E	12	-54.02	-98.583	-36.182	NA	0.40107156525067	Inf	-0.23202484694117845	0	1	No-PER3D	No-Essential3D
13	E	13	-53.003	-96.074	-33.484	NA	0.375866851595007	Inf	-0.3840257157425454	0	1	No-PER3D	No-Essential3D
14	G	14	-51.728	-93.413	-35.918	NA	0.375586854460094	Inf	-0.44532467362094097	0	1	No-PER3D	No-Essential3D
15	K	15	-47.956	-93.559	-35.275	NA	0.377038486627528	Inf	-0.49318292663683766	0	1	No-PER3D	No-Essential3D
16	A	16	-47.209	-91.408	-38.35	NA	0.375078665827565	Inf	-0.5282883428964285	0	1	No-PER3D	No-Essential3D
17	G	17	-49.203	-88.314	-37.254	NA	0.373252279635258	Inf	-0.7694266185438926	0	1	No-PER3D	No-Essential3D
18	S	18	-47.569	-88.138	-33.808	NA	0.236664162283997	Inf	-0.7407800650732975	0	1	No-PER3D	No-Essential3D
19	G	19	-44.325	-89.217	-35.576	NA	0.235636363636364	Inf	-0.3913588843885588	0	1	No-PER3D	No-Essential3D
20	L	20	-44.378	-86.083	-37.74	NA	0.234877962504422	Inf	-0.8231408829618364	0	1	No-PER3D	No-Essential3D
21	R	21	-43.417	-84.16	-34.551	NA	0.233962264150943	Inf	-0.8763995824132305	0	1	No-PER3D	No-Essential3D
22	Q	22	-39.877	-85.585	-34.729	NA	0.234820530023482	Inf	-0.6434902702756963	0	1	No-PER3D	No-Essential3D
23	Y	23	-39.429	-84.236	-38.279	NA	0.259259259259259	Inf	-0.7671177675805524	0	1	No-PER3D	No-Essential3D
24	Y	24	-40.737	-80.787	-37.248	NA	0.25830258302583	Inf	-1.1752002210220374	0	1	No-PER3D	No-Essential3D
25	L	25	-37.963	-80.808	-34.615	NA	0.261194029850746	Inf	-1.1549697215683017	0	1	No-PER3D	No-Essential3D
26	S	26	-35.416	-81.257	-37.457	NA	0.259259259259259	Inf	-1.2473148363272766	0	1	No-PER3D	No-Essential3D
27	K	27	-36.448	-77.747	-38.672	NA	0.288065843621399	Inf	-1.50656958039776	0	1	No-PER3D	No-Essential3D
28	I	28	-35.886	-76.283	-35.125	NA	0.324074074074074	Inf	-1.5986174802511837	0	1	No-PER3D	No-Essential3D
29	E	29	-32.511	-78.119	-34.931	NA	0.325	Inf	-1.6903065209360493	0	1	No-PER3D	No-Essential3D
30	E	30	-31.539	-76.607	-38.306	NA	0.326208178438662	Inf	-1.7179107225800474	0	1	No-PER3D	No-Essential3D
31	L	31	-32.437	-73.165	-36.898	NA	0	Inf	-1.6949840734889055	0	1	No-PER3D	No-Essential3D
32	Q	32	-30.33	-73.726	-33.706	NA	0	Inf	-1.692491974466896	0	1	No-PER3D	No-Essential3D
33	L	33	-27.07	-73.593	-35.709	NA	0	Inf	-1.664834692334475	0	1	No-PER3D	No-Essential3D
34	I	34	-27.851	-70.116	-37.207	NA	0	Inf	-1.5942182654662795	0	1	No-PER3D	No-Essential3D
35	V	35	-28.798	-68.797	-33.735	NA	0	Inf	-1.5360210870803357	0	1	No-PER3D	No-Essential3D
36	N	36	-25.219	-69.486	-32.604	NA	0	Inf	-1.5333746111337436	0	1	No-PER3D	No-Essential3D
37	D	37	-23.651	-67.637	-35.61	NA	0.218711276332094	Inf	-1.5395612606239235	0	1	No-PER3D	No-Essential3D
38	K	38	-26.197	-64.843	-35.051	NA	0.263432835820896	Inf	-1.3543623952803148	0	1	No-PER3D	No-Essential3D
39	S	39	-25.194	-64.553	-31.336	NA	0.264661654135338	Inf	-1.0928523751969785	0	1	No-PER3D	No-Essential3D
40	Q	40	-21.486	-64.107	-32.158	NA	0.331766917293233	Inf	-0.8850150209225491	0	1	No-PER3D	No-Essential3D
41	N	41	-22.183	-61.59	-34.963	NA	0.439450686641698	Inf	-0.7118172256938575	0	1	No-PER3D	No-Essential3D
42	L	42	-24.353	-59.388	-32.755	NA	0.436567164179104	Inf	-0.5391086897737217	0	1	No-PER3D	No-Essential3D
43	R	43	-21.805	-59.431	-29.931	NA	0.330827067669173	Inf	-0.3652597750140953	0	1	No-PER3D	No-Essential3D
44	R	44	-18.886	-58.537	-32.237	NA	0.440699126092385	Inf	-0.21526157481535163	0	1	No-PER3D	No-Essential3D
45	L	45	-20.751	-55.404	-33.442	NA	0.667293233082707	Inf	-0.1518206636924957	0	1	No-PER3D	No-Essential3D
46	Q	46	-21.941	-54.578	-29.911	NA	0.667293233082707	Inf	-0.08207567338362236	0	1	No-PER3D	No-Essential3D
47	A	47	-18.406	-54.93	-28.456	NA	0.530337078651685	Inf	-0.012318843328532864	0	1	No-PER3D	No-Essential3D
48	Q	48	-16.998	-52.766	-31.304	NA	0.441947565543071	Inf	0.0316747911422852	0	1	No-PER3D	No-Essential3D
49	R	49	-19.639	-50.078	-30.682	NA	0.440699126092385	Inf	0.016066311442435637	0	1	No-PER3D	No-Essential3D
50	N	50	-19.335	-50.196	-26.865	NA	0.443609022556391	Inf	-0.07171804931012084	0	1	No-PER3D	No-Essential3D
51	E	51	-15.592	-49.444	-26.709	NA	0.382749326145553	Inf	-0.027200718608629573	0	1	No-PER3D	No-Essential3D
52	L	52	-16.206	-46.24	-28.74	NA	0.380592991913747	Inf	-0.0851286969075452	0	1	No-PER3D	No-Essential3D
53	N	53	-19.4	-45.436	-26.74	NA	0.383116883116883	Inf	-0.21324310739647595	0	1	No-PER3D	No-Essential3D
54	A	54	-17.499	-45.891	-23.44	NA	0.500943396226415	Inf	-0.25009743899035514	0	1	No-PER3D	No-Essential3D
55	K	55	-14.909	-43.285	-24.555	NA	0.444025157232704	Inf	-0.38866968645041505	0	1	No-PER3D	No-Essential3D
56	V	56	-17.599	-40.564	-25.145	NA	0.399622641509434	Inf	-0.3944875212773779	0	1	No-PER3D	No-Essential3D
57	R	57	-19.508	-41.738	-22.044	NA	0.366055997234704	Inf	-0.4159794483030619	0	1	No-PER3D	No-Essential3D
58	L	58	-16.412	-40.994	-19.905	NA	0.290934065934066	Inf	-0.3883493695485859	0	1	No-PER3D	No-Essential3D
59	L	59	-15.645	-37.763	-21.811	NA	0.29288472145615	Inf	-0.39397187813520246	0	1	No-PER3D	No-Essential3D
60	R	60	-18.698	-35.73	-20.639	NA	0.340384615384615	Inf	-0.39018904921765807	0	1	No-PER3D	No-Essential3D
61	E	61	-17.859	-36.331	-16.933	NA	0.320036060401172	Inf	-0.37291064926859036	0	1	No-PER3D	No-Essential3D
62	E	62	-14.174	-35.38	-17.382	NA	0.42995951417004	Inf	-0.4184324304383478	0	1	No-PER3D	No-Essential3D
63	L	63	-14.78	-31.704	-18.278	NA	0.427102238354507	Inf	-0.4449234917650672	0	1	No-PER3D	No-Essential3D
64	Q	64	-16.546	-30.863	-14.985	NA	0.422653592155293	Inf	-0.44695929790363154	0	1	No-PER3D	No-Essential3D
65	L	65	-14.072	-33.035	-12.997	NA	0.424266773804741	Inf	-0.4542848750035671	0	1	No-PER3D	No-Essential3D
66	L	66	-11.045	-31.227	-14.543	NA	0.421452871723034	Inf	-0.365719656633186	0	1	No-PER3D	No-Essential3D
67	Q	67	-12.178	-27.777	-13.247	NA	0.424266773804741	Inf	-0.33750658455902227	0	1	No-PER3D	No-Essential3D
68	E	68	-9.896	-27.356	-10.191	NA	0.392529635428316	Inf	-0.4037762662041293	0	1	No-PER3D	No-Essential3D
69	Q	69	-7.535	-24.817	-8.53	NA	0.373197625106022	Inf	-0.4506152921329977	0	1	No-PER3D	No-Essential3D
70	G	70	-4.504	-26.753	-9.793	NA	0.371778622729193	Inf	-0.39878224451153477	0	1	No-PER3D	No-Essential3D
71	S	71	-1.871	-29.009	-8.284	NA	0.374627501064283	Inf	-0.1124250496637235	0	1	No-PER3D	No-Essential3D
72	Y	72	1.476	-28.776	-6.55	NA	0.374627501064283	Inf	0.22512446332377842	0	1	No-PER3D	No-Essential3D
73	V	73	4.369	-31.182	-5.953	NA	0.373197625106022	Inf	-0.09234501903137704	0	1	No-PER3D	No-Essential3D
74	G	74	6.22	-31.558	-2.641	NA	0.39553752535497	Inf	0.1622364627279051	0	1	No-PER3D	No-Essential3D
75	E	75	7.711	-34.167	-0.379	NA	0.392529635428316	Inf	0.1258742880768255	0	1	No-PER3D	No-Essential3D
76	V	76	6.842	-35.732	2.955	NA	0.33587786259542	Inf	0.4501213070743087	0	1	No-PER3D	No-Essential3D
77	V	77	9.267	-34.788	5.761	NA	0.395150426582847	Inf	0.7537902512284395	0	1	No-PER3D	No-Essential3D
78	R	78	7.233	-36.649	8.359	NA	0.416666666666667	Inf	0.6978525385995101	0	1	No-PER3D	No-Essential3D
79	A	79	3.698	-37.746	9.088	NA	0.442767295597484	Inf	0.6941705322893159	0	1	No-PER3D	No-Essential3D
80	M	80	1.744	-37.05	12.273	NA	0.440699126092385	Inf	0.697177795683005	0	1	No-PER3D	No-Essential3D
81	D	81	-0.094	-39.781	14.25	NA	0.490706319702602	Inf	0.5037248422320898	0	1	No-PER3D	No-Essential3D
82	K	82	-3.516	-38.153	13.814	NA	0.538344226579521	Inf	0.9261294070128393	0	1	No-PER3D	No-Essential3D
83	K	83	-3.427	-38.561	9.994	NA	0.509876543209877	Inf	0.7984308388308392	0	1	No-PER3D	No-Essential3D
84	K	84	-2.371	-35.137	8.918	NA	0.54598033545402	Inf	0.6136163797541122	0	1	No-PER3D	No-Essential3D
85	V	85	0.889	-35.098	6.994	NA	0.479082321187584	Inf	0.6147233731100212	0	1	No-PER3D	No-Essential3D
86	L	86	3.598	-32.448	7.328	NA	0.541571319603356	Inf	0.6600829990918206	0	1	No-PER3D	No-Essential3D
87	V	87	4.645	-31.963	3.727	NA	0.565511748307447	Inf	0.6319373631389928	0	1	No-PER3D	No-Essential3D
88	K	88	6.849	-29.317	2.191	NA	0.673987126088603	Inf	0.6513033618442297	0	1	No-PER3D	No-Essential3D
89	V	89	5.571	-28.049	-1.123	NA	0.805505415162455	Inf	0.5542670259702407	0	1	No-PER3D	No-Essential3D
90	H	90	8.632	-27.043	-3.208	NA	0.839300937766411	Inf	0.7261806476880592	0	1	No-PER3D	No-Essential3D
91	P	91	7.63	-23.544	-4.562	NA	0.858513189448441	Inf	1.0562032461794069	0	1	No-PER3D	No-Essential3D
92	E	92	5.143	-22.716	-1.773	NA	0.879704301075269	Inf	0.8528292487305981	0	1	No-PER3D	No-Essential3D
93	G	93	5.252	-22.976	2.076	NA	0.860911270983213	Inf	1.0864987404435555	0	1	No-PER3D	No-Essential3D
94	K	94	5.11	-26.095	4.269	NA	0.807104316546763	Inf	0.8794860918982	0	1	No-PER3D	No-Essential3D
95	F	95	1.571	-27.291	5.1	NA	0.807104316546763	Inf	0.589626070953197	0	1	No-PER3D	No-Essential3D
96	V	96	-0.007	-29.695	7.545	NA	0.843989769820972	Inf	0.6021421641793655	0	1	No-PER3D	No-Essential3D
97	V	97	-2.933	-31.212	5.642	NA	0.840942875345084	Inf	0.49738121036579086	0	1	No-PER3D	No-Essential3D
98	D	98	-4.8	-34.564	5.317	NA	0.834914611005693	Inf	0.4607877202898483	0	1	No-PER3D	No-Essential3D
99	V	99	-4.653	-37.41	2.793	NA	0.826032540675845	Inf	0.44591082594658255	0	1	No-PER3D	No-Essential3D
100	D	100	-7.378	-38.779	0.548	NA	0.820215410107705	Inf	0.42199178157023914	0	1	No-PER3D	No-Essential3D
101	K	101	-7.602	-42.584	1.082	NA	0.77856860419138	Inf	0.7897288560437605	0	1	No-PER3D	No-Essential3D
102	N	102	-9.678	-43.169	-2.028	NA	0.784149741138989	Inf	0.8513039611333798	0	1	No-PER3D	No-Essential3D
103	I	103	-6.388	-42.826	-3.906	NA	0.792017649418372	Inf	0.5047888578141904	0	1	No-PER3D	No-Essential3D
104	D	104	-3.222	-43.939	-2.122	NA	0.749716016660356	Inf	0.39973397571691943	0	1	No-PER3D	No-Essential3D
105	I	105	-2.331	-44.861	1.435	NA	0.712230215827338	Inf	0.7276392502123314	0	1	No-PER3D	No-Essential3D
106	N	106	1.41	-44.68	0.762	NA	0.675883256528418	Inf	0.32186700134240015	0	1	No-PER3D	No-Essential3D
107	D	107	1.334	-40.828	0.862	NA	0.68019869818431	Inf	0.33544077420319435	0	1	No-PER3D	No-Essential3D
108	V	108	1.561	-41.175	4.649	NA	0.649280575539568	Inf	0.5111998717042993	0	1	No-PER3D	No-Essential3D
109	T	109	4.983	-42.849	4.304	NA	0.617852875917392	Inf	0.20915052458705033	0	1	No-PER3D	No-Essential3D
110	P	110	7.874	-40.432	5.113	NA	0.613945578231293	Inf	0.3703806308853934	0	1	No-PER3D	No-Essential3D
111	N	111	10.737	-39.53	2.695	NA	0.618362452894827	Inf	-0.08133735891138034	0	1	No-PER3D	No-Essential3D
112	C	112	8.58	-40.114	-0.341	NA	0.552551020408163	Inf	-0.3654358328355048	0	1	No-PER3D	No-Essential3D
113	R	113	8.089	-37.447	-3.01	NA	0.546312016600641	Inf	-0.29015079306384517	0	1	No-PER3D	No-Essential3D
114	V	114	4.377	-36.807	-3.335	NA	0.575539568345324	Inf	-0.10173597558792852	0	1	No-PER3D	No-Essential3D
115	A	115	1.84	-35.442	-5.772	NA	0.536631981312381	Inf	-0.088404736983789	0	1	No-PER3D	No-Essential3D
116	L	116	-0.606	-32.88	-4.338	NA	0.541478129713424	Inf	0.22248828728470751	0	1	No-PER3D	No-Essential3D
117	R	117	-3.908	-31.908	-5.872	NA	0.46583044982699	Inf	-0.04221973083112249	0	1	No-PER3D	No-Essential3D
118	N	118	-4.897	-28.427	-4.797	NA	0.435151515151515	Inf	0.1834594919745839	0	1	No-PER3D	No-Essential3D
119	D	119	-8.094	-27.804	-2.824	NA	0.306052855924979	Inf	-0.0653907426933113	0	1	No-PER3D	No-Essential3D
120	S	120	-6.284	-27.416	0.58	NA	0.306052855924979	Inf	0.2540993453536808	0	1	No-PER3D	No-Essential3D
121	Y	121	-2.915	-28.845	-0.612	NA	0.244090909090909	Inf	0.5007804909259157	0	1	No-PER3D	No-Essential3D
122	T	122	-4.329	-32.394	-0.229	NA	0.244090909090909	Inf	0.3615918739513342	0	1	No-PER3D	No-Essential3D
123	L	123	-2.055	-35.399	-0.804	NA	0.187336473050759	Inf	0.3838139872330524	0	1	No-PER3D	No-Essential3D
124	H	124	-2.853	-37.304	-4.051	NA	0.101244343891403	Inf	0.20931058823564355	0	1	No-PER3D	No-Essential3D
125	K	125	-0.427	-40.142	-4.615	NA	0.10968137254902	Inf	0.028112131279070626	0	1	No-PER3D	No-Essential3D
126	I	126	3.29	-40.745	-4.161	NA	0.110285006195787	Inf	-0.04864866325453122	0	1	No-PER3D	No-Essential3D
127	L	127	5.421	-40.123	-7.258	NA	0	Inf	-0.5556092351155691	0	1	No-PER3D	No-Essential3D
128	P	128	7.412	-43.284	-8.235	NA	0	Inf	-0.8685588830658649	0	1	No-PER3D	No-Essential3D
129	N	129	10.152	-40.978	-9.528	NA	0	Inf	-1.1958547405633946	0	1	No-PER3D	No-Essential3D
130	K	130	12.417	-39.674	-6.74	NA	0.109355638166047	Inf	-1.0589832935053416	0	1	No-PER3D	No-Essential3D
131	V	131	15.774	-37.959	-6.712	NA	0.118855218855219	Inf	-1.281172031901303	0	1	No-PER3D	No-Essential3D
132	D	132	18.267	-36.906	-4.052	NA	0.119742198100407	Inf	-1.1904850607930408	0	1	No-PER3D	No-Essential3D
133	P	133	20.968	-34.214	-4.354	NA	0.110588972431078	Inf	-1.3671368263348642	0	1	No-PER3D	No-Essential3D
134	L	134	23.791	-36.783	-4.009	NA	0.110588972431078	Inf	-1.189771928377812	0	1	No-PER3D	No-Essential3D
135	V	135	22.849	-38.66	-7.214	NA	0.119742198100407	Inf	-1.314468028931499	0	1	No-PER3D	No-Essential3D
136	S	136	22.262	-35.3	-8.953	NA	0.237918215613383	Inf	-1.3775461357705223	0	1	No-PER3D	No-Essential3D
137	L	137	25.869	-34.218	-8.174	NA	0.259040590405904	Inf	-1.2161199397404756	0	1	No-PER3D	No-Essential3D
138	M	138	27.26	-37.217	-10.106	NA	0.259040590405904	Inf	-1.1800192998897217	0	1	No-PER3D	No-Essential3D
139	M	139	24.823	-36.704	-13.004	NA	0.259259259259259	Inf	-1.2601469870985178	0	1	No-PER3D	No-Essential3D
140	V	140	25.583	-33.003	-13.658	NA	0.259479553903346	Inf	-1.195922981209887	0	1	No-PER3D	No-Essential3D
141	E	141	29.4	-33.272	-13.748	NA	0.26044776119403	Inf	-1.0916303826468114	0	1	No-PER3D	No-Essential3D
142	K	142	29.328	-36.335	-16.046	NA	0.354849611355188	Inf	-1.078697564077389	0	1	No-PER3D	No-Essential3D
143	V	143	32.713	-37.367	-14.691	NA	0.387777777777778	Inf	-1.1787898556914265	0	1	No-PER3D	No-Essential3D
144	P	144	35.221	-39.185	-16.982	NA	0.351224421335122	Inf	-1.1422642090763733	0	1	No-PER3D	No-Essential3D
145	D	145	35.158	-42.924	-16.2	NA	0.352525252525253	Inf	-1.1000180393317613	0	1	No-PER3D	No-Essential3D
146	S	146	38.123	-44.977	-17.344	NA	0.352525252525253	Inf	-0.9307781027900055	0	1	No-PER3D	No-Essential3D
147	T	147	39.364	-48.536	-17.47	NA	0.390671641791045	Inf	-0.7997656767260777	0	1	No-PER3D	No-Essential3D
148	Y	148	42.58	-50.146	-16.094	NA	0.432465923172243	Inf	-0.7654204698683635	0	1	No-PER3D	No-Essential3D
149	E	149	44.403	-49.819	-19.5	NA	0.486524163568773	Inf	-0.33078119264413713	0	1	No-PER3D	No-Essential3D
150	M	150	44.571	-45.953	-19.355	NA	0.486940298507463	Inf	-0.3807516272392001	0	1	No-PER3D	No-Essential3D
151	I	151	46.58	-45.837	-16.119	NA	0.486524163568773	Inf	-0.47437748733929735	0	1	No-PER3D	No-Essential3D
152	G	152	48.126	-49.19	-17.27	NA	0.486524163568773	Inf	-0.3492037263125891	0	1	No-PER3D	No-Essential3D
153	G	153	51.802	-49.766	-18.058	NA	0.486940298507463	Inf	-0.11554683974967182	0	1	No-PER3D	No-Essential3D
154	L	154	52.298	-48.533	-14.565	NA	0.486940298507463	Inf	-0.2723373337477881	0	1	No-PER3D	No-Essential3D
155	D	155	52.147	-52.135	-13.244	NA	0.484317343173432	Inf	-0.1713976325268102	0	1	No-PER3D	No-Essential3D
156	K	156	53.407	-51.123	-9.783	NA	0.427696078431373	Inf	-0.1433551058218287	0	1	No-PER3D	No-Essential3D
157	Q	157	50.638	-48.529	-9.239	NA	0.349369608493696	Inf	-0.6081255715746179	0	1	No-PER3D	No-Essential3D
158	I	158	47.603	-50.763	-9.87	NA	0.349369608493696	Inf	-0.5914324120966046	0	1	No-PER3D	No-Essential3D
159	K	159	48.416	-53.373	-7.16	NA	0.353237168735324	Inf	-0.5074957820692585	0	1	No-PER3D	No-Essential3D
160	E	160	48.695	-50.831	-4.318	NA	0.326208178438662	Inf	-0.575795953846809	0	1	No-PER3D	No-Essential3D
161	I	161	45.525	-48.862	-5.122	NA	0.237242311591754	Inf	-0.8073941702170295	0	1	No-PER3D	No-Essential3D
162	K	162	43.461	-52.008	-5.703	NA	0.237242311591754	Inf	-1.095650481923626	0	1	No-PER3D	No-Essential3D
163	E	163	44.042	-53.576	-2.269	NA	0.238805970149254	Inf	-1.2725206182460802	0	1	No-PER3D	No-Essential3D
164	V	164	43.447	-50.371	-0.266	NA	0.260966542750929	Inf	-0.9751178080930631	0	1	No-PER3D	No-Essential3D
165	I	165	40.364	-48.746	-1.803	NA	0.261194029850746	Inf	-0.9419699795674503	0	1	No-PER3D	No-Essential3D
166	E	166	38.649	-51.424	-3.852	NA	0.263157894736842	Inf	-1.2483645911310923	0	1	No-PER3D	No-Essential3D
167	L	167	38.529	-54.59	-1.664	NA	0.146483562213899	Inf	-1.3886292612113105	0	1	No-PER3D	No-Essential3D
168	P	168	36.786	-52.959	1.407	NA	0.14703425229741	Inf	-1.23880791611877	0	1	No-PER3D	No-Essential3D
169	V	169	34.098	-51.167	-0.65	NA	0.132330827067669	Inf	-1.2126590598165055	0	1	No-PER3D	No-Essential3D
170	K	170	33.396	-54.365	-2.627	NA	0.133333333333333	Inf	-1.2559383849480943	0	1	No-PER3D	No-Essential3D
171	H	171	33.481	-56.538	0.489	NA	0.134865900383142	Inf	-1.4689215464437366	0	1	No-PER3D	No-Essential3D
172	P	172	34.203	-55.328	4.048	NA	0.135384615384615	Inf	-1.3581501216902676	0	1	No-PER3D	No-Essential3D
173	E	173	33.464	-58.986	5.034	NA	0	Inf	-1.5706112776719048	0	1	No-PER3D	No-Essential3D
174	L	174	36.798	-60.232	3.631	NA	0.112707535121328	Inf	-1.8031681299503652	0	1	No-PER3D	No-Essential3D
175	F	175	38.683	-57.544	5.596	NA	0.122484385843164	Inf	-1.5269719027872988	0	1	No-PER3D	No-Essential3D
176	E	176	36.665	-58.293	8.747	NA	0.122605363984674	Inf	-1.6888515513084548	0	1	No-PER3D	No-Essential3D
177	A	177	37.207	-62.1	8.563	NA	0.113141025641026	Inf	-1.8723293831019625	0	1	No-PER3D	No-Essential3D
178	L	178	40.983	-61.572	8.095	NA	0.114341085271318	Inf	-2.0294635426880636	0	1	No-PER3D	No-Essential3D
179	G	179	40.973	-59.036	11.002	NA	0.105656988925471	Inf	-1.7700425075217006	0	1	No-PER3D	No-Essential3D
180	I	180	42.185	-55.853	9.289	NA	0.106370192307692	Inf	-1.4581845787678698	0	1	No-PER3D	No-Essential3D
181	A	181	40.774	-52.505	10.407	NA	0.116469816272966	Inf	-1.2442270295323448	0	1	No-PER3D	No-Essential3D
182	Q	182	38.809	-50.598	7.728	NA	0.116930171277997	Inf	-1.005874879368402	0	1	No-PER3D	No-Essential3D
183	P	183	40.845	-47.984	5.695	NA	0.108669108669109	Inf	-0.6515605219902576	0	1	No-PER3D	No-Essential3D
184	K	184	40.221	-44.425	6.994	NA	0.109408519767086	Inf	-0.22293440313197863	0	1	No-PER3D	No-Essential3D
185	G	185	42.32	-42.273	4.691	NA	0.108543630282761	Inf	0.02374276128813473	0	1	No-PER3D	No-Essential3D
186	V	186	43.975	-42.787	1.372	NA	0.108116293155663	Inf	-0.16211933982213753	0	1	No-PER3D	No-Essential3D
187	L	187	46.753	-40.334	0.52	NA	0.117918313570487	Inf	0.057076557662561055	0	1	No-PER3D	No-Essential3D
188	L	188	47.752	-39.866	-3.084	NA	0.13984375	Inf	-0.26365139869277743	0	1	No-PER3D	No-Essential3D
189	Y	189	51.031	-38.095	-3.62	NA	0.138910505836576	Inf	-0.095020182318968055	0	1	No-PER3D	No-Essential3D
190	G	190	53.573	-38.133	-6.408	NA	0.138910505836576	Inf	-0.5016220245404198	0	1	No-PER3D	No-Essential3D
191	P	191	54.426	-35.743	-9.195	NA	0.154177433247201	Inf	0.07514688422943748	0	1	No-PER3D	No-Essential3D
192	P	192	51.828	-34.007	-11.446	NA	0.126636009904492	Inf	0.3157498753439214	0	1	No-PER3D	No-Essential3D
193	G	193	51.079	-35.983	-14.668	NA	0.126636009904492	Inf	0.2387438674917776	0	1	No-PER3D	No-Essential3D
194	T	194	50.975	-39.516	-13.191	NA	0.127485795454545	Inf	-0.4360525965378062	0	1	No-PER3D	No-Essential3D
195	G	195	47.287	-40.175	-13.888	NA	0.127485795454545	Inf	-0.6022328432270818	0	1	No-PER3D	No-Essential3D
196	K	196	46.257	-39.783	-10.211	NA	0.128489620615605	Inf	-0.515112345555776	0	1	No-PER3D	No-Essential3D
197	T	197	43.062	-37.763	-11.009	NA	0.129356809198706	Inf	-0.625591670101863	0	1	No-PER3D	No-Essential3D
198	L	198	42.129	-40.225	-13.77	NA	0.128489620615605	Inf	-0.8161053419028781	0	1	No-PER3D	No-Essential3D
199	L	199	42.801	-43.203	-11.509	NA	0.117782152230971	Inf	-0.8970593604871246	0	1	No-PER3D	No-Essential3D
200	A	200	40.41	-42.033	-8.733	NA	0.128489620615605	Inf	-0.8439856105994772	0	1	No-PER3D	No-Essential3D
201	R	201	37.712	-41.753	-11.406	NA	0.11745406824147	Inf	-0.8423884147965697	0	1	No-PER3D	No-Essential3D
202	A	202	38.64	-45.183	-12.897	NA	0.233333333333333	Inf	-1.0996613144452527	0	1	No-PER3D	No-Essential3D
203	V	203	38.413	-46.754	-9.399	NA	0.233072916666667	Inf	-1.1037271657931653	0	1	No-PER3D	No-Essential3D
204	A	204	34.755	-45.609	-9.015	NA	0.253272019808985	Inf	-0.9912633122254891	0	1	No-PER3D	No-Essential3D
205	H	205	33.739	-47.324	-12.271	NA	0.140234375	Inf	-1.2010853901117378	0	1	No-PER3D	No-Essential3D
206	H	206	35.653	-50.564	-11.401	NA	0.139147286821705	Inf	-1.2269883148739016	0	1	No-PER3D	No-Essential3D
207	T	207	34.037	-51.009	-7.954	NA	0.139147286821705	Inf	-1.2209507242300393	0	1	No-PER3D	No-Essential3D
208	D	208	30.633	-49.776	-9.162	NA	0.154011154011154	Inf	-1.2707736367825384	0	1	No-PER3D	No-Essential3D
209	C	209	30.643	-46.944	-6.573	NA	0.152991452991453	Inf	-1.1171746287184041	0	1	No-PER3D	No-Essential3D
210	T	210	29.658	-43.267	-6.979	NA	0.304182509505703	Inf	-1.0263833666278388	0	1	No-PER3D	No-Essential3D
211	F	211	32.383	-40.661	-7.447	NA	0.303872053872054	Inf	-0.9534365461748515	0	1	No-PER3D	No-Essential3D
212	I	212	31.345	-37.725	-5.279	NA	0.272452830188679	Inf	-0.7740199928473743	0	1	No-PER3D	No-Essential3D
213	R	213	33.787	-34.98	-5.955	NA	0.270676691729323	Inf	-0.6584433902616895	0	1	No-PER3D	No-Essential3D
214	V	214	34.142	-32.103	-3.573	NA	0.30188679245283	Inf	-0.3524642970688489	0	1	No-PER3D	No-Essential3D
215	S	215	35.661	-29.415	-5.829	NA	0.299625468164794	Inf	-0.2305596932952786	0	1	No-PER3D	No-Essential3D
216	G	216	35.562	-26.527	-3.355	NA	0.299625468164794	Inf	-0.09863778742369769	0	1	No-PER3D	No-Essential3D
217	S	217	32.822	-24.847	-5.368	NA	0.268401486988848	Inf	-0.5254591745150433	0	1	No-PER3D	No-Essential3D
218	E	218	29.766	-23.219	-3.759	NA	0.244001351808043	Inf	-0.9811178883768019	0	1	No-PER3D	No-Essential3D
219	L	219	27.743	-23.975	-6.931	NA	0.244001351808043	Inf	-1.0478090611212774	0	1	No-PER3D	No-Essential3D
220	V	220	28.123	-27.689	-6.081	NA	0.243097643097643	Inf	-1.1526674956903808	0	1	No-PER3D	No-Essential3D
221	Q	221	27.029	-26.943	-2.52	NA	0.241310160427808	Inf	-1.0446591370584006	0	1	No-PER3D	No-Essential3D
222	K	222	23.387	-26.92	-1.522	NA	0.24042624042624	Inf	-1.1684669520657889	0	1	No-PER3D	No-Essential3D
223	F	223	23.781	-29.289	1.476	NA	0.293854293854294	Inf	-0.997229119528607	0	1	No-PER3D	No-Essential3D
224	I	224	24.429	-26.42	3.854	NA	0.293854293854294	Inf	-0.895229763128291	0	1	No-PER3D	No-Essential3D
225	G	225	25.678	-24.17	0.979	NA	0.292781832927818	Inf	-0.9131960120448935	0	1	No-PER3D	No-Essential3D
226	E	226	29.345	-24.451	1.988	NA	0.293854293854294	Inf	-0.8280608836280485	0	1	No-PER3D	No-Essential3D
227	G	227	31.717	-27.37	2.708	NA	0.396703296703297	Inf	-0.48326999230512646	0	1	No-PER3D	No-Essential3D
228	A	228	34.033	-27.193	5.699	NA	0.392391304347826	Inf	-0.3013206082631568	0	1	No-PER3D	No-Essential3D
229	R	229	31.54	-27.992	8.489	NA	0.356719367588933	Inf	-0.2164923046974965	0	1	No-PER3D	No-Essential3D
230	M	230	29.804	-30.395	6.094	NA	0.392391304347826	Inf	-0.43828451740500385	0	1	No-PER3D	No-Essential3D
231	V	231	31.498	-33.536	7.415	NA	0.390974729241877	Inf	-0.17768444756818497	0	1	No-PER3D	No-Essential3D
232	R	232	28.69	-35.865	8.549	NA	0.434416365824308	Inf	-0.30216681656753147	0	1	No-PER3D	No-Essential3D
233	E	233	25.897	-34.875	6.048	NA	0.326992753623188	Inf	-0.7228654147973498	0	1	No-PER3D	No-Essential3D
234	L	234	27.933	-36.235	3.122	NA	0.289610910549539	Inf	-0.5921816336026464	0	1	No-PER3D	No-Essential3D
235	F	235	28.658	-39.513	5.019	NA	0.325812274368231	Inf	-0.39325456720645535	0	1	No-PER3D	No-Essential3D
236	V	236	24.949	-40.106	5.787	NA	0.289610910549539	Inf	-0.5880973818738606	0	1	No-PER3D	No-Essential3D
237	M	237	23.94	-39.619	2.11	NA	0.289855072463768	Inf	-0.9686679500506769	0	1	No-PER3D	No-Essential3D
238	A	238	26.967	-41.652	0.944	NA	0.290909090909091	Inf	-0.8188632629544343	0	1	No-PER3D	No-Essential3D
239	R	239	25.738	-44.523	3.168	NA	0.264468864468864	Inf	-0.6721324585827884	0	1	No-PER3D	No-Essential3D
240	E	240	22.264	-44.351	1.512	NA	0.261818181818182	Inf	-1.057866414691501	0	1	No-PER3D	No-Essential3D
241	H	241	23.755	-44.399	-1.991	NA	0.145454545454545	Inf	-1.1117290990489002	0	1	No-PER3D	No-Essential3D
242	A	242	26.537	-46.837	-0.896	NA	0.263503649635037	Inf	-0.9381327597783327	0	1	No-PER3D	No-Essential3D
243	P	243	29.349	-47.646	-1.705	NA	0.29466829466829503	Inf	-1.0242922237124459	0	1	No-PER3D	No-Essential3D
244	S	244	30.949	-44.251	-2.404	NA	0.401111111111111	Inf	-0.9418909417760191	0	1	No-PER3D	No-Essential3D
245	I	245	34.348	-42.616	-2.557	NA	0.402602230483271	Inf	-0.9174468741133848	0	1	No-PER3D	No-Essential3D
246	I	246	34.62	-39	-1.461	NA	0.399630996309963	Inf	-0.4657360145796684	0	1	No-PER3D	No-Essential3D
247	F	247	37.352	-37.228	-3.386	NA	0.55453431372549	Inf	-0.42830917266101726	0	1	No-PER3D	No-Essential3D
248	M	248	39.145	-34.018	-2.474	NA	0.601065601065601	Inf	-0.19720871179888363	0	1	No-PER3D	No-Essential3D
249	D	249	41.23	-32.55	-5.263	NA	0.661172161172161	Inf	-0.10154076821515234	0	1	No-PER3D	No-Essential3D
250	E	250	43.813	-29.851	-5.887	NA	0.658759124087591	Inf	0.23369849380432067	0	1	No-PER3D	No-Essential3D
251	I	251	44.267	-28.888	-9.568	NA	0.666051660516605	Inf	0.575410231758978	0	1	No-PER3D	No-Essential3D
252	D	252	47.248	-26.615	-8.643	NA	0.60550150956055	Inf	0.9383099623458752	0	1	No-PER3D	No-Essential3D
253	S	253	45.723	-23.64	-10.539	NA	0.601065601065601	Inf	1.4516017311545255	0	1	No-PER3D	No-Essential3D
254	I	254	42.851	-22.378	-8.354	NA	0.607178799060718	Inf	0.4584663083752905	0	1	No-PER3D	No-Essential3D
255	G	255	43.212	-22.239	-4.555	NA	0.601065601065601	Inf	0.446835928754823	0	1	No-PER3D	No-Essential3D
256	S	256	47.061	-22.143	-4.576	NA	0.664206642066421	Inf	0.7879073996360113	0	1	No-PER3D	No-Essential3D
257	S	257	46.791	-19.297	-2.025	NA	0.60382422006038206	Inf	0.6880036121059862	0	1	No-PER3D	No-Essential3D
258	R	258	45.009	-21.614	0.452	NA	0.533333333333333	Inf	0.5711296142003763	0	1	No-PER3D	No-Essential3D
259	L	259	47.954	-24.099	0.306	NA	0.481717544448172	Inf	0.8957238545893123	0	1	No-PER3D	No-Essential3D
260	E	260	50.898	-21.811	1.173	NA	0.527941176470588	Inf	0.8424702149545062	0	1	No-PER3D	No-Essential3D
261	G	261	48.828	-19.84	3.734	NA	0.527472527472528	Inf	0.6513989132523103	0	1	No-PER3D	No-Essential3D
262	G	262	48.756	-22.409	6.531	NA	0.531365313653137	Inf	0.7658950728835295	0	1	No-PER3D	No-Essential3D
263	S	263	48.862	-25.875	4.956	NA	0.527472527472528	Inf	0.8590053866027461	0	1	No-PER3D	No-Essential3D
264	G	264	45.686	-25.71	2.88	NA	0.524087591240876	Inf	0.7971671271638872	0	1	No-PER3D	No-Essential3D
265	G	265	42.065	-24.788	3.273	NA	0.524087591240876	Inf	0.6212153145224258	0	1	No-PER3D	No-Essential3D
266	D	266	41.441	-27.885	1.103	NA	0.478188478188478	Inf	0.5472874938724377	0	1	No-PER3D	No-Essential3D
267	S	267	43.446	-29.858	3.693	NA	0.524542124542125	Inf	0.7218943521384392	0	1	No-PER3D	No-Essential3D
268	E	268	41.069	-28.563	6.435	NA	0.524542124542125	Inf	0.48229021170377046	0	1	No-PER3D	No-Essential3D
269	V	269	38.08	-30.29	4.757	NA	0.528413284132841	Inf	0.19609163593150236	0	1	No-PER3D	No-Essential3D
270	Q	270	40.142	-33.457	4.359	NA	0.587654320987654	Inf	0.2673211808417772	0	1	No-PER3D	No-Essential3D
271	R	271	41.338	-33.511	7.999	NA	0.59149111937216	Inf	0.35015329871654305	0	1	No-PER3D	No-Essential3D
272	T	272	37.795	-33.008	9.407	NA	0.59149111937216	Inf	0.1616791797562632	0	1	No-PER3D	No-Essential3D
273	M	273	36.329	-35.713	7.118	NA	0.589300411522634	Inf	0.025582777432672704	0	1	No-PER3D	No-Essential3D
274	L	274	39.148	-38.053	8.233	NA	0.589300411522634	Inf	0.14808846148384608	0	1	No-PER3D	No-Essential3D
275	E	275	38.32	-37.332	11.936	NA	0.49907063197026	Inf	0.2367621322086753	0	1	No-PER3D	No-Essential3D
276	L	276	34.576	-37.987	11.325	NA	0.587125871258713	Inf	-0.10916911789702577	0	1	No-PER3D	No-Essential3D
277	L	277	35.464	-41.191	9.465	NA	0.584967320261438	Inf	-0.19801655563467702	0	1	No-PER3D	No-Essential3D
278	N	278	37.936	-42.273	12.206	NA	0.374348279457768	Inf	-0.14456943974693373	0	1	No-PER3D	No-Essential3D
279	Q	279	35.094	-42.422	14.761	NA	0.370293965961836	Inf	-0.21626731102219693	0	1	No-PER3D	No-Essential3D
280	L	280	31.407	-42.461	13.775	NA	0.32168458781362	Inf	-0.22530940447799222	0	1	No-PER3D	No-Essential3D
281	D	281	28.313	-44.122	15.285	NA	0.324909747292419	Inf	-0.3256352576104813	0	1	No-PER3D	No-Essential3D
282	G	282	28.309	-47.977	14.865	NA	0.32258064516129	Inf	-0.3427668083460209	0	1	No-PER3D	No-Essential3D
283	F	283	29.762	-47.476	11.339	NA	0.36896197327852	Inf	-0.496255849635275	0	1	No-PER3D	No-Essential3D
284	E	284	33.296	-47.33	12.695	NA	0.36896197327852	Inf	-0.4344601911310606	0	1	No-PER3D	No-Essential3D
285	A	285	33.379	-51.169	12.431	NA	0.369989722507708	Inf	-1.032358548611891	0	1	No-PER3D	No-Essential3D
286	T	286	32.151	-51.337	8.836	NA	0.485611510791367	Inf	-1.106086562339255	0	1	No-PER3D	No-Essential3D
287	K	287	33.244	-48.675	6.325	NA	0.489130434782609	Inf	-0.9260923910686913	0	1	No-PER3D	No-Essential3D
288	N	288	32.372	-48.409	2.629	NA	0.583941605839416	Inf	-1.0038502189435035	0	1	No-PER3D	No-Essential3D
289	I	289	32.948	-44.673	2.393	NA	0.587708587708588	Inf	-0.6702625677458578	0	1	No-PER3D	No-Essential3D
290	K	290	36.562	-43.495	2.149	NA	0.661172161172161	Inf	-0.4818588307876211	0	1	No-PER3D	No-Essential3D
291	V	291	37.96	-39.991	2.045	NA	0.663003663003663	Inf	-0.13540331038133832	0	1	No-PER3D	No-Essential3D
292	I	292	40.641	-39.641	-0.636	NA	0.658181818181818	Inf	-0.32122310559788664	0	1	No-PER3D	No-Essential3D
293	M	293	43.089	-36.734	-1.023	NA	0.583434343434343	Inf	0.04755828820544031	0	1	No-PER3D	No-Essential3D
294	A	294	44.955	-35.695	-4.152	NA	0.586080586080586	Inf	-0.28461891255533733	0	1	No-PER3D	No-Essential3D
295	T	295	47.971	-33.534	-3.375	NA	0.581818181818182	Inf	0.10920743154036873	0	1	No-PER3D	No-Essential3D
296	N	296	51.434	-33.152	-4.877	NA	0.654545454545455	Inf	0.023007695204967177	0	1	No-PER3D	No-Essential3D
297	R	297	53.336	-31.799	-1.877	NA	0.744713769984528	Inf	0.37555188290142544	0	1	No-PER3D	No-Essential3D
298	I	298	54.423	-33.07	1.479	NA	0.744713769984528	Inf	0.4105473976053725	0	1	No-PER3D	No-Essential3D
299	D	299	54.333	-29.511	2.962	NA	0.75012987012987	Inf	0.8719838836764618	0	1	No-PER3D	No-Essential3D
300	I	300	50.526	-29.369	3.159	NA	0.754953076120959	Inf	0.7162343220689621	0	1	No-PER3D	No-Essential3D
301	L	301	50.373	-32.539	5.271	NA	0.749482401656315	Inf	0.5810657212418054	0	1	No-PER3D	No-Essential3D
302	D	302	49.283	-31.905	8.867	NA	0.75012987012987	Inf	0.8963163749378362	0	1	No-PER3D	No-Essential3D
303	S	303	49.855	-34.331	11.806	NA	0.745341614906832	Inf	0.9082158820278605	0	1	No-PER3D	No-Essential3D
304	A	304	46.905	-36.677	11.074	NA	0.563086548488008	Inf	0.30971627324784134	0	1	No-PER3D	No-Essential3D
305	L	305	47.935	-37.106	7.412	NA	0.568802521008403	Inf	0.4097156346364782	0	1	No-PER3D	No-Essential3D
306	L	306	51.679	-37.528	7.959	NA	0.666051660516605	Inf	0.3638969336162503	0	1	No-PER3D	No-Essential3D
307	R	307	51.689	-40.668	10.15	NA	0.495879120879121	Inf	0.3609935898150863	0	1	No-PER3D	No-Essential3D
308	P	308	50.812	-44.241	8.998	NA	0.497252747252747	Inf	-0.10649113222817203	0	1	No-PER3D	No-Essential3D
309	G	309	48.373	-46.232	11.24	NA	0.499538745387454	Inf	-0.47232978464620123	0	1	No-PER3D	No-Essential3D
310	R	310	45.983	-43.308	10.838	NA	0.498154981549816	Inf	-0.20559421922567697	0	1	No-PER3D	No-Essential3D
311	I	311	45.867	-43.568	7.017	NA	0.570901423299947	Inf	-0.08681893081952399	0	1	No-PER3D	No-Essential3D
312	D	312	45.867	-47.056	5.358	NA	0.566718995290424	Inf	-0.4715719136975526	0	1	No-PER3D	No-Essential3D
313	R	313	48.169	-46.163	2.519	NA	0.568802521008403	Inf	-0.39240571627666054	0	1	No-PER3D	No-Essential3D
314	K	314	50.428	-43.448	1.294	NA	0.505130597014925	Inf	-0.21792462191317305	0	1	No-PER3D	No-Essential3D
315	I	315	50.912	-43.945	-2.424	NA	0.594795539033457	Inf	-0.5188302859892677	0	1	No-PER3D	No-Essential3D
316	E	316	54.007	-42.999	-4.437	NA	0.588235294117647	Inf	-0.48063763045954416	0	1	No-PER3D	No-Essential3D
317	F	317	53.315	-42.844	-8.178	NA	0.496323529411765	Inf	-0.6760908351158548	0	1	No-PER3D	No-Essential3D
318	P	318	55.847	-44.109	-10.757	NA	0.5	Inf	-0.5776264870160916	0	1	No-PER3D	No-Essential3D
319	P	319	56.334	-41.349	-13.457	NA	0.446096654275093	Inf	-0.3692196595985416	0	1	No-PER3D	No-Essential3D
320	P	320	55.083	-42.188	-17.025	NA	0.451127819548872	Inf	-0.16140970824484488	0	1	No-PER3D	No-Essential3D
321	N	321	57.544	-44.637	-18.617	NA	0.452830188679245	Inf	0.12095687242726649	0	1	No-PER3D	No-Essential3D
322	E	322	57.946	-46.092	-22.14	NA	0.385232744783307	Inf	0.34693946799690384	0	1	No-PER3D	No-Essential3D
323	E	323	55.517	-48.889	-21.307	NA	0.385232744783307	Inf	0.2698237850198222	0	1	No-PER3D	No-Essential3D
324	A	324	52.766	-46.536	-19.967	NA	0.450686641697878	Inf	0.08079086068084824	0	1	No-PER3D	No-Essential3D
325	R	325	52.706	-44.579	-23.236	NA	0.674157303370787	Inf	0.23657453970749417	0	1	No-PER3D	No-Essential3D
326	L	326	52.238	-47.826	-25.271	NA	0.533828996282528	Inf	0.334311501619529	0	1	No-PER3D	No-Essential3D
327	D	327	49.363	-49.182	-23.125	NA	0.531851851851852	Inf	0.20808985967540647	0	1	No-PER3D	No-Essential3D
328	I	328	47.413	-45.883	-23.112	NA	0.483501683501684	Inf	0.23855660371399293	0	1	No-PER3D	No-Essential3D
329	L	329	48.167	-45.317	-26.865	NA	0.440344403444034	Inf	0.40403536499120246	0	1	No-PER3D	No-Essential3D
330	K	330	46.951	-48.793	-27.836	NA	0.440344403444034	Inf	0.39784141030599124	0	1	No-PER3D	No-Essential3D
331	I	331	43.461	-48.362	-26.336	NA	0.435523114355231	Inf	0.20857650782582493	0	1	No-PER3D	No-Essential3D
332	H	332	43.255	-44.788	-27.754	NA	0.437118437118437	Inf	0.3912507874455289	0	1	No-PER3D	No-Essential3D
333	S	333	44.228	-45.692	-31.353	NA	0.440740740740741	Inf	0.8057795572736723	0	1	No-PER3D	No-Essential3D
334	R	334	41.22	-48.041	-31.671	NA	0.441975308641975	Inf	0.45727490172107527	0	1	No-PER3D	No-Essential3D
335	K	335	38.714	-45.112	-31.8	NA	0.486210418794688	Inf	0.5563159330415324	0	1	No-PER3D	No-Essential3D
336	M	336	39.843	-43.829	-35.202	NA	0.488038277511962	Inf	0.7695342193619018	0	1	No-PER3D	No-Essential3D
337	N	337	40.509	-45.593	-38.496	NA	0.491252144082333	Inf	0.9788118784368852	0	1	No-PER3D	No-Essential3D
338	L	338	44.099	-46.78	-38.781	NA	0.540909090909091	Inf	1.026261302365322	0	1	No-PER3D	No-Essential3D
339	T	339	46.197	-47.719	-41.803	NA	0.614669421487603	Inf	1.1442978215014785	0	1	No-PER3D	No-Essential3D
340	R	340	48.016	-51.086	-41.874	NA	0.610634648370497	Inf	1.160589144067518	0	1	No-PER3D	No-Essential3D
341	G	341	51.722	-51.424	-40.879	NA	0.610634648370497	Inf	1.2060164673301526	0	1	No-PER3D	No-Essential3D
342	I	342	51.834	-48.698	-38.252	NA	0.615278257863809	Inf	1.1472004503128217	0	1	No-PER3D	No-Essential3D
343	N	343	53.716	-49.838	-35.156	NA	0.615278257863809	Inf	0.8877646988839574	0	1	No-PER3D	No-Essential3D
344	L	344	52.068	-48.595	-31.923	NA	0.619361554476058	Inf	0.6091719776498774	0	1	No-PER3D	No-Essential3D
345	R	345	55.37	-49.301	-30.152	NA	0.67680608365019	Inf	0.4119453607945377	0	1	No-PER3D	No-Essential3D
346	K	346	57.232	-46.819	-32.392	NA	0.490358126721763	Inf	0.90338671181354	0	1	No-PER3D	No-Essential3D
347	I	347	54.863	-43.921	-31.706	NA	0.559748427672956	Inf	1.30010599365281	0	1	No-PER3D	No-Essential3D
348	A	348	54.957	-44.381	-27.899	NA	0.557644110275689	Inf	0.8881229469618951	0	1	No-PER3D	No-Essential3D
349	E	349	58.78	-44.818	-27.734	NA	0.513788098693759	Inf	0.5963410506081889	0	1	No-PER3D	No-Essential3D
350	L	350	59.508	-41.598	-29.679	NA	0.515239477503628	Inf	1.3638990054348854	0	1	No-PER3D	No-Essential3D
351	M	351	56.92	-39.844	-27.503	NA	0.5206200643463	Inf	1.4300239320279036	0	1	No-PER3D	No-Essential3D
352	P	352	58.482	-38.225	-24.371	NA	0.525147928994083	Inf	1.5258803515625885	0	1	No-PER3D	No-Essential3D
353	G	353	55.055	-37.14	-23.154	NA	0.630828630828631	Inf	1.3072975113610132	0	1	No-PER3D	No-Essential3D
354	A	354	54.497	-35.641	-19.821	NA	0.633273703041145	Inf	1.2748669381689355	0	1	No-PER3D	No-Essential3D
355	S	355	51.072	-37.132	-19.008	NA	0.549416342412451	Inf	0.597604803304641	0	1	No-PER3D	No-Essential3D
356	G	356	48.641	-39.663	-20.562	NA	0.36875	Inf	0.08347497762329892	0	1	No-PER3D	No-Essential3D
357	A	357	46.828	-36.562	-21.979	NA	0.495798319327731	Inf	0.5899713309496176	0	1	No-PER3D	No-Essential3D
358	E	358	49.85	-35.91	-24.26	NA	0.499717673630717	Inf	1.5348832445598606	0	1	No-PER3D	No-Essential3D
359	V	359	49.78	-39.55	-25.561	NA	0.597300337457818	Inf	0.8933331008781403	0	1	No-PER3D	No-Essential3D
360	K	360	46.075	-39.192	-26.423	NA	0.638914027149321	Inf	0.8500526574185684	0	1	No-PER3D	No-Essential3D
361	G	361	47.019	-35.88	-28.084	NA	0.632146064052679	Inf	1.6076984950554967	0	1	No-PER3D	No-Essential3D
362	V	362	48.925	-37.821	-30.763	NA	0.67953667953668	Inf	1.4925205823473549	0	1	No-PER3D	No-Essential3D
363	C	363	45.731	-39.567	-31.969	NA	0.676923076923077	Inf	1.1631640081233061	0	1	No-PER3D	No-Essential3D
364	T	364	43.703	-36.332	-31.653	NA	0.677606177606178	Inf	1.2811037118177977	0	1	No-PER3D	No-Essential3D
365	E	365	46.288	-34.299	-33.633	NA	0.667300380228137	Inf	1.7883710641999542	0	1	No-PER3D	No-Essential3D
366	A	366	46.43	-37.084	-36.284	NA	0.669201520912548	Inf	1.5373566170840003	0	1	No-PER3D	No-Essential3D
367	G	367	42.701	-36.542	-37.124	NA	0.673664122137405	Inf	1.2330016449545298	0	1	No-PER3D	No-Essential3D
368	M	368	43.398	-32.889	-38.062	NA	0.62422634836428	Inf	1.4646665277068895	0	1	No-PER3D	No-Essential3D
369	Y	369	46.082	-34.09	-40.513	NA	0.620082207868467	Inf	1.6935068656546957	0	1	No-PER3D	No-Essential3D
370	A	370	43.761	-36.746	-42.084	NA	0.563537675606641	Inf	1.3611845708610217	0	1	No-PER3D	No-Essential3D
371	L	371	41.268	-33.964	-42.964	NA	0.557133838383838	Inf	1.170810993980402	0	1	No-PER3D	No-Essential3D
372	R	372	44.113	-31.716	-44.288	NA	0.559796437659033	Inf	1.263205042858055	0	1	No-PER3D	No-Essential3D
373	E	373	45.462	-34.413	-46.614	NA	0.556083650190114	Inf	1.3580172719922963	0	1	No-PER3D	No-Essential3D
374	R	374	41.864	-35.423	-47.408	NA	0.551378446115288	Inf	1.1511884153120724	0	1	No-PER3D	No-Essential3D
375	R	375	42.023	-39.06	-46.287	NA	0.606199770378875	Inf	1.183237517759038	0	1	No-PER3D	No-Essential3D
376	V	376	39.253	-41.35	-44.935	NA	0.694710947109471	Inf	0.9960802798323879	0	1	No-PER3D	No-Essential3D
377	H	377	41.678	-43.396	-42.824	NA	0.776470588235294	Inf	1.11091015910718	0	1	No-PER3D	No-Essential3D
378	V	378	44.422	-42.004	-40.573	NA	0.734098018769552	Inf	1.2046117536054821	0	1	No-PER3D	No-Essential3D
379	T	379	47.681	-42.796	-42.418	NA	0.767391304347826	Inf	1.2631717759817436	0	1	No-PER3D	No-Essential3D
380	Q	380	51.225	-43.262	-41.125	NA	0.852657004830918	Inf	1.4508865802213458	0	1	No-PER3D	No-Essential3D
381	E	381	52.009	-39.728	-42.464	NA	0.855072463768116	Inf	1.6574900150027883	0	1	No-PER3D	No-Essential3D
382	D	382	49.37	-38.161	-40.121	NA	0.849578820697954	Inf	1.6024993571008035	0	1	No-PER3D	No-Essential3D
383	F	383	51.121	-39.817	-37.141	NA	0.870503597122302	Inf	1.5751943436884843	0	1	No-PER3D	No-Essential3D
384	E	384	54.673	-38.621	-38.122	NA	0.874320652173913	Inf	1.9101584520287112	0	1	No-PER3D	No-Essential3D
385	M	385	53.509	-34.984	-38.069	NA	0.86620036101083	Inf	2.066766729222452	0	1	No-PER3D	No-Essential3D
386	A	386	51.456	-35.641	-34.858	NA	0.989943269726663	Inf	1.935957483924675	0	1	No-PER3D	No-Essential3D
387	V	387	54.468	-36.867	-32.798	NA	1.15006150061501	Inf	1.9168475112759416	0	1	No-PER3D	No-Essential3D
388	A	388	56.533	-33.738	-33.601	NA	1.13550600343053	Inf	2.3214141328672087	0	1	No-PER3D	No-Essential3D
389	K	389	53.553	-31.433	-32.925	NA	1.14346590909091	Inf	2.2758650810452137	0	1	No-PER3D	No-Essential3D
390	V	390	52.865	-33.089	-29.533	NA	1.134	Inf	1.9692184181982717	0	1	No-PER3D	No-Essential3D
391	M	391	56.627	-32.879	-28.675	NA	1.12868852459016	Inf	2.2670536473115797	0	1	No-PER3D	No-Essential3D
392	Q	392	56.346	-29.061	-28.971	NA	1.118410041841	Inf	2.7456977242680427	0	1	No-PER3D	No-Essential3D
393	K	393	53.494	-29.061	-26.374	NA	1.09314420803782	Inf	2.5493305796613264	0	1	No-PER3D	No-Essential3D
394	D	394	55.627	-31.19	-23.982	NA	1.09551656920078	Inf	2.385064570286909	0	1	No-PER3D	No-Essential3D
395	S	395	58.548	-28.633	-24.333	NA	1.0842052815147	Inf	2.9994081090324323	0	1	No-PER3D	No-Essential3D
396	E	396	56.171	-25.786	-23.446	NA	1.07153729071537	Inf	3.221955406610292	0	1	No-PER3D	No-Essential3D
397	K	397	54.916	-27.682	-20.346	NA	1.0641627543036	Inf	2.4658308710199197	0	1	No-PER3D	No-Essential3D
398	N	398	58.527	-28.181	-19.18	NA	1.06666666666667	Inf	2.5006503849839623	0	1	No-PER3D	No-Essential3D
399	M	399	59.481	-24.504	-19.848	NA	1.05862646566164	Inf	3.610083453845881	0	1	No-PER3D	No-Essential3D
400	S	400	56.667	-23.052	-17.708	NA	1.05008635578584	Inf	3.5867329424022043	0	1	No-PER3D	No-Essential3D
401	I	401	57.199	-25.522	-14.735	NA	1.05137395459976	Inf	2.4996628119947863	0	1	No-PER3D	No-Essential3D
402	K	402	53.423	-25.566	-14.467	NA	1.05276225946617	Inf	2.0908536766137518	0	1	No-PER3D	No-Essential3D
403	K	403	50.636	-27.467	-16.265	NA	1.05523066926576	Inf	1.9275570214223148	0	1	No-PER3D	No-Essential3D
404	L	404	49.265	-26.03	-19.588	NA	1.05794137695978	Inf	2.1040075537723855	0	1	No-PER3D	No-Essential3D
