Uniprot_position	aminoacid	Position_in_structure	x	y	z	paraz	mtr	paraz3dscore	mtr3dscore	PER3D_OR	PER3D_pvalue	PER3D	Essential3D
8	P	8	6.382	15.839	4.795	NA	0.814917127071823	Inf	0.3147196540994979	0	1	No-PER3D	No-Essential3D
9	H	9	3.06	14.347	5.956	NA	0.805921052631579	Inf	0.29428471233512393	0	1	No-PER3D	No-Essential3D
10	G	10	4.037	10.815	7.194	NA	0.80266497461929	Inf	0.30137931218623576	0	1	No-PER3D	No-Essential3D
11	N	11	1.976	9.183	4.432	NA	0.807188703465982	Inf	0.36907676219956626	0	1	No-PER3D	No-Essential3D
12	G	12	4.932	8.279	2.159	NA	0.81203007518797	Inf	0.5572928213562469	0	1	No-PER3D	No-Essential3D
13	L	13	4.157	10.925	-0.516	NA	0.767889908256881	Inf	0.5446203365326548	0	1	No-PER3D	No-Essential3D
14	L	14	7.239	12.639	-2.005	NA	0.775675675675676	Inf	0.09067548821150208	0	1	No-PER3D	No-Essential3D
15	Y	15	5.898	14.069	-5.291	NA	0.767145135566188	Inf	0.1479663607717084	0	1	No-PER3D	No-Essential3D
16	A	16	2.636	14.71	-7.121	NA	0.765151515151515	Inf	0.6870198708078163	0	1	No-PER3D	No-Essential3D
17	G	17	2.284	16.01	-10.69	NA	0.7618332081142	Inf	0.8329874670848784	0	1	No-PER3D	No-Essential3D
18	F	18	-0.046	15.992	-13.694	NA	0.823680351906159	Inf	0.8966115057901282	0	1	No-PER3D	No-Essential3D
19	N	19	0.407	14.779	-17.283	NA	0.8203125	Inf	-0.010353309250756382	0	1	No-PER3D	No-Essential3D
20	Q	20	0.138	17.293	-20.205	NA	0.882199861207495	Inf	-0.14240869082755664	0	1	No-PER3D	No-Essential3D
21	D	21	-3.681	17.594	-20.524	NA	0.906692721055203	Inf	0.28558824276593137	0	1	No-PER3D	No-Essential3D
22	H	22	-4.092	17.058	-16.788	NA	0.885865958858659	Inf	0.6996817034162621	0	1	No-PER3D	No-Essential3D
23	G	23	-6.271	13.953	-17.337	NA	0.961140308966396	Inf	1.1902972523593767	0	1	No-PER3D	No-Essential3D
24	C	24	-3.953	11.871	-15.153	NA	0.968978102189781	Inf	1.297533713938251	0	1	No-PER3D	No-Essential3D
25	F	25	-1.798	12.612	-12.132	NA	0.972028985507246	Inf	1.108377048583031	0	1	No-PER3D	No-Essential3D
26	A	26	1.039	10.571	-10.692	NA	0.928630935851152	Inf	0.9278154307408625	0	1	No-PER3D	No-Essential3D
27	C	27	2.439	10.45	-7.186	NA	0.965776173285198	Inf	0.9297768103163905	0	1	No-PER3D	No-Essential3D
28	G	28	6	9.547	-6.267	NA	0.924901185770751	Inf	0.4431548783757691	0	1	No-PER3D	No-Essential3D
29	M	29	6.075	7.579	-3.033	NA	0.918247220405494	Inf	0.32764109575011824	0	1	No-PER3D	No-Essential3D
30	E	30	8.637	6.158	-0.537	NA	0.957272727272727	Inf	0.18690331786023612	0	1	No-PER3D	No-Essential3D
31	N	31	7.685	2.669	-1.813	NA	0.951086956521739	Inf	0.8622899754112617	0	1	No-PER3D	No-Essential3D
32	G	32	7.214	3.396	-5.569	NA	0.971575091575092	Inf	0.7588735147651805	0	1	No-PER3D	No-Essential3D
33	F	33	4.672	5.288	-7.664	NA	0.988636363636363	Inf	0.7261091461183826	0	1	No-PER3D	No-Essential3D
34	R	34	0.901	5.554	-8.157	NA	0.985014985014985	Inf	1.2703404915010053	0	1	No-PER3D	No-Essential3D
35	V	35	-1.091	6.827	-11.148	NA	0.971219256933543	Inf	1.41662243523317	0	1	No-PER3D	No-Essential3D
36	Y	36	-4.623	8.203	-10.981	NA	0.983471074380165	Inf	1.7486493906864653	0	1	No-PER3D	No-Essential3D
37	N	37	-7.143	9.396	-13.546	NA	1.03030303030303	Inf	1.633272288252632	0	1	No-PER3D	No-Essential3D
38	T	38	-7.817	13.045	-12.535	NA	1.0236369910283	Inf	1.1567820605387975	0	1	No-PER3D	No-Essential3D
39	D	39	-11.55	13.54	-13.132	NA	1.01994155062747	Inf	0.9612755354780349	0	1	No-PER3D	No-Essential3D
40	P	40	-13.48	11.293	-12.353	NA	0.978599867285999	Inf	1.25975088149205	0	1	No-PER3D	No-Essential3D
41	L	41	-10.844	10.305	-9.745	NA	0.949090909090909	Inf	1.183350459974112	0	1	No-PER3D	No-Essential3D
42	K	42	-9.777	6.672	-10.191	NA	0.997611084567606	Inf	1.9761619321110977	0	1	No-PER3D	No-Essential3D
43	E	43	-6.653	4.655	-9.208	NA	0.998401534526854	Inf	2.1652455315033348	0	1	No-PER3D	No-Essential3D
44	K	44	-5.102	3.256	-12.446	NA	1.03537190082645	Inf	2.152647137691264	0	1	No-PER3D	No-Essential3D
45	E	45	-1.759	1.934	-11.305	NA	0.991113932085053	Inf	1.9759435951773734	0	1	No-PER3D	No-Essential3D
46	K	46	-0.098	1.272	-7.993	NA	1.0305745914602	Inf	2.069549150508204	0	1	No-PER3D	No-Essential3D
47	Q	47	3.504	0.077	-7.716	NA	1.05166051660517	Inf	1.7749250947813322	0	1	No-PER3D	No-Essential3D
48	E	48	4.308	-0.214	-3.992	NA	1.01239157372986	Inf	2.0089626398662133	0	1	No-PER3D	No-Essential3D
49	F	49	7.27	-2.608	-3.987	NA	1.00080814611282	Inf	2.1310499462586545	0	1	No-PER3D	No-Essential3D
50	L	50	9.836	-0.521	-5.89	NA	0.955867930696306	Inf	0.3526479158274276	0	1	No-PER3D	No-Essential3D
51	E	51	12.991	-0.52	-3.767	NA	0.946826758147513	Inf	-0.14544961301908768	0	1	No-PER3D	No-Essential3D
52	G	52	13.979	2.993	-2.616	NA	0.937840785169029	Inf	-0.6870548432841453	0	1	No-PER3D	No-Essential3D
53	G	53	10.814	4.628	-4.03	NA	0.888429752066116	Inf	-0.14998352396812561	0	1	No-PER3D	No-Essential3D
54	V	54	10.262	7.388	-6.564	NA	0.847718631178707	Inf	-0.11356518218809455	0	1	No-PER3D	No-Essential3D
55	G	55	10.876	11.142	-6.015	NA	0.819860973187686	Inf	-0.4393192651298258	0	1	No-PER3D	No-Essential3D
56	H	56	9.706	12.455	-9.402	NA	0.716374269005848	Inf	-0.43992672125316906	0	1	No-PER3D	No-Essential3D
57	V	57	7.248	10.927	-11.923	NA	0.758513931888545	Inf	-0.12164086706441765	0	1	No-PER3D	No-Essential3D
58	E	58	6.746	12.202	-15.488	NA	0.764260249554367	Inf	-0.5687152853919063	0	1	No-PER3D	No-Essential3D
59	M	59	4.021	10.553	-17.643	NA	0.764260249554367	Inf	-0.1238350530012778	0	1	No-PER3D	No-Essential3D
60	L	60	4.064	9.818	-21.409	NA	0.721801346801347	Inf	-0.6076324128834272	0	1	No-PER3D	No-Essential3D
61	F	61	1.031	7.446	-21.7	NA	0.645283018867925	Inf	0.029263201001617643	0	1	No-PER3D	No-Essential3D
62	R	62	0.683	8.203	-25.45	NA	0.642857142857143	Inf	-0.6600517649278947	0	1	No-PER3D	No-Essential3D
63	C	63	3.816	6.02	-25.923	NA	0.59726368159204	Inf	-1.3354505884740413	0	1	No-PER3D	No-Essential3D
64	N	64	3.1	3.859	-22.812	NA	0.599004975124378	Inf	-1.1889547445769644	0	1	No-PER3D	No-Essential3D
65	Y	65	6.11	5.212	-20.867	NA	0.559934701492537	Inf	-1.2258681100705742	0	1	No-PER3D	No-Essential3D
66	L	66	6.864	6.863	-17.526	NA	0.559479553903346	Inf	-0.4889120796543903	0	1	No-PER3D	No-Essential3D
67	A	67	10.123	8.428	-16.394	NA	0.511111111111111	Inf	-1.0005477363443775	0	1	No-PER3D	No-Essential3D
68	L	68	10.857	7.812	-12.741	NA	0.516417910447761	Inf	-0.4055399780070746	0	1	No-PER3D	No-Essential3D
69	V	69	13.476	9.56	-10.641	NA	0.516417910447761	Inf	-0.7971453722611878	0	1	No-PER3D	No-Essential3D
70	G	70	14.493	7.129	-7.876	NA	0.51685393258427	Inf	-0.7831334577320674	0	1	No-PER3D	No-Essential3D
71	G	71	14.152	8.401	-4.279	NA	0.548061603823686	Inf	-0.7793636683749757	0	1	No-PER3D	No-Essential3D
72	G	72	17.094	10.501	-2.995	NA	0.536380597014925	Inf	-1.2782717653626543	0	1	No-PER3D	No-Essential3D
73	K	73	16.677	9.057	0.473	NA	0.385873605947955	Inf	-1.3859997172016667	0	1	No-PER3D	No-Essential3D
74	K	74	17.127	5.461	-0.698	NA	0.384132841328413	Inf	-1.1977547252001444	0	1	No-PER3D	No-Essential3D
75	P	75	20.322	4.03	0.911	NA	0.381617647058824	Inf	-2.2145603148154818	0	1	No-PER3D	No-Essential3D
76	K	76	20.516	1.012	-1.456	NA	0.506959706959707	Inf	-2.1142978017940375	0	1	No-PER3D	No-Essential3D
77	Y	77	21.435	2.646	-4.77	NA	0.634191176470588	Inf	-1.980395455876151	0	1	No-PER3D	No-Essential3D
78	P	78	23.926	5.277	-5.995	NA	0.457863304578633	Inf	-1.9447851222547532	0	1	No-PER3D	No-Essential3D
79	P	79	22.077	8.556	-6.833	NA	0.633699633699634	Inf	-1.6102119911465682	0	1	No-PER3D	No-Essential3D
80	N	80	20.88	9.894	-9.251	NA	0.640740740740741	Inf	-1.6876618616665622	0	1	No-PER3D	No-Essential3D
81	K	81	19.041	7.234	-11.275	NA	0.744178921568628	Inf	-1.3414126590581588	0	1	No-PER3D	No-Essential3D
82	V	82	16.505	8.012	-14.023	NA	0.790883190883191	Inf	-1.2611631037696673	0	1	No-PER3D	No-Essential3D
83	M	83	14.43	4.937	-14.887	NA	0.785694010786262	Inf	-0.9612791375223712	0	1	No-PER3D	No-Essential3D
84	I	84	12.274	4.674	-18.011	NA	0.790883190883191	Inf	-1.271095806257841	0	1	No-PER3D	No-Essential3D
85	W	85	9.292	2.488	-17.139	NA	0.796785304247991	Inf	-0.6942743221109242	0	1	No-PER3D	No-Essential3D
86	D	86	7.57	0.567	-19.951	NA	0.796110952244781	Inf	-1.2117256368763298	0	1	No-PER3D	No-Essential3D
87	D	87	3.932	0.579	-18.857	NA	0.867410161090458	Inf	-0.45777703936860553	0	1	No-PER3D	No-Essential3D
88	L	88	2.922	-2.426	-20.964	NA	0.870646766169154	Inf	-0.9687938636879551	0	1	No-PER3D	No-Essential3D
89	K	89	5.728	-4.631	-19.601	NA	0.76685393258427	Inf	-0.9035346649493062	0	1	No-PER3D	No-Essential3D
90	K	90	5.464	-3.074	-16.09	NA	0.652416356877323	Inf	0.1545624399946959	0	1	No-PER3D	No-Essential3D
91	K	91	9.218	-2.706	-15.712	NA	0.693928128872367	Inf	-0.5666084656569574	0	1	No-PER3D	No-Essential3D
92	T	92	12.217	-0.414	-16.068	NA	0.691358024691358	Inf	-1.0213746881046337	0	1	No-PER3D	No-Essential3D
93	V	93	13.627	-0.817	-19.622	NA	0.728551660516605	Inf	-1.040183789138086	0	1	No-PER3D	No-Essential3D
94	I	94	16.281	1.969	-19.647	NA	0.733333333333333	Inf	-1.170311478724124	0	1	No-PER3D	No-Essential3D
95	E	95	18.345	3.328	-16.707	NA	0.738150557620818	Inf	-1.2230764736842834	0	1	No-PER3D	No-Essential3D
96	I	96	20.564	6.432	-16.779	NA	0.785130111524164	Inf	-1.2992670904797055	0	1	No-PER3D	No-Essential3D
97	E	97	22.833	7.053	-13.75	NA	0.784444444444445	Inf	-1.1936335229399213	0	1	No-PER3D	No-Essential3D
98	F	98	24.062	10.593	-12.922	NA	0.821759259259259	Inf	-1.4180640158797873	0	1	No-PER3D	No-Essential3D
99	S	99	26.889	11.871	-10.692	NA	0.812728937728938	Inf	-1.0032614494180427	0	1	No-PER3D	No-Essential3D
100	T	100	24.678	14.637	-9.219	NA	0.809762773722628	Inf	-1.5300830729103418	0	1	No-PER3D	No-Essential3D
101	E	101	21.005	14.896	-8.194	NA	0.762766645119586	Inf	-1.8227604425779937	0	1	No-PER3D	No-Essential3D
102	V	102	18.275	14.846	-10.851	NA	0.767733564013841	Inf	-1.562590059085729	0	1	No-PER3D	No-Essential3D
103	K	103	15.567	17.335	-9.915	NA	0.762129669386003	Inf	-1.6296093488604295	0	1	No-PER3D	No-Essential3D
104	A	104	13.151	16.466	-12.732	NA	0.770566529194704	Inf	-1.5362111697616878	0	1	No-PER3D	No-Essential3D
105	V	105	12.847	14.411	-15.934	NA	0.725081699346405	Inf	-1.4551440498361745	0	1	No-PER3D	No-Essential3D
106	K	106	10.8	15.381	-19.011	NA	0.724538745387454	Inf	-1.3489268043654559	0	1	No-PER3D	No-Essential3D
107	L	107	9.714	13.086	-21.87	NA	0.718550821871855	Inf	-1.325343076953936	0	1	No-PER3D	No-Essential3D
108	R	108	8.467	13.386	-25.433	NA	0.658671586715867	Inf	-1.254588517292569	0	1	No-PER3D	No-Essential3D
109	R	109	8.414	10.622	-28.097	NA	0.690789473684211	Inf	-1.4132117323054953	0	1	No-PER3D	No-Essential3D
110	D	110	11.981	11.136	-29.366	NA	0.617108381814264	Inf	-1.2199907215583752	0	1	No-PER3D	No-Essential3D
111	R	111	13.698	12.79	-26.341	NA	0.617108381814264	Inf	-1.260511721895747	0	1	No-PER3D	No-Essential3D
112	I	112	14.543	12.166	-22.68	NA	0.575827205882353	Inf	-1.3324227272550302	0	1	No-PER3D	No-Essential3D
113	V	113	15.326	15.464	-20.909	NA	0.571624087591241	Inf	-1.413888882029821	0	1	No-PER3D	No-Essential3D
114	V	114	17.033	15.256	-17.515	NA	0.571624087591241	Inf	-1.4473717499666063	0	1	No-PER3D	No-Essential3D
115	V	115	17.069	18.273	-15.194	NA	0.607515151515151	Inf	-1.5158885261768484	0	1	No-PER3D	No-Essential3D
116	L	116	20.043	18.528	-12.829	NA	0.607515151515151	Inf	-1.5205656438260655	0	1	No-PER3D	No-Essential3D
117	D	117	20.745	21.312	-10.294	NA	0.571624087591241	Inf	-1.5408674363478712	0	1	No-PER3D	No-Essential3D
118	S	118	22.73	23.61	-12.683	NA	0.537999141262344	Inf	-1.6320367763098262	0	1	No-PER3D	No-Essential3D
119	M	119	22.203	22.056	-16.119	NA	0.581699346405229	Inf	-1.6516258875090108	0	1	No-PER3D	No-Essential3D
120	I	120	19.731	20.227	-18.391	NA	0.577453365774534	Inf	-1.4077787866520581	0	1	No-PER3D	No-Essential3D
121	K	121	20.869	17.189	-20.373	NA	0.687848862172606	Inf	-1.4184935954294795	0	1	No-PER3D	No-Essential3D
122	V	122	18.984	16.099	-23.49	NA	0.730839416058394	Inf	-1.4388897241149754	0	1	No-PER3D	No-Essential3D
123	F	123	19.235	12.493	-24.674	NA	0.730839416058394	Inf	-1.4182427631393397	0	1	No-PER3D	No-Essential3D
124	T	124	17.832	10.425	-27.541	NA	0.735576923076923	Inf	-1.3792329695898056	0	1	No-PER3D	No-Essential3D
125	F	125	14.883	8.196	-26.498	NA	0.687848862172606	Inf	-1.5010709095207202	0	1	No-PER3D	No-Essential3D
126	T	126	16.662	4.96	-27.462	NA	0.721816707218167	Inf	-1.1939893910347186	0	1	No-PER3D	No-Essential3D
127	H	127	17.633	1.699	-25.681	NA	0.726495726495727	Inf	-0.9607538943072114	0	1	No-PER3D	No-Essential3D
128	N	128	21.083	3.181	-25.058	NA	0.719191919191919	Inf	-1.0014202758024766	0	1	No-PER3D	No-Essential3D
129	P	129	20.366	6.971	-24.633	NA	0.682864450127877	Inf	-1.184180238082352	0	1	No-PER3D	No-Essential3D
130	H	130	22.864	9.197	-26.471	NA	0.675	Inf	-1.3993807962941671	0	1	No-PER3D	No-Essential3D
131	Q	131	23.515	12.685	-25.048	NA	0.675	Inf	-1.5760320435276678	0	1	No-PER3D	No-Essential3D
132	L	132	22.738	15.323	-27.676	NA	0.672090112640801	Inf	-1.4760504883781698	0	1	No-PER3D	No-Essential3D
133	H	133	22.73	18.599	-25.758	NA	0.669715235917689	Inf	-1.3857045132183088	0	1	No-PER3D	No-Essential3D
134	V	134	23.745	20.2	-22.502	NA	0.669715235917689	Inf	-1.6287339595178165	0	1	No-PER3D	No-Essential3D
135	F	135	22.168	23.499	-21.505	NA	0.665798772549749	Inf	-1.3707774695566282	0	1	No-PER3D	No-Essential3D
136	E	136	23.564	25.396	-18.522	NA	0.66815976110489	Inf	-1.5885910075838	0	1	No-PER3D	No-Essential3D
137	T	137	20.926	26.77	-16.071	NA	0.707249802994484	Inf	-1.4382841704012186	0	1	No-PER3D	No-Essential3D
138	C	138	20.882	28.899	-12.918	NA	0.636524822695035	Inf	-1.4847784003612106	0	1	No-PER3D	No-Essential3D
139	Y	139	20.752	26.888	-9.662	NA	0.636524822695035	Inf	-1.5899913119009839	0	1	No-PER3D	No-Essential3D
140	N	140	17.469	25.037	-10.124	NA	0.64336917562724	Inf	-1.455315062672595	0	1	No-PER3D	No-Essential3D
141	P	141	16.53	23.204	-6.854	NA	0.611700113593336	Inf	-1.5703260636441476	0	1	No-PER3D	No-Essential3D
142	K	142	12.868	22.802	-7.897	NA	0.611205432937182	Inf	-1.038355270907286	0	1	No-PER3D	No-Essential3D
143	G	143	13.797	21.252	-11.294	NA	0.645161290322581	Inf	-1.6259543797741622	0	1	No-PER3D	No-Essential3D
144	L	144	11.97	23.936	-13.297	NA	0.649819494584838	Inf	-1.280401150733977	0	1	No-PER3D	No-Essential3D
145	C	145	11.616	22.955	-16.958	NA	0.645161290322581	Inf	-1.348005686726278	0	1	No-PER3D	No-Essential3D
146	V	146	8.79	22.558	-19.464	NA	0.649819494584838	Inf	-0.9850042731904335	0	1	No-PER3D	No-Essential3D
147	L	147	8.996	20.328	-22.53	NA	0.671510791366907	Inf	-1.0580859229750357	0	1	No-PER3D	No-Essential3D
148	C	148	6.275	20.243	-25.182	NA	0.722624798711755	Inf	-0.9225160933513138	0	1	No-PER3D	No-Essential3D
149	P	149	5.325	16.615	-26.135	NA	0.755895564289725	Inf	-0.9832869070922491	0	1	No-PER3D	No-Essential3D
150	N	150	3.331	17.683	-29.233	NA	0.743271221532091	Inf	-0.9100500768620586	0	1	No-PER3D	No-Essential3D
151	S	151	4.443	16.121	-32.578	NA	0.751439037153323	Inf	-0.9916423087797505	0	1	No-PER3D	No-Essential3D
152	N	152	4.958	19.497	-34.283	NA	0.756302521008403	Inf	-0.7739634158839344	0	1	No-PER3D	No-Essential3D
153	N	153	6.189	21.441	-31.232	NA	0.731954582319546	Inf	-0.8328038521497246	0	1	No-PER3D	No-Essential3D
154	S	154	9.462	20.373	-29.547	NA	0.73733660130719	Inf	-0.879932768158916	0	1	No-PER3D	No-Essential3D
155	L	155	9.837	23.463	-27.316	NA	0.732600732600733	Inf	-0.7721019295582361	0	1	No-PER3D	No-Essential3D
156	L	156	12.099	23.053	-24.288	NA	0.761453619909502	Inf	-1.0257612469754511	0	1	No-PER3D	No-Essential3D
157	A	157	12.033	25.968	-21.822	NA	0.715299460686915	Inf	-0.8620861793523213	0	1	No-PER3D	No-Essential3D
158	F	158	13.965	26.39	-18.583	NA	0.715299460686915	Inf	-1.1807708704629836	0	1	No-PER3D	No-Essential3D
159	P	159	15.56	29.01	-16.204	NA	0.716269841269841	Inf	-1.0755160997410707	0	1	No-PER3D	No-Essential3D
160	G	160	18.551	30.726	-17.89	NA	0.714942226890756	Inf	-0.8975338149592111	0	1	No-PER3D	No-Essential3D
161	T	161	21.918	31.336	-16.181	NA	0.717580390089615	Inf	-1.1246374535011874	0	1	No-PER3D	No-Essential3D
162	H	162	20.827	34.942	-15.518	NA	0.739025321287696	Inf	-0.7287354005234552	0	1	No-PER3D	No-Essential3D
163	T	163	18.389	35.414	-12.576	NA	0.743805874840358	Inf	-0.4576004253246429	0	1	No-PER3D	No-Essential3D
164	G	164	14.735	35.603	-13.679	NA	0.758333333333333	Inf	-0.44746606336998196	0	1	No-PER3D	No-Essential3D
165	H	165	15.434	34.784	-17.336	NA	0.753479853479853	Inf	-0.3788557714098661	0	1	No-PER3D	No-Essential3D
166	V	166	13.729	31.937	-19.265	NA	0.764705882352941	Inf	-0.40314492018501785	0	1	No-PER3D	No-Essential3D
167	Q	167	15.653	30.237	-22.074	NA	0.847549019607843	Inf	-0.6072694011033448	0	1	No-PER3D	No-Essential3D
168	L	168	13.526	28.773	-24.896	NA	0.80590405904059	Inf	-0.4312156977407888	0	1	No-PER3D	No-Essential3D
169	V	169	15.009	26.11	-27.221	NA	0.805147058823529	Inf	-0.46098319262817716	0	1	No-PER3D	No-Essential3D
170	D	170	13.443	24.279	-30.185	NA	0.791666666666667	Inf	-0.347033325338994	0	1	No-PER3D	No-Essential3D
171	L	171	14.671	20.648	-29.961	NA	0.802941176470588	Inf	-0.7987701911751866	0	1	No-PER3D	No-Essential3D
172	A	172	13.581	20.016	-33.586	NA	0.836781609195402	Inf	-0.5697735321151856	0	1	No-PER3D	No-Essential3D
173	S	173	15.796	22.898	-34.822	NA	0.814925373134328	Inf	-0.02156565378043735	0	1	No-PER3D	No-Essential3D
174	T	174	18.883	23.205	-32.555	NA	0.796191456510551	Inf	-0.33084127566593774	0	1	No-PER3D	No-Essential3D
175	E	175	21.01	25.497	-34.773	NA	0.807879040088778	Inf	0.0720733382944256	0	1	No-PER3D	No-Essential3D
176	K	176	18.592	28.448	-34.524	NA	0.822361407249467	Inf	0.15312500024694	0	1	No-PER3D	No-Essential3D
177	P	177	19.507	30.736	-31.561	NA	0.800442233278054	Inf	0.15566169041338193	0	1	No-PER3D	No-Essential3D
178	P	178	17.535	30.237	-28.289	NA	0.779276693455798	Inf	-0.09047045851122056	0	1	No-PER3D	No-Essential3D
179	V	179	14.975	32.871	-27.293	NA	0.767080745341615	Inf	-0.008953268160442734	0	1	No-PER3D	No-Essential3D
180	D	180	15.95	34.601	-24.037	NA	0.764207783748575	Inf	-0.08940629220390109	0	1	No-PER3D	No-Essential3D
181	I	181	13.043	36.074	-22.053	NA	0.798944501191692	Inf	-0.07066360248682854	0	1	No-PER3D	No-Essential3D
182	P	182	13.808	38.509	-19.177	NA	0.836989477438916	Inf	-0.010064127658206454	0	1	No-PER3D	No-Essential3D
183	A	183	10.663	37.223	-17.437	NA	0.778436657681941	Inf	0.1115679139255022	0	1	No-PER3D	No-Essential3D
184	H	184	11.286	38.531	-13.918	NA	0.778436657681941	Inf	0.10235945069356234	0	1	No-PER3D	No-Essential3D
185	E	185	13.824	40.522	-11.892	NA	0.799726589200273	Inf	0.012175369466939812	0	1	No-PER3D	No-Essential3D
186	G	186	13.743	37.919	-9.048	NA	0.774123989218329	Inf	0.03598184661370689	0	1	No-PER3D	No-Essential3D
187	V	187	14.481	34.155	-8.938	NA	0.73893653516295	Inf	-0.5010086248799296	0	1	No-PER3D	No-Essential3D
188	L	188	12.054	31.972	-10.955	NA	0.779220779220779	Inf	-0.4068120081916655	0	1	No-PER3D	No-Essential3D
189	S	189	9.774	29.844	-8.754	NA	0.743801652892562	Inf	-0.2635288543230462	0	1	No-PER3D	No-Essential3D
190	C	190	7.247	28.409	-11.211	NA	0.711590296495957	Inf	-0.18662047746883023	0	1	No-PER3D	No-Essential3D
191	I	191	7.04	27.831	-15.014	NA	0.682509505703422	Inf	-0.42321790847892216	0	1	No-PER3D	No-Essential3D
192	A	192	4.008	26.287	-16.773	NA	0.677358490566038	Inf	-0.3188067856283688	0	1	No-PER3D	No-Essential3D
193	L	193	3.325	25.563	-20.485	NA	0.643054877055854	Inf	-0.4588591520905725	0	1	No-PER3D	No-Essential3D
194	N	194	-0.053	25.556	-22.281	NA	0.672284644194757	Inf	-0.26992342233201577	0	1	No-PER3D	No-Essential3D
195	L	195	-1.388	22.433	-24.063	NA	0.672284644194757	Inf	-0.3805756838597573	0	1	No-PER3D	No-Essential3D
196	Q	196	-0.568	23.818	-27.554	NA	0.678030303030303	Inf	-0.6211670679937985	0	1	No-PER3D	No-Essential3D
197	G	197	2.978	24.81	-26.495	NA	0.713643178410795	Inf	-0.6096770213221431	0	1	No-PER3D	No-Essential3D
198	T	198	2.391	28.406	-27.655	NA	0.61551724137931	Inf	-0.5748764140403553	0	1	No-PER3D	No-Essential3D
199	R	199	2.384	30.12	-24.249	NA	0.678707224334601	Inf	-0.20900007406314935	0	1	No-PER3D	No-Essential3D
200	I	200	4.425	29.848	-21.06	NA	0.713137806347931	Inf	-0.21068955385729715	0	1	No-PER3D	No-Essential3D
201	A	201	3.301	31.275	-17.722	NA	0.720081135902637	Inf	0.07841056642905439	0	1	No-PER3D	No-Essential3D
202	T	202	5.958	32.194	-15.125	NA	0.718052738336714	Inf	0.1210681474743357	0	1	No-PER3D	No-Essential3D
203	A	203	6.261	33.432	-11.541	NA	0.780032141422258	Inf	0.4559314391848513	0	1	No-PER3D	No-Essential3D
204	S	204	9.187	34.646	-9.395	NA	0.854204476709014	Inf	0.2848521497366579	0	1	No-PER3D	No-Essential3D
205	E	205	9.76	33.829	-5.687	NA	0.865041982387876	Inf	0.30793067864679885	0	1	No-PER3D	No-Essential3D
206	K	206	8.062	37.182	-4.977	NA	0.840277777777778	Inf	0.8158323681497476	0	1	No-PER3D	No-Essential3D
207	G	207	4.864	35.686	-6.524	NA	0.841176470588236	Inf	0.8780789876504272	0	1	No-PER3D	No-Essential3D
208	T	208	2.939	38.961	-6.849	NA	0.890657439446367	Inf	1.2822986567316328	0	1	No-PER3D	No-Essential3D
209	L	209	2.846	38.858	-10.649	NA	0.881208514534218	Inf	1.0494852456930308	0	1	No-PER3D	No-Essential3D
210	I	210	2.236	35.93	-13.011	NA	0.915032679738562	Inf	0.8996235941369732	0	1	No-PER3D	No-Essential3D
211	R	211	3.39	36.626	-16.551	NA	0.921259842519685	Inf	0.6279329859225781	0	1	No-PER3D	No-Essential3D
212	I	212	2.319	34.93	-19.772	NA	0.809688581314879	Inf	0.43684299818563826	0	1	No-PER3D	No-Essential3D
213	F	213	4.709	34.961	-22.762	NA	0.806525735294118	Inf	0.1731221281231905	0	1	No-PER3D	No-Essential3D
214	D	214	4.479	33.81	-26.38	NA	0.85205078125	Inf	-0.1787634212798063	0	1	No-PER3D	No-Essential3D
215	T	215	6.883	30.869	-26.976	NA	0.802768166089965	Inf	-0.44451604431569586	0	1	No-PER3D	No-Essential3D
216	S	216	7.854	31.818	-30.549	NA	0.761673151750973	Inf	-0.14047964122024287	0	1	No-PER3D	No-Essential3D
217	S	217	8.69	35.492	-29.997	NA	0.82665805340224	Inf	0.07138488624405048	0	1	No-PER3D	No-Essential3D
218	G	218	9.3	35.616	-26.228	NA	0.867703403200361	Inf	0.12272985247900223	0	1	No-PER3D	No-Essential3D
219	H	219	7.01	38.658	-26.018	NA	0.861104898233057	Inf	0.2693650856103645	0	1	No-PER3D	No-Essential3D
220	L	220	4.886	39.354	-22.919	NA	0.857843137254902	Inf	0.5695509311823423	0	1	No-PER3D	No-Essential3D
221	I	221	1.221	38.861	-23.861	NA	0.854605993340733	Inf	0.7341900386728137	0	1	No-PER3D	No-Essential3D
222	Q	222	-0.403	39.221	-20.428	NA	0.953878406708595	Inf	1.0721535501459474	0	1	No-PER3D	No-Essential3D
223	E	223	0.571	40.181	-16.859	NA	0.973187686196624	Inf	1.230493306210091	0	1	No-PER3D	No-Essential3D
224	L	224	-1.699	38.969	-14.041	NA	1.00998890122087	Inf	1.3881100918290827	0	1	No-PER3D	No-Essential3D
225	R	225	-1.594	40.006	-10.361	NA	1.0061919504644	Inf	1.4884162626357411	0	1	No-PER3D	No-Essential3D
226	R	226	-1.961	37.364	-7.628	NA	1.0233918128655	Inf	1.4710532995529673	0	1	No-PER3D	No-Essential3D
227	G	227	-1.911	40.034	-4.932	NA	0.993396226415094	Inf	1.6242371501078081	0	1	No-PER3D	No-Essential3D
228	S	228	-0.129	43.021	-3.461	NA	0.927169811320755	Inf	1.7875558360278634	0	1	No-PER3D	No-Essential3D
229	Q	229	1.811	40.924	-0.905	NA	0.876404494382023	Inf	1.6169606756819692	0	1	No-PER3D	No-Essential3D
230	A	230	4.417	38.22	-1.674	NA	0.889658668469077	Inf	1.3393065209721466	0	1	No-PER3D	No-Essential3D
231	A	231	3.476	34.523	-1.965	NA	0.866666666666667	Inf	1.208659995435979	0	1	No-PER3D	No-Essential3D
232	N	232	5.301	31.287	-2.815	NA	0.902564102564103	Inf	0.9867638066841108	0	1	No-PER3D	No-Essential3D
233	I	233	3.692	30.132	-6.083	NA	0.905919359450958	Inf	0.7416514035342539	0	1	No-PER3D	No-Essential3D
234	Y	234	3.446	26.328	-6.093	NA	0.84374531835206	Inf	0.4426964383091613	0	1	No-PER3D	No-Essential3D
235	C	235	1.697	25.523	-9.391	NA	0.84374531835206	Inf	0.36200131006637115	0	1	No-PER3D	No-Essential3D
236	I	236	0.343	27.319	-12.486	NA	0.808266360505167	Inf	0.49278533736510943	0	1	No-PER3D	No-Essential3D
237	N	237	-1.732	25.574	-15.18	NA	0.819444444444445	Inf	0.21469750049106187	0	1	No-PER3D	No-Essential3D
238	F	238	-3.704	26.654	-18.236	NA	0.769937821032712	Inf	0.11685909113846826	0	1	No-PER3D	No-Essential3D
239	N	239	-7.199	25.43	-19.206	NA	0.769937821032712	Inf	0.36224270801902564	0	1	No-PER3D	No-Essential3D
240	Q	240	-7.697	23.531	-22.503	NA	0.789508110936682	Inf	0.3020980920246715	0	1	No-PER3D	No-Essential3D
241	D	241	-7.669	26.529	-24.923	NA	0.785326086956522	Inf	-0.043858011284613065	0	1	No-PER3D	No-Essential3D
242	A	242	-5.572	28.803	-22.64	NA	0.788181818181818	Inf	0.11887454906983419	0	1	No-PER3D	No-Essential3D
243	S	243	-8.448	31.247	-22.055	NA	0.834545454545455	Inf	0.6006790833278585	0	1	No-PER3D	No-Essential3D
244	L	244	-8.013	30.758	-18.254	NA	0.852915360501567	Inf	0.7597352128225259	0	1	No-PER3D	No-Essential3D
245	I	245	-5.134	29.952	-15.858	NA	0.843711237906227	Inf	0.7442652510856743	0	1	No-PER3D	No-Essential3D
246	C	246	-5.196	28.539	-12.318	NA	0.878635415388391	Inf	0.7639316868039725	0	1	No-PER3D	No-Essential3D
247	V	247	-2.357	29.496	-9.925	NA	0.875519686965028	Inf	0.9495631297953347	0	1	No-PER3D	No-Essential3D
248	S	248	-1.669	27.921	-6.474	NA	0.860802624936901	Inf	0.8529052195466286	0	1	No-PER3D	No-Essential3D
249	S	249	0.289	29.032	-3.404	NA	0.854761904761905	Inf	1.007243229588822	0	1	No-PER3D	No-Essential3D
250	D	250	1.914	26.935	-0.703	NA	0.857771629778672	Inf	0.7764512029262595	0	1	No-PER3D	No-Essential3D
251	H	251	-0.91	28.042	1.647	NA	0.889540949400104	Inf	1.094818278193542	0	1	No-PER3D	No-Essential3D
252	G	252	-3.306	26.029	-0.58	NA	0.949468085106383	Inf	0.7893575396055332	0	1	No-PER3D	No-Essential3D
253	T	253	-4.855	29.206	-1.968	NA	0.897222222222222	Inf	1.1427640252160476	0	1	No-PER3D	No-Essential3D
254	V	254	-5.593	28.779	-5.653	NA	0.879551053928278	Inf	0.9139901614266485	0	1	No-PER3D	No-Essential3D
255	H	255	-6.57	31.641	-7.982	NA	0.87822777928785	Inf	1.105223859169572	0	1	No-PER3D	No-Essential3D
256	I	256	-8.467	31.551	-11.275	NA	0.88379705400982	Inf	0.8884906335984751	0	1	No-PER3D	No-Essential3D
257	F	257	-7.705	34.179	-13.882	NA	0.871174377224199	Inf	1.1816606309263182	0	1	No-PER3D	No-Essential3D
258	A	258	-8.959	35.106	-17.29	NA	0.854761904761905	Inf	1.1996151423593335	0	1	No-PER3D	No-Essential3D
259	A	259	-5.74	34.867	-19.332	NA	0.924604316546763	Inf	0.9913541555564108	0	1	No-PER3D	No-Essential3D
260	E	260	-6.793	36.512	-22.618	NA	0.975971223021583	Inf	1.0844409349801838	0	1	No-PER3D	No-Essential3D
261	D	261	-7.717	40.257	-22.753	NA	0.908900836320191	Inf	1.4079967933389452	0	1	No-PER3D	No-Essential3D
262	P	262	-9.13	40.081	-19.146	NA	0.955266049285826	Inf	1.4793215627793168	0	1	No-PER3D	No-Essential3D
263	K	263	-9.979	43.82	-18.956	NA	0.91726618705036	Inf	1.686819587725294	0	1	No-PER3D	No-Essential3D
264	R	264	-12.612	43.24	-21.68	NA	0.867546432062561	Inf	1.5025937699319587	0	1	No-PER3D	No-Essential3D
265	N	265	-14.239	40.559	-19.458	NA	0.861371724361048	Inf	1.1772544915670682	0	1	No-PER3D	No-Essential3D
266	K	266	-14.429	42.957	-16.402	NA	0.839243498817967	Inf	1.188392579114389	0	1	No-PER3D	No-Essential3D
267	Q	267	-11.104	42.18	-14.687	NA	0.886832740213523	Inf	1.4098421730766626	0	1	No-PER3D	No-Essential3D
268	S	268	-7.958	44.414	-14.717	NA	0.881205673758865	Inf	1.8173030286936227	0	1	No-PER3D	No-Essential3D
269	S	269	-5.46	41.603	-13.954	NA	0.921052631578947	Inf	1.6705117911261922	0	1	No-PER3D	No-Essential3D
270	L	270	-6.724	40.076	-10.682	NA	0.921703552166636	Inf	1.6074631432335649	0	1	No-PER3D	No-Essential3D
271	A	271	-8.396	36.676	-10.294	NA	0.909845788849348	Inf	1.3250040823074904	0	1	No-PER3D	No-Essential3D
272	S	272	-12.211	36.57	-10.806	NA	0.91636798088411	Inf	1.0956446289735149	0	1	No-PER3D	No-Essential3D
273	A	273	-12.51	33.504	-8.63	NA	0.917769755314882	Inf	0.7385650229357906	0	1	No-PER3D	No-Essential3D
274	S	274	-10.58	32.285	-5.603	NA	0.897005733701423	Inf	0.8292746773406307	0	1	No-PER3D	No-Essential3D
275	F	275	-12.563	31.257	-2.476	NA	0.897005733701423	Inf	0.6043224611135904	0	1	No-PER3D	No-Essential3D
276	L	276	-15.501	32.554	-0.465	NA	0.903529411764706	Inf	0.5458623044134718	0	1	No-PER3D	No-Essential3D
277	P	277	-13.391	34.997	1.634	NA	0.8775	Inf	0.8632083024061289	0	1	No-PER3D	No-Essential3D
278	K	278	-15.304	36.454	4.598	NA	0.828896522112495	Inf	0.7950464571265602	0	1	No-PER3D	No-Essential3D
279	Y	279	-14.065	39.513	6.518	NA	0.795454545454546	Inf	0.7471892042099922	0	1	No-PER3D	No-Essential3D
280	F	280	-15.76	38.084	9.572	NA	0.823529411764706	Inf	0.7471892042099922	0	1	No-PER3D	No-Essential3D
281	S	281	-13.723	34.823	9.209	NA	0.822890025575448	Inf	0.7696571386803246	0	1	No-PER3D	No-Essential3D
282	S	282	-12.263	35.132	12.755	NA	0.854700854700855	Inf	0.6662190328713374	0	1	No-PER3D	No-Essential3D
283	K	283	-11.368	31.517	13.724	NA	0.801282051282051	Inf	0.6062466178710946	0	1	No-PER3D	No-Essential3D
284	W	284	-13.825	30.083	11.182	NA	0.854700854700855	Inf	0.6926691442281991	0	1	No-PER3D	No-Essential3D
285	S	285	-13.017	30.205	7.471	NA	0.857843137254902	Inf	0.8514423256719543	0	1	No-PER3D	No-Essential3D
286	F	286	-15.216	29.225	4.513	NA	0.857843137254902	Inf	0.7204034293720332	0	1	No-PER3D	No-Essential3D
287	S	287	-13.524	26.33	2.689	NA	0.863468634686347	Inf	0.6990492114813188	0	1	No-PER3D	No-Essential3D
288	K	288	-15.124	27.183	-0.644	NA	0.838095238095238	Inf	0.47798769110830297	0	1	No-PER3D	No-Essential3D
289	F	289	-11.701	26.784	-2.473	NA	0.927780706378492	Inf	0.509270282610555	0	1	No-PER3D	No-Essential3D
290	Q	290	-8.624	27.622	-0.324	NA	0.905919359450958	Inf	0.7301730159793344	0	1	No-PER3D	No-Essential3D
291	V	291	-8.058	24.066	0.873	NA	0.840476190476191	Inf	0.5835203153310513	0	1	No-PER3D	No-Essential3D
292	P	292	-8.974	23.525	4.574	NA	0.835002635740643	Inf	0.6972473531365532	0	1	No-PER3D	No-Essential3D
293	S	293	-5.486	22.175	5.332	NA	0.833594976452119	Inf	0.5894031657072488	0	1	No-PER3D	No-Essential3D
294	G	294	-3.753	25.48	4.408	NA	0.804545454545455	Inf	0.830253428272466	0	1	No-PER3D	No-Essential3D
295	S	295	-1.007	23.359	2.792	NA	0.81043956043956	Inf	0.6805301469409092	0	1	No-PER3D	No-Essential3D
296	P	296	0.568	23.245	-0.735	NA	0.864468864468864	Inf	0.6439173378538294	0	1	No-PER3D	No-Essential3D
297	C	297	-1.554	21.932	-3.625	NA	0.886446886446887	Inf	0.5842687571886392	0	1	No-PER3D	No-Essential3D
298	I	298	-0.965	21.343	-7.301	NA	0.881410256410256	Inf	0.6188929429193113	0	1	No-PER3D	No-Essential3D
299	C	299	-3.854	22.621	-9.443	NA	0.801282051282051	Inf	0.6850858793305113	0	1	No-PER3D	No-Essential3D
300	A	300	-5.283	22.105	-12.923	NA	0.828235294117647	Inf	0.5526908964325613	0	1	No-PER3D	No-Essential3D
301	F	301	-8.672	22.498	-14.611	NA	0.837370242214533	Inf	0.5549190459390515	0	1	No-PER3D	No-Essential3D
302	G	302	-11.123	19.551	-14.428	NA	0.862745098039216	Inf	0.7171932926658457	0	1	No-PER3D	No-Essential3D
303	T	303	-12.784	17.613	-17.255	NA	0.831258050665522	Inf	0.9917740159121046	0	1	No-PER3D	No-Essential3D
304	E	304	-15.54	20.264	-17.401	NA	0.836673130790778	Inf	0.604389722510107	0	1	No-PER3D	No-Essential3D
305	P	305	-14.465	23.923	-18.049	NA	0.839043309631545	Inf	0.3100627074992889	0	1	No-PER3D	No-Essential3D
306	N	306	-16.02	25.399	-14.865	NA	0.816420664206642	Inf	0.13632613971079627	0	1	No-PER3D	No-Essential3D
307	A	307	-14.095	23.104	-12.493	NA	0.769063180827887	Inf	0.4041644707262809	0	1	No-PER3D	No-Essential3D
308	V	308	-10.615	23.223	-10.849	NA	0.779335793357934	Inf	0.5681425626029115	0	1	No-PER3D	No-Essential3D
309	I	309	-8.847	20.201	-9.333	NA	0.781549815498155	Inf	0.7056248135306727	0	1	No-PER3D	No-Essential3D
310	A	310	-6.604	20.75	-6.292	NA	0.791011235955056	Inf	0.5274748038950943	0	1	No-PER3D	No-Essential3D
311	I	311	-4.346	17.924	-5.026	NA	0.790298507462687	Inf	0.6455965273609586	0	1	No-PER3D	No-Essential3D
312	C	312	-2.355	18.169	-1.773	NA	0.815387348969439	Inf	0.3827657092944782	0	1	No-PER3D	No-Essential3D
313	A	313	0.563	16.101	-0.433	NA	0.748400852878465	Inf	0.35774518012515666	0	1	No-PER3D	No-Essential3D
314	D	314	-1.48	15.22	2.693	NA	0.747089947089947	Inf	0.20471964785190272	0	1	No-PER3D	No-Essential3D
315	G	315	-3.466	12.816	0.44	NA	0.767527675276753	Inf	0.13065530910097073	0	1	No-PER3D	No-Essential3D
316	S	316	-6.486	15.039	-0.13	NA	0.761904761904762	Inf	0.1419491216851262	0	1	No-PER3D	No-Essential3D
317	Y	317	-8.078	15.591	-3.55	NA	0.787723785166241	Inf	0.636332563523142	0	1	No-PER3D	No-Essential3D
318	Y	318	-10.557	18.425	-4.156	NA	0.754901960784314	Inf	0.4152780312039153	0	1	No-PER3D	No-Essential3D
319	K	319	-12.735	19.376	-7.149	NA	0.761286834279535	Inf	0.4290409540790967	0	1	No-PER3D	No-Essential3D
320	F	320	-14.156	22.898	-6.966	NA	0.738880167451596	Inf	0.44268372067416334	0	1	No-PER3D	No-Essential3D
321	L	321	-16.695	24.508	-9.309	NA	0.713131313131313	Inf	0.1576579078499074	0	1	No-PER3D	No-Essential3D
322	F	322	-16.381	28.23	-10.097	NA	0.740559440559441	Inf	0.4065740375269432	0	1	No-PER3D	No-Essential3D
323	N	323	-18.341	31.164	-11.541	NA	0.735212440988614	Inf	0.28757868399685316	0	1	No-PER3D	No-Essential3D
324	P	324	-16.901	34.719	-12.173	NA	0.716231884057971	Inf	0.628054448274475	0	1	No-PER3D	No-Essential3D
325	K	325	-19.669	36.238	-10.02	NA	0.690591935945096	Inf	0.48470277305656695	0	1	No-PER3D	No-Essential3D
326	G	326	-20.189	33.459	-7.487	NA	0.737057619186897	Inf	0.3208086884105196	0	1	No-PER3D	No-Essential3D
327	E	327	-18.343	31.738	-4.732	NA	0.778571428571429	Inf	0.41832211855212664	0	1	No-PER3D	No-Essential3D
328	C	328	-16.487	28.549	-5.692	NA	0.756804997768853	Inf	0.3445241920606561	0	1	No-PER3D	No-Essential3D
329	I	329	-18.227	25.355	-4.43	NA	0.753543667123914	Inf	0.21185386418142654	0	1	No-PER3D	No-Essential3D
330	R	330	-16.826	21.901	-3.663	NA	0.782268578878749	Inf	0.1457951914521572	0	1	No-PER3D	No-Essential3D
331	D	331	-18.073	19.191	-6.029	NA	0.759130434782609	Inf	0.15230578213104531	0	1	No-PER3D	No-Essential3D
332	V	332	-15.726	16.388	-4.899	NA	0.758744394618834	Inf	0.28202885780480946	0	1	No-PER3D	No-Essential3D
333	Y	333	-13.542	15.598	-1.89	NA	0.739969135802469	Inf	0.2685213098297238	0	1	No-PER3D	No-Essential3D
334	A	334	-11.578	12.354	-1.679	NA	0.736111111111111	Inf	0.4504663015713921	0	1	No-PER3D	No-Essential3D
335	Q	335	-8.509	10.886	0.036	NA	0.739273927392739	Inf	0.23110999095270218	0	1	No-PER3D	No-Essential3D
336	F	336	-6.8	9.484	-3.069	NA	0.735119047619048	Inf	1.0688424378278174	0	1	No-PER3D	No-Essential3D
337	L	337	-4.283	7.185	-1.349	NA	0.738475177304965	Inf	1.149808373557891	0	1	No-PER3D	No-Essential3D
