Uniprot_position	aminoacid	Position_in_structure	x	y	z	paraz	mtr	paraz3dscore	mtr3dscore	PER3D_OR	PER3D_pvalue	PER3D	Essential3D
35	N	35	-10.515	43.057	100.956	-0.94	0.758547829427584	-2.2586012421958723	1.3491842883224523	0	0.5820643288818675	No-PER3D	No-Essential3D
36	K	36	-9.898	45.66	103.675	-0.7	0.758547829427584	-1.0161939542859895	1.3093558543952324	0	0.20400994461430205	No-PER3D	No-Essential3D
37	R	37	-6.637	44.721	105.452	-0.46	0.847788750536711	-1.0284579666240952	1.3337841586935513	0	0.19843112667291105	No-PER3D	No-Essential3D
38	Q	38	-4.993	47.288	103.153	-0.46	0.854022491349481	-1.033815529008844	1.3779057627285818	0	0.33958354598346435	No-PER3D	No-Essential3D
39	D	39	-2.124	49.779	103.421	-0.46	0.848524024994613	-0.9132326460394242	1.3970053936328524	0	0.5956633955000802	No-PER3D	No-Essential3D
40	E	40	-4.285	52.19	101.292	0.01	0.882352941176471	-1.0202748979425382	1.3699951771383374	0	0.3507673244058025	No-PER3D	No-Essential3D
41	L	41	-3.831	55.663	102.775	0.01	0.910585012717668	-0.5250583866080787	1.3572645710426174	0	0.3507673244058025	No-PER3D	No-Essential3D
42	I	42	-6.809	57.392	104.372	1.19	0.88723667905824	-0.22932510620442717	1.26846194170032	0	0.3507673244058025	No-PER3D	No-Essential3D
43	V	43	-6.65	61.15	104.872	0.01	0.880688806888069	-0.014725236922302489	1.2833411656946954	0	0.33958354598346435	No-PER3D	No-Essential3D
44	L	44	-8.851	62.57	107.635	1.19	0.840657497484066	0.16801399355307794	1.1921683431720336	0	0.3507673244058025	No-PER3D	No-Essential3D
45	N	45	-9.23	66.366	107.688	1.66	0.871187540558079	0.17512866392316706	1.180295639907485	0	0.5799100212987847	No-PER3D	No-Essential3D
46	V	46	-10.33	67.725	111.066	1.19	0.899749373433584	0.48215405450932175	1.1166751007750737	0	0.5956633955000802	No-PER3D	No-Essential3D
47	S	47	-11.265	71.403	110.588	0.95	0.899749373433584	0.7266090425695314	1.2137004354294803	0	0.5799100212987847	No-PER3D	No-Essential3D
48	G	48	-8.142	72.058	108.437	1.66	0.948301886792453	0.6194242577078248	1.2641448645584785	0	0.5799100212987847	No-PER3D	No-Essential3D
49	R	49	-5.925	69.775	110.533	0.01	0.956270810210877	0.4939952541462533	1.2026028202403929	0	0.5799100212987847	No-PER3D	No-Essential3D
50	R	50	-4.63	66.937	108.348	1.66	0.893882646691635	0.45473052259654395	1.2252322115749177	0	0.5956633955000802	No-PER3D	No-Essential3D
51	F	51	-4.32	63.381	109.714	0.71	0.888059701492537	0.46399754839936	1.1895879823481201	0	0.33958354598346435	No-PER3D	No-Essential3D
52	Q	52	-3.145	60.332	107.739	0.95	0.882280049566295	0.2784854207540985	1.1988135766897519	0	0.19843112667291105	No-PER3D	No-Essential3D
53	T	53	-3.463	56.631	108.486	1.66	0.850010853049707	0.20452556003330982	1.1602054987997252	0	0.33958354598346435	No-PER3D	No-Essential3D
54	W	54	-3.615	53.248	106.777	0.48	0.829675665177704	-0.26798594249029406	1.270000796604096	0	0.3507673244058025	No-PER3D	No-Essential3D
55	R	55	-7.005	51.703	105.956	-0.23	0.875	-0.3431211735198718	1.2374908483854288	0	0.11506984285684108	No-PER3D	No-Essential3D
56	T	56	-6.111	48.487	107.856	-0.23	0.849264705882353	-0.4510354438342517	1.245470745190414	0	0.20400994461430205	No-PER3D	No-Essential3D
57	T	57	-5.588	50.741	110.928	1.66	0.8203125	0.021218345423890665	1.1070506619819032	0	0.11506984285684108	No-PER3D	No-Essential3D
58	L	58	-9.214	51.959	110.783	1.66	0.84	-0.021824021266046996	1.1031448104020003	0	0.06602670283750209	No-PER3D	No-Essential3D
59	E	59	-10.832	48.648	109.696	-0.23	0.798459042984591	-0.46610675493414006	1.2003459199324777	0	0.11506984285684108	No-PER3D	No-Essential3D
60	R	60	-9.536	47.148	113.048	0.01	0.799145299145299	0.09253122165572489	1.056885690569642	0	0.19843112667291105	No-PER3D	No-Essential3D
61	Y	61	-12.687	48.471	114.775	0.71	0.799145299145299	-0.0799898850361361	0.9760529188800386	0	0.11696227102038628	No-PER3D	No-Essential3D
62	P	62	-15.467	48.141	112.161	1.66	0.791768045417681	-0.4313287130375225	1.1007956430624724	0	0.20400994461430205	No-PER3D	No-Essential3D
63	D	63	-18.453	49.175	114.317	0.01	0.788888888888889	-0.45770481211183384	1.0710620546114613	0	0.5956633955000802	No-PER3D	No-Essential3D
64	T	64	-16.937	52.666	114.71	1.66	0.783192940232652	-0.1620364432697241	0.9093494914932019	0	0.33958354598346435	No-PER3D	No-Essential3D
65	L	65	-17.604	55.704	112.46	0.24	0.77757865392274	-0.0430689338310213	0.9085207955755279	0	0.3507673244058025	No-PER3D	No-Essential3D
66	L	66	-14.083	55.607	110.981	1.66	0.786030595813205	0.0913944664905795	1.0230900625862271	0	0.20400994461430205	No-PER3D	No-Essential3D
67	G	67	-13.928	51.77	110.65	0.71	0.780375699440448	-0.21179117410578063	1.063926574330371	0	0.11506984285684108	No-PER3D	No-Essential3D
68	S	68	-17.29	51.534	108.864	0.48	0.786030595813205	-0.5929610880816386	1.0871263518473901	0	0.19843112667291105	No-PER3D	No-Essential3D
69	T	69	-17.465	52.189	105.11	0.01	0.739882196465894	-0.7316252949411033	1.1159911185239135	0	0.5956633955000802	No-PER3D	No-Essential3D
70	E	70	-20.858	53.897	105.568	-0.23	0.737220749716017	-0.7867488985842667	1.0284195389713937	0	0.5799100212987847	No-PER3D	No-Essential3D
71	K	71	-18.866	56.984	106.68	-0.23	0.697849462365591	-0.31467973972526103	1.0155608918770307	0	0.5799100212987847	No-PER3D	No-Essential3D
72	E	72	-19.071	57.95	102.965	-0.7	0.672620178605358	-0.9701032965179095	0.9705939056239586	0	0.5820643288818675	No-PER3D	No-Essential3D
73	F	73	-21.133	61.007	104.044	0.01	0.63898916967509	-0.9465853583501148	0.9707252021755962	0	1	No-PER3D	No-Essential3D
74	F	74	-17.961	62.812	105.201	-0.94	0.702888086642599	-0.4493220737302643	1.030571710066919	0	0.5799100212987847	No-PER3D	No-Essential3D
75	F	75	-15.899	61.973	102.071	-0.94	0.746758199847445	-0.8215432299618662	1.0425950283136607	0	0.5799100212987847	No-PER3D	No-Essential3D
76	N	76	-14.654	64.712	99.733	-0.94	0.713999197753711	-0.8868640486997758	1.0379972869097445	0	0.5820643288818675	No-PER3D	No-Essential3D
77	E	77	-14.037	63.248	96.25	-0.23	0.708880923934687	-1.5474275632607517	0.9394302002077003	0	0.5820643288818675	No-PER3D	No-Essential3D
78	D	78	-12.195	66.356	94.948	-0.46	0.713709677419355	-1.2369249950034344	0.931280036702247	0	1	No-PER3D	No-Essential3D
79	T	79	-9.487	66.274	97.681	0.01	0.743697478991597	-0.655390523945239	1.1216903892194365	0	1	No-PER3D	No-Essential3D
80	K	80	-9.6	62.492	98.447	-0.46	0.673624288425048	-0.786100748709403	1.1747540152169613	0	0.5799100212987847	No-PER3D	No-Essential3D
81	E	81	-10.092	62.79	102.211	0.95	0.715725806451613	-0.42961831753441015	1.2167248567494777	0	0.33958354598346435	No-PER3D	No-Essential3D
82	Y	82	-12.828	62.634	104.842	1.19	0.715178571428571	-0.2685301592412843	1.1931137630805098	0	0.19843112667291105	No-PER3D	No-Essential3D
83	F	83	-13.698	66.079	106.246	1.66	0.717741935483871	-0.2795753465027622	1.1561400110682234	0	0.33958354598346435	No-PER3D	No-Essential3D
84	F	84	-14.921	66.574	109.811	1.66	0.779769016328156	0.17055356659218196	1.1081190590816306	0	0.5820643288818675	No-PER3D	No-Essential3D
85	D	85	-16.037	70.009	111.044	1.66	0.704898446833931	0.8525746407987463	1.135833142437485	0	1	No-PER3D	No-Essential3D
86	R	86	-15.177	69.051	114.653	1.66	0.702380952380952	0.6599036179481502	0.9828589487853983	0	0.5956633955000802	No-PER3D	No-Essential3D
87	D	87	-12.669	69.697	117.47	0.01	0.729350065555348	0.41341662155518316	0.8644088467767472	0	0.20400994461430205	No-PER3D	No-Essential3D
88	P	88	-8.915	69.634	116.414	0.24	0.725229443716052	0.5206014064168897	0.9752450902149679	0	0.3507673244058025	No-PER3D	No-Essential3D
89	E	89	-7.361	68.78	119.83	-0.23	0.659774436090226	0.05394469910551064	0.8674348114506687	0	0.3507673244058025	No-PER3D	No-Essential3D
90	V	90	-9.23	65.513	120.526	0.24	0.691973111901938	0.05426811934609902	0.6839875826484679	0	0.11696227102038628	No-PER3D	No-Essential3D
91	F	91	-8.455	63.743	117.276	1.66	0.657426484360367	0.5644450581122858	0.8531692699445281	0	0.20400994461430205	No-PER3D	No-Essential3D
92	R	92	-4.887	62.483	117.902	-0.23	0.628571428571429	0.4577348694802718	0.8479661527048196	0	0.3507673244058025	No-PER3D	No-Essential3D
93	C	93	-6.162	60.308	120.733	0.01	0.632616487455197	0.16628347574992905	0.6382654746767726	0	0.3507673244058025	No-PER3D	No-Essential3D
94	V	94	-9.134	59.162	118.612	1.19	0.60602731125412	0.37991585175262094	0.80404640227726	0	0.11506984285684108	No-PER3D	No-Essential3D
95	L	95	-6.593	58.169	115.908	1.66	0.60602731125412	0.5730906169243264	0.9602520398560395	0	0.20400994461430205	No-PER3D	No-Essential3D
96	N	96	-4.113	56.711	118.459	0.71	0.575976370200197	0.8018664447064743	0.7478849766286839	0	0.5799100212987847	No-PER3D	No-Essential3D
97	F	97	-6.946	54.473	119.692	1.19	0.576416337285902	0.3185417799560198	0.7877708649497751	0	0.3507673244058025	No-PER3D	No-Essential3D
98	Y	98	-6.952	52.817	116.226	1.66	0.556966042526182	0.4612839401492299	0.916264843793577	0	0.11506984285684108	No-PER3D	No-Essential3D
99	R	99	-3.116	52.838	116.084	0.95	0.537683823529412	0.36151734790518836	0.8929888435959794	0	0.3507673244058025	No-PER3D	No-Essential3D
100	T	100	-2.518	51.491	119.66	1.19	0.614890510948905	0.7089014185373097	0.697835976146344	0	0.5956633955000802	No-PER3D	No-Essential3D
101	G	101	-5.797	50.231	121.185	1.66	0.617283950617284	0.27027552233915925	0.7728338450746779	0	0.33958354598346435	No-PER3D	No-Essential3D
102	K	102	-5.452	52.818	123.973	1.19	0.619411764705882	-0.3598341810074266	0.6885870139111555	0	0.5956633955000802	No-PER3D	No-Essential3D
103	L	103	-7.782	55.81	124.402	1.42	0.620659340659341	-0.8295398842621318	0.7860237180297658	0	0.11696227102038628	No-PER3D	No-Essential3D
104	H	104	-6.232	58.552	126.579	0.95	0.651291512915129	-0.8432230482870305	0.7623558241635332	0	0.20400994461430205	No-PER3D	No-Essential3D
105	Y	105	-7.627	62.072	127.128	0.01	0.59648529908753	-1.006471706163035	0.8231501523588839	0	0.06598835537335127	No-PER3D	No-Essential3D
106	P	106	-5.35	65.019	126.032	1.66	0.597014925373134	-0.975576562127869	0.7355315916124872	0	0.19843112667291105	No-PER3D	No-Essential3D
107	R	107	-4.161	66.996	129.112	-0.23	0.592592592592593	-1.280369040782488	0.9224320279119328	0	0.33958354598346435	No-PER3D	No-Essential3D
108	Y	108	-5.251	70.235	127.427	0.01	0.594795539033457	-1.2225216644509096	0.832189516659481	0	0.5820643288818675	No-PER3D	No-Essential3D
109	E	109	-8.74	68.908	126.664	0.01	0.594795539033457	-0.9529993414867861	0.745450256191246	0	0.3507673244058025	No-PER3D	No-Essential3D
110	C	110	-11.849	69.22	128.833	0.48	0.534848484848485	-1.1291016624872325	0.8862686864466278	0	0.19843112667291105	No-PER3D	No-Essential3D
111	I	111	-13.542	65.943	129.848	0.48	0.590405904059041	-1.1245275762274807	0.907699989661933	0	0.3507673244058025	No-PER3D	No-Essential3D
112	S	112	-17.019	66.788	128.445	0.01	0.590909090909091	-1.1706696744618197	0.7755868334319956	0	0.5820643288818675	No-PER3D	No-Essential3D
113	A	113	-15.766	67.886	124.996	0.71	0.587542087542088	-0.36715169915987245	0.659269285956607	0	0.3507673244058025	No-PER3D	No-Essential3D
114	Y	114	-13.684	64.713	124.677	1.19	0.618196457326892	-0.6114089252937789	0.7108089104349091	0	0.20400994461430205	No-PER3D	No-Essential3D
115	D	115	-16.621	62.438	125.701	-0.23	0.58369674605837	-0.7342825165262957	0.7091432553792827	0	0.3507673244058025	No-PER3D	No-Essential3D
116	D	116	-18.878	64.163	123.104	1.19	0.638376383763838	0.03169978387646086	0.6170698003652869	0	0.5956633955000802	No-PER3D	No-Essential3D
117	E	117	-16.219	63.464	120.408	1.66	0.638888888888889	-0.12751971179719307	0.705228892756937	0	0.20400994461430205	No-PER3D	No-Essential3D
118	L	118	-15.983	59.821	121.623	1.19	0.575	-0.44545169304893584	0.7536479555258597	0	0.11506984285684108	No-PER3D	No-Essential3D
119	A	119	-19.776	59.533	121.313	0.01	0.584175084175084	-0.8065272902202567	0.7609010571276486	0	0.3507673244058025	No-PER3D	No-Essential3D
120	F	120	-19.534	61.061	117.797	1.66	0.638376383763838	0.25539508146208195	0.7739098810455708	0	0.33958354598346435	No-PER3D	No-Essential3D
121	Y	121	-16.82	58.708	116.413	1.19	0.636029411764706	-0.002117178642217294	0.8373365849932658	0	0.20400994461430205	No-PER3D	No-Essential3D
122	G	122	-18.726	55.678	117.766	0.01	0.661957090528519	-0.37379100831282336	0.8562489241981542	0	0.19843112667291105	No-PER3D	No-Essential3D
123	I	123	-15.893	54.074	119.735	1.42	0.694525547445256	-0.24318520769516513	0.8477616355335199	0	0.06598835537335127	No-PER3D	No-Essential3D
124	L	124	-18.375	51.751	121.614	-0.94	0.698989898989899	-0.8170228989893551	0.8815076263308418	0	0.19843112667291105	No-PER3D	No-Essential3D
125	P	125	-19.714	51.526	125.237	-0.94	0.740661227994848	-1.8868752861861235	0.9340868173079112	0	0.33958354598346435	No-PER3D	No-Essential3D
126	E	126	-16.816	49.256	126.344	-0.94	0.735878156930789	-2.1468554026591993	0.9294096350248553	0	0.5820643288818675	No-PER3D	No-Essential3D
127	I	127	-14.32	51.952	125.316	-0.94	0.706145706145706	-1.029572432472277	0.8487184861822412	0	0.20400994461430205	No-PER3D	No-Essential3D
128	I	128	-16.55	54.667	126.916	-0.94	0.698470209339775	-1.2675941557488972	0.920895296440693	0	0.06602670283750209	No-PER3D	No-Essential3D
129	G	129	-16.569	52.52	130.114	-0.94	0.767186250999201	-2.189615290237008	1.127154093869481	0	0.06598835537335127	No-PER3D	No-Essential3D
130	D	130	-12.801	51.889	130.294	-0.94	0.811722538477757	-1.9648693211280461	1.1211677359089207	0	0.06602670283750209	No-PER3D	No-Essential3D
131	C	131	-12.137	55.587	129.611	-0.94	0.783482142857143	-1.5584793495885543	0.9851947155976543	0	0.020937311628567625	No-PER3D	No-Essential3D
132	C	132	-14.537	56.745	132.344	-0.94	0.802999491611591	-1.8560881671301015	1.1506156577809092	0	0.020937311628567625	No-PER3D	No-Essential3D
133	Y	133	-12.84	54.129	134.533	-0.94	0.859375	-2.1110686659786952	1.3129465246514473	0	0.03742521947793809	No-PER3D	No-Essential3D
134	E	134	-9.279	55.442	133.829	-0.94	0.876700858279255	-2.0202861354288864	1.2286162857527463	0	0.20400994461430205	No-PER3D	No-Essential3D
135	E	135	-8.022	58.745	135.337	-0.94	0.895759717314488	-1.6553561508848373	1.2194288953019712	0	0.11506984285684108	No-PER3D	No-Essential3D
136	Y	136	-8.573	61.852	133.143	-0.94	0.848614469034778	-1.5584793495885543	1.0773401358933528	0	0.11696227102038628	No-PER3D	No-Essential3D
137	K	137	-7.484	65.503	133.639	-0.94	0.849197461739455	-1.5134827909682143	1.0821194286028275	0	0.33958354598346435	No-PER3D	No-Essential3D
138	D	138	-10.01	67.72	135.488	-0.94	0.806737588652482	-1.2711329050656814	1.2962069482861627	0	0.5956633955000802	No-PER3D	No-Essential3D
139	R	139	-9.399	71.31	134.338	-0.94	0.843238034050755	-1.3759171348353005	0.993011469038356	0	0.5820643288818675	No-PER3D	No-Essential3D
140	K	140	-11.812	72.715	136.97	0.01	0.834392879847425	-1.6431439269926151	1.2629210793818844	0	0.5820643288818675	No-PER3D	No-Essential3D
141	R	141	-9.762	71.318	139.891	-0.23	0.880281690140845	-1.4032609576811097	1.8476252670852225	0	1	No-PER3D	No-Essential3D
142	E	142	-6.274	70.559	138.444	0.01	0.885916203937405	-1.749066277078215	1.3748674817044648	0	1	No-PER3D	No-Essential3D
143	N	143	-6.454	66.955	139.796	0.71	0.885916203937405	-1.4569958830705556	1.7280422299567073	0	0.5820643288818675	No-PER3D	No-Essential3D
144	A	144	-7.151	63.756	137.834	0.71	0.913502755664421	-1.677165924500176	1.4448166726711376	0	0.5956633955000802	No-PER3D	No-Essential3D
145	E	145	-10.549	62.068	138.084	-0.23	0.907114624505929	-1.4629110008521524	1.649585972081592	0	0.11506984285684108	No-PER3D	No-Essential3D
146	R	146	-11.855	58.53	137.479	-0.23	0.853754940711463	-1.9233637235858536	1.5706851314488073	0	0.06598835537335127	No-PER3D	No-Essential3D
147	L	147	-15.528	57.48	137.427	0.95	0.869318181818182	-2.0774622136757843	1.5813326612353455	0	0.03742521947793809	No-PER3D	No-Essential3D
148	M	148	-15.474	53.646	137.977	-0.23	0.872368421052632	-2.3472160187380733	1.4170993758285755	0	0.06602670283750209	No-PER3D	No-Essential3D
149	D	149	-15.736	53.189	141.774	-0.46	0.866289198606272	-1.8197033900638935	1.3554253477497487	0	0.06602670283750209	No-PER3D	No-Essential3D
150	D	150	-16.265	56.47	143.593	1.19	0.881313131313131	-0.8621583358770418	1.2638380574485142	0	0.20400994461430205	No-PER3D	No-Essential3D
151	N	151	-18.104	58.858	141.185	-0.23	0.87468671679198	-1.5547475775817639	1.7651641476025153	0	0.11506984285684108	No-PER3D	No-Essential3D
152	D	152	-21.835	58.636	140.228	0.01	0.880281690140845	-1.6417185974066881	1.7845858413926647	0	0.20400994461430205	No-PER3D	No-Essential3D
153	S	153	-21.432	57.073	136.714	-0.46	0.839712918660287	-2.0888819971852866	1.4977026664766473	0	0.11696227102038628	No-PER3D	No-Essential3D
154	E	154	-20.568	53.454	137.658	-0.7	0.879120879120879	-2.1644994825860424	1.404259413039822	0	0.11696227102038628	No-PER3D	No-Essential3D
155	N	155	-23.164	53.284	140.475	-0.23	0.894520114032309	-1.7769212895574733	1.5066038051141533	0	0.20400994461430205	No-PER3D	No-Essential3D
156	N	156	-24.774	50.357	138.598	-0.46	0.861051991486774	-1.7769212895574733	1.4823984061096953	0	0.11506984285684108	No-PER3D	No-Essential3D
157	Q	157	-28.51	50.592	139.326	0.01	0.898989898989899	-1.8800337041736743	1.5096630985942712	0	0.33958354598346435	No-PER3D	No-Essential3D
158	E	158	-30.473	50.637	142.599	-0.46	0.865323435843054	-0.9500672349100221	0.9251066066429336	0	0.33958354598346435	No-PER3D	No-Essential3D
159	S	159	-32.485	47.428	143.195	-0.46	0.88109756097561	-0.8131069934953874	0.7524442273634868	0	0.19843112667291105	No-PER3D	No-Essential3D
160	M	160	-36.237	48.105	142.878	0.71	0.865323435843054	-0.9712435601866511	0.9558515937895908	0	0.5956633955000802	No-PER3D	No-Essential3D
161	P	161	-38.999	46.625	145.132	0.71	0.837426900584795	-0.7560595164141367	0.7983053473911673	0	0.33958354598346435	No-PER3D	No-Essential3D
162	S	162	-41.465	45.825	142.284	-0.7	0.822106552357624	-0.8051004362176603	0.8962920893676805	0	0.5799100212987847	No-PER3D	No-Essential3D
163	L	163	-44.293	45.324	144.796	-0.7	0.830249768732655	-0.7251746604722225	0.8810191721946683	0	0.5820643288818675	No-PER3D	No-Essential3D
164	S	164	-46.372	48.526	145.215	-0.94	0.793707482993197	-0.8151903323788776	0.9926348693081581	0	0.5820643288818675	No-PER3D	No-Essential3D
165	F	165	-46.504	48.444	149.039	0.24	0.752256608639588	-0.6770555336513286	0.8053535107977497	0	0.5799100212987847	No-PER3D	No-Essential3D
166	R	166	-42.725	47.961	149.454	-0.23	0.72801220132181	-0.266312729498119	0.6696909459030556	0	0.5956633955000802	No-PER3D	No-Essential3D
167	Q	167	-42.113	50.712	146.894	0.01	0.757446808510638	-0.3723200681801467	0.7017674628264584	0	0.3507673244058025	No-PER3D	No-Essential3D
168	T	168	-44.515	53.07	148.764	0.71	0.757446808510638	-0.12338910665717683	0.5851249683876583	0	0.33958354598346435	No-PER3D	No-Essential3D
169	M	169	-42.811	52.324	152.128	0.71	0.765591397849462	0.01918946248226785	0.454516031862576	0	0.33958354598346435	No-PER3D	No-Essential3D
170	W	170	-39.096	52.004	151.071	1.66	0.706859205776173	-0.022233206793107377	0.5202837886567764	0	0.3507673244058025	No-PER3D	No-Essential3D
171	R	171	-39.161	55.306	149.219	-0.23	0.642599277978339	-0.19854940246878183	0.5115375091862456	0	0.20400994461430205	No-PER3D	No-Essential3D
172	A	172	-40.126	57.241	152.374	0.71	0.611999312360323	0.12302947391566577	0.26701343695091145	0	0.33958354598346435	No-PER3D	No-Essential3D
173	F	173	-37.649	55.444	154.707	1.66	0.580434782608696	0.2402865878512562	0.08171161527549482	0	0.33958354598346435	No-PER3D	No-Essential3D
174	E	174	-34.45	55.809	152.626	1.66	0.579963898916968	0.47603610136357366	0.186540557251911	0	0.5956633955000802	No-PER3D	No-Essential3D
175	N	175	-35.197	58.714	150.25	0.01	0.504428341384863	0.3467525108348431	0.09945897943428553	0	0.5956633955000802	No-PER3D	No-Essential3D
176	P	176	-36.408	61.96	151.991	1.66	0.461538461538462	0.36816963713468465	-0.06324579948985543	0	0.5956633955000802	No-PER3D	No-Essential3D
177	H	177	-36.545	63.247	148.395	0.24	0.464944649446495	0.29444911211648034	0.00748534434493014	0	0.5956633955000802	No-PER3D	No-Essential3D
178	T	178	-39.616	61.08	147.458	1.19	0.388539179509442	0.09992013022917029	0.230392398095346	0	0.5956633955000802	No-PER3D	No-Essential3D
179	S	179	-42.338	62.853	149.398	1.66	0.391067538126362	0.17856231504595657	0.18559922764597445	0	0.5956633955000802	No-PER3D	No-Essential3D
180	T	180	-42.91	65.786	151.759	0.01	0.412454044117647	-0.06915246525348445	-0.018182401153437704	0	0.5820643288818675	No-PER3D	No-Essential3D
181	L	181	-43.915	63.105	154.296	-0.23	0.417053903345725	-0.025604895536084745	0.06622222489454328	0	0.5820643288818675	No-PER3D	No-Essential3D
182	A	182	-40.539	61.358	153.716	1.66	0.417053903345725	0.20571586662168267	0.0918423679941462	0	0.5956633955000802	No-PER3D	No-Essential3D
183	L	183	-38.883	64.675	154.674	0.24	0.413976014760148	0.21349039163582967	-0.14934972442076314	0	0.5799100212987847	No-PER3D	No-Essential3D
184	V	184	-41.052	64.746	157.859	0.24	0.441574415744157	0.153716569842851	-0.20802577350815638	0	0.5820643288818675	No-PER3D	No-Essential3D
185	F	185	-39.652	61.277	158.731	0.71	0.444857496902107	0.24845847747723737	-0.11100799790182167	0	0.5799100212987847	No-PER3D	No-Essential3D
186	Y	186	-35.986	62.494	158.317	0.48	0.358551810237204	0.5031960023698921	-0.4183356207954105	0	0.5799100212987847	No-PER3D	No-Essential3D
187	Y	187	-36.594	65.306	160.845	0.48	0.381663113006397	0.3903452866576455	-0.4875591141784333	0	1	No-PER3D	No-Essential3D
188	V	188	-38.247	62.906	163.319	0.95	0.288121990369181	0.6198208711578219	-0.3311463740217061	0	1	No-PER3D	No-Essential3D
189	T	189	-35.354	60.39	162.984	1.19	0.31028522039758	0.9213929069239721	-0.327127207029525	0	1	No-PER3D	No-Essential3D
190	G	190	-32.76	63.199	163.43	0.71	0.226641414141414	0.8304544838299236	-0.6248505290926993	0	1	No-PER3D	No-Essential3D
191	F	191	-34.634	64.581	166.46	0.95	0.21117285756069	0.7123039165435012	-0.5183686522452762	0	1	No-PER3D	No-Essential3D
192	F	192	-34.79	61.104	168.099	0.71	0.22790404040404	0.6456135393898893	-0.2848950439934028	0	0.5820643288818675	No-PER3D	No-Essential3D
193	I	193	-31.025	60.629	167.478	1.19	0.290816326530612	0.9071907993718131	-0.47919436431263984	0	0.5820643288818675	No-PER3D	No-Essential3D
194	A	194	-30.313	64.059	169.055	0.71	0.339622641509434	0.8001560492033621	-0.5520358303874463	0	1	No-PER3D	No-Essential3D
195	V	195	-32.638	63.365	172.046	1.19	0.319644839067703	0.5555694922582975	-0.17941926498964553	0	0.5799100212987847	No-PER3D	No-Essential3D
196	S	196	-31.156	59.868	172.52	1.66	0.361591000401768	0.7990928303771032	-0.29513473601396334	0	0.5956633955000802	No-PER3D	No-Essential3D
197	V	197	-27.619	61.361	172.642	1.19	0.343511450381679	0.9221839214771355	-0.44046511581790876	0	0.5820643288818675	No-PER3D	No-Essential3D
198	I	198	-28.755	64.128	175.103	0.48	0.437652385928248	0.812575007856395	-0.2940838156538743	0	0.5820643288818675	No-PER3D	No-Essential3D
199	T	199	-30.538	61.61	177.413	0.24	0.478427452940197	0.3818421775850299	-0.01781005338322507	0	0.5956633955000802	No-PER3D	No-Essential3D
200	N	200	-27.472	59.3	177.433	0.48	0.500699300699301	0.5681491753134463	-0.26582008471443236	0	0.5799100212987847	No-PER3D	No-Essential3D
201	V	201	-25.252	62.255	178.491	1.19	0.481923076923077	0.4920405164284107	-0.2648762106986982	0	0.5799100212987847	No-PER3D	No-Essential3D
202	V	202	-27.737	63.553	181.157	1.19	0.49599442702891	-0.11661594046485202	0.22246917003949135	0	0.5820643288818675	No-PER3D	No-Essential3D
203	E	203	-27.598	60.129	182.929	1.66	0.52014652014652	-0.5330972454727066	0.2572773867483392	0	0.5820643288818675	No-PER3D	No-Essential3D
204	T	204	-23.994	60.852	184.059	1.66	0.518153621601897	-0.8152674930782662	0.11717809515913738	0	0.5820643288818675	No-PER3D	No-Essential3D
205	V	205	-24.811	64.263	185.603	0.01	0.518153621601897	-0.8474435047232818	0.2913261957277578	0	0.5820643288818675	No-PER3D	No-Essential3D
206	P	206	-24.227	64.182	189.455	0.24	0.566730523627075	-1.181570376902708	0.35521626833978537	0	1	No-PER3D	No-Essential3D
207	C	207	-27.553	65.997	190.031	-0.94	0.597262357414449	-1.402491279704709	0.3838710902598069	0	1	No-PER3D	No-Essential3D
208	G	208	-29.283	62.89	188.589	-0.94	0.602693602693603	-1.2677121140594567	0.4215230649895429	0	0.5799100212987847	No-PER3D	No-Essential3D
209	T	209	-27.336	60.286	190.619	-0.94	0.604985213350232	-1.7254139506923187	0.48888008715237846	0	0.5799100212987847	No-PER3D	No-Essential3D
210	V	210	-29.765	57.643	191.925	-0.94	0.60041928721174	-2.0499329908161665	0.5536194249233461	0	0.19843112667291105	No-PER3D	No-Essential3D
211	P	211	-28.443	54.96	194.398	-0.94	0.652179570592062	-3.1423055854705813	0.5913502140532373	0	0.33958354598346435	No-PER3D	No-Essential3D
212	G	212	-28.407	51.311	193.248	-0.94	0.657139111052839	-3.3441322548378367	0.6345046998674959	0	0.5956633955000802	No-PER3D	No-Essential3D
213	S	213	-26.084	48.428	192.327	-0.94	0.657804685443538	-2.5351151818657005	-0.0489211269472949	0	0.5799100212987847	No-PER3D	No-Essential3D
214	K	214	-27.705	47.895	188.914	-0.94	0.660325009908839	-1.909265918226867	-0.45497972323647534	0	0.5799100212987847	No-PER3D	No-Essential3D
215	E	215	-27.569	51.62	187.854	-0.94	0.65282131661442	-1.732939690906013	0.06190119893727409	0	0.19843112667291105	No-PER3D	No-Essential3D
216	L	216	-31.382	52.087	187.418	-0.94	0.608399269628728	-1.8466809918629838	0.3827999843296014	0	0.11506984285684108	No-PER3D	No-Essential3D
217	P	217	-32.328	48.794	185.664	-0.94	0.628621597892889	-1.5790040956259024	0.017988074865241756	0	0.11506984285684108	No-PER3D	No-Essential3D
218	C	218	-35.482	48.911	183.709	-0.94	0.628621597892889	-1.307445917285605	0.08361482640792126	0	0.3507673244058025	No-PER3D	No-Essential3D
219	G	219	-38.862	48.286	185.37	-0.23	0.670411985018727	-1.616632796694374	0.3466395885740447	0	0.3507673244058025	No-PER3D	No-Essential3D
220	E	220	-42.393	47.811	183.975	-0.23	0.666044776119403	-1.5208506485200828	0.5190428874168547	0	0.5799100212987847	No-PER3D	No-Essential3D
221	R	221	-43.572	50.625	186.276	-0.46	0.667293233082707	-1.4446603033814422	0.7192533410546833	0	0.5799100212987847	No-PER3D	No-Essential3D
222	Y	222	-41.767	53.133	183.961	0.01	0.687514240145819	-1.1165936407844723	0.6292539903886527	0	0.19843112667291105	No-PER3D	No-Essential3D
223	S	223	-40.954	55.524	186.855	0.48	0.669811320754717	-1.3664263688105116	0.6925681019056515	0	0.33958354598346435	No-PER3D	No-Essential3D
224	V	224	-37.453	56.414	185.655	0.01	0.67680608365019	-1.380287236264305	0.5864198681787259	0	0.19843112667291105	No-PER3D	No-Essential3D
225	A	225	-37.547	59.297	183.14	0.71	0.654973629338894	-1.005244149581854	0.5223529423300266	0	0.20400994461430205	No-PER3D	No-Essential3D
226	F	226	-34.252	58.172	181.531	0.48	0.671698113207547	-0.5681603532865097	0.3649616871448853	0	0.19843112667291105	No-PER3D	No-Essential3D
227	F	227	-35.728	54.686	180.894	0.95	0.646820405310971	-0.5872190460354758	0.37734365501381534	0	0.19843112667291105	No-PER3D	No-Essential3D
228	C	228	-38.899	56.25	179.393	0.48	0.651094276094276	-0.5732915397958467	0.4557015301226721	0	0.19843112667291105	No-PER3D	No-Essential3D
229	L	229	-36.777	58.38	177.032	0.95	0.595	0.14203386839469184	0.21380011973522556	0	0.5956633955000802	No-PER3D	No-Essential3D
230	D	230	-34.42	55.489	176.024	1.19	0.55921052631579	0.4610476355073525	-0.008924769635066651	0	0.5956633955000802	No-PER3D	No-Essential3D
231	T	231	-37.449	53.149	175.54	0.71	0.55921052631579	0.06913301117314814	0.15133501449551653	0	0.5799100212987847	No-PER3D	No-Essential3D
232	A	232	-39.198	55.734	173.368	0.24	0.543720412141465	0.4948876344087467	0.1593223777405383	0	0.5799100212987847	No-PER3D	No-Essential3D
233	C	233	-35.987	56.288	171.337	1.66	0.556077694235589	0.6544614504382472	-0.1228999336362707	0	0.5820643288818675	No-PER3D	No-Essential3D
234	V	234	-35.161	52.534	171.033	1.19	0.556077694235589	0.8797397458481776	-0.06943221299700372	0	0.5799100212987847	No-PER3D	No-Essential3D
235	M	235	-38.792	51.855	169.956	0.95	0.535338345864662	0.7608169526317785	0.03123195143423755	0	1	No-PER3D	No-Essential3D
236	I	236	-38.251	54.344	167.087	0.71	0.569956458635704	0.7874231049024147	-0.05233484581845299	0	1	No-PER3D	No-Essential3D
237	F	237	-34.821	52.86	166.259	1.66	0.52125243348475	0.9801385245737264	-0.17083385244650856	0	1	No-PER3D	No-Essential3D
238	T	238	-36.367	49.326	166.338	1.19	0.484396200814111	0.9352772939492371	0.03847898987485687	0	1	No-PER3D	No-Essential3D
239	V	239	-39.233	50.583	164.116	0.48	0.488499025341131	0.6975323190166216	0.14434733458049961	0	0.5799100212987847	No-PER3D	No-Essential3D
240	E	240	-36.741	52.132	161.622	1.66	0.554179566563468	0.8373687081224278	0.006493971427512183	0	0.5956633955000802	No-PER3D	No-Essential3D
241	Y	241	-34.71	48.899	161.452	0.71	0.565651260504202	0.8858896237968681	0.0855886988095215	0	0.5820643288818675	No-PER3D	No-Essential3D
242	L	242	-37.762	46.611	160.981	1.19	0.484480431848853	0.7787761054144577	0.21099772651080523	0	0.5799100212987847	No-PER3D	No-Essential3D
243	L	243	-39.4	48.889	158.363	0.95	0.483636363636364	0.4461041800591078	0.40611285439921885	0	0.5820643288818675	No-PER3D	No-Essential3D
244	R	244	-36.161	48.999	156.319	1.66	0.483218916857361	0.4082742559902702	0.32030195940635164	0	0.33958354598346435	No-PER3D	No-Essential3D
245	L	245	-35.649	45.193	156.6	0.71	0.483218916857361	0.398701790401423	0.19356769549111544	0	0.5956633955000802	No-PER3D	No-Essential3D
246	F	246	-39.146	44.273	155.315	0.01	0.483218916857361	0.09331651628671914	0.4079856148430739	0	0.5820643288818675	No-PER3D	No-Essential3D
247	A	247	-39.483	47.068	152.706	0.48	0.511919191919192	-0.1429560312127821	0.5917149124243061	0	0.19843112667291105	No-PER3D	No-Essential3D
248	A	248	-35.995	46.582	151.191	0.71	0.43719806763285	-0.18996172409831652	0.5236887609563637	0	0.19843112667291105	No-PER3D	No-Essential3D
249	P	249	-35.621	45.176	147.621	1.66	0.495	-0.5763322429124909	0.6356928526471555	0	0.3507673244058025	No-PER3D	No-Essential3D
250	S	250	-32.834	42.83	148.734	0.71	0.435990338164251	-0.40811620263814075	0.4385059625199844	0	0.19843112667291105	No-PER3D	No-Essential3D
251	R	251	-32.337	41.124	152.076	0.48	0.436739659367397	-0.08069763489949296	0.18253304701867906	0	0.5956633955000802	No-PER3D	No-Essential3D
252	Y	252	-28.989	39.695	150.877	-0.23	0.435151515151515	-0.29180930842650155	0.11283598881450707	0	0.5799100212987847	No-PER3D	No-Essential3D
253	R	253	-27.104	42.994	150.541	-0.46	0.435151515151515	-0.2593836592246409	0.19499944204446523	0	0.5799100212987847	No-PER3D	No-Essential3D
254	F	254	-28.724	44.335	153.737	1.66	0.470957613814757	0.13395700074110575	0.12660481712440858	0	0.33958354598346435	No-PER3D	No-Essential3D
255	I	255	-25.927	43.567	156.266	0.01	0.470957613814757	0.27027552233915925	0.054655449313177194	0	0.5799100212987847	No-PER3D	No-Essential3D
256	R	256	-23.284	44.525	153.697	0.48	0.507185122569738	0.017189615432474815	0.02754403176600751	0	0.5820643288818675	No-PER3D	No-Essential3D
257	S	257	-24.577	48.101	154.087	1.19	0.441176470588235	0.33303803522178677	-0.027159072693814026	0	0.5799100212987847	No-PER3D	No-Essential3D
258	V	258	-22.716	49.968	156.868	0.24	0.472689075630252	0.7002200833786553	-0.4568621200682481	0	1	No-PER3D	No-Essential3D
259	M	259	-25.837	52.126	157.424	1.19	0.505334081976418	0.9256990791318077	-0.43275764143195855	0	0.5820643288818675	No-PER3D	No-Essential3D
260	S	260	-27.88	49.003	158.305	1.19	0.502097902097902	0.7568444211406788	-0.09514129786302218	0	0.5956633955000802	No-PER3D	No-Essential3D
261	I	261	-25.083	47.842	160.671	0.95	0.501672240802676	0.8092553532799197	-0.2782944613462006	0	1	No-PER3D	No-Essential3D
262	I	262	-25.338	51.264	162.418	1.66	0.504459308807135	1.0385851823372225	-0.4349197558378304	0	0.5799100212987847	No-PER3D	No-Essential3D
263	D	263	-29.165	50.822	162.602	1.66	0.52463768115942	1.0225074646079664	-0.29340717870479727	0	1	No-PER3D	No-Essential3D
264	V	264	-28.608	47.421	164.366	0.71	0.475221529373154	1.0225074646079664	-0.25597562282431485	0	1	No-PER3D	No-Essential3D
265	V	265	-25.735	48.615	166.671	1.19	0.47351209941138	0.9735901532189535	-0.5130534001876806	0	1	No-PER3D	No-Essential3D
266	A	266	-27.931	51.482	167.923	0.95	0.47012987012987	1.0825423467672095	-0.46495877882575204	0	1	No-PER3D	No-Essential3D
267	I	267	-30.565	49.031	169.308	1.66	0.390647482014388	0.85641905917416306	-0.37117427076083115	0	0.5820643288818675	No-PER3D	No-Essential3D
268	M	268	-28.349	46.125	170.52	0.95	0.355134074558535	0.6828229176898558	-0.6507431045279739	0	1	No-PER3D	No-Essential3D
269	P	269	-27.345	47.571	174.01	1.66	0.325539568345324	0.35032203188481686	-0.8203151999142912	0	1	No-PER3D	No-Essential3D
270	Y	270	-30.954	47.997	175.121	1.19	0.301582893640655	0.17732774385574016	-0.5694662601963909	0	0.5799100212987847	No-PER3D	No-Essential3D
271	Y	271	-32.044	44.43	174.288	1.19	0.202517482517483	0.18375582365864593	-0.5814225104007843	0	1	No-PER3D	No-Essential3D
272	I	272	-28.751	42.892	175.509	0.71	0.118805382343288	-0.13279891330199184	-1.1107259978863797	0	1	No-PER3D	No-Essential3D
273	G	273	-29.031	44.844	178.815	-0.23	0.101083032490975	-0.6746324733552529	-0.9313716608079433	0	1	No-PER3D	No-Essential3D
274	L	274	-32.618	43.607	179.284	-0.46	0.101083032490975	-0.8053790526797058	-0.6084894744861674	0	1	No-PER3D	No-Essential3D
275	V	275	-31.563	39.996	178.526	0.01	0.0938628158844765	-0.7949587969992059	-1.0368817050707357	0	1	No-PER3D	No-Essential3D
276	M	276	-28.65	40.229	181.005	-0.23	0.0938628158844765	-0.9159655605933101	-1.0307533789601084	0	1	No-PER3D	No-Essential3D
277	T	277	-30.45	41.934	183.957	-0.23	0.0935251798561151	-1.4205530562175754	-0.7328582805762537	0	0.5820643288818675	No-PER3D	No-Essential3D
278	N	278	-33.207	39.291	183.833	-0.23	0.0935251798561151	-1.6136396045639274	-0.857232200802089	0	1	No-PER3D	No-Essential3D
279	N	279	-30.729	36.368	183.334	0.48	0.100082712985939	-1.356963661221864	-1.4053760346689796	0	1	No-PER3D	No-Essential3D
280	E	280	-26.901	36.022	183.135	-0.23	0	-0.9810498277378286	-1.3924007910242497	0	1	No-PER3D	No-Essential3D
281	D	281	-25.946	39.545	184.262	0.24	0	-1.2557393455376702	-1.0770617681608559	0	0.5820643288818675	No-PER3D	No-Essential3D
282	V	282	-22.202	40.34	184.333	0.48	0.0942857142857143	-0.9165109040870563	-1.2699771625036715	0	1	No-PER3D	No-Essential3D
283	S	283	-21.303	43.874	185.496	0.01	0.093944099378882	-1.030872642628489	-1.0265855059504696	0	1	No-PER3D	No-Essential3D
284	G	284	-18.354	44.392	183.107	1.42	0.0946298227320125	-0.5938162858331948	-1.2550121074014702	0	1	No-PER3D	No-Essential3D
285	A	285	-20.43	43.269	180.118	0.48	0.094025974025974	-0.3561613317165329	-1.3361211988739061	0	1	No-PER3D	No-Essential3D
286	F	286	-23.294	45.619	181.152	0.95	0.094025974025974	-0.6399969644172279	-0.9739062455750842	0	0.5820643288818675	No-PER3D	No-Essential3D
287	V	287	-20.757	48.502	181.41	0.01	0.0880778588807786	-0.34067775137256845	-1.087847910965144	0	1	No-PER3D	No-Essential3D
288	T	288	-19.367	47.599	177.929	0.48	0.10237556561086	0.33303803522178677	-1.208479595983587	0	1	No-PER3D	No-Essential3D
289	L	289	-22.867	47.654	176.401	1.19	0.103133903133903	0.2264405290165373	-1.1151464709981467	0	1	No-PER3D	No-Essential3D
290	R	290	-23.562	50.95	178.27	1.66	0.103517300543323	0.17817900060383296	-0.7254128742410911	0	1	No-PER3D	No-Essential3D
291	V	291	-20.482	52.413	176.48	0.71	0.104089219330855	0.7063817566196813	-0.9210184259757219	0	1	No-PER3D	No-Essential3D
292	F	292	-21.672	50.873	173.152	0.71	0.0966542750929368	0.711557562142143	-0.9114348112245513	0	1	No-PER3D	No-Essential3D
293	R	293	-24.845	53.007	173.479	1.66	0.0970149253731343	0.8611601554810355	-0.6628541021400866	0	1	No-PER3D	No-Essential3D
294	V	294	-22.831	56.042	172.203	1.19	0.0908863920099875	0.9704625728704053	-0.736329409655944	0	1	No-PER3D	No-Essential3D
295	F	295	-22.517	54.443	168.712	0.95	0.096388741370154	1.1090046086225045	-0.7242104337446745	0	1	No-PER3D	No-Essential3D
296	R	296	-26.079	55.857	168.289	1.66	0.095677385345282	1.0343091935794415	-0.5702403483497203	0	1	No-PER3D	No-Essential3D
297	I	297	-24.184	59.075	167.239	1.66	0.103517300543323	0.9893257918475871	-0.7978427622401029	0	1	No-PER3D	No-Essential3D
298	F	298	-23.321	57.396	163.906	1.66	0.0961232076473712	1.1276967880493753	-0.7762083810310786	1.3638035866945273	1	No-PER3D	No-Essential3D
299	K	299	-27.049	57.106	162.983	1.66	0.104292711034284	1.0350503649641232	-0.6074719376666288	0	1	No-PER3D	No-Essential3D
300	F	300	-26.618	60.751	161.911	0.95	0.113095238095238	0.9753336531511584	-0.8458939920086826	2.060914844642259	0.488028802880288	No-PER3D	No-Essential3D
301	S	301	-24.412	59.48	158.991	1.19	0.12465564738292	1.0056478517915732	-0.8663819247562871	4.129484862172053	0.3584158415841584	No-PER3D	No-Essential3D
302	R	302	-27.63	58.476	157.192	1.66	0.138167938931298	1.0385424224496447	-0.6077825379417515	2.060914844642259	0.488028802880288	No-PER3D	No-Essential3D
303	H	303	-28.803	62.126	157.197	1.66	0.137121212121212	0.7454233931037674	-0.7002986401688369	1.3638035866945273	1	No-PER3D	No-Essential3D
304	S	304	-25.376	63.778	156.762	0.24	0.137121212121212	1.0766699888731903	-1.10032574438525	4.129484862172053	0.3584158415841584	No-PER3D	No-Essential3D
305	Q	305	-23.345	64.024	153.58	0.01	0.12465564738292	0.7802014350003849	-0.08137219957341908	134.27085961776785	0.198019801980198	No-PER3D	No-Essential3D
306	G	306	-20.252	65.182	155.574	1.66	0.13609022556391	0.9496446161753805	-0.2281471004807004	134.27085961776785	0.198019801980198	No-PER3D	No-Essential3D
307	L	307	-20.29	62.084	157.79	1.66	0.137121212121212	1.243148484509458	-0.6915337415442193	4.129484862172053	0.3584158415841584	No-PER3D	No-Essential3D
308	R	308	-20.563	59.916	154.636	0.95	0.12465564738292	0.9814579725332703	-0.512754523921131	134.27085961776785	0.198019801980198	No-PER3D	No-Essential3D
309	I	309	-17.709	61.88	152.942	1.19	0.137121212121212	0.8961282413224432	-0.03155795335189851	4.129484862172053	0.3584158415841584	No-PER3D	No-Essential3D
310	L	310	-15.563	61.343	156.083	1.66	0.123255022131427	0.9824842098351375	-0.31982953529167385	134.27085961776785	0.03762376237623763	PER3D	Essential3D
311	G	311	-16.587	57.618	156.161	1.66	0.122795115332429	0.9471184935861686	-0.7036171390081007	134.27085961776785	0.03762376237623763	PER3D	Essential3D
312	Y	312	-15.398	57.007	152.584	0.48	0.122338627914836	0.5716960784304997	0.08469457692197313	4.30162152776966	0.1745770495416889	No-PER3D	No-Essential3D
313	T	313	-12.232	59.085	153.244	1.66	0	1.1507871273413919	-0.501469611147288	13.583086620713582	0.02380278844210955	PER3D	Essential3D
314	L	314	-11.246	56.896	156.239	1.66	0	1.1376512898774893	-1.001681328475362	134.27085961776785	0.03762376237623763	PER3D	Essential3D
315	K	315	-11.933	53.704	154.247	0.71	0	0.8886301438643551	-0.8509915755850931	4.129484862172053	0.3584158415841584	No-PER3D	No-Essential3D
316	S	316	-9.716	54.874	151.331	0.95	0	0.8667246421844943	-0.5855126774962128	2.060914844642259	0.488028802880288	No-PER3D	No-Essential3D
317	C	317	-6.788	56.079	153.501	0.71	0	1.1705224600696111	-1.0850448354025704	134.27085961776785	0.03762376237623763	PER3D	Essential3D
318	A	318	-6.658	52.909	155.628	0.48	0	1.0460028975717726	-1.4837503238812941	134.27085961776785	0.198019801980198	No-PER3D	No-Essential3D
319	S	319	-3.068	52	154.585	0.48	0	0.9914185110513951	-1.7028275715233443	134.27085961776785	0.198019801980198	No-PER3D	No-Essential3D
320	E	320	-1.648	55.431	155.468	1.66	0	1.020249742543858	-1.5723722381553549	134.27085961776785	0.03762376237623763	PER3D	Essential3D
321	L	321	-3.847	55.636	158.589	0.95	0	1.020249742543858	-1.7028275715233443	134.27085961776785	0.03762376237623763	PER3D	Essential3D
322	G	322	-2.406	52.209	159.557	0.71	0	0.6695958591324536	-1.7028275715233443	134.27085961776785	0.198019801980198	No-PER3D	No-Essential3D
323	F	323	1.141	53.418	158.846	0.95	0	0.7536332915187066	-1.6783671965168463	134.27085961776785	0.198019801980198	No-PER3D	No-Essential3D
324	L	324	0.444	56.433	161.14	1.66	0	1.0554936635965615	-1.6349297870376904	134.27085961776785	0.006840684068406847	PER3D	Essential3D
325	L	325	-0.512	54.013	163.939	1.42	0	0.8595312073828333	-1.616209200720441	134.27085961776785	0.198019801980198	No-PER3D	No-Essential3D
326	F	326	2.537	51.786	163.259	0.95	0	0.7922077406888989	-1.5960441693496092	0	1	No-PER3D	No-Essential3D
327	S	327	5.044	54.699	163.089	0.24	0	1.0955281957023777	-1.564672046241699	134.27085961776785	0.006840684068406847	PER3D	Essential3D
328	L	328	3.526	56.076	166.319	1.66	0	1.1270553897357078	-1.4929725529604025	134.27085961776785	1.9573596324496726e-4	PER3D	Essential3D
329	T	329	3.804	52.556	167.919	0.24	0	1.062441481354546	-1.4076159065018632	134.27085961776785	0.0011866492771726161	PER3D	Essential3D
330	M	330	7.514	52.256	166.982	1.19	0.133085501858736	1.0419167353171979	-1.4531460985497087	134.27085961776785	0.0011866492771726161	PER3D	Essential3D
331	A	331	8.208	55.795	168.25	1.42	0.131617647058824	1.103287000797815	-1.4439644014569777	40.56884226748015	3.1693389625366126e-5	PER3D	Essential3D
332	I	332	6.143	55.281	171.462	1.19	0.119652406417112	1.0589658950690453	-1.3655537678536775	49.89728766849482	4.966447420186942e-6	PER3D	Essential3D
333	I	333	8.164	52.178	172.383	1.19	0.109489051094891	0.9675847645635811	-1.2532927143397943	32.46098454969665	1.8704374119297033e-4	PER3D	Essential3D
334	I	334	11.496	53.858	171.448	1.42	0.109090909090909	1.0390412878047188	-1.3495097466806705	40.56884226748015	3.1693389625366126e-5	PER3D	Essential3D
335	F	335	10.892	57.257	173.171	1.66	0.130434782608696	1.1014299999658643	-1.3620708377504822	89.71019020737947	1.1518577360827097e-8	PER3D	Essential3D
336	A	336	9.211	55.8	176.284	0.95	0.131272727272727	0.9039895713313282	-1.2606704183603523	89.71019020737947	1.1518577360827097e-8	PER3D	Essential3D
337	T	337	12.117	53.336	176.762	1.19	0.120320855614973	0.9893257918475871	-1.185963962821142	40.56884226748015	3.1693389625366126e-5	PER3D	Essential3D
338	V	338	14.883	55.964	176.592	0.71	0.12021312021312	1.150102969140147	-1.305714815452439	32.46098454969665	1.8704374119297033e-4	PER3D	Essential3D
339	M	339	13.057	58.422	178.891	0.95	0.109184914841849	0.6554565896400582	-1.2900632927261986	54.50259473376032	8.079551630434294e-9	PER3D	Essential3D
340	F	340	12.386	55.716	181.51	1.19	0.108576642335766	0.5376761239180454	-1.2324362371934203	44.80400465177631	6.794191476795052e-8	PER3D	Essential3D
341	Y	341	16.109	54.811	181.694	1.19	0.119214119214119	0.6343845170417142	-1.2009477395954686	20.23880190468602	1.2523768734349342e-4	PER3D	Essential3D
342	A	342	17.17	58.493	181.761	1.66	0.20027972027972	0.3763200435321243	-1.3001064768040236	20.23880190468602	1.2523768734349342e-4	PER3D	Essential3D
343	E	343	15.062	59.295	184.832	1.66	0.20027972027972	0.2201181742103899	-1.2919832503127462	30.405041378603283	3.5190838962651763e-6	PER3D	Essential3D
344	K	344	15.43	55.809	186.468	-0.23	0.20174697097774	0.2091117791478621	-1.1769468403737786	20.23880190468602	1.2523768734349342e-4	PER3D	Essential3D
345	G	345	18.278	56.92	188.789	0.01	0.199554069119287	0.0035618488327782676	-1.1966982892864588	25.375096610730644	0.001021497058184675	PER3D	Essential3D
346	S	346	16.14	59.834	190.041	0.24	0.199554069119287	-0.0663303126733493	-1.2220047533983032	25.375096610730644	0.001021497058184675	PER3D	No-Essential3D
347	S	347	14.258	59.319	193.327	-0.7	0.201010668163953	-0.5417150074306958	-1.0583836282966856	19.12708231516886	0.0051503025328832105	PER3D	No-Essential3D
348	A	348	11.366	61.399	191.977	-0.46	0.20174697097774	-0.398831198478388	-1.2002850122319648	32.46098454969665	1.8704374119297033e-4	PER3D	No-Essential3D
349	S	349	10.998	59.771	188.516	1.19	0.21875	0.11305596769307298	-1.184446618211256	20.23880190468602	1.2523768734349342e-4	PER3D	Essential3D
350	K	350	7.544	60.149	186.99	-0.7	0.217524509803922	0.36126856310473576	-1.1601985631475844	30.405041378603283	3.5190838962651763e-6	PER3D	Essential3D
351	F	351	8.18	57.078	184.843	1.66	0.220149253731343	0.4100852629935655	-1.1636814291325082	36.92874817335475	5.136862802842278e-7	PER3D	Essential3D
352	T	352	7.271	53.955	186.869	-0.23	0.218518518518519	0.2224370758059558	-1.0991022961285324	20.23880190468602	1.2523768734349342e-4	PER3D	Essential3D
353	S	353	8.028	51.537	184.037	1.19	0.200226244343891	0.6703214814671072	-1.0514706003772565	25.375096610730644	0.001021497058184675	PER3D	Essential3D
354	I	354	8.512	51.512	180.244	1.66	0.200965086573943	0.7426604465218166	-1.0821896677642635	32.46098454969665	1.8704374119297033e-4	PER3D	Essential3D
355	P	355	4.776	50.644	179.634	1.66	0.187301587301587	0.82332413374552	-1.1443367876104142	40.56884226748015	3.1693389625366126e-5	PER3D	Essential3D
356	A	356	3.87	53.494	182.029	-0.23	0.187466808284652	0.8027993877081719	-1.1097549484059102	40.56884226748015	3.1693389625366126e-5	PER3D	Essential3D
357	S	357	5.936	55.99	179.959	0.95	0.187466808284652	0.9016395157213609	-1.190512670263444	74.03041931589667	9.521319451472679e-8	PER3D	Essential3D
358	F	358	3.892	55.043	176.853	1.66	0.201139601139601	0.9283253638398127	-1.2035948595215116	60.79414817821227	7.177351402875371e-7	PER3D	Essential3D
359	W	359	1.283	57.6	178.078	1.66	0.217901234567901	0.9173181411665575	-1.1858844657708705	60.79414817821227	7.177351402875371e-7	PER3D	Essential3D
360	Y	360	3.846	60.462	178.248	1.42	0.220349563046192	1.085002684913994	-1.254955815567262	89.71019020737947	1.1518577360827097e-8	PER3D	Essential3D
361	T	361	5.213	59.585	174.817	0.71	0.132330827067669	1.200760422041022	-1.3449961145785332	133.27085961776785	1.2316159316943673e-10	PER3D	Essential3D
362	I	362	1.778	59.706	173.112	1.19	0.110486891385768	1.2368770343313795	-1.3625208727977507	60.79414817821227	7.177351402875371e-7	PER3D	Essential3D
363	V	363	0.946	63.039	174.845	1.66	0.11963501182832	1.4358530445267819	-1.3297337836463199	60.79414817821227	7.177351402875371e-7	PER3D	Essential3D
364	T	364	4.334	64.599	173.917	1.19	0.132462686567164	1.3094378669814335	-1.4066466065812295	108.98503553496965	1.2597887413501333e-9	PER3D	Essential3D
365	M	365	4.294	63.244	170.319	1.66	0.133333333333333	1.2434258459423952	-1.427575488040016	134.27085961776785	6.233193118453268e-7	PER3D	Essential3D
366	T	366	0.735	64.527	169.62	1.66	0.132835820895522	1.4689206909202872	-1.4262787454335528	134.27085961776785	3.058374425702611e-5	PER3D	Essential3D
367	T	367	1.854	67.856	171.211	1.66	0.119972963839135	1.442595473176732	-1.4440396362019237	134.27085961776785	6.233193118453268e-7	PER3D	Essential3D
368	L	368	-0.955	67.77	173.821	1.19	0.11986531986532	1.6148744405192064	-1.300426365304029	134.27085961776785	4.507078101035433e-6	PER3D	Essential3D
369	G	369	1.651	68.059	176.644	1.66	0.11952861952862	1.3970840797895687	-1.3735902209802682	134.27085961776785	8.042829830262237e-8	PER3D	Essential3D
370	Y	370	-0.569	67.656	179.767	1.66	0.146090534979424	1.3868217067708948	-1.2501262145266145	134.27085961776785	3.058374425702611e-5	PER3D	Essential3D
371	G	371	2.386	67.801	182.235	1.66	0.132342007434944	0.966064413005259	-1.3111645192630945	134.27085961776785	3.058374425702611e-5	PER3D	Essential3D
372	D	372	1.156	65.035	184.54	1.66	0.133333333333333	1.0517854111612421	-1.2016677723985807	40.56884226748015	3.1693389625366126e-5	PER3D	Essential3D
373	M	373	4.29	63.113	183.54	1.66	0	0.7225984600105093	-1.2228829369882954	74.03041931589667	9.521319451472679e-8	PER3D	Essential3D
374	V	374	7.456	65.118	182.727	-0.46	0	0.6939460058649346	-1.303492818673112	89.71019020737947	1.1518577360827097e-8	PER3D	Essential3D
375	P	375	11.283	64.453	182.725	1.66	0	0.49787831420737316	-1.3198581855887688	54.50259473376032	8.079551630434294e-9	PER3D	Essential3D
376	K	376	13.445	66.23	185.31	-0.23	0	0.18940802295200784	-1.3483690413793739	40.56884226748015	3.1693389625366126e-5	PER3D	Essential3D
377	T	377	16.945	65.105	184.235	1.66	0	0.07409315813217383	-1.335610629986987	25.375096610730644	0.001021497058184675	PER3D	Essential3D
378	I	378	19.051	66.555	181.378	0.01	0	0.5055404237922616	-1.5398711899774844	134.27085961776785	0.0011866492771726161	PER3D	Essential3D
379	A	379	19.103	63.102	179.713	0.95	0	0.5125652624657587	-1.4475102551765362	32.46098454969665	1.8704374119297033e-4	PER3D	Essential3D
380	G	380	15.269	62.769	179.806	1.66	0	0.5512157582503754	-1.3645118392716356	36.92874817335475	5.136862802842278e-7	PER3D	Essential3D
381	K	381	14.842	66.321	178.501	0.71	0	0.7785428696640335	-1.5355025209332354	134.27085961776785	1.9573596324496726e-4	PER3D	Essential3D
382	I	382	17.018	65.603	175.408	1.42	0	0.9465659042697783	-1.563071703841247	134.27085961776785	1.9573596324496726e-4	PER3D	Essential3D
383	F	383	14.79	62.552	174.715	0.71	0	0.8883191628637891	-1.455694899709887	134.27085961776785	6.233193118453268e-7	PER3D	Essential3D
384	G	384	11.72	64.803	175.398	1.66	0	1.0334276820509143	-1.4429502939525147	108.98503553496965	1.2597887413501333e-9	PER3D	Essential3D
385	S	385	12.85	67.394	172.837	0.71	0	1.0002723230675057	-1.5684664660703642	134.27085961776785	4.507078101035433e-6	PER3D	Essential3D
386	I	386	13.434	64.701	170.17	1.42	0	1.0931599557749914	-1.526159642149396	134.27085961776785	4.507078101035433e-6	PER3D	Essential3D
387	C	387	10.089	63.054	171.127	1.66	0	1.2822564465535942	-1.4409018960608613	134.27085961776785	8.042829830262237e-8	PER3D	Essential3D
388	S	388	8.186	66.335	170.55	0.95	0	1.3142520689959856	-1.47669400096249	134.27085961776785	4.507078101035433e-6	PER3D	Essential3D
389	L	389	9.98	67.061	167.246	1.42	0	1.3056556656232001	-1.5502801828441297	134.27085961776785	3.058374425702611e-5	PER3D	Essential3D
390	S	390	9.587	63.499	165.891	0.95	0	1.2108953121650539	-1.5209624802749897	134.27085961776785	4.507078101035433e-6	PER3D	Essential3D
391	G	391	5.845	63.418	166.72	1.66	0	1.2482796710187951	-1.5149848529542496	134.27085961776785	4.507078101035433e-6	PER3D	Essential3D
392	V	392	5.204	66.671	164.807	1.66	0	1.4479854499621923	-1.555761191559261	134.27085961776785	3.058374425702611e-5	PER3D	Essential3D
393	L	393	6.753	65.078	161.698	1.66	0	1.4361788341464223	-1.6121977000969852	134.27085961776785	0.0011866492771726161	PER3D	Essential3D
394	V	394	5.138	61.595	162.186	0.71	0	1.2472534337169277	-1.594880862935282	134.27085961776785	1.9573596324496726e-4	PER3D	Essential3D
395	I	395	1.614	63.11	162.619	1.66	0	1.3501703745613443	-1.6029603242982802	134.27085961776785	1.9573596324496726e-4	PER3D	Essential3D
396	A	396	2.163	65.251	159.477	0.95	0	1.4640125994765736	-1.660288084490931	134.27085961776785	0.0011866492771726161	PER3D	Essential3D
397	L	397	2.653	62.3	157.033	1.19	0	1.2944603496028282	-1.7028275715233443	134.27085961776785	0.0011866492771726161	PER3D	Essential3D
398	P	398	-1.006	61.128	156.359	1.66	0	1.1827145100661556	-1.4612436208418822	134.27085961776785	0.006840684068406847	PER3D	Essential3D
399	V	399	-2.326	64.745	156.235	1.66	0	1.5062384109881926	-1.0348967072007207	134.27085961776785	0.006840684068406847	PER3D	Essential3D
400	P	400	-1.918	65.154	152.378	1.66	0	1.344631951027457	-0.6118850078240846	134.27085961776785	0.03762376237623763	PER3D	Essential3D
401	V	401	-3.545	61.71	151.854	1.66	0	1.10204085550269	-0.8846206487488996	134.27085961776785	0.03762376237623763	PER3D	Essential3D
402	I	402	-6.624	62.583	153.95	1.66	0	1.1507871273413919	-0.658207083707291	134.27085961776785	0.03762376237623763	PER3D	Essential3D
403	V	403	-6.903	65.99	152.168	1.66	0	1.175976588387228	-0.09401917295076898	134.27085961776785	0.03762376237623763	PER3D	Essential3D
404	S	404	-6.694	64.234	148.753	1.19	0.88723667905824	0.79844565370025	0.3190132441844741	4.30162152776966	0.1745770495416889	No-PER3D	No-Essential3D
405	N	405	-9.281	61.525	149.571	1.66	0.88723667905824	0.8875041781726511	0.05861086093515702	8.616634908091465	0.09918991899189923	No-PER3D	No-Essential3D
406	F	406	-11.626	63.993	151.328	1.66	0.88723667905824	0.9697295462262141	-0.04527513886829728	13.583086620713582	0.02380278844210955	PER3D	Essential3D
407	S	407	-11.341	66.713	148.642	0.71	1.33582089552239	0.7260141223945359	0.666073686495555	4.30162152776966	0.1745770495416889	No-PER3D	No-Essential3D
408	R	408	-12.068	63.972	146.107	0.24	1.34456928838951	0.2249744757281554	0.9041427382049843	0	0.5820643288818675	No-PER3D	No-Essential3D
409	I	409	-15.196	62.488	147.845	0.71	1.33955223880597	0.3966682326143125	0.41701749457054593	2.1196507020713637	0.33958354598346424	No-PER3D	No-Essential3D
410	Y	410	-16.512	65.965	148.875	1.66	1.33828996282528	0.7580181236266854	0.5529323913554597	4.129484862172053	0.3584158415841584	No-PER3D	No-Essential3D
411	H	411	-16.269	67.372	145.322	0.01	1.34831460674157	-0.1549776681775144	1.4593405469948229	1.3638035866945273	1	No-PER3D	No-Essential3D
412	Q	412	-17.829	64.205	143.836	0.24	1.34831460674157	-0.5854197988179161	1.4714020833482448	0	0.5799100212987847	No-PER3D	No-Essential3D
