aminoacid	Uniprot_position	chain	x	y	z	PARAZ	MTR
M	1	NA	NA	NA	NA	-2.28	0.694444444
E	2	NA	NA	NA	NA	-2.28	0.696969697
P	3	NA	NA	NA	NA	-0.84	0.699275362
S	4	NA	NA	NA	NA	-1.2	0.706293706
S	5	NA	NA	NA	NA	-1.2	0.7
K	6	NA	NA	NA	NA	-1.2	0.693037975
K	7	NA	NA	NA	NA	-0.12	0.595818815
L	8	NA	NA	NA	NA	0.25	0.592436975
T	9	A	565.448	-22.172	222.076	-0.12	0.587479936
G	10	A	562.314	-24.396	221.402	-0.48	0.6875
R	11	A	561.154	-24.083	217.78	-1.2	0.69047619
L	12	A	564.792	-23.139	216.881	1.69	0.692307692
M	13	A	566.096	-26.777	216.952	0.25	0.613861386
L	14	A	563.651	-27.766	214.152	0.25	0.60952381
A	15	A	565.15	-25.123	211.807	0.25	0.55
V	16	A	568.805	-25.863	212.753	-0.48	0.551351351
G	17	A	568.45	-29.667	212.594	-0.84	0.548471616
G	18	A	566.668	-29.657	209.237	-0.48	0.545762712
A	19	A	569.432	-27.397	207.813	1.33	0.547107438
V	20	A	572.294	-29.658	209.167	-0.12	0.546184739
L	21	A	570.665	-32.45	207.174	0.61	0.453125
G	22	A	572.478	-30.979	204.104	1.69	0.615278258
S	23	A	575.805	-31.01	206.056	0.61	0.624125874
L	24	A	575.094	-34.749	206.708	0.61	0.620629371
Q	25	A	574.715	-35.145	202.956	0.25	0.620629371
F	26	A	578.05	-33.254	202.594	0.97	0.673003802
G	27	A	579.511	-35.809	204.988	1.69	0.677480916
Y	28	A	577.924	-38.782	203.185	1.69	0.675572519
N	29	A	578.784	-38.185	199.406	0.61	0.673003802
T	30	A	582.405	-37.133	200.234	-0.12	0.71245283
G	31	A	583.405	-40.264	202.296	0.61	0.890566038
V	32	A	581.213	-42.84	200.397	0.25	0.830188679
I	33	A	583.291	-43.971	197.414	0.97	0.830188679
N	34	A	586.214	-45.2	199.564	1.69	0.863565198
A	35	A	584.641	-48.419	200.938	0.25	0.853825741
P	36	A	582.997	-50.109	197.85	1.69	0.876404494
Q	37	A	585.575	-48.911	195.245	-1.56	0.879699248
K	38	A	586.47	-52.296	193.708	-1.2	0.930601454
V	39	A	582.799	-53.394	193.562	-0.84	0.92976295
I	40	A	582.046	-50.403	191.281	0.61	0.92976295
E	41	A	585.359	-51.023	189.458	-0.84	0.905550373
E	42	A	583.948	-54.564	188.721	-0.84	0.905550373
F	43	A	580.906	-52.786	187.289	-1.2	0.878109453
Y	44	A	583.279	-50.441	185.238	-0.48	0.831893166
N	45	A	585.437	-53.249	183.864	0.25	0.804761905
Q	46	A	582.396	-55.413	182.95	-0.48	0.810054877
T	47	A	580.452	-52.462	181.415	-0.12	0.816122704
W	48	A	583.536	-51.665	179.29	0.25	0.803937654
V	49	A	583.801	-55.321	178.01	-1.56	0.774842767
H	50	A	580.152	-55.64	177.034	-1.56	0.780735108
R	51	A	580.044	-52.222	175.368	0.25	0.746666667
Y	52	A	583.346	-52.004	173.43	-1.56	0.740374532
G	53	A	584.094	-55.732	172.775	-1.92	0.689789936
E	54	A	587.485	-55.255	174.422	-1.2	0.695130684
S	55	A	588.688	-55.385	178.081	-1.2	0.700396825
I	56	A	589.51	-52.421	180.319	-0.48	0.700396825
L	57	A	593.131	-51.313	180.653	-1.56	0.661048689
P	58	A	594.322	-51.046	184.384	-1.2	0.628030751
T	59	A	595.4	-47.387	183.991	-1.92	0.632172537
T	60	A	592.138	-46.536	182.105	-0.48	0.593149541
L	61	A	590.05	-48.03	184.94	0.61	0.489848216
T	62	A	592.246	-45.995	187.396	-0.12	0.446115288
T	63	A	591.841	-42.607	185.564	-0.48	0.475471698
L	64	A	588.151	-43.384	184.938	0.97	0.479087452
W	65	A	587.383	-44.311	188.588	1.69	0.426568441
S	66	A	589.678	-41.385	189.694	0.61	0.40147618
L	67	A	587.468	-39.056	187.655	0.61	0.34351145
S	68	A	584.301	-40.508	189.386	-0.48	0.340909091
V	69	A	585.68	-39.584	192.782	1.69	0.382340515
A	70	A	587.495	-36.372	191.502	0.61	0.431380338
I	71	A	584.694	-34.745	189.352	-0.48	0.412927757
F	72	A	582.797	-34.199	192.63	0.97	0.414503817
S	73	A	585.275	-31.365	193.411	-0.12	0.418390805
V	74	A	584.926	-29.721	189.937	0.25	0.437062237
G	75	A	581.22	-29.671	190.867	1.69	0.492760181
G	76	A	581.775	-28.451	194.432	1.69	0.463601533
M	77	A	583.9	-25.502	193.421	0.61	0.467181467
I	78	A	581.157	-24.248	191.037	-0.48	0.487139342
G	79	A	578.704	-24.976	193.851	0.61	0.454887218
S	80	A	580.739	-22.825	196.32	0.25	0.483742004
F	81	A	581.088	-20.098	193.602	0.61	0.543820225
S	82	A	577.317	-19.975	192.979	-0.84	0.545864662
V	83	A	576.451	-19.827	196.735	0.25	0.597039474
G	84	A	576.321	-16.003	196.974	-0.48	0.592583955
L	85	A	573.997	-15.841	193.988	-0.84	0.637401229
F	86	A	571.204	-18.053	195.397	0.61	0.643313505
V	87	A	571.433	-16.902	199.062	-0.12	0.723727693
N	88	A	570.936	-13.18	198.483	-1.2	0.719495368
R	89	A	568.375	-13.5	195.722	-1.56	0.714639759
F	90	A	566.185	-16.272	197.225	0.25	0.703964194
G	91	A	566.919	-16.34	200.968	1.69	0.674632353
R	92	A	568.735	-19.178	202.576	1.69	0.728174603
R	93	A	565.926	-21.709	203.31	-0.48	0.734259259
N	94	A	564.26	-21.421	199.864	-1.2	0.729551046
S	95	A	567.746	-22.151	198.406	0.25	0.732253086
M	96	A	568.378	-25.21	200.688	0.97	0.732253086
L	97	A	564.899	-26.457	199.75	1.69	0.759184983
M	98	A	565.066	-25.913	196.001	-0.12	0.760597015
M	99	A	568.605	-27.357	195.832	-0.48	0.757769517
N	100	A	567.224	-30.647	197.021	1.69	0.728240741
L	101	A	566.437	-30.92	193.25	0.25	0.744615385
L	102	A	570.222	-31.423	192.664	0.61	0.806666667
A	103	A	570.342	-34.138	195.399	-0.12	0.772778882
F	104	A	567.405	-35.981	193.708	-0.12	0.775641026
V	105	A	568.682	-35.71	190.058	-0.48	0.752888889
S	106	A	572.127	-37.005	191.157	-0.12	0.752888889
A	107	A	570.663	-39.82	193.34	1.33	0.775641026
V	108	A	568.63	-41.036	190.316	-0.48	0.772778882
L	109	A	571.678	-40.804	187.962	0.61	0.784259259
M	110	A	573.885	-42.829	190.321	0.97	0.806666667
G	111	A	571.292	-45.396	191.559	1.33	0.812686567
F	112	A	570.027	-46.177	188.079	0.25	0.785758706
S	113	A	573.583	-46.415	186.621	0.25	0.777777778
K	114	A	572.846	-50.133	187.311	-0.84	0.743911439
L	115	A	570.473	-51.038	184.424	-1.2	0.752238806
G	116	A	571.587	-47.773	182.786	1.33	0.697185185
K	117	A	574.848	-49.689	181.972	-1.56	0.705018727
S	118	A	576.457	-46.262	182.141	0.61	0.648358209
F	119	A	579.334	-45.048	184.261	-0.84	0.648428595
E	120	A	578.746	-41.646	182.556	-0.48	0.652958153
M	121	A	575.559	-41.36	184.672	0.97	0.654479711
L	122	A	577.675	-42.276	187.711	1.33	0.680451128
I	123	A	580.339	-39.548	186.961	0.61	0.674157303
L	124	A	577.597	-37.079	186.053	-0.12	0.58988764
G	125	A	575.585	-37.748	189.225	0.61	0.594339623
R	126	A	578.944	-37.325	191.043	1.69	0.590460526
F	127	A	579.462	-33.877	189.386	-0.84	0.590460526
I	128	A	575.86	-32.75	190.213	0.97	0.591619318
I	129	A	576.033	-33.966	193.842	-0.48	0.579545455
G	130	A	579.384	-32.136	193.938	1.69	0.579545455
V	131	A	577.567	-28.916	192.835	0.25	0.631299735
Y	132	A	574.891	-29.443	195.555	-0.84	0.569923372
C	133	A	577.605	-30.138	198.163	0.25	0.501228501
G	134	A	579.479	-26.984	197.091	1.69	0.550769231
L	135	A	576.386	-24.789	197.413	0.97	0.63004563
T	136	A	575.544	-26.371	200.779	-0.48	0.693050193
T	137	A	578.931	-25.477	202.423	-0.84	0.63973864
G	138	A	577.808	-21.879	202.225	0.25	0.581395349
F	139	A	573.987	-22.151	202.722	-0.12	0.636717368
V	140	A	574.129	-24.107	206.012	-0.12	0.636717368
P	141	A	576.604	-22.113	208.258	1.69	0.560311284
M	142	A	574.931	-18.93	207.151	1.69	0.517427237
Y	143	A	571.314	-19.972	207.992	1.69	0.515390122
V	144	A	572.397	-21.388	211.387	0.97	0.566929134
G	145	A	574.557	-18.235	211.914	0.61	0.529411765
E	146	A	571.556	-15.816	211.506	1.69	0.529411765
V	147	A	568.805	-17.99	213.065	-0.48	0.605042017
S	148	A	570.682	-18.672	216.283	0.61	0.607424072
P	149	A	570.991	-16.255	219.291	1.69	0.609824958
T	150	A	574.493	-14.613	219.256	-0.12	0.533596838
A	151	A	575.634	-16.331	222.432	-1.56	0.56916996
L	152	A	574.729	-19.844	221.187	1.33	0.642448103
R	153	A	576.054	-19.037	217.663	1.69	0.646027201
G	154	A	579.531	-20.392	218.466	1.69	0.591503268
A	155	A	578.361	-23.743	219.878	-0.12	0.591503268
L	156	A	575.774	-24.248	217.019	0.25	0.591503268
G	157	A	578.13	-23.624	214.041	1.33	0.58690013
T	158	A	579.731	-26.788	215.492	-0.12	0.58690013
L	159	A	576.882	-28.767	213.862	-0.84	0.539654144
H	160	A	577.979	-27.986	210.249	-1.56	0.537570538
Q	161	A	581.411	-29.574	211.047	-0.84	0.537570538
L	162	A	580.019	-32.486	213.14	0.97	0.533451223
G	163	A	577.37	-33.183	210.499	0.25	0.464607465
I	164	A	580.088	-33.641	207.866	-0.12	0.463601533
V	165	A	582.214	-35.909	210.048	-0.48	0.465384615
V	166	A	579.224	-38.002	211.271	-0.12	0.345785441
G	167	A	577.966	-38.128	207.666	1.69	0.232051282
I	168	A	581.443	-39.547	206.638	0.97	0.254124254
L	169	A	581.171	-42.223	209.315	0.25	0.233333333
I	170	A	577.727	-43.311	208.09	-0.12	0.234234234
A	171	A	579.051	-43.544	204.497	0.61	0.232439336
Q	172	A	581.817	-45.881	205.698	1.69	0.231552163
V	173	A	579.444	-47.997	207.943	0.97	0.251641894
F	174	A	576.829	-48.289	205.139	0.25	0.24974271
G	175	A	579.812	-49.085	202.862	0.61	0.248803828
L	176	A	580.302	-52.497	204.565	1.69	0.248803828
D	177	A	580.206	-55.662	202.326	-0.84	0.419475655
S	178	A	577.318	-56.873	204.553	-1.56	0.488721805
I	179	A	575.239	-53.627	204.191	1.33	0.490566038
M	180	A	575.318	-52.114	200.702	0.97	0.582664526
G	181	A	579.067	-52.274	199.711	1.33	0.595394737
N	182	A	578.519	-55.345	197.568	-0.84	0.584854995
K	183	A	577.879	-56.319	193.925	-2.28	0.522904062
D	184	A	574.028	-56.119	194.135	-0.84	0.487379162
L	185	A	573.358	-53.211	196.539	-0.48	0.526850508
W	186	A	575.918	-50.503	195.66	1.69	0.566479401
P	187	A	573.356	-48.367	193.57	-1.2	0.578891258
L	188	A	571.118	-48.134	196.682	-0.12	0.675373134
L	189	A	574.258	-47.156	198.708	1.69	0.673507463
L	190	A	574.956	-44.299	196.292	0.61	0.752083333
S	191	A	571.263	-43.428	196.12	0.61	0.754879182
I	192	A	570.113	-43.54	199.78	-0.84	0.754879182
I	193	A	570.76	-39.69	199.788	-0.48	0.67037037
F	194	A	567.064	-39.401	198.881	-0.12	0.672862454
I	195	A	565.986	-40.514	202.449	0.97	0.677902622
P	196	A	567.937	-37.568	204.025	-0.48	0.675373134
A	197	A	566.983	-35.29	201.071	1.33	0.707184719
L	198	A	563.202	-35.952	201.063	0.25	0.75697026
L	199	A	563.185	-35.594	204.841	0.97	0.751383764
Q	200	A	564.759	-32.105	204.58	1.69	0.799261993
C	201	A	562.406	-31.415	201.541	-0.48	0.802973978
I	202	A	559.457	-31.856	204.033	0.25	0.79704797
V	203	A	560.99	-30.343	207.24	-0.48	0.848389631
L	204	A	561.981	-27.115	205.429	1.69	0.811235955
P	205	A	558.544	-25.54	204.473	-0.12	0.837808808
F	206	A	557.839	-25.661	208.273	0.25	0.828465215
C	207	A	561.108	-23.694	208.824	0.25	0.836176262
P	208	A	561.449	-19.873	208.973	1.69	0.774745853
E	209	A	562.954	-17.619	206.293	0.97	0.766861391
S	210	A	566.124	-15.939	207.699	1.69	0.784971486
P	211	A	565.528	-12.816	209.939	1.69	0.759093305
R	212	A	568.726	-11.101	208.627	1.69	0.817843866
F	213	A	567.444	-11.874	205.158	0.97	0.820895522
L	214	A	563.873	-10.607	205.721	-0.48	0.780603193
L	215	A	565.149	-7.41	207.409	0.25	0.830188679
I	216	A	568.349	-6.463	205.46	1.33	0.827067669
N	217	A	568.026	-8.233	202.072	-1.2	0.837808808
R	218	A	564.221	-8.368	201.606	-0.84	0.879699248
N	219	A	563.552	-5.056	203.52	-1.56	0.817843866
E	220	A	560.523	-6.439	205.406	-1.2	0.76625387
E	221	A	560.775	-4.792	208.814	0.25	0.73537037
N	222	A	557.511	-6.346	210.069	-1.2	0.764021164
R	223	A	557.799	-9.821	208.435	-1.2	0.761904762
A	224	A	561.308	-10.282	209.95	0.97	0.857142857
K	225	A	560.047	-8.959	213.345	-0.84	0.848545455
S	226	A	557.432	-11.786	213.359	-0.84	0.843115942
V	227	A	559.92	-14.67	212.768	-0.48	0.843818182
L	228	A	561.808	-14.131	216.031	0.61	0.843115942
K	229	A	558.867	-14.428	218.465	0.25	0.867878788
K	230	A	558.423	-18.044	217.193	-0.12	0.887603306
L	231	A	562.166	-18.708	216.859	0.61	0.884387352
R	232	A	562.709	-17.562	220.467	-1.2	0.87487781
G	233	A	559.816	-18.615	222.757	1.69	0.878024853
T	234	A	560.34	-16.114	225.597	-0.84	0.881816454
A	235	A	562.918	-13.625	224.343	-0.84	0.921545201
D	236	A	561.209	-10.997	222.075	0.25	0.915674603
V	237	A	564.52	-9.445	221.368	0.61	0.918956591
T	238	A	565.3	-5.716	220.971	-0.84	0.976448341
H	239	A	568.959	-6.841	221.331	-1.2	0.957733813
D	240	A	568.859	-9.176	218.225	-0.84	0.983549784
L	241	A	567.164	-6.334	216.241	0.97	1.01027668
Q	242	A	569.79	-3.745	217.251	-0.84	1.020544673
E	243	A	572.447	-6.421	216.51	0.97	1.020544673
M	244	A	570.989	-7.086	213.03	0.61	0.974452555
K	245	A	571.094	-3.319	212.362	-0.84	1.016820057
E	246	A	574.724	-3.115	213.811	-1.2	1.023411371
E	247	A	575.764	-6.237	211.813	1.69	1.030964223
S	248	A	574.236	-4.173	208.916	-1.2	1.04797048
R	249	A	576.365	-1.331	210.237	-1.2	0.994397759
Q	250	A	579.83	-2.967	210.253	-1.56	0.994397759
M	251	A	579.265	-5.419	207.342	-1.2	1.015095606
M	252	A	577.823	-2.592	205.198	-1.2	1.020544673
R	253	A	580.051	0.324	206.442	-0.84	1.007659008
E	254	A	583.2	-1.326	205.188	-1.2	1.016820057
K	255	A	582.792	-1.807	201.45	-0.84	1.00398142
K	256	A	582.268	-5.394	200.251	-1.92	1.00398142
V	257	A	585.454	-5.63	198.151	-0.84	1.011363636
T	258	A	585.311	-8.224	195.309	-0.12	1.015095606
I	259	A	587.742	-11.14	194.783	-0.12	0.964673913
L	260	A	588.993	-9.232	191.782	0.25	0.975432358
E	261	A	590.219	-6.291	193.99	-0.48	0.966973102
L	262	A	591.978	-8.599	196.542	1.69	0.915467917
F	263	A	594.326	-9.753	193.748	0.25	0.915467917
R	264	A	594.972	-6.328	192.149	-0.84	0.924930793
S	265	A	595.747	-4.674	195.51	-1.56	0.916838843
P	266	A	599.31	-4.966	197.087	-0.84	0.922917387
A	267	A	597.583	-4.286	200.507	-0.48	0.904942966
Y	268	A	595.726	-7.625	200.275	-0.84	0.904040404
R	269	A	598.25	-9.569	198.154	1.69	0.835029686
Q	270	A	600.131	-10.729	201.299	-0.12	0.880787296
P	271	A	597.108	-11.597	203.653	0.25	0.815909091
I	272	A	595.605	-13.45	200.685	0.97	0.683908046
L	273	A	598.864	-15.401	200.014	-0.12	0.635062612
I	274	A	598.637	-16.73	203.602	-0.48	0.632610633
A	275	A	594.897	-17.59	203.496	-0.48	0.742993441
V	276	A	595.224	-19.454	200.169	0.97	0.742203742
V	277	A	598.383	-21.424	201.215	0.61	0.744282744
L	278	A	596.602	-22.524	204.388	-0.12	0.738579428
Q	279	A	593.96	-24.183	202.152	-1.2	0.733705226
L	280	A	596.637	-25.957	200.086	-0.48	0.679389313
S	281	A	597.997	-27.034	203.521	0.25	0.676806084
Q	282	A	594.648	-28.693	204.265	0.25	0.68129771
Q	283	A	594.06	-30.688	201.068	0.61	0.509030418
L	284	A	597.656	-31.273	199.798	0.61	0.603901612
S	285	A	598.359	-32.738	203.23	0.25	0.674904943
G	286	A	596.809	-35.884	201.692	1.69	0.674904943
I	287	A	593.702	-36.368	203.927	-0.12	0.622989178
N	288	A	591.247	-37.146	201.107	0.61	0.671102662
A	289	A	593.663	-39.877	200.045	0.61	0.674904943
V	290	A	592.796	-41.503	203.421	0.97	0.726820708
F	291	A	589.079	-40.62	202.933	-0.12	0.624744077
Y	292	A	588.636	-41.64	199.254	-0.12	0.676806084
Y	293	A	591.01	-44.617	199.389	1.69	0.731650029
S	294	A	591.221	-45.749	203.101	0.25	0.731650029
T	295	A	590.048	-49.308	202.208	0.25	0.731650029
S	296	A	592.399	-49.689	199.12	-0.12	0.731650029
I	297	A	595.347	-48.251	201.141	0.97	0.726107226
F	298	A	594.637	-50.629	204.042	0.97	0.674242424
E	299	A	594.368	-53.675	201.693	-1.56	0.671698113
K	300	A	597.728	-52.774	199.968	-0.84	0.626315789
A	301	A	599.35	-52.526	203.362	1.69	0.623970037
G	302	A	598.417	-55.888	204.857	1.69	0.623970037
V	303	A	595.14	-55.095	206.617	0.97	0.633348076
Q	304	A	592.603	-57.875	206.667	-1.2	0.678030303
Q	305	A	589.058	-56.504	206.613	-1.56	0.678030303
P	306	A	590.165	-53.029	205.438	-1.2	0.628070175
V	307	A	586.674	-51.376	205.63	-0.84	0.633348076
Y	308	A	586.685	-51.841	209.447	1.69	0.639920556
A	309	A	590.003	-49.982	209.536	0.61	0.640550239
T	310	A	588.154	-47.388	207.322	-0.12	0.582333697
I	311	A	585.337	-47.185	209.869	0.25	0.679389313
G	312	A	588.164	-47.029	212.478	0.61	0.684615385
S	313	A	589.444	-43.932	210.543	-0.12	0.691119691
G	314	A	585.799	-42.714	210.729	1.69	0.697674419
I	315	A	585.37	-43.132	214.529	-0.48	0.697674419
V	316	A	588.793	-41.541	215.209	0.61	0.630350195
N	317	A	588.024	-38.596	212.872	0.25	0.622568093
T	318	A	584.627	-37.989	214.612	-0.12	0.661764706
A	319	A	586.306	-38.357	218.013	0.25	0.617647059
F	320	A	589.085	-35.824	217.243	-0.48	0.585224641
T	321	A	586.564	-33.374	215.648	0.25	0.635924462
V	322	A	584.885	-33.322	219.05	-0.12	0.71541502
V	323	A	588.262	-33.077	220.888	-0.48	0.677761598
S	324	A	589.377	-30.249	218.5	0.61	0.70703125
L	325	A	586.483	-27.95	219.533	0.25	0.711764706
F	326	A	587.722	-27.961	223.146	-0.12	0.651395848
V	327	A	591.466	-27.643	222.264	0.25	0.680818414
V	328	A	590.692	-24.913	219.599	0.97	0.65245098
E	329	A	589.175	-22.494	222.143	0.97	0.68189538
R	330	A	592.155	-23.098	224.478	-1.2	0.684375
A	331	A	595.315	-22.77	222.358	-1.92	0.704633205
G	332	A	596.771	-20.381	219.729	-1.2	0.707364341
R	333	A	595.807	-20.423	216.07	-1.2	0.732818533
R	334	A	599.07	-21.469	214.478	-1.2	0.789189189
T	335	A	599.928	-23.501	217.652	-2.28	0.792248062
L	336	A	597.332	-26.131	216.704	-1.56	0.819365459
H	337	A	598.152	-25.824	213.017	-1.92	0.822566106
L	338	A	601.846	-26.579	213.781	-1.92	0.801493193
I	339	A	601.28	-29.509	216.177	-1.92	0.767716535
G	340	A	598.616	-30.799	213.743	1.69	0.736308316
L	341	A	600.906	-30.52	210.7	0.25	0.80026455
A	342	A	603.838	-32.037	212.698	0.61	0.69356261
G	343	A	602.069	-35.245	213.834	0.25	0.687015078
M	344	A	600.574	-35.678	210.383	0.25	0.67896412
A	345	A	604.127	-35.526	208.852	-0.12	0.704280156
G	346	A	605.416	-38.072	211.414	-0.84	0.644007156
C	347	A	602.367	-40.302	210.921	-0.12	0.679738562
A	348	A	602.818	-40.144	207.091	-0.48	0.674448768
I	349	A	606.392	-41.39	207.934	-0.48	0.697674419
L	350	A	604.988	-44.285	210.056	-0.48	0.70233463
M	351	A	602.756	-45.124	207.074	-0.48	0.724724725
T	352	A	605.728	-45.239	204.581	0.25	0.67037037
I	353	A	607.59	-47.392	207.121	-0.48	0.63326972
A	354	A	604.562	-49.697	207.471	-0.48	0.635273472
L	355	A	604.057	-49.93	203.721	-0.48	0.655249234
A	356	A	607.848	-50.525	203.261	-0.84	0.655249234
L	357	A	608.616	-53.103	205.989	-0.84	0.705018727
L	358	A	605.257	-54.928	205.436	-0.48	0.677902622
E	359	A	606.934	-57.507	203.241	-0.12	0.702117343
Q	360	A	609.636	-58.383	205.826	-0.84	0.700177792
L	361	A	607.506	-57.753	208.981	-0.48	0.671003717
P	362	A	603.84	-58.813	208.407	0.25	0.700177792
W	363	A	602.241	-56.928	211.34	-1.2	0.671003717
M	364	A	603.146	-53.556	209.801	-0.12	0.641829643
S	365	A	599.571	-54.013	208.554	-0.84	0.581632653
Y	366	A	598.778	-52.851	212.088	0.97	0.579454254
L	367	A	601.328	-49.947	211.883	0.97	0.54082397
S	368	A	599.428	-48.658	208.797	0.25	0.539325843
I	369	A	596.244	-48.517	210.952	0.97	0.520446097
V	370	A	598.127	-46.763	213.816	0.25	0.472337634
A	371	A	599.821	-44.247	211.476	0.97	0.501858736
I	372	A	596.613	-43.191	209.719	0.97	0.47766475
F	373	A	594.444	-43.11	212.953	0.61	0.537827715
G	374	A	596.853	-40.738	214.633	-0.48	0.539849624
F	375	A	597.213	-38.931	211.234	0.25	0.472783143
V	376	A	593.422	-38.192	210.952	0.97	0.515170152
A	377	A	593.354	-37.446	214.695	-0.48	0.58496732
F	378	A	596.321	-34.981	214.287	-0.48	0.539969834
F	379	A	594.588	-33.557	211.19	0.25	0.537999141
E	380	A	591.424	-32.502	212.986	-0.84	0.493131868
V	381	A	593.152	-30.626	215.814	-0.48	0.544982699
G	382	A	595.364	-28.624	213.371	1.69	0.542986425
P	383	A	594.93	-28.243	209.584	1.69	0.586080586
G	384	A	591.188	-29.226	209.793	0.61	0.589336589
P	385	A	589.728	-26.087	211.428	0.25	0.595884774
I	386	A	592.661	-23.612	211.571	0.97	0.502777778
P	387	A	592.898	-22.535	207.84	0.61	0.505555556
W	388	A	589.219	-21.421	207.936	-0.48	0.503690037
F	389	A	589.536	-19.548	211.285	0.25	0.565546708
I	390	A	592.615	-17.601	210.069	0.61	0.539259259
V	391	A	590.794	-16.162	206.957	-1.2	0.573529412
A	392	A	588.011	-14.702	209.081	0.25	0.596703297
E	393	A	590.679	-12.894	211.223	1.69	0.532352941
L	394	A	592.898	-11.902	208.173	0.61	0.575692964
F	395	A	590.061	-9.951	206.57	1.69	0.571428571
S	396	A	587.684	-7.327	208.117	-1.2	0.571428571
Q	397	A	583.875	-7.299	207.4	1.69	0.569319979
G	398	A	584.476	-5.777	203.89	-0.12	0.569319979
P	399	A	587.091	-8.026	202.106	-0.48	0.573552841
R	400	A	586.168	-11.082	204.175	1.69	0.6
P	401	A	583.438	-12.436	201.721	-0.48	0.666666667
A	402	A	585.873	-12.098	198.792	0.61	0.696594427
A	403	A	588.655	-13.803	200.816	1.69	0.730565731
I	404	A	586.39	-16.832	201.638	0.25	0.75708502
A	405	A	585.507	-17.469	197.949	0.25	0.75708502
V	406	A	589.266	-17.576	197.084	0.97	0.840704165
A	407	A	589.973	-19.78	200.13	-0.48	0.809762774
G	408	A	587.111	-22.158	199.161	1.33	0.78021978
F	409	A	588.368	-22.105	195.548	-0.48	0.782417582
S	410	A	591.866	-23.201	196.702	-0.48	0.738929889
N	411	A	590.232	-25.916	198.853	-0.84	0.741666667
W	412	A	588.127	-27.385	196	1.69	0.699259259
T	413	A	591.129	-27.081	193.582	-0.12	0.655555556
S	414	A	593.723	-28.87	195.811	-0.12	0.611316113
N	415	A	591.025	-31.474	196.604	-0.12	0.571001838
F	416	A	590.701	-32.195	192.815	0.61	0.52398524
I	417	A	594.498	-32.657	192.545	-0.48	0.491236162
V	418	A	594.641	-35.202	195.433	0.97	0.54291939
G	419	A	591.457	-36.999	194.342	1.33	0.54291939
M	420	A	592.347	-37.196	190.632	0.61	0.527407407
C	421	A	596.107	-37.784	190.863	0.25	0.567180032
F	422	A	596.597	-39.86	194.116	1.69	0.509007721
Q	423	A	596.013	-43.103	192.139	0.25	0.510907003
Y	424	A	598.493	-41.919	189.452	-0.48	0.549382716
V	425	A	601.071	-41.302	192.168	0.25	0.525461255
E	426	A	600.422	-44.584	194.105	-0.84	0.523529412
Q	427	A	601.267	-46.624	190.965	-1.92	0.519708029
L	428	A	604.381	-44.72	189.732	-0.84	0.472461845
C	429	A	605.836	-44.213	193.289	0.61	0.430656934
G	430	A	604.739	-47.321	195.356	-0.48	0.430656934
P	431	A	604.871	-47.357	199.235	-0.12	0.427878788
Y	432	A	606.54	-43.842	199.215	0.97	0.397858552
V	433	A	603.296	-41.858	198.497	-0.48	0.326286765
F	434	A	603.213	-40.608	202.086	0.61	0.39898563
I	435	A	606.791	-39.279	201.57	0.61	0.323636364
I	436	A	605.25	-36.901	198.947	0.97	0.323905109
F	437	A	602.743	-35.886	201.601	-0.48	0.326286765
T	438	A	605.547	-35.678	204.227	-0.12	0.303418803
V	439	A	607.562	-33.317	201.91	-0.12	0.281746032
L	440	A	604.488	-31.027	201.55	0.25	0.27967437
L	441	A	603.679	-31.272	205.225	0.25	0.302299177
V	442	A	607.261	-30.092	205.956	-0.12	0.374275171
L	443	A	607.158	-27.233	203.332	-0.48	0.41087963
F	444	A	603.805	-26.134	204.709	-0.48	0.441140025
F	445	A	605.076	-26.439	208.334	-0.84	0.44361834
I	446	A	608.085	-24.21	207.385	0.25	0.475305364
F	447	A	605.863	-21.692	205.532	0.25	0.511396011
T	448	A	603.531	-21.352	208.533	-0.48	0.516647532
Y	449	A	606.49	-20.906	210.904	0.97	0.443209877
F	450	A	607.873	-17.71	209.22	0.25	0.477960701
K	451	A	604.986	-16.219	207.203	-0.84	0.478411514
V	452	A	601.685	-16.885	209.033	-1.56	0.478411514
P	453	A	601.154	-14.746	212.185	1.69	0.534814815
E	454	A	599.047	-15.376	215.336	0.25	0.531365314
T	455	A	595.357	-14.455	215.211	0.25	0.629248398
K	456	NA	NA	NA	NA	0.97	0.661764706
G	457	NA	NA	NA	NA	-0.12	0.659926471
R	458	NA	NA	NA	NA	0.97	0.696472663
T	459	NA	NA	NA	NA	0.97	0.731296296
F	460	NA	NA	NA	NA	0.97	0.792619926
D	461	NA	NA	NA	NA	-1.2	0.7875
E	462	NA	NA	NA	NA	0.25	0.7875
I	463	NA	NA	NA	NA	-0.48	0.822896658
A	464	NA	NA	NA	NA	0.25	0.797833935
S	465	NA	NA	NA	NA	-0.84	0.803636364
G	466	NA	NA	NA	NA	-1.56	0.8125
F	467	NA	NA	NA	NA	0.25	0.801861062
R	468	NA	NA	NA	NA	-0.12	0.829460967
Q	469	NA	NA	NA	NA	-0.84	0.859136852
G	470	NA	NA	NA	NA	-1.56	0.883148831
G	471	NA	NA	NA	NA	-1.2	0.883950617
A	472	NA	NA	NA	NA	-1.56	0.854126394
S	473	NA	NA	NA	NA	-1.56	0.831749049
Q	474	NA	NA	NA	NA	-1.92	0.80764676
S	475	NA	NA	NA	NA	-1.2	0.810782609
D	476	NA	NA	NA	NA	-1.56	0.845007452
K	477	NA	NA	NA	NA	-1.56	0.869565217
T	478	NA	NA	NA	NA	-1.56	0.866741954
P	479	NA	NA	NA	NA	-1.2	0.899034594
E	480	NA	NA	NA	NA	-1.2	0.895661157
E	481	NA	NA	NA	NA	-1.2	0.924528302
L	482	NA	NA	NA	NA	-1.56	0.908926729
F	483	NA	NA	NA	NA	-1.56	0.913438418
H	484	NA	NA	NA	NA	-1.92	0.89122807
P	485	NA	NA	NA	NA	-0.84	0.887681159
L	486	NA	NA	NA	NA	-1.2	0.852327448
G	487	NA	NA	NA	NA	-1.2	0.81216458
A	488	NA	NA	NA	NA	-0.48	0.818011257
D	489	NA	NA	NA	NA	-0.48	0.766771488
S	490	NA	NA	NA	NA	-1.56	0.771381579
Q	491	NA	NA	NA	NA	-1.2	0.717310087
V	492	NA	NA	NA	NA	-2.28	0.711798839
