"index"	"fastaseq"	"Position_in_structure"	"MTR"	"Paraz"	"PARAZ"
1	"M"	NA	0.933810375670841	NA	-0.34
2	"R"	NA	0.938461538461538	NA	-1.13
3	"K"	NA	0.852678571428571	NA	-1.13
4	"S"	NA	0.851883561643836	NA	-0.61
5	"P"	NA	0.873949579831933	NA	-1.66
6	"G"	NA	0.869485294117647	NA	-1.66
7	"L"	NA	0.901010101010101	NA	-1.66
8	"S"	NA	0.895348837209302	NA	-1.66
9	"D"	NA	0.898876404494382	NA	-1.66
10	"C"	NA	0.857142857142857	NA	-1.66
11	"L"	NA	0.840845429080723	NA	-1.66
12	"W"	NA	0.836033382425135	NA	-0.61
13	"A"	NA	0.792754275427543	NA	-1.13
14	"W"	NA	0.821494295178506	NA	0.18
15	"I"	NA	0.82432915921288	NA	0.45
16	"L"	NA	0.839506172839506	NA	-0.08
17	"L"	NA	0.823088455772114	NA	0.45
18	"L"	NA	0.818893074471168	NA	-0.61
19	"S"	NA	0.821650650084794	NA	-0.34
20	"T"	NA	0.824275862068966	NA	-1.13
21	"L"	NA	0.826778017241379	NA	-0.61
22	"T"	NA	0.839646464646465	NA	-1.39
23	"G"	NA	0.842839036755387	NA	-0.87
24	"R"	NA	0.800760456273764	NA	-0.87
25	"S"	NA	0.831534614372203	NA	-0.87
26	"Y"	NA	0.811068702290076	NA	-1.66
27	"G"	NA	0.815850815850816	NA	-1.66
28	"Q"	NA	0.810449927431059	NA	-1.66
29	"P"	NA	0.810449927431059	NA	-0.87
30	"S"	NA	0.799236641221374	NA	-1.13
31	"L"	NA	0.810051248140189	NA	-0.87
32	"Q"	NA	0.786380919460767	NA	-1.13
33	"D"	NA	0.789382373351839	NA	-1.13
34	"E"	NA	0.837320574162679	NA	0.71
35	"L"	NA	0.796981132075472	NA	-1.13
36	"K"	NA	0.8	NA	-0.34
37	"D"	NA	0.764801738185769	NA	-1.13
38	"N"	11	0.699076588810429	NA	-0.61
39	"T"	12	0.696428571428572	NA	-0.34
40	"T"	13	0.70242656449553	NA	-0.87
41	"V"	14	0.73544061302682	NA	-0.08
42	"F"	15	0.701754385964912	NA	-0.08
43	"T"	16	0.697067095218963	NA	0.71
44	"R"	17	0.766059635781469	NA	-0.61
45	"I"	18	0.707731305449937	NA	1.24
46	"L"	19	0.668582375478927	NA	1.24
47	"D"	20	0.623409669211196	NA	0.45
48	"R"	21	0.667300380228137	NA	-0.61
49	"L"	22	0.667300380228137	NA	0.97
50	"L"	23	0.667300380228137	NA	1.24
51	"D"	24	0.528838951310862	NA	-0.34
52	"G"	25	0.543406953859611	NA	-0.61
53	"Y"	26	0.527407407407408	NA	1.24
54	"D"	27	0.53134328358209	NA	1.24
55	"N"	28	0.573033707865169	NA	-0.34
56	"R"	29	0.510437517872462	NA	0.71
57	"L"	30	0.441975308641975	NA	1.24
58	"R"	31	0.417837078651685	NA	1.24
59	"P"	32	0.420990566037736	NA	1.24
60	"G"	33	0.39622641509434	NA	-0.34
61	"L"	34	0.449936628643853	NA	0.45
62	"G"	35	0.423038728897716	NA	1.24
63	"E"	36	0.423038728897716	NA	-0.87
64	"R"	37	0.398876404494382	NA	-0.87
65	"V"	38	0.395910780669145	NA	-0.08
66	"T"	39	0.394795539033457	NA	1.24
67	"E"	40	0.34533359420857	NA	-0.61
68	"V"	41	0.367249271743654	NA	0.71
69	"K"	42	0.417124901806756	NA	-0.87
70	"T"	43	0.414035087719298	NA	0.18
71	"D"	44	0.412507282967567	NA	0.18
72	"I"	45	0.412507282967567	NA	0.45
73	"F"	46	0.409485251590515	NA	-0.34
74	"V"	47	0.456410256410256	NA	1.24
75	"T"	48	0.391544117647059	NA	0.97
76	"S"	49	0.372899159663866	NA	1.24
77	"F"	50	0.387912087912088	NA	0.45
78	"G"	51	0.384	NA	1.24
79	"P"	52	0.335360060801824	NA	1.24
80	"V"	53	0.333207118515714	NA	0.71
81	"S"	54	0.315178571428571	NA	0.18
82	"D"	55	0.350457984866587	NA	-1.13
83	"H"	56	0.313167259786477	NA	-0.87
84	"D"	57	0.29453483521068	NA	0.18
85	"M"	58	0.23321554770318	NA	1.24
86	"E"	59	0.219649561952441	NA	1.24
87	"Y"	60	0.219649561952441	NA	1.24
88	"T"	61	0.247887323943662	NA	0.71
89	"I"	62	0.265593561368209	NA	0.71
90	"D"	63	0.267289247854619	NA	1.24
91	"V"	64	0.267289247854619	NA	0.71
92	"F"	65	0.193956043956044	NA	0.45
93	"F"	66	0.210431654676259	NA	1.24
94	"R"	67	0.210431654676259	NA	-0.61
95	"Q"	68	0.313392857142857	NA	1.24
96	"S"	69	0.314516129032258	NA	-0.34
97	"W"	70	0.341883116883117	NA	1.24
98	"K"	71	0.315647482014388	NA	-0.87
99	"D"	72	0.313167259786477	NA	1.24
100	"E"	73	0.248936170212766	NA	-0.61
101	"R"	74	0.22550594282043	NA	1.24
102	"L"	75	0.306818181818182	NA	1.24
103	"K"	76	0.308978873239437	NA	-0.34
104	"F"	77	0.339458413926499	NA	0.71
105	"K"	78	0.248936170212766	NA	-0.87
106	"G"	79	0.279569892473118	NA	-0.34
107	"P"	80	0.314285714285714	NA	0.45
108	"M"	81	0.313829787234043	NA	-0.34
109	"T"	82	0.311619718309859	NA	-0.34
110	"V"	83	0.310526315789474	NA	-0.87
111	"L"	84	0.278171788810087	NA	1.24
112	"R"	85	0.31095406360424	NA	-1.13
113	"L"	86	0.276595744680851	NA	1.24
114	"N"	87	0.376618705035971	NA	1.24
115	"N"	88	0.376618705035971	NA	0.18
116	"L"	89	0.344601247128323	NA	-0.08
117	"M"	90	0.379061371841155	NA	0.45
118	"A"	91	0.379856115107914	NA	0.45
119	"S"	92	0.378214285714286	NA	0.18
120	"K"	93	0.380935251798561	NA	-0.34
121	"I"	94	0.344805194805195	NA	0.71
122	"W"	95	0.346041055718475	NA	1.24
123	"T"	96	0.344294003868472	NA	-0.08
124	"P"	97	0.485542825968358	NA	1.24
125	"D"	98	0.544897959183674	NA	1.24
126	"T"	99	0.493912562257886	NA	1.24
127	"F"	100	0.551901336073998	NA	0.45
128	"F"	101	0.51326164874552	NA	1.24
129	"H"	102	0.555900621118012	NA	0.45
130	"N"	103	0.552346570397112	NA	1.24
131	"G"	104	0.479838709677419	NA	0.45
132	"K"	105	0.479838709677419	NA	0.71
133	"K"	106	0.3984375	NA	-0.08
134	"S"	107	0.398131672597865	NA	0.18
135	"V"	108	0.402428057553957	NA	-1.13
136	"A"	109	0.379369138959932	NA	-0.61
137	"H"	110	0.356999598876855	NA	1.24
138	"N"	111	0.385559566787004	NA	-0.34
139	"M"	112	0.384172661870504	NA	0.71
140	"T"	113	0.388363636363636	NA	1.24
141	"M"	114	0.390875912408759	NA	-0.08
142	"P"	115	0.412955465587045	NA	1.24
143	"N"	116	0.415634674922601	NA	1.24
144	"K"	117	0.438725490196078	NA	0.18
145	"L"	118	0.384615384615385	NA	0.71
146	"L"	119	0.409007352941176	NA	0.18
147	"R"	120	0.436274509803922	NA	1.24
148	"I"	121	0.434676434676435	NA	0.97
149	"T"	122	0.434676434676435	NA	-0.87
150	"E"	123	0.436654366543665	NA	-0.34
151	"D"	124	0.409722222222222	NA	0.45
152	"G"	125	0.458952811893988	NA	1.24
153	"T"	126	0.487226277372263	NA	-0.08
154	"L"	127	0.490384615384615	NA	0.71
155	"L"	128	0.36896197327852	NA	1.24
156	"Y"	129	0.274744897959184	NA	1.24
157	"T"	130	0.274744897959184	NA	1.24
158	"M"	131	0.183163265306122	NA	0.71
159	"R"	132	0.198671831765357	NA	1.24
160	"L"	133	0.199554069119287	NA	0.71
161	"T"	134	0.199554069119287	NA	1.24
162	"V"	135	0.303733031674208	NA	0.71
163	"R"	136	0.326923076923077	NA	-0.87
164	"A"	137	0.356643356643357	NA	1.24
165	"E"	138	0.359275410935928	NA	-0.61
166	"C"	139	0.301775147928994	NA	1.24
167	"P"	140	0.298989331836047	NA	-0.61
168	"M"	141	0.322727272727273	NA	0.71
169	"H"	142	0.257664233576642	NA	-0.08
170	"L"	143	0.257664233576642	NA	0.71
171	"E"	144	0.258608058608059	NA	-1.13
172	"D"	145	0.355249916135525	NA	-0.08
173	"F"	146	0.352941176470588	NA	1.24
174	"P"	147	0.352941176470588	NA	1.24
175	"M"	148	0.35394385026738	NA	1.24
176	"D"	149	0.350649350649351	NA	1.24
177	"A"	150	0.35036496350365	NA	-0.87
178	"H"	151	0.347107438016529	NA	1.24
179	"A"	152	0.350935828877005	NA	0.45
180	"C"	153	0.351224421335122	NA	1.24
181	"P"	154	0.347652347652348	NA	1.24
182	"L"	155	0.463536463536464	NA	1.24
183	"K"	156	0.424908424908425	NA	-1.13
184	"F"	157	0.426129426129426	NA	1.24
185	"G"	158	0.426814268142681	NA	0.45
186	"S"	159	0.585858585858586	NA	1.24
187	"Y"	160	0.648698884758364	NA	0.71
188	"A"	161	0.648698884758364	NA	0.45
189	"Y"	162	0.715652768284347	NA	1.24
190	"T"	163	0.716295025728988	NA	0.45
191	"R"	164	0.712972420837589	NA	-0.34
192	"A"	165	0.718353344768439	NA	-0.61
193	"E"	166	0.738612175393785	NA	1.24
194	"V"	167	0.744315744315744	NA	0.45
195	"V"	168	0.747200689061154	NA	-0.61
196	"Y"	169	0.736469755925009	NA	1.24
197	"E"	170	0.901041666666667	NA	-1.13
198	"W"	171	1.0078125	NA	1.24
199	"T"	172	1.0078125	NA	-0.34
200	"R"	173	1.0078125	NA	-0.87
201	"E"	174	1.01470588235294	NA	-1.66
202	"P"	175	1.01574803149606	NA	-1.66
203	"A"	176	0.95703125	NA	-1.66
204	"R"	177	0.963585434173669	NA	-1.39
205	"S"	178	0.906455862977602	NA	-0.34
206	"V"	179	0.8984375	NA	0.71
207	"V"	180	0.950787401574803	NA	-0.61
208	"V"	181	0.957312252964427	NA	0.18
209	"A"	182	0.866857551896922	NA	-0.08
210	"E"	183	0.913385826771654	NA	-0.87
211	"D"	184	0.874789915966387	NA	-0.87
212	"G"	185	0.879164313946923	NA	-0.61
213	"S"	186	0.83499245852187	NA	-0.08
214	"R"	187	0.878233970753656	NA	-0.34
215	"L"	188	0.879164313946923	NA	1.24
216	"N"	189	0.873172103487064	NA	-0.34
217	"Q"	190	0.792322834645669	NA	1.24
218	"Y"	191	0.736394040741867	NA	0.71
219	"D"	192	0.736507936507937	NA	-1.13
220	"L"	193	0.734841628959276	NA	0.45
221	"L"	194	0.736953242835596	NA	-0.08
222	"G"	195	0.688976377952756	NA	1.24
223	"Q"	196	0.68359375	NA	-0.87
224	"T"	197	0.678294573643411	NA	-0.87
225	"V"	198	0.673076923076923	NA	-0.08
226	"D"	199	0.714503816793893	NA	-0.87
227	"S"	200	0.760456273764259	NA	-0.34
228	"G"	201	0.707731305449937	NA	-0.61
229	"I"	202	0.703030303030303	NA	-0.08
230	"V"	203	0.700377358490566	NA	-0.08
231	"Q"	204	0.705050505050505	NA	-0.61
232	"S"	205	0.706361323155216	NA	0.71
233	"S"	206	0.700377358490566	NA	-0.61
234	"T"	207	0.737359550561798	NA	-0.08
235	"G"	208	0.734608208955224	NA	1.24
236	"E"	209	0.738624338624339	NA	0.71
237	"Y"	210	0.69452736318408	NA	0.71
238	"V"	211	0.651685393258427	NA	-0.08
239	"V"	212	0.657894736842105	NA	0.71
240	"M"	213	0.713869463869464	NA	1.24
241	"T"	214	0.658490566037736	NA	0.71
242	"T"	215	0.656015037593985	NA	-0.34
243	"H"	216	0.648148148148148	NA	0.18
244	"F"	217	0.652416356877323	NA	1.24
245	"H"	218	0.579925650557621	NA	-0.61
246	"L"	219	0.577777777777778	NA	0.71
247	"K"	220	0.582089552238806	NA	-0.34
248	"R"	221	0.58312447786132	NA	1.24
249	"K"	222	0.651119402985075	NA	0.71
250	"I"	223	0.653558052434457	NA	0.45
251	"G"	224	0.653558052434457	NA	1.24
252	"Y"	225	0.652985074626866	NA	1.24
253	"F"	226	0.774907749077491	NA	0.18
254	"V"	227	0.650557620817844	NA	-0.34
255	"I"	228	0.645756457564576	NA	0.45
256	"Q"	229	0.643382352941177	NA	1.24
257	"T"	230	0.514705882352941	NA	-0.08
258	"Y"	231	0.323529411764706	NA	1.24
259	"L"	232	0.431372549019608	NA	-0.08
260	"P"	233	0.431372549019608	NA	1.24
261	"C"	234	0.436183395291202	NA	0.18
262	"I"	235	0.326208178438662	NA	-0.34
263	"M"	236	0.260966542750929	NA	0.45
264	"T"	237	0.438202247191011	NA	-0.08
265	"V"	238	0.219101123595506	NA	0.18
266	"I"	239	0.220959595959596	NA	0.45
267	"L"	240	0.189935064935065	NA	1.24
268	"S"	241	0.223067173637516	NA	1.24
269	"Q"	242	0.223700887198986	NA	0.45
270	"V"	243	0.225190839694657	NA	1.24
271	"S"	244	0.226053639846743	NA	1.24
272	"F"	245	0.226053639846743	NA	1.24
273	"W"	246	0.224747474747475	NA	1.24
274	"L"	247	0.2264631043257	NA	0.97
275	"N"	248	0.2264631043257	NA	-0.08
276	"R"	249	0.170019157088123	NA	-0.08
277	"E"	250	0.169847328244275	NA	0.71
278	"S"	251	0.300802703844529	NA	0.45
279	"V"	252	0.30020964360587	NA	-0.08
280	"P"	253	0.299081035923141	NA	1.24
281	"A"	254	0.268421052631579	NA	1.24
282	"R"	255	0.268164794007491	NA	1.24
283	"T"	256	0.269172932330827	NA	1.24
284	"V"	257	0.272243346007605	NA	-0.08
285	"F"	258	0.302492606675116	NA	0.45
286	"G"	259	0.300505050505051	NA	1.24
287	"V"	260	0.301647655259823	NA	0.71
288	"T"	261	0.301647655259823	NA	1.24
289	"T"	262	0.269433962264151	NA	0.71
290	"V"	263	0.271212121212121	NA	1.24
291	"L"	264	0.271212121212121	NA	1.24
292	"T"	265	0.271212121212121	NA	1.24
293	"M"	266	0.30020964360587	NA	1.24
294	"T"	267	0.338345864661654	NA	1.24
295	"T"	268	0.191546281433922	NA	1.24
296	"L"	269	0.223470661672909	NA	1.24
297	"S"	270	0.223258706467662	NA	0.45
298	"I"	271	0.269662921348315	NA	-0.08
299	"S"	272	0.269662921348315	NA	-0.61
300	"A"	273	0.267910447761194	NA	0.45
301	"R"	274	0.266417910447761	NA	1.24
302	"N"	275	0.266417910447761	NA	-0.34
303	"S"	276	0.220987654320988	NA	0.71
304	"L"	277	0.220987654320988	NA	0.45
305	"P"	278	0.219362745098039	NA	1.24
306	"K"	279	0.221393034825871	NA	0.71
307	"V"	280	0.221189591078067	NA	1.24
308	"A"	281	0.222014925373134	NA	0.45
309	"Y"	282	0	NA	1.24
310	"A"	283	0	NA	0.18
311	"T"	284	0	NA	1.24
312	"A"	285	0	NA	1.24
313	"M"	286	0	NA	0.71
314	"D"	287	0	NA	1.24
315	"W"	288	0	NA	0.18
316	"F"	289	0	NA	0.71
317	"I"	290	0	NA	0.71
318	"A"	291	0	NA	0.18
319	"V"	292	0	NA	0.71
320	"C"	293	0	NA	1.24
321	"Y"	294	0	NA	0.71
322	"A"	295	0	NA	0.18
323	"F"	296	0.146483562213899	NA	1.24
324	"V"	297	0.145107794361526	NA	0.71
325	"F"	298	0.259259259259259	NA	1.24
326	"S"	299	0.259259259259259	NA	0.18
327	"A"	300	0.235690235690236	NA	1.24
328	"L"	301	0.214460784313725	NA	1.24
329	"I"	302	0.214460784313725	NA	0.45
330	"E"	303	0.215686274509804	NA	1.24
331	"F"	304	0.215686274509804	NA	0.71
332	"A"	305	0.214285714285714	NA	0.97
333	"T"	306	0.212895377128954	NA	-0.08
334	"V"	307	0.234820530023482	NA	0.71
335	"N"	308	0.235016835016835	NA	-0.34
336	"Y"	309	0.235690235690236	NA	0.71
337	"F"	310	0.237449118046133	NA	0.18
338	"T"	311	0.2893864013267	NA	-0.34
339	"K"	312	0.387777777777778	NA	-1.39
340	"R"	NA	0.430864197530864	NA	-1.66
341	"G"	NA	0.433705080545229	NA	-1.66
342	"Y"	NA	0.592592592592593	NA	-1.39
343	"A"	NA	0.588728614558873	NA	-1.39
344	"W"	NA	0.589225589225589	NA	-1.39
345	"D"	NA	0.692873303167421	NA	-1.66
346	"G"	NA	0.692873303167421	NA	-1.66
347	"K"	NA	0.642335766423358	NA	-1.66
348	"S"	NA	0.638686131386861	NA	-1.13
349	"V"	NA	0.742424242424242	NA	-0.34
350	"V"	NA	0.884334643458731	NA	-1.39
351	"P"	NA	0.918367346938776	NA	-1.39
352	"E"	NA	0.996309963099631	NA	-0.87
353	"K"	NA	0.925144965735372	NA	-0.61
354	"P"	NA	0.942857142857143	NA	-1.39
355	"K"	NA	0.937484737484737	NA	-0.87
356	"K"	NA	0.91987348444913	NA	-0.87
357	"V"	NA	0.925144965735372	NA	-1.39
358	"K"	NA	0.996309963099631	NA	-1.13
359	"D"	NA	0.99347147317627	NA	-0.87
360	"P"	NA	1	NA	-1.13
361	"L"	NA	0.952521525215252	NA	-0.34
362	"I"	NA	0.974169741697417	NA	-1.66
363	"K"	NA	0.972527472527472	NA	-1.66
364	"K"	NA	0.864468864468864	NA	-1.66
365	"N"	NA	0.872549019607843	NA	-1.66
366	"N"	NA	0.877323420074349	NA	-1.66
367	"T"	NA	0.831148503228331	NA	-1.66
368	"Y"	NA	0.861007462686567	NA	-1.66
369	"A"	NA	0.830992509363296	NA	-1.66
370	"P"	NA	0.775593008739076	NA	-1.66
371	"T"	NA	0.762055109070034	NA	-1.66
372	"A"	NA	0.756410256410256	NA	-1.66
373	"T"	NA	0.714838909541512	NA	-1.66
374	"S"	NA	0.71952736318408	NA	-1.66
375	"Y"	NA	0.716852540272615	NA	-1.66
376	"T"	NA	0.690480038791013	NA	-1.66
377	"P"	NA	0.695003244646334	NA	-1.66
378	"N"	NA	0.690480038791013	NA	-1.66
379	"L"	NA	0.716852540272615	NA	-1.66
380	"A"	NA	0.722222222222222	NA	-1.39
381	"R"	NA	0.662313432835821	NA	-1.66
382	"G"	NA	0.630774697938877	NA	-1.66
383	"D"	NA	0.628997867803838	NA	-1.39
384	"P"	NA	0.664794007490637	NA	-0.61
385	"G"	NA	0.590928006658344	NA	-1.39
386	"L"	NA	0.701707097933513	NA	-0.61
387	"A"	NA	0.704248636138205	NA	-0.61
388	"T"	NA	0.750909090909091	NA	-0.34
389	"I"	NA	0.749158249158249	NA	-0.34
390	"A"	NA	0.772859216255443	NA	-0.34
391	"K"	NA	0.739348370927318	NA	-0.61
392	"S"	NA	0.745263157894737	NA	0.18
393	"A"	NA	0.715485074626866	NA	-0.34
394	"T"	NA	0.756410256410256	NA	-1.13
395	"I"	NA	0.839111111111111	NA	-0.87
396	"E"	NA	0.843851851851852	NA	-1.39
397	"P"	NA	0.824074074074074	NA	-1.39
398	"K"	NA	0.850239504085658	NA	-1.13
399	"E"	NA	0.835294117647059	NA	-1.39
400	"V"	NA	0.8661800486618	NA	-1.66
401	"K"	NA	0.913602941176471	NA	-1.66
402	"P"	NA	0.949588477366255	NA	-1.66
403	"E"	NA	0.970542026708562	NA	-1.66
404	"T"	NA	0.975069252077562	NA	-0.87
405	"K"	NA	0.971417307313227	NA	-0.61
406	"P"	NA	0.922846441947565	NA	-0.08
407	"P"	NA	0.811640211640212	NA	-0.08
408	"E"	NA	0.774747474747475	NA	-0.87
409	"P"	NA	0.81465746149761	NA	-1.39
410	"K"	NA	0.795505617977528	NA	-0.34
411	"K"	NA	0.789591078066914	NA	-1.13
412	"T"	NA	0.795505617977528	NA	0.18
413	"F"	NA	0.786397812713602	NA	-0.34
414	"N"	NA	0.780529172320217	NA	-0.34
415	"S"	NA	0.774747474747475	NA	-1.13
416	"V"	NA	0.776119402985075	NA	-0.08
417	"S"	NA	0.695840725409028	NA	-0.61
418	"K"	NA	0.730337078651686	NA	0.18
419	"I"	NA	0.655430711610487	NA	0.45
420	"D"	NA	0.659774436090226	NA	1.24
421	"R"	NA	0.659774436090226	NA	-0.34
422	"L"	NA	0.711175616835994	NA	0.18
423	"S"	NA	0.70979020979021	NA	0.45
424	"R"	NA	0.709143686502177	NA	1.24
425	"I"	NA	0.596912521440823	NA	0.71
426	"A"	NA	0.505079825834543	NA	-0.08
427	"F"	NA	0.562803234501348	NA	1.24
428	"P"	NA	0.543546365914787	NA	1.24
429	"L"	NA	0.549242424242424	NA	-0.08
430	"L"	NA	0.54559748427673	NA	-0.34
431	"F"	NA	0.549242424242424	NA	1.24
432	"G"	NA	0.552915082382763	NA	-0.08
433	"I"	NA	0.552915082382763	NA	-0.61
434	"F"	NA	0.51429413498379	NA	1.24
435	"N"	NA	0.534865900383142	NA	1.24
436	"L"	NA	0.585576923076923	NA	0.45
437	"V"	NA	0.667322834645669	NA	0.71
438	"Y"	NA	0.838414634146341	NA	1.24
439	"W"	NA	0.926255230125523	NA	1.24
440	"A"	NA	0.872971602434077	NA	0.18
441	"T"	NA	0.904761904761905	NA	-0.08
442	"Y"	NA	0.896969696969697	NA	0.18
443	"L"	NA	0.889922480620155	NA	0.71
444	"N"	NA	0.912322274881517	NA	-0.08
445	"R"	NA	0.91219512195122	NA	-0.34
446	"E"	NA	0.913194444444444	NA	-1.66
447	"P"	NA	0.909505208333333	NA	-1.66
448	"Q"	NA	0.915421195652174	NA	-1.66
449	"L"	NA	0.883895131086142	NA	-1.66
450	"K"	NA	0.8747591522158	NA	-1.66
451	"A"	NA	0.865079365079365	NA	-1.66
452	"P"	NA	0.870833333333333	NA	-1.66
453	"T"	NA	0.864516129032258	NA	-1.66
454	"P"	NA	0.864864864864865	NA	-1.66
455	"H"	NA	0.871428571428572	NA	-1.66
456	"Q"	NA	0.878787878787879	NA	-1.66
