"index"	"fastaseq"	"Position_in_structure"	"MTR"	"Paraz"	"PARAZ"
1	"M"	NA	0.658914728682171	NA	-1.12
2	"W"	NA	0.662962962962963	NA	-1.12
3	"R"	NA	0.526760563380282	NA	-1.12
4	"V"	NA	0.662162162162162	NA	-0.85
5	"R"	NA	0.658064516129032	NA	-0.32
6	"K"	NA	0.653374233128834	NA	-0.32
7	"R"	NA	0.656804733727811	NA	-0.58
8	"G"	NA	0.652542372881356	NA	-1.12
9	"Y"	NA	0.648648648648649	NA	-1.12
10	"F"	NA	0.651832460732984	NA	-1.12
11	"G"	NA	0.740847092605887	NA	-1.12
12	"I"	NA	0.737060041407867	NA	-1.12
13	"W"	NA	0.798611111111111	NA	0.75
14	"S"	NA	0.899547511312217	NA	-1.12
15	"F"	NA	0.942880128720837	NA	-1.12
16	"P"	NA	0.976293103448276	NA	-1.12
17	"L"	NA	0.997747022851625	NA	-1.12
18	"I"	NA	0.99437148217636	NA	-0.58
19	"I"	NA	0.973214285714286	NA	-0.58
20	"A"	NA	0.947145877378435	NA	-0.85
21	"A"	NA	0.943267259056733	NA	-0.85
22	"V"	NA	0.943850267379679	NA	-0.85
23	"C"	NA	0.873308733087331	NA	-0.58
24	"A"	NA	0.879012345679012	NA	-0.85
25	"Q"	NA	0.873308733087331	NA	-0.58
26	"S"	NA	0.870098039215686	NA	-0.58
27	"V"	NA	0.870848708487085	NA	-0.58
28	"N"	NA	0.946524064171123	NA	-0.32
29	"D"	NA	0.943056943056943	NA	-0.85
30	"P"	NA	0.948384948384948	NA	-1.12
31	"S"	NA	0.958922558922559	NA	-0.85
32	"N"	8	0.956228956228956	NA	-0.58
33	"M"	9	0.879801734820322	NA	-0.32
34	"S"	10	0.961616161616162	NA	-0.32
35	"L"	11	0.954545454545455	NA	-0.05
36	"V"	12	0.962487326799594	NA	-0.85
37	"K"	13	0.962487326799594	NA	-0.58
38	"E"	14	0.964309764309764	NA	-0.58
39	"T"	15	0.967894558972626	NA	-0.58
40	"V"	16	0.971506105834464	NA	-0.32
41	"D"	17	0.971506105834464	NA	0.22
42	"R"	18	0.935074626865672	NA	0.48
43	"L"	19	0.971506105834464	NA	1.28
44	"L"	20	0.930740740740741	NA	-0.05
45	"K"	21	0.824908088235294	NA	-0.58
46	"G"	22	0.756302521008403	NA	-0.32
47	"Y"	23	0.661764705882353	NA	0.22
48	"D"	24	0.527472527472528	NA	0.22
49	"I"	25	0.531365313653137	NA	-0.85
50	"R"	26	0.664206642066421	NA	-0.32
51	"L"	27	0.661764705882353	NA	1.02
52	"R"	28	0.567226890756303	NA	1.82
53	"P"	29	0.565149136577708	NA	1.82
54	"D"	30	0.666666666666667	NA	0.22
55	"F"	31	0.666051660516605	NA	1.02
56	"G"	32	0.791208791208791	NA	0.22
57	"G"	33	0.791208791208791	NA	1.82
58	"P"	34	0.79051094890511	NA	-0.58
59	"P"	35	0.78695652173913	NA	0.75
60	"V"	36	0.781294964028777	NA	1.28
61	"A"	37	0.776978417266187	NA	-0.32
62	"V"	38	0.782608695652174	NA	1.28
63	"G"	39	0.782608695652174	NA	-0.32
64	"M"	40	0.978260869565217	NA	1.02
65	"N"	41	0.964285714285714	NA	-0.32
66	"I"	42	0.857825567502987	NA	1.28
67	"D"	43	0.851720047449585	NA	-0.32
68	"I"	44	0.851063829787234	NA	1.28
69	"A"	45	0.851720047449585	NA	-0.05
70	"S"	46	0.961607142857143	NA	1.82
71	"I"	47	0.952846975088968	NA	1.02
72	"D"	48	0.946808510638298	NA	-0.05
73	"M"	49	0.942781690140845	NA	-0.32
74	"V"	50	0.832748538011696	NA	1.28
75	"S"	51	0.626760563380282	NA	0.48
76	"E"	52	0.633451957295374	NA	0.75
77	"V"	53	0.632978723404255	NA	0.22
78	"N"	54	0.629432624113475	NA	1.02
79	"M"	55	0.5	NA	1.82
80	"D"	56	0.416666666666667	NA	1.28
81	"Y"	57	0.249122807017544	NA	1.28
82	"T"	58	0.249122807017544	NA	0.75
83	"L"	59	0.310739436619718	NA	0.75
84	"T"	60	0.308566433566434	NA	1.55
85	"M"	61	0.31095406360424	NA	0.75
86	"Y"	62	0.313167259786477	NA	1.28
87	"F"	63	0.315412186379928	NA	1.02
88	"Q"	64	0.504659498207885	NA	0.48
89	"Q"	65	0.502857142857143	NA	0.48
90	"A"	66	0.501428571428571	NA	-0.32
91	"W"	67	0.505035971223022	NA	1.82
92	"R"	68	0.506859205776173	NA	0.22
93	"D"	69	0.506859205776173	NA	1.82
94	"K"	70	0.509090909090909	NA	-0.58
95	"R"	71	0.509090909090909	NA	1.82
96	"L"	72	0.504347826086957	NA	1.82
97	"S"	73	0.725194805194805	NA	-0.32
98	"Y"	74	0.725194805194805	NA	0.75
99	"N"	75	0.725194805194805	NA	-0.85
100	"V"	76	0.733193277310924	NA	-0.85
101	"I"	77	0.642592592592593	NA	-0.05
102	"P"	78	0.481158088235294	NA	0.22
103	"L"	79	0.482933579335793	NA	-0.32
104	"N"	80	0.427350427350427	NA	0.75
105	"L"	81	0.424242424242424	NA	1.02
106	"T"	82	0.479395604395604	NA	0.22
107	"L"	83	0.479014598540146	NA	0.75
108	"D"	84	0.483333333333333	NA	1.82
109	"N"	85	0.429274292742927	NA	-0.58
110	"R"	86	0.486111111111111	NA	0.48
111	"V"	87	0.551470588235294	NA	0.75
112	"A"	88	0.4875	NA	-0.58
113	"D"	89	0.488888888888889	NA	0.48
114	"Q"	90	0.492537313432836	NA	-0.32
115	"L"	91	0.440699126092385	NA	1.55
116	"W"	92	0.395505617977528	NA	1.82
117	"V"	93	0.391111111111111	NA	0.22
118	"P"	94	0.391111111111111	NA	1.82
119	"D"	95	0.288156288156288	NA	1.82
120	"T"	96	0.28921568627451	NA	0.48
121	"Y"	97	0.28921568627451	NA	1.28
122	"F"	98	0.291358024691358	NA	1.02
123	"L"	99	0.473262032085562	NA	0.75
124	"N"	100	0.474192474192474	NA	-0.05
125	"D"	101	0.474192474192474	NA	-0.05
126	"K"	102	0.435897435897436	NA	1.82
127	"K"	103	0.435897435897436	NA	-0.32
128	"S"	104	0.260583941605839	NA	1.02
129	"F"	105	0.2625	NA	-0.05
130	"V"	106	0.239057239057239	NA	0.22
131	"H"	107	0.219950433705081	NA	1.82
132	"G"	108	0.203031169573921	NA	-0.05
133	"V"	109	0.202459250786388	NA	0.48
134	"T"	110	0.203214695752009	NA	1.82
135	"V"	111	0.306828003457217	NA	0.48
136	"K"	112	0.306828003457217	NA	-0.32
137	"N"	113	0.309716599190283	NA	1.82
138	"R"	114	0.309716599190283	NA	-0.05
139	"M"	115	0.287593984962406	NA	1.02
140	"I"	116	0.310014513788099	NA	1.02
141	"R"	117	0.30654420206659	NA	0.22
142	"L"	118	0.304853817768947	NA	1.28
143	"H"	119	0.330258302583026	NA	-0.32
144	"P"	120	0.330258302583026	NA	-0.32
145	"D"	121	0.331481481481482	NA	1.02
146	"G"	122	0.362960459614735	NA	1.82
147	"T"	123	0.399626865671642	NA	-0.58
148	"V"	124	0.402247191011236	NA	1.28
149	"L"	125	0.366350067842605	NA	0.22
150	"Y"	126	0.335820895522388	NA	0.48
151	"G"	127	0.33364312267658	NA	1.02
152	"L"	128	0.333955223880597	NA	1.28
153	"R"	129	0.331180811808118	NA	1.82
154	"I"	130	0.131617647058824	NA	1.28
155	"T"	131	0.131617647058824	NA	1.28
156	"T"	132	0.119318181818182	NA	0.22
157	"T"	133	0.13125	NA	0.22
158	"A"	134	0.131734317343173	NA	0.75
159	"A"	135	0.130882352941176	NA	0.48
160	"C"	136	0.119423012411942	NA	1.82
161	"M"	137	0.119191919191919	NA	-0.85
162	"M"	138	0.131226765799257	NA	1.28
163	"D"	139	0.13	NA	1.82
164	"L"	140	0.163712686567164	NA	1.02
165	"R"	141	0.163712686567164	NA	-0.32
166	"R"	142	0	NA	-0.32
167	"Y"	143	0	NA	1.28
168	"P"	144	0	NA	1.82
169	"L"	145	0	NA	1.28
170	"D"	146	0	NA	1.82
171	"E"	147	0	NA	-0.58
172	"Q"	148	0	NA	1.82
173	"N"	149	0	NA	-0.32
174	"C"	150	0	NA	1.82
175	"T"	151	0	NA	-0.32
176	"L"	152	0	NA	1.28
177	"E"	153	0	NA	-0.05
178	"I"	154	0.138394622380388	NA	1.28
179	"E"	155	0.113231963765772	NA	1.82
180	"S"	156	0.311387900355872	NA	1.82
181	"Y"	157	0.342130987292278	NA	1.28
182	"G"	158	0.345849802371541	NA	1.55
183	"Y"	159	0.394477317554241	NA	1.82
184	"T"	160	0.394796380090498	NA	0.75
185	"T"	161	0.391914654688377	NA	-0.32
186	"D"	162	0.362877997914494	NA	0.22
187	"D"	163	0.392223161453931	NA	1.82
188	"I"	164	0.427350427350427	NA	1.28
189	"E"	165	0.424574209245742	NA	-0.32
190	"F"	166	0.444680399235507	NA	0.75
191	"Y"	167	0.475909090909091	NA	-0.32
192	"W"	168	0.509090909090909	NA	1.82
193	"R"	169	0.480383211678832	NA	-0.58
194	"G"	170	0.512408759124088	NA	-0.58
195	"D"	171	0.560897435897436	NA	-0.05
196	"D"	172	0.557253649635037	NA	-0.05
197	"N"	173	0.558850364963504	NA	-0.58
198	"A"	174	0.560447080291971	NA	-1.12
199	"V"	175	0.5625	NA	1.28
200	"T"	176	0.6	NA	0.22
201	"G"	177	0.600490196078431	NA	0.22
202	"V"	178	0.566176470588235	NA	-1.12
203	"T"	179	0.565705128205128	NA	0.75
204	"K"	180	0.564772727272727	NA	-0.58
205	"I"	181	0.564772727272727	NA	1.28
206	"E"	182	0.564772727272727	NA	-0.58
207	"L"	183	0.606837606837607	NA	1.55
208	"P"	184	0.611316113161132	NA	0.48
209	"Q"	185	0.56031746031746	NA	1.82
210	"F"	186	0.657992565055762	NA	1.28
211	"S"	187	0.528358208955224	NA	-0.58
212	"I"	188	0.530337078651685	NA	1.02
213	"V"	189	0.557644110275689	NA	-0.32
214	"D"	190	0.535338345864662	NA	-0.32
215	"Y"	191	0.53134328358209	NA	-0.05
216	"K"	192	0.53134328358209	NA	-0.58
217	"L"	193	0.590928006658344	NA	-0.58
218	"I"	194	0.59538784067086	NA	-0.32
219	"T"	195	0.570354457572503	NA	-1.12
220	"K"	196	0.5687432867884	NA	-0.58
221	"K"	197	0.526865671641791	NA	-0.32
222	"V"	198	0.524444444444445	NA	-0.32
223	"V"	199	0.524444444444445	NA	-0.85
224	"F"	200	0.651851851851852	NA	0.75
225	"S"	201	0.521033210332103	NA	-0.32
226	"T"	202	0.325645756457565	NA	0.75
227	"G"	203	0.328996282527881	NA	1.82
228	"S"	204	0.326851851851852	NA	-0.32
229	"Y"	205	0.326851851851852	NA	1.28
230	"P"	206	0.327137546468401	NA	0.22
231	"R"	207	0.325925925925926	NA	0.22
232	"L"	208	0.325925925925926	NA	1.28
233	"S"	209	0.327137546468401	NA	-0.58
234	"L"	210	0.260740740740741	NA	0.75
235	"S"	211	0.263670411985019	NA	-0.58
236	"F"	212	0.264179104477612	NA	1.82
237	"K"	213	0.265917602996255	NA	-0.58
238	"L"	214	0.264925373134328	NA	1.28
239	"K"	215	0.221598002496879	NA	0.48
240	"R"	216	0.189941144997325	NA	1.82
241	"N"	217	0.189406099518459	NA	-0.05
242	"I"	218	0.190655209452202	NA	-0.05
243	"G"	219	0.190655209452202	NA	-0.05
244	"Y"	220	0	NA	-0.05
245	"F"	221	0	NA	1.28
246	"I"	222	0	NA	1.02
247	"L"	223	0	NA	1.02
248	"Q"	224	0	NA	-0.05
249	"T"	225	0	NA	0.22
250	"Y"	226	0	NA	1.82
251	"M"	227	0	NA	0.22
252	"P"	228	0	NA	1.82
253	"S"	229	0	NA	0.75
254	"I"	230	0.108548585485855	NA	0.48
255	"L"	231	0.108548585485855	NA	1.02
256	"I"	232	0.100943665999428	NA	0.48
257	"T"	233	0.0942534908700322	NA	0.75
258	"I"	234	0.0949675324675325	NA	0.75
259	"L"	235	0.0946091644204852	NA	0.48
260	"S"	236	0.0952380952380952	NA	1.82
261	"W"	237	0.095508658008658	NA	1.82
262	"V"	238	0.0898218829516539	NA	1.28
263	"S"	239	0.0901660280970626	NA	1.82
264	"F"	240	0.0966064586754242	NA	1.82
265	"W"	241	0.103438228438228	NA	1.82
266	"I"	242	0.104227833235467	NA	1.28
267	"N"	243	0.104627173592691	NA	0.75
268	"Y"	244	0.0964149918522542	NA	-0.58
269	"D"	245	0.0963203463203463	NA	-0.32
270	"A"	246	0.103729603729604	NA	1.02
271	"S"	247	0.112155388471178	NA	0.48
272	"A"	248	0.113434727503169	NA	0.75
273	"A"	249	0.113867684478372	NA	1.82
274	"R"	250	0.208832992102954	NA	1.82
275	"V"	251	0.227099236641221	NA	0.75
276	"A"	252	0.226235741444867	NA	0.48
277	"L"	253	0.209630064591897	NA	1.55
278	"G"	254	0.31237203860778	NA	1.82
279	"I"	255	0.369166954718285	NA	1.28
280	"T"	256	0.338403041825095	NA	0.48
281	"T"	257	0.336501901140684	NA	1.28
282	"V"	258	0.33969465648855	NA	1.02
283	"L"	259	0.33745247148289	NA	1.82
284	"T"	260	0.368129968890425	NA	0.22
285	"M"	261	0.301102629346904	NA	1.28
286	"T"	262	0.301647655259823	NA	0.75
287	"T"	263	0.384905660377358	NA	1.28
288	"I"	264	0.449936628643853	NA	0.22
289	"N"	265	0.454198473282443	NA	-0.32
290	"T"	266	0.581749049429658	NA	0.22
291	"H"	267	0.581749049429658	NA	-0.32
292	"L"	268	0.576799140708915	NA	0.22
293	"R"	269	0.667910447761194	NA	-0.05
294	"E"	270	0.667910447761194	NA	-0.05
295	"T"	271	0.66542750929368	NA	-0.05
296	"L"	272	0.57036643653744	NA	1.28
297	"P"	273	0.495387453874539	NA	1.82
298	"K"	274	0.490909090909091	NA	0.48
299	"I"	275	0.56055900621118	NA	0.22
300	"P"	276	0.562597402597403	NA	0.75
301	"Y"	277	0.564650677789364	NA	0.48
302	"V"	278	0.561038961038961	NA	1.28
303	"K"	279	0.557922077922078	NA	1.82
304	"A"	280	0.488181818181818	NA	1.82
305	"I"	281	0.373305526590198	NA	1.28
306	"D"	282	0.377438060094887	NA	1.82
307	"M"	283	0.374672946101518	NA	1.02
308	"Y"	284	0.434676434676435	NA	1.55
309	"L"	285	0.260805860805861	NA	1.02
310	"M"	286	0.260805860805861	NA	0.22
311	"G"	287	0.323636363636364	NA	0.75
312	"C"	288	0.326007326007326	NA	0.75
313	"F"	289	0.25985401459854	NA	-0.05
314	"V"	290	0.258909090909091	NA	-0.05
315	"F"	291	0.260583941605839	NA	1.82
316	"V"	292	0.215757575757576	NA	1.02
317	"F"	293	0.184935064935065	NA	1.82
318	"M"	294	0.321557971014493	NA	0.22
319	"A"	295	0.428743961352657	NA	1.02
320	"L"	296	0.384782608695652	NA	1.28
321	"L"	297	0.349802371541502	NA	1.28
322	"E"	298	0.552795031055901	NA	1.82
323	"Y"	299	0.512635379061372	NA	1.82
324	"A"	300	0.512635379061372	NA	1.02
325	"L"	301	0.512635379061372	NA	0.22
326	"V"	302	0.482336956521739	NA	0.75
327	"N"	303	0.514492753623189	NA	0.22
328	"Y"	304	0.557299843014129	NA	0.48
329	"I"	305	0.556363636363636	NA	0.22
330	"F"	306	0.550359712230216	NA	-0.05
331	"F"	307	0.552795031055901	NA	-1.12
332	"G"	NA	0.54925219185147	NA	-1.12
333	"R"	NA	0.637992831541219	NA	-0.32
334	"G"	NA	0.680399235506477	NA	-0.32
335	"P"	NA	0.758738277919864	NA	-0.58
336	"Q"	NA	0.758738277919864	NA	-1.12
337	"R"	NA	0.814645308924485	NA	-0.85
338	"Q"	NA	0.814645308924485	NA	-0.85
339	"K"	NA	0.901301174230403	NA	-0.58
340	"K"	NA	0.860606060606061	NA	-0.32
341	"A"	NA	0.871480144404332	NA	-0.58
342	"A"	NA	0.863453237410072	NA	-0.85
343	"E"	NA	0.84652278177458	NA	-0.58
344	"K"	NA	0.892195767195767	NA	-0.85
345	"A"	NA	0.857269954245043	NA	-0.58
346	"A"	NA	0.848813730439172	NA	-0.32
347	"S"	NA	0.887826961770624	NA	-0.58
348	"A"	NA	0.920709441836202	NA	-1.12
349	"N"	NA	0.913461538461538	NA	-1.12
350	"N"	NA	0.916689317749388	NA	-1.12
351	"E"	NA	0.954042553191489	NA	-1.12
352	"K"	NA	0.983850931677019	NA	-1.12
353	"M"	NA	0.961973278520041	NA	-1.12
354	"R"	NA	0.991681054779469	NA	-1.12
355	"L"	NA	0.988855752629101	NA	-1.12
356	"D"	NA	0.938848920863309	NA	-1.12
357	"V"	NA	0.978962131837307	NA	-1.12
358	"N"	NA	0.990292712066906	NA	-1.12
359	"K"	NA	0.996702637889688	NA	-1.12
360	"I"	NA	0.975473801560758	NA	-1.12
361	"F"	NA	0.974729241877256	NA	-1.12
362	"Y"	NA	0.974729241877256	NA	-1.12
363	"K"	NA	0.985559566787004	NA	-1.12
364	"D"	NA	0.969275362318841	NA	-1.12
365	"I"	NA	0.962727272727273	NA	-1.12
366	"K"	NA	0.906666666666667	NA	-1.12
367	"Q"	NA	0.889387984278495	NA	-1.12
368	"N"	NA	0.862745098039216	NA	-1.12
369	"G"	NA	0.862745098039216	NA	-1.12
370	"T"	NA	0.787723785166241	NA	-1.12
371	"Q"	NA	0.824915824915825	NA	-1.12
372	"Y"	NA	0.844697577410557	NA	-1.12
373	"R"	NA	0.843989769820972	NA	-1.12
374	"S"	NA	0.892193308550186	NA	-1.12
375	"L"	NA	0.913692407527579	NA	-1.12
376	"W"	NA	0.905123646355261	NA	-1.12
377	"D"	NA	0.92852684144819	NA	-1.12
378	"P"	NA	0.91820987654321	NA	-1.12
379	"T"	NA	0.91820987654321	NA	-1.12
380	"G"	NA	0.869888475836431	NA	-1.12
381	"N"	NA	0.85	NA	-1.12
382	"L"	NA	0.836431226765799	NA	-1.12
383	"S"	NA	0.835002635740643	NA	-1.12
384	"P"	NA	0.837374802319452	NA	-1.12
385	"T"	NA	0.805970149253731	NA	-1.12
386	"R"	NA	0.781954887218045	NA	-1.12
387	"R"	NA	0.830073519212096	NA	-1.12
388	"T"	NA	0.835561125034809	NA	-1.12
389	"T"	NA	0.792368125701459	NA	-1.12
390	"N"	NA	0.759029649595687	NA	-1.12
391	"Y"	NA	0.763447079236553	NA	-1.12
392	"D"	NA	0.763447079236553	NA	-1.12
393	"F"	NA	0.782752902155887	NA	-1.12
394	"S"	NA	0.725707257072571	NA	-1.12
395	"L"	NA	0.732116788321168	NA	-1.12
396	"Y"	NA	0.752295738168119	NA	-1.12
397	"T"	NA	0.784615384615385	NA	-1.12
398	"M"	NA	0.799815498154982	NA	-1.12
399	"D"	NA	0.794642857142857	NA	-1.12
400	"P"	NA	0.81237322515213	NA	-1.12
401	"H"	NA	0.804733727810651	NA	-1.12
402	"E"	NA	0.820356853203569	NA	-1.12
403	"N"	NA	0.802479571710341	NA	-1.12
404	"I"	NA	0.772758106091439	NA	-1.12
405	"L"	NA	0.699185924369748	NA	-0.85
406	"L"	NA	0.647810218978102	NA	-0.85
407	"S"	NA	0.675620437956204	NA	-0.58
408	"T"	NA	0.645454545454546	NA	-0.32
409	"L"	NA	0.612933605399466	NA	-0.85
410	"E"	NA	0.612933605399466	NA	-0.05
411	"I"	NA	0.666249609008446	NA	-0.32
412	"K"	NA	0.72173285198556	NA	-0.85
413	"N"	NA	0.733754940711462	NA	-0.32
414	"E"	NA	0.734989648033126	NA	-0.32
415	"M"	NA	0.673517786561265	NA	-0.58
416	"A"	NA	0.727000630119723	NA	-1.12
417	"T"	NA	0.73109640831758	NA	-1.12
418	"S"	NA	0.725836721926806	NA	-1.12
419	"E"	NA	0.73109640831758	NA	-1.12
420	"A"	NA	0.755151515151515	NA	-1.12
421	"V"	NA	0.750909090909091	NA	-1.12
422	"M"	NA	0.780882352941176	NA	-1.12
423	"G"	NA	0.780882352941176	NA	-1.12
424	"L"	NA	0.786666666666667	NA	-0.85
425	"G"	NA	0.822490706319703	NA	-0.32
426	"D"	NA	0.836700336700337	NA	-0.58
427	"P"	NA	0.833612881583361	NA	-0.05
428	"R"	NA	0.836700336700337	NA	-0.58
429	"S"	NA	0.870098039215686	NA	-1.12
430	"T"	NA	0.881021897810219	NA	-1.12
431	"M"	NA	0.863030303030303	NA	0.48
432	"L"	NA	0.883503649635037	NA	-1.12
433	"A"	NA	0.875768757687577	NA	-0.85
434	"Y"	NA	0.856730306433499	NA	-0.58
435	"D"	NA	0.936574074074074	NA	-0.32
436	"A"	NA	1.03708133971292	NA	-0.32
437	"S"	NA	1.04347826086957	NA	-0.32
438	"S"	NA	1.06053459119497	NA	0.22
439	"I"	NA	1.05259051186017	NA	-0.85
440	"Q"	NA	1.05952380952381	NA	-0.58
441	"Y"	NA	1.01714285714286	NA	-0.58
442	"R"	NA	1.02740892066735	NA	-0.58
443	"K"	NA	0.987366694011485	NA	-1.12
444	"A"	NA	0.954606741573034	NA	-1.12
445	"G"	NA	0.92606361007848	NA	-1.12
446	"L"	NA	0.925240054869685	NA	-1.12
447	"P"	NA	0.920484010371651	NA	-1.12
448	"R"	NA	0.953731343283582	NA	-1.12
449	"H"	NA	0.93827736318408	NA	-1.12
450	"S"	NA	0.907518796992481	NA	-1.12
451	"F"	NA	0.945332080200501	NA	-1.12
452	"G"	NA	0.956115335868188	NA	-1.12
453	"R"	NA	0.929286300246103	NA	-1.12
454	"N"	NA	0.932806324110672	NA	-1.12
455	"A"	NA	0.893081761006289	NA	-1.12
456	"L"	NA	0.914393939393939	NA	-1.12
457	"E"	NA	0.896464646464646	NA	-1.12
458	"R"	NA	0.837264150943396	NA	-0.58
459	"H"	NA	0.809885931558935	NA	-0.58
460	"V"	NA	0.760046113306983	NA	-0.85
461	"A"	NA	0.73625993778085	NA	-0.32
462	"Q"	NA	0.767234253595636	NA	-0.85
463	"K"	NA	0.700228832951945	NA	-0.85
464	"K"	NA	0.704840032813782	NA	-0.85
465	"S"	NA	0.699560332193454	NA	-0.85
466	"R"	NA	0.63848760477974	NA	-0.58
467	"L"	NA	0.608887381275441	NA	-0.32
468	"R"	NA	0.604377104377104	NA	-0.32
469	"R"	NA	0.57409381663113	NA	-0.32
470	"R"	NA	0.573033707865169	NA	-0.85
471	"A"	NA	0.577358490566038	NA	-0.58
472	"S"	NA	0.64638783269962	NA	-1.12
473	"Q"	NA	0.643939393939394	NA	-1.12
474	"L"	NA	0.593698175787728	NA	-1.12
475	"K"	NA	0.584421641791045	NA	-1.12
476	"I"	NA	0.534328358208955	NA	-1.12
477	"T"	NA	0.57036643653744	NA	-1.12
478	"I"	NA	0.535820895522388	NA	-1.12
479	"P"	NA	0.529411764705882	NA	-0.85
480	"D"	NA	0.533333333333333	NA	-1.12
481	"L"	NA	0.567226890756303	NA	-1.12
482	"T"	NA	0.505334081976418	NA	-1.12
483	"D"	NA	0.656363636363636	NA	-1.12
484	"V"	NA	0.61430303030303	NA	-1.12
485	"N"	NA	0.618248175182482	NA	-1.12
486	"A"	NA	0.612556561085973	NA	-1.12
487	"I"	NA	0.547924297924298	NA	-0.58
488	"D"	NA	0.50393037619315	NA	-0.05
489	"R"	NA	0.523076923076923	NA	-1.12
490	"W"	NA	0.608547008547009	NA	-0.85
491	"S"	NA	0.57051282051282	NA	-0.58
492	"R"	NA	0.566363636363636	NA	-0.32
493	"I"	NA	0.515985130111524	NA	-0.85
494	"F"	NA	0.517557251908397	NA	-0.85
495	"F"	NA	0.481517509727626	NA	-0.58
496	"P"	NA	0.483	NA	-0.58
497	"V"	NA	0.500914494741655	NA	-0.85
498	"V"	NA	0.528170761975676	NA	-1.12
499	"F"	NA	0.480978260869565	NA	-0.58
500	"S"	NA	0.478794642857143	NA	-1.12
501	"F"	NA	0.480902777777778	NA	-0.85
502	"F"	NA	0.480357142857143	NA	-0.85
503	"N"	NA	0.42483660130719	NA	-0.58
504	"I"	NA	0.42687074829932	NA	-0.85
505	"V"	NA	0.424561403508772	NA	-0.85
506	"Y"	NA	0.426739926739927	NA	-0.32
507	"W"	NA	0.454545454545455	NA	-0.32
508	"L"	NA	0.454353338968724	NA	-1.12
509	"Y"	NA	0.492116579073101	NA	-1.12
510	"Y"	NA	0.485700197238659	NA	-0.58
511	"V"	NA	0.490449148167269	NA	-1.12
512	"N"	NA	0.486820871436256	NA	-1.12
